Id,Label,modularity_class,indegree,outdegree,Degree,weighted indegree,weighted outdegree,Weighted Degree,Eccentricity,closnesscentrality,harmonicclosnesscentrality,betweenesscentrality,clustering,eigencentrality
0,,16,577,256,833,577,256,833,7,0.335777,0.362346,15491745.313262,0.014676,0.308305
1,,16,4,11,15,4,11,15,8,0.252292,0.262687,52127.178917,0.190909,0.006462
379,,16,10,5,15,10,5,15,8,0.25968,0.271019,48394.650165,0.166667,0.008542
41,,7,1646,384,2030,1646,384,2030,7,0.354032,0.384665,56497535.80538,0.008165,0.883302
810,,41,165,0,165,165,0,165,0,0,0,0,0.031966,0.130024
852,,16,6,6,12,6,6,12,8,0.258149,0.269241,8489.935196,0.088889,0.006358
386,,16,2,3,5,2,3,5,8,0.25374,0.264384,7326.846274,0.083333,0.005309
1430,,16,2,1,3,2,1,3,9,0.215791,0.221919,4232.709363,0,0.005765
1264,,16,109,52,161,109,52,161,8,0.284626,0.299941,1093540.467603,0.018849,0.036423
2232,,16,17,1,18,17,1,18,8,0.251375,0.261439,18899.04108,0.080882,0.013358
11,,14,283,301,584,283,301,584,7,0.344338,0.373302,11860001.585438,0.018531,0.151933
2880,,16,4,1,5,4,1,5,8,0.251375,0.261439,0,0.666667,0.006364
747,,16,231,121,352,231,121,352,7,0.326444,0.348992,5935005.881231,0.035995,0.185059
1001,,16,33,3,36,33,3,36,8,0.243746,0.252027,76899.484673,0.097619,0.036949
809,,7,249,0,249,249,0,249,0,0,0,0,0.05561,0.247626
59,,7,2161,363,2524,2161,363,2524,7,0.356384,0.386029,67315506.893755,0.006503,1
691,,16,75,57,132,75,57,132,8,0.296781,0.315474,1037288.404903,0.079605,0.076607
3453,,16,36,43,79,36,43,79,8,0.283464,0.299486,398079.701758,0.047368,0.023435
3498,,16,1,1,2,1,1,2,8,0.251375,0.261439,0,0,0.005077
3682,,16,4,3,7,4,3,7,8,0.245073,0.255515,7404.256163,0.166667,0.007501
2980,,16,2,1,3,2,1,3,8,0.251375,0.261439,0,1,0.005376
1106,,7,152,23,175,152,23,175,8,0.278957,0.293013,895728.145146,0.053769,0.161047
224,,16,584,226,810,584,226,810,7,0.323493,0.349323,15760079.78942,0.021806,0.428874
28,,16,256,141,397,256,141,397,7,0.327403,0.351489,6135724.182606,0.033855,0.197654
286,,7,24,18,42,24,18,42,8,0.267879,0.280066,281000.189785,0.065854,0.029733
2279,,41,5,1,6,5,1,6,10,0.170239,0.173367,7441.289922,0,0.00923
2108,,7,72,0,72,72,0,72,0,0,0,0,0.118349,0.08717
90,,16,50,39,89,50,39,89,8,0.277273,0.291384,684338.698604,0.033467,0.029186
122,,7,454,1350,1804,454,1350,1804,6,0.415512,0.46228,63225312.470753,0.011332,0.30689
160,,7,392,0,392,392,0,392,0,0,0,0,0.031669,0.309925
336,,16,56,1,57,56,1,57,10,0.181312,0.184843,308841.997932,0.080201,0.070286
1461,,7,93,36,129,93,36,129,7,0.284115,0.299778,935324.818096,0.080112,0.10044
6612,,16,2,0,2,2,0,2,0,0,0,0,1,0.005945
325,,16,285,103,388,285,103,388,7,0.306343,0.327059,4241331.379063,0.027618,0.177494
6822,,16,1,1,2,1,1,2,8,0.251375,0.261439,0,0,0.005077
6474,,16,3,2,5,3,2,5,8,0.252143,0.262299,33.878177,0.5,0.005472
3439,,7,29,0,29,29,0,29,0,0,0,0,0.080049,0.025298
393,,16,42,13,55,42,13,55,8,0.285719,0.299861,138956.556492,0.167755,0.051155
263,,16,230,101,331,230,101,331,7,0.302776,0.322763,4205511.394171,0.032727,0.17033
1385,,7,101,38,139,101,38,139,8,0.285914,0.301362,968810.177826,0.050616,0.108086
385,,16,30,36,66,30,36,66,8,0.292007,0.308636,800641.95954,0.071303,0.024903
3046,,7,101,189,290,101,189,290,7,0.330536,0.355159,3741390.103815,0.060392,0.148573
7891,,16,1,1,2,1,1,2,8,0.251375,0.261439,0,0,0.005077
6417,,16,2,2,4,2,2,4,8,0.251671,0.261774,15.681877,0.666667,0.005314
657,,7,99,171,270,99,171,270,7,0.340348,0.365417,4278419.524602,0.075962,0.102997
765,,16,168,97,265,168,97,265,8,0.303689,0.323552,3006749.275716,0.042497,0.131478
195,,1,198,77,275,198,77,275,7,0.312719,0.33246,3944191.0757,0.048263,0.158433
55,,7,757,40,797,757,40,797,8,0.292248,0.308426,4568813.43635,0.01862,0.468273
6416,,16,3,3,6,3,3,6,8,0.251392,0.261514,25796.686993,0.25,0.005448
3,,1,293,110,403,293,110,403,7,0.296893,0.315278,6004690.2766,0.02415,0.18796
205,,16,73,55,128,73,55,128,7,0.313229,0.332214,1509964.606249,0.057662,0.052483
9101,,1,6,0,6,6,0,6,0,0,0,0,0.166667,0.007088
3316,,7,129,14,143,129,14,143,8,0.273725,0.286288,524143.553246,0.066625,0.144237
9411,,16,10,6,16,10,6,16,8,0.258407,0.269657,23639.028627,0.066667,0.012762
683,,16,92,54,146,92,54,146,8,0.289399,0.306342,1525299.825954,0.051599,0.087325
9514,,16,1,2,3,1,2,3,8,0.251873,0.262016,0,1,0.005077
8836,,16,1,1,2,1,1,2,8,0.251375,0.261439,0,0,0.005077
9818,,16,1,0,1,1,0,1,0,0,0,0,0,0.005077
182,,16,99,69,168,99,69,168,8,0.310015,0.330514,1446106.71059,0.063228,0.081509
10030,,16,1,0,1,1,0,1,0,0,0,0,0,0.005077
166,,7,879,3,882,879,3,882,9,0.218247,0.224008,2487609.941393,0.017527,0.586556
2931,,16,27,0,27,27,0,27,0,0,0,0,0.07265,0.022256
362,,16,478,63,541,478,63,541,7,0.315528,0.334601,5445615.448042,0.027844,0.35469
190,,7,661,6,667,661,6,667,8,0.264544,0.276416,1298521.24278,0.025095,0.462987
3229,,16,10,20,30,10,20,30,8,0.275774,0.290147,49155.266202,0.173846,0.009527
1243,,7,19,12,31,19,12,31,8,0.272497,0.285055,132227.082107,0.094017,0.018082
5169,,16,2,1,3,2,1,3,8,0.23322,0.240588,1024.897049,0.5,0.005509
2901,,2,9,5,14,9,5,14,8,0.228913,0.236616,167090.346478,0.081818,0.007314
136,,7,9,8,17,9,8,17,8,0.265088,0.276546,61106.673565,0.142857,0.009348
2284,,1,2,3,5,2,3,5,8,0.230926,0.239034,45680.020175,0.1,0.005245
317,,2,190,117,307,190,117,307,7,0.308684,0.328341,6241859.718708,0.026731,0.141504
15,,7,234,5,239,234,5,239,9,0.216982,0.223544,664956.132268,0.039765,0.197037
6205,,16,70,49,119,70,49,119,8,0.292475,0.31092,1131136.509518,0.068081,0.075275
700,,16,6,7,13,6,7,13,8,0.278549,0.293382,42166.213741,0.344444,0.011377
882,,7,11,37,48,11,37,48,7,0.308527,0.326756,152978.984789,0.158537,0.01992
973,,16,34,40,74,34,40,74,8,0.291903,0.30923,488887.867895,0.10113,0.034894
4628,,16,22,18,40,22,18,40,8,0.259594,0.272016,192759.087066,0.113191,0.028689
11926,,16,1,0,1,1,0,1,0,0,0,0,0,0.005077
797,,7,101,73,174,101,73,174,7,0.290278,0.307794,2045229.278988,0.038255,0.088998
6,,1,276,75,351,276,75,351,8,0.286331,0.303478,3049814.048385,0.042076,0.217815
5694,,41,3,1,4,3,1,4,9,0.211369,0.217147,22795.171101,0,0.005413
209,,25,155,83,238,155,83,238,7,0.305731,0.324789,3424513.87574,0.037034,0.125681
992,,16,10,9,19,10,9,19,8,0.262069,0.273974,110254.357698,0.186813,0.009722
7681,,16,8,53,61,8,53,61,7,0.31261,0.331852,119669.427871,0.154221,0.013848
369,,16,241,312,553,241,312,553,7,0.329402,0.357609,8772365.411872,0.022921,0.176116
12407,,16,21,11,32,21,11,32,8,0.258163,0.270293,35964.746981,0.166667,0.020876
963,,7,32,27,59,32,27,59,8,0.296491,0.31304,355532.773944,0.155219,0.054297
6542,,16,2,1,3,2,1,3,8,0.251375,0.261439,18826,0,0.005245
440,,7,236,117,353,236,117,353,8,0.29901,0.319033,3842237.53898,0.03689,0.196749
4040,,16,2,8,10,2,8,10,8,0.252126,0.263527,33827.987478,0.188889,0.005358
4236,,16,13,7,20,13,7,20,8,0.250299,0.259409,143165.10503,0.075163,0.017198
1655,,16,39,30,69,39,30,69,8,0.289204,0.305041,310205.548098,0.082496,0.035239
13351,,16,1,0,1,1,0,1,0,0,0,0,0,0.005077
34,,16,374,160,534,374,160,534,7,0.309801,0.333148,7743439.614745,0.027556,0.282559
10126,,16,1,2,3,1,2,3,8,0.251379,0.261466,0,1,0.005077
2736,,16,17,17,34,17,17,34,8,0.276029,0.290294,78625.733661,0.205665,0.032102
857,,16,36,37,73,36,37,73,8,0.285654,0.301038,322777.831274,0.091587,0.050218
157,,7,442,48,490,442,48,490,8,0.291293,0.308081,2816788.427036,0.035456,0.382816
602,,16,51,22,73,51,22,73,8,0.278314,0.29237,524326.330407,0.069444,0.041527
4785,,41,10,7,17,10,7,17,9,0.237468,0.246333,158562.27202,0.070833,0.009395
3642,,16,1,2,3,1,2,3,8,0.251379,0.261466,0,1,0.005077
14056,,16,1,0,1,1,0,1,0,0,0,0,0,0.005077
10629,,16,16,8,24,16,8,24,8,0.275415,0.287547,133893.820381,0.064935,0.011077
10840,,16,7,8,15,7,8,15,8,0.265166,0.276501,3852.667256,0.157143,0.008362
1181,,7,215,58,273,215,58,273,8,0.303547,0.322083,1765008.285481,0.062513,0.18829
4133,,16,10,8,18,10,8,18,8,0.262387,0.274995,2275.516517,0.384615,0.012253
451,,41,296,140,436,296,140,436,8,0.306722,0.327535,7330189.463893,0.015966,0.160034
4961,,16,1,2,3,1,2,3,8,0.251379,0.261466,0,1,0.005077
156,,7,457,209,666,457,209,666,7,0.336029,0.362217,10387910.396817,0.034315,0.38359
69,,65,211,78,289,211,78,289,7,0.310327,0.329033,6750647.885847,0.016891,0.146708
1767,,16,1,2,3,1,2,3,8,0.252082,0.262234,26130.112172,0,0.005077
14970,,16,1,2,3,1,2,3,8,0.267955,0.279933,0,1,0.005077
14532,,7,2,5,7,2,5,7,8,0.256705,0.267444,3599.340119,0.033333,0.005693
15429,,16,1,2,3,1,2,3,8,0.251379,0.261466,0,1,0.005077
15723,,16,1,0,1,1,0,1,0,0,0,0,0,0.005077
1896,,7,71,15,86,71,15,86,8,0.286423,0.299931,273574.600627,0.129231,0.069588
15799,,16,1,0,1,1,0,1,0,0,0,0,0,0.005077
16009,,16,2,0,2,2,0,2,0,0,0,0,1,0.006624
861,,32,177,0,177,177,0,177,0,0,0,0,0.019453,0.082757
3684,,16,49,39,88,49,39,88,8,0.274443,0.289196,168767.779094,0.1237,0.054934
916,,16,152,99,251,152,99,251,7,0.30592,0.324757,2567960.54923,0.037423,0.117667
42,,7,816,0,816,816,0,816,0,0,0,0,0.01882,0.54545
15195,,7,4,0,4,4,0,4,0,0,0,0,0.333333,0.011589
16632,,7,7,6,13,7,6,13,8,0.272367,0.285021,12319.568562,0.262821,0.00779
74,,7,282,59,341,282,59,341,8,0.304214,0.322574,2497056.474787,0.048747,0.270083
164,,16,288,93,381,288,93,381,7,0.313992,0.333718,5038983.169061,0.032856,0.222071
3803,,16,2,1,3,2,1,3,8,0.251375,0.261439,0,1,0.005922
4103,,16,6,4,10,6,4,10,8,0.252956,0.263183,36446.746927,0.111111,0.006142
57,,41,717,426,1143,717,426,1143,7,0.346863,0.377665,21792424.157276,0.008856,0.31478
15184,,16,3,7,10,3,7,10,8,0.25968,0.271522,383.390306,0.517857,0.005624
142,,7,169,57,226,169,57,226,8,0.292747,0.310695,1642507.85977,0.049605,0.191082
16815,,16,13,27,40,13,27,40,7,0.310763,0.328256,97609.453544,0.174925,0.018704
1822,,7,33,44,77,33,44,77,7,0.310881,0.328924,447430.433658,0.132192,0.060217
16918,,16,2,2,4,2,2,4,8,0.251385,0.261483,0,1,0.005328
372,,16,151,106,257,151,106,257,8,0.301592,0.320993,1948309.779795,0.049449,0.141817
18109,,16,1,0,1,1,0,1,0,0,0,0,0,0.005077
6983,,16,1,1,2,1,1,2,8,0.251375,0.261439,0,0,0.005077
315,,7,154,0,154,154,0,154,0,0,0,0,0.060267,0.148041
535,,7,30,20,50,30,20,50,8,0.279874,0.294054,208481.407674,0.074468,0.021064
18810,,16,1,0,1,1,0,1,0,0,0,0,0,0.005077
1711,,1,20,17,37,20,17,37,7,0.273201,0.285888,304827.671853,0.047379,0.028425
19199,,16,2,0,2,2,0,2,0,0,0,0,1,0.005479
19333,,16,1,2,3,1,2,3,8,0.252143,0.262299,0,1,0.005077
19402,,16,1,0,1,1,0,1,0,0,0,0,0,0.005077
20088,,16,2,2,4,2,2,4,8,0.251604,0.261733,0,1,0.005945
97,,7,581,10,591,581,10,591,8,0.261989,0.272942,1353442.6029,0.030144,0.432495
18346,,16,6,5,11,6,5,11,8,0.252167,0.262414,51290.310103,0.375,0.00706
11754,,16,1,2,3,1,2,3,8,0.25156,0.26169,6.896361,0,0.005077
17173,,16,3,3,6,3,3,6,8,0.264002,0.27572,32107.650857,0.416667,0.005548
1089,,7,42,31,73,42,31,73,8,0.293112,0.308618,309550.23402,0.093849,0.040505
16861,,16,6,4,10,6,4,10,8,0.25216,0.262378,28132.075429,0.309524,0.009119
10046,,16,4,7,11,4,7,11,8,0.251644,0.261928,9983.21878,0.236111,0.005786
418,,1,152,89,241,152,89,241,7,0.29222,0.309516,2844813.003167,0.042517,0.142806
87,,7,229,169,398,229,169,398,7,0.342303,0.367116,9873160.226734,0.049994,0.217964
323,,1,156,88,244,156,88,244,7,0.300126,0.31875,3264186.680153,0.037204,0.116991
21393,,16,1,1,2,1,1,2,8,0.251375,0.261439,0,0,0.005077
158,,7,442,9,451,442,9,451,8,0.264622,0.276451,997795.588868,0.031506,0.346723
2382,,16,34,32,66,34,32,66,8,0.288115,0.303099,401800.350786,0.048485,0.024064
21922,,16,3,0,3,3,0,3,0,0,0,0,1,0.006196
19096,,16,3,5,8,3,5,8,8,0.25219,0.262439,6282.590033,0.366667,0.006113
14919,,16,1,3,4,1,3,4,8,0.255906,0.266966,377.741408,0.5,0.005077
22587,,16,1,0,1,1,0,1,0,0,0,0,0,0.005077
22707,,1,1,2,3,1,2,3,8,0.251479,0.261622,5612.79128,0,0.005077
2599,,7,11,18,29,11,18,29,8,0.272651,0.285501,102979.037593,0.136667,0.011621
17013,,7,70,41,111,70,41,111,8,0.299044,0.316218,658979.802841,0.110603,0.090716
821,,16,12,15,27,12,15,27,8,0.270995,0.283953,345138.702968,0.054348,0.012212
21265,,16,24,8,32,24,8,32,8,0.261818,0.273829,162470.457944,0.076355,0.022606
2418,,36,16,6,22,16,6,22,8,0.229513,0.236709,162842.364796,0.022876,0.011674
4146,,41,11,0,11,11,0,11,0,0,0,0,0.154545,0.021562
23328,,16,1,0,1,1,0,1,0,0,0,0,0,0.005077
23381,,16,1,0,1,1,0,1,0,0,0,0,0,0.005077
16892,,16,8,9,17,8,9,17,8,0.25219,0.262538,32641.347288,0.164835,0.00771
23686,,16,1,1,2,1,1,2,8,0.251375,0.261439,0,0,0.005077
16678,,16,10,9,19,10,9,19,8,0.252522,0.262926,26103.194054,0.261905,0.007337
24213,,16,1,2,3,1,2,3,8,0.252143,0.262299,0,1,0.005077
19809,,16,7,6,13,7,6,13,8,0.252248,0.262512,27763.356177,0.255556,0.0071
22696,,16,4,5,9,4,5,9,8,0.25216,0.262396,1517.478489,0.285714,0.006393
1649,,7,59,9,68,59,9,68,8,0.272083,0.285023,193049.8063,0.146875,0.100764
17953,,16,5,4,9,5,4,9,8,0.252167,0.262392,14565.550599,0.392857,0.006048
23080,,16,4,4,8,4,4,8,8,0.25216,0.262374,16465.65651,0.214286,0.005964
14654,,16,73,40,113,73,40,113,8,0.292693,0.308871,671688.692736,0.084502,0.071338
24836,,16,3,3,6,3,3,6,8,0.25215,0.262334,24858.091214,0.3,0.005513
20029,,16,8,9,17,8,9,17,8,0.2522,0.262573,99553.928031,0.126374,0.007169
20296,,16,5,5,10,5,5,10,8,0.251496,0.261692,11193.131067,0.339286,0.006047
25689,,16,3,2,5,3,2,5,8,0.241604,0.249908,24022.314969,0.15,0.006216
20215,,16,1,3,4,1,3,4,8,0.252146,0.262325,0,0.666667,0.005077
225,,7,592,507,1099,592,507,1099,7,0.373962,0.407184,36925284.259688,0.018248,0.393312
22203,,16,2,5,7,2,5,7,8,0.252167,0.262409,19.302702,0.65,0.005335
25785,,16,1,1,2,1,1,2,8,0.251375,0.261439,0,0,0.005077
25927,,16,7,8,15,7,8,15,8,0.251439,0.261718,56968.165382,0.303571,0.006405
16641,,16,2,1,3,2,1,3,8,0.251375,0.261439,0,1,0.005415
26144,,16,1,2,3,1,2,3,8,0.252143,0.262299,0,1,0.005077
26107,,16,4,4,8,4,4,8,8,0.252156,0.262369,51981.878177,0.3,0.006383
7155,,16,1,1,2,1,1,2,8,0.221261,0.228204,0,0.5,0.005077
26330,,16,1,2,3,1,2,3,9,0.221691,0.228495,0,0.833333,0.005077
25168,,16,1,4,5,1,4,5,8,0.25243,0.262656,12986.5,0.416667,0.005077
1528,,7,127,7,134,127,7,134,8,0.232279,0.239808,408387.109102,0.061715,0.136213
4346,,41,7,31,38,7,31,38,8,0.281599,0.296413,212404.329608,0.064171,0.007152
1067,,16,134,70,204,134,70,204,7,0.31489,0.334015,2982621.775627,0.04478,0.103142
20968,,16,5,2,7,5,2,7,9,0.219415,0.225675,20343.305603,0.309524,0.007134
4360,,16,15,21,36,15,21,36,8,0.275419,0.289084,91131.990713,0.141129,0.013071
19619,,16,4,3,7,4,3,7,8,0.25215,0.262334,13161.372875,0.35,0.006371
16327,,16,4,3,7,4,3,7,8,0.255514,0.266465,224.359081,0.466667,0.006417
27325,,16,1,0,1,1,0,1,0,0,0,0,0,0.005077
751,,7,116,110,226,116,110,226,7,0.309333,0.328708,2919280.493464,0.037803,0.118623
6449,,16,28,24,52,28,24,52,8,0.288534,0.303782,268401.157376,0.099734,0.029019
1173,,16,46,27,73,46,27,73,8,0.290448,0.30541,390392.700576,0.106832,0.057437
15337,,16,12,9,21,12,9,21,8,0.280499,0.293176,132911.510709,0.115789,0.023676
28334,,16,1,0,1,1,0,1,0,0,0,0,0,0.005077
26598,,16,3,3,6,3,3,6,8,0.25215,0.262334,3560.48508,0.55,0.005692
25899,,16,2,3,5,2,3,5,8,0.25216,0.262356,8735.052751,0.666667,0.005945
11288,,16,198,135,333,198,135,333,7,0.312579,0.335508,4395106.961506,0.039582,0.159269
27858,,16,3,3,6,3,3,6,8,0.252153,0.262343,25974,0.666667,0.006118
23550,,16,3,3,6,3,3,6,8,0.252153,0.262338,43.831324,0.5,0.006118
6609,,16,11,9,20,11,9,20,8,0.278433,0.291467,146727.30749,0.099415,0.012184
24984,,16,6,7,13,6,7,13,8,0.257876,0.268606,13236.648631,0.204545,0.006203
26968,,16,4,4,8,4,4,8,8,0.251483,0.261644,33899.979435,0.357143,0.005868
30071,,16,7,0,7,7,0,7,0,0,0,0,0.309524,0.00886
30082,,16,2,0,2,2,0,2,0,0,0,0,1,0.005945
395,,7,282,16,298,282,16,298,7,0.30416,0.320303,2089939.583591,0.052444,0.290801
14165,,16,31,17,48,31,17,48,8,0.2806,0.294184,288729.576644,0.141536,0.051443
30420,,16,2,0,2,2,0,2,0,0,0,0,1,0.005332
3142,,7,40,92,132,40,92,132,7,0.308886,0.329732,704465.649905,0.093762,0.038874
30604,,16,1,0,1,1,0,1,0,0,0,0,0,0.005077
145,,7,166,328,494,166,328,494,7,0.356844,0.385308,7663225.730216,0.045497,0.182253
7,,1,178,88,266,178,88,266,7,0.299896,0.318872,4520059.983963,0.022354,0.11016
16183,,16,1,1,2,1,1,2,8,0.251375,0.261439,0,0,0.005077
21004,,16,6,5,11,6,5,11,8,0.252386,0.26267,54966.662465,0.25,0.006719
11296,,16,33,13,46,33,13,46,8,0.259805,0.271852,273695.198072,0.074332,0.039322
120,,7,121,41,162,121,41,162,8,0.29506,0.311871,753186.144676,0.085979,0.149665
30894,,16,2,2,4,2,2,4,8,0.251456,0.261542,1.4584,0.666667,0.005328
26629,,16,1,6,7,1,6,7,8,0.25217,0.262436,22877.734332,0.333333,0.005077
27241,,16,1,2,3,1,2,3,8,0.252143,0.262299,0,1,0.005077
26027,,16,1,2,3,1,2,3,8,0.253395,0.263931,0,1,0.005077
32862,,16,1,0,1,1,0,1,0,0,0,0,0,0.005077
26867,,16,15,13,28,15,13,28,8,0.251937,0.262893,166847.628879,0.112648,0.015821
16470,,16,3,4,7,3,4,7,8,0.251426,0.261589,4959.055742,0.5,0.008367
25647,,16,1,2,3,1,2,3,8,0.251389,0.261488,14484.922772,0.5,0.005077
2549,,16,36,37,73,36,37,73,8,0.276938,0.292712,482280.226346,0.070673,0.035753
25804,,16,1,1,2,1,1,2,8,0.251375,0.261439,0,0,0.005077
13244,,16,7,9,16,7,9,16,8,0.266518,0.279232,37504.304661,0.269231,0.010755
27257,,16,3,1,4,3,1,4,8,0.251375,0.261439,0,0.666667,0.006195
24833,,16,24,6,30,24,6,30,8,0.252617,0.262913,60100.635148,0.093846,0.009669
33887,,16,2,0,2,2,0,2,0,0,0,0,1,0.005945
33401,,16,3,2,5,3,2,5,8,0.251379,0.261466,463.841258,0.25,0.005428
32833,,16,3,1,4,3,1,4,8,0.251375,0.261439,0,1,0.006196
21269,,41,3,1,4,3,1,4,9,0.21976,0.22636,1394.853528,0.333333,0.010785
7259,,16,55,30,85,55,30,85,7,0.29345,0.309064,472372.101001,0.124685,0.065111
34511,,16,1,0,1,1,0,1,0,0,0,0,0,0.005077
408,,16,88,55,143,88,55,143,7,0.293702,0.312025,1490091.11043,0.05668,0.059761
25742,,16,2,3,5,2,3,5,8,0.251392,0.261519,25978.436045,0.5,0.005367
20573,,16,2,4,6,2,4,6,8,0.25476,0.265275,2907.992908,0.2,0.005407
34871,,16,2,0,2,2,0,2,0,0,0,0,1,0.00531
752,,7,23,0,23,23,0,23,0,0,0,0,0.106719,0.035401
34917,,16,111,75,186,111,75,186,7,0.301221,0.319055,2285759.94524,0.018486,0.062472
26400,,16,2,2,4,2,2,4,8,0.251382,0.261475,12986.5,0.5,0.005255
15670,,16,7,7,14,7,7,14,8,0.256979,0.268388,2888.92778,0.340909,0.011367
18386,,16,1,0,1,1,0,1,0,0,0,0,0,0.000251
19052,,16,1,0,1,1,0,1,0,0,0,0,0,0.000251
2,,7,2,19,21,2,19,21,8,0.28117,0.294744,10395.821989,0.147619,0.002046
475,,7,34,44,78,34,44,78,8,0.287437,0.303091,306289.240246,0.064588,0.018989
23,,7,276,116,392,276,116,392,7,0.328116,0.349785,3338250.252091,0.051182,0.214415
36,,7,953,4,957,953,4,957,8,0.25009,0.258688,2615131.036263,0.014685,0.580925
7180,,12,595,29,624,595,29,624,8,0.227772,0.236403,6032646.891384,0.002161,0.133762
2910,,7,27,2,29,27,2,29,8,0.25851,0.269748,31331.841171,0.167488,0.048259
10607,,7,3,0,3,3,0,3,0,0,0,0,0.166667,0.002603
380,,7,162,62,224,162,62,224,8,0.297226,0.314779,1760036.478326,0.052907,0.137015
770,,7,41,20,61,41,20,61,7,0.301815,0.317756,330414.003333,0.073064,0.05423
1516,,7,14,2,16,14,2,16,10,0.173055,0.176243,1055.802701,0.029167,0.009621
11951,,1,3,0,3,3,0,3,0,0,0,0,0,0.001344
288,,7,148,16,164,148,16,164,8,0.296739,0.312603,554296.138448,0.073248,0.159034
485,,7,77,143,220,77,143,220,7,0.324368,0.345949,2098934.994496,0.046563,0.057745
1275,,7,140,62,202,140,62,202,8,0.294308,0.312722,2031498.162592,0.052556,0.145483
596,,7,44,36,80,44,36,80,8,0.287833,0.303834,504157.090516,0.125961,0.053838
9110,,7,2,0,2,2,0,2,0,0,0,0,0,0.000456
201,,1,4,1,5,4,1,5,9,0.21495,0.221357,332.09936,0.2,0.00441
219,,1,5,4,9,5,4,9,8,0.230988,0.239351,1527.896521,0.178571,0.004523
220,,1,2,1,3,2,1,3,8,0.228929,0.236634,18826,0,0.003168
221,,1,1,3,4,1,3,4,8,0.230175,0.238335,102.105408,0.333333,0.003
268,,1,2,9,11,2,9,11,8,0.246079,0.256001,31607.48259,0.233333,0.003231
652,,1,1,0,1,1,0,1,0,0,0,0,0,0.003
851,,1,76,36,112,76,36,112,8,0.267445,0.280909,1210445.560805,0.024325,0.04446
2500,,1,10,13,23,10,13,23,8,0.237927,0.247436,285945.206759,0.038012,0.006206
2596,,1,9,1,10,9,1,10,9,0.22397,0.230989,1124.573753,0.277778,0.006085
1104,,1,7,4,11,7,4,11,8,0.233183,0.241355,19259.965858,0.277778,0.005274
2060,,1,6,16,22,6,16,22,8,0.274916,0.287501,75617.254491,0.131579,0.004248
715,,7,8,10,18,8,10,18,8,0.258149,0.269765,38162.252249,0.136029,0.008775
5140,,1,7,0,7,7,0,7,0,0,0,0,0.261905,0.005731
387,,1,27,4,31,27,4,31,8,0.23115,0.239421,40001.611614,0.116809,0.009513
5783,,7,10,6,16,10,6,16,8,0.244786,0.254009,6406.526338,0.095238,0.011915
6146,,1,1,0,1,1,0,1,0,0,0,0,0,0.003
6394,,1,3,7,10,3,7,10,8,0.24197,0.250238,4071.35041,0.444444,0.003661
6925,,1,1,1,2,1,1,2,9,0.21495,0.221357,102.105408,0,0.003
6926,,1,1,1,2,1,1,2,9,0.21495,0.221357,102.105408,0,0.003
2539,,1,3,1,4,3,1,4,8,0.228929,0.236634,0,0.833333,0.008996
6927,,1,2,1,3,2,1,3,8,0.228929,0.236634,1141.457295,0,0.003178
1628,,1,30,22,52,30,22,52,8,0.286737,0.300709,192646.94186,0.106272,0.015996
7019,,1,1,2,3,1,2,3,8,0.230172,0.238308,102.105408,0,0.003
1150,,1,13,4,17,13,4,17,8,0.228943,0.236731,53291.799413,0.195238,0.00748
5817,,1,1,3,4,1,3,4,8,0.232039,0.239788,0,0.833333,0.003
7245,,1,1,0,1,1,0,1,0,0,0,0,0,0.003
7444,,1,1,2,3,1,2,3,8,0.228932,0.23666,0,1,0.003
2637,,7,28,13,41,28,13,41,8,0.26981,0.282866,262597.635,0.111538,0.033699
121,,7,395,1,396,395,1,396,8,0.248246,0.257455,1285110.757562,0.02806,0.299122
6853,,1,3,1,4,3,1,4,9,0.187753,0.192034,55.384399,0.5,0.004404
3344,,1,8,4,12,8,4,12,8,0.231329,0.239635,1820.536336,0.218182,0.006394
4494,,1,8,8,16,8,8,16,8,0.265274,0.277119,86951.36213,0.181319,0.004724
2483,,1,1,5,6,1,5,6,8,0.230784,0.239128,26076.105408,0.4,0.003
2133,,1,34,20,54,34,20,54,7,0.298522,0.313816,315897.860805,0.080303,0.018559
216,,1,29,24,53,29,24,53,8,0.266635,0.279769,295182.720128,0.098551,0.042072
1401,,1,25,23,48,25,23,48,7,0.299844,0.316383,617697.701915,0.063063,0.009854
6735,,1,2,3,5,2,3,5,8,0.2297,0.237622,29.350909,0.416667,0.003168
197,,1,23,15,38,23,15,38,8,0.269262,0.281573,67598.810323,0.135484,0.009068
6056,,1,9,5,14,9,5,14,8,0.229711,0.237692,93362.931311,0.133333,0.005436
1784,,7,255,109,364,255,109,364,8,0.308098,0.327799,3405940.805265,0.048461,0.197703
5012,,1,20,13,33,20,13,33,8,0.248099,0.257959,77210.476908,0.150769,0.013064
12826,,1,54,1,55,54,1,55,9,0.202007,0.206974,155560.310392,0.055219,0.017736
13137,,1,3,0,3,3,0,3,0,0,0,0,0.166667,0.003642
2607,,1,5,8,13,5,8,13,8,0.241923,0.250808,20323.310313,0.145455,0.00533
13668,,1,1,0,1,1,0,1,0,0,0,0,0,0.003
1860,,1,35,20,55,35,20,55,7,0.302392,0.318912,416022.898126,0.091755,0.028178
3858,,1,3,2,5,3,2,5,9,0.189098,0.193341,10.497335,0.2,0.003356
13023,,1,3,1,4,3,1,4,8,0.228929,0.236634,0,0.333333,0.003336
15406,,1,1,1,2,1,1,2,8,0.228929,0.236634,0,0,0.003
16371,,1,1,3,4,1,3,4,8,0.229515,0.237336,0,0.666667,0.003
3006,,1,8,11,19,8,11,19,8,0.24418,0.253126,2482.443798,0.368132,0.005485
2457,,16,3,8,11,3,8,11,8,0.232259,0.240638,2216.002574,0.255556,0.003664
9248,,1,1,3,4,1,3,4,8,0.229728,0.23766,0,0.666667,0.003
10910,,1,2,2,4,2,2,4,8,0.22896,0.236699,0,0.666667,0.003241
16372,,1,1,2,3,1,2,3,8,0.22896,0.236699,0,0.5,0.003
16373,,1,2,2,4,2,2,4,8,0.229627,0.237454,954.097872,0.333333,0.003196
2255,,1,7,6,13,7,6,13,8,0.264842,0.276262,31669.678408,0.181818,0.004127
2942,,1,7,9,16,7,9,16,8,0.230029,0.238158,767.422604,0.269231,0.004982
340,,1,13,11,24,13,11,24,8,0.244974,0.254103,2396.767131,0.305147,0.00687
9178,,1,6,12,18,6,12,18,8,0.274116,0.286425,24009.025881,0.316176,0.004516
14116,,1,1,1,2,1,1,2,8,0.228929,0.236634,0,0,0.003
16374,,1,3,4,7,3,4,7,8,0.229868,0.237835,365.310411,0.333333,0.003407
16375,,1,1,2,3,1,2,3,8,0.229485,0.23727,0,1,0.003
11036,,1,2,3,5,2,3,5,8,0.229639,0.237507,339.104865,0.25,0.003216
117,,7,259,188,447,259,188,447,7,0.337154,0.361832,5195674.752426,0.057688,0.226745
6102,,1,2,2,4,2,2,4,8,0.254767,0.264698,2101.46479,0.166667,0.003521
11144,,1,2,5,7,2,5,7,8,0.235354,0.242552,14668.825041,0.566667,0.003423
9670,,1,1,4,5,1,4,5,8,0.237549,0.246502,0,0.75,0.003
14486,,1,3,6,9,3,6,9,8,0.235243,0.243197,4.319048,0.392857,0.003561
18962,,1,1,0,1,1,0,1,0,0,0,0,0,0.003
10399,,1,1,2,3,1,2,3,8,0.22901,0.236757,0,0.5,0.003
443,,7,374,150,524,374,150,524,7,0.323337,0.34623,6088646.169297,0.043085,0.314176
4166,,1,8,8,16,8,8,16,8,0.239742,0.248264,44733.269413,0.119048,0.005391
20374,,1,1,0,1,1,0,1,0,0,0,0,0,0.003
14939,,1,2,6,8,2,6,8,8,0.22908,0.236981,24286.051921,0.285714,0.003168
706,,7,57,93,150,57,93,150,7,0.301946,0.320835,1451425.307386,0.05473,0.058407
802,,7,37,15,52,37,15,52,8,0.277395,0.290188,362771.312195,0.059524,0.023674
18570,,1,1,4,5,1,4,5,8,0.228979,0.236792,0,0.5,0.003
1520,,1,4,0,4,4,0,4,0,0,0,0,0.583333,0.008967
5139,,16,8,8,16,8,8,16,8,0.242775,0.252645,71404.242424,0.131868,0.015985
22617,,1,5,5,10,5,5,10,8,0.258365,0.269359,157928.793516,0.196429,0.004614
23013,,1,2,0,2,2,0,2,0,0,0,0,0.5,0.003168
24508,,1,2,1,3,2,1,3,8,0.228929,0.236634,0,1,0.003863
7280,,1,7,5,12,7,5,12,8,0.230276,0.238595,135523.223502,0.133333,0.004478
532,,1,179,25,204,179,25,204,8,0.250376,0.261778,1259752.6948,0.023891,0.120312
307,,7,88,365,453,88,365,453,7,0.365036,0.395257,7841262.380812,0.032379,0.082189
77,,7,295,219,514,295,219,514,8,0.326461,0.351208,7286338.850698,0.038251,0.229404
23752,,1,1,2,3,1,2,3,8,0.229485,0.23727,0,1,0.003
19646,,1,2,1,3,2,1,3,8,0.228929,0.236634,0,1,0.003278
16277,,1,3,1,4,3,1,4,8,0.228929,0.236634,0,0.666667,0.003562
17884,,1,6,4,10,6,4,10,8,0.2359,0.244759,23089.638074,0.261905,0.004778
29574,,1,1,1,2,1,1,2,8,0.228929,0.236634,0,0,0.003
29239,,1,1,1,2,1,1,2,8,0.228929,0.236634,0,0,0.003
15172,,1,1,2,3,1,2,3,8,0.22896,0.236699,0,0.5,0.003
31089,,1,2,0,2,2,0,2,0,0,0,0,0.5,0.003179
28697,,1,3,1,4,3,1,4,11,0.143891,0.14568,25974,0.166667,0.003352
25423,,1,1,1,2,1,1,2,8,0.228929,0.236634,0,0,0.003
12315,,1,2,2,4,2,2,4,8,0.22896,0.236699,0,0.666667,0.003704
4,,69,3,6,9,3,6,9,8,0.255368,0.265493,57809.578638,0.069444,0.008348
5,,69,3,1,4,3,1,4,8,0.230347,0.238009,790.442913,0,0.000981
292,,16,213,193,406,213,193,406,7,0.323215,0.347336,6418589.837447,0.030136,0.164548
19273,,69,2,0,2,2,0,2,0,0,0,0,0,0.000442
1893,,7,111,59,170,111,59,170,7,0.302756,0.31976,1602713.336207,0.044521,0.113321
1140,,7,28,19,47,28,19,47,7,0.300188,0.315969,216457.537642,0.104651,0.030118
1028,,1,13,10,23,13,10,23,8,0.264607,0.276428,98615.244776,0.038961,0.004382
285,,7,65,51,116,65,51,116,7,0.299267,0.317203,948623.946247,0.057772,0.053852
2302,,7,22,32,54,22,32,54,8,0.296085,0.312292,274342.058902,0.059869,0.012307
105,,7,440,0,440,440,0,440,0,0,0,0,0.032579,0.331188
1258,,1,44,40,84,44,40,84,8,0.249526,0.260541,91987.387064,0.490221,0.026055
1256,,1,34,40,74,34,40,74,8,0.246665,0.256878,36290.382285,0.704878,0.023304
3227,,1,42,40,82,42,40,82,8,0.254,0.265231,52909.03032,0.504876,0.025032
4461,,1,8,6,14,8,6,14,8,0.267274,0.279107,10545.409438,0.519231,0.008255
550,,1,42,39,81,42,39,81,9,0.237124,0.246952,77833.910652,0.522606,0.028116
7741,,1,13,5,18,13,5,18,8,0.26444,0.276138,74230.230673,0.058824,0.007143
551,,1,82,29,111,82,29,111,8,0.273793,0.287845,381819.536568,0.069288,0.038973
98,,1,44,41,85,44,41,85,8,0.275202,0.288536,198949.75669,0.46902,0.037771
5066,,1,37,40,77,37,40,77,8,0.268245,0.281827,77943.504974,0.604123,0.022357
4491,,1,43,45,88,43,45,88,8,0.252498,0.263872,98769.603999,0.423829,0.032598
10388,,1,1,0,1,1,0,1,0,0,0,0,0,0.003261
10499,,1,1,2,3,1,2,3,9,0.222603,0.230067,25974,0.5,0.003261
2139,,1,2,1,3,2,1,3,9,0.222598,0.230031,0,1,0.003537
341,,1,41,42,83,41,42,83,8,0.268954,0.281894,131317.447095,0.488163,0.034914
1316,,1,18,19,37,18,19,37,8,0.243192,0.252766,4581.660068,0.683908,0.012823
660,,1,105,31,136,105,31,136,8,0.285688,0.301139,772847.71382,0.075097,0.124959
1206,,1,33,37,70,33,37,70,9,0.239602,0.249364,5160.534405,0.801051,0.021484
5161,,1,38,37,75,38,37,75,9,0.240244,0.250197,7708.699944,0.689024,0.023655
923,,1,37,37,74,37,37,74,8,0.248292,0.258959,9938.691881,0.713415,0.022412
62,,1,54,43,97,54,43,97,8,0.246536,0.257233,103927.690753,0.31874,0.033095
12040,,7,20,3,23,20,3,23,9,0.219989,0.226688,39238.741894,0.073123,0.019146
13629,,1,1,0,1,1,0,1,0,0,0,0,0,0.003261
1255,,1,39,42,81,39,42,81,8,0.270155,0.283633,95996.268296,0.551341,0.033034
1400,,1,41,41,82,41,41,82,8,0.24471,0.254595,156773.228665,0.527926,0.048047
1254,,1,36,42,78,36,42,78,8,0.247786,0.258353,10959.105625,0.615222,0.022666
763,,1,48,39,87,48,39,87,9,0.23725,0.24709,102412.846952,0.425339,0.030223
677,,1,34,38,72,34,38,72,8,0.250496,0.261417,7306.067758,0.763833,0.021832
1317,,1,35,42,77,35,42,77,9,0.240051,0.250416,59140.396483,0.59778,0.021996
605,,1,54,45,99,54,45,99,8,0.283836,0.298611,762929.361277,0.298611,0.035176
329,,1,38,38,76,38,38,76,8,0.241035,0.251561,29691.644583,0.638981,0.027017
762,,1,43,43,86,43,43,86,8,0.259379,0.271483,206704.312701,0.488946,0.027013
61,,1,45,47,92,45,47,92,8,0.260225,0.272333,74200.878722,0.387531,0.027262
93,,1,42,45,87,42,45,87,8,0.267278,0.281194,110264.037139,0.419287,0.029673
1246,,1,35,35,70,35,35,70,8,0.242794,0.252299,3512.349127,0.834084,0.022846
356,,1,43,38,81,43,38,81,8,0.243813,0.25369,48027.359714,0.536715,0.024359
1477,,1,39,40,79,39,40,79,8,0.238924,0.249289,27797.441013,0.574242,0.025508
5166,,1,35,41,76,35,41,76,8,0.264853,0.277862,52775.081152,0.60518,0.021863
1032,,1,36,38,74,36,38,74,9,0.242875,0.253283,31615.165348,0.701829,0.022728
3230,,1,34,38,72,34,38,72,8,0.264842,0.277627,64229.071569,0.747638,0.022216
678,,1,34,39,73,34,39,73,8,0.243895,0.253693,32439.282285,0.767206,0.021832
1257,,1,41,39,80,41,39,80,8,0.265293,0.278227,75147.420564,0.511563,0.025976
1247,,1,35,44,79,35,44,79,8,0.242419,0.253696,36964.043695,0.559903,0.021811
16503,,1,1,0,1,1,0,1,0,0,0,0,0,0.003261
2354,,1,12,19,31,12,19,31,8,0.28104,0.295764,134679.787533,0.2,0.015811
19235,,1,3,1,4,3,1,4,9,0.211514,0.217759,416.266439,0.416667,0.004976
2014,,16,209,135,344,209,135,344,7,0.30917,0.330236,4735603.736608,0.031297,0.122189
23466,,1,34,36,70,34,36,70,8,0.240039,0.250307,2321.538634,0.836336,0.021802
6772,,1,7,15,22,7,15,22,8,0.244408,0.254382,16143.860759,0.286765,0.007651
25593,,7,12,0,12,12,0,12,0,0,0,0,0.25,0.017991
4434,,1,60,34,94,60,34,94,7,0.300236,0.316522,818994.395519,0.113924,0.03781
44,,7,291,90,381,291,90,381,7,0.313547,0.332809,4033369.870731,0.033787,0.247589
27416,,1,2,0,2,2,0,2,0,0,0,0,1,0.003886
18599,,1,11,0,11,11,0,11,0,0,0,0,0.354545,0.007741
32007,,1,1,2,3,1,2,3,9,0.228543,0.236195,0,1,0.003261
33629,,1,2,0,2,2,0,2,0,0,0,0,0,0.003434
33941,,1,3,1,4,3,1,4,2,0.666667,0.75,25978,0,0.003602
405,,36,146,60,206,146,60,206,7,0.28823,0.304499,1951487.193926,0.041891,0.114822
17923,,7,72,66,138,72,66,138,7,0.326065,0.346078,3625422.274602,0.058156,0.067749
531,,1,9,2,11,9,2,11,8,0.231255,0.239404,39390.179793,0.152778,0.005328
2075,,1,2,1,3,2,1,3,8,0.230711,0.238669,0,1,0.003799
1129,,7,93,73,166,93,73,166,7,0.303024,0.322509,1369326.692856,0.062057,0.072188
7304,,1,2,0,2,2,0,2,0,0,0,0,1,0.002034
7344,,1,2,0,2,2,0,2,0,0,0,0,1,0.003799
1814,,7,54,124,178,54,124,178,7,0.33552,0.358037,3916906.580917,0.07872,0.053628
7697,,7,12,49,61,12,49,61,7,0.305776,0.323535,117392.168896,0.115537,0.007785
8699,,1,3,2,5,3,2,5,9,0.200245,0.205735,78.713357,0.416667,0.003968
6276,,1,1,1,2,1,1,2,8,0.230711,0.238669,0,0,0.001843
425,,1,1,1,2,1,1,2,8,0.230711,0.238669,0,0,0.001843
9592,,1,1,1,2,1,1,2,8,0.230711,0.238669,0,0,0.001843
9775,,1,1,3,4,1,3,4,8,0.230722,0.238736,0,0.333333,0.001843
10496,,1,1,0,1,1,0,1,0,0,0,0,0,0.001843
3351,,7,40,1,41,40,1,41,8,0.262753,0.273463,159738.310872,0.043293,0.030215
10863,,1,1,1,2,1,1,2,8,0.230711,0.238669,0,0,0.001843
11217,,1,2,1,3,2,1,3,8,0.230711,0.238669,0,1,0.002088
4400,,7,3,56,59,3,56,59,7,0.305835,0.32593,109879.191458,0.150376,0.016111
9494,,1,1,2,3,1,2,3,8,0.230872,0.2389,0,1,0.001843
876,,7,15,35,50,15,35,50,8,0.288583,0.305,178102.886005,0.113784,0.013902
662,,1,17,2,19,17,2,19,8,0.231255,0.239404,115073.196488,0.080882,0.006641
12202,,36,4,0,4,4,0,4,0,0,0,0,0.083333,0.002387
12373,,1,2,2,4,2,2,4,8,0.233567,0.242144,0,0.666667,0.002671
4989,,16,106,14,120,106,14,120,8,0.280717,0.293936,1110476.062756,0.025281,0.064242
1245,,7,63,61,124,63,61,124,7,0.291293,0.308283,952569.684873,0.041376,0.035665
13052,,1,1,0,1,1,0,1,0,0,0,0,0,0.001843
13836,,1,1,1,2,1,1,2,8,0.230711,0.238669,0,0,0.001843
948,,7,22,21,43,22,21,43,8,0.272809,0.286552,267511.050103,0.065244,0.018354
9135,,7,5,0,5,5,0,5,0,0,0,0,0.05,0.003044
1607,,39,15,19,34,15,19,34,8,0.259276,0.271346,256488.080877,0.033266,0.005998
875,,7,142,0,142,142,0,142,0,0,0,0,0.051044,0.116468
15741,,1,2,2,4,2,2,4,8,0.231255,0.239404,27.982667,0.5,0.002021
1030,,1,45,375,420,45,375,420,7,0.333357,0.361253,7009518.370948,0.005574,0.020997
1694,,7,63,40,103,63,40,103,8,0.290269,0.305927,945862.383913,0.053527,0.063727
297,,7,84,74,158,84,74,158,8,0.314974,0.334322,1148537.050948,0.116413,0.121214
9872,,1,1,2,3,1,2,3,8,0.230714,0.238696,0,0.5,0.001843
423,,7,43,98,141,43,98,141,7,0.316755,0.336692,1116671.182317,0.062869,0.026727
20474,,1,5,0,5,5,0,5,0,0,0,0,0,0.002537
5261,,1,2,4,6,2,4,6,8,0.231263,0.239466,192.795396,0.75,0.002049
10510,,1,5,4,9,5,4,9,8,0.238975,0.248099,20570.265842,0.107143,0.002649
109,,7,81,67,148,81,67,148,8,0.28668,0.30342,1303669.856827,0.045001,0.062397
11833,,1,2,2,4,2,2,4,9,0.222986,0.230471,205.197773,0.5,0.002034
4411,,1,1,1,2,1,1,2,9,0.200245,0.205718,0,1,0.001843
1973,,7,8,12,20,8,12,20,8,0.279243,0.292864,94601.499101,0.111111,0.009048
1039,,7,109,1,110,109,1,110,9,0.200064,0.204366,185648.094236,0.081068,0.124157
8823,,7,5,4,9,5,4,9,8,0.266152,0.277495,86122.242379,0.196429,0.008297
22219,,1,2,1,3,2,1,3,8,0.230711,0.238669,17921.500392,0,0.002011
659,,1,8,7,15,8,7,15,8,0.231502,0.239815,32436.311872,0.106061,0.00508
24585,,1,1,0,1,1,0,1,0,0,0,0,0,0.001843
3624,,7,7,6,13,7,6,13,8,0.266752,0.278368,21937.929524,0.108974,0.004935
10293,,1,4,3,7,4,3,7,8,0.23357,0.24217,440.157063,0.2,0.003694
5891,,1,2,1,3,2,1,3,8,0.230711,0.238669,0,1,0.00209
26105,,1,1,1,2,1,1,2,8,0.230711,0.238669,0,0,0.001843
2314,,16,75,57,132,75,57,132,8,0.30832,0.326508,1396460.003381,0.067807,0.071306
13507,,7,56,40,96,56,40,96,8,0.277359,0.291465,3324988.210353,0.010295,0.023229
28112,,36,2,0,2,2,0,2,0,0,0,0,0,0.002082
28906,,1,3,1,4,3,1,4,8,0.230711,0.238669,3338.712583,0,0.002194
4403,,1,8,8,16,8,8,16,8,0.235134,0.243688,86263.016673,0.076923,0.005254
8597,,16,2,4,6,2,4,6,8,0.237393,0.2465,29203.353619,0,0.002037
15312,,16,3,2,5,3,2,5,8,0.231255,0.239404,27.982667,0.416667,0.002184
22514,,1,1,3,4,1,3,4,8,0.230728,0.238753,176.543362,0.666667,0.001843
4534,,1,4,7,11,4,7,11,8,0.234145,0.243047,26704.695163,0.25,0.002477
20516,,1,2,2,4,2,2,4,8,0.230716,0.238705,25973,0.5,0.002021
14588,,1,1,2,3,1,2,3,8,0.231255,0.239404,0,1,0.001843
20104,,1,2,0,2,2,0,2,0,0,0,0,1,0.002034
11842,,2,2,2,4,2,2,4,8,0.231034,0.239111,32456.312745,0,0.002474
13321,,1,1,1,2,1,1,2,8,0.230711,0.238669,0,0,0.001843
8,,16,22,32,54,22,32,54,8,0.285083,0.3002,240612.160021,0.072727,0.010561
9,,16,139,141,280,139,141,280,7,0.311246,0.334602,4461263.440466,0.027231,0.097665
410,,16,43,25,68,43,25,68,8,0.279197,0.293709,426977.288429,0.063934,0.053687
9096,,16,1,0,1,1,0,1,0,0,0,0,0,0.000343
10275,,16,8,7,15,8,7,15,8,0.268016,0.280336,82826.115997,0.090909,0.004589
5492,,16,9,11,20,9,11,20,8,0.252518,0.264096,58647.662245,0.107843,0.004254
2521,,16,46,33,79,46,33,79,7,0.308582,0.32482,1284635.744936,0.020193,0.022376
13700,,16,5,3,8,5,3,8,8,0.249837,0.261013,21079.815048,0.261905,0.008607
14091,,16,12,8,20,12,8,20,8,0.273225,0.286447,69419.178848,0.242647,0.019061
1692,,16,20,1,21,20,1,21,10,0.2004,0.205556,139130.324205,0.044737,0.007953
3262,,16,23,26,49,23,26,49,7,0.278512,0.293018,306144.983653,0.052602,0.008411
1530,,16,7,12,19,7,12,19,8,0.283592,0.297003,75924.967882,0.111111,0.006175
92,,7,38,29,67,38,29,67,8,0.292447,0.307894,482671.320672,0.085593,0.054328
1498,,16,18,21,39,18,21,39,8,0.271832,0.285236,127138.936282,0.068182,0.012644
19474,,16,3,4,7,3,4,7,8,0.226604,0.234091,2216.815461,0.119048,0.00239
4533,,16,37,22,59,37,22,59,8,0.280851,0.295422,309099.093905,0.06464,0.034558
25493,,16,3,0,3,3,0,3,0,0,0,0,0,0.00088
4664,,16,12,9,21,12,9,21,8,0.276296,0.289679,29691.736241,0.169935,0.015308
29972,,16,2,0,2,2,0,2,0,0,0,0,0.5,0.001202
30977,,16,1,0,1,1,0,1,0,0,0,0,0,0.000343
31196,,1,1,1,2,1,1,2,9,0.192141,0.196399,1835.925565,0,0.000343
30990,,16,7,2,9,7,2,9,8,0.239907,0.247202,1031.410636,0.214286,0.00243
32511,,16,1,0,1,1,0,1,0,0,0,0,0,0.000343
2186,,16,36,30,66,36,30,66,8,0.281843,0.296415,485252.762921,0.040327,0.022671
33197,,16,2,0,2,2,0,2,0,0,0,0,0,0.002428
34339,,16,1,0,1,1,0,1,0,0,0,0,0,0.000343
672,,16,7,8,15,7,8,15,8,0.251198,0.262078,33198.3966,0.134615,0.00503
1361,,7,82,96,178,82,96,178,8,0.306927,0.326855,1395066.830834,0.036624,0.054489
2092,,16,27,55,82,27,55,82,8,0.298305,0.315803,616947.722827,0.064588,0.022353
2834,,16,3,1,4,3,1,4,8,0.237369,0.246843,352.577573,0.333333,0.003128
4635,,16,3,0,3,3,0,3,0,0,0,0,0.5,0.002643
2112,,7,23,559,582,23,559,582,7,0.352316,0.385392,4575795.553293,0.009922,0.012846
364,,16,75,43,118,75,43,118,8,0.296207,0.313445,517869.817613,0.076557,0.065947
2046,,16,26,17,43,26,17,43,8,0.275875,0.289701,185022.857077,0.069501,0.013943
4971,,16,1,5,6,1,5,6,8,0.24994,0.260554,1183.769057,0.15,0.001596
1073,,16,130,59,189,130,59,189,8,0.291722,0.308668,1529665.717694,0.051721,0.117579
4096,,16,25,25,50,25,25,50,8,0.289013,0.304407,252279.178764,0.104123,0.038209
7888,,16,1,0,1,1,0,1,0,0,0,0,0,0.001596
409,,16,23,25,48,23,25,48,8,0.277363,0.291445,269068.921337,0.06866,0.028522
8240,,16,11,6,17,11,6,17,8,0.250649,0.261017,53146.184067,0.064103,0.005967
3217,,16,4,6,10,4,6,10,8,0.243299,0.253718,3708.511319,0.267857,0.004266
5109,,16,1,3,4,1,3,4,9,0.211246,0.217233,0,0.333333,0.001596
3113,,16,4,3,7,4,3,7,8,0.266703,0.278777,42472.648539,0.1,0.002175
2669,,16,6,4,10,6,4,10,8,0.23564,0.244173,32260.169726,0.055556,0.004188
9737,,16,1,0,1,1,0,1,0,0,0,0,0,0.001596
10020,,16,3,1,4,3,1,4,8,0.237369,0.246843,0,0.666667,0.003131
5780,,16,13,5,18,13,5,18,8,0.252048,0.263665,20310.153627,0.4,0.004802
10317,,16,2,0,2,2,0,2,0,0,0,0,0,0.001779
5953,,16,30,16,46,30,16,46,8,0.279077,0.292834,359267.198302,0.050607,0.016243
402,,16,27,19,46,27,19,46,8,0.265585,0.27825,115209.209593,0.101626,0.017988
2922,,36,2,2,4,2,2,4,8,0.246824,0.256421,4361.904121,0.166667,0.001764
3708,,1,13,22,35,13,22,35,8,0.277216,0.291172,374293.001863,0.052083,0.008151
12423,,16,1,1,2,1,1,2,9,0.223677,0.230329,0,1,0.001596
4309,,25,95,72,167,95,72,167,8,0.291366,0.308033,2362553.576906,0.043922,0.062369
619,,16,17,15,32,17,15,32,8,0.252766,0.263151,206694.886386,0.032308,0.007282
12907,,16,1,2,3,1,2,3,8,0.268314,0.279952,0,0.5,0.001596
10569,,16,3,3,6,3,3,6,8,0.250733,0.261421,27047.80613,0.3,0.002012
2201,,16,5,6,11,5,6,11,8,0.241691,0.25141,61592.740439,0.166667,0.004882
181,,16,160,107,267,160,107,267,8,0.290068,0.308747,3041867.601235,0.03273,0.142265
123,,14,379,180,559,379,180,559,7,0.328701,0.352719,9119669.211943,0.017264,0.211344
266,,16,127,67,194,127,67,194,7,0.316446,0.335476,2212605.931085,0.054167,0.10053
14479,,16,13,1,14,13,1,14,9,0.214329,0.220608,19319.478032,0.302198,0.022697
14834,,16,1,0,1,1,0,1,0,0,0,0,0,0.001596
7410,,16,4,5,9,4,5,9,8,0.249539,0.25877,3051.133332,0.404762,0.002711
15237,,16,1,0,1,1,0,1,0,0,0,0,0,0.001596
3898,,36,6,4,10,6,4,10,9,0.227082,0.234678,87828.735857,0,0.002801
2045,,16,9,15,24,9,15,24,8,0.269039,0.281401,64405.255218,0.099567,0.006174
1454,,16,20,19,39,20,19,39,8,0.284863,0.299822,247432.245517,0.077311,0.027517
2598,,16,42,36,78,42,36,78,8,0.296715,0.312891,654237.407595,0.075661,0.037887
11665,,16,3,1,4,3,1,4,9,0.231782,0.24009,18956.866984,0.083333,0.00215
6296,,16,10,9,19,10,9,19,8,0.267107,0.279611,43254.901151,0.080882,0.007152
18442,,16,2,1,3,2,1,3,8,0.217846,0.22441,114.492864,0.5,0.001774
7329,,16,6,2,8,6,2,8,8,0.247343,0.256889,37953.243671,0.3,0.004349
4174,,7,2,9,11,2,9,11,8,0.253771,0.264166,27438.819423,0.1,0.002036
18695,,16,2,2,4,2,2,4,9,0.223783,0.230503,0,1,0.002118
3589,,16,3,1,4,3,1,4,8,0.237369,0.246843,1279.993129,0.5,0.008644
10918,,16,8,6,14,8,6,14,8,0.263596,0.27513,15916.718292,0.211111,0.005792
17342,,16,5,0,5,5,0,5,0,0,0,0,0.45,0.00312
836,,16,72,49,121,72,49,121,8,0.2828,0.298382,1142747.87987,0.026767,0.032693
1431,,16,19,15,34,19,15,34,8,0.267791,0.280419,156239.730715,0.072414,0.009117
21256,,16,23,25,48,23,25,48,8,0.264262,0.277676,112457.32335,0.091916,0.014932
2723,,2,17,0,17,17,0,17,0,0,0,0,0.073529,0.005507
9573,,7,202,53,255,202,53,255,8,0.307982,0.325697,1727389.112837,0.057406,0.138015
3128,,16,1,1,2,1,1,2,8,0.237369,0.246843,0,0,0.001596
1456,,16,47,66,113,47,66,113,7,0.290691,0.309274,732672.722117,0.065622,0.046216
1938,,16,10,16,26,10,16,26,8,0.273399,0.286696,68716.782122,0.130435,0.013894
1786,,16,28,28,56,28,28,56,8,0.279488,0.293478,312392.425341,0.067376,0.015863
2061,,16,8,22,30,8,22,30,8,0.282668,0.297487,160890.394627,0.078042,0.005375
24616,,16,1,0,1,1,0,1,0,0,0,0,0,0.001596
515,,7,165,206,371,165,206,371,7,0.327739,0.352603,4349814.114862,0.030682,0.108875
1158,,41,148,110,258,148,110,258,7,0.308461,0.329061,3789470.712147,0.030849,0.089984
1131,,41,106,89,195,106,89,195,7,0.301014,0.319899,2835434.140801,0.03012,0.072058
2159,,16,17,19,36,17,19,36,8,0.281237,0.296002,110926.922229,0.121839,0.015956
25288,,16,1,0,1,1,0,1,0,0,0,0,0,0.001596
14149,,16,90,61,151,90,61,151,7,0.29702,0.314033,1458768.84315,0.036337,0.057299
20990,,65,18,13,31,18,13,31,8,0.255774,0.267135,457485.11426,0.043103,0.011643
144,,7,377,94,471,377,94,471,8,0.312813,0.333378,4872539.617011,0.034819,0.303449
712,,16,62,39,101,62,39,101,7,0.302489,0.319841,1066096.95367,0.059724,0.060157
10717,,16,10,15,25,10,15,25,8,0.275013,0.288343,151972.480101,0.097403,0.005338
10868,,16,4,2,6,4,2,6,9,0.199057,0.20426,1822.420273,0.15,0.002787
5230,,16,11,7,18,11,7,18,8,0.261719,0.273896,31836.314264,0.195833,0.007023
4338,,7,39,33,72,39,33,72,8,0.287639,0.3035,630775.191075,0.064208,0.041214
19347,,16,5,0,5,5,0,5,0,0,0,0,0.1,0.003426
27435,,53,2,0,2,2,0,2,0,0,0,0,0,0.001807
5061,,16,8,0,8,8,0,8,0,0,0,0,0.142857,0.007224
1950,,7,83,83,166,83,83,166,7,0.300942,0.32018,1350290.727452,0.055828,0.073775
11147,,16,16,0,16,16,0,16,0,0,0,0,0.15,0.02348
17926,,16,5,4,9,5,4,9,8,0.254646,0.265108,2128.048098,0.261905,0.003324
2568,,7,10,8,18,10,8,18,8,0.25939,0.27034,38328.307124,0.1,0.005609
28139,,16,3,0,3,3,0,3,0,0,0,0,0,0.001937
980,,7,136,125,261,136,125,261,7,0.323526,0.344557,2663058.391419,0.057171,0.157795
294,,7,317,103,420,317,103,420,8,0.301636,0.321153,4959260.008132,0.030236,0.239066
20133,,2,204,79,283,204,79,283,7,0.297287,0.315129,3440834.938335,0.020246,0.096922
8128,,16,4,2,6,4,2,6,8,0.228532,0.236242,20728.265811,0.066667,0.002385
21129,,16,2,0,2,2,0,2,0,0,0,0,0.5,0.002663
29465,,41,7,3,10,7,3,10,8,0.224397,0.231747,7075.83293,0.375,0.00596
16881,,16,2,2,4,2,2,4,9,0.202445,0.207638,0,1,0.001891
3906,,16,18,17,35,18,17,35,8,0.269108,0.282165,160097.613674,0.121693,0.009975
854,,7,26,22,48,26,22,48,8,0.266604,0.279031,215593.485907,0.044949,0.018854
27375,,16,1,1,2,1,1,2,9,0.206911,0.212596,185.442937,0,0.001596
4852,,16,13,4,17,13,4,17,9,0.206127,0.211824,78241.649596,0.133333,0.007169
639,,16,134,193,327,134,193,327,7,0.323016,0.346573,4614386.38541,0.026237,0.067759
11966,,7,9,8,17,9,8,17,8,0.288097,0.302481,3304.140353,0.409524,0.017157
788,,16,117,13,130,117,13,130,8,0.249569,0.260507,302581.150706,0.051097,0.095914
253,,7,225,55,280,225,55,280,7,0.314332,0.333209,2333604.660646,0.053291,0.222012
17000,,16,8,10,18,8,10,18,8,0.263025,0.275152,20965.915321,0.227273,0.009761
33560,,16,1,0,1,1,0,1,0,0,0,0,0,0.001596
12487,,16,6,2,8,6,2,8,9,0.232958,0.241264,708.978087,0.196429,0.004044
1949,,16,22,28,50,22,28,50,8,0.290543,0.306034,211672.373791,0.094872,0.029809
29308,,16,1,1,2,1,1,2,8,0.237369,0.246843,0,0,0.001596
32852,,16,2,0,2,2,0,2,0,0,0,0,0,0.002072
22254,,16,1,2,3,1,2,3,8,0.244167,0.253402,25975,0.333333,0.001596
10,,14,123,51,174,123,51,174,8,0.278619,0.293596,1460716.939657,0.0166,0.037379
503,,2,30,0,30,30,0,30,0,0,0,0,0.06092,0.013046
1154,,14,6,5,11,6,5,11,8,0.256821,0.267892,47368.290584,0.222222,0.004355
1271,,14,1,0,1,1,0,1,0,0,0,0,0,0.000922
1629,,14,3,1,4,3,1,4,9,0.217909,0.224591,0,0.666667,0.003696
1411,,32,29,28,57,29,28,57,8,0.254004,0.264518,304565.003427,0.046253,0.008035
1645,,14,2,2,4,2,2,4,9,0.217911,0.224618,0.666667,0.666667,0.001172
82,,14,4,5,9,4,5,9,8,0.257961,0.269258,783.745128,0.309524,0.003948
651,,14,21,15,36,21,15,36,8,0.2705,0.283789,134805.998654,0.108602,0.017907
2150,,14,10,13,23,10,13,23,8,0.265372,0.277601,152409.610741,0.119883,0.009814
2158,,14,2,0,2,2,0,2,0,0,0,0,0.5,0.001096
1176,,14,19,22,41,19,22,41,8,0.271573,0.285306,167350.237044,0.063814,0.01168
2050,,14,6,7,13,6,7,13,8,0.257267,0.268541,26472.337488,0.242424,0.002274
276,,14,30,20,50,30,20,50,8,0.278125,0.292255,298421.67422,0.084345,0.012392
2688,,7,4,5,9,4,5,9,8,0.28482,0.298754,47557.903701,0.194444,0.002897
313,,14,11,27,38,11,27,38,8,0.27722,0.291333,211469.072756,0.096591,0.005973
2247,,36,4,2,6,4,2,6,9,0.208261,0.213784,39361.619944,0.15,0.004021
2850,,14,2,0,2,2,0,2,0,0,0,0,1,0.003508
2876,,14,2,5,7,2,5,7,8,0.257548,0.268785,28436.053603,0.285714,0.00109
3145,,14,1,2,3,1,2,3,8,0.239883,0.247773,52077.639797,0,0.000922
1887,,14,9,14,23,9,14,23,8,0.26915,0.282374,107210.243049,0.128655,0.008561
433,,14,11,9,20,11,9,20,8,0.254258,0.264875,39671.704036,0.180952,0.007591
3293,,14,1,0,1,1,0,1,0,0,0,0,0,0.000922
1961,,14,3,2,5,3,2,5,9,0.220499,0.227628,18826,0.333333,0.001377
3750,,14,1,0,1,1,0,1,0,0,0,0,0,0.000922
3866,,14,3,2,5,3,2,5,9,0.217702,0.224195,6.990209,0.5,0.001526
152,,14,11,8,19,11,8,19,8,0.263703,0.275664,46641.990802,0.137255,0.005639
1666,,14,9,22,31,9,22,31,8,0.271487,0.285103,38604.996752,0.142857,0.004935
272,,14,6,23,29,6,23,29,8,0.257636,0.269456,419169.300927,0.025132,0.001911
277,,14,17,11,28,17,11,28,8,0.266013,0.279032,146148.290942,0.136364,0.017604
4181,,14,2,1,3,2,1,3,1,1,1,0,0.666667,0.003508
3600,,14,6,3,9,6,3,9,9,0.218085,0.224871,787.043266,0.196429,0.001929
3780,,14,2,4,6,2,4,6,9,0.218088,0.224898,1004.608728,0.4,0.001301
5416,,14,7,13,20,7,13,20,8,0.262328,0.274938,134997.110761,0.266667,0.005958
184,,16,18,16,34,18,16,34,7,0.300327,0.315565,332958.633498,0.059829,0.006625
4845,,14,8,1,9,8,1,9,8,0.256143,0.266917,6941.839048,0.142857,0.006342
6368,,14,6,0,6,6,0,6,0,0,0,0,0.4,0.004348
4188,,14,7,9,16,7,9,16,8,0.261847,0.273331,82967.695795,0.142857,0.005073
7173,,14,3,1,4,3,1,4,8,0.256143,0.266917,0,0.666667,0.003706
8566,,14,1,0,1,1,0,1,0,0,0,0,0,0.000922
1117,,16,40,55,95,40,55,95,8,0.281115,0.297271,481203.433997,0.071455,0.046515
5777,,14,13,11,24,13,11,24,8,0.276041,0.289538,63892.013157,0.096838,0.00777
345,,16,26,17,43,26,17,43,8,0.274296,0.288095,284492.064245,0.074603,0.020273
957,,16,43,21,64,43,21,64,8,0.279978,0.294348,252728.833961,0.086723,0.0445
505,,16,47,59,106,47,59,106,8,0.275601,0.290923,804493.47262,0.061883,0.034525
415,,14,7,6,13,7,6,13,9,0.228551,0.236063,24206.281864,0.122222,0.002417
24,,14,3,0,3,3,0,3,0,0,0,0,0.5,0.006287
230,,14,2,0,2,2,0,2,0,0,0,0,0,0.002759
533,,14,26,19,45,26,19,45,8,0.281094,0.295282,145014.287916,0.128205,0.014599
165,,7,284,118,402,284,118,402,8,0.307093,0.328793,3904450.575143,0.038233,0.26396
597,,14,9,11,20,9,11,20,8,0.271942,0.285063,46563.683871,0.199346,0.005702
155,,7,113,35,148,113,35,148,8,0.293555,0.310058,886218.70196,0.058993,0.115589
1433,,7,26,0,26,26,0,26,0,0,0,0,0.018462,0.016984
1435,,14,8,9,17,8,9,17,8,0.258606,0.270051,575.753917,0.25,0.004819
1471,,7,3,7,10,3,7,10,8,0.259888,0.270697,4345.506237,0.152778,0.00628
1458,,16,8,4,12,8,4,12,9,0.22401,0.231127,29589.719048,0.090909,0.013228
1207,,14,58,65,123,58,65,123,8,0.285758,0.301982,1099169.605686,0.039604,0.035998
1690,,14,5,6,11,5,6,11,8,0.256356,0.267393,38984.387921,0.194444,0.003475
1702,,14,21,33,54,21,33,54,8,0.292375,0.307841,308437.021285,0.053725,0.011629
1712,,16,6,0,6,6,0,6,0,0,0,0,0.233333,0.01108
1759,,14,1,0,1,1,0,1,0,0,0,0,0,0.002586
1799,,16,3,2,5,3,2,5,8,0.235546,0.244086,2021.709534,0.15,0.004725
1189,,14,1,2,3,1,2,3,8,0.256234,0.267064,0,1,0.002586
1054,,14,6,15,21,6,15,21,8,0.274716,0.28826,28674.179906,0.149123,0.003565
600,,7,41,69,110,41,69,110,8,0.307459,0.32633,954891.352733,0.097962,0.024721
2053,,14,4,1,5,4,1,5,9,0.226163,0.233245,83.795403,0.4,0.010015
1999,,14,2,4,6,2,4,6,8,0.256289,0.267157,6.611744,0.45,0.002835
2253,,14,1,0,1,1,0,1,0,0,0,0,0,0.002586
2287,,14,4,0,4,4,0,4,0,0,0,0,0.416667,0.00334
2288,,7,4,10,14,4,10,14,8,0.267464,0.279254,2969.269011,0.285714,0.008307
2297,,14,1,0,1,1,0,1,0,0,0,0,0,0.002586
2317,,14,1,0,1,1,0,1,0,0,0,0,0,0.002586
1913,,7,44,30,74,44,30,74,8,0.290014,0.305956,331050.526766,0.070393,0.05629
2343,,7,29,62,91,29,62,91,7,0.307218,0.326203,494261.548143,0.105225,0.01996
2371,,1,3,1,4,3,1,4,10,0.183661,0.187331,139.578466,0.166667,0.006297
795,,7,44,17,61,44,17,61,8,0.262456,0.27372,231919.792267,0.078571,0.043955
2428,,7,22,12,34,22,12,34,8,0.276837,0.290293,109321.777695,0.141935,0.045004
1486,,14,71,59,130,71,59,130,8,0.282545,0.298688,1310924.718086,0.033962,0.031794
39,,16,109,90,199,109,90,199,8,0.297569,0.31615,2465465.009162,0.034324,0.075568
2512,,7,2,1,3,2,1,3,8,0.254946,0.26509,8004.266032,0.5,0.004374
792,,14,3,4,7,3,4,7,9,0.223815,0.231215,27354.466157,0.309524,0.003473
2236,,14,1,1,2,1,1,2,8,0.256143,0.266917,0,0,0.002586
527,,7,66,68,134,66,68,134,8,0.293931,0.312601,808189.56119,0.081725,0.066963
718,,7,174,149,323,174,149,323,7,0.329379,0.352195,3040061.360973,0.049058,0.1262
2792,,14,1,1,2,1,1,2,8,0.256143,0.266917,0,0,0.002586
2797,,14,2,2,4,2,2,4,8,0.247564,0.257027,0,1,0.00608
2800,,14,1,0,1,1,0,1,0,0,0,0,0,0.002586
416,,14,4,1,5,4,1,5,9,0.195199,0.200058,719.064693,0.4,0.004438
2948,,14,3,0,3,3,0,3,0,0,0,0,0.5,0.003089
118,,7,43,111,154,43,111,154,7,0.326994,0.34901,1503708.276553,0.064588,0.032854
3210,,14,2,1,3,2,1,3,1,1,1,25976,0.333333,0.002915
637,,14,7,4,11,7,4,11,8,0.260485,0.272195,95013.870349,0.196429,0.009659
3328,,14,1,0,1,1,0,1,0,0,0,0,0,0.002586
3280,,16,48,25,73,48,25,73,7,0.306493,0.32325,883128.122765,0.048872,0.038515
790,,1,66,102,168,66,102,168,8,0.298333,0.316769,3057234.130126,0.011399,0.057191
321,,16,53,39,92,53,39,92,7,0.29884,0.316507,862013.05145,0.081182,0.04176
3086,,14,1,3,4,1,3,4,8,0.256716,0.267711,2444.894146,0.833333,0.002586
3486,,14,1,0,1,1,0,1,0,0,0,0,0,0.002586
3505,,14,1,0,1,1,0,1,0,0,0,0,0,0.002586
3513,,14,1,1,2,1,1,2,8,0.256143,0.266917,0,0,0.002586
104,,7,132,158,290,132,158,290,7,0.314753,0.337151,2778165.091255,0.06104,0.130079
176,,16,180,115,295,180,115,295,7,0.30485,0.325133,3360098.208655,0.034902,0.130147
3621,,14,1,4,5,1,4,5,9,0.228868,0.236729,0,0.3,0.002586
838,,14,71,59,130,71,59,130,8,0.290372,0.307723,1761151.277457,0.034279,0.048349
783,,7,122,148,270,122,148,270,7,0.320683,0.343326,2883974.357036,0.036909,0.095403
413,,7,410,49,459,410,49,459,8,0.286157,0.301891,2373448.366304,0.031715,0.280576
3907,,14,1,0,1,1,0,1,0,0,0,0,0,0.002586
627,,16,16,15,31,16,15,31,8,0.24109,0.250722,99564.931768,0.150769,0.015723
3047,,14,1,1,2,1,1,2,8,0.256143,0.266917,0,0,0.002586
2699,,14,2,1,3,2,1,3,8,0.247388,0.256723,0,1,0.00608
4311,,14,1,2,3,1,2,3,8,0.25615,0.266952,25975,0,0.002586
3421,,14,3,6,9,3,6,9,8,0.257594,0.268799,70944.6886,0.142857,0.003473
4436,,14,3,3,6,3,3,6,8,0.256293,0.26713,6.132407,0.55,0.002998
4276,,14,3,10,13,3,10,13,8,0.269162,0.281558,94165.989688,0.128788,0.003133
1740,,16,18,11,29,18,11,29,8,0.243397,0.253609,171950.214992,0.050725,0.016066
4551,,14,1,0,1,1,0,1,0,0,0,0,0,0.002586
4568,,16,9,6,15,9,6,15,8,0.276963,0.289525,79404.979993,0.148352,0.010728
4594,,14,2,2,4,2,2,4,9,0.219497,0.226563,0,0.666667,0.003305
2073,,14,37,26,63,37,26,63,7,0.294432,0.310662,426438.534352,0.071104,0.039234
2227,,16,24,14,38,24,14,38,8,0.256293,0.266778,109704.78606,0.0625,0.014946
4674,,14,1,0,1,1,0,1,0,0,0,0,0,0.002586
4761,,14,1,1,2,1,1,2,8,0.256143,0.266917,0,0,0.002586
3561,,7,4,14,18,4,14,18,8,0.276122,0.289826,30162.522706,0.154412,0.003225
4948,,14,2,2,4,2,2,4,8,0.257049,0.267964,18.870286,0.666667,0.00279
5024,,14,1,0,1,1,0,1,0,0,0,0,0,0.002586
5110,,14,2,0,2,2,0,2,0,0,0,0,1,0.002848
2659,,14,14,19,33,14,19,33,8,0.278269,0.2924,137619.473587,0.146154,0.011051
373,,7,77,43,120,77,43,120,8,0.289876,0.306905,930820.374788,0.075384,0.078114
4687,,14,2,0,2,2,0,2,0,0,0,0,0.5,0.002872
5342,,14,3,3,6,3,3,6,8,0.256188,0.267059,18831,0.25,0.002922
257,,14,11,0,11,11,0,11,0,0,0,0,0.090909,0.026546
5397,,41,4,1,5,4,1,5,1,1,1,24882.57231,0,0.004051
5076,,14,2,3,5,2,3,5,8,0.257351,0.268391,0,1,0.002822
4048,,14,7,6,13,7,6,13,8,0.257598,0.268808,72318.838712,0.208333,0.004393
1991,,7,138,126,264,138,126,264,7,0.322733,0.344879,2479665.191136,0.055236,0.131178
5615,,14,1,1,2,1,1,2,9,0.21881,0.225406,2630.423812,0,0.002586
2329,,7,27,25,52,27,25,52,8,0.271366,0.284837,286845.941253,0.044444,0.017833
5640,,14,4,2,6,4,2,6,8,0.256709,0.267676,40.462633,0.4,0.003166
435,,7,130,7,137,130,7,137,8,0.260557,0.272055,436469.144998,0.083637,0.149729
749,,53,9,11,20,9,11,20,8,0.265596,0.277789,62263.878594,0.122807,0.011355
2246,,14,2,2,4,2,2,4,8,0.247077,0.255685,25988.480124,0.25,0.002852
6011,,1,17,3,20,17,3,20,9,0.231947,0.238868,41039.136565,0.119883,0.012154
3762,,14,4,1,5,4,1,5,8,0.256143,0.266917,0,0.5,0.003219
6064,,14,1,0,1,1,0,1,0,0,0,0,0,0.002586
756,,41,78,79,157,78,79,157,7,0.305627,0.32538,2149574.403949,0.028257,0.054756
6230,,14,3,4,7,3,4,7,8,0.257049,0.268167,0,0.65,0.003142
6049,,14,1,3,4,1,3,4,8,0.256751,0.267791,0,1,0.002586
3604,,14,2,1,3,2,1,3,8,0.256143,0.266917,0,0.5,0.002754
422,,32,130,126,256,130,126,256,7,0.306308,0.325707,3968067.444688,0.031753,0.079389
6305,,7,270,144,414,270,144,414,7,0.320072,0.341675,4935460.251445,0.031085,0.159137
6330,,14,1,1,2,1,1,2,8,0.256143,0.266917,0,0,0.002586
6349,,14,2,1,3,2,1,3,8,0.256143,0.266917,0,1,0.002791
359,,7,187,85,272,187,85,272,8,0.298404,0.316782,3027517.287026,0.054243,0.166836
2091,,14,7,0,7,7,0,7,0,0,0,0,0.309524,0.007674
1853,,16,34,54,88,34,54,88,8,0.295602,0.31304,590769.913104,0.079649,0.037853
6513,,14,1,2,3,1,2,3,8,0.256234,0.267064,0,1,0.002586
5608,,14,1,1,2,1,1,2,8,0.256143,0.266917,0,0,0.002586
6523,,14,1,0,1,1,0,1,0,0,0,0,0,0.002586
6570,,14,3,1,4,3,1,4,9,0.219673,0.226241,1052.321161,0.166667,0.003882
6577,,14,1,0,1,1,0,1,0,0,0,0,0,0.002586
6491,,14,1,1,2,1,1,2,8,0.256143,0.266917,0,0,0.002586
3838,,1,4,5,9,4,5,9,8,0.241582,0.250058,3918.466294,0.303571,0.003945
6718,,16,1,2,3,1,2,3,8,0.23654,0.245985,834.108637,0,0.002586
6749,,14,2,1,3,2,1,3,8,0.256143,0.266917,0,1,0.003305
287,,41,252,59,311,252,59,311,7,0.310532,0.328399,3458521.325761,0.026538,0.19315
6840,,14,1,0,1,1,0,1,0,0,0,0,0,0.002586
6900,,14,1,1,2,1,1,2,8,0.256143,0.266917,0,0,0.002586
6938,,14,2,2,4,2,2,4,8,0.256147,0.266944,1,0.666667,0.002795
6946,,7,9,0,9,9,0,9,0,0,0,0,0.166667,0.014243
6377,,81,1,2,3,1,2,3,8,0.256551,0.267406,2911.620876,0,0.002586
2059,,1,86,36,122,86,36,122,8,0.288601,0.304487,944614.370273,0.050756,0.06561
7037,,7,3,1,4,3,1,4,9,0.221404,0.228257,1451.261837,0,0.003945
211,,14,38,30,68,38,30,68,8,0.2795,0.29465,502482.162422,0.078896,0.041406
7111,,14,1,1,2,1,1,2,8,0.256143,0.266917,0,0,0.002586
5489,,7,11,14,25,11,14,25,8,0.270613,0.282889,142478.941868,0.081028,0.011354
2907,,16,64,64,128,64,64,128,7,0.293821,0.310547,1210929.441487,0.038928,0.047581
6931,,14,2,1,3,2,1,3,8,0.256143,0.266917,0,1,0.002835
576,,25,6,0,6,6,0,6,0,0,0,0,0.3,0.011639
7320,,14,1,1,2,1,1,2,8,0.262757,0.273467,0,0.5,0.002586
7390,,14,1,0,1,1,0,1,0,0,0,0,0,0.002586
2823,,14,24,33,57,24,33,57,8,0.272387,0.286457,372119.631909,0.069697,0.013111
7495,,14,2,1,3,2,1,3,8,0.256143,0.266917,0,0.5,0.002754
7749,,14,1,0,1,1,0,1,0,0,0,0,0,0.002586
5925,,14,2,8,10,2,8,10,8,0.265174,0.277259,29980.450397,0.097222,0.002829
815,,7,28,81,109,28,81,109,7,0.304239,0.322932,726332.570015,0.048485,0.021581
7168,,14,1,1,2,1,1,2,9,0.204032,0.209352,5814.836388,0.5,0.002586
7013,,14,9,5,14,9,5,14,8,0.263124,0.274574,25591.754948,0.224359,0.00884
3675,,7,36,31,67,36,31,67,8,0.286549,0.302171,505317.04579,0.073221,0.029766
226,,7,30,12,42,30,12,42,8,0.259476,0.270835,95534.63918,0.133713,0.030578
7755,,14,2,2,4,2,2,4,8,0.247929,0.257579,16.703522,0.75,0.002801
8470,,14,4,1,5,4,1,5,8,0.262757,0.273467,19273.544631,0.25,0.003171
8134,,1,9,8,17,9,8,17,8,0.265746,0.277211,157184.874422,0.065934,0.005835
7690,,14,2,1,3,2,1,3,8,0.256143,0.266917,0,0.5,0.002754
8840,,12,2,1,3,2,1,3,9,0.207889,0.213377,26039.849811,0,0.003988
4746,,12,2,1,3,2,1,3,8,0.247392,0.256732,440.682893,0.333333,0.002879
9154,,14,4,4,8,4,4,8,8,0.260207,0.271916,106.180931,0.452381,0.003226
9491,,14,1,0,1,1,0,1,0,0,0,0,0,0.002586
9493,,14,1,0,1,1,0,1,0,0,0,0,0,0.002586
1527,,7,25,29,54,25,29,54,8,0.284003,0.298593,383169.180252,0.06087,0.010593
5636,,14,1,1,2,1,1,2,8,0.256143,0.266917,0,0,0.002586
20,,7,206,192,398,206,192,398,7,0.336281,0.360253,5220002.889807,0.041656,0.152105
2846,,36,5,3,8,5,3,8,8,0.263965,0.274924,29735.872683,0.035714,0.003637
1494,,7,9,11,20,9,11,20,8,0.281115,0.294489,38123.063818,0.179167,0.007336
10002,,14,1,1,2,1,1,2,1,1,1,25976,0,0.002586
10089,,41,1,3,4,1,3,4,8,0.235378,0.243913,905.146161,0.166667,0.002586
4256,,14,31,57,88,31,57,88,7,0.314621,0.332729,529165.720935,0.067327,0.024017
10615,,7,1,5,6,1,5,6,8,0.267963,0.279501,1662.837649,0.3,0.002586
5093,,7,4,10,14,4,10,14,8,0.276207,0.28965,33788.127056,0.126374,0.004357
1677,,7,35,18,53,35,18,53,7,0.305711,0.322186,266174.771018,0.114141,0.030096
11289,,14,1,1,2,1,1,2,8,0.256143,0.266917,0,0,0.002586
2376,,7,118,2,120,118,2,120,8,0.26149,0.272622,190338.31515,0.069748,0.136212
11208,,14,12,4,16,12,4,16,8,0.266028,0.27808,2900.023919,0.302198,0.01242
11421,,14,2,2,4,2,2,4,8,0.25615,0.266952,25975,0.166667,0.002754
4863,,14,4,0,4,4,0,4,0,0,0,0,0.916667,0.023719
12038,,14,1,1,2,1,1,2,8,0.256143,0.266917,0,0,0.002586
970,,39,2,0,2,2,0,2,0,0,0,0,0,0.002831
11566,,7,39,15,54,39,15,54,8,0.278269,0.291686,224127.591862,0.104167,0.062579
1586,,7,18,23,41,18,23,41,8,0.276544,0.290496,101469.829071,0.118391,0.013689
2218,,7,15,17,32,15,17,32,8,0.277977,0.291657,77336.375207,0.194581,0.014839
4258,,7,33,3,36,33,3,36,8,0.24328,0.251893,86972.343745,0.118487,0.046436
2515,,65,7,6,13,7,6,13,8,0.237172,0.245117,41641.695396,0.172727,0.005996
8990,,7,9,0,9,9,0,9,0,0,0,0,0.166667,0.015523
2294,,7,26,8,34,26,8,34,8,0.24245,0.25182,85217.385629,0.081653,0.018862
9822,,1,11,10,21,11,10,21,8,0.267951,0.280333,51063.472249,0.178363,0.008295
1439,,69,52,65,117,52,65,117,8,0.303273,0.322251,1513641.234883,0.067295,0.066601
434,,7,177,88,265,177,88,265,7,0.313924,0.334167,2344761.839285,0.072552,0.17031
10312,,1,27,6,33,27,6,33,8,0.235894,0.244463,147890.799419,0.107863,0.01226
1056,,7,165,54,219,165,54,219,8,0.298267,0.314976,1653035.343399,0.053119,0.168966
3203,,7,54,28,82,54,28,82,8,0.287473,0.303615,420006.36764,0.091422,0.061669
2346,,53,9,4,13,9,4,13,8,0.236787,0.244891,93580.660198,0.160256,0.008574
289,,16,48,40,88,48,40,88,8,0.294797,0.311369,879804.645795,0.044466,0.043336
4182,,7,16,17,33,16,17,33,8,0.291293,0.306464,96159.010064,0.156989,0.030229
3208,,14,2,1,3,2,1,3,9,0.217609,0.224055,4.5,0.5,0.002759
13543,,14,1,0,1,1,0,1,0,0,0,0,0,0.002586
971,,7,23,30,53,23,30,53,7,0.288942,0.304622,244975.667745,0.0657,0.018551
13578,,14,1,0,1,1,0,1,0,0,0,0,0,0.002586
50,,7,14,18,32,14,18,32,8,0.261186,0.272595,140809.673926,0.051724,0.01319
11544,,14,2,1,3,2,1,3,1,1,1,25976,0.166667,0.002754
1347,,7,33,29,62,33,29,62,8,0.28017,0.294684,295236.635775,0.084876,0.035154
2758,,14,8,2,10,8,2,10,9,0.215761,0.22246,6752.06333,0.291667,0.005061
5209,,14,1,1,2,1,1,2,8,0.256143,0.266917,0,0,0.002586
11464,,53,8,2,10,8,2,10,8,0.236279,0.244262,49921.637374,0.055556,0.006338
4083,,7,173,7,180,173,7,180,8,0.269124,0.281826,305655.702854,0.07224,0.181472
112,,14,134,163,297,134,163,297,7,0.331689,0.354914,4487691.425218,0.034073,0.074012
2831,,7,7,8,15,7,8,15,8,0.264328,0.275891,51830.925146,0.212121,0.011642
14554,,14,11,4,15,11,4,15,8,0.260456,0.27114,56613.315448,0.185897,0.005348
2185,,16,32,24,56,32,24,56,8,0.283396,0.298516,355468.392383,0.075421,0.033117
143,,7,253,12,265,253,12,265,8,0.27245,0.285018,811951.889204,0.046788,0.214287
17738,,7,50,72,122,50,72,122,7,0.32341,0.343375,591589.432771,0.122604,0.048783
22,,7,79,188,267,79,188,267,7,0.327488,0.350816,1805642.779971,0.05956,0.067046
11823,,14,22,27,49,22,27,49,8,0.282736,0.29768,210659.938567,0.108974,0.01337
2889,,16,46,27,73,46,27,73,8,0.268732,0.282271,417579.465853,0.063492,0.048709
2905,,14,7,6,13,7,6,13,9,0.228318,0.235627,40408.601676,0.2,0.004231
21420,,14,1,0,1,1,0,1,0,0,0,0,0,0.002586
19040,,14,17,10,27,17,10,27,8,0.269154,0.281898,78718.199129,0.201299,0.014042
943,,7,13,20,33,13,20,33,8,0.286036,0.300806,139026.452674,0.122581,0.012867
11348,,14,47,60,107,47,60,107,7,0.310184,0.329339,715012.480306,0.072884,0.030732
24849,,14,1,0,1,1,0,1,0,0,0,0,0,0.002586
24794,,14,4,3,7,4,3,7,8,0.262434,0.273902,74117.808213,0.214286,0.003332
26221,,14,1,0,1,1,0,1,0,0,0,0,0,0.002586
491,,7,164,4,168,164,4,168,9,0.217818,0.223928,201406.267005,0.077987,0.180828
28946,,2,1,2,3,1,2,3,8,0.256422,0.267299,445.252183,0,0.002586
3051,,7,22,28,50,22,28,50,8,0.284363,0.298856,233413.241689,0.091304,0.013408
950,,14,4,13,17,4,13,17,8,0.265904,0.27847,33393.324266,0.179167,0.006525
1062,,16,46,70,116,46,70,116,7,0.310199,0.32791,944148.644835,0.039862,0.021951
12,,7,0,3,3,0,3,3,8,0.264227,0.27527,0,0.833333,0
13,,7,326,384,710,326,384,710,7,0.358202,0.388495,14484128.050006,0.028094,0.262987
15426,,7,24,12,36,24,12,36,8,0.280216,0.293616,12232.593861,0.194958,0.032809
27498,,7,7,28,35,7,28,35,7,0.28661,0.302226,56553.80053,0.098039,0.006131
539,,7,32,18,50,32,18,50,8,0.27418,0.287225,259075.445104,0.046099,0.025486
563,,7,18,41,59,18,41,59,7,0.28668,0.302876,168522.316351,0.071267,0.013482
835,,7,27,40,67,27,40,67,8,0.285537,0.300484,390929.444077,0.103672,0.014984
545,,7,191,299,490,191,299,490,7,0.357977,0.386422,6380023.858655,0.050824,0.170915
896,,7,89,39,128,89,39,128,7,0.30831,0.325887,886780.22773,0.067873,0.068059
400,,7,71,66,137,71,66,137,7,0.305567,0.324277,696689.148535,0.101791,0.069477
1716,,7,12,7,19,12,7,19,8,0.274632,0.287297,12102.923272,0.2125,0.030823
300,,7,276,126,402,276,126,402,7,0.320541,0.341147,4340128.8299,0.039935,0.240451
1952,,7,16,29,45,16,29,45,8,0.287789,0.303385,95441.040826,0.186555,0.013983
812,,7,61,60,121,61,60,121,7,0.28323,0.299453,1137983.579916,0.048757,0.054221
295,,7,23,65,88,23,65,88,7,0.314863,0.332993,226208.689543,0.15701,0.021699
2100,,7,22,36,58,22,36,58,7,0.292588,0.308706,171483.487195,0.105958,0.017182
1378,,7,57,3,60,57,3,60,8,0.253031,0.263325,24647.119884,0.122881,0.060606
237,,7,342,104,446,342,104,446,7,0.307158,0.32726,3621295.895915,0.038745,0.258448
4441,,7,8,0,8,8,0,8,0,0,0,0,0.267857,0.012621
2985,,7,43,42,85,43,42,85,8,0.291844,0.308576,194586.115849,0.111282,0.041877
162,,7,79,56,135,79,56,135,7,0.310174,0.329295,844075.906129,0.086167,0.081002
114,,7,126,23,149,126,23,149,8,0.276914,0.290121,349326.57474,0.076466,0.116552
2528,,53,6,5,11,6,5,11,8,0.245124,0.253581,1109.225906,0.375,0.007032
2943,,7,24,30,54,24,30,54,8,0.287552,0.303242,250326.720612,0.070479,0.021722
1570,,25,13,6,19,13,6,19,8,0.237405,0.245599,55004.004032,0.195833,0.014943
301,,7,86,123,209,86,123,209,7,0.316579,0.3368,1844028.354431,0.065797,0.057437
2305,,7,12,20,32,12,20,32,8,0.283191,0.296987,158052.758578,0.102217,0.013059
249,,7,350,119,469,350,119,469,7,0.331117,0.353912,6954145.624113,0.041984,0.304233
497,,7,74,48,122,74,48,122,7,0.299963,0.317246,1268052.995337,0.05613,0.062932
3655,,7,13,15,28,13,15,28,8,0.270089,0.28272,72463.741605,0.14245,0.026165
149,,7,98,136,234,98,136,234,7,0.330455,0.352848,1908574.040897,0.104741,0.092377
6754,,7,2,4,6,2,4,6,9,0.241378,0.250122,2838.735181,0.5,0.005165
1591,,7,36,34,70,36,34,70,8,0.302227,0.319918,222954.157377,0.182051,0.048037
504,,7,186,46,232,186,46,232,8,0.282329,0.298282,1807753.223285,0.035588,0.166397
727,,7,250,17,267,250,17,267,8,0.288689,0.302884,673075.289585,0.059994,0.220545
361,,7,57,43,100,57,43,100,7,0.299063,0.316594,275795.340854,0.10412,0.052402
1095,,7,10,16,26,10,16,26,8,0.276463,0.289957,140043.429296,0.133333,0.014149
766,,7,104,67,171,104,67,171,7,0.303322,0.32173,1106884.989301,0.093063,0.102519
1905,,7,27,45,72,27,45,72,8,0.28845,0.304713,488222.879675,0.100699,0.038604
7563,,7,13,0,13,13,0,13,0,0,0,0,0.160256,0.024079
8006,,7,1,0,1,1,0,1,0,0,0,0,0,0.003854
8247,,7,1,5,6,1,5,6,8,0.246924,0.256045,26660.653412,0.066667,0.003854
472,,7,34,62,96,34,62,96,8,0.298527,0.315488,917894.131934,0.078933,0.021055
2532,,7,15,13,28,15,13,28,8,0.285212,0.299519,95153.806974,0.141667,0.016841
8039,,7,3,4,7,3,4,7,8,0.27019,0.282415,635.39652,0.4,0.008012
7144,,7,2,6,8,2,6,8,8,0.274981,0.288058,1211.352655,0.238095,0.004022
8731,,7,12,6,18,12,6,18,7,0.297325,0.31226,107049.217452,0.106618,0.012781
1175,,7,93,48,141,93,48,141,7,0.315756,0.334353,1313963.721735,0.057993,0.076348
6175,,7,2,5,7,2,5,7,8,0.281283,0.29433,3160.076063,0.333333,0.006324
256,,7,32,32,64,32,32,64,8,0.278933,0.293156,451708.359191,0.059837,0.037566
5014,,7,6,7,13,6,7,13,8,0.265469,0.276957,115591.368365,0.108974,0.005113
8993,,7,1,0,1,1,0,1,0,0,0,0,0,0.003854
2585,,7,17,21,38,17,21,38,8,0.296575,0.31201,62159.011783,0.192513,0.019353
1364,,7,168,99,267,168,99,267,8,0.315708,0.336719,2490879.297693,0.050933,0.117107
5873,,7,12,10,22,12,10,22,8,0.252363,0.262553,122472.382967,0.04386,0.010577
1521,,53,18,30,48,18,30,48,8,0.282414,0.296872,368541.816845,0.09939,0.031467
67,,36,46,24,70,46,24,70,8,0.272072,0.28559,692474.116384,0.036538,0.039642
8819,,7,8,22,30,8,22,30,7,0.307093,0.323617,67708.363052,0.142857,0.010276
784,,7,67,125,192,67,125,192,7,0.312247,0.334394,1542495.512391,0.070683,0.066985
1813,,32,30,30,60,30,30,60,8,0.283,0.296778,545281.14647,0.04596,0.014557
9905,,7,4,6,10,4,6,10,8,0.267388,0.279091,1845.656316,0.347222,0.005965
2776,,7,11,12,23,11,12,23,8,0.262153,0.27434,19204.141294,0.104762,0.01262
10014,,7,2,4,6,2,4,6,8,0.265368,0.276544,264.129117,0.333333,0.004206
366,,7,58,20,78,58,20,78,8,0.271194,0.284202,322160.704713,0.110766,0.092078
1674,,7,105,68,173,105,68,173,8,0.295148,0.313083,1346464.909996,0.055982,0.107053
489,,7,34,0,34,34,0,34,0,0,0,0,0.230838,0.06552
5807,,7,4,6,10,4,6,10,8,0.253198,0.26278,3699.519103,0.138889,0.004539
1222,,7,2,2,4,2,2,4,9,0.217939,0.224252,352.736808,0.5,0.004642
284,,7,205,173,378,205,173,378,7,0.323721,0.346617,5115022.414576,0.037983,0.190263
250,,16,22,19,41,22,19,41,7,0.278207,0.292298,171198.78421,0.09127,0.023138
9116,,7,9,9,18,9,9,18,8,0.275246,0.288433,40613.008308,0.269231,0.006463
4941,,7,14,7,21,14,7,21,9,0.229566,0.237951,61789.598995,0.180147,0.010632
5995,,7,10,16,26,10,16,26,8,0.275508,0.289541,17202.274816,0.203557,0.030216
1543,,7,36,47,83,36,47,83,7,0.31046,0.328247,235237.050029,0.140636,0.035321
1541,,7,29,14,43,29,14,43,8,0.270356,0.282724,87558.671551,0.203659,0.043569
1006,,7,8,11,19,8,11,19,8,0.274112,0.286937,46546.413927,0.091503,0.00843
11557,,7,3,2,5,3,2,5,9,0.224928,0.232151,19003.340861,0.2,0.004426
11619,,7,4,0,4,4,0,4,0,0,0,0,0.083333,0.00547
1286,,7,23,20,43,23,20,43,8,0.285372,0.299808,100636.608211,0.230159,0.026256
10066,,1,3,0,3,3,0,3,0,0,0,0,0.166667,0.007676
607,,7,33,6,39,33,6,39,8,0.26584,0.277771,118401.883419,0.253036,0.061513
9675,,16,15,8,23,15,8,23,8,0.251409,0.261341,75655.517549,0.107895,0.015486
7062,,7,22,11,33,22,11,33,7,0.300889,0.316052,132969.485673,0.104301,0.027229
9547,,7,4,6,10,4,6,10,8,0.268234,0.28007,90599.863723,0.166667,0.00577
4604,,7,11,5,16,11,5,16,7,0.293748,0.308226,23588.013837,0.192308,0.015875
842,,7,20,26,46,20,26,46,8,0.277183,0.290885,213272.432639,0.072009,0.019757
1084,,2,60,48,108,60,48,108,7,0.308572,0.326126,1108029.949704,0.049084,0.038469
326,,7,133,178,311,133,178,311,7,0.321011,0.344312,2537014.830141,0.049853,0.097197
1024,,7,31,19,50,31,19,50,7,0.300605,0.31606,324450.000811,0.064482,0.034914
467,,7,8,5,13,8,5,13,9,0.247333,0.257314,79829.167594,0.083333,0.007455
3040,,7,30,38,68,30,38,68,7,0.304786,0.321836,221150.183132,0.09774,0.0206
10217,,2,13,33,46,13,33,46,8,0.293707,0.309014,186014.069522,0.073643,0.008267
2056,,7,41,39,80,41,39,80,7,0.305414,0.322423,341684.643458,0.078858,0.030623
901,,7,55,74,129,55,74,129,7,0.311204,0.330483,573188.583248,0.116807,0.07028
1479,,16,15,16,31,15,16,31,8,0.262369,0.274767,51125.660742,0.178333,0.011538
863,,53,47,43,90,47,43,90,8,0.26864,0.281796,745592.767308,0.03499,0.026981
1953,,7,69,46,115,69,46,115,8,0.289916,0.306407,897353.855338,0.054135,0.067048
13285,,7,1,2,3,1,2,3,8,0.229127,0.236509,149.505008,0.5,0.003854
2166,,16,23,26,49,23,26,49,8,0.268801,0.282835,161173.634959,0.114983,0.013489
8891,,7,9,2,11,9,2,11,8,0.272556,0.284154,22878.692398,0.154545,0.012755
1352,,7,35,26,61,35,26,61,7,0.290929,0.305916,463256.12819,0.076441,0.027555
4634,,16,8,7,15,8,7,15,8,0.268483,0.280297,54938.337454,0.025641,0.010212
1447,,7,7,12,19,7,12,19,8,0.244811,0.254476,79078.69317,0.032164,0.006067
474,,7,18,15,33,18,15,33,8,0.279554,0.29308,147287.993492,0.095699,0.017554
961,,7,81,69,150,81,69,150,7,0.297217,0.314486,1904960.635456,0.036838,0.063405
1369,,2,74,38,112,74,38,112,8,0.281502,0.296158,1076155.44168,0.044296,0.06696
3661,,7,36,6,42,36,6,42,7,0.295143,0.309736,105954.183604,0.148077,0.039638
6942,,7,40,4,44,40,4,44,8,0.238915,0.247253,99806.229302,0.182724,0.048761
8210,,7,3,15,18,3,15,18,8,0.289319,0.304241,2705.996386,0.301471,0.0061
5305,,16,10,18,28,10,18,28,8,0.281237,0.295327,97959.199231,0.113846,0.016443
6803,,7,32,0,32,32,0,32,0,0,0,0,0.178427,0.048083
459,,1,147,105,252,147,105,252,7,0.31992,0.34044,3203881.640452,0.037975,0.103775
2364,,16,31,14,45,31,14,45,8,0.277526,0.291742,32123.49799,0.160897,0.036086
14355,,7,2,3,5,2,3,5,9,0.230683,0.239168,690.725141,0.25,0.004086
4968,,7,10,0,10,10,0,10,0,0,0,0,0.177778,0.029009
14471,,7,3,0,3,3,0,3,0,0,0,0,0.833333,0.011604
12359,,7,4,7,11,4,7,11,8,0.260416,0.271041,468.9227,0.181818,0.004883
1552,,7,24,35,59,24,35,59,7,0.308846,0.326594,462653.943391,0.102394,0.036732
1490,,7,52,19,71,52,19,71,7,0.275387,0.288728,299076.588864,0.071429,0.045224
1972,,7,65,68,133,65,68,133,7,0.298498,0.316314,955943.637041,0.054648,0.047707
15056,,7,5,1,6,5,1,6,9,0.233264,0.241027,387.091184,0.1,0.005237
246,,7,47,198,245,47,198,245,7,0.335897,0.361076,3163384.732631,0.043843,0.047524
407,,16,98,66,164,98,66,164,8,0.301699,0.321357,1779643.784869,0.049845,0.063191
4779,,7,30,1,31,30,1,31,9,0.224973,0.231836,51503.495653,0.054839,0.024442
3416,,7,11,15,26,11,15,26,8,0.276187,0.289512,81832.602881,0.224615,0.017052
2769,,7,7,7,14,7,7,14,8,0.270232,0.282212,12033.035552,0.333333,0.016972
831,,7,63,5,68,63,5,68,8,0.249477,0.258616,114265.421053,0.106014,0.072934
6140,,16,34,35,69,34,35,69,8,0.284368,0.299862,579973.267136,0.053552,0.023834
14994,,16,7,3,10,7,3,10,8,0.242191,0.250512,20045.486424,0.166667,0.009402
16021,,7,3,6,9,3,6,9,8,0.250806,0.26019,97476.090469,0.035714,0.004209
4238,,16,29,20,49,29,20,49,8,0.255067,0.265925,426078.629171,0.059146,0.024312
4853,,7,25,23,48,25,23,48,8,0.281405,0.295311,276419.528441,0.072947,0.02651
5672,,7,51,7,58,51,7,58,7,0.296057,0.31086,210527.727882,0.125325,0.057712
689,,16,65,101,166,65,101,166,8,0.302722,0.321741,859437.769947,0.0517,0.035479
3875,,7,115,91,206,115,91,206,8,0.309837,0.328571,1964794.749857,0.041624,0.076457
6630,,7,5,23,28,5,23,28,8,0.284273,0.299297,6261.732981,0.219577,0.010642
7158,,7,2,2,4,2,2,4,8,0.244262,0.252947,166.428464,0.416667,0.004532
322,,1,18,25,43,18,25,43,8,0.275706,0.288867,126476.107361,0.132254,0.015475
667,,7,22,23,45,22,23,45,8,0.29282,0.307962,224107.670242,0.14367,0.02153
5580,,16,33,34,67,33,34,67,8,0.284119,0.298983,435163.78566,0.077381,0.018706
10375,,7,10,1,11,10,1,11,10,0.179155,0.182313,0,0.336364,0.016265
2194,,7,43,50,93,43,50,93,8,0.287543,0.303631,609260.784891,0.060446,0.02885
10155,,7,11,4,15,11,4,15,8,0.269147,0.28102,6954.00891,0.208791,0.01515
514,,7,89,65,154,89,65,154,7,0.316611,0.335671,1179383.530446,0.070162,0.060514
1059,,7,107,14,121,107,14,121,7,0.300797,0.316476,353518.44874,0.103227,0.113433
282,,16,31,47,78,31,47,78,8,0.297738,0.316195,467778.146479,0.092788,0.025583
1132,,41,128,106,234,128,106,234,7,0.307072,0.327009,3611241.530685,0.029567,0.080654
88,,7,103,117,220,103,117,220,7,0.326014,0.346614,2295034.603976,0.059372,0.108212
18123,,16,3,3,6,3,3,6,8,0.247675,0.257442,21037.833161,0.2,0.004227
18182,,7,3,3,6,3,3,6,8,0.252586,0.262113,3286.628271,0.25,0.00546
18189,,7,1,1,2,1,1,2,8,0.263736,0.274618,0,0,0.003854
9505,,7,11,12,23,11,12,23,8,0.269035,0.281574,57708.146389,0.078947,0.007288
18382,,7,1,1,2,1,1,2,8,0.263736,0.274618,0,0,0.003854
3103,,7,69,54,123,69,54,123,7,0.29679,0.314474,977581.561298,0.102836,0.075824
222,,7,59,68,127,59,68,127,7,0.314679,0.333536,396316.554327,0.116563,0.043565
1239,,7,19,36,55,19,36,55,8,0.285628,0.301837,135373.079208,0.116425,0.018462
8411,,36,10,8,18,10,8,18,8,0.236386,0.244653,97373.576877,0.095833,0.007665
274,,7,101,27,128,101,27,128,8,0.29694,0.313063,497760.839706,0.077702,0.1016
986,,16,51,235,286,51,235,286,7,0.339538,0.365636,5006519.785977,0.026336,0.047483
1389,,16,67,88,155,67,88,155,7,0.303743,0.323576,1948334.015745,0.059218,0.072214
19206,,39,1,4,5,1,4,5,8,0.264507,0.275566,26022.571138,0.25,0.003854
19336,,7,2,0,2,2,0,2,0,0,0,0,0,0.004039
4641,,7,17,14,31,17,14,31,8,0.278022,0.291882,121792.468594,0.133598,0.022393
7632,,7,4,6,10,4,6,10,8,0.25939,0.270369,17355.838842,0.180556,0.005939
127,,81,77,63,140,77,63,140,8,0.289952,0.307522,2208576.572779,0.025284,0.032283
4129,,7,2,10,12,2,10,12,8,0.269922,0.282066,5071.405882,0.155556,0.004915
1274,,7,60,10,70,60,10,70,8,0.264121,0.275234,92613.004261,0.143892,0.082402
6324,,7,16,17,33,16,17,33,8,0.276414,0.289108,6412.603472,0.275132,0.021884
5943,,7,6,14,20,6,14,20,8,0.264588,0.275867,93492.837031,0.117647,0.005934
848,,7,36,32,68,36,32,68,8,0.292238,0.307774,609031.562371,0.071173,0.046168
5306,,7,7,7,14,7,7,14,8,0.274977,0.287765,6314.645771,0.224359,0.009517
20270,,7,4,0,4,4,0,4,0,0,0,0,0,0.004825
8463,,16,12,6,18,12,6,18,8,0.249477,0.258818,25293.313452,0.191667,0.017297
3191,,7,13,24,37,13,24,37,8,0.27426,0.287877,195445.604631,0.09375,0.011584
2620,,7,31,10,41,31,10,41,8,0.273312,0.285715,122968.71198,0.150071,0.049346
3000,,7,10,10,20,10,10,20,8,0.259486,0.270086,35728.679247,0.190476,0.012571
4429,,7,7,21,28,7,21,28,8,0.281797,0.296418,161718.007832,0.129231,0.007828
8173,,7,18,28,46,18,28,46,7,0.287714,0.302968,126672.340091,0.124359,0.015453
4834,,7,100,0,100,100,0,100,0,0,0,0,0.121818,0.137404
2245,,7,31,28,59,31,28,59,7,0.304254,0.321053,446804.737454,0.071644,0.026578
20955,,7,1,0,1,1,0,1,0,0,0,0,0,0.003854
3633,,7,15,9,24,15,9,24,8,0.263161,0.275451,62366.180891,0.202632,0.028295
196,,7,31,23,54,31,23,54,8,0.276463,0.290056,105076.345748,0.1727,0.029828
484,,7,72,81,153,72,81,153,8,0.312813,0.331885,1544007.349191,0.069222,0.094745
650,,7,89,104,193,89,104,193,7,0.309313,0.329267,771933.151054,0.061215,0.04595
19393,,16,34,9,43,34,9,43,8,0.245931,0.255818,146172.897617,0.051051,0.021106
198,,7,194,154,348,194,154,348,7,0.330344,0.353081,2901932.372978,0.058135,0.16725
3261,,7,33,11,44,33,11,44,8,0.281907,0.295325,163554.209172,0.129487,0.034283
1656,,7,49,47,96,49,47,96,8,0.28682,0.303474,876353.097582,0.059301,0.049133
4973,,7,3,5,8,3,5,8,8,0.263891,0.275142,29277.026907,0.107143,0.00419
862,,7,37,1,38,37,1,38,8,0.24706,0.255638,1133.510758,0.255334,0.061702
4134,,7,29,33,62,29,33,62,8,0.290466,0.306903,270545.451306,0.095082,0.022226
170,,7,116,66,182,116,66,182,8,0.286044,0.302546,2442551.536693,0.034123,0.082386
14199,,16,6,4,10,6,4,10,8,0.247551,0.257411,2531.887214,0.194444,0.006653
1485,,7,11,9,20,11,9,20,8,0.230285,0.238347,101270.186006,0.057895,0.014864
22863,,7,1,0,1,1,0,1,0,0,0,0,0,0.003854
20017,,16,4,9,13,4,9,13,8,0.258574,0.270017,2888.163475,0.418182,0.008988
1867,,7,33,18,51,33,18,51,8,0.281376,0.295962,276013.863731,0.087879,0.032901
524,,53,24,21,45,24,21,45,8,0.278117,0.291398,267294.397501,0.084756,0.023054
20698,,16,20,16,36,20,16,36,8,0.252678,0.26288,45702.800701,0.188034,0.014826
5797,,7,9,7,16,9,7,16,8,0.250289,0.260256,102618.494865,0.071429,0.008076
2191,,7,50,23,73,50,23,73,8,0.270023,0.282833,548690.060452,0.041923,0.035605
8220,,7,1,1,2,1,1,2,9,0.216073,0.222086,53.622694,0,0.003854
3607,,7,11,28,39,11,28,39,8,0.287947,0.302439,48249.370357,0.121622,0.015099
5127,,16,15,29,44,15,29,44,8,0.275774,0.289972,181035.475466,0.103914,0.01075
13742,,7,1,7,8,1,7,8,8,0.258588,0.269475,1093.381591,0.25,0.003854
8914,,16,5,1,6,5,1,6,8,0.23451,0.243055,81.479792,0.333333,0.011725
1318,,7,49,42,91,49,42,91,7,0.315011,0.333145,488932.593715,0.119693,0.052031
130,,16,46,27,73,46,27,73,8,0.280876,0.294696,858639.678123,0.037158,0.027838
2005,,7,35,26,61,35,26,61,8,0.276654,0.290346,181609.172957,0.099026,0.050616
8853,,16,8,6,14,8,6,14,8,0.25283,0.263175,3452.640134,0.355556,0.010643
1133,,7,45,2,47,45,2,47,8,0.279533,0.291995,75599.583383,0.241919,0.079242
352,,7,95,72,167,95,72,167,7,0.311746,0.329911,1626003.611424,0.061346,0.092631
3010,,7,41,51,92,41,51,92,7,0.299419,0.316907,193905.539457,0.152017,0.033558
8973,,7,9,19,28,9,19,28,8,0.27424,0.287731,2292.853442,0.413158,0.00833
20847,,7,8,12,20,8,12,20,8,0.269675,0.281876,246.939789,0.712121,0.007937
10804,,7,16,13,29,16,13,29,8,0.269717,0.281907,2234.549479,0.431373,0.011651
1701,,7,24,15,39,24,15,39,8,0.25615,0.267256,31860.931406,0.208602,0.022529
238,,7,19,36,55,19,36,55,8,0.287653,0.303348,26720.677243,0.213705,0.019253
2506,,16,30,10,40,30,10,40,9,0.238346,0.247338,322522.117062,0.044538,0.030516
13627,,7,14,3,17,14,3,17,8,0.263426,0.27468,59762.231399,0.07619,0.023365
25752,,7,1,2,3,1,2,3,8,0.235213,0.243617,0,0.666667,0.003854
1818,,7,60,45,105,60,45,105,8,0.293927,0.310923,749608.769322,0.057895,0.057768
25954,,7,2,0,2,2,0,2,0,0,0,0,0,0.005127
25956,,7,1,2,3,1,2,3,8,0.263747,0.274663,0,1,0.003854
113,,7,178,28,206,178,28,206,7,0.295546,0.312496,1779576.607628,0.081206,0.170129
1538,,7,58,77,135,58,77,135,7,0.297682,0.315537,714352.73949,0.096177,0.082697
476,,7,45,1,46,45,1,46,10,0.167363,0.17024,89611.957979,0.047475,0.040997
3037,,7,14,28,42,14,28,42,8,0.285407,0.300745,66215.942869,0.208502,0.014499
4067,,7,19,30,49,19,30,49,8,0.281472,0.296665,154083.610576,0.110897,0.017817
394,,7,78,42,120,78,42,120,8,0.2995,0.317059,524076.40781,0.068449,0.07195
8291,,7,7,4,11,7,4,11,8,0.238515,0.247224,9980.931491,0.109091,0.011989
847,,7,39,2,41,39,2,41,9,0.212742,0.218228,38214.840711,0.138415,0.039814
26851,,16,8,2,10,8,2,10,9,0.232848,0.240969,2287.198882,0.097222,0.015362
4812,,16,17,14,31,17,14,31,8,0.257411,0.269664,187950.82912,0.072751,0.011533
2316,,7,23,20,43,23,20,43,8,0.278133,0.292,171712.69324,0.070267,0.030363
27422,,53,1,2,3,1,2,3,8,0.252491,0.263542,8051.163423,0,0.003854
1573,,7,139,0,139,139,0,139,0,0,0,0,0.069649,0.156206
7263,,7,31,37,68,31,37,68,7,0.289778,0.304812,396501.870117,0.108081,0.033822
27932,,16,1,2,3,1,2,3,8,0.250709,0.260622,103.128725,0.666667,0.003854
3658,,7,8,8,16,8,8,16,8,0.251856,0.262571,33628.362495,0.141026,0.007509
8229,,7,3,5,8,3,5,8,8,0.241189,0.250124,1168.295579,0.2,0.004533
1081,,7,38,51,89,38,51,89,8,0.301699,0.319355,323546.610629,0.129549,0.053194
4528,,7,44,27,71,44,27,71,8,0.294244,0.310368,262141.503686,0.12084,0.055161
7371,,7,2,9,11,2,9,11,8,0.277265,0.290539,18849.034861,0.211111,0.004022
1825,,16,10,10,20,10,10,20,8,0.266084,0.277507,165393.82317,0.044118,0.007731
945,,7,45,31,76,45,31,76,8,0.280914,0.295736,428378.361814,0.071009,0.042996
8872,,7,2,6,8,2,6,8,9,0.23539,0.244249,20610.232944,0.178571,0.004022
5147,,7,8,6,14,8,6,14,8,0.247688,0.257265,35334.169232,0.089744,0.008338
3989,,41,10,5,15,10,5,15,8,0.236036,0.244738,45060.136848,0.060606,0.008052
3967,,7,8,11,19,8,11,19,8,0.265566,0.277104,109679.824404,0.083333,0.005874
5655,,7,13,12,25,13,12,25,8,0.233162,0.241912,57548.885829,0.184211,0.011056
29311,,14,3,0,3,3,0,3,0,0,0,0,0.166667,0.004753
29642,,7,1,0,1,1,0,1,0,0,0,0,0,0.003854
1483,,7,49,46,95,49,46,95,7,0.315634,0.333245,531950.647372,0.10725,0.076442
4849,,7,8,14,22,8,14,22,8,0.257749,0.268051,104524.906501,0.085714,0.006649
1064,,7,52,63,115,52,63,115,7,0.306243,0.325973,1938254.229687,0.044623,0.051145
7003,,7,3,10,13,3,10,13,8,0.273507,0.286585,81270.455796,0.212121,0.004373
12469,,7,77,32,109,77,32,109,7,0.303684,0.320919,322632.837357,0.10641,0.054072
1060,,7,19,30,49,19,30,49,8,0.263832,0.276194,236850.769604,0.063123,0.011606
1134,,7,17,19,36,17,19,36,8,0.276471,0.289953,181817.938847,0.053782,0.011304
1915,,7,16,10,26,16,10,26,8,0.269617,0.281847,93242.75705,0.127706,0.013665
1882,,7,6,11,17,6,11,17,8,0.268421,0.280594,63167.972112,0.175,0.008985
622,,16,51,44,95,51,44,95,7,0.306882,0.324336,705284.512865,0.073024,0.053695
3438,,7,20,23,43,20,23,43,8,0.2755,0.288865,196126.236554,0.089744,0.013083
17442,,7,5,7,12,5,7,12,8,0.28194,0.29594,5324.997188,0.4,0.009982
7567,,7,10,11,21,10,11,21,8,0.276698,0.289901,67842.96432,0.157895,0.007472
13666,,7,78,11,89,78,11,89,8,0.279986,0.293325,305649.970225,0.081532,0.065935
2976,,7,3,8,11,3,8,11,8,0.265806,0.277787,45478.553813,0.333333,0.004395
4175,,53,7,14,21,7,14,21,8,0.26557,0.277896,81134.690919,0.186275,0.00784
32,,7,62,31,93,62,31,93,8,0.290377,0.305854,486464.999861,0.099177,0.075331
1663,,36,76,67,143,76,67,143,7,0.291704,0.308498,1736168.326627,0.040152,0.043639
16267,,7,3,1,4,3,1,4,8,0.224175,0.2311,577.97295,0.416667,0.005093
12897,,7,5,3,8,5,3,8,8,0.226582,0.23435,20243.620178,0.095238,0.005846
3256,,16,10,249,259,10,249,259,7,0.334494,0.362166,2197191.77839,0.025287,0.00985
7049,,7,12,17,29,12,17,29,8,0.277363,0.291091,56331.948238,0.131054,0.008122
871,,7,15,60,75,15,60,75,8,0.3028,0.320975,182095.367666,0.177748,0.013625
12792,,7,7,4,11,7,4,11,8,0.264099,0.275163,11552.475895,0.152778,0.006815
604,,7,15,8,23,15,8,23,8,0.246795,0.256466,84508.578703,0.067194,0.011922
801,,7,4,15,19,4,15,19,8,0.278195,0.291663,117336.367389,0.186275,0.005834
24795,,7,5,2,7,5,2,7,9,0.242581,0.25143,156.973524,0.4,0.006997
1839,,7,59,36,95,59,36,95,8,0.277126,0.291519,661903.057552,0.059494,0.046426
6254,,7,8,6,14,8,6,14,8,0.261628,0.272921,19878.820431,0.065934,0.007862
10400,,36,23,18,41,23,18,41,8,0.241526,0.251347,119927.7443,0.219328,0.01164
35149,,7,1,0,1,1,0,1,0,0,0,0,0,0.003854
1844,,32,9,8,17,9,8,17,8,0.250926,0.261049,42860.692143,0.161905,0.009858
1936,,7,49,75,124,49,75,124,7,0.319768,0.340184,909429.438751,0.074646,0.038397
10338,,7,7,4,11,7,4,11,8,0.265439,0.276902,26758.600301,0.319444,0.011436
2525,,7,32,30,62,32,30,62,8,0.282342,0.296952,250583.516505,0.106776,0.028702
989,,7,106,26,132,106,26,132,8,0.290184,0.305189,239395.480325,0.100122,0.107633
14,,7,0,3,3,0,3,3,8,0.264291,0.275267,0,0.5,0
2403,,7,50,56,106,50,56,106,8,0.289881,0.306663,714130.670433,0.046821,0.032571
70,,7,47,25,72,47,25,72,8,0.259004,0.271026,555788.601453,0.091511,0.043116
1889,,7,6,5,11,6,5,11,9,0.216319,0.222767,78435.168358,0.055556,0.018397
2393,,7,11,6,17,11,6,17,8,0.26619,0.277685,402303.085774,0.058824,0.005053
14854,,7,1,1,2,1,1,2,10,0.178297,0.181845,0,0,0.002928
16,,36,15,7,22,15,7,22,9,0.235413,0.243746,88647.073308,0.130719,0.024599
17,,36,5,0,5,5,0,5,0,0,0,0,0.3,0.003372
18,,36,2,9,11,2,9,11,8,0.236629,0.245093,26403.130962,0.263889,0.001164
21,,36,30,18,48,30,18,48,8,0.268341,0.280841,241172.503445,0.090244,0.04134
2998,,36,10,4,14,10,4,14,8,0.274552,0.286562,45690.52346,0.242424,0.021745
4363,,36,12,11,23,12,11,23,8,0.268647,0.281064,203600.591409,0.107843,0.021457
31405,,36,3,0,3,3,0,3,0,0,0,0,1,0.001599
1448,,7,6,19,25,6,19,25,8,0.283699,0.297329,159533.290737,0.121377,0.006131
1582,,36,50,18,68,50,18,68,8,0.280003,0.294204,550098.716616,0.046721,0.03992
8174,,36,1,0,1,1,0,1,0,0,0,0,0,0.000185
10082,,36,2,1,3,2,1,3,10,0.178866,0.182208,2.185065,0.166667,0.00274
19,,7,9,20,29,9,20,29,8,0.269412,0.282459,100856.657434,0.047009,0.007538
2629,,7,1,0,1,1,0,1,0,0,0,0,0,0.000271
940,,7,14,54,68,14,54,68,8,0.303768,0.321654,181879.156474,0.087302,0.01138
269,,7,14,39,53,14,39,53,8,0.261055,0.273058,129216.124182,0.04463,0.008176
7592,,67,18,4,22,18,4,22,7,0.293674,0.308179,247332.090883,0.030303,0.006459
7593,,16,2,0,2,2,0,2,0,0,0,0,0,0.000522
24229,,7,2,0,2,2,0,2,0,0,0,0,0,0.000638
17088,,7,21,16,37,21,16,37,8,0.284441,0.298843,573400.190684,0.054367,0.006388
18174,,16,80,59,139,80,59,139,8,0.298612,0.31731,1221055.523319,0.068794,0.070917
15399,,65,6,3,9,6,3,9,8,0.238162,0.246207,38387.083732,0.02381,0.004498
332,,7,20,27,47,20,27,47,8,0.282962,0.297805,181578.730184,0.109081,0.013357
579,,7,11,14,25,11,14,25,8,0.271652,0.284463,36144.401058,0.183794,0.015185
1804,,7,3,0,3,3,0,3,0,0,0,0,0.5,0.003138
1733,,7,14,14,28,14,14,28,8,0.2846,0.299501,26409.399912,0.293651,0.022881
1488,,7,11,6,17,11,6,17,8,0.262533,0.274003,2744.071802,0.266667,0.014139
442,,7,90,1,91,90,1,91,8,0.231853,0.238629,100856.680814,0.065793,0.094647
2920,,7,1,3,4,1,3,4,8,0.266941,0.279254,762.820146,0.333333,0.002347
5177,,7,14,14,28,14,14,28,8,0.276519,0.289765,29280.212133,0.118234,0.011889
4683,,16,11,10,21,11,10,21,8,0.269024,0.281777,22176.10087,0.202206,0.018202
429,,7,64,90,154,64,90,154,8,0.306493,0.326054,640215.532038,0.106788,0.051017
2433,,36,2,6,8,2,6,8,8,0.231386,0.239263,104766.992825,0.035714,0.002585
621,,36,22,9,31,22,9,31,8,0.274656,0.287816,188284.13439,0.098291,0.024485
6571,,7,2,7,9,2,7,9,8,0.267115,0.279259,398.208282,0.303571,0.002985
2024,,16,14,3,17,14,3,17,8,0.24586,0.256052,20779.956179,0.011029,0.014786
643,,7,152,50,202,152,50,202,7,0.311668,0.329506,1494377.232857,0.064742,0.157916
6869,,7,1,2,3,1,2,3,8,0.251661,0.260858,0,0.5,0.002347
7096,,7,1,0,1,1,0,1,0,0,0,0,0,0.002347
7097,,7,1,2,3,1,2,3,8,0.251661,0.260858,0,0.5,0.002347
5351,,7,2,5,7,2,5,7,8,0.252793,0.262286,139.239717,0.25,0.002562
7098,,7,4,5,9,4,5,9,8,0.251843,0.261137,1447.338852,0.125,0.005393
7099,,14,2,5,7,2,5,7,8,0.264121,0.275139,105.472193,0.214286,0.002582
6475,,7,5,9,14,5,9,14,7,0.301733,0.317354,5289.398667,0.189394,0.003156
7100,,7,1,4,5,1,4,5,8,0.256989,0.266995,26325.880422,0.166667,0.002347
4585,,16,18,11,29,18,11,29,8,0.251695,0.261573,85522.712134,0.138333,0.013205
214,,16,46,52,98,46,52,98,8,0.294649,0.312201,786853.64047,0.071261,0.049309
1020,,7,37,26,63,37,26,63,8,0.278302,0.292433,140748.421467,0.111111,0.027326
4956,,7,3,9,12,3,9,12,8,0.269946,0.281984,2501.853196,0.209091,0.00285
1940,,7,9,2,11,9,2,11,9,0.218696,0.224955,47194.169194,0.081818,0.007781
733,,7,22,36,58,22,36,58,7,0.286982,0.302534,118053.393665,0.151293,0.018051
9401,,14,1,2,3,1,2,3,9,0.230852,0.238136,318.765988,0.166667,0.002347
665,,7,152,17,169,152,17,169,8,0.273491,0.286334,629461.972239,0.073085,0.118361
80,,7,73,215,288,73,215,288,7,0.33117,0.356228,1306795.498907,0.073433,0.05362
5036,,1,1,1,2,1,1,2,8,0.232188,0.239318,0,1,0.002347
3150,,7,102,22,124,102,22,124,8,0.293491,0.307602,1321167.655463,0.051963,0.095212
9698,,7,2,2,4,2,2,4,9,0.207616,0.212893,25975,0.25,0.003028
10419,,7,1,4,5,1,4,5,8,0.251748,0.261045,21.538827,0.25,0.002347
586,,36,60,19,79,60,19,79,8,0.275948,0.288794,497672.1865,0.05118,0.049633
2534,,7,65,30,95,65,30,95,8,0.278384,0.292519,732523.164854,0.034054,0.041769
11361,,7,1,0,1,1,0,1,0,0,0,0,0,0.002347
11873,,7,1,0,1,1,0,1,0,0,0,0,0,0.002347
91,,7,124,61,185,124,61,185,8,0.298196,0.316703,1450104.258326,0.077679,0.118711
512,,7,18,12,30,18,12,30,8,0.267548,0.279618,4756.707806,0.208046,0.016787
2786,,7,57,54,111,57,54,111,8,0.290086,0.306159,730088.136918,0.077364,0.075728
2649,,7,47,48,95,47,48,95,7,0.301081,0.318381,187533.365699,0.172509,0.047506
739,,7,42,56,98,42,56,98,8,0.303376,0.321231,447532.199903,0.098904,0.033224
1806,,7,38,45,83,38,45,83,7,0.311658,0.329128,251795.505069,0.129508,0.026022
13462,,7,1,0,1,1,0,1,0,0,0,0,0,0.002347
644,,7,112,34,146,112,34,146,8,0.291181,0.306948,896051.942345,0.045406,0.105736
14268,,7,1,0,1,1,0,1,0,0,0,0,0,0.002347
9019,,41,13,12,25,13,12,25,8,0.268878,0.281035,133119.1582,0.060606,0.013872
3368,,7,51,22,73,51,22,73,8,0.282059,0.29671,469207.216858,0.09747,0.063021
1778,,7,114,106,220,114,106,220,8,0.310788,0.330675,2529656.081339,0.068768,0.083753
14830,,7,1,0,1,1,0,1,0,0,0,0,0,0.002347
12653,,7,3,0,3,3,0,3,0,0,0,0,0.666667,0.00733
2070,,7,23,15,38,23,15,38,8,0.281869,0.296192,151749.48154,0.112698,0.035102
1790,,7,36,48,84,36,48,84,7,0.310092,0.32787,143999.217017,0.154634,0.032757
15948,,7,1,0,1,1,0,1,0,0,0,0,0,0.002347
16552,,7,1,0,1,1,0,1,0,0,0,0,0,0.002347
16553,,7,1,1,2,1,1,2,8,0.251658,0.260832,0,0,0.002347
498,,7,56,42,98,56,42,98,7,0.297611,0.313351,405465.112464,0.098502,0.048418
16993,,7,1,0,1,1,0,1,0,0,0,0,0,0.002347
5682,,7,1,1,2,1,1,2,9,0.206471,0.211864,134.416774,0,0.002347
18256,,7,7,4,11,7,4,11,8,0.27045,0.282462,33086.133572,0.133333,0.003806
18400,,7,1,0,1,1,0,1,0,0,0,0,0,0.002347
18541,,7,2,1,3,2,1,3,8,0.251658,0.260832,0,0.5,0.002515
924,,7,98,142,240,98,142,240,7,0.327899,0.350701,2087467.986021,0.071455,0.072776
18947,,7,10,0,10,10,0,10,0,0,0,0,0.2,0.004154
5470,,7,72,12,84,72,12,84,8,0.280633,0.294121,245591.249804,0.085957,0.07819
10268,,16,86,65,151,86,65,151,8,0.300121,0.319655,895807.507819,0.067806,0.070943
3454,,7,138,116,254,138,116,254,7,0.324676,0.345907,2027944.801247,0.059455,0.077887
20418,,7,1,1,2,1,1,2,9,0.212822,0.218686,56.593964,0.5,0.002347
12572,,7,56,37,93,56,37,93,8,0.294064,0.310788,346850.968252,0.085773,0.030653
20925,,7,1,0,1,1,0,1,0,0,0,0,0,0.002347
233,,7,347,433,780,347,433,780,7,0.361357,0.39311,13442908.319953,0.027792,0.225977
7984,,7,52,57,109,52,57,109,7,0.3122,0.330194,962396.226181,0.138746,0.048877
1684,,16,26,22,48,26,22,48,7,0.302683,0.318811,208870.047465,0.11336,0.021169
22284,,7,1,0,1,1,0,1,0,0,0,0,0,0.002347
22205,,7,5,1,6,5,1,6,9,0.221715,0.228356,104.394454,0.366667,0.006542
3807,,7,48,70,118,48,70,118,7,0.30772,0.325346,547419.137318,0.111966,0.039793
6002,,7,38,44,82,38,44,82,8,0.294737,0.312161,613163.793727,0.127305,0.030727
4329,,7,60,186,246,60,186,246,7,0.330304,0.354974,1065203.759286,0.056034,0.042927
493,,7,49,38,87,49,38,87,7,0.294161,0.310616,357188.889446,0.095738,0.036536
22156,,7,22,15,37,22,15,37,8,0.286297,0.301162,27408.653764,0.182709,0.017475
20396,,7,4,3,7,4,3,7,8,0.251671,0.260903,45328.810307,0.2,0.005193
7177,,7,1,6,7,1,6,7,8,0.266695,0.278489,2545.647099,0.333333,0.002347
13833,,32,97,166,263,97,166,263,7,0.32598,0.349467,3768561.554651,0.032332,0.046503
27169,,7,1,0,1,1,0,1,0,0,0,0,0,0.002347
27170,,7,1,0,1,1,0,1,0,0,0,0,0,0.002347
19756,,7,7,2,9,7,2,9,9,0.223269,0.230196,3845.155029,0.069444,0.00814
2394,,7,12,3,15,12,3,15,8,0.23115,0.239209,63640.012573,0.019048,0.015102
10907,,7,1,2,3,1,2,3,8,0.253525,0.262942,48.550233,0,0.002347
28155,,7,1,1,2,1,1,2,8,0.251658,0.260832,0,0,0.002347
1643,,7,36,26,62,36,26,62,7,0.30771,0.324982,186052.010733,0.169462,0.037444
3367,,16,64,43,107,64,43,107,8,0.29247,0.309807,700351.044874,0.067637,0.067488
139,,7,54,34,88,54,34,88,8,0.286802,0.302422,591691.027724,0.058149,0.052377
30276,,7,1,0,1,1,0,1,0,0,0,0,0,0.002347
13522,,7,6,7,13,6,7,13,8,0.273677,0.286295,39699.846515,0.19697,0.006768
1294,,16,62,51,113,62,51,113,8,0.290175,0.306748,1101294.608973,0.04292,0.051825
3074,,16,8,12,20,8,12,20,8,0.269895,0.282152,149253.001053,0.04902,0.004671
31254,,7,6,0,6,6,0,6,0,0,0,0,0.333333,0.003713
31277,,7,14,8,22,14,8,22,8,0.232279,0.240769,6830.236572,0.133333,0.010795
19826,,7,15,11,26,15,11,26,8,0.284867,0.299582,55671.630302,0.222222,0.01218
31637,,7,1,0,1,1,0,1,0,0,0,0,0,0.002347
2658,,7,21,19,40,21,19,40,8,0.27992,0.294179,83662.975635,0.141129,0.018328
18294,,16,2,6,8,2,6,8,8,0.26086,0.272334,1632.595643,0.464286,0.004857
1734,,67,127,68,195,127,68,195,8,0.285281,0.30182,3315078.320646,0.016556,0.035067
32967,,7,1,0,1,1,0,1,0,0,0,0,0,0.002347
5418,,7,2,0,2,2,0,2,0,0,0,0,0.5,0.002658
32991,,14,4,2,6,4,2,6,8,0.261727,0.272872,3830.371145,0.1,0.002884
2203,,14,27,17,44,27,17,44,7,0.297965,0.313347,174811.854362,0.085714,0.02021
27691,,7,6,36,42,6,36,42,8,0.264369,0.276642,146327.566957,0.013495,0.004809
34184,,7,1,1,2,1,1,2,8,0.248299,0.257863,0,1,0.002347
3917,,36,6,2,8,6,2,8,9,0.218955,0.22553,2388.614071,0.261905,0.008336
20525,,36,1,0,1,1,0,1,0,0,0,0,0,0.00069
4498,,36,5,6,11,5,6,11,9,0.225148,0.232925,12623.533016,0.208333,0.019156
8301,,36,3,3,6,3,3,6,8,0.273829,0.285606,9787.286915,0.166667,0.001068
464,,7,8,23,31,8,23,31,8,0.290395,0.304702,87354.781514,0.197044,0.009986
890,,7,1,1,2,1,1,2,9,0.212007,0.217882,38.296754,0,0.00109
378,,7,21,40,61,21,40,61,7,0.30585,0.322677,65120.911953,0.139286,0.015774
1267,,7,18,20,38,18,20,38,8,0.272991,0.286379,123676.650866,0.120168,0.020879
1506,,7,6,3,9,6,3,9,8,0.229278,0.236034,163.869722,0.035714,0.002564
728,,7,24,22,46,24,22,46,8,0.285897,0.300625,40008.703408,0.214744,0.027983
1976,,7,1,0,1,1,0,1,0,0,0,0,0,0.00109
328,,7,81,1,82,81,1,82,8,0.24048,0.248315,98380.560769,0.13249,0.096308
339,,65,45,28,73,45,28,73,7,0.308158,0.325045,1836885.801391,0.037087,0.021567
4557,,7,4,9,13,4,9,13,8,0.272841,0.286077,551.371331,0.590909,0.006152
135,,7,12,0,12,12,0,12,0,0,0,0,0.219697,0.0175
223,,7,75,77,152,75,77,152,7,0.306438,0.325187,762564.818814,0.096491,0.062871
4862,,7,6,8,14,6,8,14,8,0.238222,0.246806,3893.361042,0.082418,0.003707
1880,,7,28,43,71,28,43,71,7,0.299077,0.315842,264310.45727,0.159375,0.033875
110,,14,8,8,16,8,8,16,8,0.270046,0.282838,27529.642035,0.192308,0.007928
65,,7,39,30,69,39,30,69,7,0.292284,0.307648,534139.772594,0.061756,0.017931
781,,7,48,103,151,48,103,151,7,0.310281,0.329664,1113494.311631,0.061062,0.018627
3091,,7,22,12,34,22,12,34,8,0.274808,0.288211,133387.902911,0.125,0.046235
496,,7,12,19,31,12,19,31,8,0.279496,0.292992,72224.004314,0.21164,0.012065
179,,7,114,105,219,114,105,219,7,0.303861,0.323698,2110983.316741,0.064136,0.060305
2827,,7,39,23,62,39,23,62,8,0.283503,0.298269,259264.214474,0.101504,0.037805
7071,,7,1,0,1,1,0,1,0,0,0,0,0,0.00109
5078,,7,16,23,39,16,23,39,8,0.28526,0.300319,97544.325165,0.141176,0.011726
2839,,7,10,36,46,10,36,46,7,0.300049,0.317021,103744.809226,0.124242,0.011636
3617,,65,10,6,16,10,6,16,8,0.268674,0.280607,237763.775066,0.066667,0.003812
1749,,16,91,43,134,91,43,134,7,0.29981,0.316204,1304412.062242,0.040509,0.061043
7864,,67,12,7,19,12,7,19,8,0.268391,0.280479,104236.9729,0.1375,0.0048
2784,,67,5,7,12,5,7,12,8,0.265402,0.276805,20263.29344,0.277778,0.004254
5098,,7,6,3,9,6,3,9,8,0.22521,0.2325,2191.294027,0.111111,0.007909
1230,,7,83,55,138,83,55,138,8,0.292415,0.310213,699670.253898,0.059174,0.046208
10105,,7,2,3,5,2,3,5,8,0.23937,0.247991,108.357137,0.55,0.00265
2132,,7,6,51,57,6,51,57,7,0.302864,0.319895,194858.591828,0.107617,0.011347
236,,7,28,0,28,28,0,28,0,0,0,0,0.166667,0.035696
782,,7,21,5,26,21,5,26,8,0.257333,0.267269,107351.214573,0.144269,0.024111
8711,,36,5,6,11,5,6,11,8,0.235169,0.24395,11368.542723,0.111111,0.003564
1639,,7,25,51,76,25,51,76,7,0.305265,0.323043,209345.326782,0.12634,0.010087
8157,,7,16,20,36,16,20,36,8,0.271609,0.284234,233201.927111,0.097291,0.009521
3225,,7,21,33,54,21,33,54,7,0.281864,0.296554,125605.198884,0.146934,0.012524
254,,7,27,34,61,27,34,61,8,0.287253,0.302879,164757.902539,0.098039,0.016983
11854,,7,3,2,5,3,2,5,8,0.247353,0.256631,17.842781,0.333333,0.001496
849,,7,62,43,105,62,43,105,8,0.290583,0.306888,576087.788577,0.065132,0.039255
1395,,7,16,27,43,16,27,43,8,0.286877,0.301925,199784.807701,0.125178,0.008597
11127,,7,5,5,10,5,5,10,8,0.251348,0.261358,4682.750423,0.410714,0.006357
13425,,7,1,9,10,1,9,10,8,0.27038,0.283019,147.357481,0.444444,0.00109
13725,,25,3,2,5,3,2,5,8,0.237489,0.24497,299.438266,0.05,0.001581
1251,,7,122,18,140,122,18,140,8,0.272773,0.286353,475531.664772,0.070587,0.100255
2395,,7,20,23,43,20,23,43,8,0.282817,0.297232,314276.60376,0.085586,0.010738
8613,,7,2,4,6,2,4,6,8,0.253774,0.263982,40.514497,0.4,0.001431
5747,,7,7,47,54,7,47,54,7,0.295509,0.312771,79256.407419,0.082857,0.003846
3395,,7,12,29,41,12,29,41,8,0.288388,0.304046,155296.537605,0.134921,0.006332
10232,,7,4,5,9,4,5,9,8,0.256611,0.267662,1785.105926,0.333333,0.003064
7189,,7,3,2,5,3,2,5,8,0.272209,0.283785,669.117283,0.25,0.001735
3590,,7,21,28,49,21,28,49,8,0.291672,0.307343,173279.406305,0.138211,0.022123
1636,,7,47,13,60,47,13,60,8,0.269493,0.281788,133197.442939,0.164646,0.064879
998,,16,43,86,129,43,86,129,8,0.312844,0.332386,781271.373449,0.075712,0.030805
3876,,7,5,7,12,5,7,12,8,0.270932,0.282914,27459.644795,0.133333,0.003379
1977,,7,22,25,47,22,25,47,8,0.281199,0.29556,162300.213816,0.159317,0.041187
3211,,7,15,24,39,15,24,39,8,0.283272,0.298307,108398.936133,0.164884,0.006996
5685,,7,12,19,31,12,19,31,8,0.271256,0.283966,16069.638952,0.181034,0.006699
18535,,7,1,0,1,1,0,1,0,0,0,0,0,0.00109
2824,,7,19,26,45,19,26,45,7,0.282456,0.296755,156158.809864,0.137195,0.021113
2531,,7,3,3,6,3,3,6,8,0.263201,0.275242,12461.128064,0.166667,0.003066
3090,,7,15,21,36,15,21,36,8,0.275992,0.289474,146076.800009,0.116092,0.007879
7515,,7,7,7,14,7,7,14,8,0.277596,0.290731,67285.212607,0.384615,0.014556
581,,7,29,150,179,29,150,179,7,0.333381,0.356193,319516.57345,0.096273,0.025375
218,,7,95,106,201,95,106,201,7,0.320956,0.342326,1032267.217708,0.080284,0.067154
4373,,7,9,20,29,9,20,29,8,0.282562,0.29776,55481.479725,0.238462,0.009861
102,,7,15,13,28,15,13,28,8,0.275863,0.288792,67435.048175,0.12963,0.010536
7727,,7,9,11,20,9,11,20,8,0.279243,0.293255,41603.70164,0.143275,0.003234
7564,,7,5,0,5,5,0,5,0,0,0,0,0.45,0.006607
1375,,7,17,34,51,17,34,51,8,0.285758,0.301746,167210.733431,0.162602,0.017139
8355,,7,121,164,285,121,164,285,7,0.335903,0.358982,2728315.485876,0.058906,0.122077
3341,,7,9,1,10,9,1,10,8,0.262753,0.273463,6417.502658,0.211111,0.013446
2172,,2,18,14,32,18,14,32,8,0.26457,0.276085,351799.597235,0.118234,0.009901
6603,,16,16,20,36,16,20,36,8,0.25399,0.26434,84969.592973,0.132184,0.007237
972,,7,18,36,54,18,36,54,8,0.295532,0.31202,42602.797889,0.25,0.012873
180,,7,63,38,101,63,38,101,8,0.284351,0.299744,543901.886207,0.061423,0.0337
5179,,7,3,3,6,3,3,6,8,0.265896,0.277108,37754.165307,0.2,0.001681
11531,,65,15,5,20,15,5,20,8,0.243961,0.253074,194117.773826,0.025735,0.004586
24584,,7,38,46,84,38,46,84,7,0.310281,0.328602,127742.49325,0.178452,0.035903
27608,,7,1,0,1,1,0,1,0,0,0,0,0,0.00109
278,,7,47,40,87,47,40,87,7,0.294363,0.311372,227459.897514,0.144206,0.053752
20790,,12,1,2,3,1,2,3,9,0.199847,0.205116,560.154047,0.333333,0.00109
1603,,7,12,18,30,12,18,30,8,0.278611,0.292185,69828.463473,0.155172,0.012385
806,,16,143,83,226,143,83,226,8,0.297306,0.316229,2211373.851906,0.046944,0.124763
103,,7,43,92,135,43,92,135,7,0.324687,0.345314,662456.181028,0.090841,0.043636
29770,,7,2,0,2,2,0,2,0,0,0,0,0,0.001587
912,,7,48,40,88,48,40,88,8,0.287244,0.303197,440632.165751,0.093514,0.03505
2772,,7,11,29,40,11,29,40,8,0.284003,0.298959,47514.447907,0.13964,0.003641
9819,,7,8,10,18,8,10,18,8,0.252268,0.26189,1496.040072,0.120879,0.002664
446,,7,57,96,153,57,96,153,7,0.31499,0.334935,943085.035997,0.09172,0.050252
4367,,7,15,16,31,15,16,31,8,0.268855,0.281747,42943.826654,0.185185,0.017532
28608,,16,2,2,4,2,2,4,8,0.251395,0.261495,44799,0.166667,0.001263
26770,,7,7,1,8,7,1,8,1,1,1,14.872264,0.142857,0.01014
2273,,7,24,45,69,24,45,69,8,0.300711,0.318471,148506.439066,0.151366,0.015503
16997,,7,3,5,8,3,5,8,8,0.267993,0.279763,37652,0.357143,0.001426
1210,,7,12,190,202,12,190,202,7,0.339073,0.363705,646284.438628,0.056139,0.009005
33437,,7,1,0,1,1,0,1,0,0,0,0,0,0.00109
25668,,7,7,5,12,7,5,12,8,0.254378,0.264454,1943.773642,0.566667,0.010657
1929,,7,11,12,23,11,12,23,8,0.27019,0.282876,42154.272105,0.17316,0.013295
5210,,7,14,16,30,14,16,30,8,0.284192,0.298648,121551.578945,0.235507,0.014634
358,,7,41,31,72,41,31,72,8,0.284488,0.299334,263561.622936,0.149718,0.033837
1452,,7,2,4,6,2,4,6,8,0.265844,0.277155,1272.990737,0.266667,0.001771
30302,,7,2,0,2,2,0,2,0,0,0,0,1,0.00301
28406,,7,1,3,4,1,3,4,8,0.264577,0.27575,5.309673,0.416667,0.00109
365,,7,3,2,5,3,2,5,9,0.230006,0.237692,914.303938,0.1,0.00394
935,,7,50,36,86,50,36,86,7,0.313015,0.331303,316084.300072,0.128124,0.037335
562,,7,9,16,25,9,16,25,8,0.279048,0.293016,167475.40206,0.151515,0.006649
1192,,7,39,36,75,39,36,75,8,0.301226,0.318924,198754.881829,0.161106,0.031019
499,,7,134,88,222,134,88,222,8,0.301028,0.319276,2283622.608445,0.036,0.085518
427,,7,89,27,116,89,27,116,8,0.294455,0.310322,502757.622805,0.139148,0.106044
3685,,7,4,1,5,4,1,5,8,0.262753,0.273463,0,0.65,0.007303
283,,7,43,21,64,43,21,64,8,0.277752,0.291544,232714.054777,0.070069,0.051687
2621,,7,16,7,23,16,7,23,8,0.269841,0.282074,53348.591707,0.266667,0.025245
4099,,16,23,37,60,23,37,60,8,0.276013,0.290257,493877.557903,0.03064,0.013067
4007,,7,25,4,29,25,4,29,8,0.265574,0.276719,21839.337834,0.155172,0.023258
1438,,7,18,19,37,18,19,37,7,0.287508,0.302073,316138.769178,0.111895,0.030737
10383,,7,1,0,1,1,0,1,0,0,0,0,0,0.003206
4462,,7,3,5,8,3,5,8,8,0.251067,0.26079,1047.386853,0.095238,0.005746
1881,,7,21,14,35,21,14,35,8,0.256084,0.26635,87959.929616,0.097884,0.019952
2117,,7,43,55,98,43,55,98,8,0.296258,0.313179,185340.086678,0.128657,0.032603
2707,,7,44,38,82,44,38,82,8,0.282885,0.298373,492590.308576,0.074922,0.041225
6484,,7,8,0,8,8,0,8,0,0,0,0,0.089286,0.008497
1462,,41,89,61,150,89,61,150,8,0.303533,0.321563,1766707.725116,0.056211,0.084081
11010,,12,2,2,4,2,2,4,9,0.185525,0.189905,1227.082356,0.166667,0.004725
11108,,7,8,5,13,8,5,13,8,0.249361,0.258511,1666.660263,0.24359,0.011874
12311,,7,93,0,93,93,0,93,0,0,0,0,0.099579,0.098615
8420,,7,2,10,12,2,10,12,8,0.267312,0.279174,5799.937659,0.3,0.003387
1303,,7,30,31,61,30,31,61,7,0.283417,0.297851,73720.600613,0.20296,0.046727
16019,,7,1,0,1,1,0,1,0,0,0,0,0,0.003206
1350,,7,12,19,31,12,19,31,7,0.276548,0.289634,18876.49337,0.22,0.011846
3889,,67,9,1,10,9,1,10,9,0.22723,0.234,20077.947602,0.138889,0.005381
1863,,67,13,11,24,13,11,24,8,0.24498,0.254248,98514.429287,0.106061,0.006718
1046,,7,65,65,130,65,65,130,7,0.317942,0.336542,1736516.757782,0.050459,0.056135
4984,,7,9,11,20,9,11,20,8,0.250229,0.260447,6220.992517,0.136842,0.010642
19520,,7,2,0,2,2,0,2,0,0,0,0,1,0.005708
174,,7,39,31,70,39,31,70,8,0.29001,0.30593,241966.374929,0.14887,0.049846
3245,,7,13,21,34,13,21,34,8,0.281658,0.295819,19108.71276,0.189247,0.015677
3247,,7,38,40,78,38,40,78,8,0.291023,0.307312,437182.11459,0.085405,0.040527
25,,16,19,38,57,19,38,57,8,0.292975,0.309768,312948.408706,0.109729,0.0341
26,,16,108,113,221,108,113,221,8,0.313652,0.334744,2273488.17976,0.048343,0.077577
1858,,16,42,29,71,42,29,71,8,0.275129,0.289277,733704.842094,0.070219,0.037705
78,,7,57,427,484,57,427,484,7,0.359069,0.390481,3138737.570923,0.034817,0.058605
5865,,16,9,5,14,9,5,14,8,0.262915,0.274786,38606.391216,0.071429,0.007621
834,,16,14,10,24,14,10,24,8,0.245146,0.255892,249435.294551,0.120915,0.030125
8778,,16,2,1,3,2,1,3,9,0.196883,0.202204,0,0.5,0.001118
9063,,16,3,7,10,3,7,10,8,0.247187,0.257624,1867.340827,0.222222,0.001128
2179,,16,10,11,21,10,11,21,8,0.252011,0.263138,142575.80393,0.191667,0.006145
13366,,16,1,0,1,1,0,1,0,0,0,0,0,0.000586
262,,16,47,28,75,47,28,75,8,0.280625,0.295237,459620.419313,0.090693,0.052674
3823,,16,17,20,37,17,20,37,7,0.284059,0.298488,133058.248278,0.092692,0.016392
14151,,16,8,4,12,8,4,12,9,0.216912,0.224107,148155.544566,0.066667,0.002627
7047,,16,10,5,15,10,5,15,8,0.252987,0.262613,91631.58881,0.076923,0.008187
12488,,16,5,3,8,5,3,8,8,0.272821,0.284565,41403.781896,0.047619,0.001942
13709,,16,27,17,44,27,17,44,7,0.302956,0.319104,355486.154148,0.084756,0.01823
5117,,16,32,14,46,32,14,46,7,0.278187,0.292161,155266.704975,0.146424,0.039802
713,,16,40,15,55,40,15,55,8,0.26721,0.280336,307794.681493,0.069388,0.031047
477,,7,36,37,73,36,37,73,7,0.289836,0.305656,516304.002675,0.069979,0.037847
1249,,16,58,38,96,58,38,96,7,0.289635,0.306001,989115.563948,0.064593,0.039615
1412,,16,13,26,39,13,26,39,8,0.270399,0.284122,119155.329794,0.101587,0.013758
383,,41,2,4,6,2,4,6,8,0.275851,0.287896,1865.228771,0.25,0.002089
280,,16,82,45,127,82,45,127,8,0.291055,0.307817,1030091.559351,0.082814,0.098436
2809,,16,2,1,3,2,1,3,9,0.238766,0.247348,0,1,0.001481
4455,,16,10,13,23,10,13,23,8,0.255635,0.266852,25569.07995,0.139706,0.005202
1151,,7,34,7,41,34,7,41,8,0.265181,0.276477,102264.320907,0.118065,0.056185
5927,,16,2,2,4,2,2,4,9,0.238772,0.247383,26077.735118,0,0.001763
3616,,16,1,1,2,1,1,2,8,0.239858,0.247713,0,0.5,0.001291
9104,,41,2,0,2,2,0,2,0,0,0,0,0,0.002842
730,,16,60,42,102,60,42,102,8,0.293071,0.309337,752367.324524,0.071409,0.047775
5669,,16,4,9,13,4,9,13,8,0.251064,0.261108,2237.352736,0.222222,0.001936
9817,,16,10,6,16,10,6,16,8,0.257897,0.269374,320947.444929,0.080952,0.003711
11790,,16,1,4,5,1,4,5,8,0.270819,0.283389,0,0.75,0.001291
17234,,16,1,0,1,1,0,1,0,0,0,0,0,0.001291
17235,,16,1,0,1,1,0,1,0,0,0,0,0,0.001291
17394,,16,1,0,1,1,0,1,0,0,0,0,0,0.001291
17462,,16,2,2,4,2,2,4,8,0.272201,0.283767,1114.46609,0.666667,0.001487
7529,,41,8,7,15,8,7,15,8,0.261255,0.273189,45186.490487,0.07619,0.003608
6167,,16,11,13,24,11,13,24,8,0.265656,0.278122,174467.815326,0.157895,0.027862
1231,,16,2,0,2,2,0,2,0,0,0,0,0,0.002183
2873,,7,17,1,18,17,1,18,8,0.261472,0.272564,6284.340133,0.179739,0.018019
17810,,16,3,4,7,3,4,7,9,0.240416,0.2492,26193.231957,0.2,0.001784
19592,,16,3,2,5,3,2,5,9,0.240198,0.249013,3862.518253,0.333333,0.007947
2449,,16,38,34,72,38,34,72,7,0.305652,0.322891,563548.676389,0.101538,0.031702
2392,,16,7,4,11,7,4,11,9,0.240788,0.249656,269.04389,0.25,0.003614
1253,,7,38,13,51,38,13,51,8,0.279276,0.293134,160166.758681,0.100951,0.047157
21047,,16,2,1,3,2,1,3,9,0.226424,0.233471,0,1,0.002415
21325,,16,1,0,1,1,0,1,0,0,0,0,0,0.001291
21474,,16,3,2,5,3,2,5,9,0.228876,0.237009,231.684889,0.2,0.001974
21535,,16,2,1,3,2,1,3,9,0.238766,0.247348,0,1,0.002415
134,,7,57,636,693,57,636,693,7,0.371982,0.408038,5083750.132878,0.023889,0.032756
13136,,16,5,6,11,5,6,11,8,0.247733,0.256699,49648.859487,0.097222,0.007397
1876,,16,22,19,41,22,19,41,8,0.258503,0.271163,174640.405664,0.119318,0.009646
748,,16,9,12,21,9,12,21,8,0.250546,0.261685,154716.196906,0.02924,0.004516
2033,,16,29,1,30,29,1,30,9,0.2097,0.215028,94526.356724,0.081609,0.020432
830,,16,20,20,40,20,20,40,8,0.267365,0.280759,94467.317747,0.107008,0.02532
4553,,7,16,12,28,16,12,28,8,0.279251,0.292644,7176.910847,0.212963,0.017671
21040,,41,14,8,22,14,8,22,8,0.258923,0.270396,58766.056812,0.15,0.020521
13942,,7,7,2,9,7,2,9,9,0.232909,0.240347,273.684346,0.055556,0.003411
21854,,16,3,2,5,3,2,5,8,0.249249,0.258812,596.672909,0.25,0.002583
22151,,7,10,15,25,10,15,25,7,0.277772,0.290769,58452.118227,0.118333,0.004535
21732,,16,6,4,10,6,4,10,9,0.243889,0.253607,2624.266654,0.380952,0.009366
22172,,16,1,0,1,1,0,1,0,0,0,0,0,0.001291
2563,,32,11,1,12,11,1,12,1,1,1,25979,0.045455,0.011462
4216,,16,17,25,42,17,25,42,8,0.290278,0.305613,152968.107997,0.15722,0.022471
4750,,41,93,25,118,93,25,118,8,0.266952,0.279508,2135465.663559,0.018432,0.051987
22720,,16,1,1,2,1,1,2,10,0.179155,0.182313,0,0.5,0.001291
11680,,36,7,1,8,7,1,8,9,0.194785,0.199183,1692.932255,0.053571,0.003248
14000,,16,4,3,7,4,3,7,8,0.232995,0.240114,29282.844957,0.071429,0.00187
4617,,16,2,2,4,2,2,4,8,0.245003,0.255124,290.35365,0.25,0.002125
2283,,16,32,21,53,32,21,53,8,0.286493,0.301271,199355.31698,0.123299,0.033264
3232,,16,24,13,37,24,13,37,8,0.255462,0.266144,298179.997321,0.078598,0.018773
2630,,7,45,2,47,45,2,47,8,0.273225,0.285822,86804.995895,0.116559,0.039818
529,,16,38,27,65,38,27,65,8,0.285775,0.301431,254956.401129,0.069156,0.028846
13010,,16,2,0,2,2,0,2,0,0,0,0,0,0.00156
25790,,16,1,0,1,1,0,1,0,0,0,0,0,0.001291
18957,,16,7,19,26,7,19,26,8,0.268372,0.28109,16892.319564,0.270563,0.009806
7399,,16,64,45,109,64,45,109,7,0.310153,0.328218,1054853.949376,0.085348,0.064428
2808,,16,2,2,4,2,2,4,9,0.238769,0.247374,2.686321,0.666667,0.001542
31504,,16,1,0,1,1,0,1,0,0,0,0,0,0.001291
2507,,16,17,14,31,17,14,31,8,0.254031,0.265546,181635.029953,0.106838,0.030221
13445,,7,3,2,5,3,2,5,9,0.222304,0.228866,194.002876,0.1,0.002046
34847,,16,1,0,1,1,0,1,0,0,0,0,0,0.001291
552,,16,36,34,70,36,34,70,7,0.307323,0.324843,623456.515614,0.114943,0.029318
1120,,7,62,1,63,62,1,63,8,0.237615,0.245052,60026.604391,0.103649,0.061967
27,,36,66,34,100,66,34,100,8,0.279313,0.294436,1563725.084812,0.016553,0.024773
1728,,36,2,3,5,2,3,5,8,0.263212,0.274094,1408.885451,0.1,0.0008
7785,,36,1,0,1,1,0,1,0,0,0,0,0,0.000619
9360,,36,1,1,2,1,1,2,9,0.218333,0.225134,0,0,0.000619
11323,,36,1,0,1,1,0,1,0,0,0,0,0,0.000619
11471,,36,1,1,2,1,1,2,9,0.218333,0.225134,0,0,0.000619
5254,,7,18,15,33,18,15,33,8,0.274192,0.288267,75265.904704,0.094624,0.027735
21727,,36,1,1,2,1,1,2,9,0.218333,0.225134,0,0,0.000619
22405,,36,1,1,2,1,1,2,9,0.218333,0.225134,0,0,0.000619
7615,,16,15,12,27,15,12,27,8,0.252349,0.262752,244982.905639,0.03442,0.004463
8918,,36,3,1,4,3,1,4,9,0.218333,0.225134,0,0.333333,0.00104
25306,,36,1,0,1,1,0,1,0,0,0,0,0,0.000619
25424,,36,1,1,2,1,1,2,9,0.218333,0.225134,0,0,0.000619
570,,36,7,3,10,7,3,10,9,0.231096,0.238803,4191.849181,0.125,0.002314
26482,,36,1,0,1,1,0,1,0,0,0,0,0,0.000619
13050,,36,6,4,10,6,4,10,9,0.228144,0.236028,49498.677472,0.107143,0.0023
27132,,36,1,0,1,1,0,1,0,0,0,0,0,0.000619
27285,,36,1,0,1,1,0,1,0,0,0,0,0,0.000619
19716,,36,15,8,23,15,8,23,8,0.280587,0.294643,129648.297313,0.166667,0.012366
29148,,36,2,0,2,2,0,2,0,0,0,0,0.5,0.000797
24788,,36,1,1,2,1,1,2,9,0.218333,0.225134,0,0,0.000619
32606,,36,1,0,1,1,0,1,0,0,0,0,0,0.000619
26753,,36,2,1,3,2,1,3,9,0.218333,0.225134,0,0.5,0.000797
3895,,36,7,6,13,7,6,13,8,0.264689,0.275952,76703.772063,0.127273,0.003424
34361,,36,1,0,1,1,0,1,0,0,0,0,0,0.000619
2012,,36,2,3,5,2,3,5,9,0.218435,0.225323,25978.641279,0.333333,0.000787
436,,16,2,2,4,2,2,4,8,0.246656,0.256174,0.666667,0.666667,0.003202
371,,16,3,7,10,3,7,10,8,0.255732,0.266686,45027.920256,0.222222,0.003496
1605,,16,1,0,1,1,0,1,0,0,0,0,0,0.002989
3929,,16,6,6,12,6,6,12,8,0.246843,0.256542,32.681001,0.339286,0.004149
3822,,16,13,10,23,13,10,23,8,0.249229,0.259139,90557.926951,0.208791,0.006301
4376,,16,1,2,3,1,2,3,8,0.251715,0.261511,0,1,0.002989
4512,,16,10,5,15,10,5,15,8,0.267138,0.278765,68308.478096,0.142857,0.012175
3753,,14,3,0,3,3,0,3,0,0,0,0,0.333333,0.003576
4689,,16,4,3,7,4,3,7,8,0.248371,0.257852,44918.735627,0.166667,0.003826
267,,16,14,15,29,14,15,29,8,0.2484,0.258652,114248.976512,0.106884,0.012451
2042,,16,8,5,13,8,5,13,8,0.247359,0.257105,65543.08289,0.090909,0.004926
5264,,16,4,1,5,4,1,5,8,0.246653,0.256147,0,0.583333,0.00718
3025,,16,44,34,78,44,34,78,8,0.271002,0.285427,529607.699185,0.079376,0.046381
107,,16,16,32,48,16,32,48,7,0.30415,0.321405,356454.743019,0.067125,0.020653
6830,,16,2,3,5,2,3,5,8,0.267073,0.27855,94.051414,0.5,0.003328
7015,,16,1,1,2,1,1,2,8,0.246653,0.256147,0,0,0.002989
818,,7,22,22,44,22,22,44,8,0.28022,0.29461,211215.830221,0.086585,0.037347
7340,,16,1,1,2,1,1,2,8,0.246653,0.256147,0,0,0.002989
5741,,16,3,6,9,3,6,9,8,0.252265,0.26251,26904.007529,0.214286,0.003459
7680,,16,1,0,1,1,0,1,0,0,0,0,0,0.002989
7634,,16,4,1,5,4,1,5,8,0.230085,0.237687,19186.791165,0,0.00412
817,,16,12,7,19,12,7,19,8,0.273364,0.28639,27369.810666,0.195238,0.010305
8679,,16,1,0,1,1,0,1,0,0,0,0,0,0.002989
2542,,16,44,36,80,44,36,80,8,0.28939,0.305327,389617.356106,0.089904,0.028948
8709,,16,4,2,6,4,2,6,8,0.249074,0.259195,786.181697,0.166667,0.006326
8746,,16,5,2,7,5,2,7,8,0.24675,0.256301,2.203517,0.75,0.004002
1468,,16,66,42,108,66,42,108,8,0.298111,0.315026,889265.753535,0.071557,0.04458
9686,,16,1,0,1,1,0,1,0,0,0,0,0,0.002989
9770,,7,8,9,17,8,9,17,8,0.252539,0.263317,65644.317259,0.208791,0.008446
9811,,16,4,4,8,4,4,8,8,0.248535,0.258117,18844.317185,0.6,0.003773
11767,,16,1,0,1,1,0,1,0,0,0,0,0,0.002989
1583,,16,50,56,106,50,56,106,8,0.29282,0.310069,1087503.039529,0.057872,0.054453
11667,,16,3,12,15,3,12,15,8,0.272025,0.285304,10340.905314,0.21978,0.003851
7870,,16,1,3,4,1,3,4,9,0.223565,0.230836,556.022894,0.083333,0.002989
2267,,7,54,47,101,54,47,101,7,0.314674,0.333987,1048217.405389,0.080581,0.045232
16600,,16,1,2,3,1,2,3,8,0.247223,0.256798,0,1,0.002989
16957,,16,1,0,1,1,0,1,0,0,0,0,0,0.002989
5446,,2,4,1,5,4,1,5,8,0.229169,0.236724,593.527678,0.05,0.003494
18375,,16,3,1,4,3,1,4,8,0.246653,0.256147,0,0.666667,0.003404
18537,,16,2,1,3,2,1,3,8,0.246653,0.256147,0,1,0.003328
3821,,16,2,4,6,2,4,6,8,0.248535,0.258117,0,0.85,0.003174
11956,,16,2,0,2,2,0,2,0,0,0,0,0,0.003521
1362,,16,48,46,94,48,46,94,7,0.306308,0.323897,1174773.809917,0.048288,0.024955
7915,,16,4,5,9,4,5,9,8,0.258372,0.269378,6616.204201,0.433333,0.003767
18376,,16,2,3,5,2,3,5,8,0.255687,0.266523,0.666667,0.583333,0.003202
6313,,41,11,7,18,11,7,18,8,0.266235,0.277748,84641.297792,0.090476,0.00777
133,,7,27,84,111,27,84,111,8,0.301844,0.321676,314583.908962,0.087487,0.020569
21463,,16,1,0,1,1,0,1,0,0,0,0,0,0.002989
2015,,16,78,58,136,78,58,136,7,0.294069,0.311484,2589185.169098,0.067566,0.074762
20203,,16,1,4,5,1,4,5,8,0.24909,0.259275,651.719339,0.333333,0.002989
9614,,16,1,1,2,1,1,2,8,0.246653,0.256147,0,0,0.002989
22428,,16,1,1,2,1,1,2,8,0.246653,0.256147,0,0,0.002989
33,,16,13,11,24,13,11,24,8,0.272068,0.285078,114806.691272,0.142857,0.020263
3131,,7,19,12,31,19,12,31,8,0.251802,0.261739,132486.703249,0.019841,0.008337
1592,,16,6,8,14,6,8,14,8,0.259083,0.270504,24228.92865,0.272727,0.008627
16378,,16,69,39,108,69,39,108,8,0.284785,0.301088,822789.257468,0.091209,0.084462
24604,,16,39,18,57,39,18,57,7,0.276467,0.290093,879894.33879,0.023384,0.014201
1802,,16,24,18,42,24,18,42,8,0.278615,0.293502,228016.667733,0.155405,0.045554
27840,,16,1,2,3,1,2,3,8,0.247414,0.256974,0,1,0.002989
16647,,16,2,0,2,2,0,2,0,0,0,0,0,0.003588
13430,,16,4,0,4,4,0,4,0,0,0,0,0.333333,0.01023
28243,,16,1,0,1,1,0,1,0,0,0,0,0,0.002989
28531,,16,1,0,1,1,0,1,0,0,0,0,0,0.002989
29674,,16,2,1,3,2,1,3,8,0.246653,0.256147,0,1,0.003218
471,,16,108,62,170,108,62,170,7,0.293537,0.311115,1969222.464159,0.030375,0.08985
9576,,53,6,4,10,6,4,10,8,0.240686,0.249373,25906.032567,0.111111,0.008823
32464,,16,2,1,3,2,1,3,8,0.246653,0.256147,0,1,0.003328
12840,,16,12,16,28,12,16,28,8,0.264853,0.277856,290296.331456,0.120553,0.00751
319,,16,34,24,58,34,24,58,8,0.285299,0.301319,333399.827018,0.090986,0.029429
11954,,16,24,14,38,24,14,38,8,0.272686,0.286059,156006.284912,0.102521,0.029072
14085,,16,7,7,14,7,7,14,8,0.254557,0.265252,47189.205673,0.137363,0.005835
9122,,7,24,8,32,24,8,32,8,0.265788,0.277171,22780.181158,0.235484,0.024722
34643,,16,2,2,4,2,2,4,8,0.246656,0.256174,0,1,0.003218
1626,,7,54,15,69,54,15,69,8,0.276308,0.289541,235647.300473,0.120913,0.054854
29,,16,21,11,32,21,11,32,8,0.255548,0.266925,278548.764709,0.057882,0.013251
30,,16,4,1,5,4,1,5,9,0.203538,0.209042,143.946471,0.166667,0.001018
7110,,16,1,1,2,1,1,2,9,0.203538,0.209042,0,0,0.000368
7781,,16,1,18,19,1,18,19,7,0.30048,0.316085,61894.705604,0.088235,0.000368
855,,2,22,25,47,22,25,47,8,0.271362,0.28419,496721.006829,0.051923,0.018485
31,,7,65,401,466,65,401,466,7,0.365468,0.397027,1966770.921961,0.053733,0.042739
159,,7,30,11,41,30,11,41,8,0.284059,0.298578,130311.490323,0.131098,0.026457
49,,7,64,42,106,64,42,106,8,0.292625,0.309774,337462.383063,0.116246,0.045426
419,,7,29,21,50,29,21,50,8,0.28931,0.304121,157557.258056,0.173635,0.026288
173,,7,42,39,81,42,39,81,8,0.28703,0.302247,345584.642416,0.102308,0.026435
889,,7,2,0,2,2,0,2,0,0,0,0,0,0.001044
1669,,7,12,0,12,12,0,12,0,0,0,0,0.242424,0.021429
2331,,16,67,47,114,67,47,114,8,0.282168,0.297886,1051984.067555,0.046276,0.051052
437,,7,34,220,254,34,220,254,7,0.345209,0.372272,506054.548114,0.090933,0.024424
2155,,7,18,0,18,18,0,18,0,0,0,0,0.320261,0.02129
314,,7,92,221,313,92,221,313,7,0.345419,0.37185,1286162.558105,0.077886,0.078874
670,,7,30,9,39,30,9,39,8,0.273574,0.287134,85868.589404,0.123044,0.030815
273,,7,99,88,187,99,88,187,7,0.307353,0.32707,1663449.339578,0.043892,0.071807
2691,,7,45,58,103,45,58,103,8,0.30777,0.326137,446709.561997,0.089211,0.029091
1508,,7,46,7,53,46,7,53,8,0.275863,0.289156,181080.071846,0.173061,0.070311
47,,7,111,43,154,111,43,154,8,0.289444,0.305911,416175.986719,0.106315,0.113749
1533,,7,28,39,67,28,39,67,7,0.313542,0.33113,313622.037047,0.120397,0.018416
71,,7,73,3,76,73,3,76,9,0.212747,0.218263,92064.681114,0.104737,0.083924
898,,7,43,55,98,43,55,98,8,0.294465,0.31097,589109.837709,0.057712,0.02554
2600,,16,14,12,26,14,12,26,7,0.261135,0.271809,217598.718283,0.088768,0.01956
3550,,7,5,0,5,5,0,5,0,0,0,0,0.1,0.006529
1170,,7,46,29,75,46,29,75,7,0.310953,0.328261,663372.577031,0.095259,0.052355
685,,7,134,4,138,134,4,138,8,0.239194,0.246697,288189.449963,0.069504,0.10981
251,,7,20,25,45,20,25,45,7,0.280278,0.294804,348086.193088,0.111862,0.032457
3629,,7,40,0,40,40,0,40,0,0,0,0,0.144872,0.058921
1277,,7,105,99,204,105,99,204,7,0.316909,0.337851,1882513.747648,0.080328,0.067033
1357,,7,118,219,337,118,219,337,7,0.340576,0.365689,2765361.064146,0.069408,0.120875
4882,,7,13,1,14,13,1,14,9,0.222659,0.228769,18911.268297,0.17033,0.011445
4871,,7,41,25,66,41,25,66,8,0.279733,0.294232,327279.013342,0.111299,0.052476
2416,,7,23,4,27,23,4,27,9,0.211189,0.217068,28160.344403,0.156923,0.02457
1864,,7,51,11,62,51,11,62,8,0.26444,0.27571,119495.158017,0.14962,0.073783
1745,,16,6,10,16,6,10,16,8,0.278598,0.292814,107242.547387,0.104762,0.01969
2848,,7,6,11,17,6,11,17,8,0.285593,0.299152,19904.225055,0.308824,0.013684
1542,,7,30,3,33,30,3,33,8,0.265563,0.276934,53973.653349,0.185484,0.035088
2710,,7,23,20,43,23,20,43,8,0.276045,0.289672,65158.481452,0.190244,0.016554
81,,7,63,36,99,63,36,99,8,0.291393,0.307986,540713.883954,0.154931,0.077641
4342,,7,41,21,62,41,21,62,8,0.278664,0.293439,283592.941336,0.105724,0.053943
5729,,7,13,0,13,13,0,13,0,0,0,0,0.198718,0.014605
3974,,16,30,22,52,30,22,52,8,0.286227,0.301226,184047.616349,0.112077,0.029575
3049,,7,29,13,42,29,13,42,8,0.279941,0.293911,141558.223955,0.121457,0.036131
306,,7,16,9,25,16,9,25,8,0.264748,0.276477,92286.019751,0.093333,0.013344
808,,7,87,92,179,87,92,179,7,0.315148,0.334393,1228412.870765,0.070814,0.078452
592,,7,26,22,48,26,22,48,8,0.285446,0.300966,137393.338332,0.182861,0.019258
1638,,7,25,38,63,25,38,63,7,0.305781,0.322174,120169.947857,0.120464,0.012975
79,,7,27,8,35,27,8,35,8,0.270905,0.283093,91055.183444,0.134454,0.020358
2270,,7,27,11,38,27,11,38,8,0.271789,0.284744,304271.927041,0.079659,0.023965
3359,,7,9,2,11,9,2,11,9,0.216358,0.222413,1209.948814,0.263636,0.025463
1987,,7,31,45,76,31,45,76,7,0.312937,0.330316,513409.03832,0.21167,0.037145
738,,7,51,70,121,51,70,121,7,0.313474,0.332659,784934.810172,0.085897,0.036909
5719,,7,29,7,36,29,7,36,7,0.281548,0.295759,345034.118025,0.163866,0.042855
1917,,16,14,10,24,14,10,24,8,0.263828,0.275831,13776.731968,0.164286,0.015081
7806,,7,7,0,7,7,0,7,0,0,0,0,0.238095,0.009645
1121,,7,58,1,59,58,1,59,9,0.229787,0.237536,66572.450981,0.084454,0.062559
1861,,7,40,28,68,40,28,68,7,0.292575,0.307886,252830.412278,0.128449,0.040673
2113,,7,7,1,8,7,1,8,8,0.223746,0.230851,271.904314,0.303571,0.009996
5631,,7,27,2,29,27,2,29,8,0.248932,0.257947,26538.247154,0.215517,0.038201
7463,,7,2,1,3,2,1,3,9,0.225591,0.232932,0,0.333333,0.000964
3631,,7,6,5,11,6,5,11,8,0.264536,0.276058,514.446769,0.4,0.027767
1604,,7,35,150,185,35,150,185,7,0.332251,0.356264,310521.312321,0.115649,0.021801
4709,,16,40,25,65,40,25,65,8,0.285061,0.299133,456956.099375,0.068079,0.027981
1155,,7,12,18,30,12,18,30,8,0.283952,0.298598,83213.583622,0.295385,0.016117
2564,,7,45,8,53,45,8,53,8,0.28326,0.297088,138357.083336,0.113061,0.037303
3078,,16,22,12,34,22,12,34,7,0.298702,0.313835,231814.081465,0.068182,0.013387
9540,,7,2,0,2,2,0,2,0,0,0,0,0.5,0.001154
9541,,7,2,0,2,2,0,2,0,0,0,0,0.5,0.001154
6172,,7,53,4,57,53,4,57,8,0.247587,0.256966,141861.309626,0.074875,0.049639
883,,7,64,11,75,64,11,75,8,0.281401,0.294871,193689.584874,0.103691,0.107625
261,,7,46,90,136,46,90,136,7,0.317134,0.336852,531749.268554,0.108193,0.027623
575,,25,12,9,21,12,9,21,8,0.27117,0.283966,150591.098431,0.104762,0.010341
3097,,7,23,0,23,23,0,23,0,0,0,0,0.171937,0.032322
2594,,7,47,29,76,47,29,76,8,0.274736,0.288468,658226.096961,0.035337,0.027647
5681,,7,17,0,17,17,0,17,0,0,0,0,0.231618,0.031151
753,,7,18,21,39,18,21,39,8,0.28491,0.299331,23871.068834,0.145804,0.006955
11491,,7,2,3,5,2,3,5,9,0.224643,0.231721,128.986297,0.1,0.001476
2295,,7,67,30,97,67,30,97,8,0.283815,0.298731,3082372.938179,0.109771,0.054635
10104,,16,19,10,29,19,10,29,8,0.273423,0.286453,194324.864265,0.083333,0.012763
296,,7,9,195,204,9,195,204,7,0.336527,0.361596,154255.594161,0.089055,0.00969
4104,,7,12,3,15,12,3,15,8,0.267134,0.278334,47000.603533,0.12381,0.008337
146,,7,19,32,51,19,32,51,8,0.292325,0.3078,44315.302773,0.207729,0.015959
1667,,7,20,18,38,20,18,38,8,0.279061,0.293149,36789.219796,0.235887,0.017633
960,,1,15,9,24,15,9,24,8,0.240942,0.25039,223383.795216,0.12253,0.007448
3770,,2,6,3,9,6,3,9,8,0.237924,0.246057,64316.184034,0.095238,0.003891
3778,,7,98,23,121,98,23,121,8,0.286153,0.30106,644781.147417,0.056932,0.101997
15853,,16,6,5,11,6,5,11,8,0.273741,0.288066,173575.982615,0.25,0.009154
1635,,7,17,4,21,17,4,21,8,0.265705,0.277314,6573.359649,0.134211,0.012197
8959,,7,30,3,33,30,3,33,8,0.272131,0.284663,23847.19047,0.28629,0.037025
6055,,7,3,9,12,3,9,12,8,0.283332,0.29677,5125.144186,0.265152,0.00567
17125,,7,1,0,1,1,0,1,0,0,0,0,0,0.000795
17143,,7,5,7,12,5,7,12,8,0.247405,0.257004,683.458236,0.219697,0.005913
116,,7,11,44,55,11,44,55,7,0.311168,0.328871,114386.969814,0.172714,0.009896
16941,,7,5,5,10,5,5,10,8,0.279807,0.292514,2039.245738,0.3,0.003859
13587,,7,89,275,364,89,275,364,7,0.345241,0.373214,1888209.052142,0.060368,0.065549
6739,,7,29,131,160,29,131,160,7,0.333682,0.356228,542255.779261,0.094702,0.02314
1884,,7,48,26,74,48,26,74,8,0.285758,0.301076,294722.142538,0.084125,0.029307
2738,,7,15,26,41,15,26,41,8,0.284419,0.298902,111608.565426,0.213462,0.02189
17633,,7,5,0,5,5,0,5,0,0,0,0,0.5,0.008466
5501,,16,6,11,17,6,11,17,8,0.272351,0.28576,4578.529094,0.304762,0.006387
10633,,7,52,150,202,52,150,202,7,0.338098,0.362054,544242.673055,0.10175,0.033654
11207,,7,6,0,6,6,0,6,0,0,0,0,0.133333,0.00745
594,,7,47,3,50,47,3,50,9,0.219208,0.225305,220572.987643,0.07483,0.034435
4003,,16,3,6,9,3,6,9,8,0.277383,0.291109,19236.639998,0.305556,0.001819
16330,,7,15,15,30,15,15,30,8,0.24734,0.256968,197407.420496,0.094253,0.02697
19185,,7,5,21,26,5,21,26,8,0.292465,0.308289,13204.522594,0.230769,0.006956
19186,,7,1,1,2,1,1,2,8,0.257707,0.267945,0,0.5,0.000795
18968,,12,2,3,5,2,3,5,8,0.245239,0.253767,206.701528,0.15,0.00132
54,,7,38,84,122,38,84,122,7,0.317637,0.336873,293314.98829,0.139616,0.033939
735,,7,32,35,67,32,35,67,7,0.300131,0.317018,139016.440592,0.180063,0.020701
13868,,7,11,6,17,11,6,17,8,0.269826,0.282039,19805.769185,0.254167,0.006409
1797,,7,80,2,82,80,2,82,8,0.244576,0.25369,149016.068782,0.116079,0.080175
656,,7,64,40,104,64,40,104,8,0.287065,0.303713,971883.674882,0.065266,0.083016
1047,,7,38,49,87,38,49,87,8,0.286471,0.303273,569852.420526,0.09234,0.040475
11246,,7,15,9,24,15,9,24,8,0.26746,0.279465,49240.250096,0.099638,0.013029
3679,,7,5,9,14,5,9,14,8,0.280324,0.293621,1283.042672,0.30303,0.003503
754,,7,17,21,38,17,21,38,7,0.301023,0.316998,67507.136885,0.183333,0.016737
19790,,7,1,2,3,1,2,3,8,0.230133,0.236944,51968.111856,0,0.000795
17162,,67,12,25,37,12,25,37,8,0.260074,0.272015,231833.890523,0.048128,0.003152
2209,,7,17,21,38,17,21,38,8,0.276491,0.289317,166883.125047,0.134921,0.012524
1788,,1,11,16,27,11,16,27,8,0.263884,0.275864,53793.490556,0.190217,0.005222
1107,,7,55,23,78,55,23,78,8,0.283464,0.297935,344845.596591,0.087709,0.071044
707,,7,10,25,35,10,25,35,8,0.278722,0.293307,92006.512412,0.142045,0.003564
7871,,7,2,7,9,2,7,9,8,0.247164,0.256487,28211.356986,0.152778,0.001476
567,,7,29,34,63,29,34,63,8,0.288579,0.304153,330495.832908,0.130791,0.043861
231,,1,41,157,198,41,157,198,7,0.32946,0.351791,2240848.042819,0.014088,0.024334
4046,,7,38,24,62,38,24,62,8,0.294658,0.311385,234818.85422,0.11865,0.031774
5062,,36,54,32,86,54,32,86,8,0.270632,0.284062,791719.809416,0.037291,0.051472
8244,,7,7,1,8,7,1,8,9,0.238286,0.246732,332.645011,0.25,0.008725
3942,,7,43,59,102,43,59,102,7,0.314695,0.333076,225171.489019,0.117708,0.031328
21215,,7,4,2,6,4,2,6,10,0.182599,0.186111,800.74398,0.233333,0.007384
6547,,7,18,0,18,18,0,18,0,0,0,0,0.124183,0.017677
3385,,16,11,18,29,11,18,29,7,0.301235,0.317183,54468.193861,0.212308,0.013792
19459,,16,7,4,11,7,4,11,8,0.237056,0.245685,30156.488576,0.055556,0.002676
21632,,7,1,1,2,1,1,2,9,0.21847,0.224245,0,1,0.000795
21703,,7,1,0,1,1,0,1,0,0,0,0,0,0.000795
21762,,7,2,1,3,2,1,3,9,0.218742,0.224812,23.431241,0,0.001608
12174,,7,16,0,16,16,0,16,0,0,0,0,0.075,0.014679
7954,,7,12,5,17,12,5,17,9,0.224761,0.232323,87638.152133,0.099265,0.012152
13506,,7,27,28,55,27,28,55,8,0.297743,0.313963,56896.044623,0.212439,0.023711
22267,,7,1,0,1,1,0,1,0,0,0,0,0,0.000795
3704,,67,8,13,21,8,13,21,8,0.247691,0.259639,146510.572886,0.073099,0.00392
18823,,7,42,12,54,42,12,54,7,0.298702,0.314097,214558.65729,0.095686,0.031402
260,,7,47,90,137,47,90,137,8,0.306238,0.325492,426461.669668,0.111222,0.024406
1366,,7,28,47,75,28,47,75,7,0.311472,0.328899,130879.183271,0.180461,0.023964
11136,,7,9,3,12,9,3,12,8,0.252752,0.263926,592.657443,0.287879,0.012422
1927,,7,9,51,60,9,51,60,7,0.313521,0.33134,76496.604309,0.198653,0.016573
1721,,7,16,115,131,16,115,131,7,0.319952,0.340999,480173.134976,0.077524,0.010944
5376,,7,26,31,57,26,31,57,8,0.290265,0.30603,426312.638369,0.137879,0.014997
21520,,7,8,1,9,8,1,9,8,0.245895,0.253964,265.939394,0.194444,0.009026
22652,,7,4,0,4,4,0,4,0,0,0,0,0.333333,0.006032
3292,,7,16,16,32,16,16,32,8,0.274508,0.288032,102081.283146,0.12963,0.009044
1580,,7,8,13,21,8,13,21,8,0.277686,0.291646,37265.025932,0.207895,0.00801
22560,,7,118,5,123,118,5,123,8,0.265331,0.27648,1055083.011445,0.016593,0.075914
4936,,7,16,1,17,16,1,17,9,0.200796,0.205193,56606.7003,0.073529,0.012471
3725,,7,45,14,59,45,14,59,8,0.266382,0.278654,115430.111616,0.142771,0.033768
14367,,7,6,3,9,6,3,9,8,0.265923,0.277153,54537.260329,0.180556,0.006816
23454,,7,3,1,4,3,1,4,1,1,1,1205.185773,0,0.001154
8024,,7,3,6,9,3,6,9,8,0.267369,0.279472,56378.057275,0.166667,0.017787
20325,,16,38,41,79,38,41,79,8,0.278607,0.295183,409480.196254,0.087726,0.032278
19537,,7,371,286,657,371,286,657,7,0.347157,0.374795,8716409.273202,0.03018,0.203291
8861,,7,3,5,8,3,5,8,8,0.277604,0.290652,44888.586392,0.232143,0.001876
9459,,36,42,40,82,42,40,82,8,0.285593,0.3014,547347.618691,0.108829,0.030697
958,,16,43,39,82,43,39,82,8,0.300865,0.317445,649610.386235,0.083561,0.025084
17117,,16,9,14,23,9,14,23,8,0.286127,0.300171,22119.869388,0.131579,0.003303
2779,,7,42,32,74,42,32,74,8,0.289235,0.305284,341771.42097,0.110817,0.035541
20720,,7,49,25,74,49,25,74,8,0.293098,0.308856,122120.633071,0.174317,0.043612
5542,,7,11,22,33,11,22,33,7,0.303915,0.320452,113441.641622,0.185961,0.011133
424,,16,126,60,186,126,60,186,8,0.294857,0.312118,1322495.689052,0.053132,0.076158
15816,,7,18,17,35,18,17,35,8,0.273578,0.286469,98544.122247,0.103831,0.015826
985,,7,90,600,690,90,600,690,7,0.371512,0.407545,5264042.869913,0.027481,0.056766
3398,,16,18,31,49,18,31,49,8,0.290345,0.306596,142854.661174,0.185476,0.016702
9612,,7,8,7,15,8,7,15,8,0.27916,0.291518,2479480.784072,0.32967,0.021347
26365,,7,1,0,1,1,0,1,0,0,0,0,0,0.000795
30548,,7,19,34,53,19,34,53,7,0.2916,0.307201,180736.930141,0.135686,0.023795
1779,,7,86,10,96,86,10,96,8,0.27334,0.285853,426908.701754,0.098224,0.094012
18754,,7,35,0,35,35,0,35,0,0,0,0,0.172269,0.041399
8119,,7,4,2,6,4,2,6,8,0.272237,0.283802,0,0.633333,0.00743
30166,,36,3,1,4,3,1,4,9,0.194548,0.19942,19024.036737,0,0.001377
31126,,7,6,2,8,6,2,8,8,0.258354,0.268802,12019.261074,0.339286,0.006914
26527,,7,98,75,173,98,75,173,7,0.320486,0.339809,857406.833929,0.091757,0.079556
31535,,25,9,7,16,9,7,16,8,0.260207,0.271548,125830.724735,0.173077,0.008508
7232,,7,6,28,34,6,28,34,7,0.315016,0.332219,98958.450538,0.25,0.016431
29153,,7,3,4,7,3,4,7,8,0.228282,0.235387,7512.016318,0.133333,0.002196
28288,,7,2,2,4,2,2,4,9,0.222414,0.229168,206.810083,0.166667,0.001053
21894,,7,17,2,19,17,2,19,8,0.262816,0.273564,27759.280984,0.24269,0.016043
33403,,7,15,5,20,15,5,20,8,0.270948,0.283474,667.802904,0.47076,0.024633
20879,,7,59,40,99,59,40,99,8,0.296123,0.312836,224612.44473,0.13418,0.044076
1302,,36,93,17,110,93,17,110,8,0.274116,0.287745,761099.500042,0.027822,0.054328
24763,,7,10,13,23,10,13,23,8,0.275637,0.289469,119011.855897,0.230952,0.013819
13364,,144,2,1,3,2,1,3,9,0.225035,0.231884,0,0.5,0.001318
4955,,7,4,2,6,4,2,6,8,0.264369,0.275976,994.759825,0.2,0.00675
17930,,7,1,5,6,1,5,6,8,0.25591,0.265892,858.054147,0.1,0.001145
7913,,53,8,8,16,8,8,16,8,0.244015,0.252614,98012.137949,0.004762,0.003332
2212,,7,11,1,12,11,1,12,1,1,1,3.237037,0.204545,0.018862
11924,,7,7,4,11,7,4,11,8,0.265953,0.277194,20128.626872,0.181818,0.006451
4771,,7,4,3,7,4,3,7,8,0.241858,0.250034,113.983919,0.3,0.006274
34922,,7,1,1,2,1,1,2,8,0.229127,0.236487,88.929789,0,0.001145
1370,,7,5,13,18,5,13,18,8,0.27112,0.28342,1464.778578,0.175,0.002874
2954,,7,3,8,11,3,8,11,8,0.266257,0.277398,34327.065256,0.066667,0.00285
5723,,16,1,2,3,1,2,3,9,0.228974,0.236446,83.662595,0.166667,0.000416
10133,,16,3,3,6,3,3,6,8,0.247949,0.257635,846.364218,0.333333,0.002126
20513,,16,3,3,6,3,3,6,9,0.229956,0.237973,18976.153694,0.1,0.001719
138,,16,30,28,58,30,28,58,8,0.287534,0.302326,444326.457991,0.061224,0.019874
2077,,16,8,3,11,8,3,11,9,0.226825,0.234134,45460.375156,0.319444,0.017319
1343,,16,77,46,123,77,46,123,8,0.290269,0.306138,1468979.420989,0.057624,0.050284
4222,,16,4,2,6,4,2,6,9,0.217737,0.224183,26024.627225,0.1,0.004871
5517,,16,3,0,3,3,0,3,0,0,0,0,0,0.007343
5291,,16,43,26,69,43,26,69,8,0.26922,0.282851,500323.9958,0.074518,0.044816
6029,,16,1,0,1,1,0,1,0,0,0,0,0,0.004211
4717,,16,4,6,10,4,6,10,8,0.257421,0.267659,30900.169571,0.144444,0.010959
4057,,65,13,1,14,13,1,14,8,0.235569,0.242723,159147.338567,0.108974,0.011447
255,,16,28,42,70,28,42,70,8,0.292838,0.310037,370421.402618,0.111607,0.054659
363,,16,36,42,78,36,42,78,8,0.298726,0.315593,832259.84613,0.091346,0.04795
2175,,16,5,5,10,5,5,10,8,0.272525,0.28534,32340.816982,0.319444,0.013628
4690,,16,18,11,29,18,11,29,8,0.271299,0.284193,298115.05502,0.044615,0.013794
318,,16,47,24,71,47,24,71,8,0.258397,0.269966,686790.61755,0.04548,0.038957
4651,,16,15,42,57,15,42,57,8,0.296421,0.31461,277308.821826,0.12373,0.021909
8994,,16,1,0,1,1,0,1,0,0,0,0,0,0.004211
3015,,16,58,28,86,58,28,86,8,0.276434,0.291359,551523.964615,0.077932,0.048926
3216,,16,20,17,37,20,17,37,8,0.293959,0.309985,139758.793344,0.136364,0.029348
2333,,16,8,16,24,8,16,24,8,0.292393,0.307188,164425.116576,0.12253,0.01219
3501,,16,26,15,41,26,15,41,8,0.27355,0.286982,316305.949868,0.08254,0.025372
10203,,16,36,40,76,36,40,76,7,0.284527,0.299032,535908.574553,0.063652,0.02856
9549,,16,7,2,9,7,2,9,8,0.228175,0.235753,57091.83615,0.089286,0.006678
7500,,16,3,5,8,3,5,8,8,0.259651,0.270597,23287.411837,0.047619,0.004593
8465,,16,16,10,26,16,10,26,8,0.255438,0.267281,133100.962123,0.240476,0.0221
11865,,16,5,0,5,5,0,5,0,0,0,0,0.25,0.007471
1007,,16,54,32,86,54,32,86,8,0.285052,0.299709,792759.023443,0.079017,0.055565
6864,,16,2,1,3,2,1,3,8,0.261472,0.272564,13926.439191,0.333333,0.004379
13951,,16,1,0,1,1,0,1,0,0,0,0,0,0.004211
14285,,16,1,0,1,1,0,1,0,0,0,0,0,0.004211
1739,,16,48,27,75,48,27,75,7,0.285706,0.300285,618426.129488,0.053596,0.035388
9914,,16,6,3,9,6,3,9,8,0.23311,0.240973,6074.241047,0.138889,0.008089
7512,,16,8,5,13,8,5,13,8,0.242744,0.251059,8772.706357,0.281818,0.008169
4377,,16,4,10,14,4,10,14,8,0.260882,0.272785,64799.034024,0.070513,0.00538
3400,,7,27,29,56,27,29,56,8,0.276572,0.291713,330028.743649,0.095294,0.042048
9898,,16,31,31,62,31,31,62,8,0.283755,0.297883,503415.894793,0.111008,0.038922
3509,,16,30,40,70,30,40,70,8,0.287525,0.303383,246778.162252,0.101639,0.032185
11580,,16,57,42,99,57,42,99,7,0.295992,0.311941,1243653.751753,0.04872,0.028074
16038,,16,4,2,6,4,2,6,8,0.264458,0.276054,19414.327162,0.25,0.006528
1285,,16,24,25,49,24,25,49,8,0.291055,0.306109,314266.545723,0.06871,0.017367
13092,,16,9,2,11,9,2,11,8,0.220486,0.227208,147.268541,0.266667,0.00915
880,,16,53,29,82,53,29,82,8,0.289235,0.305084,789822.404342,0.09441,0.042758
14889,,16,4,3,7,4,3,7,8,0.250529,0.260006,6325.657229,0.166667,0.005399
11305,,16,3,0,3,3,0,3,0,0,0,0,0,0.004959
11921,,16,5,6,11,5,6,11,8,0.261458,0.273639,30004.701213,0.411111,0.014577
22357,,16,3,4,7,3,4,7,8,0.242285,0.251995,45411.278868,0.066667,0.004557
247,,16,10,19,29,10,19,29,8,0.287666,0.302529,151492.528106,0.172308,0.010353
20193,,16,5,6,11,5,6,11,8,0.25523,0.266728,85039.07582,0.194444,0.005498
23545,,16,3,1,4,3,1,4,9,0.19129,0.196109,1175.683024,0.333333,0.006604
1336,,16,18,16,34,18,16,34,8,0.271569,0.284863,355640.973616,0.037931,0.024184
18775,,16,12,8,20,12,8,20,8,0.26828,0.279922,128193.19801,0.095588,0.008686
20976,,16,4,1,5,4,1,5,1,1,1,25977,0.3,0.024819
24397,,16,4,1,5,4,1,5,9,0.23238,0.240363,18939.841832,0.083333,0.005906
10520,,16,64,38,102,64,38,102,8,0.288698,0.305911,775545.627285,0.069357,0.048652
2983,,16,16,15,31,16,15,31,8,0.275089,0.288194,93685.524326,0.150769,0.013813
20547,,16,2,1,3,2,1,3,9,0.219134,0.225736,0,1,0.005073
18991,,16,19,10,29,19,10,29,8,0.269304,0.281717,113792.39569,0.106154,0.01804
5570,,16,10,12,22,10,12,22,8,0.257175,0.268346,50957.082708,0.150735,0.013456
19677,,16,1,1,2,1,1,2,8,0.246656,0.256156,0,1,0.004211
23603,,16,16,38,54,16,38,54,8,0.27468,0.289355,331458.968153,0.060727,0.013669
2571,,1,35,31,66,35,31,66,8,0.284544,0.299853,1082457.638902,0.080808,0.05488
1535,,16,10,6,16,10,6,16,8,0.24286,0.25225,24107.149514,0.21978,0.011416
27365,,16,6,4,10,6,4,10,8,0.244316,0.253628,41430.969117,0.1,0.008118
29663,,16,1,0,1,1,0,1,0,0,0,0,0,0.004211
29471,,16,2,0,2,2,0,2,0,0,0,0,1,0.010542
519,,16,13,19,32,13,19,32,8,0.254533,0.266677,287015.712006,0.096866,0.018201
17673,,16,10,6,16,10,6,16,8,0.269717,0.282145,148636.32445,0.191667,0.01384
31316,,16,8,5,13,8,5,13,8,0.245745,0.255449,19805.630193,0.318182,0.009692
21698,,16,6,6,12,6,6,12,8,0.248791,0.25969,79278.266098,0.2,0.009615
14501,,16,11,8,19,11,8,19,8,0.270593,0.28283,68375.273824,0.108333,0.010091
32360,,16,21,24,45,21,24,45,8,0.265896,0.278735,314585.370634,0.140825,0.031709
30566,,16,7,4,11,7,4,11,8,0.245712,0.256093,56684.370754,0.190909,0.005823
30960,,16,53,27,80,53,27,80,8,0.272789,0.28647,480726.573405,0.066506,0.050157
32995,,16,5,1,6,5,1,6,9,0.220458,0.227371,9781.340288,0.8,0.027434
33077,,16,8,0,8,8,0,8,0,0,0,0,0.071429,0.007574
8453,,16,4,2,6,4,2,6,8,0.22625,0.233221,190.138465,0.3,0.009806
23680,,25,25,6,31,25,6,31,8,0.268755,0.280716,400836.644484,0.032258,0.01299
17258,,41,2,4,6,2,4,6,9,0.232952,0.240666,81129.094398,0,0.004397
2868,,16,10,7,17,10,7,17,8,0.258255,0.269264,102681.106703,0.066667,0.008464
35,,7,1,1,2,1,1,2,9,0.200066,0.204368,0.133333,0,0.000173
1301,,7,23,30,53,23,30,53,8,0.289867,0.305634,737007.506629,0.116667,0.059366
9412,,7,2,1,3,2,1,3,9,0.222656,0.228765,903.97696,0.166667,0.009297
37,,32,0,2,2,0,2,2,8,0.234499,0.242479,0,0.5,0
38,,32,3,2,5,3,2,5,8,0.235249,0.243357,146.857769,0.55,0.000723
5041,,32,23,20,43,23,20,43,8,0.256373,0.267125,352806.488501,0.043651,0.006448
40,,16,1,3,4,1,3,4,9,0.236528,0.245206,0,0.833333,0.001276
1363,,7,26,0,26,26,0,26,0,0,0,0,0.08,0.036855
1578,,16,2,4,6,2,4,6,9,0.238903,0.247672,3957.724785,0.3,0.00147
2960,,16,1,0,1,1,0,1,0,0,0,0,0,0.001276
4218,,16,1,1,2,1,1,2,9,0.229331,0.237177,0,0,0.001276
4802,,16,2,2,4,2,2,4,9,0.229336,0.237212,104.197198,0.333333,0.001483
5738,,16,1,0,1,1,0,1,0,0,0,0,0,0.001276
7718,,7,8,8,16,8,8,16,8,0.250946,0.261201,12941.05718,0.12381,0.01227
7469,,16,3,2,5,3,2,5,9,0.236525,0.245179,37649,0.416667,0.001634
9963,,16,5,2,7,5,2,7,9,0.233518,0.242098,18.893841,0.95,0.004971
4513,,16,10,16,26,10,16,26,8,0.271487,0.284201,28073.823202,0.17619,0.00936
1109,,16,42,62,104,42,62,104,8,0.282147,0.298307,772791.727381,0.032437,0.025243
11321,,16,5,1,6,5,1,6,8,0.211021,0.216745,2948.265715,0,0.004153
8980,,16,1,1,2,1,1,2,9,0.229331,0.237177,0,0,0.001276
11938,,14,2,2,4,2,2,4,9,0.231343,0.239632,324.381976,0.333333,0.001472
11973,,16,4,3,7,4,3,7,9,0.236513,0.245165,536.223145,0.2,0.002549
11759,,16,1,1,2,1,1,2,9,0.229331,0.237177,0,0,0.001276
11092,,16,1,1,2,1,1,2,9,0.229331,0.237177,0,0,0.001276
428,,16,62,63,125,62,63,125,8,0.294741,0.313044,1055413.115335,0.046437,0.046281
543,,22,162,36,198,162,36,198,8,0.270407,0.28358,5007148.655538,0.008571,0.045079
11409,,16,1,1,2,1,1,2,9,0.229331,0.237177,0,0,0.001276
15893,,16,1,0,1,1,0,1,0,0,0,0,0,0.001276
15955,,16,2,1,3,2,1,3,9,0.232998,0.240571,35.650748,0.666667,0.00157
17593,,16,1,1,2,1,1,2,1,1,1,0,0.5,0.001276
18229,,16,1,0,1,1,0,1,0,0,0,0,0,0.001276
10644,,16,13,6,19,13,6,19,8,0.246691,0.255451,136313.996849,0.029412,0.006367
16543,,16,6,0,6,6,0,6,0,0,0,0,0,0.002826
17701,,16,6,2,8,6,2,8,9,0.22656,0.233977,27088.45434,0.333333,0.005023
21615,,16,2,1,3,2,1,3,9,0.229331,0.237177,0,0.5,0.001518
23145,,16,2,0,2,2,0,2,0,0,0,0,0.5,0.001461
13998,,7,14,12,26,14,12,26,8,0.27243,0.285016,115011.864888,0.143116,0.014816
2969,,16,10,42,52,10,42,52,8,0.280082,0.294821,458572.181306,0.051429,0.007485
25445,,16,1,0,1,1,0,1,0,0,0,0,0,0.001276
28513,,16,1,0,1,1,0,1,0,0,0,0,0,0.001276
17958,,16,5,1,6,5,1,6,9,0.226293,0.233846,18826.463366,0.633333,0.004078
23784,,2,207,33,240,207,33,240,8,0.278491,0.293415,3235225.262609,0.006954,0.062557
14703,,16,5,4,9,5,4,9,9,0.238833,0.248081,2647.050471,0.4,0.003374
5773,,7,17,19,36,17,19,36,8,0.271256,0.284393,51908.380405,0.145238,0.022042
18360,,16,4,3,7,4,3,7,9,0.229602,0.23755,52571.189629,0.3,0.003858
29489,,16,1,0,1,1,0,1,0,0,0,0,0,0.001276
7694,,16,19,15,34,19,15,34,8,0.265851,0.278695,86965.361024,0.14245,0.01677
20495,,16,63,36,99,63,36,99,7,0.314076,0.331472,1382537.223614,0.052317,0.040913
28542,,16,3,1,4,3,1,4,10,0.188828,0.19309,509.767106,0.166667,0.001811
23281,,16,2,0,2,2,0,2,0,0,0,0,0,0.001611
199,,7,17,39,56,17,39,56,8,0.291465,0.307019,254291.997627,0.121633,0.011047
33385,,16,1,1,2,1,1,2,9,0.229331,0.237177,0,0,0.001276
33438,,16,15,3,18,15,3,18,8,0.268234,0.279265,184677.996805,0.088235,0.011034
17981,,16,15,4,19,15,4,19,9,0.21525,0.221716,62029.595881,0.052288,0.006411
35243,,16,1,0,1,1,0,1,0,0,0,0,0,0.001276
11532,,16,18,12,30,18,12,30,9,0.239465,0.248898,33856.891913,0.13,0.008891
200,,7,8,3,11,8,3,11,8,0.249566,0.25973,69166.22152,0.155556,0.021584
826,,1,15,16,31,15,16,31,8,0.246378,0.255933,81547.766954,0.156923,0.020708
846,,16,6,3,9,6,3,9,8,0.268571,0.280854,2611.894673,0.285714,0.019555
975,,7,4,4,8,4,4,8,8,0.266937,0.278911,2574.387015,0.533333,0.020634
979,,7,26,16,42,26,16,42,8,0.278664,0.292409,250690.635806,0.105169,0.049712
987,,16,13,6,19,13,6,19,8,0.249094,0.259053,83655.491513,0.208333,0.023781
1017,,53,26,28,54,26,28,54,8,0.276886,0.291,353379.613131,0.069728,0.031268
744,,7,38,63,101,38,63,101,7,0.314159,0.333103,325208.759351,0.159048,0.065537
1293,,7,12,16,28,12,16,28,8,0.280859,0.294753,103561.678145,0.175,0.020844
824,,41,101,69,170,101,69,170,7,0.293103,0.31167,1503787.750519,0.034177,0.072456
239,,1,17,22,39,17,22,39,8,0.249242,0.259313,157995.531391,0.12619,0.019925
2258,,7,27,2,29,27,2,29,9,0.212742,0.218228,38696.529932,0.091133,0.040876
1183,,7,35,14,49,35,14,49,8,0.273463,0.286424,207743.224479,0.112179,0.046899
3134,,7,3,0,3,3,0,3,0,0,0,0,0.333333,0.016715
3235,,7,21,11,32,21,11,32,8,0.275077,0.288357,83375.703479,0.124339,0.028734
1166,,7,33,45,78,33,45,78,8,0.289836,0.306218,622183.296175,0.062011,0.041107
1518,,7,59,46,105,59,46,105,7,0.288596,0.305092,1071550.645282,0.048137,0.073432
511,,7,21,14,35,21,14,35,8,0.26651,0.278378,188985.50696,0.069519,0.022568
1460,,7,15,0,15,15,0,15,0,0,0,0,0.161905,0.041718
2650,,7,4,6,10,4,6,10,8,0.245963,0.254524,61376.646244,0.133333,0.014603
4396,,7,4,5,9,4,5,9,8,0.268341,0.280434,25777.758457,0.107143,0.014929
4784,,1,5,1,6,5,1,6,9,0.210702,0.216514,859.489969,0.35,0.016835
4865,,36,11,17,28,11,17,28,9,0.238246,0.247737,169942.59028,0.4,0.020104
4350,,7,3,8,11,3,8,11,8,0.270073,0.281866,45275.10844,0.222222,0.014516
4636,,7,26,4,30,26,4,30,9,0.236113,0.244316,71049.091368,0.092365,0.031219
6407,,7,5,3,8,5,3,8,9,0.228637,0.236015,31748.680302,0.196429,0.019938
589,,7,6,12,18,6,12,18,8,0.2898,0.303862,95114.277925,0.198529,0.020568
2684,,7,10,8,18,10,8,18,8,0.266604,0.278243,22724.125054,0.333333,0.022515
1040,,7,9,7,16,9,7,16,8,0.251587,0.26139,27060.432185,0.133333,0.024257
3064,,7,33,9,42,33,9,42,8,0.267791,0.279646,101177.519321,0.119231,0.047639
6308,,7,4,2,6,4,2,6,8,0.232949,0.240235,18827.10124,0.366667,0.019297
3029,,7,37,50,87,37,50,87,7,0.299148,0.316981,332554.02431,0.129704,0.050929
538,,7,21,22,43,21,22,43,7,0.277981,0.291363,104701.639767,0.168691,0.043709
8594,,7,2,0,2,2,0,2,0,0,0,0,0,0.01437
1027,,1,7,1,8,7,1,8,9,0.215529,0.221817,4038.99738,0.196429,0.015906
7520,,7,16,8,24,16,8,24,8,0.291181,0.305351,98452.658311,0.119048,0.021161
4229,,41,5,17,22,5,17,22,8,0.283772,0.298487,106236.158023,0.154971,0.015794
5628,,7,11,12,23,11,12,23,8,0.279135,0.292953,148091.85179,0.111905,0.018764
9651,,7,2,3,5,2,3,5,8,0.244691,0.253374,21.450226,0.45,0.014259
1968,,7,2,4,6,2,4,6,8,0.267742,0.279588,6410.950019,0.2,0.014536
9782,,7,2,0,2,2,0,2,0,0,0,0,0.5,0.015151
9828,,53,3,1,4,3,1,4,9,0.219671,0.226237,238.538025,0.25,0.015177
95,,7,15,25,40,15,25,40,8,0.288468,0.304763,355148.300741,0.127731,0.025189
100,,7,42,44,86,42,44,86,8,0.291722,0.308559,410079.410441,0.104961,0.063731
8925,,7,9,3,12,9,3,12,7,0.296753,0.311735,94784.397181,0.122222,0.019146
2801,,7,29,1,30,29,1,30,1,1,1,25977,0.116092,0.041466
1443,,7,17,19,36,17,19,36,8,0.278145,0.290963,365735.952342,0.05746,0.017949
3844,,7,11,8,19,11,8,19,8,0.258606,0.270018,105865.073667,0.1875,0.041584
10699,,7,1,1,2,1,1,2,9,0.211028,0.216688,683.098048,0,0.01409
4077,,7,15,13,28,15,13,28,8,0.267073,0.279485,179508.401585,0.06,0.026448
1688,,7,69,5,74,69,5,74,8,0.248485,0.258206,99654.637471,0.098965,0.071474
7546,,36,4,2,6,4,2,6,9,0.21964,0.225878,46.078184,0.566667,0.018954
1481,,7,25,0,25,25,0,25,0,0,0,0,0.136667,0.051661
342,,36,67,44,111,67,44,111,8,0.281915,0.2971,1102217.225402,0.02505,0.031814
7217,,16,3,3,6,3,3,6,8,0.264961,0.276895,22628.609294,0.25,0.014427
2787,,16,41,38,79,41,38,79,8,0.284183,0.300134,534662.824907,0.069215,0.05334
12996,,7,1,0,1,1,0,1,0,0,0,0,0,0.01409
432,,1,24,13,37,24,13,37,8,0.266945,0.279373,213743.715293,0.100379,0.027093
5318,,7,3,2,5,3,2,5,8,0.254485,0.264719,1129.548093,0.333333,0.020938
13228,,7,2,4,6,2,4,6,8,0.246866,0.25574,20421.30195,0.133333,0.014259
1315,,7,8,0,8,8,0,8,0,0,0,0,0.053571,0.016093
1423,,16,4,2,6,4,2,6,8,0.245082,0.253589,19498.654323,0.266667,0.016416
3283,,7,36,30,66,36,30,66,8,0.252586,0.264174,577208.500035,0.041579,0.035459
2290,,41,8,15,23,8,15,23,8,0.280884,0.294115,174388.109431,0.075758,0.017102
12975,,7,19,31,50,19,31,50,7,0.316446,0.333978,271316.946802,0.134848,0.034614
7641,,7,9,6,15,9,6,15,8,0.266235,0.278321,36602.646911,0.310606,0.01928
909,,7,34,44,78,34,44,78,7,0.298342,0.315238,439008.961029,0.106014,0.038395
12722,,16,7,4,11,7,4,11,9,0.230065,0.238,79959.106503,0.111111,0.01866
3098,,1,12,19,31,12,19,31,8,0.247106,0.257026,152601.225808,0.159544,0.021077
15537,,7,1,1,2,1,1,2,8,0.261469,0.272555,0,0,0.01409
5212,,36,10,9,19,10,9,19,8,0.274492,0.287635,127512.976706,0.069853,0.016972
16668,,16,5,2,7,5,2,7,9,0.216505,0.222627,4047.496363,0.071429,0.015379
5102,,7,5,7,12,5,7,12,8,0.246543,0.256032,23794.04904,0.098485,0.016034
9347,,7,8,6,14,8,6,14,8,0.241566,0.250558,34836.265075,0.3,0.017416
9510,,7,4,1,5,4,1,5,9,0.206897,0.212558,8558.098175,0.25,0.020474
15323,,7,8,11,19,8,11,19,8,0.277077,0.290636,69979.478444,0.084967,0.019497
17383,,7,4,4,8,4,4,8,8,0.263028,0.273942,36662.146631,0.232143,0.019184
7154,,7,3,1,4,3,1,4,8,0.248758,0.257747,38603.425691,0.25,0.015677
17637,,16,9,4,13,9,4,13,8,0.262004,0.27323,98157.186597,0.1,0.025421
8288,,12,11,9,20,11,9,20,8,0.257654,0.267627,177296.241194,0.060526,0.019418
3382,,16,25,21,46,25,21,46,8,0.255036,0.267545,362582.48597,0.181452,0.029593
19088,,7,1,0,1,1,0,1,0,0,0,0,0,0.01409
1726,,7,9,9,18,9,9,18,8,0.281637,0.294926,101649.546369,0.110294,0.023094
15427,,7,3,4,7,3,4,7,9,0.230657,0.238813,2140.975297,0.4,0.015199
10894,,7,6,4,10,6,4,10,8,0.258078,0.269404,5432.652504,0.111111,0.01568
4355,,7,10,20,30,10,20,30,7,0.303797,0.3198,250648.503041,0.126781,0.036494
1339,,7,8,9,17,8,9,17,8,0.277089,0.290324,98359.913638,0.138095,0.022233
20584,,16,3,0,3,3,0,3,0,0,0,0,0.333333,0.015685
1751,,1,14,19,33,14,19,33,8,0.234493,0.243992,87338.041029,0.202381,0.019645
19522,,16,1,1,2,1,1,2,10,0.170906,0.174084,3584.380618,0,0.01409
3140,,7,17,16,33,17,16,33,8,0.282139,0.296254,104530.570809,0.1367,0.025338
2450,,7,6,9,15,6,9,15,8,0.26457,0.276153,103035.668257,0.115385,0.018913
829,,36,9,4,13,9,4,13,9,0.214676,0.221045,58179.051043,0.305556,0.01586
21452,,16,1,1,2,1,1,2,9,0.216316,0.222798,8234.686696,0,0.01409
947,,7,9,8,17,9,8,17,8,0.245905,0.255329,54601.657293,0.125,0.022183
1517,,7,21,1,22,21,1,22,9,0.209252,0.214874,18874.299471,0.211905,0.050448
3173,,7,25,24,49,25,24,49,8,0.289707,0.304925,252548.134417,0.127907,0.033466
11781,,7,19,10,29,19,10,29,8,0.275085,0.288225,89940.518035,0.103989,0.030189
2892,,7,28,25,53,28,25,53,8,0.284854,0.300336,424663.028384,0.106765,0.054285
872,,7,42,27,69,42,27,69,8,0.276613,0.290943,359359.098664,0.086499,0.053898
13997,,7,3,3,6,3,3,6,9,0.250682,0.261129,65629.934868,0.066667,0.014863
23150,,7,1,0,1,1,0,1,0,0,0,0,0,0.01409
23186,,7,1,0,1,1,0,1,0,0,0,0,0,0.01409
333,,7,17,8,25,17,8,25,8,0.265147,0.276433,125986.420107,0.181818,0.048014
4155,,16,11,16,27,11,16,27,8,0.256178,0.266632,151646.681225,0.134387,0.018442
8450,,7,5,3,8,5,3,8,8,0.244897,0.254069,41803.144787,0.119048,0.014879
23639,,7,1,0,1,1,0,1,0,0,0,0,0,0.01409
11519,,16,14,8,22,14,8,22,8,0.244993,0.253643,144924.560012,0.128947,0.037311
22788,,69,12,8,20,12,8,20,8,0.250429,0.259654,81774.381186,0.128676,0.01722
10468,,69,25,19,44,25,19,44,7,0.302265,0.318289,399397.971342,0.080159,0.036389
19134,,1,2,1,3,2,1,3,9,0.190875,0.19539,2009.988716,0,0.014327
4624,,1,4,9,13,4,9,13,8,0.226386,0.234115,49234.225398,0.287879,0.016553
4894,,14,7,14,21,7,14,21,8,0.280931,0.295393,91682.996845,0.137427,0.018595
6724,,1,12,11,23,12,11,23,8,0.267233,0.279279,83716.93828,0.134503,0.020022
603,,7,29,9,38,29,9,38,8,0.275867,0.288924,129695.591261,0.146396,0.064646
23775,,16,6,8,14,6,8,14,8,0.268265,0.28006,94412.462877,0.083333,0.016101
7852,,53,3,0,3,3,0,3,0,0,0,0,0.666667,0.015384
1920,,7,23,11,34,23,11,34,8,0.281894,0.296351,173182.045093,0.07957,0.035009
9160,,7,10,2,12,10,2,12,8,0.243513,0.252024,4216.59014,0.219697,0.020234
101,,7,35,19,54,35,19,54,8,0.271092,0.283994,189219.630813,0.088435,0.03659
26440,,7,1,1,2,1,1,2,8,0.261469,0.272555,0,0,0.01409
3668,,7,19,29,48,19,29,48,7,0.280637,0.295288,269791.580437,0.103594,0.025089
8720,,41,5,15,20,5,15,20,8,0.281485,0.295118,146251.396185,0.166667,0.017337
25672,,7,10,3,13,10,3,13,8,0.282308,0.295496,3287.561628,0.348485,0.024202
612,,7,17,20,37,17,20,37,8,0.278904,0.292896,154749.642508,0.122689,0.025899
8734,,41,5,1,6,5,1,6,9,0.234729,0.243217,23033.541166,0.3,0.01783
6841,,7,12,13,25,12,13,25,8,0.284299,0.29797,102605.920001,0.180952,0.022477
27337,,7,1,0,1,1,0,1,0,0,0,0,0,0.01409
11694,,16,14,15,29,14,15,29,8,0.271773,0.284973,118993.181531,0.15942,0.021891
7109,,16,4,5,9,4,5,9,8,0.272434,0.285372,69442.832004,0.285714,0.020773
3552,,7,7,8,15,7,8,15,9,0.248299,0.257988,40173.398089,0.147619,0.031558
17231,,7,9,9,18,9,9,18,8,0.266156,0.278007,68200.443577,0.109524,0.01922
8919,,16,4,3,7,4,3,7,8,0.233858,0.242343,26471.420113,0.4,0.016577
27509,,7,47,25,72,47,25,72,8,0.288397,0.304303,241653.718789,0.127739,0.049057
3649,,7,9,4,13,9,4,13,9,0.224987,0.23246,29265.573192,0.209091,0.025002
649,,7,22,21,43,22,21,43,8,0.288415,0.303637,146845.754373,0.149015,0.031608
28629,,36,1,1,2,1,1,2,9,0.218245,0.224831,2512.932885,0.5,0.01409
3958,,7,35,8,43,35,8,43,8,0.238111,0.247385,131591.714396,0.087179,0.039736
28549,,7,12,7,19,12,7,19,8,0.277159,0.290583,25504.203204,0.180147,0.02482
23257,,7,2,4,6,2,4,6,9,0.225485,0.232616,2407.459293,0.25,0.014553
4496,,7,13,12,25,13,12,25,8,0.269779,0.282041,56943.2176,0.136667,0.024617
9795,,7,13,9,22,13,9,22,7,0.30049,0.31611,149750.637801,0.102339,0.022059
22588,,7,2,1,3,2,1,3,9,0.2097,0.215028,186.73956,0.333333,0.017203
29936,,7,1,0,1,1,0,1,0,0,0,0,0,0.01409
9975,,36,3,2,5,3,2,5,8,0.261519,0.27266,10484.905487,0,0.01459
1618,,7,34,0,34,34,0,34,0,0,0,0,0.148841,0.065846
6127,,7,6,5,11,6,5,11,8,0.24859,0.257797,33937.172762,0.244444,0.026657
23026,,41,2,1,3,2,1,3,9,0.194664,0.199518,2516.124052,0.5,0.015337
26799,,7,10,11,21,10,11,21,8,0.270353,0.282883,111487.631257,0.134503,0.017013
23323,,69,7,7,14,7,7,14,8,0.242609,0.250864,107380.088666,0.181818,0.018804
28533,,7,1,2,3,1,2,3,8,0.215942,0.222075,26465.587725,0,0.01409
3610,,7,44,26,70,44,26,70,8,0.27916,0.29328,313940.786982,0.093989,0.052153
30817,,7,1,1,2,1,1,2,8,0.261469,0.272555,0,0,0.01409
8346,,16,3,3,6,3,3,6,8,0.241062,0.249344,26092.428347,0.2,0.017031
2207,,16,14,11,25,14,11,25,8,0.254144,0.265929,141179.157119,0.130435,0.024358
2219,,7,6,9,15,6,9,15,8,0.284742,0.29864,64722.635413,0.21978,0.019947
984,,7,49,15,64,49,15,64,8,0.27254,0.285967,487649.83453,0.052525,0.046007
27446,,7,26,16,42,26,16,42,7,0.303728,0.319494,321590.181005,0.099206,0.037149
1982,,16,30,19,49,30,19,49,8,0.277711,0.292308,318520.442154,0.108333,0.036938
10475,,7,6,5,11,6,5,11,9,0.23169,0.239745,42762.58836,0.069444,0.01769
13504,,16,11,12,23,11,12,23,7,0.28472,0.298626,156876.81578,0.156863,0.028317
10757,,7,5,2,7,5,2,7,8,0.262889,0.273633,1169.206944,0.404762,0.021288
3402,,7,6,5,11,6,5,11,8,0.246504,0.255698,1442.459678,0.222222,0.020711
30809,,1,2,1,3,2,1,3,8,0.263548,0.2744,18744.458652,0.666667,0.015199
31780,,7,1,1,2,1,1,2,9,0.225588,0.232928,0,1,0.01409
856,,14,30,19,49,30,19,49,7,0.28154,0.295147,382604.060687,0.07971,0.035881
26876,,16,5,3,8,5,3,8,8,0.241201,0.24936,54905.751411,0.433333,0.017504
31031,,7,3,0,3,3,0,3,0,0,0,0,0.5,0.017101
837,,16,33,36,69,33,36,69,8,0.289983,0.306899,579703.443003,0.058284,0.030478
1679,,7,16,30,46,16,30,46,8,0.283995,0.298784,362545.530639,0.079268,0.023734
32055,,7,6,1,7,6,1,7,8,0.2324,0.239613,18824,0.2,0.016639
15213,,7,34,3,37,34,3,37,8,0.262893,0.273704,99605.627439,0.100601,0.043664
29997,,7,2,2,4,2,2,4,8,0.252617,0.262109,9644.660863,0.333333,0.014458
25414,,41,6,0,6,6,0,6,0,0,0,0,0.266667,0.01962
3005,,36,8,0,8,8,0,8,0,0,0,0,0.142857,0.022288
11736,,36,4,0,4,4,0,4,0,0,0,0,0.333333,0.018051
1069,,7,45,94,139,45,94,139,7,0.31895,0.339903,2270083.408267,0.143569,0.059678
384,,16,34,32,66,34,32,66,8,0.274036,0.288669,535029.254599,0.087719,0.050716
18390,,7,3,1,4,3,1,4,1,1,1,25976,0.083333,0.014851
31435,,7,30,0,30,30,0,30,0,0,0,0,0.106897,0.045372
5163,,7,6,4,10,6,4,10,7,0.295909,0.310927,16864.952107,0.266667,0.019266
31651,,16,4,4,8,4,4,8,8,0.241001,0.250309,11977.622479,0.303571,0.015428
7791,,7,7,4,11,7,4,11,8,0.264106,0.275562,57235.58876,0.066667,0.016586
34114,,16,6,1,7,6,1,7,9,0.211814,0.218062,183.980921,0.3,0.024443
3189,,41,2,3,5,2,3,5,9,0.23303,0.240995,33539.945837,0.25,0.014265
4794,,1,14,9,23,14,9,23,8,0.248876,0.259166,44651.409666,0.230952,0.022079
35669,,7,1,0,1,1,0,1,0,0,0,0,0,0.01409
954,,16,46,40,86,46,40,86,8,0.27286,0.286915,419560.915134,0.081818,0.048588
31669,,7,4,5,9,4,5,9,8,0.244579,0.253619,63824.274754,0.222222,0.01548
43,,7,5,164,169,5,164,169,7,0.332081,0.354744,492323.97913,0.071286,0.018005
724,,36,62,54,116,62,54,116,7,0.306917,0.324311,1002280.899985,0.055717,0.036025
6195,,7,1,0,1,1,0,1,0,0,0,0,0,0.000387
3545,,7,13,0,13,13,0,13,0,0,0,0,0.121795,0.017047
1975,,7,30,8,38,30,8,38,9,0.250429,0.260847,124443.309926,0.095365,0.017828
1005,,7,7,2,9,7,2,9,9,0.212742,0.218228,134.948019,0.041667,0.005447
1187,,7,33,21,54,33,21,54,8,0.27972,0.294407,315094.995751,0.080782,0.018948
2673,,7,19,0,19,19,0,19,0,0,0,0,0.055556,0.011325
5533,,7,17,1,18,17,1,18,8,0.262753,0.273463,2800.405755,0.166667,0.020101
939,,67,83,62,145,83,62,145,8,0.293574,0.311024,1499720.18496,0.033957,0.034003
1776,,7,35,0,35,35,0,35,0,0,0,0,0.097479,0.047664
11585,,7,1,0,1,1,0,1,0,0,0,0,0,0.000387
629,,7,14,1,15,14,1,15,9,0.214441,0.220553,38165.736529,0.119048,0.025578
126,,41,63,58,121,63,58,121,7,0.30211,0.320138,1736338.212649,0.040575,0.041635
12444,,7,1,0,1,1,0,1,0,0,0,0,0,0.000387
9198,,7,21,1,22,21,1,22,9,0.193867,0.197901,331.536432,0.17316,0.019641
3417,,7,31,1,32,31,1,32,8,0.232417,0.240736,41355.534381,0.116935,0.03655
14072,,7,1,0,1,1,0,1,0,0,0,0,0,0.000387
2526,,36,19,7,26,19,7,26,8,0.235723,0.244689,112059.029711,0.083333,0.006771
5028,,7,5,6,11,5,6,11,8,0.23549,0.24294,270.528472,0.072727,0.001495
3071,,7,11,28,39,11,28,39,7,0.282902,0.297439,53508.636037,0.113798,0.006973
16382,,7,1,1,2,1,1,2,9,0.214324,0.220606,1.049405,0,0.000387
16403,,7,7,1,8,7,1,8,9,0.214122,0.219984,23.362653,0.142857,0.004441
3972,,7,23,27,50,23,27,50,8,0.279446,0.2945,206010.061785,0.108586,0.018898
8758,,7,10,1,11,10,1,11,9,0.226163,0.233245,0,0.363636,0.013153
11185,,7,9,7,16,9,7,16,8,0.282821,0.297357,57338.692585,0.233333,0.010026
8587,,7,7,0,7,7,0,7,0,0,0,0,0.071429,0.004037
7948,,7,18,3,21,18,3,21,8,0.278664,0.291134,2997.793974,0.184211,0.021201
19108,,7,1,1,2,1,1,2,9,0.196522,0.201122,0.928325,0,0.000387
1224,,16,60,33,93,60,33,93,8,0.27838,0.293473,909026.840371,0.056777,0.043402
21664,,7,3,4,7,3,4,7,8,0.266653,0.27853,808.579219,0.266667,0.004611
353,,7,118,93,211,118,93,211,7,0.315,0.335389,1757023.577613,0.050081,0.099558
10080,,7,3,0,3,3,0,3,0,0,0,0,0,0.001177
16319,,7,12,2,14,12,2,14,9,0.220179,0.226692,374.284742,0.269231,0.023444
5510,,16,8,2,10,8,2,10,8,0.245584,0.254332,3257.944667,0.1,0.00956
8740,,7,3,2,5,3,2,5,8,0.262841,0.273627,695.518588,0.2,0.000993
2709,,7,31,13,44,31,13,44,8,0.254024,0.26407,190016.578942,0.082051,0.039871
6551,,16,3,5,8,3,5,8,8,0.275153,0.287342,28105.974336,0.266667,0.002193
15182,,7,4,2,6,4,2,6,9,0.21715,0.223557,620.548903,0,0.0016
12660,,16,9,2,11,9,2,11,9,0.226309,0.234326,101616.05736,0.033333,0.003376
27477,,7,18,10,28,18,10,28,8,0.266288,0.277751,67963.514736,0.098462,0.008969
4714,,41,15,7,22,15,7,22,8,0.25243,0.263481,72698.830765,0.154971,0.006875
3285,,7,17,21,38,17,21,38,8,0.276134,0.289402,244224.927031,0.0625,0.007087
29557,,7,5,0,5,5,0,5,0,0,0,0,0,0.001914
1941,,7,21,0,21,21,0,21,0,0,0,0,0.102381,0.030949
6560,,7,17,0,17,17,0,17,0,0,0,0,0.143382,0.018013
34380,,7,1,0,1,1,0,1,0,0,0,0,0,0.000387
15736,,7,14,15,29,14,15,29,8,0.278219,0.291297,48722.703198,0.184615,0.035327
10707,,7,33,0,33,33,0,33,0,0,0,0,0.166667,0.026055
1571,,41,1,2,3,1,2,3,8,0.238712,0.246622,1564.126558,0,0.003596
3399,,41,2,1,3,2,1,3,8,0.226669,0.234619,0,1,0.004821
2094,,7,34,57,91,34,57,91,8,0.297048,0.314701,539771.520436,0.058796,0.018746
3653,,7,1,0,1,1,0,1,0,0,0,0,0,0.003596
3852,,41,2,1,3,2,1,3,8,0.226669,0.234619,0,1,0.004821
6198,,12,5,7,12,5,7,12,8,0.266582,0.278159,44390.77811,0.05303,0.004772
6626,,36,1,1,2,1,1,2,9,0.213539,0.219309,0,0.5,0.003596
4200,,7,4,7,11,4,7,11,8,0.266495,0.27834,38191.041757,0.155556,0.006288
4810,,7,4,0,4,4,0,4,0,0,0,0,0.25,0.005338
6620,,7,16,36,52,16,36,52,8,0.288388,0.304761,200007.944635,0.117874,0.019632
10263,,7,1,0,1,1,0,1,0,0,0,0,0,0.003596
290,,7,37,29,66,37,29,66,8,0.275855,0.289712,427693.99891,0.055815,0.021823
10764,,7,4,2,6,4,2,6,8,0.237244,0.244831,19132.632758,0.25,0.004523
11371,,7,1,1,2,1,1,2,1,1,1,0,0.5,0.003596
4656,,41,12,9,21,12,9,21,8,0.245105,0.253928,104585.124108,0.064327,0.006567
10895,,7,4,2,6,4,2,6,9,0.225596,0.232968,163.922527,0.133333,0.007493
1414,,7,7,2,9,7,2,9,9,0.253771,0.264659,30294.499524,0.178571,0.02486
1291,,7,7,9,16,7,9,16,8,0.272536,0.285252,35531.537714,0.195238,0.005855
779,,7,17,12,29,17,12,29,8,0.267909,0.27972,101591.349635,0.103333,0.009904
16131,,7,1,0,1,1,0,1,0,0,0,0,0,0.003596
12855,,7,9,5,14,9,5,14,8,0.240791,0.249126,22183.828978,0.068182,0.008673
12561,,7,14,7,21,14,7,21,8,0.26268,0.274237,20530.044671,0.140523,0.015421
10215,,7,12,3,15,12,3,15,9,0.200563,0.205625,72913.559078,0.098901,0.008746
6317,,16,5,9,14,5,9,14,8,0.242907,0.252061,135236.116476,0.019231,0.005011
3470,,7,2,2,4,2,2,4,9,0.233478,0.241636,1806.062404,0.416667,0.003832
13404,,41,5,3,8,5,3,8,8,0.253877,0.264094,25262.353185,0.119048,0.004376
13044,,41,14,2,16,14,2,16,8,0.238521,0.247789,76729.752595,0.171429,0.015075
18074,,41,16,1,17,16,1,17,11,0.147791,0.149809,463.299387,0.180147,0.015263
16487,,7,9,1,10,9,1,10,10,0.1765,0.179963,29452.841315,0.166667,0.005733
5643,,36,11,13,24,11,13,24,8,0.271507,0.283879,158752.287895,0.084416,0.008301
18039,,7,2,3,5,2,3,5,8,0.245453,0.254074,6431.489264,0.166667,0.003764
27821,,7,2,1,3,2,1,3,9,0.221404,0.228257,19519.118822,0,0.003764
5518,,69,5,5,10,5,5,10,8,0.246504,0.255409,28946.469068,0.035714,0.004582
20267,,7,2,0,2,2,0,2,0,0,0,0,0.5,0.003804
18458,,41,4,3,7,4,3,7,8,0.242313,0.251168,228.283161,0.4,0.004325
6037,,7,4,5,9,4,5,9,8,0.223425,0.230507,22761.177594,0.190476,0.004523
232,,7,11,12,23,11,12,23,8,0.279974,0.29319,28868.151961,0.147619,0.012854
21906,,7,2,2,4,2,2,4,9,0.227074,0.233788,119.080057,0.333333,0.006151
10643,,36,5,5,10,5,5,10,8,0.261865,0.273662,36653.252041,0.111111,0.004665
11613,,7,3,4,7,3,4,7,8,0.239027,0.247019,179.531692,0.2,0.004238
32238,,41,4,0,4,4,0,4,0,0,0,0,0.583333,0.005193
22811,,7,4,1,5,4,1,5,8,0.238706,0.246587,18826,0.25,0.004319
33174,,7,1,0,1,1,0,1,0,0,0,0,0,0.003596
33305,,7,1,0,1,1,0,1,0,0,0,0,0,0.003596
1960,,7,13,1,14,13,1,14,8,0.262753,0.273463,75773.985568,0.093407,0.008046
21565,,14,1,1,2,1,1,2,8,0.247395,0.256737,1061.203198,0,0.003596
33966,,41,5,0,5,5,0,5,0,0,0,0,0.25,0.005539
32293,,41,2,0,2,2,0,2,0,0,0,0,1,0.004821
45,,41,0,4,4,0,4,4,11,0.160291,0.162917,0,0,0
46,,41,1,0,1,1,0,1,0,0,0,0,0,0.000168
1392,,41,1,0,1,1,0,1,0,0,0,0,0,0.000168
3605,,41,1,0,1,1,0,1,0,0,0,0,0,0.000168
1284,,41,24,4,28,24,4,28,10,0.190848,0.195156,266016.15477,0.028333,0.007088
2121,,7,3,8,11,3,8,11,8,0.264767,0.276211,1241.278412,0.145455,0.002336
2223,,7,34,20,54,34,20,54,8,0.266892,0.27957,116157.4746,0.112077,0.018376
10824,,12,67,0,67,67,0,67,0,0,0,0,0.017187,0.026266
10926,,7,2,5,7,2,5,7,9,0.214353,0.22078,6830.230345,0.166667,0.002239
15290,,7,1,0,1,1,0,1,0,0,0,0,0,0.00168
3315,,7,26,15,41,26,15,41,8,0.276138,0.289942,90890.614475,0.187688,0.042048
18807,,7,4,0,4,4,0,4,0,0,0,0,0.25,0.003509
5174,,7,22,14,36,22,14,36,8,0.282622,0.296959,48194.365465,0.205882,0.025705
14150,,7,3,1,4,3,1,4,9,0.220525,0.227177,194.798122,0,0.002334
48,,7,0,1,1,0,1,1,9,0.226389,0.233867,0,0,0
679,,7,26,41,67,26,41,67,8,0.288269,0.303913,304600.717978,0.116667,0.027079
734,,7,31,35,66,31,35,66,8,0.285109,0.300821,98713.8252,0.20791,0.029765
4408,,7,1,0,1,1,0,1,0,0,0,0,0,0.000823
2064,,7,24,11,35,24,11,35,8,0.261949,0.273322,113593.578242,0.181034,0.017039
1581,,7,2,6,8,2,6,8,9,0.231793,0.239649,188.478765,0.233333,0.00139
1590,,7,8,5,13,8,5,13,8,0.259547,0.270513,1668.174228,0.255556,0.007367
2963,,7,9,15,24,9,15,24,7,0.30321,0.319179,37295.339245,0.20471,0.004624
210,,7,31,72,103,31,72,103,7,0.317123,0.337057,427150.73567,0.129832,0.028531
841,,7,48,25,73,48,25,73,8,0.284449,0.300012,231067.295837,0.098077,0.048993
6231,,7,6,5,11,6,5,11,8,0.248913,0.258311,44860.741847,0.285714,0.002944
12879,,7,2,2,4,2,2,4,8,0.250366,0.259493,53.188908,0.833333,0.001524
10286,,41,8,1,9,8,1,9,9,0.22979,0.23754,25726.04056,0.041667,0.008197
9814,,7,7,0,7,7,0,7,0,0,0,0,0.071429,0.007631
6074,,7,3,5,8,3,5,8,8,0.265611,0.276755,12355.445123,0.125,0.002687
2151,,7,18,18,36,18,18,36,8,0.282911,0.297696,204674.840068,0.082796,0.010994
15341,,7,39,108,147,39,108,147,7,0.323615,0.344034,580309.346169,0.085998,0.028754
51,,7,2,1,3,2,1,3,9,0.215531,0.221822,77.009988,0.166667,0.000588
6270,,7,1,3,4,1,3,4,8,0.261055,0.271091,664.414563,0.166667,0.000348
9560,,7,7,15,22,7,15,22,8,0.246043,0.256264,43979.82027,0.060526,0.00518
18230,,12,30,0,30,30,0,30,0,0,0,0,0.041379,0.008267
12378,,12,273,18,291,273,18,291,9,0.197445,0.20318,2919126.380807,0.008001,0.074509
439,,7,34,47,81,34,47,81,8,0.271742,0.285436,270321.970943,0.073121,0.024764
35662,,7,1,0,1,1,0,1,0,0,0,0,0,0.000348
52,,7,0,1,1,0,1,1,9,0.196323,0.200759,0,0,0
53,,7,12,9,21,12,9,21,8,0.244268,0.253124,60524.795375,0.109524,0.008242
2008,,7,22,12,34,22,12,34,9,0.230643,0.23926,27711.119769,0.148333,0.010653
3506,,7,40,41,81,40,41,81,8,0.283294,0.298866,436308.47357,0.069825,0.03795
13808,,7,4,5,9,4,5,9,9,0.233878,0.242799,763.47064,0.222222,0.001351
1765,,7,3,2,5,3,2,5,9,0.200939,0.206047,43.521239,0.15,0.001436
3415,,7,1,0,1,1,0,1,0,0,0,0,0,0.000633
666,,7,2,4,6,2,4,6,9,0.236312,0.243975,18850.625481,0.033333,0.000807
1930,,7,4,33,37,4,33,37,7,0.306358,0.323291,64406.595451,0.138889,0.005765
4356,,16,5,28,33,5,28,33,8,0.291271,0.307882,20862.338598,0.226326,0.007066
4539,,7,2,2,4,2,2,4,10,0.17916,0.182353,0,0.5,0.000971
3935,,7,2,17,19,2,17,19,7,0.303728,0.319765,383.901671,0.411765,0.005334
350,,7,3,2,5,3,2,5,8,0.26283,0.273597,11.650805,0.6,0.006357
5011,,7,3,7,10,3,7,10,8,0.264931,0.276188,3174.936054,0.188889,0.001212
9866,,7,25,339,364,25,339,364,7,0.354152,0.383315,769677.183786,0.056664,0.017138
2248,,16,34,23,57,34,23,57,8,0.292788,0.308213,481187.690781,0.06902,0.018157
2381,,7,9,0,9,9,0,9,0,0,0,0,0.055556,0.006691
13241,,7,40,69,109,40,69,109,7,0.315835,0.334449,324707.972373,0.131881,0.035052
3238,,7,2,7,9,2,7,9,7,0.298693,0.314012,1428.646638,0.375,0.001656
96,,7,14,126,140,14,126,140,7,0.328351,0.350071,232681.707415,0.098584,0.012173
14808,,7,4,1,5,4,1,5,9,0.235466,0.24292,0,0.583333,0.003409
2655,,7,7,7,14,7,7,14,8,0.266363,0.277974,34719.64712,0.054945,0.002519
24043,,7,1,1,2,1,1,2,8,0.262285,0.274017,75.521465,0.5,0.000633
5386,,7,11,13,24,11,13,24,8,0.272833,0.285538,45429.829941,0.156126,0.010108
27087,,7,2,0,2,2,0,2,0,0,0,0,1,0.001055
6562,,7,15,19,34,15,19,34,8,0.280608,0.294216,51542.91776,0.202652,0.022843
27542,,7,33,11,44,33,11,44,8,0.288442,0.30261,70904.471596,0.254878,0.033594
26552,,7,9,10,19,9,10,19,8,0.271863,0.28448,3334.767591,0.25,0.007674
17219,,7,45,65,110,45,65,110,7,0.307113,0.325836,318446.043243,0.113438,0.034111
1903,,1,8,14,22,8,14,22,8,0.248765,0.258309,133924.81738,0.015152,0.010066
5128,,7,14,13,27,14,13,27,8,0.276276,0.289598,41424.598395,0.2151,0.022012
13703,,7,8,0,8,8,0,8,0,0,0,0,0.464286,0.015728
20335,,7,1,1,2,1,1,2,8,0.243013,0.252183,5514.532033,0,0.007248
2867,,7,10,1,11,10,1,11,8,0.25152,0.261547,2584.207847,0.218182,0.016395
13223,,1,3,5,8,3,5,8,8,0.253952,0.263652,14598.306667,0.053571,0.008027
5383,,7,21,47,68,21,47,68,7,0.299691,0.316562,344036.169743,0.074038,0.018649
31276,,7,1,0,1,1,0,1,0,0,0,0,0,0.007248
1519,,7,11,15,26,11,15,26,8,0.288517,0.303078,51162.862051,0.318182,0.0209
56,,41,0,1,1,0,1,1,8,0.257544,0.268689,0,0,0
2087,,7,12,2,14,12,2,14,9,0.2192,0.225265,485.217737,0.071429,0.012716
1736,,7,21,0,21,21,0,21,0,0,0,0,0.102381,0.023443
2734,,7,6,1,7,6,1,7,9,0.223701,0.230397,2819.492728,0.133333,0.010235
2805,,7,8,16,24,8,16,24,8,0.27012,0.282679,8147.501262,0.206522,0.012199
2881,,7,3,1,4,3,1,4,9,0.227246,0.234543,1273.782537,0.333333,0.012136
708,,7,35,11,46,35,11,46,7,0.304924,0.320855,249769.860405,0.126087,0.035857
3055,,41,3,2,5,3,2,5,9,0.211371,0.217173,10808.767663,0.15,0.007127
3112,,7,7,0,7,7,0,7,0,0,0,0,0.142857,0.014003
3547,,41,1,0,1,1,0,1,0,0,0,0,0,0.005532
3553,,16,5,0,5,5,0,5,0,0,0,0,0.05,0.007418
3595,,7,2,1,3,2,1,3,9,0.221412,0.227907,4177.418715,0.333333,0.009875
1125,,41,15,8,23,15,8,23,8,0.263227,0.275296,247624.212964,0.093567,0.015715
638,,7,6,30,36,6,30,36,8,0.292043,0.308369,94341.824536,0.184034,0.01118
3928,,41,7,0,7,7,0,7,0,0,0,0,0.047619,0.007525
3366,,1,3,1,4,3,1,4,9,0.209852,0.215169,190.767224,0,0.005951
4164,,41,4,1,5,4,1,5,8,0.257538,0.268676,19858.812658,0.083333,0.007343
2455,,7,5,0,5,5,0,5,0,0,0,0,0.05,0.008317
2162,,7,24,23,47,24,23,47,8,0.277575,0.292101,285806.133394,0.081313,0.038378
4556,,41,1,0,1,1,0,1,0,0,0,0,0,0.005532
4558,,41,1,0,1,1,0,1,0,0,0,0,0,0.005532
4566,,41,2,0,2,2,0,2,0,0,0,0,0,0.0057
4591,,1,5,0,5,5,0,5,0,0,0,0,0.05,0.007331
4885,,41,1,0,1,1,0,1,0,0,0,0,0,0.005532
5341,,67,3,0,3,3,0,3,0,0,0,0,0,0.006048
5550,,41,3,0,3,3,0,3,0,0,0,0,0.333333,0.006509
5831,,41,6,0,6,6,0,6,0,0,0,0,0.066667,0.008684
1672,,16,6,0,6,6,0,6,0,0,0,0,0.2,0.011515
6052,,7,14,1,15,14,1,15,9,0.200064,0.204366,10.199967,0.166667,0.021529
2169,,7,26,0,26,26,0,26,0,0,0,0,0.113846,0.027646
1587,,7,22,0,22,22,0,22,0,0,0,0,0.012987,0.014407
6500,,41,1,0,1,1,0,1,0,0,0,0,0,0.005532
6689,,41,1,0,1,1,0,1,0,0,0,0,0,0.005532
6775,,41,1,0,1,1,0,1,0,0,0,0,0,0.005532
5332,,41,3,7,10,3,7,10,8,0.265375,0.277615,5714.840514,0.277778,0.005873
6940,,41,1,0,1,1,0,1,0,0,0,0,0,0.005532
5167,,41,2,0,2,2,0,2,0,0,0,0,1,0.008027
7208,,36,6,5,11,6,5,11,9,0.222062,0.229838,27544.645751,0.036364,0.006697
5699,,41,1,1,2,1,1,2,9,0.211369,0.217147,1774.525358,0,0.005532
7612,,41,1,0,1,1,0,1,0,0,0,0,0,0.005532
7685,,41,1,0,1,1,0,1,0,0,0,0,0,0.005532
6896,,1,8,4,12,8,4,12,9,0.214141,0.220442,79185.705202,0.145455,0.013049
7848,,1,2,0,2,2,0,2,0,0,0,0,0,0.005747
6224,,16,11,0,11,11,0,11,0,0,0,0,0.1,0.014639
1420,,41,13,27,40,13,27,40,8,0.278425,0.292881,195729.950604,0.042857,0.011415
3322,,7,15,21,36,15,21,36,8,0.280186,0.294043,153916.862287,0.168449,0.01954
8213,,7,8,1,9,8,1,9,9,0.206706,0.212246,48.30439,0.111111,0.008317
8255,,41,1,1,2,1,1,2,1,1,1,25976,0,0.005532
905,,7,17,18,35,17,18,35,8,0.269829,0.282937,172481.960672,0.061492,0.012946
6831,,41,4,0,4,4,0,4,0,0,0,0,0,0.007086
2347,,7,28,21,49,28,21,49,8,0.290247,0.304835,147562.695072,0.099303,0.020948
7513,,7,14,0,14,14,0,14,0,0,0,0,0.016484,0.015718
4669,,7,7,3,10,7,3,10,8,0.250203,0.259133,27464.498788,0.122222,0.01235
9310,,41,3,0,3,3,0,3,0,0,0,0,0.166667,0.006115
5511,,16,5,0,5,5,0,5,0,0,0,0,0.2,0.013563
9439,,36,2,1,3,2,1,3,9,0.209329,0.214656,4845.553401,0,0.006555
9503,,41,3,3,6,3,3,6,8,0.250276,0.259973,3091.480228,0.2,0.006145
9527,,41,1,0,1,1,0,1,0,0,0,0,0,0.005532
9586,,41,1,0,1,1,0,1,0,0,0,0,0,0.005532
4711,,7,7,7,14,7,7,14,8,0.267168,0.278624,39016.729824,0.217949,0.009855
9754,,53,1,3,4,1,3,4,8,0.263113,0.274012,1138.547808,0.416667,0.005532
9824,,41,2,0,2,2,0,2,0,0,0,0,0.5,0.006031
9962,,16,1,1,2,1,1,2,9,0.219195,0.22523,133.545486,0,0.005532
10024,,41,1,0,1,1,0,1,0,0,0,0,0,0.005532
10161,,1,1,3,4,1,3,4,9,0.231534,0.239422,29581.946849,0,0.005532
10195,,41,1,0,1,1,0,1,0,0,0,0,0,0.005532
10299,,67,2,1,3,2,1,3,9,0.193785,0.197907,25989.351588,0.333333,0.006166
9155,,7,4,1,5,4,1,5,10,0.170245,0.173393,26154.992098,0.3,0.011608
9332,,67,7,6,13,7,6,13,8,0.235063,0.242859,235991.242599,0.009091,0.007633
7036,,7,10,11,21,10,11,21,8,0.244522,0.253628,144042.631819,0.081871,0.009361
10448,,41,1,0,1,1,0,1,0,0,0,0,0,0.005532
10540,,41,2,0,2,2,0,2,0,0,0,0,0.5,0.007051
9052,,41,3,0,3,3,0,3,0,0,0,0,0.333333,0.007308
10584,,41,1,0,1,1,0,1,0,0,0,0,0,0.005532
10623,,41,1,0,1,1,0,1,0,0,0,0,0,0.005532
6285,,36,16,10,26,16,10,26,7,0.302654,0.31753,174918.207036,0.079051,0.010261
6367,,36,3,1,4,3,1,4,9,0.215531,0.221822,20625.039762,0,0.006168
4985,,41,64,53,117,64,53,117,8,0.284381,0.300641,704367.333817,0.034932,0.032455
10774,,7,13,0,13,13,0,13,0,0,0,0,0.282051,0.033173
10810,,41,2,1,3,2,1,3,9,0.230691,0.23804,0,0.5,0.005931
4945,,41,8,4,12,8,4,12,9,0.197259,0.202006,121960.852122,0.144444,0.025811
1135,,7,19,5,24,19,5,24,9,0.244243,0.253728,147985.964135,0.1,0.024054
2401,,7,9,15,24,9,15,24,8,0.272442,0.285164,38198.904807,0.188312,0.014984
3317,,36,4,0,4,4,0,4,0,0,0,0,0.166667,0.0069
10942,,41,1,1,2,1,1,2,9,0.211369,0.217147,1774.525358,0,0.005532
11212,,53,1,1,2,1,1,2,9,0.21451,0.221387,2244.720859,0,0.005532
469,,7,9,0,9,9,0,9,0,0,0,0,0.097222,0.01303
1010,,41,44,11,55,44,11,55,8,0.25465,0.264851,272188.932455,0.04209,0.024699
11584,,41,1,0,1,1,0,1,0,0,0,0,0,0.005532
11887,,7,2,0,2,2,0,2,0,0,0,0,0.5,0.005899
1873,,7,18,18,36,18,18,36,8,0.277735,0.291446,83991.519542,0.08871,0.020375
11934,,41,1,0,1,1,0,1,0,0,0,0,0,0.005532
4384,,65,3,3,6,3,3,6,9,0.224536,0.23146,7882.698502,0.15,0.005918
11052,,7,3,0,3,3,0,3,0,0,0,0,0.333333,0.007502
6692,,7,3,0,3,3,0,3,0,0,0,0,0.333333,0.006202
12062,,7,3,0,3,3,0,3,0,0,0,0,0.333333,0.007189
12115,,41,1,0,1,1,0,1,0,0,0,0,0,0.005532
11739,,7,3,0,3,3,0,3,0,0,0,0,0.333333,0.006058
12284,,41,1,0,1,1,0,1,0,0,0,0,0,0.005532
1446,,7,16,1,17,16,1,17,9,0.196674,0.20147,22223.885614,0.033088,0.016314
12304,,1,3,0,3,3,0,3,0,0,0,0,0,0.006682
12364,,41,1,1,2,1,1,2,8,0.236957,0.244416,0,1,0.005532
5113,,7,7,9,16,7,9,16,8,0.268835,0.281011,53441.689835,0.114286,0.008155
1297,,36,25,28,53,25,28,53,8,0.280939,0.296076,507484.534908,0.067944,0.02043
12563,,41,1,0,1,1,0,1,0,0,0,0,0,0.005532
12568,,7,1,2,3,1,2,3,9,0.231576,0.239406,658.020026,0.166667,0.005532
12736,,41,1,0,1,1,0,1,0,0,0,0,0,0.005532
12896,,41,13,7,20,13,7,20,8,0.280232,0.294052,52274.720006,0.15,0.017055
12945,,41,1,0,1,1,0,1,0,0,0,0,0,0.005532
3956,,41,6,5,11,6,5,11,8,0.23821,0.247442,15012.428969,0.236111,0.008126
9049,,36,4,2,6,4,2,6,9,0.191418,0.195438,63685.066497,0.05,0.006047
12980,,41,10,0,10,10,0,10,0,0,0,0,0.177778,0.010071
7850,,7,9,0,9,9,0,9,0,0,0,0,0.208333,0.028259
12430,,7,8,23,31,8,23,31,8,0.281548,0.296561,128433.846094,0.186508,0.012019
2377,,7,14,20,34,14,20,34,8,0.273809,0.286704,1000794.67754,0.088068,0.017695
13881,,41,1,0,1,1,0,1,0,0,0,0,0,0.005532
10206,,41,1,2,3,1,2,3,8,0.25806,0.269344,0,1,0.005532
14335,,7,2,1,3,2,1,3,9,0.201686,0.206522,683.382727,0.166667,0.006474
346,,7,20,62,82,20,62,82,7,0.303979,0.32324,199775.450698,0.137455,0.026236
2469,,7,21,16,37,21,16,37,8,0.289671,0.304482,143141.60899,0.099822,0.02035
8653,,7,7,10,17,7,10,17,7,0.301771,0.317713,15192.661869,0.319048,0.025778
2013,,2,9,14,23,9,14,23,8,0.24101,0.250143,225578.468787,0.028571,0.008791
1031,,7,54,46,100,54,46,100,8,0.292652,0.309137,424604.870256,0.111384,0.057863
15168,,7,4,2,6,4,2,6,8,0.259776,0.271408,1049.967612,0.166667,0.008245
15328,,41,2,1,3,2,1,3,9,0.211369,0.217147,1946.863176,0.166667,0.006213
7960,,67,10,5,15,10,5,15,8,0.263621,0.275669,95752.645874,0.217949,0.007796
15080,,81,118,46,164,118,46,164,7,0.304278,0.320149,2406003.864919,0.038413,0.092683
13931,,41,2,1,3,2,1,3,8,0.257538,0.268676,0,0.5,0.005717
7404,,41,10,13,23,10,13,23,8,0.27363,0.28716,104936.597971,0.157895,0.014651
13956,,41,2,8,10,2,8,10,8,0.261023,0.272849,7209.560914,0.305556,0.005864
6299,,41,9,7,16,9,7,16,8,0.262391,0.274303,26857.218555,0.211538,0.013892
16768,,41,1,0,1,1,0,1,0,0,0,0,0,0.005532
5888,,7,8,5,13,8,5,13,8,0.266186,0.278015,25792.400141,0.211538,0.009122
7474,,7,3,5,8,3,5,8,7,0.293693,0.308222,33638.438534,0.089286,0.006726
1311,,7,32,34,66,32,34,66,8,0.295611,0.312265,308089.807599,0.10589,0.027445
6031,,16,11,4,15,11,4,15,8,0.251543,0.261657,30363.73585,0.12381,0.015253
17053,,41,1,1,2,1,1,2,8,0.257538,0.268676,0,0,0.005532
1437,,7,44,37,81,44,37,81,7,0.300298,0.317618,714052.507507,0.090373,0.047617
7262,,16,25,43,68,25,43,68,8,0.288614,0.305364,343136.988099,0.106313,0.028114
17327,,41,1,0,1,1,0,1,0,0,0,0,0,0.005532
10944,,7,3,13,16,3,13,16,8,0.275057,0.288173,2555.70182,0.195833,0.006914
16916,,41,1,1,2,1,1,2,8,0.257538,0.268676,0,0,0.005532
16132,,7,3,1,4,3,1,4,9,0.238283,0.246728,18.264392,0.5,0.006651
18348,,12,7,0,7,7,0,7,0,0,0,0,0.071429,0.007033
16274,,41,6,1,7,6,1,7,8,0.234934,0.243137,4989.413873,0.233333,0.008087
18524,,41,1,0,1,1,0,1,0,0,0,0,0,0.005532
18202,,41,1,1,2,1,1,2,8,0.257538,0.268676,0,0,0.005532
14696,,41,2,1,3,2,1,3,8,0.257538,0.268676,0,0.5,0.005805
17539,,41,2,1,3,2,1,3,9,0.211369,0.217147,2317.600999,0.333333,0.006227
19526,,41,1,1,2,1,1,2,8,0.257538,0.268676,0,0,0.005532
9333,,41,9,6,15,9,6,15,8,0.243501,0.253001,115695.505626,0.113636,0.009581
17271,,7,20,24,44,20,24,44,8,0.28213,0.295966,115719.093636,0.149502,0.027995
13058,,41,1,2,3,1,2,3,8,0.269949,0.282402,0,1,0.005532
2262,,7,24,15,39,24,15,39,8,0.27609,0.289655,81739.619312,0.119841,0.036586
15554,,7,18,41,59,18,41,59,8,0.299863,0.316937,140710.847405,0.158442,0.016396
12360,,7,3,6,9,3,6,9,8,0.247665,0.257591,33932.117224,0.055556,0.006054
11730,,41,2,1,3,2,1,3,9,0.211364,0.217133,1774.525358,0,0.006004
22327,,41,3,1,4,3,1,4,8,0.257538,0.268676,0,0.333333,0.005868
1077,,7,11,11,22,11,11,22,8,0.271221,0.283492,34022.22306,0.251082,0.019324
1142,,7,168,236,404,168,236,404,8,0.334399,0.361469,7437431.140257,0.028415,0.109998
22775,,41,1,1,2,1,1,2,8,0.257538,0.268676,0,0,0.005532
1665,,16,34,20,54,34,20,54,8,0.257123,0.268212,193150.788454,0.093434,0.016566
23122,,41,1,1,2,1,1,2,9,0.211369,0.217147,1774.525358,0,0.005532
21919,,7,2,1,3,2,1,3,9,0.2097,0.215028,84.70475,0.333333,0.010063
3160,,7,10,3,13,10,3,13,8,0.245427,0.254612,16117.304919,0.326923,0.034283
13378,,41,4,5,9,4,5,9,8,0.261927,0.273656,1418.8683,0.232143,0.006687
23926,,41,1,0,1,1,0,1,0,0,0,0,0,0.005532
24018,,41,1,0,1,1,0,1,0,0,0,0,0,0.005532
2756,,41,1,5,6,1,5,6,9,0.195323,0.199765,31016.217467,0.233333,0.005532
20969,,7,5,1,6,5,1,6,9,0.209257,0.214887,0.557344,0.233333,0.009203
12164,,7,3,21,24,3,21,24,8,0.27571,0.289016,28929.862707,0.213768,0.008905
1178,,7,62,77,139,62,77,139,8,0.300639,0.318981,1587483.221678,0.034986,0.045448
16420,,41,1,2,3,1,2,3,8,0.236273,0.244246,27660.006906,0,0.005532
8093,,7,13,13,26,13,13,26,8,0.278384,0.292289,53712.636956,0.193676,0.034969
14907,,7,19,0,19,19,0,19,0,0,0,0,0.128655,0.0258
13460,,41,88,63,151,88,63,151,8,0.265469,0.278326,2791183.871034,0.008196,0.027533
19596,,7,2,1,3,2,1,3,9,0.225591,0.232932,21.573089,0.166667,0.005861
22310,,41,5,5,10,5,5,10,8,0.257168,0.268226,44826.31318,0.1,0.007201
25539,,41,2,0,2,2,0,2,0,0,0,0,0.5,0.0057
4595,,7,5,1,6,5,1,6,9,0.21668,0.2232,594.712612,0.3,0.012507
12374,,16,6,9,15,6,9,15,8,0.270259,0.282489,36729.975667,0.095238,0.008624
1244,,7,12,4,16,12,4,16,8,0.276041,0.289202,23709.628366,0.27619,0.018841
26625,,41,2,2,4,2,2,4,8,0.258894,0.2703,0,1,0.008473
16313,,16,8,8,16,8,8,16,8,0.233945,0.242432,47678.843969,0.136364,0.008081
17035,,41,16,3,19,16,3,19,8,0.240376,0.248344,46216.090497,0.220833,0.014125
27226,,41,1,0,1,1,0,1,0,0,0,0,0,0.005532
1781,,41,11,1,12,11,1,12,8,0.257538,0.268676,18925.434754,0.081818,0.007288
22468,,41,10,2,12,10,2,12,8,0.258894,0.2703,6202.6674,0.211111,0.013717
17813,,53,5,1,6,5,1,6,8,0.272186,0.283719,316.028607,0.266667,0.007717
6073,,7,6,0,6,6,0,6,0,0,0,0,0.266667,0.007834
2674,,7,7,23,30,7,23,30,8,0.281649,0.296307,92782.095848,0.116995,0.006958
29132,,41,2,0,2,2,0,2,0,0,0,0,0,0.0057
29283,,41,1,0,1,1,0,1,0,0,0,0,0,0.005532
29160,,41,11,3,14,11,3,14,8,0.243614,0.252682,29312.71639,0.134615,0.008883
26464,,7,10,5,15,10,5,15,8,0.272379,0.284044,2848.071035,0.180952,0.016787
29617,,41,1,0,1,1,0,1,0,0,0,0,0,0.005532
1388,,41,26,17,43,26,17,43,8,0.2828,0.297435,324349.962752,0.061111,0.018101
29949,,7,8,2,10,8,2,10,8,0.273225,0.285822,384.915229,0.388889,0.019491
9219,,41,6,8,14,6,8,14,8,0.273185,0.286409,123734.39337,0.1,0.007834
30336,,41,1,0,1,1,0,1,0,0,0,0,0,0.005532
3886,,7,12,3,15,12,3,15,8,0.274375,0.286324,17799.041914,0.066667,0.01158
1115,,41,10,3,13,10,3,13,8,0.249993,0.260311,21713.757949,0.166667,0.013646
30127,,41,2,2,4,2,2,4,8,0.257954,0.26923,0,1,0.006227
31434,,41,1,2,3,1,2,3,8,0.257541,0.268703,0,1,0.005532
6797,,41,10,36,46,10,36,46,8,0.242194,0.251442,499643.098147,0.013742,0.008877
6710,,7,11,1,12,11,1,12,1,1,1,12757.927089,0.151515,0.02761
32241,,41,1,1,2,1,1,2,9,0.22142,0.228563,0,1,0.005532
32580,,41,1,0,1,1,0,1,0,0,0,0,0,0.005532
23023,,7,10,0,10,10,0,10,0,0,0,0,0.133333,0.013542
4068,,41,2,2,4,2,2,4,8,0.26149,0.272611,26742.919261,0.083333,0.005732
21609,,7,18,3,21,18,3,21,8,0.256653,0.267124,6874.082733,0.297368,0.034958
3790,,7,29,3,32,29,3,32,8,0.246996,0.255972,44813.744346,0.082661,0.02338
33390,,41,1,1,2,1,1,2,8,0.257538,0.268676,0,0,0.005532
33379,,41,1,1,2,1,1,2,8,0.257538,0.268676,0,0,0.005532
10294,,41,1,1,2,1,1,2,9,0.226163,0.233245,0,0.5,0.005532
33894,,41,1,0,1,1,0,1,0,0,0,0,0,0.005532
25989,,41,1,1,2,1,1,2,8,0.257538,0.268676,0,0,0.005532
13152,,16,7,16,23,7,16,23,8,0.278879,0.293003,57658.761864,0.190476,0.015198
34185,,41,1,0,1,1,0,1,0,0,0,0,0,0.005532
34458,,41,1,0,1,1,0,1,0,0,0,0,0,0.005532
34467,,41,1,1,2,1,1,2,8,0.257538,0.268676,0,0,0.005532
31894,,41,1,3,4,1,3,4,8,0.260297,0.271899,1204.300374,0.333333,0.005532
2123,,7,7,10,17,7,10,17,8,0.281611,0.295754,5986.770824,0.233333,0.011588
956,,7,11,0,11,11,0,11,0,0,0,0,0.145455,0.015702
35631,,41,1,1,2,1,1,2,8,0.257538,0.268676,0,0,0.005532
58,,7,19,472,491,19,472,491,7,0.367358,0.400395,2061552.868504,0.042221,0.01977
349,,9,2,1,3,2,1,3,1,1,1,25977,0,0.000599
641,,7,5,0,5,5,0,5,0,0,0,0,0.05,0.002493
1038,,1,1,3,4,1,3,4,9,0.231508,0.239617,25985.453232,0.25,0.000431
1577,,36,20,22,42,20,22,42,8,0.265118,0.277356,47946.137897,0.303226,0.005536
1735,,7,2,1,3,2,1,3,8,0.25615,0.26693,106.909262,0.333333,0.001379
1840,,7,16,15,31,16,15,31,8,0.275005,0.288016,59935.475044,0.156695,0.015209
420,,7,5,32,37,5,32,37,7,0.307218,0.324587,33776.428368,0.207958,0.001774
1174,,7,51,41,92,51,41,92,8,0.298551,0.315587,629430.868596,0.095886,0.063135
2782,,7,23,7,30,23,7,30,8,0.27305,0.285225,147010.125749,0.147126,0.018009
591,,7,19,33,52,19,33,52,8,0.282554,0.29775,120276.572625,0.161585,0.013699
217,,7,32,69,101,32,69,101,7,0.313641,0.333245,272716.510938,0.141902,0.020504
4836,,7,1,0,1,1,0,1,0,0,0,0,0,0.000431
86,,7,16,58,74,16,58,74,7,0.305528,0.324367,145530.785422,0.131064,0.012115
4838,,41,7,13,20,7,13,20,8,0.251567,0.262112,50810.957262,0.095238,0.004314
3702,,16,32,17,49,32,17,49,8,0.269031,0.282516,405816.26454,0.083838,0.018416
5668,,7,20,1,21,20,1,21,9,0.200796,0.205193,57196.816618,0.107143,0.036928
1215,,7,26,21,47,26,21,47,8,0.287723,0.303116,42472.011809,0.193939,0.025
4151,,7,26,0,26,26,0,26,0,0,0,0,0.238462,0.053351
148,,7,40,46,86,40,46,86,8,0.297993,0.314992,264731.245229,0.106964,0.02539
4263,,36,11,33,44,11,33,44,7,0.303049,0.320067,222814.897881,0.253659,0.009249
4848,,7,3,20,23,3,20,23,7,0.306503,0.322881,27715.028468,0.246753,0.001792
1310,,7,67,160,227,67,160,227,7,0.340391,0.364679,1453503.133547,0.087812,0.063431
1144,,7,22,60,82,22,60,82,7,0.312714,0.3312,530160.126534,0.078378,0.016539
982,,7,9,17,26,9,17,26,8,0.292284,0.307629,63663.716784,0.23,0.011855
6660,,7,15,13,28,15,13,28,8,0.278549,0.291694,65607.768911,0.227273,0.014841
6370,,7,4,11,15,4,11,15,8,0.259022,0.269896,28761.875303,0.119048,0.002574
7218,,7,2,2,4,2,2,4,8,0.26867,0.280327,326.814479,0.5,0.001112
1341,,7,3,42,45,3,42,45,8,0.292134,0.30915,63318.84313,0.142424,0.005456
5380,,7,8,3,11,8,3,11,8,0.223898,0.23087,14550.415376,0.1,0.003488
412,,7,15,123,138,15,123,138,7,0.32881,0.351177,123874.281387,0.12406,0.012156
7481,,7,1,0,1,1,0,1,0,0,0,0,0,0.000431
7525,,7,1,0,1,1,0,1,0,0,0,0,0,0.000431
2127,,7,3,14,17,3,14,17,7,0.299858,0.315503,7371.219297,0.285714,0.005658
4124,,7,8,3,11,8,3,11,8,0.26208,0.273291,1654.644832,0.345455,0.016071
1993,,7,20,28,48,20,28,48,8,0.2832,0.298314,154237.199336,0.131822,0.018166
8046,,7,3,0,3,3,0,3,0,0,0,0,0,0.001427
2558,,7,14,18,32,14,18,32,8,0.274407,0.288314,30413.747163,0.260081,0.012888
2610,,7,21,40,61,21,40,61,8,0.30027,0.317212,124505.737806,0.145237,0.016967
5162,,7,6,21,27,6,21,27,7,0.308093,0.325387,78321.084326,0.133903,0.002197
8669,,7,1,0,1,1,0,1,0,0,0,0,0,0.000431
2083,,7,11,16,27,11,16,27,8,0.281245,0.295453,18668.302161,0.25,0.015086
8883,,7,1,0,1,1,0,1,0,0,0,0,0,0.000431
9246,,7,2,1,3,2,1,3,8,0.261538,0.272148,209.22796,0.666667,0.001077
2009,,7,17,17,34,17,17,34,8,0.271108,0.283874,60112.523345,0.287356,0.012302
1197,,7,7,15,22,7,15,22,7,0.260798,0.271395,62578.682979,0.092105,0.004665
4088,,7,15,6,21,15,6,21,8,0.266197,0.277828,89349.373625,0.130952,0.010497
759,,7,3,0,3,3,0,3,0,0,0,0,0.166667,0.000937
1078,,16,4,26,30,4,26,30,7,0.310799,0.328188,44880.672398,0.137566,0.001706
2206,,7,21,31,52,21,31,52,8,0.28513,0.300712,155166.006622,0.116471,0.017704
2182,,36,5,6,11,5,6,11,8,0.274419,0.287426,50623.707728,0.154545,0.001225
5426,,7,3,2,5,3,2,5,8,0.263895,0.274976,0,0.55,0.001346
7787,,67,5,5,10,5,5,10,8,0.246365,0.255252,9865.429485,0.166667,0.004489
8678,,7,2,2,4,2,2,4,9,0.191263,0.19565,54.995012,0.25,0.000834
10536,,7,3,0,3,3,0,3,0,0,0,0,0,0.001428
3157,,7,17,25,42,17,25,42,8,0.292012,0.308091,92623.036246,0.224158,0.01558
10782,,7,18,30,48,18,30,48,7,0.307213,0.324435,106784.168095,0.155039,0.008663
12252,,7,1,0,1,1,0,1,0,0,0,0,0,0.000431
12251,,7,16,1,17,16,1,17,7,0.293546,0.307944,30082.687249,0.170833,0.019787
3036,,7,2,2,4,2,2,4,9,0.228023,0.235495,372.901564,0.166667,0.000627
2854,,7,23,0,23,23,0,23,0,0,0,0,0.073123,0.018537
12978,,7,2,0,2,2,0,2,0,0,0,0,1,0.000617
2350,,7,3,2,5,3,2,5,8,0.271307,0.283094,3192.346711,0.15,0.000783
6266,,7,10,6,16,10,6,16,8,0.276191,0.288177,28250.015507,0.1,0.005716
13476,,16,17,11,28,17,11,28,7,0.298678,0.314265,184650.264301,0.123077,0.018844
13882,,7,1,0,1,1,0,1,0,0,0,0,0,0.000431
557,,7,21,0,21,21,0,21,0,0,0,0,0.142857,0.028095
7449,,7,4,16,20,4,16,20,8,0.281233,0.295007,53175.198401,0.265789,0.001639
11327,,7,9,6,15,9,6,15,8,0.245287,0.2542,42449.058549,0.120879,0.00731
4161,,16,24,23,47,24,23,47,7,0.276816,0.290594,210124.19481,0.096899,0.023448
3310,,7,24,6,30,24,6,30,8,0.250562,0.260584,46479.835325,0.078042,0.009802
3075,,7,26,38,64,26,38,64,7,0.307047,0.324035,158358.751967,0.139071,0.024792
3392,,7,13,19,32,13,19,32,8,0.293707,0.309629,115625.014442,0.193103,0.016007
2646,,22,18,65,83,18,65,83,7,0.305181,0.323309,727326.428812,0.034965,0.008142
14043,,7,9,29,38,9,29,38,7,0.309247,0.326304,53676.114843,0.215686,0.008781
15110,,81,24,14,38,24,14,38,8,0.252434,0.262222,191972.915836,0.081609,0.006458
1405,,7,22,20,42,22,20,42,8,0.276041,0.28982,101674.393076,0.107397,0.010095
9728,,7,6,7,13,6,7,13,9,0.224269,0.231523,148741.28037,0.075758,0.002279
906,,7,29,44,73,29,44,73,8,0.299296,0.316529,284383.605689,0.134328,0.041692
2768,,7,26,56,82,26,56,82,7,0.311596,0.329956,480895.545166,0.094234,0.013665
7324,,16,22,17,39,22,17,39,8,0.260164,0.271483,242925.922425,0.060504,0.010345
1551,,7,79,85,164,79,85,164,7,0.304687,0.323928,1282917.313697,0.06621,0.069943
17028,,7,2,0,2,2,0,2,0,0,0,0,0,0.000732
3281,,7,13,37,50,13,37,50,8,0.290064,0.305673,42088.64431,0.164541,0.008699
6529,,7,6,2,8,6,2,8,9,0.227406,0.234482,286.12786,0.232143,0.007732
8707,,7,7,2,9,7,2,9,8,0.268674,0.280536,158.492122,0.5,0.009284
9164,,16,2,2,4,2,2,4,8,0.24207,0.250722,165.773546,0.083333,0.001243
17840,,7,2,1,3,2,1,3,10,0.179155,0.182313,0,0.666667,0.000853
4907,,7,15,10,25,15,10,25,8,0.273245,0.286674,173214.22387,0.08,0.018027
5231,,7,15,15,30,15,15,30,8,0.279978,0.29321,46208.476442,0.093596,0.007253
2102,,7,32,37,69,32,37,69,7,0.316552,0.334743,668597.579449,0.093958,0.02757
5121,,41,5,5,10,5,5,10,8,0.243895,0.25214,79762.576053,0.055556,0.003524
2785,,7,17,51,68,17,51,68,7,0.295532,0.312822,538256.358606,0.087814,0.010579
14066,,67,2,0,2,2,0,2,0,0,0,0,0,0.000779
18608,,16,3,0,3,3,0,3,0,0,0,0,0.333333,0.001307
11947,,7,7,0,7,7,0,7,0,0,0,0,0.071429,0.006234
19213,,7,1,0,1,1,0,1,0,0,0,0,0,0.000431
85,,7,35,58,93,35,58,93,8,0.299682,0.317273,148275.3591,0.127743,0.026155
11012,,7,50,52,102,50,52,102,8,0.295495,0.312172,977842.505034,0.094177,0.042216
10462,,7,10,6,16,10,6,16,8,0.278668,0.29122,47139.065817,0.170833,0.003825
19730,,7,1,1,2,1,1,2,8,0.261476,0.272569,0,0.5,0.000431
19806,,7,6,0,6,6,0,6,0,0,0,0,0.033333,0.001772
10578,,7,1,22,23,1,22,23,8,0.28355,0.29835,98.212725,0.209486,0.000431
63,,65,111,98,209,111,98,209,7,0.306213,0.324512,5292584.600255,0.008983,0.03941
2725,,7,32,110,142,32,110,142,7,0.318168,0.338738,564820.331479,0.099183,0.018634
7973,,7,5,4,9,5,4,9,8,0.265065,0.27665,18852.708157,0.236111,0.001515
3916,,7,22,34,56,22,34,56,8,0.28617,0.300986,250288.811154,0.166667,0.017293
742,,41,18,15,33,18,15,33,8,0.253204,0.263595,361311.669359,0.041311,0.012178
5970,,7,19,1,20,19,1,20,9,0.2097,0.215028,39257.342392,0.078947,0.009856
16930,,7,3,1,4,3,1,4,9,0.226465,0.234217,18826,0.333333,0.00128
4415,,7,1,6,7,1,6,7,8,0.246746,0.256223,26569.588608,0.095238,0.000431
16769,,7,6,0,6,6,0,6,0,0,0,0,0.266667,0.002886
5013,,7,6,6,12,6,6,12,7,0.297414,0.312436,21784.228358,0.234848,0.00292
21675,,7,13,74,87,13,74,87,7,0.323599,0.344479,297253.577066,0.146914,0.009086
2984,,7,33,0,33,33,0,33,0,0,0,0,0.056818,0.021165
18984,,7,14,5,19,14,5,19,8,0.26628,0.277898,51807.202564,0.113971,0.010561
22002,,7,2,2,4,2,2,4,9,0.219103,0.225518,96.469578,0.166667,0.000914
18796,,41,16,1,17,16,1,17,10,0.175256,0.178633,56654.602561,0.0625,0.009251
4726,,7,13,8,21,13,8,21,8,0.259022,0.270221,42678.040216,0.189542,0.013623
11013,,16,1,1,2,1,1,2,9,0.219141,0.225752,1.518056,0,0.000431
7480,,7,10,10,20,10,10,20,8,0.252579,0.263194,49610.189205,0.104575,0.008472
14581,,7,5,4,9,5,4,9,8,0.273316,0.285977,5088.015999,0.222222,0.005924
22930,,7,3,0,3,3,0,3,0,0,0,0,0.166667,0.001311
8087,,7,1,5,6,1,5,6,8,0.266096,0.277438,0,0.366667,0.000431
21285,,7,7,23,30,7,23,30,8,0.289956,0.305019,27365.476854,0.171182,0.002826
4137,,36,23,11,34,23,11,34,8,0.286388,0.300377,138887.990933,0.077419,0.006053
23947,,7,3,0,3,3,0,3,0,0,0,0,0.833333,0.001534
12081,,41,10,6,16,10,6,16,7,0.294843,0.309761,77432.673699,0.158333,0.0052
19062,,7,5,0,5,5,0,5,0,0,0,0,0.8,0.006909
7957,,7,4,4,8,4,4,8,8,0.238821,0.247635,1114.510797,0.125,0.00349
3336,,7,6,3,9,6,3,9,9,0.20133,0.206951,47531.509838,0.166667,0.00657
4463,,41,21,3,24,21,3,24,8,0.251748,0.261722,118677.788482,0.071146,0.007563
24723,,7,4,7,11,4,7,11,8,0.27406,0.286307,3800.581626,0.222222,0.004471
3651,,53,8,7,15,8,7,15,9,0.232984,0.240923,14530.915653,0.127273,0.003349
25807,,7,4,0,4,4,0,4,0,0,0,0,0.5,0.007469
18431,,7,14,0,14,14,0,14,0,0,0,0,0.065934,0.022291
26242,,7,7,0,7,7,0,7,0,0,0,0,0.261905,0.002653
26793,,7,11,6,17,11,6,17,8,0.268123,0.280398,45916.826093,0.227941,0.007239
3521,,7,12,4,16,12,4,16,8,0.241427,0.249656,46729.930494,0.145833,0.013817
5473,,7,11,15,26,11,15,26,8,0.284475,0.298451,53741.195648,0.113333,0.00637
4130,,7,14,2,16,14,2,16,9,0.224338,0.231369,39169.657632,0.1625,0.028335
28188,,7,28,53,81,28,53,81,7,0.301202,0.318242,407622.067613,0.137544,0.023874
270,,7,16,4,20,16,4,20,8,0.241787,0.251131,14376.261254,0.1,0.021516
12646,,36,18,3,21,18,3,21,8,0.25708,0.267229,36897.428344,0.184211,0.016381
17109,,7,13,0,13,13,0,13,0,0,0,0,0.166667,0.014756
1537,,7,28,23,51,28,23,51,8,0.279094,0.292851,227614.00633,0.128964,0.042903
28189,,7,6,14,20,6,14,20,7,0.302679,0.318756,26700.326666,0.343137,0.003818
25188,,7,3,1,4,3,1,4,1,1,1,25975,0,0.00079
1698,,7,15,34,49,15,34,49,7,0.308927,0.326156,85289.717631,0.165587,0.014355
26605,,7,31,35,66,31,35,66,8,0.281607,0.296466,119041.043469,0.176797,0.02871
1584,,36,12,12,24,12,12,24,9,0.22089,0.228075,178915.413014,0.031579,0.002969
6722,,7,11,9,20,11,9,20,8,0.2533,0.263158,79223.82109,0.120915,0.0093
22623,,7,15,3,18,15,3,18,9,0.223829,0.230479,51345.079021,0.218954,0.020282
11150,,7,9,14,23,9,14,23,7,0.305295,0.321151,75417.1429,0.373684,0.012095
746,,7,42,25,67,42,25,67,7,0.277506,0.291468,443993.285591,0.065476,0.043865
25031,,7,7,3,10,7,3,10,8,0.26428,0.275225,20524.798236,0.177778,0.002953
33319,,7,2,0,2,2,0,2,0,0,0,0,1,0.001112
13264,,7,7,10,17,7,10,17,8,0.267381,0.279115,27598.226679,0.191667,0.005897
33597,,7,12,6,18,12,6,18,8,0.245854,0.254707,55886.110896,0.261438,0.016607
11874,,7,8,13,21,8,13,21,8,0.280374,0.293658,2227.710744,0.292857,0.008401
3308,,7,4,5,9,4,5,9,7,0.297677,0.312539,27139.746318,0.267857,0.002363
27553,,7,36,45,81,36,45,81,8,0.278817,0.293893,284529.823652,0.102484,0.024971
29841,,7,7,0,7,7,0,7,0,0,0,0,0.404762,0.007172
1658,,7,1,3,4,1,3,4,8,0.26329,0.274165,2411.10242,0,0.016815
2173,,7,5,4,9,5,4,9,8,0.281527,0.294271,79172.10657,0.232143,0.022882
3377,,7,6,0,6,6,0,6,0,0,0,0,0.333333,0.02236
1235,,7,28,16,44,28,16,44,8,0.269039,0.282078,214360.160197,0.066667,0.028697
569,,25,3,2,5,3,2,5,8,0.262863,0.273613,18316.93722,0.166667,0.017291
3951,,7,6,6,12,6,6,12,8,0.252966,0.262788,71120.296226,0.127273,0.02016
3991,,7,5,0,5,5,0,5,0,0,0,0,0.65,0.029616
2861,,7,10,16,26,10,16,26,8,0.276584,0.289558,46157.902427,0.132308,0.02324
3117,,7,12,0,12,12,0,12,0,0,0,0,0.083333,0.022944
4747,,7,3,3,6,3,3,6,9,0.248462,0.258416,1900.318629,0.4,0.018172
5313,,65,4,3,7,4,3,7,9,0.222827,0.23019,55453.228141,0.047619,0.018509
5361,,7,1,3,4,1,3,4,9,0.223552,0.230581,11245.048094,0.166667,0.016815
5830,,12,1,2,3,1,2,3,9,0.199845,0.205113,18409.074329,0.333333,0.016815
6013,,7,2,5,7,2,5,7,8,0.272438,0.285218,4641.374058,0.6,0.020363
6014,,16,1,1,2,1,1,2,8,0.231499,0.239015,5003.530066,0,0.016815
2574,,7,8,20,28,8,20,28,8,0.271663,0.284706,224976.059654,0.09127,0.020713
6341,,7,2,1,3,2,1,3,8,0.262749,0.273454,0,0.5,0.017494
6495,,16,2,1,3,2,1,3,9,0.234732,0.243226,248.054705,0.5,0.017334
6669,,7,1,1,2,1,1,2,8,0.272186,0.283719,0,1,0.016815
6120,,7,4,12,16,4,12,16,8,0.272013,0.285492,60293.133109,0.3,0.024394
7026,,7,1,1,2,1,1,2,8,0.261472,0.272564,0,1,0.016815
4190,,7,7,5,12,7,5,12,7,0.297296,0.312313,66857.766462,0.263889,0.02506
4387,,7,4,7,11,4,7,11,8,0.275049,0.288044,49936.928699,0.291667,0.020393
7710,,7,1,0,1,1,0,1,0,0,0,0,0,0.016815
7728,,7,1,0,1,1,0,1,0,0,0,0,0,0.016815
4024,,7,3,2,5,3,2,5,9,0.221621,0.228835,683.934,0.3,0.017936
5627,,7,9,1,10,9,1,10,9,0.229787,0.237536,2464.780036,0.122222,0.021444
4212,,7,4,0,4,4,0,4,0,0,0,0,0.25,0.018559
8525,,7,1,0,1,1,0,1,0,0,0,0,0,0.016815
1329,,7,47,45,92,47,45,92,8,0.295658,0.312751,388299.503429,0.140443,0.056854
1885,,7,20,27,47,20,27,47,8,0.277053,0.291121,200487.621171,0.098862,0.032555
8972,,7,1,0,1,1,0,1,0,0,0,0,0,0.016815
6450,,7,8,9,17,8,9,17,9,0.23713,0.246488,56219.506381,0.121324,0.025928
2164,,7,17,9,26,17,9,26,8,0.244338,0.253941,125388.5872,0.112319,0.023591
1709,,7,24,17,41,24,17,41,8,0.288906,0.303535,207878.660304,0.128205,0.031268
9972,,14,1,2,3,1,2,3,8,0.235234,0.243617,8175.321705,0.166667,0.016815
2032,,7,10,18,28,10,18,28,8,0.273332,0.286965,164794.218235,0.166154,0.026829
6312,,7,7,6,13,7,6,13,8,0.262533,0.273854,53222.096351,0.166667,0.023794
10301,,7,1,0,1,1,0,1,0,0,0,0,0,0.016815
10302,,7,2,0,2,2,0,2,0,0,0,0,1,0.018593
10303,,7,1,0,1,1,0,1,0,0,0,0,0,0.016815
10304,,7,1,0,1,1,0,1,0,0,0,0,0,0.016815
10305,,7,1,0,1,1,0,1,0,0,0,0,0,0.016815
5168,,7,5,13,18,5,13,18,8,0.288645,0.302783,42059.2319,0.294118,0.024576
10306,,7,3,0,3,3,0,3,0,0,0,0,0.666667,0.019389
2640,,16,14,20,34,14,20,34,8,0.280935,0.294268,86987.035036,0.131183,0.035017
2595,,7,3,9,12,3,9,12,8,0.263481,0.274853,61404.528121,0.127273,0.018595
2423,,16,31,19,50,31,19,50,8,0.278215,0.292744,150693.145241,0.110366,0.044086
10860,,10,2,0,2,2,0,2,0,0,0,0,0,0.016983
4484,,7,5,3,8,5,3,8,8,0.232747,0.24058,53426.555368,0.107143,0.017885
12056,,16,6,9,15,6,9,15,8,0.277093,0.290692,136761.099373,0.160256,0.018892
12286,,14,2,0,2,2,0,2,0,0,0,0,1,0.020309
12376,,7,1,1,2,1,1,2,8,0.25152,0.261547,0,1,0.016815
3644,,7,6,1,7,6,1,7,9,0.238283,0.246728,35.295963,0.285714,0.023397
3495,,7,9,6,15,9,6,15,8,0.265611,0.276689,26422.678727,0.463636,0.028791
12583,,7,1,0,1,1,0,1,0,0,0,0,0,0.016815
9635,,7,16,5,21,16,5,21,8,0.262819,0.273644,31091.718734,0.165789,0.038041
4332,,16,32,25,57,32,25,57,8,0.281877,0.296803,486139.197192,0.06,0.038784
6241,,7,43,20,63,43,20,63,8,0.281329,0.295769,329413.599823,0.09688,0.047041
2988,,16,16,20,36,16,20,36,8,0.254657,0.265397,332440.595497,0.078629,0.024683
3608,,7,9,11,20,9,11,20,8,0.283243,0.297148,107823.176684,0.169118,0.023843
14322,,7,1,0,1,1,0,1,0,0,0,0,0,0.016815
15061,,41,1,2,3,1,2,3,9,0.213464,0.219869,8757.973077,0.166667,0.016815
15320,,7,1,0,1,1,0,1,0,0,0,0,0,0.016815
5805,,16,3,3,6,3,3,6,9,0.205854,0.211433,27963.535153,0.35,0.022234
6486,,7,4,20,24,4,20,24,8,0.24076,0.250434,80289.152252,0.094203,0.020021
2275,,7,10,9,19,10,9,19,8,0.269362,0.282256,40862.144886,0.149123,0.026719
899,,7,33,1,34,33,1,34,9,0.219566,0.226117,62602.919581,0.093583,0.040335
1074,,7,31,54,85,31,54,85,7,0.315682,0.334987,262184.957791,0.137191,0.039999
9757,,7,2,7,9,2,7,9,8,0.259286,0.270385,3640.998355,0.25,0.017496
2693,,7,10,14,24,10,14,24,8,0.276812,0.290777,39343.512231,0.161232,0.031029
717,,7,11,17,28,11,17,28,8,0.278466,0.292528,127288.559247,0.116923,0.019855
2001,,7,2,4,6,2,4,6,9,0.214644,0.220761,411.678216,0.2,0.017333
833,,7,56,43,99,56,43,99,8,0.282245,0.298041,883820.074976,0.039656,0.046185
17905,,7,1,0,1,1,0,1,0,0,0,0,0,0.016815
17833,,7,2,1,3,2,1,3,8,0.244382,0.252458,19967.464528,0.166667,0.016983
18317,,7,1,0,1,1,0,1,0,0,0,0,0,0.016815
2430,,36,17,7,24,17,7,24,8,0.265047,0.277716,76494.764729,0.132035,0.025921
3476,,7,12,17,29,12,17,29,8,0.282537,0.297369,162068.234357,0.107692,0.022165
18602,,7,1,0,1,1,0,1,0,0,0,0,0,0.016815
4768,,7,14,10,24,14,10,24,8,0.252701,0.262869,109541.64699,0.092885,0.028389
3957,,16,22,25,47,22,25,47,8,0.289542,0.304483,233571.49284,0.136637,0.035464
8988,,7,3,3,6,3,3,6,8,0.237336,0.244916,10146.881189,0.233333,0.017576
19226,,7,1,0,1,1,0,1,0,0,0,0,0,0.016815
1236,,7,37,17,54,37,17,54,8,0.273019,0.286261,309869.623054,0.058055,0.038075
2849,,7,7,3,10,7,3,10,8,0.265934,0.277894,3843.565271,0.236111,0.02224
606,,7,11,10,21,11,10,21,8,0.275617,0.288573,75837.953825,0.084211,0.020469
9955,,7,4,0,4,4,0,4,0,0,0,0,0.166667,0.017841
2484,,7,14,17,31,14,17,31,8,0.273015,0.286241,125966.439737,0.123333,0.023726
468,,7,4,3,7,4,3,7,9,0.215689,0.221882,7087.279459,0.095238,0.01927
20037,,53,3,0,3,3,0,3,0,0,0,0,0.166667,0.017467
348,,41,35,51,86,35,51,86,7,0.295918,0.31275,1084927.522142,0.058386,0.036503
5276,,7,6,5,11,6,5,11,8,0.259301,0.270817,42211.017362,0.254545,0.018203
12235,,7,3,3,6,3,3,6,9,0.231944,0.24013,1340.699696,0.433333,0.021748
690,,67,63,39,102,63,39,102,8,0.275669,0.289687,1700734.257833,0.052454,0.048273
10128,,7,8,5,13,8,5,13,8,0.264013,0.275485,161.955261,0.307692,0.026461
60,,7,4,50,54,4,50,54,8,0.302392,0.320868,30832.731993,0.174703,0.003739
3263,,81,13,6,19,13,6,19,8,0.237091,0.244987,205432.662596,0.0625,0.00298
1306,,1,8,4,12,8,4,12,8,0.235066,0.242971,680.995691,0.462121,0.008303
7496,,1,14,14,28,14,14,28,7,0.294465,0.309438,75849.589949,0.470356,0.010946
10339,,1,19,0,19,19,0,19,0,0,0,0,0.491228,0.012794
3201,,7,12,5,17,12,5,17,8,0.259458,0.270647,66979.548732,0.033088,0.008629
2438,,7,36,19,55,36,19,55,8,0.276763,0.290412,426877.715318,0.054286,0.024551
30039,,1,1,0,1,1,0,1,0,0,0,0,0,0.000586
34797,,1,9,7,16,9,7,16,8,0.238954,0.247066,680.715885,0.638095,0.008487
1579,,1,14,12,26,14,12,26,8,0.230932,0.239504,54524.383628,0.178571,0.012738
3878,,1,2,0,2,2,0,2,0,0,0,0,0,0.000911
8416,,16,3,3,6,3,3,6,8,0.228496,0.235741,2809.444489,0,0.002475
64,,65,2,2,4,2,2,4,8,0.235475,0.243206,1335.176931,0.333333,0.001089
94,,65,3,3,6,3,3,6,8,0.234782,0.242478,18826.5,0.3,0.001262
457,,65,9,10,19,9,10,19,8,0.236909,0.245011,90737.923984,0.120833,0.002447
757,,65,1,0,1,1,0,1,0,0,0,0,0,0.000907
758,,65,3,2,5,3,2,5,8,0.234434,0.242024,5478.944609,0.416667,0.001281
648,,65,1,1,2,1,1,2,8,0.234431,0.241997,0,0,0.000907
926,,65,5,11,16,5,11,16,8,0.234498,0.242369,128241.543557,0.121795,0.001692
1608,,65,3,3,6,3,3,6,8,0.234452,0.242086,1.666667,0.55,0.0013
1273,,65,2,1,3,2,1,3,8,0.234431,0.241997,0,1,0.001129
1772,,65,1,0,1,1,0,1,0,0,0,0,0,0.000907
3065,,65,1,0,1,1,0,1,0,0,0,0,0,0.000907
458,,65,9,7,16,9,7,16,8,0.234475,0.242228,52023.506057,0.198718,0.00252
3306,,65,1,0,1,1,0,1,0,0,0,0,0,0.000907
3352,,65,1,0,1,1,0,1,0,0,0,0,0,0.000907
2927,,65,16,9,25,16,9,25,8,0.251077,0.261865,227355.683802,0.062771,0.011087
3724,,65,2,2,4,2,2,4,8,0.234437,0.242033,25975,0.333333,0.001089
3757,,65,1,2,3,1,2,3,8,0.239767,0.247985,182.826007,0,0.000907
2165,,65,3,1,4,3,1,4,8,0.234431,0.241997,18826,0.333333,0.001248
705,,16,47,64,111,47,64,111,8,0.289337,0.307115,547608.994465,0.059266,0.024092
1079,,65,2,4,6,2,4,6,8,0.234785,0.242505,10.597148,0.45,0.001089
927,,65,8,9,17,8,9,17,8,0.234478,0.242281,122131.961922,0.137363,0.002201
6072,,65,1,0,1,1,0,1,0,0,0,0,0,0.000907
4860,,65,10,3,13,10,3,13,8,0.234791,0.242505,44946.258702,0.233333,0.002666
3960,,65,4,3,7,4,3,7,8,0.234458,0.242104,43480.867043,0.2,0.001417
5551,,65,3,6,9,3,6,9,8,0.234469,0.242192,96750.916667,0.142857,0.001257
7427,,65,2,3,5,2,3,5,8,0.234437,0.242051,0.833333,0.5,0.001094
7859,,65,2,0,2,2,0,2,0,0,0,0,0,0.001075
2326,,65,1,1,2,1,1,2,8,0.234431,0.241997,0,0,0.000907
8559,,65,1,2,3,1,2,3,8,0.234443,0.242042,0,1,0.000907
2597,,65,2,1,3,2,1,3,8,0.234431,0.241997,0,1,0.001119
1557,,65,12,15,27,12,15,27,8,0.276138,0.288945,180145.912676,0.097403,0.00301
9105,,65,1,0,1,1,0,1,0,0,0,0,0,0.000907
7406,,65,1,1,2,1,1,2,8,0.234431,0.241997,0,0,0.000907
3964,,65,2,2,4,2,2,4,8,0.23444,0.242042,0,1,0.00113
10712,,65,3,1,4,3,1,4,8,0.234431,0.241997,0,0.5,0.001262
8320,,65,2,5,7,2,5,7,8,0.234452,0.24213,31462.317243,0.333333,0.001094
2174,,65,2,5,7,2,5,7,9,0.1919,0.19614,51951.833333,0.238095,0.00113
11159,,65,1,0,1,1,0,1,0,0,0,0,0,0.000907
11228,,65,2,0,2,2,0,2,0,0,0,0,1,0.001123
11287,,65,1,0,1,1,0,1,0,0,0,0,0,0.000907
11677,,65,1,1,2,1,1,2,8,0.234431,0.241997,0,0,0.000907
11060,,65,33,13,46,33,13,46,8,0.278685,0.292521,709361.661655,0.023718,0.009697
10490,,65,1,2,3,1,2,3,8,0.234437,0.242033,25974,0.5,0.000907
12157,,65,3,1,4,3,1,4,8,0.234431,0.241997,0,0.666667,0.001307
6354,,65,4,3,7,4,3,7,8,0.237462,0.245691,51139.855818,0.095238,0.002253
4763,,65,7,5,12,7,5,12,8,0.23531,0.2431,172109.334849,0.083333,0.001989
6293,,65,3,2,5,3,2,5,8,0.234586,0.242249,371.597554,0.166667,0.001427
3893,,65,1,1,2,1,1,2,9,0.191537,0.195659,0,1,0.000907
7248,,16,15,9,24,15,9,24,8,0.252946,0.263213,58225.674286,0.128655,0.014353
13993,,65,4,3,7,4,3,7,8,0.234782,0.242478,46.920901,0.55,0.001566
14024,,65,1,0,1,1,0,1,0,0,0,0,0,0.000907
15302,,65,1,0,1,1,0,1,0,0,0,0,0,0.000907
8052,,65,4,4,8,4,4,8,8,0.234788,0.242513,30698.154354,0.3,0.002517
17240,,65,1,1,2,1,1,2,8,0.234431,0.241997,0,0,0.000907
17249,,65,2,0,2,2,0,2,0,0,0,0,0,0.001547
17878,,65,1,4,5,1,4,5,8,0.234446,0.242095,25974,0.416667,0.000907
5434,,65,1,2,3,1,2,3,8,0.2363,0.244242,423.151976,0,0.000907
18001,,65,1,0,1,1,0,1,0,0,0,0,0,0.000907
14181,,65,1,1,2,1,1,2,9,0.191537,0.195659,0,1,0.000907
18362,,65,3,1,4,3,1,4,1,1,1,25976,0.333333,0.001302
18322,,65,2,1,3,2,1,3,8,0.234431,0.241997,0,1,0.001123
18664,,65,2,0,2,2,0,2,0,0,0,0,1,0.001098
19132,,65,1,0,1,1,0,1,0,0,0,0,0,0.000907
17534,,65,1,1,2,1,1,2,8,0.234431,0.241997,0,0,0.000907
18160,,65,2,0,2,2,0,2,0,0,0,0,1,0.001099
20621,,65,1,0,1,1,0,1,0,0,0,0,0,0.000907
16399,,65,1,4,5,1,4,5,8,0.234612,0.242298,51949,0.166667,0.000907
24721,,65,2,6,8,2,6,8,8,0.234463,0.242179,109382.867366,0.095238,0.001075
23966,,65,1,1,2,1,1,2,8,0.234431,0.241997,0,0,0.000907
25400,,65,1,1,2,1,1,2,8,0.234431,0.241997,0,0,0.000907
25648,,65,1,0,1,1,0,1,0,0,0,0,0,0.000907
1878,,65,7,3,10,7,3,10,8,0.237414,0.245347,19164.185534,0.194444,0.002085
4824,,65,9,3,12,9,3,12,9,0.213822,0.219728,23277.81192,0.054545,0.00376
27817,,65,1,1,2,1,1,2,8,0.234431,0.241997,0,0,0.000907
28519,,65,1,0,1,1,0,1,0,0,0,0,0,0.000907
26460,,65,4,4,8,4,4,8,8,0.237997,0.246373,65627.54138,0.142857,0.001426
29262,,65,1,0,1,1,0,1,0,0,0,0,0,0.000907
29519,,65,1,0,1,1,0,1,0,0,0,0,0,0.000907
29646,,65,1,2,3,1,2,3,8,0.234443,0.242051,0,1,0.000907
28660,,65,3,1,4,3,1,4,8,0.234431,0.241997,0,0.666667,0.00133
16070,,65,8,8,16,8,8,16,8,0.246724,0.256504,152706.544001,0.109091,0.003225
30994,,65,1,0,1,1,0,1,0,0,0,0,0,0.000907
2935,,16,3,4,7,3,4,7,8,0.259877,0.270324,7034.449539,0,0.000667
1556,,16,1,2,3,1,2,3,8,0.226184,0.232962,166.448494,0.5,0.00047
6846,,7,1,2,3,1,2,3,8,0.2309,0.238613,1020.567459,0,0.00047
8770,,67,3,1,4,3,1,4,9,0.207627,0.213,326.606661,0.25,0.000945
675,,7,12,19,31,12,19,31,8,0.262995,0.275404,128966.184409,0.083333,0.006616
10371,,67,3,1,4,3,1,4,8,0.239541,0.247664,0,0.666667,0.00159
10377,,7,1,0,1,1,0,1,0,0,0,0,0,0.00047
14943,,7,4,0,4,4,0,4,0,0,0,0,0.166667,0.002301
1967,,7,3,10,13,3,10,13,8,0.262033,0.273534,54765.979368,0.072727,0.000858
12000,,7,2,3,5,2,3,5,9,0.22619,0.233345,25686.412237,0.1,0.000655
34633,,7,1,0,1,1,0,1,0,0,0,0,0,0.00047
34920,,16,13,24,37,13,24,37,7,0.269717,0.282549,177609.522869,0.022222,0.007156
66,,36,1,1,2,1,1,2,9,0.21389,0.220141,86.399862,0,0.000219
3795,,2,16,20,36,16,20,36,8,0.279094,0.292674,246411.170421,0.033144,0.007489
4444,,36,10,3,13,10,3,13,8,0.251345,0.261826,80022.214556,0.083333,0.006928
1501,,36,15,7,22,15,7,22,8,0.263032,0.274543,182622.595281,0.028571,0.003491
8079,,36,1,0,1,1,0,1,0,0,0,0,0,0.000732
8743,,36,2,3,5,2,3,5,9,0.214268,0.220656,17.104832,0.666667,0.000915
8744,,36,2,2,4,2,2,4,9,0.213886,0.220151,0,1,0.000915
8860,,36,1,0,1,1,0,1,0,0,0,0,0,0.000732
2183,,16,32,24,56,32,24,56,8,0.282075,0.297435,168009.680105,0.06938,0.014704
14985,,36,2,0,2,2,0,2,0,0,0,0,1,0.00098
16389,,36,1,0,1,1,0,1,0,0,0,0,0,0.000732
14326,,36,2,0,2,2,0,2,0,0,0,0,0,0.000922
6406,,16,8,8,16,8,8,16,9,0.234493,0.243459,40189.621745,0.049451,0.005943
4114,,7,12,6,18,12,6,18,9,0.236516,0.245101,79771.090231,0.0375,0.004382
3307,,53,47,25,72,47,25,72,8,0.28255,0.297376,691117.954246,0.047268,0.026553
4412,,36,2,2,4,2,2,4,9,0.232618,0.240925,297.018642,0.166667,0.00103
68,,65,0,1,1,0,1,1,8,0.236841,0.24458,0,0,0
1033,,65,65,23,88,65,23,88,8,0.26286,0.274645,1645806.033154,0.013632,0.02693
1164,,7,13,9,22,13,9,22,8,0.279019,0.293021,87962.155721,0.075758,0.009928
566,,65,21,12,33,21,12,33,8,0.250756,0.261145,184586.101768,0.05665,0.01006
2093,,65,3,0,3,3,0,3,0,0,0,0,0.666667,0.003147
154,,65,73,75,148,73,75,148,8,0.242244,0.25313,2791528.157849,0.003279,0.020272
2711,,65,1,0,1,1,0,1,0,0,0,0,0,0.002356
4012,,65,4,1,5,4,1,5,8,0.236835,0.244567,609.527018,0.416667,0.003292
4230,,65,2,2,4,2,2,4,8,0.236838,0.244593,0,1,0.002557
4255,,65,1,1,2,1,1,2,9,0.213602,0.219543,0,1,0.002356
4370,,65,2,0,2,2,0,2,0,0,0,0,0,0.002563
6109,,65,1,0,1,1,0,1,0,0,0,0,0,0.002356
4963,,65,4,0,4,4,0,4,0,0,0,0,0.083333,0.002881
7646,,65,2,1,3,2,1,3,9,0.208151,0.213691,80.963656,0.833333,0.002691
4358,,65,2,2,4,2,2,4,8,0.236838,0.244593,0,1,0.002557
178,,65,71,41,112,71,41,112,8,0.271612,0.284599,1983186.000766,0.006465,0.022112
8313,,65,1,0,1,1,0,1,0,0,0,0,0,0.002356
12295,,16,4,3,7,4,3,7,8,0.240486,0.248599,83816.812987,0.1,0.003246
8121,,16,2,1,3,2,1,3,8,0.236835,0.244567,81.543564,0,0.002796
5904,,2,2,6,8,2,6,8,7,0.297475,0.312562,18821.322091,0.178571,0.002707
2096,,65,1,2,3,1,2,3,8,0.236838,0.244593,0,0.5,0.002356
15404,,65,1,3,4,1,3,4,8,0.236853,0.244646,0,0.666667,0.002356
15470,,41,2,2,4,2,2,4,8,0.23988,0.248252,254.535107,0.5,0.00282
15845,,65,3,3,6,3,3,6,8,0.25894,0.270356,32548.211787,0.05,0.003083
9669,,65,3,4,7,3,4,7,8,0.238006,0.246073,172.117257,0.666667,0.00333
16303,,65,1,0,1,1,0,1,0,0,0,0,0,0.002356
16430,,65,1,2,3,1,2,3,8,0.236847,0.244615,51950,0,0.002356
974,,65,2,2,4,2,2,4,8,0.237145,0.244976,18826,0.333333,0.002524
18212,,65,1,0,1,1,0,1,0,0,0,0,0,0.002356
18213,,65,1,0,1,1,0,1,0,0,0,0,0,0.002356
18214,,65,1,0,1,1,0,1,0,0,0,0,0,0.002356
17902,,41,12,0,12,12,0,12,0,0,0,0,0.015152,0.007815
19286,,65,1,0,1,1,0,1,0,0,0,0,0,0.002356
19835,,65,1,0,1,1,0,1,0,0,0,0,0,0.002356
517,,7,15,16,31,15,16,31,7,0.277981,0.292777,73306.467499,0.152709,0.014642
9763,,65,1,1,2,1,1,2,8,0.236835,0.244567,0,0,0.002356
23637,,65,1,0,1,1,0,1,0,0,0,0,0,0.002356
483,,16,21,14,35,21,14,35,8,0.279048,0.29306,224666.329779,0.060484,0.018706
12313,,65,13,6,19,13,6,19,8,0.2434,0.251876,121193.77392,0.080952,0.008803
7380,,65,1,1,2,1,1,2,9,0.223292,0.230461,0,0.5,0.002356
13810,,65,2,3,5,2,3,5,8,0.263736,0.274192,46950.36588,0.1,0.002533
25626,,16,4,0,4,4,0,4,0,0,0,0,0.166667,0.002948
21292,,16,3,5,8,3,5,8,8,0.254192,0.264522,49231.471333,0.238095,0.003002
26539,,65,3,1,4,3,1,4,9,0.195758,0.200039,0,0.75,0.002805
27767,,65,1,0,1,1,0,1,0,0,0,0,0,0.002356
29186,,65,1,0,1,1,0,1,0,0,0,0,0,0.002356
29668,,65,1,0,1,1,0,1,0,0,0,0,0,0.002356
6882,,16,9,11,20,9,11,20,8,0.265203,0.27713,34103.811469,0.098039,0.006801
2514,,65,2,1,3,2,1,3,9,0.191709,0.195787,66.038552,0.5,0.002659
32348,,65,1,2,3,1,2,3,8,0.237145,0.244976,0,1,0.002356
35765,,65,1,0,1,1,0,1,0,0,0,0,0,0.002356
450,,7,20,18,38,20,18,38,8,0.290767,0.305466,184222.115928,0.090756,0.020043
3969,,7,13,12,25,13,12,25,8,0.278113,0.291618,115657.321951,0.145,0.013917
12089,,7,48,1,49,48,1,49,8,0.251234,0.26002,518341.729328,0.01233,0.028447
4969,,7,11,1,12,11,1,12,9,0.215996,0.222129,3383.091209,0.127273,0.012943
18647,,7,1,4,5,1,4,5,9,0.233472,0.24156,27916.642031,0.15,0.000754
305,,7,11,33,44,11,33,44,8,0.278957,0.295161,251566.0822,0.072536,0.007853
10606,,67,4,0,4,4,0,4,0,0,0,0,0.333333,0.001503
1241,,7,4,39,43,4,39,43,8,0.281388,0.297038,86739.401715,0.072436,0.001419
10370,,7,3,2,5,3,2,5,9,0.212742,0.218228,25.963891,0.2,0.002295
26621,,16,18,27,45,18,27,45,8,0.266382,0.279603,216308.154154,0.108537,0.016684
35585,,16,59,18,77,59,18,77,8,0.267818,0.279436,578893.959448,0.011066,0.029151
72,,7,9,91,100,9,91,100,7,0.296486,0.314249,560081.587647,0.031243,0.002625
73,,2,9,8,17,9,8,17,8,0.236603,0.244302,61776.394782,0.114286,0.004077
1320,,2,9,30,39,9,30,39,8,0.255517,0.26735,207564.599206,0.06982,0.003656
521,,2,48,0,48,48,0,48,0,0,0,0,0.041667,0.013736
1632,,16,5,2,7,5,2,7,8,0.246834,0.255549,1057.237555,0.2,0.002537
755,,2,7,2,9,7,2,9,8,0.247398,0.256768,8286.270596,0.178571,0.006637
5495,,2,2,2,4,2,2,4,9,0.238304,0.246779,29082.384461,0.083333,0.000605
1105,,7,9,14,23,9,14,23,8,0.264596,0.276351,188899.362219,0.106061,0.010839
3835,,2,15,15,30,15,15,30,9,0.249424,0.259495,103229.925367,0.103333,0.006044
9876,,7,1,0,1,1,0,1,0,0,0,0,0,0.000223
2029,,7,6,9,15,6,9,15,8,0.250542,0.260958,34822.141756,0.120879,0.003535
11900,,1,4,5,9,4,5,9,9,0.198137,0.203476,90629.039457,0.02381,0.00076
324,,16,46,30,76,46,30,76,8,0.281376,0.296136,325292.771064,0.070807,0.037633
1295,,16,23,11,34,23,11,34,8,0.254395,0.264358,255918.548612,0.043011,0.009356
2323,,7,7,13,20,7,13,20,8,0.267422,0.279736,41311.435855,0.130719,0.002777
22746,,7,1,1,2,1,1,2,9,0.227397,0.235293,0,0.5,0.000223
3426,,7,6,5,11,6,5,11,8,0.264722,0.276005,1340.642704,0.305556,0.00717
17922,,7,1,1,2,1,1,2,1,1,1,339.120133,0,0.000223
6835,,7,3,53,56,3,53,56,7,0.285619,0.301867,181275.32751,0.025589,0.001731
11510,,7,16,17,33,16,17,33,8,0.266257,0.277825,52167.528673,0.071225,0.007355
22844,,7,1,0,1,1,0,1,0,0,0,0,0,0.000223
12737,,41,2,1,3,2,1,3,9,0.211182,0.216821,92.523475,0,0.000401
2025,,7,4,2,6,4,2,6,9,0.222028,0.228976,18861.199523,0.3,0.001405
2282,,7,1,1,2,1,1,2,8,0.26276,0.27347,26.860619,0,0.000223
22845,,7,1,0,1,1,0,1,0,0,0,0,0,0.000223
9297,,7,11,5,16,11,5,16,8,0.235449,0.244004,42325.688334,0.016484,0.004427
21764,,7,3,4,7,3,4,7,7,0.29389,0.308497,8812.493846,0.190476,0.000559
22846,,7,2,1,3,2,1,3,9,0.217004,0.223523,0,0.333333,0.000391
11536,,7,2,5,7,2,5,7,8,0.245379,0.254346,26404.018992,0.095238,0.00049
937,,7,19,11,30,19,11,30,8,0.274484,0.288328,176677.209582,0.08,0.014062
7507,,16,2,7,9,2,7,9,8,0.270586,0.283148,662.640185,0.138889,0.000403
20170,,7,2,3,5,2,3,5,8,0.229857,0.237799,293.872495,0.3,0.001205
12154,,7,11,8,19,11,8,19,8,0.25575,0.266115,26066.897399,0.052288,0.004238
22847,,7,1,0,1,1,0,1,0,0,0,0,0,0.000223
12061,,41,13,4,17,13,4,17,8,0.258539,0.268684,28542.165019,0.159341,0.010419
22848,,7,1,1,2,1,1,2,9,0.216446,0.222582,184.753558,0,0.000223
3619,,7,11,12,23,11,12,23,8,0.275093,0.288311,122863.732379,0.107895,0.004723
5859,,7,4,10,14,4,10,14,8,0.285381,0.300045,4993.882323,0.294872,0.002434
24190,,7,1,0,1,1,0,1,0,0,0,0,0,0.000223
13067,,16,5,11,16,5,11,16,8,0.254107,0.264513,158760.453978,0.095833,0.00265
17451,,14,5,2,7,5,2,7,9,0.225038,0.232588,82799.206219,0.033333,0.001642
26275,,16,6,2,8,6,2,8,8,0.242126,0.251564,39505.464926,0.02381,0.001155
7358,,2,6,23,29,6,23,29,8,0.253477,0.264275,87714.035475,0.09127,0.001639
3019,,2,30,0,30,30,0,30,0,0,0,0,0.047126,0.007676
3146,,2,4,3,7,4,3,7,9,0.203531,0.208644,662.067507,0.25,0.00084
520,,2,36,17,53,36,17,53,8,0.241501,0.249948,387665.356145,0.036565,0.010382
6432,,2,11,1,12,11,1,12,9,0.203873,0.208821,3608.457485,0.145455,0.003935
1016,,16,12,9,21,12,9,21,8,0.256289,0.268115,73565.066871,0.139706,0.011061
4424,,7,1,0,1,1,0,1,0,0,0,0,0,0.003817
5757,,7,1,1,2,1,1,2,8,0.233015,0.239907,241.267356,0.5,0.003817
2821,,7,10,2,12,10,2,12,8,0.2795,0.292266,11274.347808,0.204545,0.009741
4283,,7,23,11,34,23,11,34,8,0.269872,0.282475,226206.625102,0.073563,0.020097
27811,,7,6,0,6,6,0,6,0,0,0,0,0.233333,0.011203
291,,7,16,9,25,16,9,25,8,0.266725,0.278207,108463.213168,0.134199,0.009783
7771,,7,3,0,3,3,0,3,0,0,0,0,0.5,0.005983
75,,1,0,2,2,0,2,2,8,0.234167,0.242598,0,0,0
76,,7,16,26,42,16,26,42,8,0.282987,0.297384,57227.344898,0.120783,0.011733
4715,,7,9,13,22,9,13,22,8,0.269795,0.28206,160554.611905,0.166667,0.009979
12188,,7,2,2,4,2,2,4,8,0.261483,0.272604,247.156084,0.083333,0.00166
1791,,7,9,9,18,9,9,18,8,0.268751,0.280783,2029.316516,0.225275,0.008641
4199,,7,6,14,20,6,14,20,8,0.289439,0.304321,11079.53814,0.263158,0.00575
807,,7,43,31,74,43,31,74,8,0.281254,0.295614,239036.803079,0.072115,0.034349
2616,,7,12,21,33,12,21,33,8,0.277522,0.291309,221271.384854,0.104839,0.010961
2307,,7,31,26,57,31,26,57,8,0.276572,0.2904,239752.254073,0.062353,0.023798
30464,,7,1,0,1,1,0,1,0,0,0,0,0,0.000335
11674,,7,37,5,42,37,5,42,9,0.212998,0.218921,158553.422853,0.021154,0.015539
4621,,7,5,0,5,5,0,5,0,0,0,0,0.2,0.009976
1600,,41,13,2,15,13,2,15,8,0.251017,0.260703,114162.617157,0.051282,0.008643
2442,,7,9,6,15,9,6,15,9,0.247766,0.257712,3544.533982,0.21978,0.009286
2906,,22,1,3,4,1,3,4,8,0.261774,0.272656,34894.971862,0.083333,0.0034
212,,7,8,24,32,8,24,32,8,0.284807,0.299419,33136.777546,0.214286,0.015322
4364,,7,1,0,1,1,0,1,0,0,0,0,0,0.0034
894,,7,6,27,33,6,27,33,7,0.296262,0.312458,229139.338264,0.178571,0.007811
5579,,7,9,0,9,9,0,9,0,0,0,0,0.166667,0.009874
5677,,7,9,12,21,9,12,21,8,0.270058,0.28252,75657.203193,0.102339,0.007427
4918,,7,8,16,24,8,16,24,8,0.269297,0.281585,78500.355109,0.071429,0.007424
6516,,7,2,3,5,2,3,5,9,0.220288,0.227084,855.733191,0.2,0.003814
2950,,7,6,6,12,6,6,12,8,0.248181,0.257298,10999.465097,0.172727,0.008021
6986,,7,1,0,1,1,0,1,0,0,0,0,0,0.0034
887,,41,14,16,30,14,16,30,8,0.244802,0.255231,44098.452297,0.197628,0.010755
7522,,7,19,12,31,19,12,31,8,0.269281,0.281061,119216.291248,0.061254,0.010903
3557,,16,5,0,5,5,0,5,0,0,0,0,0.15,0.006185
2022,,16,6,6,12,6,6,12,8,0.241691,0.250679,4320.06984,0.05303,0.005131
3183,,7,23,8,31,23,8,31,8,0.268889,0.280949,31012.650334,0.236782,0.025986
10162,,7,8,0,8,8,0,8,0,0,0,0,0.142857,0.010763
11030,,7,3,1,4,3,1,4,8,0.237618,0.245061,9.481561,0.5,0.004165
1904,,7,19,18,37,19,18,37,8,0.279218,0.293219,97935.47325,0.106952,0.015423
11328,,7,1,3,4,1,3,4,8,0.262944,0.273735,99420.269563,0.083333,0.0034
3012,,7,10,3,13,10,3,13,8,0.235428,0.242767,2306.939136,0.090909,0.009634
12371,,67,1,3,4,1,3,4,9,0.246539,0.256222,3160.190847,0,0.0034
703,,7,28,31,59,28,31,59,7,0.310629,0.327263,308985.931006,0.120287,0.026473
4093,,7,1,3,4,1,3,4,9,0.246265,0.255945,377.199749,0.333333,0.0034
396,,7,33,28,61,33,28,61,8,0.2832,0.297512,376426.35273,0.062772,0.024586
803,,7,9,10,19,9,10,19,8,0.276215,0.289472,107426.807806,0.108333,0.00511
9538,,36,2,4,6,2,4,6,8,0.257319,0.267661,1717.727702,0.25,0.004578
15464,,41,6,3,9,6,3,9,9,0.203758,0.20847,23116.286493,0.069444,0.007265
4472,,7,6,0,6,6,0,6,0,0,0,0,0.366667,0.007637
17971,,67,8,7,15,8,7,15,8,0.242098,0.250524,350565.902246,0.038462,0.004789
8595,,7,23,470,493,23,470,493,7,0.355523,0.388394,1666225.081691,0.041523,0.017605
10722,,7,4,5,9,4,5,9,9,0.240201,0.249345,21658.235245,0.125,0.003989
2583,,7,7,98,105,7,98,105,7,0.320754,0.342296,276813.345331,0.154917,0.007028
21437,,7,1,0,1,1,0,1,0,0,0,0,0,0.0034
17024,,7,3,3,6,3,3,6,9,0.246265,0.25598,1637.684616,0.1,0.003842
1373,,16,34,42,76,34,42,76,8,0.289586,0.306304,529341.593029,0.071126,0.024509
26073,,7,3,1,4,3,1,4,9,0.225429,0.232571,881.131706,0.333333,0.0056
17960,,7,1,4,5,1,4,5,8,0.252722,0.262794,2993.535123,0.25,0.0034
13947,,7,30,39,69,30,39,69,8,0.291397,0.308015,567470.126333,0.083413,0.024797
20921,,7,2,8,10,2,8,10,8,0.262131,0.273349,28053.326538,0.111111,0.004007
8862,,7,2,0,2,2,0,2,0,0,0,0,1,0.004342
2140,,16,3,3,6,3,3,6,9,0.240333,0.248963,5619.067937,0.2,0.004167
8073,,7,3,3,6,3,3,6,8,0.232512,0.240642,27166.988132,0.166667,0.004021
14432,,7,5,0,5,5,0,5,0,0,0,0,0.15,0.00447
8296,,7,10,28,38,10,28,38,8,0.291005,0.307032,58140.837975,0.204202,0.011145
2617,,7,22,0,22,22,0,22,0,0,0,0,0.112554,0.020495
30015,,7,2,0,2,2,0,2,0,0,0,0,1,0.005673
8537,,41,1,1,2,1,1,2,9,0.200654,0.205448,0,1,0.0034
4386,,7,6,21,27,6,21,27,8,0.283977,0.298881,21170.506738,0.190769,0.006727
1562,,7,76,69,145,76,69,145,8,0.298186,0.316997,912810.790195,0.054142,0.060769
31156,,7,1,0,1,1,0,1,0,0,0,0,0,0.0034
12981,,7,2,4,6,2,4,6,9,0.248932,0.259006,4.389351,0.25,0.003771
32033,,7,7,1,8,7,1,8,9,0.204909,0.210336,21228.438416,0.261905,0.013261
1731,,7,31,44,75,31,44,75,7,0.300365,0.317912,193466.089982,0.161654,0.027315
5695,,7,12,11,23,12,11,23,9,0.245783,0.255503,29061.792691,0.11039,0.012233
28311,,7,7,4,11,7,4,11,8,0.25263,0.262479,70004.726244,0.027778,0.007258
2908,,7,7,3,10,7,3,10,8,0.257912,0.268633,43323.447351,0.097222,0.004694
21813,,7,3,0,3,3,0,3,0,0,0,0,0.5,0.009755
33113,,7,1,1,2,1,1,2,8,0.231859,0.238642,613.383693,0,0.0034
14927,,7,5,9,14,5,9,14,8,0.266224,0.277248,30191.288798,0.166667,0.005325
25012,,7,1,2,3,1,2,3,9,0.246124,0.255732,918.279857,0,0.0034
34027,,7,1,0,1,1,0,1,0,0,0,0,0,0.0034
167,,7,7,0,7,7,0,7,0,0,0,0,0.190476,0.009118
544,,7,14,20,34,14,20,34,8,0.273003,0.286387,299831.968137,0.083744,0.010687
1002,,7,18,7,25,18,7,25,8,0.24992,0.260537,22529.356696,0.12253,0.009472
1325,,7,39,19,58,39,19,58,8,0.283836,0.298915,143770.397663,0.145864,0.032149
1397,,7,2,2,4,2,2,4,9,0.214926,0.220803,59.668584,0.083333,0.001216
2229,,7,20,11,31,20,11,31,8,0.258425,0.269182,71459.68014,0.138462,0.016213
2265,,7,9,0,9,9,0,9,0,0,0,0,0.319444,0.015012
2369,,7,1,1,2,1,1,2,10,0.18241,0.186163,291.579616,0,0.000948
1440,,7,11,0,11,11,0,11,0,0,0,0,0.136364,0.009832
2909,,7,2,4,6,2,4,6,8,0.264555,0.275493,26042.253466,0.133333,0.00141
2310,,1,2,2,4,2,2,4,10,0.176387,0.179876,26112.952329,0.083333,0.002077
3442,,7,1,0,1,1,0,1,0,0,0,0,0,0.000948
3451,,53,6,3,9,6,3,9,8,0.224984,0.232588,26152.662707,0.160714,0.003136
213,,7,64,32,96,64,32,96,7,0.29395,0.309348,810667.889677,0.058808,0.058191
3532,,7,3,0,3,3,0,3,0,0,0,0,0.166667,0.007351
1179,,67,46,3,49,46,3,49,8,0.243554,0.252176,200614.127522,0.068027,0.026274
3952,,7,1,0,1,1,0,1,0,0,0,0,0,0.000948
309,,7,66,101,167,66,101,167,8,0.293473,0.311718,1264601.0505,0.042007,0.032412
4191,,7,1,0,1,1,0,1,0,0,0,0,0,0.000948
4192,,7,3,2,5,3,2,5,10,0.187517,0.191527,155.791724,0.35,0.00799
2286,,36,10,0,10,10,0,10,0,0,0,0,0.266667,0.008008
4497,,12,2,0,2,2,0,2,0,0,0,0,0,0.001116
4547,,7,2,0,2,2,0,2,0,0,0,0,1,0.005649
4590,,7,4,0,4,4,0,4,0,0,0,0,0.166667,0.002238
4029,,7,14,12,26,14,12,26,8,0.271057,0.283453,86631.03266,0.106719,0.010235
3747,,7,6,8,14,6,8,14,8,0.270438,0.28277,26149.795108,0.217949,0.005681
275,,7,54,375,429,54,375,429,7,0.357345,0.387118,4369855.681182,0.033753,0.034126
4923,,7,1,0,1,1,0,1,0,0,0,0,0,0.000948
1980,,7,8,15,23,8,15,23,8,0.290243,0.304778,70194.412708,0.108696,0.003274
3139,,7,3,4,7,3,4,7,8,0.258124,0.268505,572.986656,0.261905,0.001861
5170,,7,15,18,33,15,18,33,8,0.277952,0.291811,168043.632236,0.097701,0.008516
5238,,7,5,4,9,5,4,9,8,0.263087,0.274014,537.046878,0.305556,0.004652
3185,,7,9,17,26,9,17,26,8,0.252197,0.262635,146726.837391,0.02,0.004262
5439,,7,9,2,11,9,2,11,8,0.261599,0.272734,1696.233868,0.209091,0.009248
5737,,7,5,1,6,5,1,6,10,0.179155,0.182313,18830.409457,0.1,0.002266
6087,,7,1,0,1,1,0,1,0,0,0,0,0,0.000948
5540,,7,1,1,2,1,1,2,8,0.261472,0.272564,0,1,0.000948
736,,7,15,35,50,15,35,50,8,0.289288,0.304764,180606.853318,0.100221,0.015172
6190,,7,1,0,1,1,0,1,0,0,0,0,0,0.000948
6607,,7,3,3,6,3,3,6,9,0.21179,0.217704,25988.131939,0.066667,0.001316
6670,,7,1,0,1,1,0,1,0,0,0,0,0,0.000948
4859,,16,2,0,2,2,0,2,0,0,0,0,0,0.001525
6974,,7,7,8,15,7,8,15,8,0.265806,0.277018,31630.493998,0.142857,0.004098
1036,,7,3,1,4,3,1,4,9,0.220015,0.226628,7.742383,0.083333,0.001569
7094,,7,5,1,6,5,1,6,8,0.261472,0.272564,22403.822558,0.133333,0.002782
840,,7,13,21,34,13,21,34,8,0.283298,0.297872,93673.295963,0.256989,0.010253
7388,,7,1,0,1,1,0,1,0,0,0,0,0,0.000948
6865,,7,5,0,5,5,0,5,0,0,0,0,0.25,0.007693
7453,,7,2,0,2,2,0,2,0,0,0,0,0,0.001242
2063,,7,8,0,8,8,0,8,0,0,0,0,0.160714,0.009748
7518,,7,3,2,5,3,2,5,9,0.198889,0.203549,1.737114,0.3,0.002914
7640,,1,1,4,5,1,4,5,8,0.252912,0.262263,51974.811646,0.25,0.000948
7713,,36,10,6,16,10,6,16,8,0.223932,0.23118,41239.132051,0.098901,0.002974
7932,,7,1,0,1,1,0,1,0,0,0,0,0,0.000948
6027,,7,10,0,10,10,0,10,0,0,0,0,0.022222,0.005483
6740,,7,2,3,5,2,3,5,9,0.211179,0.216833,21.886348,0.15,0.00115
8393,,7,6,0,6,6,0,6,0,0,0,0,0.066667,0.004002
2885,,16,11,9,20,11,9,20,8,0.251355,0.261878,84505.226901,0.058824,0.008066
1379,,7,12,5,17,12,5,17,8,0.266114,0.277461,57913.109086,0.183824,0.011362
709,,41,11,26,37,11,26,37,8,0.288853,0.30515,82775.502409,0.099206,0.005719
9357,,7,2,3,5,2,3,5,8,0.238715,0.247469,100.275987,0.1,0.001157
9397,,7,2,0,2,2,0,2,0,0,0,0,0,0.001447
3832,,7,35,29,64,35,29,64,7,0.289715,0.304758,418357.93784,0.05817,0.021222
9791,,67,2,0,2,2,0,2,0,0,0,0,0,0.001296
4947,,7,5,0,5,5,0,5,0,0,0,0,0.05,0.005948
9858,,7,2,1,3,2,1,3,9,0.228696,0.235899,0,0.333333,0.001628
620,,41,7,11,18,7,11,18,8,0.272434,0.285914,177629.483375,0.129167,0.010795
9211,,7,5,7,12,5,7,12,8,0.255757,0.266938,4139.992538,0.245455,0.005753
411,,7,30,17,47,30,17,47,8,0.276796,0.290303,350210.198486,0.055168,0.018783
5840,,1,15,14,29,15,14,29,8,0.269393,0.282259,293824.62024,0.085,0.013131
10655,,7,3,0,3,3,0,3,0,0,0,0,0,0.0025
4597,,7,13,6,19,13,6,19,8,0.261799,0.272632,69128.970662,0.076023,0.006513
7121,,7,7,0,7,7,0,7,0,0,0,0,0,0.001991
7275,,7,3,0,3,3,0,3,0,0,0,0,0,0.001296
4223,,14,8,15,23,8,15,23,8,0.276235,0.289385,114102.643499,0.111905,0.008264
11570,,7,1,0,1,1,0,1,0,0,0,0,0,0.000948
8605,,7,2,3,5,2,3,5,9,0.211752,0.21807,534.764548,0,0.001652
3540,,7,12,12,24,12,12,24,8,0.278726,0.291721,75408.173403,0.058442,0.00573
8593,,7,1,1,2,1,1,2,1,1,1,0,0.5,0.000948
11908,,7,2,0,2,2,0,2,0,0,0,0,0.5,0.001775
7940,,7,4,0,4,4,0,4,0,0,0,0,0.333333,0.003437
12445,,7,1,0,1,1,0,1,0,0,0,0,0,0.000948
3520,,69,23,19,42,23,19,42,8,0.283627,0.298546,420357.467994,0.106613,0.017029
12662,,7,2,0,2,2,0,2,0,0,0,0,0.5,0.001406
12846,,7,7,4,11,7,4,11,8,0.26315,0.273941,103461.616877,0.222222,0.007323
1034,,7,10,16,26,10,16,26,8,0.275335,0.289227,53099.396459,0.177536,0.005058
4162,,7,3,8,11,3,8,11,8,0.266205,0.277801,61921.368204,0.055556,0.004742
399,,7,48,52,100,48,52,100,7,0.310593,0.328485,469568.678676,0.078652,0.034367
13113,,7,2,1,3,2,1,3,8,0.220724,0.227862,15.427508,0.166667,0.001163
774,,53,11,11,22,11,11,22,9,0.224424,0.232123,104362.145317,0.077206,0.003745
13246,,7,1,0,1,1,0,1,0,0,0,0,0,0.000948
8307,,7,1,1,2,1,1,2,8,0.224716,0.231686,0,0.5,0.000948
8948,,14,10,14,24,10,14,24,8,0.272194,0.285207,41172.876013,0.152632,0.010928
14773,,7,1,0,1,1,0,1,0,0,0,0,0,0.000948
4586,,7,4,3,7,4,3,7,8,0.244066,0.253402,2635.16941,0.02381,0.002357
17253,,7,1,0,1,1,0,1,0,0,0,0,0,0.000948
16077,,7,3,1,4,3,1,4,9,0.217604,0.223811,19.831762,0,0.001471
814,,7,7,18,25,7,18,25,8,0.282249,0.296531,41906.968346,0.208333,0.008893
21574,,7,1,0,1,1,0,1,0,0,0,0,0,0.000948
10651,,7,1,4,5,1,4,5,9,0.232139,0.239714,128.410488,0.05,0.000948
1622,,7,10,7,17,10,7,17,8,0.266401,0.278724,43498.308098,0.113971,0.008449
6709,,7,8,4,12,8,4,12,8,0.263142,0.274047,5588.907121,0.145455,0.007425
4478,,7,11,17,28,11,17,28,8,0.278335,0.292186,73010.720434,0.098333,0.010194
26360,,7,1,0,1,1,0,1,0,0,0,0,0,0.000948
2692,,7,27,27,54,27,27,54,8,0.286366,0.302403,205699.244824,0.107568,0.024889
8677,,39,53,0,53,53,0,53,0,0,0,0,0.013788,0.021337
28680,,7,1,0,1,1,0,1,0,0,0,0,0,0.000948
29531,,7,1,0,1,1,0,1,0,0,0,0,0,0.000948
6022,,16,5,4,9,5,4,9,8,0.244351,0.253077,330.15691,0.214286,0.003162
30780,,53,3,0,3,3,0,3,0,0,0,0,0.333333,0.001801
4235,,16,5,3,8,5,3,8,9,0.229275,0.236791,1143.211683,0.017857,0.002491
9629,,16,5,2,7,5,2,7,8,0.215376,0.222145,378.105578,0.1,0.002401
1216,,7,47,87,134,47,87,134,7,0.298868,0.317843,642316.534086,0.065929,0.026492
2301,,53,13,13,26,13,13,26,8,0.265964,0.277683,79798.977864,0.061594,0.004183
30773,,7,7,8,15,7,8,15,8,0.288858,0.303205,126510.41271,0.205128,0.009461
9056,,7,10,5,15,10,5,15,9,0.237594,0.246045,1127.499527,0.257576,0.009655
30184,,7,2,0,2,2,0,2,0,0,0,0,0,0.001335
14057,,7,7,6,13,7,6,13,8,0.263496,0.275085,1637.258975,0.211538,0.003739
5525,,7,7,14,21,7,14,21,8,0.267176,0.27915,93917.294641,0.060526,0.003972
4694,,7,4,5,9,4,5,9,8,0.271828,0.284462,972.916562,0.5,0.00751
2789,,7,4,6,10,4,6,10,8,0.270516,0.28249,2741.17602,0.122222,0.001255
5989,,7,1,1,2,1,1,2,9,0.220179,0.227275,37.466643,0,0.000461
16111,,7,1,0,1,1,0,1,0,0,0,0,0,0.000461
1758,,7,1,0,1,1,0,1,0,0,0,0,0,0.000942
2126,,7,5,5,10,5,5,10,8,0.230906,0.238186,36266.700727,0.066667,0.006491
888,,41,38,25,63,38,25,63,8,0.272123,0.28524,364714.862709,0.085306,0.019398
6038,,7,26,2,28,26,2,28,2,0.75,0.833333,27154.754177,0.088624,0.011264
6046,,7,2,0,2,2,0,2,0,0,0,0,0,0.001178
7531,,7,1,2,3,1,2,3,8,0.231053,0.23841,43.461055,0.333333,0.000942
3016,,7,9,33,42,9,33,42,7,0.300356,0.31672,82648.314801,0.128734,0.009804
3017,,7,14,17,31,14,17,31,8,0.274375,0.287442,100247.451019,0.12931,0.009734
1964,,7,7,9,16,7,9,16,8,0.266476,0.278484,47723.280062,0.115385,0.005549
2817,,7,7,56,63,7,56,63,7,0.309368,0.32804,28251.423141,0.168579,0.009769
3394,,7,2,15,17,2,15,17,7,0.301404,0.317154,26386.440223,0.233333,0.001251
942,,7,12,8,20,12,8,20,8,0.240908,0.249748,36770.466272,0.091503,0.0127
4207,,7,2,0,2,2,0,2,0,0,0,0,0,0.002545
9588,,41,12,2,14,12,2,14,9,0.219589,0.22636,22132.313941,0.108974,0.009325
4562,,7,4,44,48,4,44,48,7,0.299106,0.316361,15537.107534,0.184551,0.007266
1330,,16,25,14,39,25,14,39,8,0.277846,0.291208,218513.818698,0.072917,0.011573
699,,7,13,7,20,13,7,20,8,0.271612,0.284785,83060.477294,0.094737,0.009969
14928,,7,1,0,1,1,0,1,0,0,0,0,0,0.000942
16193,,7,1,1,2,1,1,2,10,0.167063,0.169947,24.786062,0,0.000942
3963,,7,13,0,13,13,0,13,0,0,0,0,0.038462,0.009259
9285,,41,45,46,91,45,46,91,7,0.297226,0.313817,737163.591604,0.056943,0.022412
8844,,7,2,56,58,2,56,58,7,0.312771,0.330447,32695.542275,0.161341,0.001148
12541,,7,15,0,15,15,0,15,0,0,0,0,0.042857,0.015283
6629,,7,26,59,85,26,59,85,7,0.310645,0.329053,80381.514591,0.150276,0.018528
8888,,7,2,40,42,2,40,42,7,0.308532,0.326344,19371.936874,0.195732,0.00111
11023,,7,2,2,4,2,2,4,9,0.218131,0.224557,9.778685,0.083333,0.001225
8921,,7,5,2,7,5,2,7,8,0.251668,0.260876,2123.25811,0.142857,0.003134
22152,,7,23,53,76,23,53,76,8,0.297513,0.314788,164459.385376,0.118349,0.018219
27176,,7,8,7,15,8,7,15,8,0.236273,0.24476,64852.062921,0.134615,0.007639
3023,,7,31,34,65,31,34,65,8,0.292866,0.310001,335611.094365,0.120397,0.018552
30267,,7,2,1,3,2,1,3,9,0.207577,0.212983,0,0.5,0.001356
8191,,7,5,0,5,5,0,5,0,0,0,0,0.4,0.00417
28331,,7,29,9,38,29,9,38,8,0.261186,0.272319,54644.472369,0.167417,0.020619
29409,,7,10,18,28,10,18,28,8,0.277686,0.291936,32096.745294,0.245,0.010056
928,,7,11,9,20,11,9,20,8,0.267134,0.280129,69836.344025,0.073684,0.004678
7554,,41,4,8,12,4,8,12,8,0.273693,0.285885,2540.032882,0.2,0.002865
21766,,7,7,11,18,7,11,18,8,0.26381,0.275463,6928.110976,0.295238,0.007793
1817,,7,19,14,33,19,14,33,8,0.273122,0.285994,117859.722665,0.152308,0.027949
10616,,12,178,30,208,178,30,208,8,0.247975,0.258373,2395214.359121,0.009535,0.046145
15850,,12,14,7,21,14,7,21,8,0.262372,0.273897,447146.365426,0.087719,0.006839
21833,,7,18,0,18,18,0,18,0,0,0,0,0.323529,0.032778
26198,,7,1,0,1,1,0,1,0,0,0,0,0,0.001172
26199,,7,1,0,1,1,0,1,0,0,0,0,0,0.001172
24842,,7,25,28,53,25,28,53,8,0.284893,0.30071,48606.518054,0.15202,0.016116
7271,,53,42,376,418,42,376,418,7,0.337741,0.367567,5377863.997146,0.018891,0.03341
30669,,7,2,0,2,2,0,2,0,0,0,0,0,0.001876
397,,16,15,33,48,15,33,48,8,0.287943,0.304294,262920.824546,0.060354,0.010847
83,,7,9,65,74,9,65,74,7,0.301844,0.319925,24200.477957,0.130282,0.007869
84,,7,24,32,56,24,32,56,8,0.281397,0.296267,125966.740558,0.109043,0.013108
1627,,7,5,2,7,5,2,7,8,0.243359,0.252616,3185.935346,0.142857,0.006183
1505,,7,9,3,12,9,3,12,9,0.233047,0.241897,777.540917,0.377778,0.009643
3335,,7,16,18,34,16,18,34,8,0.242688,0.253251,67878.714308,0.153846,0.011919
1855,,7,9,1,10,9,1,10,1,1,1,7.034984,0.044444,0.004655
14451,,7,11,11,22,11,11,22,8,0.245063,0.254759,42736.688229,0.176471,0.010932
3804,,7,10,13,23,10,13,23,8,0.242947,0.253151,70341.410175,0.205882,0.005986
6688,,7,5,0,5,5,0,5,0,0,0,0,0.7,0.005786
1180,,7,18,7,25,18,7,25,8,0.2499,0.259745,70434.533764,0.183333,0.009864
9177,,7,4,3,7,4,3,7,9,0.230615,0.239178,18.157636,0.4,0.003792
8261,,7,3,3,6,3,3,6,9,0.230615,0.239178,74.931296,0.583333,0.004427
9816,,1,17,19,36,17,19,36,8,0.265653,0.278278,267668.809849,0.081609,0.008907
15634,,7,1,1,2,1,1,2,9,0.230189,0.238544,0,1,0.000373
23191,,13,2,0,2,2,0,2,0,0,0,0,0,0.000541
24690,,7,2,0,2,2,0,2,0,0,0,0,1,0.003298
11974,,7,8,10,18,8,10,18,8,0.237801,0.247291,27829.065129,0.186813,0.00522
33467,,7,2,1,3,2,1,3,9,0.230186,0.238536,0,1,0.003298
1465,,7,8,0,8,8,0,8,0,0,0,0,0.375,0.005994
3271,,7,19,1,20,19,1,20,10,0.191906,0.196436,39914.330005,0.081579,0.019698
2678,,1,34,29,63,34,29,63,8,0.250696,0.261639,105431.439444,0.20155,0.01392
8641,,7,1,0,1,1,0,1,0,0,0,0,0,0.000541
8947,,7,1,0,1,1,0,1,0,0,0,0,0,0.000541
2233,,7,19,21,40,19,21,40,8,0.276025,0.289258,199108.77983,0.05641,0.006432
2195,,7,8,2,10,8,2,10,9,0.226877,0.234269,618.064332,0.077778,0.008776
3033,,7,5,9,14,5,9,14,8,0.251951,0.261602,29223.912885,0.10989,0.002737
1292,,7,7,10,17,7,10,17,8,0.256147,0.267075,4858.378348,0.057143,0.002502
2732,,14,3,1,4,3,1,4,9,0.198834,0.203574,43.076179,0,0.000868
6941,,7,13,16,29,13,16,29,8,0.28634,0.301316,41634.443374,0.257246,0.011143
20803,,7,17,52,69,17,52,69,7,0.314076,0.332218,454757.679765,0.098911,0.011281
11215,,7,17,6,23,17,6,23,8,0.267742,0.27971,103866.938351,0.130719,0.009116
23712,,7,4,1,5,4,1,5,9,0.226163,0.233245,25.096326,0.25,0.005644
34409,,7,2,2,4,2,2,4,9,0.235131,0.244128,995.799549,0.166667,0.000534
1532,,7,15,21,36,15,21,36,8,0.274672,0.288264,131151.341795,0.12043,0.010482
1874,,7,15,46,61,15,46,61,8,0.297367,0.314863,417363.342087,0.076856,0.007063
6352,,7,1,0,1,1,0,1,0,0,0,0,0,0.003113
8203,,7,2,1,3,2,1,3,8,0.255015,0.264497,0,0.5,0.003853
6574,,1,4,0,4,4,0,4,0,0,0,0,0,0.004422
2875,,7,6,14,20,6,14,20,7,0.301612,0.317269,29083.079422,0.117647,0.006666
9450,,7,2,9,11,2,9,11,8,0.262753,0.27383,620.886869,0.155556,0.003401
1143,,7,14,31,45,14,31,45,8,0.274352,0.287779,206527.785607,0.054878,0.006949
9973,,7,4,3,7,4,3,7,8,0.256569,0.266816,2981.001974,0.285714,0.007236
12013,,53,3,3,6,3,3,6,8,0.222311,0.229574,12384.719392,0,0.00349
2842,,67,4,8,12,4,8,12,8,0.264291,0.275599,167140.966723,0.1,0.00891
767,,16,40,27,67,40,27,67,7,0.307479,0.324909,473804.404468,0.105868,0.030358
14046,,7,3,0,3,3,0,3,0,0,0,0,0.5,0.004298
13662,,12,4,1,5,4,1,5,8,0.255015,0.264497,45218.858894,0.083333,0.003622
2224,,7,6,0,6,6,0,6,0,0,0,0,0.433333,0.013211
6890,,7,15,3,18,15,3,18,8,0.249311,0.259149,22504.786094,0.114379,0.00981
16828,,7,2,0,2,2,0,2,0,0,0,0,0.5,0.004565
2482,,7,34,10,44,34,10,44,9,0.242244,0.251472,193785.99074,0.05061,0.024358
4242,,67,2,1,3,2,1,3,9,0.202367,0.207302,1200.823697,0,0.003439
6802,,7,12,10,22,12,10,22,8,0.279417,0.293427,27845.971039,0.274854,0.014181
4402,,7,29,28,57,29,28,57,8,0.281199,0.295417,642036.923015,0.095455,0.019978
556,,67,22,472,494,22,472,494,8,0.30418,0.332421,10424802.843608,0.002147,0.011234
18438,,7,1,0,1,1,0,1,0,0,0,0,0,0.003113
19315,,7,1,1,2,1,1,2,8,0.261472,0.272564,0,1,0.003113
11428,,7,13,15,28,13,15,28,8,0.285593,0.299743,127249.423261,0.162338,0.021474
7899,,7,7,4,11,7,4,11,9,0.232555,0.241309,32724.405933,0.177778,0.007718
3313,,7,11,24,35,11,24,35,8,0.276118,0.289804,58949.130951,0.198276,0.005927
2858,,53,16,5,21,16,5,21,8,0.251647,0.261083,152331.877686,0.102381,0.007166
3124,,7,19,17,36,19,17,36,8,0.275077,0.288663,101226.93477,0.102823,0.018195
10752,,16,1,11,12,1,11,12,8,0.273435,0.285966,9067.023378,0.181818,0.003113
698,,12,16,19,35,16,19,35,8,0.277122,0.290903,312330.36265,0.012097,0.007649
25080,,39,2,0,2,2,0,2,0,0,0,0,0,0.003314
29418,,7,1,0,1,1,0,1,0,0,0,0,0,0.003113
20263,,1,1,1,2,1,1,2,10,0.188104,0.191839,1260.464602,0,0.003113
9519,,36,7,5,12,7,5,12,8,0.257714,0.268984,130235.397095,0.072727,0.005716
23007,,7,11,1,12,11,1,12,9,0.223908,0.230513,20297.919247,0.075758,0.009581
2622,,7,2,0,2,2,0,2,0,0,0,0,0.5,0.001769
3449,,7,2,3,5,2,3,5,9,0.217185,0.223553,26208.467048,0.1,0.002282
740,,53,5,5,10,5,5,10,8,0.237681,0.245326,53928.927893,0.089286,0.004033
3563,,53,2,2,4,2,2,4,9,0.216237,0.222615,196.028061,0.166667,0.001824
6973,,41,4,6,10,4,6,10,9,0.239331,0.248417,31466.557743,0.066667,0.002453
7394,,7,3,0,3,3,0,3,0,0,0,0,0.5,0.007203
558,,7,13,124,137,13,124,137,7,0.313552,0.333891,853204.716833,0.04168,0.012959
9078,,7,1,0,1,1,0,1,0,0,0,0,0,0.001601
9422,,41,1,3,4,1,3,4,9,0.211935,0.217702,15276.321043,0.083333,0.001601
2384,,7,5,6,11,5,6,11,8,0.251291,0.260872,1262.641329,0.433333,0.005582
11168,,7,3,4,7,3,4,7,8,0.250329,0.259487,26239.901697,0.4,0.007762
15666,,14,4,1,5,4,1,5,9,0.226451,0.23364,792.692215,0,0.002551
18319,,7,1,0,1,1,0,1,0,0,0,0,0,0.001601
8855,,7,2,2,4,2,2,4,8,0.238642,0.247136,690.226561,0,0.0019
4931,,7,4,4,8,4,4,8,8,0.258046,0.268039,18892.628788,0.433333,0.007156
20973,,1,3,2,5,3,2,5,9,0.219566,0.22637,25975,0.25,0.001944
9083,,7,4,5,9,4,5,9,8,0.241923,0.250891,1839.50031,0.152778,0.004409
12316,,1,24,27,51,24,27,51,8,0.281317,0.296351,785749.516524,0.030127,0.008949
14251,,7,7,8,15,7,8,15,8,0.275677,0.288899,6151.37198,0.241758,0.005614
1925,,7,19,20,39,19,20,39,8,0.28731,0.301973,217307.231284,0.116807,0.019165
1810,,7,6,17,23,6,17,23,8,0.272544,0.285321,121753.388776,0.082251,0.004795
9534,,7,5,3,8,5,3,8,8,0.265473,0.276834,19615.990653,0.160714,0.004021
18753,,7,4,1,5,4,1,5,8,0.24301,0.252179,38115.654768,0.1,0.002113
680,,7,17,19,36,17,19,36,8,0.273407,0.28681,19102.321597,0.225287,0.013391
28957,,7,1,1,2,1,1,2,8,0.245863,0.254017,0,0,0.001601
22573,,16,4,3,7,4,3,7,8,0.23913,0.247324,174.091844,0.5,0.002993
3118,,7,9,0,9,9,0,9,0,0,0,0,0.083333,0.006384
19446,,7,43,3,46,43,3,46,9,0.220934,0.227441,142646.681837,0.054545,0.037722
18358,,7,7,1,8,7,1,8,9,0.2097,0.215028,22.321219,0.107143,0.005823
731,,7,3,7,10,3,7,10,8,0.273387,0.285911,3533.076023,0.2,0.00225
10326,,7,7,12,19,7,12,19,8,0.279127,0.292756,62124.080725,0.133987,0.005553
25843,,7,10,1,11,10,1,11,1,1,1,6.866853,0.3,0.014201
7499,,7,21,20,41,21,20,41,8,0.266193,0.278793,128525.563243,0.073084,0.01385
33577,,7,1,0,1,1,0,1,0,0,0,0,0,0.001601
17145,,36,7,2,9,7,2,9,10,0.190329,0.19459,56845.436327,0.027778,0.003007
89,,36,1,3,4,1,3,4,8,0.237678,0.245482,26228.426453,0.083333,0.000979
32023,,36,1,0,1,1,0,1,0,0,0,0,0,0.000181
4510,,16,27,6,33,27,6,33,9,0.243296,0.252498,172514.483375,0.063508,0.008221
4770,,16,5,6,11,5,6,11,8,0.253157,0.262903,3537.087815,0.208333,0.002174
4059,,16,2,1,3,2,1,3,9,0.205665,0.211195,263.583109,0,0.00096
12032,,36,2,3,5,2,3,5,8,0.238132,0.245821,350.060144,0.333333,0.001156
9070,,16,3,5,8,3,5,8,8,0.257179,0.268418,2056.831504,0.25,0.00099
18612,,16,2,0,2,2,0,2,0,0,0,0,0,0.000788
6601,,16,20,16,36,20,16,36,8,0.261052,0.273964,98725.794602,0.111494,0.019715
12506,,16,2,1,3,2,1,3,8,0.233634,0.241997,163.403224,0.333333,0.001181
21142,,16,1,0,1,1,0,1,0,0,0,0,0,0.00062
9987,,16,6,1,7,6,1,7,10,0.189185,0.193344,2939.080798,0.238095,0.003168
22672,,1,2,10,12,2,10,12,8,0.244748,0.25373,64218.961934,0.063636,0.000836
6578,,16,5,3,8,5,3,8,8,0.238972,0.246805,48407.973713,0.107143,0.006296
2197,,16,9,9,18,9,9,18,9,0.229978,0.237964,131200.449497,0.049451,0.002828
640,,16,2,0,2,2,0,2,0,0,0,0,1,0.001881
27880,,16,1,0,1,1,0,1,0,0,0,0,0,0.00062
6338,,16,9,13,22,9,13,22,8,0.251897,0.263292,35372.015715,0.161765,0.004078
893,,16,27,13,40,27,13,40,8,0.252769,0.263255,301789.532788,0.039216,0.009767
3276,,16,19,11,30,19,11,30,8,0.254409,0.265702,41336.244781,0.132411,0.010647
27125,,16,1,3,4,1,3,4,9,0.221524,0.228469,23.676905,0.333333,0.00062
32222,,16,1,0,1,1,0,1,0,0,0,0,0,0.00062
20550,,16,5,3,8,5,3,8,8,0.21525,0.221956,82814.079562,0.071429,0.001795
11049,,16,5,5,10,5,5,10,9,0.237735,0.247205,11425.804647,0.180556,0.007895
18279,,16,5,4,9,5,4,9,9,0.22896,0.237401,29694.166782,0.222222,0.003971
2643,,7,11,12,23,11,12,23,8,0.251705,0.262221,60831.730174,0.102632,0.006648
242,,7,20,19,39,20,19,39,8,0.267871,0.280221,193310.037173,0.047899,0.010516
5071,,1,24,17,41,24,17,41,8,0.261403,0.27353,208477.086223,0.074324,0.012088
3496,,7,5,17,22,5,17,22,8,0.281637,0.295828,37613.521179,0.173684,0.002622
1138,,7,15,26,41,15,26,41,7,0.291957,0.308148,101722.874113,0.127312,0.012518
823,,7,7,16,23,7,16,23,8,0.27654,0.289237,5966.548722,0.145022,0.004391
568,,7,8,3,11,8,3,11,8,0.248975,0.258504,1107.823519,0.25,0.005085
17329,,7,4,8,12,4,8,12,8,0.252997,0.263043,3739.327582,0.154545,0.004019
16360,,67,9,3,12,9,3,12,9,0.230496,0.238544,113267.233833,0.081818,0.003834
21337,,7,48,106,154,48,106,154,8,0.289519,0.30686,757966.647997,0.035361,0.029779
22767,,67,15,0,15,15,0,15,0,0,0,0,0.152381,0.006291
23692,,7,1,0,1,1,0,1,0,0,0,0,0,0.001791
907,,7,14,6,20,14,6,20,8,0.246701,0.256128,90728.224151,0.077206,0.008234
11752,,36,2,1,3,2,1,3,9,0.229703,0.237593,459.99069,0,0.002671
5857,,7,10,0,10,10,0,10,0,0,0,0,0,0.00326
8412,,16,2,1,3,2,1,3,9,0.226277,0.233078,2288.481004,0,0.001034
8842,,7,2,2,4,2,2,4,8,0.26149,0.272611,26196.217076,0.083333,0.001041
11866,,7,1,0,1,1,0,1,0,0,0,0,0,0.000866
2147,,7,12,15,27,12,15,27,8,0.289644,0.303978,80138.825916,0.140316,0.012265
8014,,67,3,2,5,3,2,5,9,0.216113,0.222502,265.930902,0.2,0.001903
35322,,7,2,2,4,2,2,4,9,0.230161,0.238113,0,1,0.001162
17135,,1,1,0,1,1,0,1,0,0,0,0,0,0.000604
6314,,1,11,8,19,11,8,19,9,0.2232,0.231094,10643.121298,0.24269,0.009357
20002,,1,1,0,1,1,0,1,0,0,0,0,0,0.000604
5290,,41,2,4,6,2,4,6,8,0.226726,0.234806,11876.880151,0.166667,0.001808
8238,,7,1,0,1,1,0,1,0,0,0,0,0,0.000482
9857,,7,12,2,14,12,2,14,9,0.223698,0.231126,37901.378843,0.121795,0.007044
12562,,7,3,2,5,3,2,5,7,0.29755,0.312704,882.238367,0.25,0.004114
1068,,7,14,25,39,14,25,39,8,0.283093,0.298357,135294.035619,0.151515,0.012049
6263,,7,5,12,17,5,12,17,8,0.2733,0.285321,75008.704836,0.051471,0.002676
760,,7,14,11,25,14,11,25,7,0.301245,0.316753,3443.956694,0.205534,0.011379
2153,,41,17,33,50,17,33,50,8,0.283665,0.298975,391853.693212,0.073737,0.01085
3287,,7,10,11,21,10,11,21,8,0.274985,0.287681,116373.94594,0.118421,0.007909
194,,7,24,52,76,24,52,76,7,0.312662,0.331051,111812.783995,0.186335,0.01379
4573,,7,3,0,3,3,0,3,0,0,0,0,0.666667,0.001725
4756,,7,3,61,64,3,61,64,7,0.314721,0.33334,188242.589777,0.197917,0.005406
3683,,7,1,1,2,1,1,2,10,0.191152,0.195118,35.025216,0,0.000338
5165,,7,1,0,1,1,0,1,0,0,0,0,0,0.000338
6189,,7,7,13,20,7,13,20,7,0.300908,0.316631,75766.233928,0.235294,0.007611
5705,,7,3,86,89,3,86,89,7,0.31916,0.339243,30824.61973,0.164577,0.001206
9931,,7,2,0,2,2,0,2,0,0,0,0,1,0.005039
9938,,7,1,1,2,1,1,2,8,0.238358,0.245622,0,0.5,0.000338
351,,7,15,9,24,15,9,24,8,0.265417,0.277061,79241.591133,0.181159,0.011302
3472,,2,28,0,28,28,0,28,0,0,0,0,0.104497,0.009566
14884,,7,3,0,3,3,0,3,0,0,0,0,1,0.006062
10889,,16,46,19,65,46,19,65,7,0.303474,0.319986,947376.350656,0.056254,0.024208
14381,,7,5,2,7,5,2,7,8,0.239322,0.247377,18866.29986,0.380952,0.006885
2308,,7,5,3,8,5,3,8,8,0.261912,0.273175,208.942074,0.464286,0.00763
17836,,7,3,1,4,3,1,4,8,0.244382,0.252458,0,0.916667,0.006062
19103,,7,2,0,2,2,0,2,0,0,0,0,1,0.005039
19847,,7,3,0,3,3,0,3,0,0,0,0,0.5,0.005207
19848,,7,1,0,1,1,0,1,0,0,0,0,0,0.000338
1509,,7,2,2,4,2,2,4,8,0.244624,0.253661,25.882545,0.083333,0.000886
21127,,7,5,0,5,5,0,5,0,0,0,0,0.25,0.005849
192,,25,37,15,52,37,15,52,8,0.273797,0.286107,384542.6025,0.062016,0.015118
235,,7,7,22,29,7,22,29,7,0.301829,0.317522,168889.175606,0.109687,0.008961
1670,,41,35,26,61,35,26,61,8,0.278187,0.292781,1060221.508131,0.042088,0.019403
31813,,1,1,1,2,1,1,2,9,0.215813,0.22186,0,0,0.000701
99,,14,1,4,5,1,4,5,8,0.265848,0.278628,1162.131108,0.083333,0.002692
4318,,14,8,6,14,8,6,14,8,0.25012,0.259455,5303.906987,0.277778,0.004963
6747,,12,1,6,7,1,6,7,8,0.243309,0.252751,238.546114,0.233333,0.000973
7903,,7,2,4,6,2,4,6,8,0.254722,0.26444,131.328805,0.166667,0.001141
2704,,7,11,6,17,11,6,17,8,0.285567,0.299326,69258.444039,0.073529,0.004678
16037,,7,1,0,1,1,0,1,0,0,0,0,0,0.000973
3119,,7,8,12,20,8,12,20,8,0.270597,0.283688,34336.907379,0.264706,0.012804
6423,,7,13,11,24,13,11,24,8,0.284794,0.298672,42342.8167,0.173203,0.008041
11928,,12,88,11,99,88,11,99,9,0.215803,0.22184,948183.993583,0.013268,0.024957
6819,,7,11,14,25,11,14,25,8,0.279633,0.293626,113048.00619,0.15368,0.006284
4607,,7,15,9,24,15,9,24,8,0.267346,0.279071,68935.590325,0.092857,0.009352
17048,,7,3,0,3,3,0,3,0,0,0,0,0.5,0.001479
14667,,7,11,4,15,11,4,15,8,0.233524,0.241344,63062.004444,0.06044,0.005798
5134,,7,26,13,39,26,13,39,7,0.279687,0.293496,79479.552537,0.075075,0.013116
31725,,7,5,1,6,5,1,6,10,0.177505,0.180763,1499.837234,0.233333,0.005116
2432,,7,5,8,13,5,8,13,8,0.269074,0.281204,94469.510674,0.141026,0.005957
2362,,7,7,10,17,7,10,17,8,0.274792,0.287803,56352.12329,0.209524,0.004095
3931,,7,26,11,37,26,11,37,8,0.280462,0.293605,137840.39588,0.057932,0.01173
3698,,7,12,10,22,12,10,22,8,0.272166,0.284659,84013.337824,0.052381,0.009329
21237,,7,2,1,3,2,1,3,9,0.212064,0.218044,4.479768,0,0.000598
1524,,7,16,25,41,16,25,41,8,0.280504,0.294676,236842.270037,0.101326,0.00626
3218,,7,10,3,13,10,3,13,9,0.233565,0.241788,21698.454347,0.096154,0.006177
5183,,7,4,2,6,4,2,6,8,0.243177,0.25239,1883.196916,0.166667,0.002119
3151,,36,40,37,77,40,37,77,8,0.28208,0.297478,604457.287559,0.046752,0.016073
11082,,7,12,29,41,12,29,41,8,0.291366,0.306699,108540.02671,0.114286,0.010485
12131,,7,1,0,1,1,0,1,0,0,0,0,0,0.00074
13641,,7,1,0,1,1,0,1,0,0,0,0,0,0.00074
12300,,65,1,2,3,1,2,3,8,0.236089,0.245247,1896.031915,0,0.00074
4561,,41,47,38,85,47,38,85,8,0.27792,0.292232,1087654.55947,0.027494,0.018756
18561,,7,2,0,2,2,0,2,0,0,0,0,0,0.00132
3450,,7,7,11,18,7,11,18,8,0.282177,0.29593,4473.411367,0.238562,0.007273
1996,,7,66,36,102,66,36,102,8,0.28819,0.30386,623593.710224,0.055677,0.037466
1262,,7,54,27,81,54,27,81,8,0.294271,0.310346,517101.915033,0.049451,0.041971
1937,,16,8,8,16,8,8,16,8,0.272438,0.28567,5237.571467,0.205128,0.005105
15776,,25,2,1,3,2,1,3,9,0.217418,0.223378,2414.441196,0,0.001552
3319,,7,17,24,41,17,24,41,8,0.293771,0.309094,126597.549177,0.109531,0.008156
29953,,7,1,0,1,1,0,1,0,0,0,0,0,0.00074
23845,,36,24,9,33,24,9,33,8,0.23068,0.238837,28613.235356,0.285282,0.007112
30679,,7,3,3,6,3,3,6,9,0.235664,0.24392,4517.474387,0.1,0.005623
2324,,7,18,24,42,18,24,42,8,0.289279,0.304434,204756.478466,0.12437,0.012035
3833,,7,2,5,7,2,5,7,8,0.275576,0.287501,1761.989485,0.142857,0.002088
6696,,7,1,2,3,1,2,3,8,0.239422,0.248442,0.490844,0,0.001919
3538,,7,5,11,16,5,11,16,8,0.262343,0.274075,27082.511982,0.148352,0.002825
4678,,7,1,2,3,1,2,3,8,0.239666,0.248786,0,1,0.001919
7568,,7,1,3,4,1,3,4,8,0.249107,0.258867,0,0.5,0.001919
7488,,7,3,3,6,3,3,6,8,0.265398,0.276934,302.158936,0.55,0.005976
4010,,7,4,7,11,4,7,11,8,0.240671,0.249414,4899.016277,0.194444,0.002701
8687,,7,1,1,2,1,1,2,9,0.199671,0.204229,0,0.5,0.001919
5755,,7,11,12,23,11,12,23,8,0.267369,0.28031,5764.239679,0.269006,0.009815
9380,,7,1,1,2,1,1,2,10,0.183627,0.187124,373.11557,0,0.001919
3514,,7,7,16,23,7,16,23,8,0.275427,0.288751,46290.938834,0.25,0.005764
10364,,7,1,2,3,1,2,3,8,0.241576,0.250744,22.715723,0,0.001919
11556,,7,1,1,2,1,1,2,9,0.225429,0.232571,51.512391,0,0.001919
10592,,7,8,2,10,8,2,10,8,0.245536,0.254913,3077.705338,0.177778,0.004567
2268,,7,26,20,46,26,20,46,8,0.278829,0.292605,268762.360798,0.109312,0.018644
5358,,7,5,11,16,5,11,16,8,0.268885,0.281315,3635.035745,0.241758,0.003953
1983,,7,4,13,17,4,13,17,8,0.27012,0.282294,52982.892673,0.2,0.003304
2004,,7,4,44,48,4,44,48,7,0.308947,0.326474,82806.729832,0.162319,0.003687
9749,,7,7,4,11,7,4,11,8,0.246317,0.255368,74572.890823,0.122222,0.008727
2561,,7,2,6,8,2,6,8,8,0.276865,0.290137,88.573769,0.803571,0.003439
14739,,7,3,1,4,3,1,4,8,0.239404,0.248376,0,0.833333,0.006065
7602,,7,15,30,45,15,30,45,8,0.295537,0.312086,167989.092639,0.127439,0.007643
5443,,7,4,0,4,4,0,4,0,0,0,0,0,0.002836
15455,,7,3,2,5,3,2,5,8,0.263747,0.274663,634.381876,0.3,0.003756
4727,,7,6,8,14,6,8,14,9,0.228718,0.235721,30089.807232,0.109091,0.003275
8104,,7,1,2,3,1,2,3,8,0.23944,0.248451,0,1,0.001919
2560,,7,8,7,15,8,7,15,8,0.273332,0.285783,5336.031569,0.237179,0.008617
21584,,7,1,1,2,1,1,2,8,0.239404,0.248376,0,0,0.001919
16355,,7,4,5,9,4,5,9,8,0.267761,0.279834,563.416367,0.303571,0.002598
18935,,7,19,30,49,19,30,49,8,0.278063,0.292439,232043.333984,0.101883,0.008671
22952,,7,1,0,1,1,0,1,0,0,0,0,0,0.001919
1399,,7,6,7,13,6,7,13,7,0.276837,0.290178,19785.983136,0.30303,0.005347
25376,,7,1,0,1,1,0,1,0,0,0,0,0,0.001919
18870,,7,3,3,6,3,3,6,8,0.244284,0.254049,44812.077443,0.333333,0.002304
27952,,7,1,0,1,1,0,1,0,0,0,0,0,0.001919
24869,,7,4,9,13,4,9,13,8,0.267616,0.279746,45818.59217,0.177778,0.002524
7652,,7,3,2,5,3,2,5,9,0.191635,0.196419,16889.938423,0,0.005035
1606,,7,8,5,13,8,5,13,8,0.278792,0.291997,1766.006119,0.416667,0.007125
6457,,7,2,5,7,2,5,7,8,0.25264,0.262223,372.876111,0.380952,0.002361
20865,,7,3,6,9,3,6,9,8,0.245809,0.255428,1780.589661,0.380952,0.002405
14972,,7,1,2,3,1,2,3,9,0.227436,0.234526,195.581719,0,0.001919
1836,,7,16,51,67,16,51,67,7,0.29488,0.311548,165723.472439,0.118798,0.008822
20450,,7,3,0,3,3,0,3,0,0,0,0,0.833333,0.002425
34791,,7,1,0,1,1,0,1,0,0,0,0,0,0.001919
17388,,7,1,8,9,1,8,9,8,0.270652,0.283285,56.340003,0.446429,0.001919
106,,67,1,3,4,1,3,4,8,0.238994,0.246919,54121.544537,0.083333,0.000179
11058,,67,1,4,5,1,4,5,9,0.230555,0.238078,26286.653455,0,0.000173
2777,,16,2,1,3,2,1,3,8,0.226182,0.232936,162.287103,0.5,0.000608
479,,14,16,1,17,16,1,17,11,0.15349,0.155642,150669.7642,0.014706,0.006887
7760,,16,1,0,1,1,0,1,0,0,0,0,0,0.000432
6711,,7,3,6,9,3,6,9,9,0.234501,0.243683,23113.245861,0.125,0.001464
207,,2,39,0,39,39,0,39,0,0,0,0,0.062753,0.011187
10171,,16,4,1,5,4,1,5,9,0.219136,0.225745,39.817075,0.15,0.002431
15279,,16,2,2,4,2,2,4,9,0.225845,0.233331,34.384278,0.333333,0.001562
8646,,67,11,2,13,11,2,13,8,0.262018,0.273157,90296.683827,0.076923,0.00286
6090,,16,5,4,9,5,4,9,8,0.230756,0.238612,73703.829432,0.095238,0.0062
19344,,16,28,12,40,28,12,40,8,0.267236,0.278987,352864.924403,0.057143,0.0248
2277,,7,39,16,55,39,16,55,8,0.279716,0.293251,263761.852603,0.071837,0.022511
22083,,16,4,0,4,4,0,4,0,0,0,0,0.166667,0.007862
23691,,16,1,0,1,1,0,1,0,0,0,0,0,0.000432
1650,,41,49,66,115,49,66,115,7,0.264894,0.278592,1587962.842438,0.012755,0.018172
25570,,16,1,1,2,1,1,2,9,0.207609,0.212854,0.406536,0,0.000432
108,,7,1,2,3,1,2,3,9,0.224218,0.231724,67.09361,0.5,0.001061
4268,,36,11,11,22,11,11,22,8,0.268582,0.28098,73929.958309,0.094771,0.003765
4847,,36,2,3,5,2,3,5,10,0.196315,0.201139,18825,0.2,0.001229
5463,,36,2,0,2,2,0,2,0,0,0,0,1,0.001262
3240,,36,4,7,11,4,7,11,8,0.228515,0.236155,26952.98546,0.180556,0.002003
8027,,36,2,3,5,2,3,5,9,0.229672,0.237586,125.461425,0.416667,0.001278
9465,,16,7,4,11,7,4,11,8,0.25159,0.262135,4146.6229,0.208333,0.003191
10072,,7,1,0,1,1,0,1,0,0,0,0,0,0.001061
10590,,16,6,6,12,6,6,12,9,0.235404,0.244062,53018.898898,0.081818,0.007127
4953,,36,8,7,15,8,7,15,8,0.226997,0.235028,35237.837283,0.163636,0.003592
19300,,7,1,0,1,1,0,1,0,0,0,0,0,0.001061
5455,,36,4,8,12,4,8,12,8,0.241381,0.251097,5659.972076,0.180556,0.003565
2687,,32,10,13,23,10,13,23,8,0.276686,0.289336,113163.615686,0.060526,0.005248
21555,,7,1,1,2,1,1,2,10,0.179458,0.182867,120.711278,0,0.001061
22000,,7,2,0,2,2,0,2,0,0,0,0,0,0.001428
13867,,7,4,1,5,4,1,5,9,0.219198,0.225232,119.643075,0,0.0025
19664,,36,2,2,4,2,2,4,9,0.222832,0.230166,49.145473,0.333333,0.001326
799,,36,11,6,17,11,6,17,8,0.226035,0.233838,142918.954524,0.057143,0.00444
26614,,53,2,0,2,2,0,2,0,0,0,0,0,0.001229
8606,,36,10,7,17,10,7,17,8,0.231107,0.239861,74768.175942,0.066667,0.002721
7331,,41,6,3,9,6,3,9,8,0.263537,0.274547,68567.62241,0.02381,0.002387
14398,,7,1,2,3,1,2,3,1,1,1,25976,0.166667,0.001061
14687,,7,6,1,7,6,1,7,9,0.226296,0.233851,780.617247,0.047619,0.005189
796,,7,24,19,43,24,19,43,8,0.27243,0.285242,47293.805865,0.127731,0.024357
6781,,36,2,6,8,2,6,8,8,0.2369,0.245096,368.097776,0.266667,0.00129
293,,16,58,6,64,58,6,64,8,0.258862,0.270685,121499.43236,0.075141,0.036599
35524,,7,1,0,1,1,0,1,0,0,0,0,0,0.001061
111,,14,2,3,5,2,3,5,8,0.255396,0.265777,25975.25,0.5,0.001608
3106,,14,26,30,56,26,30,56,8,0.292738,0.309143,728909.566441,0.062905,0.013982
12882,,14,6,1,7,6,1,7,1,1,1,6.25,0,0.001032
1659,,14,1,0,1,1,0,1,0,0,0,0,0,0.001331
2031,,14,1,0,1,1,0,1,0,0,0,0,0,0.001331
2256,,14,2,6,8,2,6,8,8,0.24911,0.258264,51133.868949,0.266667,0.001585
5075,,14,1,0,1,1,0,1,0,0,0,0,0,0.001331
4506,,14,10,9,19,10,9,19,8,0.254042,0.263989,54345.578579,0.141667,0.003198
5834,,14,1,1,2,1,1,2,8,0.249077,0.258092,0,0,0.001331
7010,,14,3,1,4,3,1,4,8,0.249077,0.258092,0,0.666667,0.001826
7141,,14,1,0,1,1,0,1,0,0,0,0,0,0.001331
8146,,14,1,0,1,1,0,1,0,0,0,0,0,0.001331
9774,,14,12,3,15,12,3,15,8,0.255392,0.265768,83631.728323,0.181818,0.007862
10442,,14,3,0,3,3,0,3,0,0,0,0,0.5,0.002711
11281,,16,4,0,4,4,0,4,0,0,0,0,0.166667,0.005179
11360,,14,1,0,1,1,0,1,0,0,0,0,0,0.001331
11445,,14,2,0,2,2,0,2,0,0,0,0,1,0.004096
11503,,14,2,4,6,2,4,6,8,0.261316,0.273267,463.863238,0.75,0.004825
4237,,7,18,14,32,18,14,32,8,0.280784,0.294932,35362.137427,0.195157,0.019788
3686,,69,9,0,9,9,0,9,0,0,0,0,0.041667,0.009061
12735,,14,1,0,1,1,0,1,0,0,0,0,0,0.001331
12804,,14,3,0,3,3,0,3,0,0,0,0,1,0.002216
14076,,7,3,0,3,3,0,3,0,0,0,0,0,0.004061
14565,,14,7,3,10,7,3,10,8,0.249344,0.258452,1569.302312,0.305556,0.004679
8217,,14,3,0,3,3,0,3,0,0,0,0,0,0.001667
15055,,14,3,1,4,3,1,4,8,0.249077,0.258092,18825,0.5,0.001967
15153,,14,17,3,20,17,3,20,8,0.249084,0.258145,89231.067118,0.088235,0.005478
9165,,14,14,13,27,14,13,27,8,0.254107,0.264181,183283.495746,0.135714,0.004543
15136,,14,2,3,5,2,3,5,8,0.249087,0.258154,44799,0.166667,0.001504
16184,,14,2,1,3,2,1,3,8,0.247392,0.256732,0,1,0.001964
16406,,14,4,8,12,4,8,12,8,0.25374,0.264026,54150.640072,0.227273,0.001932
16980,,14,1,1,2,1,1,2,8,0.249077,0.258092,0,0,0.001331
15862,,14,1,2,3,1,2,3,8,0.255386,0.265733,0,1,0.001331
17581,,14,3,1,4,3,1,4,8,0.249077,0.258092,0,0.666667,0.001827
8931,,14,8,6,14,8,6,14,8,0.256667,0.267445,129345.16742,0.05303,0.003349
17609,,14,1,1,2,1,1,2,8,0.249077,0.258092,0,0,0.001331
14711,,14,1,2,3,1,2,3,8,0.24909,0.258145,0,1,0.001331
15937,,14,1,3,4,1,3,4,8,0.249097,0.258176,0,0.666667,0.001331
18444,,16,10,3,13,10,3,13,8,0.256695,0.266468,27566.442621,0.019231,0.007746
4102,,14,17,5,22,17,5,22,8,0.265211,0.277002,147150.139604,0.078947,0.008567
19579,,14,14,14,28,14,14,28,8,0.255458,0.266127,109128.589595,0.109524,0.004242
19622,,14,2,1,3,2,1,3,9,0.202391,0.207416,27.889536,0.833333,0.001585
18826,,14,12,16,28,12,16,28,8,0.278203,0.29275,24801.336278,0.255435,0.014373
19392,,14,3,7,10,3,7,10,8,0.254926,0.264877,4098.439517,0.208333,0.001717
13673,,7,13,7,20,13,7,20,8,0.26789,0.279797,66521.304765,0.163399,0.014175
17963,,14,8,5,13,8,5,13,8,0.249831,0.259142,530.621108,0.309091,0.003042
7885,,7,23,20,43,23,20,43,8,0.261534,0.273109,174046.21767,0.105856,0.009373
20870,,14,1,1,2,1,1,2,8,0.249077,0.258092,0,0,0.001331
13663,,14,3,1,4,3,1,4,8,0.249077,0.258092,0,0.666667,0.001707
21111,,14,1,0,1,1,0,1,0,0,0,0,0,0.001331
21673,,14,1,0,1,1,0,1,0,0,0,0,0,0.001331
21527,,14,1,3,4,1,3,4,8,0.249216,0.258285,0,0.5,0.001331
17370,,14,3,3,6,3,3,6,8,0.24909,0.258162,2012.2567,0.5,0.00181
21759,,14,11,4,15,11,4,15,8,0.2491,0.258202,16669.049184,0.211538,0.007005
17634,,14,1,4,5,1,4,5,9,0.216972,0.223333,5069.168923,0.65,0.001331
21788,,14,2,2,4,2,2,4,8,0.229577,0.236332,25977.220824,0.333333,0.001609
12383,,7,33,248,281,33,248,281,7,0.342173,0.36915,2048482.34052,0.041124,0.014112
22817,,14,2,3,5,2,3,5,8,0.249084,0.258145,1,0.5,0.001521
23703,,14,2,3,5,2,3,5,8,0.267138,0.279004,566.190253,0.416667,0.001522
23817,,14,3,4,7,3,4,7,8,0.247792,0.257359,26282.616303,0.233333,0.002003
24225,,7,4,4,8,4,4,8,8,0.258478,0.268744,2705.859689,0.333333,0.005706
15839,,14,3,1,4,3,1,4,9,0.199413,0.203922,1512.323475,0.416667,0.006347
24372,,14,1,0,1,1,0,1,0,0,0,0,0,0.001331
7176,,7,8,10,18,8,10,18,8,0.254529,0.265098,19482.04255,0.252747,0.005642
25261,,14,1,0,1,1,0,1,0,0,0,0,0,0.001331
25262,,14,2,1,3,2,1,3,9,0.20348,0.20863,0,1,0.001585
25348,,14,1,1,2,1,1,2,8,0.249077,0.258092,0,0,0.001331
26129,,14,1,0,1,1,0,1,0,0,0,0,0,0.001331
24274,,14,1,2,3,1,2,3,8,0.249087,0.258136,0,1,0.001331
26053,,14,2,1,3,2,1,3,8,0.249077,0.258092,274.093684,0,0.001526
27062,,14,1,0,1,1,0,1,0,0,0,0,0,0.001331
27969,,14,3,0,3,3,0,3,0,0,0,0,0.333333,0.001707
22815,,14,4,3,7,4,3,7,9,0.209271,0.215148,1575.351125,0.566667,0.003668
28315,,14,2,3,5,2,3,5,8,0.253942,0.263678,0,0.833333,0.001545
24186,,14,7,12,19,7,12,19,8,0.254646,0.264832,46062.268755,0.120833,0.002577
20222,,14,1,2,3,1,2,3,8,0.24908,0.258118,0,1,0.001331
22929,,14,2,1,3,2,1,3,9,0.20348,0.20863,0,1,0.001585
29354,,14,5,7,12,5,7,12,8,0.268759,0.281084,69291.760916,0.166667,0.002929
19143,,14,31,24,55,31,24,55,7,0.301989,0.318063,528063.002091,0.084058,0.011519
30580,,14,2,0,2,2,0,2,0,0,0,0,1,0.001521
30577,,14,1,1,2,1,1,2,8,0.249077,0.258092,0,0,0.001331
32334,,14,1,0,1,1,0,1,0,0,0,0,0,0.001331
32642,,14,1,1,2,1,1,2,8,0.249077,0.258092,0,0,0.001331
33852,,14,2,1,3,2,1,3,8,0.249077,0.258092,0,1,0.002719
7692,,12,2,4,6,2,4,6,8,0.262691,0.274201,1673.984204,0.233333,0.002719
29523,,14,2,1,3,2,1,3,9,0.203483,0.208639,6.162338,0.5,0.001529
34675,,14,1,0,1,1,0,1,0,0,0,0,0,0.001331
12243,,7,16,464,480,16,464,480,7,0.355765,0.387323,1383277.718758,0.032408,0.013846
5554,,67,5,0,5,5,0,5,0,0,0,0,0.1,0.004858
12669,,7,1,1,2,1,1,2,9,0.231745,0.239906,282.934482,0,0.001761
5749,,7,7,0,7,7,0,7,0,0,0,0,0.166667,0.008773
5314,,7,6,2,8,6,2,8,9,0.216334,0.222463,7110.724655,0.017857,0.005664
16699,,7,8,6,14,8,6,14,8,0.260712,0.271158,48573.787624,0.137363,0.006241
115,,16,0,5,5,0,5,5,8,0.254594,0.26521,0,0.3,0
3082,,14,2,4,6,2,4,6,7,0.298163,0.313406,3950.46302,0.3,0.000357
9102,,7,1,4,5,1,4,5,8,0.23955,0.247278,8.035199,0.25,0.000305
2081,,36,22,19,41,22,19,41,8,0.279268,0.29375,263724.590321,0.100794,0.01147
8064,,7,7,4,11,7,4,11,8,0.255261,0.266278,32526.080046,0.1,0.004915
3076,,7,34,32,66,34,32,66,8,0.282668,0.298007,130681.913036,0.106895,0.025586
4233,,7,5,8,13,5,8,13,8,0.274344,0.2865,2156.697597,0.266667,0.002343
28375,,7,2,2,4,2,2,4,9,0.228175,0.235825,380.417983,0.166667,0.000927
35414,,7,1,0,1,1,0,1,0,0,0,0,0,0.000305
2137,,7,7,10,17,7,10,17,8,0.277543,0.290285,43028.408169,0.102941,0.007183
3735,,7,1,6,7,1,6,7,8,0.270656,0.281928,366.862961,0.285714,0.003285
5598,,7,2,4,6,2,4,6,8,0.270318,0.28291,964.303703,0.25,0.003454
161,,7,14,15,29,14,15,29,8,0.275597,0.28915,18282.103027,0.198006,0.017324
5004,,7,12,9,21,12,9,21,8,0.270221,0.282984,58939.502252,0.080952,0.006872
19116,,7,1,4,5,1,4,5,8,0.264165,0.276196,1256.410633,0.55,0.003285
3327,,36,6,5,11,6,5,11,8,0.269957,0.282376,38173.331624,0.2,0.005763
9652,,25,23,18,41,23,18,41,8,0.25599,0.26597,763306.145138,0.028571,0.016251
20394,,41,3,0,3,3,0,3,0,0,0,0,0.166667,0.005443
11856,,7,5,6,11,5,6,11,8,0.243177,0.252373,7661.78099,0.233333,0.006124
26308,,7,6,15,21,6,15,21,7,0.30124,0.316797,25838.971765,0.271242,0.011105
3953,,7,3,10,13,3,10,13,8,0.284781,0.298465,136690.188996,0.102564,0.004309
2145,,7,27,37,64,27,37,64,7,0.304588,0.321135,147844.836758,0.1128,0.018247
780,,41,18,23,41,18,23,41,8,0.291077,0.306323,235017.978658,0.123106,0.014613
2315,,7,17,15,32,17,15,32,7,0.298253,0.313812,104525.200495,0.123656,0.012615
14491,,7,33,106,139,33,106,139,7,0.30946,0.328732,1031808.031523,0.07874,0.026891
7923,,7,8,25,33,8,25,33,8,0.284962,0.299731,33501.575042,0.200605,0.011307
7824,,7,4,8,12,4,8,12,8,0.2452,0.254264,9489.300441,0.1,0.00553
335,,7,39,44,83,39,44,83,8,0.283447,0.299368,460012.854968,0.047505,0.023259
1803,,7,16,13,29,16,13,29,8,0.259651,0.270576,89787.572647,0.11039,0.013248
33991,,7,1,0,1,1,0,1,0,0,0,0,0,0.003285
29492,,7,15,26,41,15,26,41,8,0.293094,0.308336,75303.622356,0.208393,0.017423
35091,,7,1,0,1,1,0,1,0,0,0,0,0,0.003285
119,,7,11,2,13,11,2,13,9,0.219302,0.225377,37708.652462,0.217949,0.015587
816,,7,17,143,160,17,143,160,7,0.330217,0.353717,1753857.558519,0.057104,0.011751
2125,,7,4,1,5,4,1,5,9,0.196507,0.201039,131.272684,0.25,0.00586
630,,14,2,3,5,2,3,5,8,0.25576,0.265696,162.856549,0.333333,0.004134
5073,,16,13,4,17,13,4,17,8,0.25899,0.269604,26420.068221,0.153846,0.008184
900,,16,31,43,74,31,43,74,8,0.294649,0.310978,292094.220415,0.081413,0.017368
5863,,16,3,2,5,3,2,5,8,0.274192,0.286131,2615.434509,0.2,0.001351
5144,,7,2,6,8,2,6,8,8,0.266725,0.278415,653.156844,0.380952,0.001008
466,,7,43,327,370,43,327,370,7,0.357848,0.387668,5244379.044289,0.035483,0.044135
9471,,7,1,0,1,1,0,1,0,0,0,0,0,0.00064
9472,,7,6,5,11,6,5,11,8,0.235561,0.243717,3441.759503,0.181818,0.007228
10514,,7,1,0,1,1,0,1,0,0,0,0,0,0.00064
6041,,16,35,8,43,35,8,43,8,0.269818,0.28192,247049.921673,0.028239,0.023815
5988,,7,4,7,11,4,7,11,8,0.24604,0.254617,20185.598082,0.054545,0.001876
7835,,7,13,3,16,13,3,16,8,0.266725,0.277938,157928.703344,0.129167,0.007892
3258,,69,36,31,67,36,31,67,7,0.289845,0.305376,702550.123183,0.066883,0.020986
2893,,67,7,1,8,7,1,8,1,1,1,864.125799,0.089286,0.001922
6643,,7,26,3,29,26,3,29,9,0.225945,0.232693,68379.840298,0.021164,0.010603
8026,,7,1,2,3,1,2,3,8,0.255233,0.265166,0,1,0.00064
22874,,7,1,0,1,1,0,1,0,0,0,0,0,0.00064
4110,,7,4,8,12,4,8,12,8,0.233605,0.242844,48155.119217,0.036364,0.001495
23942,,7,1,0,1,1,0,1,0,0,0,0,0,0.00064
23287,,16,1,1,2,1,1,2,8,0.247792,0.25846,128.474585,0,0.00064
22940,,25,3,2,5,3,2,5,8,0.234186,0.242208,1118.76687,0.55,0.001287
10622,,7,3,12,15,3,12,15,8,0.266284,0.278084,2776.880088,0.114286,0.001726
15793,,7,12,0,12,12,0,12,0,0,0,0,0.05303,0.007859
3678,,1,31,19,50,31,19,50,8,0.241604,0.251619,76228.303138,0.141649,0.010119
30055,,7,3,3,6,3,3,6,9,0.230488,0.238401,216.747009,0.166667,0.00133
8452,,7,13,6,19,13,6,19,8,0.232239,0.24073,49358.066679,0.046784,0.007763
28253,,16,4,7,11,4,7,11,8,0.279791,0.293672,54417.323535,0.036364,0.002009
25211,,7,9,19,28,9,19,28,8,0.277371,0.291554,5526.680574,0.148148,0.005931
2635,,7,12,9,21,12,9,21,8,0.267837,0.279656,30608.994655,0.118421,0.004842
5228,,7,2,0,2,2,0,2,0,0,0,0,0.5,0.002436
14201,,7,1,0,1,1,0,1,0,0,0,0,0,0.002102
4179,,7,18,5,23,18,5,23,9,0.236252,0.244771,48083.484887,0.221429,0.012464
17163,,7,1,0,1,1,0,1,0,0,0,0,0,0.002102
17204,,7,18,1,19,18,1,19,1,1,1,16323.030457,0.143275,0.011533
5488,,7,4,3,7,4,3,7,9,0.231902,0.240515,85.55495,0.5,0.006396
15189,,7,9,0,9,9,0,9,0,0,0,0,0.166667,0.010194
24160,,7,1,0,1,1,0,1,0,0,0,0,0,0.002102
203,,69,3,0,3,3,0,3,0,0,0,0,0.5,0.005483
392,,41,10,11,21,10,11,21,8,0.243598,0.25405,147251.695489,0.125,0.009202
343,,7,17,87,104,17,87,104,7,0.317144,0.336191,303939.1116,0.098149,0.013786
921,,16,23,11,34,23,11,34,8,0.268043,0.28026,289666.890976,0.058621,0.014663
1100,,16,21,14,35,21,14,35,8,0.270143,0.283499,262802.049954,0.077011,0.012027
1351,,7,13,13,26,13,13,26,8,0.269891,0.282164,85253.811323,0.104743,0.012125
522,,7,10,34,44,10,34,44,7,0.290006,0.304984,188675.274983,0.052326,0.007174
1752,,7,3,29,32,3,29,32,8,0.287793,0.303143,43155.783422,0.193548,0.009359
2543,,7,4,22,26,4,22,26,7,0.295523,0.310496,39567.716955,0.203333,0.005857
3388,,7,14,14,28,14,14,28,8,0.258173,0.269886,43693.552158,0.152174,0.012388
1252,,7,20,53,73,20,53,73,8,0.287758,0.304259,301649.70286,0.072115,0.021742
344,,7,13,67,80,13,67,80,7,0.310747,0.329912,491506.384837,0.104069,0.014999
3965,,7,1,5,6,1,5,6,9,0.218907,0.225707,10616.564046,0.066667,0.004701
2327,,7,1,4,5,1,4,5,8,0.274052,0.285962,748.249049,0.45,0.004701
2917,,16,36,22,58,36,22,58,8,0.276666,0.290203,543123.033716,0.054286,0.020528
4260,,1,1,3,4,1,3,4,8,0.235826,0.24456,1087.180993,0.25,0.004701
671,,41,33,96,129,33,96,129,7,0.319768,0.340494,1951296.517938,0.05331,0.015252
611,,7,6,5,11,6,5,11,8,0.248666,0.257764,5045.708675,0.127273,0.005613
4982,,7,1,0,1,1,0,1,0,0,0,0,0,0.004701
791,,41,46,28,74,46,28,74,8,0.268009,0.280463,998603.374391,0.009375,0.016335
4456,,16,13,8,21,13,8,21,8,0.240017,0.24911,135430.912828,0.107843,0.021071
5089,,7,1,0,1,1,0,1,0,0,0,0,0,0.004701
5141,,7,1,0,1,1,0,1,0,0,0,0,0,0.004701
5154,,7,3,2,5,3,2,5,8,0.244373,0.253475,561.360708,0.55,0.009481
4866,,16,5,11,16,5,11,16,8,0.263437,0.27524,37801.488909,0.204762,0.006491
248,,16,5,5,10,5,5,10,8,0.265679,0.278174,17587.837004,0.196429,0.005618
6107,,7,2,0,2,2,0,2,0,0,0,0,1,0.008249
582,,7,10,30,40,10,30,40,7,0.308441,0.326075,4770.673151,0.261024,0.008087
2731,,7,8,10,18,8,10,18,8,0.270097,0.283185,12731.143898,0.231618,0.010847
1058,,7,2,4,6,2,4,6,7,0.293619,0.308126,6148.801599,0.3,0.004869
2715,,1,9,21,30,9,21,30,8,0.239343,0.248221,34314.375695,0.406085,0.009535
4972,,1,3,5,8,3,5,8,8,0.247998,0.25884,61820.902454,0.02381,0.005169
7051,,7,3,13,16,3,13,16,8,0.271178,0.283414,23095.690913,0.166667,0.005251
1901,,7,5,8,13,5,8,13,8,0.241328,0.250883,75962.680136,0.077778,0.005587
1305,,22,30,155,185,30,155,185,7,0.322921,0.344792,2173438.726099,0.025651,0.020473
7052,,7,1,4,5,1,4,5,8,0.245626,0.254672,0,0.3,0.004701
7053,,7,1,0,1,1,0,1,0,0,0,0,0,0.004701
7332,,7,1,0,1,1,0,1,0,0,0,0,0,0.004701
455,,16,5,15,20,5,15,20,8,0.255185,0.265116,280050.45154,0.079167,0.00543
6358,,7,15,6,21,15,6,21,8,0.238654,0.247044,947.781111,0.2,0.011611
6924,,7,4,3,7,4,3,7,9,0.228835,0.236878,1411.200345,0.095238,0.005803
6554,,7,5,0,5,5,0,5,0,0,0,0,0.15,0.008087
7431,,7,2,1,3,2,1,3,8,0.250203,0.259009,0,1,0.005811
7437,,7,3,1,4,3,1,4,8,0.257703,0.26794,21456.645429,0.166667,0.005231
7494,,7,1,0,1,1,0,1,0,0,0,0,0,0.004701
445,,7,3,5,8,3,5,8,8,0.246018,0.255065,5014.505632,0.4,0.005833
426,,7,2,4,6,2,4,6,8,0.266295,0.277831,26010.749152,0.4,0.004998
1018,,7,6,32,38,6,32,38,7,0.305374,0.322315,12099.817068,0.223708,0.009055
1966,,2,15,18,33,15,18,33,8,0.24577,0.254503,196079.235062,0.061538,0.009644
8230,,41,5,6,11,5,6,11,9,0.223287,0.230902,30392.626572,0.111111,0.006813
4097,,7,26,35,61,26,35,61,8,0.289604,0.305498,342464.939484,0.111594,0.012793
8266,,7,5,5,10,5,5,10,8,0.261818,0.272147,28173.13098,0.083333,0.007026
8513,,7,3,0,3,3,0,3,0,0,0,0,0.5,0.010862
1647,,16,45,28,73,45,28,73,8,0.271448,0.285062,745192.811419,0.061072,0.033494
8698,,7,7,4,11,7,4,11,8,0.24045,0.248949,52847.166621,0.1,0.007084
3717,,7,14,4,18,14,4,18,8,0.248972,0.257873,106364.651653,0.165441,0.010871
1653,,65,3,6,9,3,6,9,8,0.24118,0.24973,174505.345942,0.263889,0.005037
338,,65,4,3,7,4,3,7,8,0.240671,0.248821,18826,0.433333,0.005625
9245,,36,7,3,10,7,3,10,9,0.221997,0.228795,20046.921386,0.055556,0.006196
9392,,2,8,11,19,8,11,19,8,0.267301,0.27914,39435.239682,0.215686,0.007239
8656,,41,5,5,10,5,5,10,8,0.239182,0.248082,22759.902854,0.25,0.008027
554,,7,5,10,15,5,10,15,8,0.285104,0.299107,5268.953745,0.324176,0.00729
5118,,7,5,3,8,5,3,8,8,0.24291,0.251038,18839.096741,0.428571,0.007643
3274,,25,13,7,20,13,7,20,8,0.262651,0.274406,53380.968374,0.196078,0.010798
10391,,7,6,3,9,6,3,9,8,0.244167,0.255054,153881.903865,0.339286,0.008769
7558,,67,4,0,4,4,0,4,0,0,0,0,0.166667,0.005898
10424,,15,3,3,6,3,3,6,7,0.294074,0.308682,63624,0.083333,0.005043
4486,,1,15,12,27,15,12,27,8,0.243384,0.253169,61428.019327,0.108333,0.012637
1413,,16,9,10,19,9,10,19,8,0.255427,0.26609,69965.620409,0.098039,0.011267
10560,,16,4,4,8,4,4,8,7,0.293784,0.308378,18914.800691,0.55,0.007972
6003,,7,10,17,27,10,17,27,8,0.271863,0.284789,26720.383064,0.219368,0.008748
2251,,7,11,32,43,11,32,43,8,0.26732,0.279818,95107.797783,0.093651,0.008308
10632,,7,2,0,2,2,0,2,0,0,0,0,0.5,0.006089
10710,,7,1,1,2,1,1,2,8,0.250033,0.258898,0,1,0.004701
10458,,7,3,0,3,3,0,3,0,0,0,0,0.333333,0.00542
839,,7,9,58,67,9,58,67,8,0.307896,0.32587,124444.791532,0.078322,0.008214
11341,,7,2,1,3,2,1,3,9,0.192844,0.197088,0,0.5,0.00551
3497,,7,30,21,51,30,21,51,8,0.27824,0.29233,203879.958362,0.086494,0.025978
4014,,16,15,14,29,15,14,29,8,0.261796,0.273931,75713.484467,0.105072,0.012618
6310,,16,8,6,14,8,6,14,8,0.248824,0.25864,27176.47543,0.227273,0.009364
4663,,16,21,8,29,21,8,29,8,0.246772,0.256204,160198.722767,0.048433,0.015919
7067,,7,7,5,12,7,5,12,8,0.277969,0.291143,4246.288955,0.190909,0.006511
11179,,7,1,1,2,1,1,2,8,0.248322,0.25719,0,1,0.004701
11969,,7,1,1,2,1,1,2,8,0.248322,0.25719,0,1,0.004701
10158,,7,2,34,36,2,34,36,7,0.302713,0.319208,165611.524794,0.084874,0.004899
2103,,7,6,6,12,6,6,12,8,0.278141,0.291735,803.449884,0.295455,0.007998
668,,7,12,15,27,12,15,27,8,0.273379,0.286588,152171.883705,0.118333,0.014997
4563,,41,5,3,8,5,3,8,8,0.265409,0.276755,27518.971684,0.214286,0.00566
2319,,7,3,5,8,3,5,8,8,0.268701,0.280561,20608.727738,0.309524,0.008417
12490,,2,2,3,5,2,3,5,9,0.219745,0.226413,467.68333,0.5,0.005805
281,,7,7,32,39,7,32,39,7,0.305508,0.322284,130457.515557,0.195798,0.008658
5657,,7,5,7,12,5,7,12,8,0.27402,0.286109,52754.657457,0.106061,0.005374
11178,,2,11,12,23,11,12,23,7,0.29452,0.309441,92808.415675,0.166667,0.007953
9856,,16,5,7,12,5,7,12,8,0.267176,0.278997,67556.053211,0.211111,0.00609
4482,,7,17,21,38,17,21,38,8,0.288495,0.303287,176894.787627,0.063492,0.010779
10862,,7,2,0,2,2,0,2,0,0,0,0,0,0.00664
11470,,7,2,1,3,2,1,3,9,0.205479,0.211208,0,0.666667,0.005724
13446,,67,3,0,3,3,0,3,0,0,0,0,0.166667,0.005224
11322,,7,3,3,6,3,3,6,8,0.237948,0.245516,13.719588,0.466667,0.006109
4448,,81,16,10,26,16,10,26,7,0.294547,0.309286,304446.668032,0.134503,0.008261
3522,,7,2,3,5,2,3,5,8,0.235393,0.243692,309.363262,0.25,0.005571
7059,,7,7,12,19,7,12,19,8,0.262336,0.27463,118874.613137,0.194853,0.009444
14096,,7,5,7,12,5,7,12,8,0.277244,0.290591,6786.358325,0.280303,0.006674
4341,,7,1,1,2,1,1,2,9,0.224026,0.230382,0,0.5,0.004701
2602,,7,5,21,26,5,21,26,8,0.26724,0.279688,63386.446939,0.155797,0.005413
14353,,7,1,0,1,1,0,1,0,0,0,0,0,0.004701
14513,,7,1,1,2,1,1,2,9,0.198884,0.203512,0,0.5,0.004701
702,,7,14,15,29,14,15,29,8,0.259418,0.270331,125609.096423,0.03202,0.010149
5258,,7,16,3,19,16,3,19,8,0.258407,0.269472,64459.830602,0.067251,0.015288
14655,,7,2,3,5,2,3,5,8,0.266209,0.27786,18825,0.45,0.004875
11041,,7,12,2,14,12,2,14,7,0.29356,0.307984,11599.54169,0.212121,0.01243
6746,,7,6,8,14,6,8,14,7,0.267925,0.279239,45619.026613,0.136364,0.006258
3826,,41,24,40,64,24,40,64,7,0.294847,0.311901,698964.735634,0.047187,0.012417
1730,,7,16,17,33,16,17,33,8,0.278846,0.292771,34642.112368,0.130952,0.014385
10503,,7,2,1,3,2,1,3,9,0.207607,0.212851,0.272442,0.166667,0.004936
2027,,7,11,5,16,11,5,16,8,0.263987,0.275029,49827.051027,0.1375,0.015659
5198,,16,3,3,6,3,3,6,8,0.247437,0.258095,18913.524232,0.266667,0.005501
1897,,7,11,10,21,11,10,21,8,0.28286,0.297387,81909.494257,0.195906,0.014543
15166,,16,2,1,3,2,1,3,9,0.223927,0.230697,0,0.5,0.005255
8752,,16,27,5,32,27,5,32,8,0.248712,0.258355,145149.57917,0.05665,0.015902
12914,,7,2,5,7,2,5,7,8,0.25834,0.269475,31531.767823,0.214286,0.00806
15144,,14,3,1,4,3,1,4,8,0.254055,0.263551,700.496316,0.666667,0.009974
15028,,1,2,1,3,2,1,3,8,0.254059,0.26356,220.257227,0.666667,0.005163
8277,,7,12,15,27,12,15,27,7,0.299853,0.315435,26460.119722,0.269928,0.008965
14365,,16,4,4,8,4,4,8,8,0.257369,0.268656,81013.633034,0.178571,0.006355
15288,,81,1,6,7,1,6,7,8,0.23856,0.246299,7122.766118,0.285714,0.004701
15157,,81,5,5,10,5,5,10,8,0.2408,0.248085,27262.869897,0.375,0.006868
15126,,81,13,17,30,13,17,30,7,0.294566,0.309468,342055.692407,0.123188,0.008477
15365,,81,7,3,10,7,3,10,8,0.234154,0.24107,20758.110774,0.277778,0.005932
15411,,7,1,0,1,1,0,1,0,0,0,0,0,0.004701
431,,25,9,4,13,9,4,13,8,0.236442,0.244505,26863.765257,0.227273,0.008539
15638,,1,27,14,41,27,14,41,8,0.235281,0.24441,56435.568652,0.145238,0.01926
3657,,1,8,5,13,8,5,13,8,0.22629,0.233807,21981.633504,0.272727,0.008411
14475,,16,20,17,37,20,17,37,8,0.264983,0.276903,289384.199409,0.107863,0.023116
5275,,14,14,7,21,14,7,21,9,0.22641,0.234487,108434.863003,0.058824,0.00973
14347,,7,5,6,11,5,6,11,8,0.246185,0.255689,4053.272425,0.163636,0.006653
9758,,16,13,25,38,13,25,38,8,0.282838,0.297977,233472.693821,0.082386,0.010584
16042,,7,20,30,50,20,30,50,8,0.294193,0.310498,156395.168277,0.179463,0.01384
3665,,7,6,7,13,6,7,13,8,0.263518,0.274505,21987.68963,0.115385,0.006841
5599,,36,32,28,60,32,28,60,8,0.279164,0.293683,335095.928002,0.0773,0.026172
15871,,14,2,1,3,2,1,3,10,0.184614,0.18884,0,0.5,0.005013
8553,,7,10,9,19,10,9,19,7,0.298683,0.313866,21883.800455,0.242857,0.011284
8388,,7,11,24,35,11,24,35,8,0.296197,0.311641,53130.475576,0.096591,0.015085
16617,,7,1,0,1,1,0,1,0,0,0,0,0,0.004701
16461,,7,4,17,21,4,17,21,8,0.259508,0.271033,35404.323926,0.175439,0.006243
16775,,16,5,4,9,5,4,9,7,0.294543,0.309192,3065.056695,0.267857,0.007132
3304,,16,2,2,4,2,2,4,8,0.228175,0.23575,0,0.5,0.005879
16844,,16,3,0,3,3,0,3,0,0,0,0,0.333333,0.005257
4552,,7,24,5,29,24,5,29,8,0.267464,0.279397,48749.809674,0.134236,0.030942
17049,,7,10,1,11,10,1,11,10,0.167063,0.169947,573.069062,0.090909,0.007773
5371,,7,14,10,24,14,10,24,8,0.263326,0.274446,111689.153399,0.083004,0.010173
17224,,7,1,0,1,1,0,1,0,0,0,0,0,0.004701
17099,,7,4,1,5,4,1,5,9,0.235472,0.242933,6.363376,0.35,0.006132
6200,,7,27,33,60,27,33,60,7,0.308294,0.32492,262675.281358,0.136067,0.024478
4044,,7,2,13,15,2,13,15,8,0.276361,0.289516,48610.19762,0.290476,0.00538
17425,,7,1,4,5,1,4,5,8,0.254138,0.263713,983.263403,0.2,0.004701
14065,,7,16,15,31,16,15,31,8,0.280525,0.294051,60312.426394,0.230769,0.017548
3997,,59,1,1,2,1,1,2,1,1,1,17953.074542,0,0.004701
8223,,7,4,8,12,4,8,12,8,0.263323,0.274112,10302.505785,0.166667,0.007971
10649,,7,6,9,15,6,9,15,8,0.265203,0.276574,47260.095071,0.119048,0.009496
6592,,7,15,25,40,15,25,40,8,0.285827,0.300371,356463.244233,0.107357,0.01868
5661,,7,8,0,8,8,0,8,0,0,0,0,0.214286,0.008685
12678,,7,5,41,46,5,41,46,7,0.31203,0.329929,23646.384342,0.225,0.008285
18269,,7,1,1,2,1,1,2,8,0.234961,0.242801,0,1,0.004701
18231,,7,6,2,8,6,2,8,7,0.294349,0.308784,379.10617,0.380952,0.008715
10528,,7,4,3,7,4,3,7,8,0.250662,0.260735,25879.682893,0.233333,0.005432
2633,,7,3,6,9,3,6,9,8,0.264678,0.27574,25981.6428,0.375,0.006396
18835,,67,3,2,5,3,2,5,10,0.178467,0.182124,228794.34086,0.083333,0.005066
2055,,7,5,5,10,5,5,10,8,0.251873,0.261205,80018.642629,0.125,0.005994
14476,,7,11,0,11,11,0,11,0,0,0,0,0.090909,0.008616
14106,,7,1,2,3,1,2,3,8,0.261487,0.272617,0,0.666667,0.004701
19216,,7,3,0,3,3,0,3,0,0,0,0,0.666667,0.005404
6243,,16,26,10,36,26,10,36,8,0.246352,0.255604,161453.726778,0.075397,0.015857
19469,,7,4,1,5,4,1,5,8,0.265447,0.27675,19016.527931,0.35,0.005562
5394,,16,9,11,20,9,11,20,8,0.264637,0.277233,18872.138336,0.268382,0.016407
959,,16,31,104,135,31,104,135,8,0.31591,0.336866,698582.873016,0.045333,0.01724
19631,,67,2,0,2,2,0,2,0,0,0,0,0,0.004869
19633,,67,3,5,8,3,5,8,9,0.214889,0.221016,86998.869106,0.166667,0.005204
1209,,7,8,13,21,8,13,21,8,0.278265,0.2918,13626.622641,0.210526,0.009586
1875,,7,42,54,96,42,54,96,8,0.295361,0.312615,755633.660889,0.081986,0.040307
18595,,7,1,1,2,1,1,2,8,0.237014,0.24403,0,1,0.004701
5453,,67,4,0,4,4,0,4,0,0,0,0,0.083333,0.005413
1757,,7,15,6,21,15,6,21,9,0.232019,0.239765,46773.175597,0.071053,0.012888
17284,,7,5,1,6,5,1,6,8,0.262753,0.273463,0,0.566667,0.009536
14010,,7,7,2,9,7,2,9,9,0.224933,0.231628,135.702303,0.138889,0.007771
13813,,7,7,6,13,7,6,13,8,0.266964,0.279333,3885.62694,0.282051,0.010706
18373,,1,9,7,16,9,7,16,7,0.298035,0.313601,185807.2993,0.083333,0.008187
20484,,7,8,21,29,8,21,29,7,0.30182,0.317714,55848.709583,0.210145,0.008544
11907,,16,2,4,6,2,4,6,8,0.23778,0.246605,1968.141203,0.15,0.005417
20722,,7,1,0,1,1,0,1,0,0,0,0,0,0.004701
1555,,2,5,0,5,5,0,5,0,0,0,0,0.15,0.005683
1205,,2,11,0,11,11,0,11,0,0,0,0,0.063636,0.006714
9615,,7,7,2,9,7,2,9,8,0.262797,0.27355,18873.936028,0.291667,0.007728
8761,,25,3,6,9,3,6,9,9,0.241855,0.251065,101639.066631,0.027778,0.005037
13252,,16,3,6,9,3,6,9,8,0.252515,0.263845,22998.859209,0.180556,0.005564
470,,16,3,8,11,3,8,11,8,0.251651,0.262242,4888.051178,0.081818,0.005401
17320,,7,9,1,10,9,1,10,9,0.212488,0.218582,75403.763193,0.122222,0.007387
21259,,1,2,3,5,2,3,5,7,0.29367,0.308158,13421.497705,0.166667,0.004949
21304,,65,4,0,4,4,0,4,0,0,0,0,0.166667,0.00527
16565,,65,3,7,10,3,7,10,8,0.25242,0.262191,26700.708235,0.155556,0.005217
3890,,16,1,7,8,1,7,8,8,0.277469,0.291579,388.351777,0.607143,0.004701
3249,,2,28,26,54,28,26,54,8,0.26112,0.27295,322665.908998,0.064734,0.01453
6535,,16,13,4,17,13,4,17,8,0.276406,0.288899,48772.341594,0.080882,0.009448
13258,,16,5,5,10,5,5,10,8,0.262445,0.273109,3763.588167,0.452381,0.008107
6292,,7,15,0,15,15,0,15,0,0,0,0,0.128571,0.016508
3981,,7,9,11,20,9,11,20,8,0.274732,0.286781,63002.677568,0.111111,0.009204
19750,,2,1,3,4,1,3,4,9,0.225702,0.233129,742.905478,0.083333,0.004701
2697,,16,14,11,25,14,11,25,8,0.239273,0.247612,131290.168063,0.121053,0.008639
16988,,16,8,2,10,8,2,10,9,0.225186,0.232184,3546.651231,0.464286,0.006992
7530,,7,6,8,14,6,8,14,8,0.272434,0.285499,12533.726683,0.159341,0.007837
3774,,7,3,0,3,3,0,3,0,0,0,0,0.333333,0.005965
615,,16,22,23,45,22,23,45,8,0.274467,0.288319,199569.589409,0.078151,0.016223
22266,,16,2,0,2,2,0,2,0,0,0,0,0,0.004869
1307,,16,36,18,54,36,18,54,8,0.279475,0.294421,432539.112676,0.069082,0.017332
11403,,7,5,8,13,5,8,13,8,0.257968,0.268143,39639.577429,0.280303,0.009518
22212,,7,3,1,4,3,1,4,10,0.192757,0.196858,6586.276273,0.416667,0.007309
7508,,7,1,5,6,1,5,6,9,0.243737,0.252905,1777.370047,0.2,0.004701
2184,,41,8,11,19,8,11,19,8,0.274308,0.286666,132284.461439,0.091667,0.009672
11059,,7,5,5,10,5,5,10,8,0.262398,0.273042,3209.794269,0.194444,0.009136
22783,,69,1,3,4,1,3,4,7,0.293821,0.308265,27669.859546,0.166667,0.004701
19073,,7,7,1,8,7,1,8,8,0.244433,0.254493,1879.710413,0.232143,0.013735
6375,,7,16,15,31,16,15,31,8,0.265683,0.277414,86824.197253,0.092593,0.011034
18093,,16,3,4,7,3,4,7,8,0.257601,0.268214,1441.604585,0.5,0.005638
23240,,7,1,0,1,1,0,1,0,0,0,0,0,0.004701
1123,,7,11,16,27,11,16,27,8,0.273114,0.286122,56356.142966,0.131054,0.007884
14693,,16,8,20,28,8,20,28,8,0.279766,0.294185,124285.842098,0.152308,0.00886
1703,,7,28,15,43,28,15,43,8,0.258606,0.270617,136857.158572,0.084835,0.018138
389,,7,2,3,5,2,3,5,9,0.238951,0.247301,18826,0.15,0.004869
16608,,41,1,2,3,1,2,3,9,0.227678,0.234823,0,0.333333,0.004701
20697,,16,31,24,55,31,24,55,8,0.254822,0.265596,159000.479914,0.121564,0.026234
19618,,16,14,6,20,14,6,20,8,0.250096,0.259655,62100.901189,0.055556,0.011846
9047,,1,2,13,15,2,13,15,8,0.281485,0.295033,32919.139221,0.133333,0.004913
951,,1,11,15,26,11,15,26,8,0.236713,0.245899,39890.569683,0.19697,0.00889
3669,,1,20,12,32,20,12,32,8,0.243579,0.253118,53808.679897,0.137931,0.01292
9302,,16,2,5,7,2,5,7,8,0.256937,0.268156,27792.373967,0.4,0.005885
6496,,16,8,6,14,8,6,14,8,0.241597,0.251006,53844.675507,0.143939,0.00745
1575,,7,14,17,31,14,17,31,8,0.256464,0.267959,120776.034922,0.101852,0.014676
24278,,41,2,3,5,2,3,5,8,0.230341,0.238765,13551.648153,0.1,0.004869
19127,,7,4,3,7,4,3,7,8,0.274036,0.285907,37809.543747,0.266667,0.006416
16847,,7,13,21,34,13,21,34,8,0.284196,0.299153,39136.772506,0.177419,0.012674
4267,,16,11,19,30,11,19,30,7,0.284871,0.29905,174482.080216,0.089744,0.015302
1203,,7,9,10,19,9,10,19,8,0.24998,0.259708,114100.054639,0.071895,0.008816
7635,,53,18,21,39,18,21,39,8,0.268839,0.28161,291456.625571,0.079637,0.009892
22865,,16,3,2,5,3,2,5,8,0.242794,0.252738,0,0.666667,0.008673
20259,,7,9,3,12,9,3,12,8,0.260911,0.271236,713.878454,0.245455,0.008463
16295,,16,9,18,27,9,18,27,8,0.278396,0.292049,109982.042846,0.115,0.007509
5658,,7,11,12,23,11,12,23,8,0.255469,0.266171,14958.432048,0.135714,0.01343
5389,,7,26,62,88,26,62,88,8,0.303229,0.321632,400015.07863,0.105439,0.025473
6065,,7,3,32,35,3,32,35,7,0.303225,0.319833,7310.31611,0.187166,0.005055
13961,,7,6,22,28,6,22,28,8,0.279782,0.29383,1423.564605,0.236772,0.008232
14851,,16,3,7,10,3,7,10,8,0.271875,0.284938,45164.439797,0.233333,0.005172
2625,,7,10,11,21,10,11,21,8,0.262402,0.273884,127945.323488,0.090643,0.013509
17264,,16,74,65,139,74,65,139,8,0.302722,0.321629,934926.462577,0.07724,0.05654
13781,,7,4,0,4,4,0,4,0,0,0,0,0.25,0.011591
172,,7,21,22,43,21,22,43,8,0.278335,0.292665,215262.261463,0.059233,0.010814
687,,67,2,0,2,2,0,2,0,0,0,0,0,0.005049
9336,,16,3,12,15,3,12,15,8,0.275956,0.288725,53881.224595,0.171429,0.005697
22470,,7,5,8,13,5,8,13,8,0.272635,0.285393,95170.292651,0.102564,0.005479
25670,,7,6,15,21,6,15,21,8,0.273391,0.286388,4938.50603,0.266082,0.007362
9807,,7,4,9,13,4,9,13,7,0.295727,0.310949,10933.884924,0.209091,0.007266
25732,,7,2,1,3,2,1,3,9,0.227249,0.234547,0,0.333333,0.005245
6552,,7,8,14,22,8,14,22,8,0.277706,0.290777,80162.988714,0.090909,0.008402
3433,,7,16,10,26,16,10,26,8,0.252915,0.262635,100707.496387,0.14,0.01658
1026,,7,9,14,23,9,14,23,8,0.271233,0.283777,25484.411378,0.094862,0.00754
25104,,67,5,0,5,5,0,5,0,0,0,0,0.25,0.00636
19956,,7,3,5,8,3,5,8,9,0.224874,0.232415,11685.034151,0.267857,0.006405
1548,,7,10,18,28,10,18,28,8,0.275782,0.289829,48792.951058,0.147692,0.009826
21122,,7,1,3,4,1,3,4,7,0.294051,0.308593,2208.897097,0.166667,0.004701
22654,,7,2,2,4,2,2,4,8,0.236033,0.244694,10400.669151,0.25,0.00498
15481,,16,19,10,29,19,10,29,8,0.245953,0.256579,163255.99731,0.061254,0.013684
6019,,1,1,2,3,1,2,3,9,0.2141,0.220025,6105.168399,0,0.004701
1376,,7,10,21,31,10,21,31,8,0.284059,0.299045,102577.85979,0.096866,0.00721
26158,,7,1,0,1,1,0,1,0,0,0,0,0,0.004701
23284,,7,15,5,20,15,5,20,7,0.293693,0.308208,157013.310584,0.129167,0.009553
6206,,7,4,3,7,4,3,7,8,0.244789,0.25407,26066.678293,0.166667,0.005792
10166,,7,5,1,6,5,1,6,9,0.21809,0.224439,57293.11405,0,0.006419
21701,,1,3,0,3,3,0,3,0,0,0,0,0.666667,0.007072
15735,,7,5,7,12,5,7,12,8,0.265518,0.276422,5748.115886,0.254545,0.007549
4449,,7,8,17,25,8,17,25,7,0.306253,0.323118,35818.866209,0.243083,0.009136
26382,,7,1,1,2,1,1,2,9,0.224764,0.231974,0,0.5,0.004701
26348,,16,2,0,2,2,0,2,0,0,0,0,1,0.006285
26452,,7,1,0,1,1,0,1,0,0,0,0,0,0.004701
26459,,12,4,0,4,4,0,4,0,0,0,0,0.083333,0.005224
16179,,7,12,28,40,12,28,40,7,0.293583,0.308903,15197.990905,0.210526,0.014264
10878,,12,32,13,45,32,13,45,8,0.273566,0.286343,286387.466645,0.073643,0.021152
23825,,16,3,1,4,3,1,4,9,0.223927,0.230697,261.681328,0.333333,0.009787
26532,,7,7,3,10,7,3,10,8,0.250193,0.26015,71392.645191,0.25,0.008753
24525,,7,8,4,12,8,4,12,8,0.270031,0.281991,41077.330529,0.118182,0.007015
26773,,7,4,8,12,4,8,12,8,0.26864,0.280735,824.88467,0.309091,0.006877
26955,,7,1,0,1,1,0,1,0,0,0,0,0,0.004701
16325,,7,14,23,37,14,23,37,7,0.305508,0.322217,204031.517405,0.123886,0.011662
2342,,7,5,4,9,5,4,9,8,0.26498,0.276255,253.671254,0.347222,0.006315
24802,,7,1,2,3,1,2,3,8,0.271061,0.283036,0,0.833333,0.004701
1660,,7,24,36,60,24,36,60,7,0.309302,0.327162,525016.428735,0.042208,0.014195
2167,,16,29,23,52,29,23,52,8,0.262804,0.275713,329494.230028,0.06866,0.023368
8351,,16,9,7,16,9,7,16,8,0.266827,0.278126,42422.598768,0.21978,0.010716
27283,,69,3,0,3,3,0,3,0,0,0,0,0.5,0.005132
27315,,7,1,0,1,1,0,1,0,0,0,0,0,0.004701
6092,,36,8,6,14,8,6,14,8,0.274784,0.288012,12818.870672,0.236364,0.009471
8449,,7,4,3,7,4,3,7,9,0.234484,0.242354,879.135544,0.095238,0.006411
2086,,41,37,37,74,37,37,74,8,0.293583,0.309603,454419.186442,0.063748,0.024531
21363,,7,5,1,6,5,1,6,9,0.232871,0.240708,85.60929,0.3,0.007578
27693,,7,1,0,1,1,0,1,0,0,0,0,0,0.004701
27752,,7,1,0,1,1,0,1,0,0,0,0,0,0.004701
16402,,7,1,1,2,1,1,2,9,0.207607,0.212851,0,0.5,0.004701
9939,,7,9,14,23,9,14,23,8,0.280977,0.295737,74932.317219,0.197619,0.007555
5018,,7,23,35,58,23,35,58,8,0.295185,0.311026,128421.028768,0.143771,0.011891
11501,,7,8,4,12,8,4,12,8,0.251456,0.260459,39793.59784,0.143939,0.009129
11647,,7,5,2,7,5,2,7,9,0.219443,0.226012,271.548283,0.119048,0.007959
12704,,7,7,5,12,7,5,12,8,0.257319,0.268073,49531.653323,0.19697,0.014817
7636,,7,4,7,11,4,7,11,8,0.260947,0.272348,6569.71772,0.233333,0.009138
28160,,7,1,0,1,1,0,1,0,0,0,0,0,0.004701
7194,,7,6,12,18,6,12,18,8,0.270244,0.282547,51598.050788,0.036765,0.006888
24172,,7,8,2,10,8,2,10,8,0.252146,0.261641,19079.165855,0.166667,0.006689
12012,,7,7,1,8,7,1,8,9,0.219195,0.22523,18847.980317,0.160714,0.009329
28605,,7,1,0,1,1,0,1,0,0,0,0,0,0.004701
2902,,7,3,4,7,3,4,7,9,0.212836,0.21843,26032.149262,0.142857,0.005784
28683,,7,1,0,1,1,0,1,0,0,0,0,0,0.004701
24423,,7,20,21,41,20,21,41,8,0.281338,0.295699,51300.876178,0.22437,0.014803
26654,,7,5,3,8,5,3,8,8,0.244462,0.253362,88.511605,0.366667,0.008895
28797,,7,10,36,46,10,36,46,7,0.292338,0.308814,65890.087778,0.170732,0.013013
17465,,16,5,10,15,5,10,15,8,0.25872,0.270499,91117.01335,0.166667,0.005492
11290,,7,9,15,24,9,15,24,8,0.268943,0.281433,215544.467377,0.130435,0.009724
6904,,67,8,0,8,8,0,8,0,0,0,0,0.071429,0.008472
13149,,7,4,1,5,4,1,5,9,0.209385,0.215066,2963.469442,0.05,0.007935
29128,,7,6,1,7,6,1,7,1,1,1,25977,0.119048,0.006561
8604,,7,2,2,4,2,2,4,9,0.227923,0.235169,472.957426,0.333333,0.004929
8094,,7,4,4,8,4,4,8,9,0.228938,0.236398,1653.864543,0.466667,0.005975
7465,,1,9,5,14,9,5,14,8,0.264574,0.276557,58159.415961,0.108974,0.006508
6594,,16,6,2,8,6,2,8,9,0.216321,0.222409,38597.753814,0.02381,0.006016
27475,,7,9,5,14,9,5,14,9,0.238428,0.246971,77514.629059,0.159091,0.015305
3121,,7,10,5,15,10,5,15,9,0.230796,0.239349,6649.783186,0.173077,0.010901
29334,,7,3,0,3,3,0,3,0,0,0,0,0.5,0.006037
29605,,7,1,0,1,1,0,1,0,0,0,0,0,0.004701
6981,,69,13,9,22,13,9,22,8,0.252529,0.26288,38320.488865,0.07619,0.008748
17238,,7,9,0,9,9,0,9,0,0,0,0,0.263889,0.009152
2730,,41,41,43,84,41,43,84,8,0.292284,0.308594,809157.69279,0.041408,0.021809
6582,,36,8,4,12,8,4,12,8,0.251637,0.262089,84678.360704,0.054545,0.007119
16531,,7,12,14,26,12,14,26,8,0.257912,0.269277,148100.458901,0.13834,0.011658
3233,,81,17,9,26,17,9,26,8,0.245684,0.255142,81195.388963,0.12619,0.008377
2813,,67,8,5,13,8,5,13,8,0.24652,0.256231,20976.798857,0.190909,0.006847
2588,,7,10,11,21,10,11,21,8,0.254584,0.265192,40374.998645,0.127451,0.010718
15700,,7,4,9,13,4,9,13,8,0.279231,0.293176,57601.009645,0.318182,0.005302
5402,,36,3,0,3,3,0,3,0,0,0,0,0.166667,0.00561
30534,,7,1,0,1,1,0,1,0,0,0,0,0,0.004701
7772,,7,7,11,18,7,11,18,8,0.256607,0.267501,19985.859025,0.117647,0.008326
28977,,16,8,12,20,8,12,20,8,0.243806,0.252683,113439.649852,0.125,0.006847
17668,,16,1,1,2,1,1,2,8,0.236737,0.244308,0,1,0.004701
3748,,1,7,8,15,7,8,15,9,0.235014,0.242744,110001.88441,0.068182,0.010456
8773,,7,27,27,54,27,27,54,8,0.272186,0.286107,405123.898674,0.070588,0.01381
8900,,1,1,6,7,1,6,7,8,0.23421,0.243116,26134.402164,0.357143,0.004701
24132,,7,26,34,60,26,34,60,7,0.306174,0.323138,124583.679495,0.140271,0.016617
28187,,7,9,8,17,9,8,17,8,0.267282,0.279019,86545.766386,0.22381,0.008818
20937,,7,2,5,7,2,5,7,8,0.281843,0.294852,35.956709,0.642857,0.005382
24871,,16,17,19,36,17,19,36,8,0.243841,0.254192,246001.703753,0.067734,0.014298
15648,,16,3,6,9,3,6,9,9,0.219861,0.226714,180476.850796,0.071429,0.006301
15712,,7,2,0,2,2,0,2,0,0,0,0,0,0.00497
3732,,7,3,1,4,3,1,4,10,0.174695,0.178001,1673.86705,0.5,0.00685
794,,7,9,7,16,9,7,16,8,0.264693,0.275903,11976.163333,0.186813,0.009563
12920,,7,2,3,5,2,3,5,8,0.279903,0.293472,0,0.75,0.005724
31461,,7,1,0,1,1,0,1,0,0,0,0,0,0.004701
20414,,1,3,6,9,3,6,9,8,0.269806,0.281794,36251.160896,0.107143,0.006296
17762,,7,5,1,6,5,1,6,8,0.262753,0.273463,12782.559776,0.3,0.006795
31523,,65,5,1,6,5,1,6,10,0.193268,0.197384,51942.5,0.25,0.005398
31038,,7,21,13,34,21,13,34,8,0.289484,0.304358,92220.509152,0.193548,0.019882
30101,,16,26,0,26,26,0,26,0,0,0,0,0.035385,0.012591
28271,,7,8,4,12,8,4,12,9,0.229016,0.237214,26880.462766,0.227273,0.013731
4925,,7,5,5,10,5,5,10,8,0.264518,0.275593,1162.498406,0.244444,0.007618
23512,,7,25,0,25,25,0,25,0,0,0,0,0.101667,0.024273
31890,,7,1,0,1,1,0,1,0,0,0,0,0,0.004701
22749,,7,3,0,3,3,0,3,0,0,0,0,0.833333,0.011047
634,,16,16,14,30,16,14,30,8,0.271911,0.284878,274441.990339,0.075385,0.015576
24913,,7,6,9,15,6,9,15,8,0.278014,0.291342,17904.322794,0.271429,0.006425
4483,,7,15,21,36,15,21,36,7,0.306149,0.322732,403468.242154,0.065591,0.014235
25030,,36,2,0,2,2,0,2,0,0,0,0,0.5,0.004938
25029,,36,3,1,4,3,1,4,1,1,1,90.443695,0.083333,0.005648
3638,,7,20,17,37,20,17,37,8,0.293826,0.309472,235724.077493,0.107843,0.014781
7464,,1,2,1,3,2,1,3,9,0.209222,0.214924,0,0.5,0.004964
14582,,7,2,0,2,2,0,2,0,0,0,0,0.5,0.004946
16989,,7,5,6,11,5,6,11,8,0.267483,0.27927,45385.092187,0.311111,0.007432
773,,7,4,8,12,4,8,12,8,0.266714,0.278398,34137.669095,0.181818,0.005326
5968,,16,15,8,23,15,8,23,8,0.245376,0.255061,91895.884858,0.094771,0.008896
3737,,67,5,0,5,5,0,5,0,0,0,0,0.15,0.005869
32880,,7,1,0,1,1,0,1,0,0,0,0,0,0.004701
22175,,67,6,0,6,6,0,6,0,0,0,0,0.066667,0.005849
1384,,7,2,4,6,2,4,6,8,0.243139,0.250802,4581.552155,0.433333,0.00538
8439,,41,29,38,67,29,38,67,7,0.299106,0.315098,943413.454629,0.021751,0.012436
7201,,67,8,2,10,8,2,10,1,1,1,39982.155035,0.055556,0.012117
32961,,7,2,2,4,2,2,4,9,0.220473,0.226999,25973,0.166667,0.00504
15747,,7,37,28,65,37,28,65,7,0.290001,0.305523,299884.248499,0.145082,0.042202
5295,,7,4,9,13,4,9,13,8,0.268851,0.281041,133264.635207,0.121795,0.006721
28163,,16,10,4,14,10,4,14,8,0.267929,0.280016,21018.700483,0.237179,0.008664
14520,,32,11,12,23,11,12,23,8,0.271581,0.284241,103309.208944,0.126316,0.007407
33269,,32,4,0,4,4,0,4,0,0,0,0,0.166667,0.005341
24970,,32,11,14,25,11,14,25,8,0.264477,0.27626,239407.674641,0.097619,0.007478
33348,,7,1,0,1,1,0,1,0,0,0,0,0,0.004701
33349,,7,1,0,1,1,0,1,0,0,0,0,0,0.004701
33350,,7,3,0,3,3,0,3,0,0,0,0,0.666667,0.00594
30880,,16,1,3,4,1,3,4,8,0.246352,0.255124,4617.246871,0.25,0.004701
28227,,7,3,1,4,3,1,4,9,0.228017,0.23546,0,0.5,0.005593
11935,,7,2,5,7,2,5,7,8,0.250429,0.259395,96748,0.214286,0.004869
33483,,7,2,0,2,2,0,2,0,0,0,0,1,0.010689
32321,,7,5,10,15,5,10,15,8,0.264536,0.276503,1379.925648,0.32967,0.007954
31899,,7,6,4,10,6,4,10,8,0.2807,0.293793,33238.659116,0.388889,0.007973
31827,,7,9,20,29,9,20,29,8,0.268005,0.280342,46537.930735,0.170635,0.014563
14827,,7,8,17,25,8,17,25,8,0.278076,0.29134,64854.657668,0.126812,0.00849
32327,,7,1,1,2,1,1,2,8,0.270885,0.283337,0,1,0.004701
33304,,7,6,2,8,6,2,8,8,0.257714,0.26798,45091.029337,0.303571,0.00847
33637,,7,1,1,2,1,1,2,9,0.209985,0.215393,0,0.5,0.004701
32638,,7,2,3,5,2,3,5,9,0.221958,0.228985,78050.418596,0.15,0.005724
33785,,7,2,2,4,2,2,4,7,0.29356,0.307988,0,1,0.005724
2178,,7,5,7,12,5,7,12,8,0.267335,0.27951,23875.143652,0.159091,0.006249
33642,,7,2,0,2,2,0,2,0,0,0,0,0,0.005081
27530,,7,3,3,6,3,3,6,9,0.220991,0.227776,58702.513008,0.3,0.006224
29082,,16,2,6,8,2,6,8,8,0.271495,0.284405,4259.259474,0.482143,0.005841
4898,,41,5,3,8,5,3,8,9,0.222487,0.228957,67658.210639,0.066667,0.005473
31443,,7,2,1,3,2,1,3,9,0.228843,0.235795,0,0.5,0.005382
10269,,41,3,5,8,3,5,8,8,0.267906,0.280181,25990.238659,0.380952,0.005385
828,,36,18,14,32,18,14,32,8,0.268421,0.281205,349701.743594,0.085,0.008507
23982,,16,2,3,5,2,3,5,8,0.24613,0.255135,27016.965853,0.333333,0.004932
21123,,7,3,2,5,3,2,5,8,0.226239,0.233166,253.496172,0.15,0.005159
19632,,7,5,7,12,5,7,12,8,0.260528,0.271609,39713.958884,0.2,0.006819
5058,,7,7,10,17,7,10,17,8,0.253826,0.263716,41988.20623,0.166667,0.008768
9350,,67,8,5,13,8,5,13,9,0.213333,0.219549,55706.207661,0.136364,0.007834
34442,,36,2,1,3,2,1,3,8,0.223743,0.230843,0,0.5,0.0065
31364,,2,3,3,6,3,3,6,8,0.229417,0.236244,569.613374,0.25,0.005618
34545,,7,1,1,2,1,1,2,8,0.248788,0.258412,0,1,0.004701
2900,,7,2,0,2,2,0,2,0,0,0,0,0.5,0.006392
34617,,7,1,0,1,1,0,1,0,0,0,0,0,0.004701
7138,,7,6,9,15,6,9,15,8,0.25105,0.260524,119751.106186,0.093407,0.005623
15428,,7,6,4,10,6,4,10,8,0.23614,0.244629,1393.735293,0.196429,0.007307
23120,,7,6,13,19,6,13,19,8,0.278289,0.291856,144324.073014,0.158088,0.005989
10160,,36,10,8,18,10,8,18,8,0.262749,0.274417,154940.582838,0.025735,0.006541
5252,,67,4,4,8,4,4,8,8,0.247857,0.256973,43314.016557,0.190476,0.006109
20842,,7,3,7,10,3,7,10,8,0.273332,0.285898,71.011458,0.444444,0.006224
21875,,7,3,0,3,3,0,3,0,0,0,0,0.166667,0.005418
13247,,7,12,1,13,12,1,13,9,0.2097,0.215028,18946.845931,0.083333,0.00881
34779,,16,2,0,2,2,0,2,0,0,0,0,0,0.005221
27761,,16,6,6,12,6,6,12,8,0.248942,0.259491,1611.089012,0.25,0.00728
34982,,16,5,12,17,5,12,17,8,0.244748,0.254357,78480.09261,0.029167,0.005413
25161,,7,9,12,21,9,12,21,8,0.260056,0.271117,37655.393068,0.176316,0.007816
35107,,16,5,4,9,5,4,9,8,0.244859,0.253148,26948.080247,0.125,0.006452
18564,,36,34,13,47,34,13,47,8,0.253252,0.2635,112249.555079,0.165433,0.018286
4567,,36,4,6,10,4,6,10,9,0.226527,0.233624,23215.367448,0.244444,0.00563
1394,,7,7,9,16,7,9,16,8,0.2888,0.303361,69212.09189,0.2125,0.009243
34644,,7,2,4,6,2,4,6,8,0.248308,0.257833,8.651223,0.266667,0.004869
3968,,67,5,11,16,5,11,16,8,0.263932,0.276527,103882.38398,0.147619,0.005956
4839,,7,10,12,22,10,12,22,8,0.25281,0.26316,120550.150764,0.130719,0.00995
35306,,7,3,0,3,3,0,3,0,0,0,0,1,0.006834
35307,,7,3,0,3,3,0,3,0,0,0,0,1,0.006834
35328,,7,1,0,1,1,0,1,0,0,0,0,0,0.004701
15727,,16,6,4,10,6,4,10,8,0.234073,0.241136,48492.52696,0.055556,0.008111
34439,,7,2,2,4,2,2,4,9,0.216068,0.222294,6804.060047,0.166667,0.00506
35178,,1,1,3,4,1,3,4,9,0.223837,0.231419,179.462163,0.666667,0.004701
3742,,1,12,18,30,12,18,30,8,0.242098,0.251756,55411.539258,0.135385,0.010052
33872,,7,3,3,6,3,3,6,8,0.252593,0.262779,784.460996,0.266667,0.005335
34618,,2,3,0,3,3,0,3,0,0,0,0,0.166667,0.005105
1093,,14,22,24,46,22,24,46,8,0.281031,0.295814,345726.084055,0.080288,0.016551
29126,,7,2,1,3,2,1,3,9,0.200064,0.204366,0,0.666667,0.010689
5932,,7,7,7,14,7,7,14,8,0.234621,0.242898,105204.85424,0.115385,0.014366
7748,,7,2,0,2,2,0,2,0,0,0,0,0,0.004923
5472,,7,15,12,27,15,12,27,8,0.282894,0.296675,56591.830916,0.143116,0.01804
31954,,7,5,1,6,5,1,6,8,0.261472,0.272564,41.69357,0.566667,0.009791
357,,14,1,0,1,1,0,1,0,0,0,0,0,0.003494
1021,,14,2,4,6,2,4,6,8,0.247476,0.256929,469.97024,0.35,0.004213
953,,14,15,28,43,15,28,43,8,0.263899,0.277204,208397.138508,0.090327,0.012262
2144,,14,2,0,2,2,0,2,0,0,0,0,1,0.004225
3299,,7,7,6,13,7,6,13,8,0.274284,0.287179,39614.510898,0.128205,0.006409
1569,,16,3,3,6,3,3,6,8,0.251523,0.261723,663.889064,0.25,0.004304
4323,,14,1,0,1,1,0,1,0,0,0,0,0,0.003494
4751,,7,2,2,4,2,2,4,9,0.204107,0.209197,788.874521,0,0.003837
2237,,7,15,17,32,15,17,32,8,0.286057,0.300079,151942.783458,0.070106,0.008179
5067,,2,6,10,16,6,10,16,8,0.247512,0.256828,85217.314025,0.038095,0.007059
5171,,14,1,0,1,1,0,1,0,0,0,0,0,0.003494
5184,,16,6,0,6,6,0,6,0,0,0,0,0.066667,0.004851
5712,,14,1,0,1,1,0,1,0,0,0,0,0,0.003494
7044,,14,1,0,1,1,0,1,0,0,0,0,0,0.003494
7576,,14,1,0,1,1,0,1,0,0,0,0,0,0.003494
7733,,7,2,3,5,2,3,5,8,0.240766,0.248891,933.011494,0.05,0.003931
8322,,14,2,1,3,2,1,3,9,0.207887,0.213396,1145.019577,0.333333,0.003714
8560,,14,1,0,1,1,0,1,0,0,0,0,0,0.003494
8600,,14,2,2,4,2,2,4,8,0.247926,0.257571,0,1,0.004209
3038,,14,2,3,5,2,3,5,8,0.25347,0.263406,393.715826,0.333333,0.00369
3756,,14,2,2,4,2,2,4,8,0.247564,0.257027,0,1,0.004225
9720,,14,2,0,2,2,0,2,0,0,0,0,0.5,0.004133
9861,,14,6,2,8,6,2,8,1,1,1,27685.91424,0.166667,0.005105
2163,,7,5,12,17,5,12,17,8,0.273757,0.286502,56534.866231,0.1625,0.006595
694,,7,4,6,10,4,6,10,8,0.250916,0.260887,15107.544002,0.125,0.006119
10477,,14,6,3,9,6,3,9,8,0.249374,0.259238,5.882712,0.595238,0.005476
5175,,14,1,1,2,1,1,2,8,0.256147,0.266926,0,1,0.003494
5108,,7,10,26,36,10,26,36,8,0.289275,0.304765,173099.56825,0.107955,0.007225
1812,,32,4,4,8,4,4,8,8,0.249784,0.260752,37306.272665,0.2,0.004267
4647,,14,2,1,3,2,1,3,8,0.247388,0.256723,147.737027,0,0.004187
11523,,14,1,0,1,1,0,1,0,0,0,0,0,0.003494
1029,,1,10,11,21,10,11,21,8,0.260871,0.272989,97829.830434,0.05,0.00595
11442,,1,3,7,10,3,7,10,8,0.254808,0.265738,10773.412001,0.069444,0.0043
1011,,14,6,9,15,6,9,15,8,0.253569,0.264243,7222.871902,0.179487,0.005258
12275,,14,2,0,2,2,0,2,0,0,0,0,0.5,0.003668
13193,,12,3,2,5,3,2,5,8,0.255729,0.266673,1571.474646,0.083333,0.003936
5940,,14,11,8,19,11,8,19,8,0.242531,0.252204,140940.613863,0.040441,0.006662
13772,,14,1,0,1,1,0,1,0,0,0,0,0,0.003494
14794,,14,1,0,1,1,0,1,0,0,0,0,0,0.003494
15129,,7,2,2,4,2,2,4,8,0.226301,0.233496,1280.215426,0.416667,0.005013
7023,,14,1,1,2,1,1,2,8,0.247388,0.256723,0,0,0.003494
16597,,14,4,0,4,4,0,4,0,0,0,0,0.583333,0.005066
17206,,14,2,1,3,2,1,3,8,0.247388,0.256723,0,1,0.003863
14092,,16,3,0,3,3,0,3,0,0,0,0,0.166667,0.007684
17862,,14,3,0,3,3,0,3,0,0,0,0,0.333333,0.004097
18833,,14,2,0,2,2,0,2,0,0,0,0,1,0.004127
18943,,14,1,0,1,1,0,1,0,0,0,0,0,0.003494
19573,,14,1,0,1,1,0,1,0,0,0,0,0,0.003494
16701,,16,8,7,15,8,7,15,8,0.227987,0.235983,88419.948994,0.082418,0.00625
22265,,14,1,0,1,1,0,1,0,0,0,0,0,0.003494
22704,,14,1,0,1,1,0,1,0,0,0,0,0,0.003494
20902,,14,1,1,2,1,1,2,8,0.247388,0.256723,0,0,0.003494
4646,,14,1,1,2,1,1,2,8,0.247388,0.256723,0,0,0.003494
19554,,14,3,4,7,3,4,7,8,0.24916,0.258956,52365.928724,0.2,0.004537
32795,,14,1,0,1,1,0,1,0,0,0,0,0,0.003494
13548,,12,3,2,5,3,2,5,10,0.164897,0.168056,5430.293452,0,0.003911
19901,,14,4,3,7,4,3,7,8,0.268406,0.279859,1055.457584,0.166667,0.004476
32314,,14,1,1,2,1,1,2,8,0.247388,0.256723,0,0,0.003494
1705,,14,4,1,5,4,1,5,8,0.247388,0.256723,0,0.583333,0.004696
124,,16,7,7,14,7,7,14,8,0.262838,0.275161,46268.740813,0.24359,0.002639
4041,,16,2,0,2,2,0,2,0,0,0,0,0,0.000791
22387,,16,1,1,2,1,1,2,9,0.189972,0.194396,8.496425,0,0.000215
125,,41,0,1,1,0,1,1,8,0.232025,0.239654,0,0,0
1931,,41,1,1,2,1,1,2,8,0.232019,0.23964,0,0,0.000798
2538,,41,1,0,1,1,0,1,0,0,0,0,0,0.000798
3073,,7,4,14,18,4,14,18,8,0.279891,0.294281,61494.979252,0.2,0.001708
4251,,41,13,6,19,13,6,19,8,0.265323,0.27658,102715.944957,0.036765,0.005582
4252,,41,1,0,1,1,0,1,0,0,0,0,0,0.000798
4581,,41,1,0,1,1,0,1,0,0,0,0,0,0.000798
1229,,41,3,6,9,3,6,9,8,0.232044,0.239808,83692.830626,0.047619,0.001175
3267,,41,4,3,7,4,3,7,8,0.232036,0.239729,6665.830151,0.2,0.002706
6051,,41,4,1,5,4,1,5,8,0.232019,0.23964,18826,0.333333,0.001378
6174,,41,2,1,3,2,1,3,8,0.232019,0.23964,0,0.5,0.000996
12984,,41,1,1,2,1,1,2,8,0.232019,0.23964,0,0,0.000798
15357,,41,1,0,1,1,0,1,0,0,0,0,0,0.000798
15358,,41,1,0,1,1,0,1,0,0,0,0,0,0.000798
2221,,41,3,21,24,3,21,24,8,0.256772,0.267541,293942.514085,0.032468,0.0014
16426,,41,2,0,2,2,0,2,0,0,0,0,1,0.001224
20289,,41,1,1,2,1,1,2,8,0.232019,0.23964,0,0,0.000798
22450,,41,1,1,2,1,1,2,8,0.232019,0.23964,0,0,0.000798
22469,,41,1,0,1,1,0,1,0,0,0,0,0,0.000798
25993,,41,1,0,1,1,0,1,0,0,0,0,0,0.000798
11950,,16,7,4,11,7,4,11,8,0.265476,0.276937,21698.089179,0.1,0.002374
17706,,41,1,1,2,1,1,2,8,0.232019,0.23964,0,0,0.000798
30535,,41,2,0,2,2,0,2,0,0,0,0,1,0.001224
8732,,41,4,5,9,4,5,9,8,0.266835,0.278697,474.970565,0.357143,0.002172
7252,,41,1,1,2,1,1,2,1,1,1,25976,0,0.000798
6259,,41,18,21,39,18,21,39,8,0.287705,0.303537,320563.34876,0.095644,0.006668
35698,,41,1,0,1,1,0,1,0,0,0,0,0,0.000798
128,,81,6,5,11,6,5,11,8,0.264366,0.275526,94530.03131,0.166667,0.001636
1169,,81,1,3,4,1,3,4,8,0.23707,0.244876,0,1,0.00073
1633,,81,11,8,19,11,8,19,8,0.237097,0.24504,126259.803358,0.12381,0.002632
2656,,81,3,1,4,3,1,4,9,0.22478,0.232388,0,1,0.001262
6159,,81,5,4,9,5,4,9,8,0.264373,0.275521,3935.98177,0.309524,0.001818
6678,,81,1,0,1,1,0,1,0,0,0,0,0,0.00073
6779,,81,1,0,1,1,0,1,0,0,0,0,0,0.00073
7183,,81,1,1,2,1,1,2,9,0.22478,0.232388,0,0,0.00073
7745,,81,1,1,2,1,1,2,9,0.22478,0.232388,0,0,0.00073
4960,,81,3,4,7,3,4,7,9,0.224788,0.232468,1,0.75,0.001142
8156,,81,3,3,6,3,3,6,9,0.226511,0.234535,126.833781,0.6,0.001137
6096,,81,2,3,5,2,3,5,9,0.224799,0.232481,2945.95593,0.333333,0.001251
8631,,81,3,2,5,3,2,5,9,0.224783,0.232414,1701.515508,0.333333,0.00166
4026,,81,4,3,7,4,3,7,8,0.237064,0.244863,2698.767344,0.233333,0.001669
9021,,81,3,5,8,3,5,8,8,0.237085,0.244951,1.956349,0.666667,0.001222
9095,,81,2,15,17,2,15,17,8,0.275528,0.288794,10642.083585,0.104167,0.000919
9477,,81,1,0,1,1,0,1,0,0,0,0,0,0.00073
9498,,81,1,0,1,1,0,1,0,0,0,0,0,0.00073
8333,,81,1,1,2,1,1,2,9,0.22478,0.232388,0,0,0.00073
11253,,81,1,2,3,1,2,3,9,0.224783,0.232414,0,1,0.00073
11811,,81,3,0,3,3,0,3,0,0,0,0,0.666667,0.001108
12247,,81,2,1,3,2,1,3,10,0.183532,0.187583,25974,0.5,0.000903
9868,,81,3,5,8,3,5,8,8,0.238503,0.24651,541.349927,0.4,0.001119
8252,,81,4,8,12,4,8,12,9,0.234855,0.243439,27140.449099,0.208333,0.001289
12522,,81,1,0,1,1,0,1,0,0,0,0,0,0.00073
12556,,81,1,0,1,1,0,1,0,0,0,0,0,0.00073
12709,,81,4,3,7,4,3,7,8,0.23707,0.244876,0,0.916667,0.001531
13101,,81,1,1,2,1,1,2,9,0.22478,0.232388,0,0,0.00073
12199,,81,4,5,9,4,5,9,8,0.237067,0.244907,9342.669684,0.309524,0.003619
14062,,81,4,3,7,4,3,7,8,0.237061,0.244854,428.689039,0.65,0.001326
16458,,81,1,0,1,1,0,1,0,0,0,0,0,0.00073
17725,,81,1,0,1,1,0,1,0,0,0,0,0,0.00073
18843,,81,5,1,6,5,1,6,9,0.21125,0.216722,19777.962722,0,0.003369
14159,,81,3,1,4,3,1,4,9,0.191658,0.195731,0,1,0.001262
21775,,81,2,3,5,2,3,5,9,0.224912,0.23262,0,0.833333,0.000924
22881,,81,2,4,6,2,4,6,8,0.23719,0.245048,11.950756,0.75,0.001037
25299,,81,1,0,1,1,0,1,0,0,0,0,0,0.00073
3491,,81,1,1,2,1,1,2,9,0.209092,0.21442,0,0,0.000203
13564,,81,1,2,3,1,2,3,9,0.224788,0.232432,0,1,0.000203
129,,16,1,6,7,1,6,7,8,0.278557,0.291968,6797.152747,0.333333,0.000592
4681,,2,3,0,3,3,0,3,0,0,0,0,0.666667,0.000978
2911,,2,2,5,7,2,5,7,9,0.219479,0.225851,5106.514637,0.15,0.000795
8208,,16,2,1,3,2,1,3,9,0.219287,0.225519,0,1,0.000774
9721,,41,15,15,30,15,15,30,9,0.248508,0.259315,132394.508805,0.052308,0.007335
19523,,16,1,0,1,1,0,1,0,0,0,0,0,0.000592
23335,,16,1,1,2,1,1,2,9,0.219287,0.225519,0,0,0.000592
23815,,16,1,1,2,1,1,2,9,0.219287,0.225519,0,0,0.000592
14789,,16,1,1,2,1,1,2,9,0.219287,0.225519,0,0,0.000592
21411,,16,2,0,2,2,0,2,0,0,0,0,0.5,0.00076
23470,,16,2,2,4,2,2,4,9,0.219289,0.225545,18826,0.333333,0.00076
29235,,16,2,0,2,2,0,2,0,0,0,0,0,0.001918
29431,,41,2,3,5,2,3,5,8,0.231519,0.239386,3440.624108,0.166667,0.000778
32760,,16,1,1,2,1,1,2,9,0.219287,0.225519,0,0,0.000592
33152,,16,1,0,1,1,0,1,0,0,0,0,0,0.000592
33190,,16,2,1,3,2,1,3,9,0.219287,0.225519,18826,0,0.00076
2970,,41,14,15,29,14,15,29,8,0.278314,0.291385,291391.29952,0.08658,0.008414
34926,,16,10,13,23,10,13,23,8,0.258368,0.26933,72448.889939,0.038095,0.00436
131,,65,0,1,1,0,1,1,8,0.234438,0.242011,0,0,0
132,,7,2,4,6,2,4,6,8,0.275218,0.2881,13397.526596,0.2,0.000401
9701,,16,12,6,18,12,6,18,9,0.231371,0.239896,97268.145156,0.021978,0.004909
1281,,7,23,23,46,23,23,46,7,0.288159,0.303558,390587.379471,0.08141,0.013323
542,,7,5,0,5,5,0,5,0,0,0,0,0.1,0.003368
3436,,16,6,8,14,6,8,14,8,0.261719,0.27325,35224.273519,0.128205,0.003759
5771,,1,28,16,44,28,16,44,8,0.263621,0.27556,25525.717081,0.320076,0.011233
1719,,7,18,16,34,18,16,34,8,0.285346,0.300687,64708.259163,0.167339,0.014822
31409,,7,1,1,2,1,1,2,9,0.231862,0.240182,0,0,0.000459
31421,,7,1,1,2,1,1,2,9,0.231862,0.240182,0,0,0.000459
398,,7,3,5,8,3,5,8,8,0.264533,0.276388,2439.705417,0.178571,0.001528
5324,,7,2,4,6,2,4,6,9,0.243086,0.252,893.969247,0.166667,0.001384
8336,,7,1,0,1,1,0,1,0,0,0,0,0,0.000681
9343,,7,1,0,1,1,0,1,0,0,0,0,0,0.000681
11399,,7,3,8,11,3,8,11,8,0.266276,0.277725,19876.725407,0.172727,0.001116
2716,,7,4,5,9,4,5,9,8,0.252451,0.262107,698.948076,0.166667,0.003063
2934,,16,12,4,16,12,4,16,8,0.276442,0.288997,62465.965905,0.12381,0.006446
6042,,7,7,0,7,7,0,7,0,0,0,0,0.190476,0.010399
5356,,7,11,8,19,11,8,19,8,0.272327,0.285296,55726.619091,0.120915,0.003834
14260,,7,1,0,1,1,0,1,0,0,0,0,0,0.000681
14407,,7,1,0,1,1,0,1,0,0,0,0,0,0.000681
6733,,7,4,1,5,4,1,5,8,0.248322,0.25719,368.345245,0.15,0.001613
11527,,7,1,3,4,1,3,4,8,0.266427,0.277828,51.389242,0.416667,0.000681
3246,,41,14,14,28,14,14,28,8,0.272387,0.284944,187282.915455,0.061265,0.004061
15412,,7,1,0,1,1,0,1,0,0,0,0,0,0.000681
15675,,7,4,0,4,4,0,4,0,0,0,0,0.083333,0.001669
5090,,16,21,19,40,21,19,40,7,0.301979,0.318282,270004.708699,0.070588,0.006656
15314,,16,31,17,48,31,17,48,8,0.262607,0.275541,174408.259779,0.115385,0.02728
17369,,7,1,0,1,1,0,1,0,0,0,0,0,0.000681
17741,,65,10,11,21,10,11,21,8,0.244716,0.25522,433807.567333,0.133333,0.009629
18114,,7,1,0,1,1,0,1,0,0,0,0,0,0.000681
12613,,7,3,1,4,3,1,4,8,0.261476,0.272569,12.491764,0.166667,0.001448
18383,,7,1,0,1,1,0,1,0,0,0,0,0,0.000681
7466,,7,1,3,4,1,3,4,8,0.261146,0.271569,0,0.333333,0.000681
12031,,67,3,2,5,3,2,5,9,0.199225,0.2039,5241.964111,0.05,0.004013
929,,16,10,24,34,10,24,34,8,0.280989,0.295771,46587.881902,0.152218,0.008557
18846,,7,2,0,2,2,0,2,0,0,0,0,0,0.000878
3647,,7,7,9,16,7,9,16,8,0.265994,0.277569,46012.842624,0.095833,0.002488
19084,,7,1,0,1,1,0,1,0,0,0,0,0,0.000681
11797,,16,7,6,13,7,6,13,8,0.243999,0.253935,125638.674787,0.05303,0.002491
19854,,7,1,0,1,1,0,1,0,0,0,0,0,0.000681
2426,,14,10,7,17,10,7,17,8,0.244072,0.252558,192930.944687,0.021978,0.002675
14828,,36,18,7,25,18,7,25,8,0.263503,0.274522,238620.350645,0.037549,0.004729
20400,,7,2,0,2,2,0,2,0,0,0,0,0.5,0.001335
3468,,7,3,0,3,3,0,3,0,0,0,0,0,0.001222
265,,16,4,2,6,4,2,6,8,0.240391,0.248239,60.579308,0.416667,0.002709
14345,,7,1,4,5,1,4,5,8,0.254004,0.265393,757.913886,0.15,0.000681
14140,,67,4,0,4,4,0,4,0,0,0,0,0,0.00203
18396,,7,2,2,4,2,2,4,8,0.253044,0.262915,18853.05874,0.166667,0.000849
4596,,7,6,2,8,6,2,8,8,0.244446,0.252827,19131.579823,0.095238,0.00361
20063,,7,3,5,8,3,5,8,8,0.269632,0.281992,3865.463127,0.178571,0.00116
5145,,16,16,15,31,16,15,31,7,0.277069,0.291001,122072.909317,0.091168,0.011175
8109,,16,28,29,57,28,29,57,8,0.286872,0.302221,188176.226281,0.121256,0.029898
21819,,7,1,0,1,1,0,1,0,0,0,0,0,0.000681
22005,,7,1,0,1,1,0,1,0,0,0,0,0,0.000681
22099,,7,1,0,1,1,0,1,0,0,0,0,0,0.000681
3148,,7,8,17,25,8,17,25,7,0.285109,0.30011,59069.495979,0.164032,0.003029
14717,,16,16,21,37,16,21,37,8,0.285706,0.300613,237793.437017,0.09916,0.008563
3179,,7,4,4,8,4,4,8,9,0.214534,0.220542,26060.565477,0.035714,0.001443
13483,,16,6,6,12,6,6,12,8,0.241836,0.251851,48159.053638,0.109091,0.00244
22765,,7,1,0,1,1,0,1,0,0,0,0,0,0.000681
22810,,7,1,0,1,1,0,1,0,0,0,0,0,0.000681
16899,,7,4,5,9,4,5,9,8,0.260312,0.27137,1716.116591,0.25,0.003529
23073,,7,1,0,1,1,0,1,0,0,0,0,0,0.000681
2565,,7,5,3,8,5,3,8,8,0.264124,0.275002,37787.100738,0.196429,0.002062
3824,,67,20,20,40,20,20,40,8,0.269463,0.282279,431120.199315,0.087702,0.008836
22600,,7,2,0,2,2,0,2,0,0,0,0,1,0.001704
17020,,41,1,2,3,1,2,3,9,0.200796,0.206016,175.810756,0.166667,0.000681
1503,,16,1,5,6,1,5,6,8,0.277155,0.291128,42.293092,0.4,0.000681
20458,,7,4,0,4,4,0,4,0,0,0,0,0.166667,0.003762
17413,,7,2,0,2,2,0,2,0,0,0,0,0,0.001039
10173,,7,6,8,14,6,8,14,8,0.268858,0.281072,27222.089202,0.142857,0.005404
18946,,7,3,0,3,3,0,3,0,0,0,0,0.333333,0.004399
21938,,7,4,1,5,4,1,5,1,1,1,25976,0.25,0.00883
25004,,7,1,0,1,1,0,1,0,0,0,0,0,0.000681
20481,,7,2,1,3,2,1,3,2,0.666667,0.75,302.762798,0,0.000932
19204,,16,6,3,9,6,3,9,8,0.271397,0.283855,59230.506805,0.119048,0.003604
24334,,16,1,1,2,1,1,2,9,0.220466,0.227386,119.968155,0,0.000681
21558,,7,2,0,2,2,0,2,0,0,0,0,0,0.000883
19704,,16,7,16,23,7,16,23,8,0.286864,0.301335,39190.932599,0.2,0.00978
10760,,7,3,14,17,3,14,17,8,0.273586,0.286338,2105.89363,0.279412,0.001781
2353,,7,18,8,26,18,8,26,8,0.27365,0.286652,6871.282102,0.155,0.010822
10164,,7,5,11,16,5,11,16,8,0.271018,0.283292,427.129112,0.295833,0.003293
21511,,67,4,0,4,4,0,4,0,0,0,0,0.083333,0.001365
25939,,7,2,0,2,2,0,2,0,0,0,0,0,0.000976
19129,,7,3,0,3,3,0,3,0,0,0,0,0,0.001216
5037,,7,9,6,15,9,6,15,8,0.2555,0.265188,23026.402084,0.054945,0.00377
23694,,22,2,0,2,2,0,2,0,0,0,0,0,0.001148
25346,,16,10,5,15,10,5,15,8,0.238234,0.248027,69002.89651,0.082418,0.007406
16052,,16,2,2,4,2,2,4,8,0.244348,0.253518,22.01472,0.416667,0.000863
26412,,7,1,0,1,1,0,1,0,0,0,0,0,0.000681
26374,,16,10,7,17,10,7,17,9,0.238105,0.248048,4125.459716,0.401515,0.014592
27313,,7,2,0,2,2,0,2,0,0,0,0,0,0.000875
20472,,7,2,0,2,2,0,2,0,0,0,0,0,0.001043
22222,,7,3,13,16,3,13,16,8,0.292502,0.307326,106531.565512,0.438095,0.004259
27565,,7,1,0,1,1,0,1,0,0,0,0,0,0.000681
908,,67,4,0,4,4,0,4,0,0,0,0,0,0.001365
27747,,1,1,1,2,1,1,2,10,0.188104,0.191839,185.408029,0,0.000681
1755,,7,6,3,9,6,3,9,8,0.272631,0.284326,8537.974601,0.138889,0.003521
14336,,36,7,5,12,7,5,12,9,0.229052,0.237003,79423.137835,0.009091,0.001793
9003,,7,4,14,18,4,14,18,8,0.269845,0.281825,39656.867333,0.179167,0.001668
19626,,7,7,32,39,7,32,39,8,0.279164,0.293213,139227.311409,0.099099,0.003178
28232,,7,1,0,1,1,0,1,0,0,0,0,0,0.000681
25718,,16,3,9,12,3,9,12,8,0.276706,0.290268,61198.374465,0.180556,0.001681
26439,,7,1,14,15,1,14,15,7,0.296193,0.311089,156189.220477,0.104762,0.000681
17978,,16,3,2,5,3,2,5,8,0.262775,0.273521,317.117309,0.333333,0.002047
20280,,16,7,10,17,7,10,17,8,0.27815,0.292165,48547.410357,0.075,0.001945
29088,,7,1,0,1,1,0,1,0,0,0,0,0,0.000681
5619,,67,7,0,7,7,0,7,0,0,0,0,0,0.002662
29504,,7,1,0,1,1,0,1,0,0,0,0,0,0.000681
3695,,53,5,8,13,5,8,13,8,0.242763,0.251807,45557.16873,0.174242,0.003317
25432,,16,3,0,3,3,0,3,0,0,0,0,0,0.001017
29139,,7,9,5,14,9,5,14,9,0.236356,0.244182,45463.161396,0.082418,0.004669
25134,,18,1,1,2,1,1,2,1,1,1,25976,0,0.000681
29714,,16,4,6,10,4,6,10,8,0.275238,0.288245,1328.503474,0.194444,0.002121
29743,,7,1,0,1,1,0,1,0,0,0,0,0,0.000681
29757,,7,1,0,1,1,0,1,0,0,0,0,0,0.000681
9815,,81,6,3,9,6,3,9,9,0.218518,0.225124,21911.367515,0.083333,0.003451
7919,,67,7,2,9,7,2,9,9,0.218594,0.224819,95054.593546,0.055556,0.001902
28273,,2,2,1,3,2,1,3,8,0.251453,0.260348,891.734208,0,0.000892
16010,,67,4,0,4,4,0,4,0,0,0,0,0.083333,0.001365
30487,,7,2,0,2,2,0,2,0,0,0,0,0.5,0.001206
4004,,7,2,13,15,2,13,15,8,0.258248,0.269347,1299.558924,0.257143,0.000849
5328,,7,2,6,8,2,6,8,7,0.298555,0.313413,1773.225751,0.267857,0.001704
5480,,36,3,13,16,3,13,16,9,0.238425,0.247516,72472.449942,0.141667,0.001023
30722,,16,1,1,2,1,1,2,8,0.239858,0.247713,0,0.5,0.000681
24793,,7,3,17,20,3,17,20,7,0.304047,0.319791,26887.448106,0.321053,0.001413
28135,,67,3,0,3,3,0,3,0,0,0,0,0.166667,0.001931
25303,,7,3,7,10,3,7,10,8,0.261236,0.272199,117.462221,0.255556,0.002213
28789,,7,21,15,36,21,15,36,8,0.288282,0.30295,21013.856254,0.227586,0.020448
31223,,7,4,3,7,4,3,7,8,0.255247,0.265357,737.001183,0.119048,0.001586
31243,,7,1,0,1,1,0,1,0,0,0,0,0,0.000681
31755,,7,1,0,1,1,0,1,0,0,0,0,0,0.000681
31759,,7,1,0,1,1,0,1,0,0,0,0,0,0.000681
32029,,7,1,0,1,1,0,1,0,0,0,0,0,0.000681
1259,,7,16,11,27,16,11,27,8,0.274248,0.286995,125956.890115,0.055,0.010357
4887,,7,7,0,7,7,0,7,0,0,0,0,0.214286,0.009013
17133,,53,3,0,3,3,0,3,0,0,0,0,0.166667,0.00152
12718,,41,18,20,38,18,20,38,8,0.259276,0.271186,222902.669808,0.064706,0.006655
32550,,7,1,0,1,1,0,1,0,0,0,0,0,0.000681
32709,,7,1,0,1,1,0,1,0,0,0,0,0,0.000681
21234,,36,2,2,4,2,2,4,9,0.21375,0.220007,154.216881,0.333333,0.001561
32737,,7,1,0,1,1,0,1,0,0,0,0,0,0.000681
32501,,7,2,0,2,2,0,2,0,0,0,0,0,0.000849
7956,,7,1,3,4,1,3,4,8,0.263076,0.273964,22.52989,0.5,0.000681
3544,,7,7,12,19,7,12,19,8,0.267107,0.279052,92825.227664,0.113971,0.002999
33404,,7,1,0,1,1,0,1,0,0,0,0,0,0.000681
34039,,7,1,0,1,1,0,1,0,0,0,0,0,0.000681
34145,,7,1,0,1,1,0,1,0,0,0,0,0,0.000681
34317,,7,1,0,1,1,0,1,0,0,0,0,0,0.000681
34342,,19,2,1,3,2,1,3,8,0.271131,0.283482,18826,0,0.000849
2744,,7,9,5,14,9,5,14,9,0.239513,0.248551,23644.606618,0.141026,0.009298
29150,,7,6,0,6,6,0,6,0,0,0,0,0.033333,0.002419
3494,,7,19,25,44,19,25,44,8,0.281367,0.29651,184818.45429,0.09878,0.012173
33346,,7,11,10,21,11,10,21,8,0.275613,0.289061,72505.834503,0.178363,0.015225
3343,,7,6,41,47,6,41,47,7,0.313057,0.331307,52973.124006,0.147826,0.003874
15999,,16,3,3,6,3,3,6,8,0.244367,0.253116,8675.266764,0.133333,0.001017
3109,,67,14,0,14,14,0,14,0,0,0,0,0.065934,0.009294
35570,,7,1,0,1,1,0,1,0,0,0,0,0,0.000681
137,,7,1,2,3,1,2,3,8,0.262797,0.27356,0,0.5,0.000296
140,,7,9,5,14,9,5,14,8,0.239054,0.247289,6682.836368,0.185897,0.006625
17646,,7,6,3,9,6,3,9,9,0.216839,0.223097,26491.853764,0.035714,0.003863
2544,,7,3,4,7,3,4,7,8,0.2417,0.251181,1364.676622,0.309524,0.000688
3193,,16,1,1,2,1,1,2,8,0.236531,0.245945,0,1,0.000462
5477,,16,2,0,2,2,0,2,0,0,0,0,1,0.000786
6573,,16,1,1,2,1,1,2,9,0.223324,0.229909,0,0,0.000462
8437,,16,1,0,1,1,0,1,0,0,0,0,0,0.000462
9666,,7,7,0,7,7,0,7,0,0,0,0,0.119048,0.004624
2107,,16,17,15,32,17,15,32,8,0.268567,0.281154,86290.97939,0.049858,0.010284
8875,,16,2,1,3,2,1,3,9,0.223324,0.229909,0,0.5,0.000641
5500,,16,1,1,2,1,1,2,9,0.223324,0.229909,0,0,0.000462
4240,,16,5,5,10,5,5,10,8,0.248765,0.259613,28450.876033,0.214286,0.004913
23421,,16,1,1,2,1,1,2,9,0.202648,0.208356,17.604907,0.5,0.000462
17655,,16,3,3,6,3,3,6,9,0.227824,0.236169,10190.820349,0.166667,0.002783
2822,,7,2,4,6,2,4,6,9,0.223714,0.230862,33884.816186,0.3,0.002945
5912,,7,2,0,2,2,0,2,0,0,0,0,1,0.001193
1800,,7,21,19,40,21,19,40,8,0.267883,0.280408,149216.826518,0.1,0.007725
229,,7,3,10,13,3,10,13,8,0.265656,0.277194,52500.195868,0.185897,0.001616
10793,,7,3,4,7,3,4,7,8,0.26361,0.274662,775.322979,0.52381,0.00128
13189,,7,9,7,16,9,7,16,8,0.275734,0.28873,83383.717631,0.211538,0.012218
15226,,7,1,0,1,1,0,1,0,0,0,0,0,0.000883
22451,,7,2,0,2,2,0,2,0,0,0,0,0,0.001537
23805,,7,1,0,1,1,0,1,0,0,0,0,0,0.000883
24389,,7,1,1,2,1,1,2,9,0.222883,0.229821,0,0,0.000883
10236,,7,6,7,13,6,7,13,8,0.263814,0.27506,37504.982251,0.344444,0.002007
16549,,7,3,1,4,3,1,4,9,0.219914,0.226026,0,0.833333,0.004443
9486,,7,5,8,13,5,8,13,8,0.272446,0.285403,10664.440713,0.166667,0.004316
495,,7,25,57,82,25,57,82,7,0.291293,0.307277,713247.291324,0.039235,0.013208
141,,7,1,189,190,1,189,190,7,0.338226,0.362472,131836.242537,0.067251,0.000234
922,,7,2,0,2,2,0,2,0,0,0,0,0,0.000541
1747,,7,1,0,1,1,0,1,0,0,0,0,0,0.000173
2735,,1,1,1,2,1,1,2,9,0.22222,0.22909,0.66847,0,0.000173
4018,,41,2,2,4,2,2,4,8,0.262771,0.27351,25975,0.166667,0.000599
4453,,7,1,0,1,1,0,1,0,0,0,0,0,0.000173
4613,,7,61,1,62,61,1,62,8,0.261472,0.272564,206761.377244,0.020624,0.040817
574,,16,38,22,60,38,22,60,8,0.274068,0.288203,341601.262924,0.044724,0.026962
2444,,7,15,20,35,15,20,35,8,0.278962,0.292257,187479.175179,0.048128,0.007077
5787,,36,18,8,26,18,8,26,8,0.247952,0.257036,53326.622034,0.092391,0.009265
5967,,1,2,3,5,2,3,5,9,0.222047,0.229584,145.941993,0.166667,0.001037
6004,,7,2,1,3,2,1,3,9,0.238289,0.246735,0,0.333333,0.000389
5395,,7,1,3,4,1,3,4,8,0.262709,0.274157,1.542939,0.416667,0.000173
8484,,41,4,2,6,4,2,6,9,0.211288,0.217039,26293.449327,0.05,0.002945
10174,,16,3,2,5,3,2,5,8,0.234274,0.242098,202.469746,0.2,0.000555
3279,,7,9,0,9,9,0,9,0,0,0,0,0.055556,0.004535
11089,,7,1,0,1,1,0,1,0,0,0,0,0,0.000173
168,,7,1,0,1,1,0,1,0,0,0,0,0,0.002666
1768,,41,2,2,4,2,2,4,8,0.257552,0.268725,26813.237519,0.25,0.002863
4353,,7,1,1,2,1,1,2,9,0.210436,0.216032,106.214955,0,0.002666
6235,,7,3,0,3,3,0,3,0,0,0,0,0.166667,0.004657
1725,,7,2,4,6,2,4,6,8,0.267818,0.280177,387.298964,0.4,0.003168
8318,,7,1,0,1,1,0,1,0,0,0,0,0,0.002666
8319,,7,2,1,3,2,1,3,8,0.261472,0.272564,0,0.5,0.002856
4626,,7,1,4,5,1,4,5,8,0.269239,0.280713,1413.866008,0.4,0.002666
14421,,7,2,0,2,2,0,2,0,0,0,0,0.5,0.008168
15545,,7,2,1,3,2,1,3,8,0.261472,0.272564,0,0.666667,0.004224
19661,,7,1,0,1,1,0,1,0,0,0,0,0,0.002666
20412,,21,1,1,2,1,1,2,1,1,1,25976,0,0.002666
15451,,7,2,3,5,2,3,5,8,0.261792,0.272993,3706.967037,0.15,0.002834
21522,,7,1,0,1,1,0,1,0,0,0,0,0,0.002666
22365,,7,1,1,2,1,1,2,9,0.218757,0.225112,301.508154,0,0.002666
25619,,7,1,0,1,1,0,1,0,0,0,0,0,0.002666
17679,,36,6,2,8,6,2,8,9,0.218468,0.224922,49942.747652,0,0.004105
31139,,7,3,0,3,3,0,3,0,0,0,0,0,0.003283
31207,,7,2,1,3,2,1,3,9,0.207262,0.212653,240.994245,0,0.002987
11300,,7,4,8,12,4,8,12,8,0.280086,0.293125,14420.159172,0.212121,0.003491
23232,,7,5,0,5,5,0,5,0,0,0,0,0.15,0.005912
3829,,7,7,3,10,7,3,10,8,0.265181,0.276451,22392.441515,0.125,0.006077
4766,,16,4,0,4,4,0,4,0,0,0,0,0.083333,0.005153
8405,,7,1,0,1,1,0,1,0,0,0,0,0,0.004423
4932,,32,3,3,6,3,3,6,8,0.261494,0.272644,70772,0.1,0.004954
13207,,7,1,0,1,1,0,1,0,0,0,0,0,0.004423
3609,,7,5,6,11,5,6,11,8,0.26486,0.276475,3576.40394,0.291667,0.007071
16484,,7,1,0,1,1,0,1,0,0,0,0,0,0.004423
11206,,7,4,6,10,4,6,10,8,0.262533,0.273903,57927.619476,0.122222,0.005581
9980,,7,6,8,14,6,8,14,8,0.268475,0.280756,12464.970512,0.181818,0.009368
2527,,7,4,12,16,4,12,16,8,0.254612,0.265092,52305.496543,0.082418,0.007113
16591,,7,4,5,9,4,5,9,8,0.248505,0.257805,27874.089238,0.089286,0.004973
22738,,7,1,0,1,1,0,1,0,0,0,0,0,0.004423
1738,,65,1,5,6,1,5,6,8,0.268548,0.280282,54311.323508,0.166667,0.004423
8795,,7,1,1,2,1,1,2,9,0.23828,0.246719,0,0,0.004423
23309,,14,9,8,17,9,8,17,9,0.246352,0.256038,131009.036662,0.065934,0.007765
19749,,41,7,16,23,7,16,23,8,0.274352,0.288135,86633.070939,0.108187,0.007342
9634,,7,6,3,9,6,3,9,8,0.247216,0.25593,37994.650199,0.142857,0.007147
25269,,7,3,4,7,3,4,7,8,0.240357,0.248937,25993.130461,0.4,0.005874
7016,,7,1,1,2,1,1,2,9,0.23828,0.246719,0,0,0.004423
20985,,41,12,14,26,12,14,26,8,0.267902,0.279598,89283.341162,0.152632,0.010178
27594,,7,1,0,1,1,0,1,0,0,0,0,0,0.004423
14617,,7,1,1,2,1,1,2,8,0.261472,0.272564,0,1,0.004423
29068,,7,1,0,1,1,0,1,0,0,0,0,0,0.004423
29450,,7,1,0,1,1,0,1,0,0,0,0,0,0.004423
1696,,7,3,4,7,3,4,7,8,0.276641,0.290535,54056.0278,0.366667,0.00638
9224,,7,3,3,6,3,3,6,8,0.246488,0.255419,18998.074968,0.05,0.005289
14707,,7,1,1,2,1,1,2,1,1,1,0,0.5,0.004423
33294,,7,1,0,1,1,0,1,0,0,0,0,0,0.004423
33456,,7,1,0,1,1,0,1,0,0,0,0,0,0.004423
11727,,7,2,3,5,2,3,5,8,0.264221,0.275852,2478.068974,0.5,0.007971
10037,,36,5,7,12,5,7,12,9,0.252403,0.262933,48481.406819,0.071429,0.005408
35694,,7,1,0,1,1,0,1,0,0,0,0,0,0.004423
4905,,7,1,0,1,1,0,1,0,0,0,0,0,0.002555
6863,,7,1,0,1,1,0,1,0,0,0,0,0,0.002555
8254,,7,1,0,1,1,0,1,0,0,0,0,0,0.002555
2448,,7,2,1,3,2,1,3,8,0.261476,0.272569,18826,0.166667,0.002723
10216,,7,1,1,2,1,1,2,8,0.262753,0.273463,0,1,0.002555
5990,,22,15,20,35,15,20,35,8,0.272324,0.285195,389233.483325,0.077419,0.006583
12870,,7,1,0,1,1,0,1,0,0,0,0,0,0.002555
14996,,7,1,0,1,1,0,1,0,0,0,0,0,0.002555
11129,,7,3,8,11,3,8,11,8,0.274632,0.287718,2368.812771,0.436364,0.004269
10139,,7,3,5,8,3,5,8,8,0.268402,0.28035,115.872284,0.52381,0.003241
11911,,16,3,2,5,3,2,5,8,0.238688,0.248194,397.844947,0.1,0.003176
6362,,7,8,11,19,8,11,19,8,0.273467,0.2868,24931.095547,0.186275,0.006359
18121,,7,3,5,8,3,5,8,8,0.261847,0.272601,820.667065,0.214286,0.004301
9680,,7,7,13,20,7,13,20,8,0.278162,0.292271,5621.890561,0.190058,0.005642
879,,16,31,26,57,31,26,57,8,0.282478,0.296289,780244.657064,0.072939,0.013791
2590,,2,17,0,17,17,0,17,0,0,0,0,0.036765,0.006509
17228,,16,4,3,7,4,3,7,8,0.236856,0.24561,3190.631929,0.5,0.005145
15181,,7,7,1,8,7,1,8,8,0.243996,0.252843,20310.94577,0.142857,0.008298
7316,,7,2,2,4,2,2,4,8,0.251305,0.26033,777.596854,0.25,0.002903
24714,,7,1,0,1,1,0,1,0,0,0,0,0,0.002555
11175,,7,6,12,18,6,12,18,8,0.285299,0.299295,63821.669498,0.133987,0.004053
25734,,16,2,1,3,2,1,3,9,0.232955,0.241233,18864.412635,0,0.002728
26705,,7,1,1,2,1,1,2,9,0.209606,0.214992,6.916162,0,0.002555
7393,,16,3,2,5,3,2,5,8,0.257175,0.269014,101.442529,0.416667,0.005835
27613,,7,1,0,1,1,0,1,0,0,0,0,0,0.002555
8451,,7,7,8,15,7,8,15,8,0.25694,0.267432,65145.352339,0.137363,0.00603
27885,,16,3,3,6,3,3,6,8,0.238361,0.246096,370.069463,0.1,0.003127
22107,,16,4,6,10,4,6,10,9,0.233243,0.240785,86843.312547,0.069444,0.003098
5334,,7,1,1,2,1,1,2,9,0.209786,0.215254,647.660384,0,0.002555
27363,,7,3,6,9,3,6,9,7,0.296729,0.311692,1923.523833,0.452381,0.005404
3178,,7,8,3,11,8,3,11,8,0.262911,0.273717,27970.458277,0.136364,0.0112
6197,,41,3,7,10,3,7,10,8,0.2369,0.245586,18972.165213,0.180556,0.004352
10701,,7,11,6,17,11,6,17,8,0.272131,0.284976,69868.626685,0.217949,0.01193
1288,,2,6,5,11,6,5,11,9,0.23428,0.242677,59277.716098,0.178571,0.003715
31841,,7,1,0,1,1,0,1,0,0,0,0,0,0.002555
4520,,7,16,15,31,16,15,31,8,0.285719,0.300297,75807.167633,0.165242,0.01741
5808,,7,22,5,27,22,5,27,8,0.267297,0.279076,40446.381992,0.078348,0.020401
32398,,7,1,0,1,1,0,1,0,0,0,0,0,0.002555
32530,,7,1,0,1,1,0,1,0,0,0,0,0,0.002555
32634,,7,3,0,3,3,0,3,0,0,0,0,0,0.003052
7378,,7,5,3,8,5,3,8,8,0.245101,0.253893,20325.976432,0.285714,0.005511
33766,,7,1,0,1,1,0,1,0,0,0,0,0,0.002555
2406,,16,11,5,16,11,5,16,8,0.277191,0.28983,187225.250177,0.104396,0.007746
4655,,7,3,6,9,3,6,9,8,0.276739,0.290006,41783.935588,0.178571,0.003145
28755,,7,2,0,2,2,0,2,0,0,0,0,0.5,0.00277
147,,7,1,2,3,1,2,3,8,0.262885,0.273661,18827,0,0.000168
5936,,7,1,2,3,1,2,3,9,0.209215,0.214909,0,0.333333,0.000547
10896,,7,4,2,6,4,2,6,8,0.243898,0.252139,486.193269,0.45,0.001222
18733,,7,2,0,2,2,0,2,0,0,0,0,0,0.00079
23222,,7,1,0,1,1,0,1,0,0,0,0,0,0.000547
19133,,7,2,5,7,2,5,7,9,0.235078,0.243001,25.919334,0.35,0.00086
5312,,7,1,0,1,1,0,1,0,0,0,0,0,0.001433
5799,,7,1,0,1,1,0,1,0,0,0,0,0,0.001433
897,,7,2,2,4,2,2,4,8,0.251846,0.260857,0.637274,0.333333,0.001622
4782,,7,8,3,11,8,3,11,9,0.207378,0.212848,41722.486118,0.054545,0.003983
7354,,7,1,2,3,1,2,3,8,0.248453,0.257266,1296.822771,0,0.001433
9501,,7,2,2,4,2,2,4,8,0.248387,0.25719,2056.698193,0,0.001622
1708,,7,8,33,41,8,33,41,7,0.289217,0.304308,277396.673116,0.126923,0.002676
5538,,7,7,12,19,7,12,19,8,0.273797,0.286597,40733.894904,0.180147,0.003143
549,,7,10,11,21,10,11,21,8,0.257912,0.26928,85112.158407,0.052381,0.006536
14534,,7,2,3,5,2,3,5,8,0.242375,0.250603,6.209705,0.35,0.001622
19371,,7,1,0,1,1,0,1,0,0,0,0,0,0.001433
2932,,7,3,3,6,3,3,6,8,0.24947,0.258507,126.118005,0.333333,0.002226
19413,,7,2,2,4,2,2,4,8,0.249934,0.258987,0,1,0.002066
4487,,7,6,0,6,6,0,6,0,0,0,0,0.066667,0.003209
22682,,7,1,0,1,1,0,1,0,0,0,0,0,0.001433
22960,,7,1,1,2,1,1,2,8,0.248381,0.257155,0,0,0.001433
2844,,7,5,2,7,5,2,7,10,0.179164,0.182357,44799.666667,0.2,0.002868
27753,,7,5,10,15,5,10,15,7,0.300203,0.316055,23719.958094,0.333333,0.003566
6631,,7,4,7,11,4,7,11,8,0.273881,0.28686,26095.984292,0.3,0.002932
21443,,7,2,1,3,2,1,3,8,0.23499,0.243288,0,0.333333,0.001701
150,,7,1,1,2,1,1,2,9,0.195725,0.200672,371.921847,0,0.001519
151,,7,12,18,30,12,18,30,8,0.243346,0.253377,119153.157519,0.067692,0.004799
1811,,7,3,1,4,3,1,4,8,0.229124,0.236483,944.377005,0.25,0.006878
4008,,7,1,2,3,1,2,3,8,0.263758,0.274674,27655.122037,0,0.000252
13988,,7,5,2,7,5,2,7,8,0.242832,0.251864,26906.240448,0.238095,0.003558
16147,,2,5,2,7,5,2,7,8,0.247073,0.255683,29193.121808,0.02381,0.001599
10961,,7,4,2,6,4,2,6,8,0.229127,0.236509,811.930314,0.3,0.001691
22399,,7,4,0,4,4,0,4,0,0,0,0,0.166667,0.001705
6761,,7,9,12,21,9,12,21,8,0.272347,0.28464,25580.705807,0.132353,0.005967
3414,,7,2,8,10,2,8,10,8,0.230347,0.238193,53449.116229,0.232143,0.001319
2486,,16,7,9,16,7,9,16,9,0.215899,0.223245,55265.336781,0.06044,0.002702
153,,65,0,4,4,0,4,4,8,0.246453,0.25547,0,0.416667,0
1331,,65,1,1,2,1,1,2,9,0.195007,0.200116,0,0,0.000595
2990,,65,1,0,1,1,0,1,0,0,0,0,0,0.000595
4872,,65,1,0,1,1,0,1,0,0,0,0,0,0.000595
4729,,65,1,1,2,1,1,2,1,1,1,25976,0,0.000595
5490,,65,1,0,1,1,0,1,0,0,0,0,0,0.000595
6977,,65,1,2,3,1,2,3,1,1,1,51952,0,0.000595
7534,,65,1,0,1,1,0,1,0,0,0,0,0,0.000595
7873,,65,1,0,1,1,0,1,0,0,0,0,0,0.000595
8275,,65,1,0,1,1,0,1,0,0,0,0,0,0.000595
8422,,65,1,0,1,1,0,1,0,0,0,0,0,0.000595
8754,,65,1,1,2,1,1,2,8,0.236838,0.244576,0,1,0.000595
8801,,65,1,0,1,1,0,1,0,0,0,0,0,0.000595
8930,,65,1,2,3,1,2,3,9,0.201738,0.207211,3451.185664,0.333333,0.000595
8939,,65,1,0,1,1,0,1,0,0,0,0,0,0.000595
9077,,65,1,0,1,1,0,1,0,0,0,0,0,0.000595
9315,,65,1,1,2,1,1,2,9,0.195007,0.200116,0,0,0.000595
9500,,65,1,1,2,1,1,2,9,0.208151,0.213691,1253.210132,0.5,0.000595
9903,,65,1,0,1,1,0,1,0,0,0,0,0,0.000595
5790,,65,1,1,2,1,1,2,9,0.195007,0.200116,0,0,0.000595
10544,,65,2,0,2,2,0,2,0,0,0,0,0,0.000763
6448,,65,4,2,6,4,2,6,10,0.172391,0.175609,27325.915386,0.1,0.001219
10884,,65,1,0,1,1,0,1,0,0,0,0,0,0.000595
10920,,65,1,0,1,1,0,1,0,0,0,0,0,0.000595
11033,,65,1,0,1,1,0,1,0,0,0,0,0,0.000595
12025,,65,3,0,3,3,0,3,0,0,0,0,0,0.001514
13487,,65,2,0,2,2,0,2,0,0,0,0,0,0.000763
12225,,65,2,1,3,2,1,3,9,0.195007,0.200116,0,1,0.000802
13991,,65,1,0,1,1,0,1,0,0,0,0,0,0.000595
13950,,65,4,2,6,4,2,6,9,0.213604,0.219569,27150.842111,0.2,0.001575
15722,,65,1,0,1,1,0,1,0,0,0,0,0,0.000595
15873,,65,1,0,1,1,0,1,0,0,0,0,0,0.000595
15980,,65,1,0,1,1,0,1,0,0,0,0,0,0.000595
15991,,65,1,1,2,1,1,2,10,0.162503,0.164968,25974,0,0.000595
16413,,65,1,0,1,1,0,1,0,0,0,0,0,0.000595
16972,,65,1,0,1,1,0,1,0,0,0,0,0,0.000595
17583,,65,1,0,1,1,0,1,0,0,0,0,0,0.000595
9609,,65,1,1,2,1,1,2,9,0.200693,0.205958,0,1,0.000595
18939,,65,1,0,1,1,0,1,0,0,0,0,0,0.000595
19715,,65,1,0,1,1,0,1,0,0,0,0,0,0.000595
20004,,65,1,0,1,1,0,1,0,0,0,0,0,0.000595
20789,,65,1,0,1,1,0,1,0,0,0,0,0,0.000595
21050,,65,1,0,1,1,0,1,0,0,0,0,0,0.000595
21995,,65,1,0,1,1,0,1,0,0,0,0,0,0.000595
19440,,65,1,1,2,1,1,2,8,0.236838,0.244576,0,1,0.000595
22480,,65,1,0,1,1,0,1,0,0,0,0,0,0.000595
22502,,65,1,0,1,1,0,1,0,0,0,0,0,0.000595
22670,,65,1,0,1,1,0,1,0,0,0,0,0,0.000595
23479,,65,1,0,1,1,0,1,0,0,0,0,0,0.000595
23683,,65,1,0,1,1,0,1,0,0,0,0,0,0.000595
9544,,65,2,2,4,2,2,4,8,0.237106,0.244933,8458.10807,0.333333,0.000763
24720,,65,2,0,2,2,0,2,0,0,0,0,0,0.001116
17001,,65,1,1,2,1,1,2,9,0.195007,0.200116,0,0,0.000595
3712,,65,16,10,26,16,10,26,8,0.236927,0.24495,457305.5,0.02924,0.003474
2953,,16,19,31,50,19,31,50,7,0.282334,0.297849,373002.41691,0.084567,0.007945
9798,,65,1,1,2,1,1,2,9,0.191898,0.196101,411.751597,0.5,0.000595
25873,,65,2,1,3,2,1,3,8,0.236838,0.244576,603.126405,0.333333,0.000763
27508,,65,1,0,1,1,0,1,0,0,0,0,0,0.000595
16380,,65,2,1,3,2,1,3,10,0.173309,0.176657,4429.274162,0.5,0.001234
29684,,65,1,0,1,1,0,1,0,0,0,0,0,0.000595
30114,,65,1,0,1,1,0,1,0,0,0,0,0,0.000595
30396,,65,1,0,1,1,0,1,0,0,0,0,0,0.000595
31061,,65,1,0,1,1,0,1,0,0,0,0,0,0.000595
25025,,65,2,2,4,2,2,4,9,0.232819,0.240898,15774.617793,0,0.000803
31711,,65,1,0,1,1,0,1,0,0,0,0,0,0.000595
4022,,65,5,9,14,5,9,14,8,0.24188,0.250662,73141.717885,0.083333,0.002232
26443,,65,1,2,3,1,2,3,8,0.23688,0.244674,0,1,0.000595
34166,,65,1,0,1,1,0,1,0,0,0,0,0,0.000595
8374,,65,1,1,2,1,1,2,8,0.236838,0.244576,0,1,0.000595
34382,,65,2,0,2,2,0,2,0,0,0,0,0.5,0.000763
3705,,16,2,0,2,2,0,2,0,0,0,0,0.5,0.002572
6202,,7,8,9,17,8,9,17,8,0.230296,0.238493,47507.902939,0.236364,0.004128
6203,,7,2,1,3,2,1,3,9,0.196657,0.201325,599.417204,0.166667,0.004648
7132,,53,7,3,10,7,3,10,9,0.210255,0.215858,71269.633028,0.111111,0.004549
2859,,7,21,0,21,21,0,21,0,0,0,0,0.033333,0.010177
14698,,7,1,0,1,1,0,1,0,0,0,0,0,0.001723
21095,,16,2,2,4,2,2,4,9,0.229376,0.237556,592.872908,0.333333,0.002273
3300,,16,11,12,23,11,12,23,8,0.228343,0.236267,154715.128397,0.097368,0.006043
1240,,7,12,20,32,12,20,32,8,0.276857,0.290393,139633.182866,0.163333,0.009338
5160,,7,1,0,1,1,0,1,0,0,0,0,0,0.005502
1113,,16,15,24,39,15,24,39,8,0.278002,0.292324,120216.324584,0.125889,0.013047
3588,,7,7,6,13,7,6,13,8,0.24345,0.252089,96500.057567,0.127273,0.009225
2047,,1,14,14,28,14,14,28,8,0.234782,0.243723,27290.409012,0.222826,0.010733
9702,,7,9,6,15,9,6,15,8,0.237864,0.246626,57659.128681,0.104762,0.016625
2660,,7,6,8,14,6,8,14,8,0.271648,0.283892,1648.182022,0.348485,0.008023
16773,,16,4,2,6,4,2,6,8,0.236558,0.244742,1211.825464,0.133333,0.006505
5556,,53,12,10,22,12,10,22,7,0.296323,0.311325,85050.465399,0.130952,0.016333
2606,,7,13,18,31,13,18,31,8,0.277257,0.290996,129130.27252,0.076355,0.01182
2170,,16,23,12,35,23,12,35,8,0.259902,0.270155,330031.622807,0.101538,0.013647
20341,,69,18,15,33,18,15,33,8,0.274056,0.286552,246924.033787,0.06,0.015664
12098,,7,1,1,2,1,1,2,9,0.200798,0.205195,60.534852,0,0.005502
590,,7,12,6,18,12,6,18,8,0.265878,0.277285,5486.766084,0.222222,0.019353
2454,,7,11,1,12,11,1,12,8,0.24048,0.248315,1003.042715,0.05303,0.011344
5516,,7,18,15,33,18,15,33,8,0.268747,0.280965,130497.263599,0.063218,0.011809
22971,,7,1,0,1,1,0,1,0,0,0,0,0,0.005502
26143,,7,1,0,1,1,0,1,0,0,0,0,0,0.005502
26355,,16,16,11,27,16,11,27,8,0.2612,0.272967,135873.999613,0.116923,0.017043
10358,,16,7,10,17,7,10,17,8,0.250783,0.260989,29764.84681,0.192308,0.010376
6278,,16,3,5,8,3,5,8,9,0.233916,0.242748,10624.208491,0.238095,0.006419
4490,,16,11,10,21,11,10,21,8,0.255618,0.266066,77106.043284,0.128676,0.009019
30941,,7,1,0,1,1,0,1,0,0,0,0,0,0.005502
28412,,7,4,3,7,4,3,7,9,0.229647,0.237287,907.462292,0.166667,0.006428
530,,7,10,4,14,10,4,14,8,0.251201,0.260783,43068.878251,0.06044,0.010255
9966,,16,1,1,2,1,1,2,9,0.197559,0.202742,1016.434598,0,0.005444
11298,,16,2,0,2,2,0,2,0,0,0,0,0,0.00563
6058,,16,3,5,8,3,5,8,8,0.25687,0.268206,11130.707502,0.166667,0.005899
13978,,7,1,0,1,1,0,1,0,0,0,0,0,0.005444
17968,,16,2,2,4,2,2,4,9,0.211205,0.217266,1114.268355,0.416667,0.006782
5323,,7,5,87,92,5,87,92,7,0.3053,0.32486,290467.450441,0.060201,0.008125
26846,,7,2,1,3,2,1,3,9,0.227595,0.234692,519.913358,0.666667,0.006832
1619,,16,6,5,11,6,5,11,8,0.249738,0.258964,20114.583592,0.088889,0.010805
21373,,16,4,4,8,4,4,8,9,0.231158,0.239598,41832.531117,0.357143,0.009094
4473,,7,2,3,5,2,3,5,9,0.226702,0.234273,10535.661155,0.25,0.005293
4728,,7,1,4,5,1,4,5,9,0.214222,0.220419,30572.942749,0.25,0.00507
4474,,7,7,6,13,7,6,13,8,0.247965,0.257348,62785.502227,0.076923,0.007166
12733,,7,1,0,1,1,0,1,0,0,0,0,0,0.00507
4439,,7,16,20,36,16,20,36,8,0.273229,0.286887,104430.41863,0.038655,0.006517
2141,,7,21,15,36,21,15,36,8,0.258912,0.270509,157859.35952,0.036542,0.0106
4347,,7,3,4,7,3,4,7,8,0.235387,0.243177,7770.907042,0.066667,0.003484
7976,,7,13,4,17,13,4,17,9,0.223094,0.230112,140880.058033,0.029412,0.003828
14247,,7,1,2,3,1,2,3,8,0.264347,0.275635,0,0.5,0.00125
15026,,7,1,0,1,1,0,1,0,0,0,0,0,0.00125
19707,,7,1,0,1,1,0,1,0,0,0,0,0,0.00125
12952,,7,6,7,13,6,7,13,8,0.275073,0.287427,28723.370322,0.127273,0.005783
4884,,7,1,3,4,1,3,4,8,0.263489,0.274374,9742.340043,0.25,0.00125
163,,16,20,14,34,20,14,34,8,0.257267,0.268683,90573.138617,0.128736,0.020271
1345,,53,5,0,5,5,0,5,0,0,0,0,0.05,0.007835
510,,16,36,23,59,36,23,59,8,0.265166,0.278704,346652.655623,0.071693,0.02476
17232,,16,6,2,8,6,2,8,8,0.265334,0.276654,5914.593954,0.142857,0.003001
23978,,16,1,0,1,1,0,1,0,0,0,0,0,0.000438
4061,,16,5,1,6,5,1,6,9,0.190117,0.194375,20141.739383,0.333333,0.005605
5860,,16,10,9,19,10,9,19,8,0.259004,0.270453,6174.639912,0.238095,0.011991
2503,,16,9,10,19,9,10,19,8,0.262995,0.275194,16345.710823,0.158333,0.00633
8250,,16,18,16,34,18,16,34,8,0.260896,0.272555,204429.20107,0.10582,0.007713
1041,,16,4,33,37,4,33,37,8,0.286619,0.30182,77655.192485,0.088235,0.004556
8295,,16,19,12,31,19,12,31,8,0.254302,0.264708,9689.851015,0.159544,0.012878
5905,,7,20,32,52,20,32,52,8,0.296533,0.312644,232468.875901,0.105691,0.016252
11226,,16,5,3,8,5,3,8,8,0.240262,0.248664,884.914321,0.261905,0.004913
3639,,16,10,9,19,10,9,19,8,0.25924,0.270046,17550.406584,0.214286,0.013088
8108,,69,4,0,4,4,0,4,0,0,0,0,0.083333,0.007364
1261,,53,27,22,49,27,22,49,8,0.26575,0.27809,219742.47507,0.066802,0.014554
15225,,16,19,13,32,19,13,32,8,0.253658,0.264261,16631.399563,0.206667,0.009927
5867,,16,8,8,16,8,8,16,8,0.25433,0.264309,94143.021845,0.119048,0.005586
16820,,16,11,13,24,11,13,24,8,0.257622,0.269554,11233.879038,0.295833,0.008113
2529,,16,19,23,42,19,23,42,8,0.261734,0.273662,147270.752197,0.075758,0.014013
17683,,16,1,0,1,1,0,1,0,0,0,0,0,0.00332
7035,,7,7,9,16,7,9,16,8,0.282037,0.296104,68568.895275,0.164835,0.007186
11505,,16,4,3,7,4,3,7,8,0.245636,0.254876,1154.496659,0.45,0.00806
20330,,16,5,7,12,5,7,12,9,0.244031,0.253705,19100.814587,0.372727,0.005413
21260,,16,4,0,4,4,0,4,0,0,0,0,0.166667,0.004797
10620,,16,25,19,44,25,19,44,8,0.270679,0.283449,78860.671936,0.181818,0.015184
10523,,16,15,12,27,15,12,27,8,0.270205,0.283176,45798.375374,0.215415,0.011011
16367,,16,16,7,23,16,7,23,8,0.247002,0.256103,23396.69869,0.21345,0.012701
5223,,16,16,31,47,16,31,47,8,0.281928,0.297315,94765.411873,0.113462,0.01527
9144,,16,12,11,23,12,11,23,8,0.245197,0.254471,7990.878615,0.260234,0.009737
6428,,16,8,11,19,8,11,19,8,0.252963,0.262872,8717.540744,0.150735,0.005566
23168,,16,4,0,4,4,0,4,0,0,0,0,0.25,0.006877
24564,,16,14,16,30,14,16,30,8,0.253761,0.26434,27090.648833,0.158103,0.008667
25883,,16,3,6,9,3,6,9,8,0.246604,0.25539,120.41937,0.714286,0.004864
11076,,16,2,4,6,2,4,6,8,0.246504,0.255245,22145.468665,0.35,0.003488
26282,,16,2,0,2,2,0,2,0,0,0,0,1,0.004157
4744,,16,3,5,8,3,5,8,8,0.266865,0.27834,6841.594108,0.142857,0.004105
26257,,16,1,1,2,1,1,2,8,0.238963,0.247033,0,0,0.00332
27958,,7,2,7,9,2,7,9,8,0.263109,0.274535,4150.704123,0.160714,0.004157
29938,,16,19,15,34,19,15,34,8,0.266397,0.279161,59139.142411,0.135468,0.010011
28340,,2,47,10,57,47,10,57,8,0.247057,0.256652,232329.037127,0.030588,0.016479
10267,,16,4,4,8,4,4,8,9,0.231201,0.238731,394.341146,0.178571,0.005403
32086,,16,1,2,3,1,2,3,8,0.238969,0.247068,5306.16577,0,0.00332
20328,,16,7,10,17,7,10,17,8,0.256454,0.267403,38374.264932,0.0875,0.004505
24762,,16,4,6,10,4,6,10,8,0.249589,0.258917,28833.272728,0.285714,0.005108
8579,,16,2,10,12,2,10,12,8,0.252505,0.263971,27554.665111,0.381818,0.003655
10040,,16,3,3,6,3,3,6,9,0.220714,0.227359,53538.740956,0.05,0.004397
34855,,16,4,3,7,4,3,7,8,0.250646,0.260482,23016.078422,0.066667,0.004015
2114,,7,6,1,7,6,1,7,1,1,1,6161.261163,0.095238,0.005927
3973,,7,2,0,2,2,0,2,0,0,0,0,0.5,0.005533
7389,,7,3,1,4,3,1,4,9,0.217034,0.223029,3673.842334,0.333333,0.004691
9801,,7,1,0,1,1,0,1,0,0,0,0,0,0.003755
10323,,7,2,2,4,2,2,4,9,0.22123,0.22785,81.863139,0.166667,0.004007
18112,,7,1,1,2,1,1,2,9,0.234946,0.243866,0,0,0.003755
5009,,7,4,3,7,4,3,7,9,0.225913,0.23286,64054.993578,0.047619,0.006115
2694,,7,3,2,5,3,2,5,9,0.208252,0.213736,2267.086478,0.083333,0.00537
21324,,7,2,4,6,2,4,6,9,0.210707,0.216344,26392.49167,0,0.004826
3155,,7,4,4,8,4,4,8,9,0.230657,0.238223,6861.365771,0.089286,0.00449
11829,,16,4,14,18,4,14,18,8,0.285779,0.300777,87869.747768,0.130719,0.007985
17261,,7,1,1,2,1,1,2,9,0.214175,0.220398,84.219405,0.5,0.003755
10337,,7,1,1,2,1,1,2,9,0.215529,0.221817,0,1,0.003755
11550,,7,1,2,3,1,2,3,9,0.229753,0.236954,0,0.5,0.003755
30542,,7,1,1,2,1,1,2,9,0.222685,0.230059,450.950501,0.5,0.003755
35352,,7,1,0,1,1,0,1,0,0,0,0,0,0.003755
34776,,1,2,0,2,2,0,2,0,0,0,0,0.5,0.009339
169,,69,17,18,35,17,18,35,8,0.240272,0.249316,190905.92647,0.092593,0.005049
994,,69,21,12,33,21,12,33,8,0.231596,0.239747,248687.260286,0.064039,0.006391
2579,,7,16,15,31,16,15,31,8,0.27715,0.29069,59257.908399,0.130952,0.010545
4173,,69,21,1,22,21,1,22,9,0.193727,0.198233,95077.610629,0.097619,0.007412
5707,,69,3,6,9,3,6,9,9,0.227653,0.235299,360.892814,0.464286,0.000699
2626,,69,8,7,15,8,7,15,9,0.225899,0.233674,35168.463147,0.166667,0.00298
1473,,69,6,0,6,6,0,6,0,0,0,0,0.3,0.002952
11304,,7,5,1,6,5,1,6,8,0.262757,0.273467,4872.578195,0.6,0.002795
7179,,69,15,16,31,15,16,31,8,0.279512,0.292756,294001.543177,0.064815,0.010197
8335,,69,5,3,8,5,3,8,9,0.229367,0.237023,66.348039,0.452381,0.002544
3773,,69,7,7,14,7,7,14,8,0.237384,0.246012,82908.178357,0.072727,0.003346
2445,,69,4,5,9,4,5,9,9,0.222872,0.230249,20066.457112,0.261905,0.001678
2439,,7,1,1,2,1,1,2,9,0.222424,0.229632,0,0,0.001372
2611,,7,1,1,2,1,1,2,9,0.222424,0.229632,0,0,0.001372
692,,69,3,2,5,3,2,5,9,0.223094,0.230416,44816.061908,0.166667,0.001713
4616,,7,1,0,1,1,0,1,0,0,0,0,0,0.001372
5923,,7,3,0,3,3,0,3,0,0,0,0,0,0.002532
6871,,7,2,1,3,2,1,3,10,0.181959,0.185822,10682.603703,0.5,0.00155
4275,,7,14,7,21,14,7,21,8,0.266506,0.27828,72677.56131,0.040476,0.006857
9318,,7,5,5,10,5,5,10,9,0.227653,0.235282,15585.845448,0.404762,0.002649
9183,,7,2,6,8,2,6,8,8,0.240908,0.249314,26850.782334,0.047619,0.001585
10928,,69,4,3,7,4,3,7,9,0.223898,0.231159,7750.951267,0.333333,0.002329
370,,7,4,10,14,4,10,14,8,0.275726,0.289246,52635.923467,0.227273,0.004381
12971,,7,1,0,1,1,0,1,0,0,0,0,0,0.001372
11698,,69,4,1,5,4,1,5,9,0.222424,0.229632,9112.635737,0.25,0.002122
12905,,69,2,1,3,2,1,3,9,0.222424,0.229632,9112.635737,0,0.001552
15835,,7,1,0,1,1,0,1,0,0,0,0,0,0.001372
3741,,69,6,8,14,6,8,14,8,0.240896,0.250123,78641.918032,0.118182,0.002703
16830,,69,2,0,2,2,0,2,0,0,0,0,0,0.00154
17726,,7,1,1,2,1,1,2,9,0.22212,0.228772,0,1,0.001372
12384,,67,7,3,10,7,3,10,9,0.22697,0.234551,33025.677387,0.088889,0.002991
6485,,69,4,2,6,4,2,6,9,0.222472,0.229736,18830.505576,0.333333,0.002022
22287,,7,11,7,18,11,7,18,8,0.266763,0.278455,7111.406989,0.137255,0.007736
21918,,69,1,2,3,1,2,3,9,0.222427,0.229659,0,1,0.001372
12354,,7,7,2,9,7,2,9,8,0.230852,0.2383,2372.229333,0.357143,0.003674
19053,,41,6,0,6,6,0,6,0,0,0,0,0.266667,0.003469
18791,,7,1,1,2,1,1,2,9,0.222424,0.229632,0,0,0.001372
12555,,69,10,6,16,10,6,16,9,0.228349,0.236031,102651.071235,0.061905,0.003337
32601,,7,1,1,2,1,1,2,9,0.222424,0.229632,0,0,0.001372
2624,,7,1,2,3,1,2,3,9,0.22243,0.229668,7303.766426,0.5,0.001372
171,,7,1,4,5,1,4,5,9,0.247903,0.257879,4604.351934,0.15,0.000414
11214,,7,3,7,10,3,7,10,8,0.24386,0.252719,71092.4963,0.027778,0.000555
3667,,7,2,0,2,2,0,2,0,0,0,0,0.5,0.000838
4092,,7,15,5,20,15,5,20,8,0.263408,0.275176,88991.122568,0.117647,0.008216
9843,,23,2,1,3,2,1,3,9,0.217735,0.224251,18826,0,0.000511
4452,,1,3,7,10,3,7,10,8,0.235549,0.244602,29234.830618,0.166667,0.003011
19957,,67,3,1,4,3,1,4,1,1,1,15.828861,0.166667,0.000756
27455,,7,1,0,1,1,0,1,0,0,0,0,0,0.000343
27114,,1,6,0,6,6,0,6,0,0,0,0,0,0.00216
3764,,7,3,0,3,3,0,3,0,0,0,0,0.166667,0.001151
6059,,7,1,0,1,1,0,1,0,0,0,0,0,0.000564
5374,,7,1,3,4,1,3,4,8,0.229247,0.236813,6.344302,0.333333,0.000564
642,,7,3,2,5,3,2,5,8,0.224914,0.231893,6.494211,0.833333,0.001703
4308,,7,12,7,19,12,7,19,9,0.234516,0.243045,25107.040291,0.111111,0.006191
8935,,7,2,0,2,2,0,2,0,0,0,0,1,0.00089
20816,,7,7,10,17,7,10,17,8,0.269074,0.281714,64393.629036,0.1,0.004494
25008,,16,2,0,2,2,0,2,0,0,0,0,0,0.000771
15209,,7,3,2,5,3,2,5,9,0.21974,0.226332,60.648506,0.05,0.001286
34694,,7,2,1,3,2,1,3,9,0.22302,0.229743,0,0.5,0.000732
9314,,67,3,0,3,3,0,3,0,0,0,0,0,0.001156
19319,,7,1,3,4,1,3,4,9,0.215017,0.221067,27.447539,0,0.000813
9214,,7,4,4,8,4,4,8,8,0.241784,0.250461,48.138284,0.285714,0.002294
175,,7,0,1,1,0,1,1,9,0.213168,0.218889,0,0,0
595,,16,14,5,19,14,5,19,8,0.250906,0.262427,24640.001223,0.171429,0.00833
771,,16,8,6,14,8,6,14,9,0.21563,0.222603,30592.058613,0.151515,0.007138
2192,,16,4,3,7,4,3,7,9,0.229387,0.237605,1767.28226,0.533333,0.006383
2937,,16,1,0,1,1,0,1,0,0,0,0,0,0.002074
3083,,16,2,0,2,2,0,2,0,0,0,0,0,0.002988
3105,,16,2,2,4,2,2,4,8,0.236122,0.244806,216.957451,0.5,0.00297
4306,,16,1,0,1,1,0,1,0,0,0,0,0,0.002074
5220,,16,5,14,19,5,14,19,8,0.267852,0.27984,82357.54079,0.1375,0.003851
2926,,16,23,15,38,23,15,38,8,0.242416,0.252635,94092.088387,0.105114,0.012261
6026,,7,1,2,3,1,2,3,8,0.261639,0.272826,201.927377,0.166667,0.002074
1868,,16,39,31,70,39,31,70,7,0.27195,0.285972,247832.728997,0.075835,0.021132
2452,,16,7,8,15,7,8,15,8,0.253273,0.264634,29832.396492,0.212121,0.004489
8447,,16,6,10,16,6,10,16,8,0.260092,0.272519,22592.906174,0.265152,0.006744
7127,,16,9,19,28,9,19,28,8,0.273304,0.28703,115812.302417,0.148551,0.00605
3137,,16,20,14,34,20,14,34,8,0.256457,0.268361,73242.330518,0.097291,0.009525
12120,,16,3,2,5,3,2,5,8,0.233852,0.242307,84.692606,0.5,0.002703
5645,,41,7,1,8,7,1,8,9,0.200796,0.205193,153.989467,0.125,0.006242
1644,,16,55,92,147,55,92,147,8,0.294395,0.312556,1091887.867338,0.051259,0.027214
2441,,16,6,5,11,6,5,11,8,0.243513,0.253188,46138.218639,0.152778,0.005886
15467,,16,1,0,1,1,0,1,0,0,0,0,0,0.002074
16163,,16,2,2,4,2,2,4,8,0.234557,0.243107,10.381534,0.666667,0.002577
5567,,16,19,13,32,19,13,32,8,0.280746,0.294858,97133.275824,0.121921,0.014657
19027,,16,2,0,2,2,0,2,0,0,0,0,1,0.002439
7896,,16,1,2,3,1,2,3,8,0.233637,0.242023,0,1,0.002074
6047,,16,5,14,19,5,14,19,8,0.261392,0.272844,63972.929245,0.139706,0.004159
18604,,16,1,1,2,1,1,2,8,0.233631,0.241988,0,0,0.002074
22449,,16,1,1,2,1,1,2,8,0.233631,0.241988,0,0,0.002074
8212,,16,9,6,15,9,6,15,8,0.236235,0.245232,35795.540392,0.290909,0.007099
4702,,16,5,12,17,5,12,17,8,0.235222,0.244076,142980.043909,0.057143,0.003681
10127,,16,6,4,10,6,4,10,8,0.251947,0.262126,54333.510399,0.166667,0.00553
5794,,16,1,3,4,1,3,4,8,0.237301,0.246147,1173.826342,0.25,0.002074
23822,,16,2,2,4,2,2,4,8,0.232047,0.24015,261.598397,0.666667,0.002931
2250,,16,1,1,2,1,1,2,8,0.233631,0.241988,0,0,0.002074
26011,,16,2,0,2,2,0,2,0,0,0,0,1,0.00297
4691,,16,10,7,17,10,7,17,8,0.252062,0.262466,25293.832819,0.129167,0.008998
20022,,16,2,2,4,2,2,4,9,0.22773,0.235343,132.499141,0.416667,0.004767
4475,,16,3,6,9,3,6,9,8,0.239858,0.249254,1973.196434,0.107143,0.003423
28851,,16,2,0,2,2,0,2,0,0,0,0,1,0.003412
10146,,16,6,7,13,6,7,13,8,0.244249,0.253699,5748.504993,0.189394,0.008817
25411,,16,1,1,2,1,1,2,8,0.233631,0.241988,0,0,0.002074
20342,,16,3,7,10,3,7,10,8,0.24457,0.254519,71049.887788,0.160714,0.002487
30016,,16,1,0,1,1,0,1,0,0,0,0,0,0.002074
3542,,16,3,6,9,3,6,9,8,0.253822,0.265752,988.579307,0.380952,0.005024
2023,,16,9,8,17,9,8,17,8,0.254467,0.266583,28651.751034,0.269231,0.005239
18644,,16,1,2,3,1,2,3,8,0.237148,0.246138,0,1,0.002074
31677,,16,1,0,1,1,0,1,0,0,0,0,0,0.002074
29348,,16,1,2,3,1,2,3,8,0.234624,0.243225,0,1,0.002074
8834,,16,12,7,19,12,7,19,8,0.234738,0.243728,24352.282844,0.228571,0.010894
2340,,16,16,32,48,16,32,48,8,0.289066,0.305115,284444.147558,0.074242,0.015505
21302,,16,2,8,10,2,8,10,8,0.264258,0.276069,3151.300539,0.166667,0.004767
14438,,16,1,7,8,1,7,8,8,0.243246,0.253027,2844.413185,0.47619,0.002074
4421,,16,3,1,4,3,1,4,8,0.262753,0.273463,18826,0.333333,0.002693
3020,,7,9,18,27,9,18,27,8,0.282711,0.297161,46546.93126,0.112319,0.007067
3849,,16,5,2,7,5,2,7,8,0.23382,0.242305,390.369411,0.5,0.004191
177,,65,5,2,7,5,2,7,9,0.213602,0.21956,37652.5,0.166667,0.001292
13181,,65,8,0,8,8,0,8,0,0,0,0,0.125,0.001825
6139,,65,1,0,1,1,0,1,0,0,0,0,0,0.000609
6793,,65,1,0,1,1,0,1,0,0,0,0,0,0.000609
6992,,65,1,1,2,1,1,2,9,0.213599,0.219534,0,0,0.000609
7409,,65,1,0,1,1,0,1,0,0,0,0,0,0.000609
7659,,65,1,0,1,1,0,1,0,0,0,0,0,0.000609
7837,,65,1,1,2,1,1,2,9,0.213599,0.219534,0,0,0.000609
7927,,65,4,0,4,4,0,4,0,0,0,0,0.083333,0.001114
9692,,65,1,0,1,1,0,1,0,0,0,0,0,0.000609
10897,,65,1,4,5,1,4,5,9,0.213607,0.219614,0,0.5,0.000609
11220,,65,1,0,1,1,0,1,0,0,0,0,0,0.000609
11529,,65,1,0,1,1,0,1,0,0,0,0,0,0.000609
11721,,65,3,2,5,3,2,5,9,0.213604,0.219569,2,0.416667,0.000956
10832,,65,3,1,4,3,1,4,9,0.213599,0.219534,68.608518,0.166667,0.000946
11826,,65,1,0,1,1,0,1,0,0,0,0,0,0.000609
11818,,65,1,1,2,1,1,2,9,0.213599,0.219534,0,0,0.000609
12265,,65,1,1,2,1,1,2,9,0.213599,0.219534,0,0,0.000609
12331,,65,1,0,1,1,0,1,0,0,0,0,0,0.000609
12332,,65,1,0,1,1,0,1,0,0,0,0,0,0.000609
12408,,65,1,0,1,1,0,1,0,0,0,0,0,0.000609
13565,,65,1,0,1,1,0,1,0,0,0,0,0,0.000609
16452,,65,2,1,3,2,1,3,9,0.213599,0.219534,0,0.5,0.000778
18525,,65,2,0,2,2,0,2,0,0,0,0,0,0.00312
18771,,65,1,0,1,1,0,1,0,0,0,0,0,0.000609
20613,,65,1,0,1,1,0,1,0,0,0,0,0,0.000609
21093,,65,1,0,1,1,0,1,0,0,0,0,0,0.000609
15118,,65,2,2,4,2,2,4,9,0.213604,0.219569,18826,0.333333,0.000778
23154,,65,1,0,1,1,0,1,0,0,0,0,0,0.000609
28867,,65,1,0,1,1,0,1,0,0,0,0,0,0.000609
29163,,65,1,0,1,1,0,1,0,0,0,0,0,0.000609
1939,,7,7,14,21,7,14,21,8,0.267871,0.280083,100330.495002,0.133333,0.004169
3284,,7,1,1,2,1,1,2,8,0.246704,0.255764,209.48659,0.5,0.001128
3289,,69,3,3,6,3,3,6,8,0.233061,0.24134,48115.024825,0.166667,0.002569
2281,,7,12,24,36,12,24,36,8,0.290776,0.307124,82867.413856,0.123106,0.005223
5983,,69,29,21,50,29,21,50,8,0.249609,0.260321,453109.04875,0.068067,0.006449
6701,,69,4,1,5,4,1,5,8,0.23305,0.241269,83.589628,0.5,0.001708
7667,,7,1,1,2,1,1,2,8,0.23305,0.241269,0,0,0.001128
8565,,69,4,0,4,4,0,4,0,0,0,0,0.75,0.001987
3129,,7,4,5,9,4,5,9,8,0.264946,0.276308,3825.685259,0.142857,0.002485
9000,,69,6,2,8,6,2,8,8,0.233096,0.241424,0,0.433333,0.002209
11825,,7,1,0,1,1,0,1,0,0,0,0,0,0.001128
11893,,69,2,2,4,2,2,4,8,0.233096,0.241424,0,0.833333,0.001326
12515,,7,7,10,17,7,10,17,8,0.261469,0.272567,32492.969593,0.076923,0.004595
13057,,7,1,0,1,1,0,1,0,0,0,0,0,0.001128
1624,,7,10,7,17,10,7,17,8,0.267529,0.279238,27397.678619,0.2125,0.005018
12599,,69,3,8,11,3,8,11,8,0.237047,0.246401,64603.910409,0.138889,0.001529
2856,,7,7,7,14,7,7,14,8,0.267214,0.278866,2505.483971,0.295455,0.004466
15659,,69,4,12,16,4,12,16,8,0.233139,0.241729,128358.794869,0.25641,0.001705
12192,,7,10,6,16,10,6,16,8,0.249377,0.258426,20406.433297,0.208791,0.006532
24102,,7,4,5,9,4,5,9,8,0.235867,0.244495,30122.099095,0.366667,0.002202
22814,,7,2,1,3,2,1,3,1,1,1,1226.399129,0.333333,0.001361
21866,,69,1,5,6,1,5,6,8,0.23574,0.244746,19734.088219,0.5,0.001128
1828,,16,23,40,63,23,40,63,8,0.288875,0.304875,316904.840374,0.091883,0.018844
28060,,7,3,1,4,3,1,4,8,0.261476,0.272569,0,0.416667,0.002199
23286,,7,12,21,33,12,21,33,7,0.30765,0.32336,173780.788537,0.170968,0.004604
31032,,7,4,0,4,4,0,4,0,0,0,0,0.5,0.001977
21280,,7,4,1,5,4,1,5,8,0.243999,0.252847,728.834433,0.15,0.002344
33976,,24,2,0,2,2,0,2,0,0,0,0,0,0.001296
8638,,7,2,3,5,2,3,5,8,0.224887,0.232277,647.110181,0.083333,0.001024
8977,,7,1,5,6,1,5,6,8,0.236689,0.245442,0,0.55,0.000701
8317,,7,7,9,16,7,9,16,8,0.249864,0.259159,77260.22261,0.185897,0.002735
13992,,7,1,1,2,1,1,2,9,0.221399,0.228244,0,0,0.000701
23730,,7,1,3,4,1,3,4,8,0.264845,0.276657,544.561868,0.166667,0.000701
22411,,7,1,2,3,1,2,3,8,0.228092,0.235701,0,1,0.000701
23376,,7,2,2,4,2,2,4,8,0.247515,0.256011,1268.557309,0.166667,0.000906
29484,,7,8,1,9,8,1,9,9,0.18813,0.192452,732.999526,0.214286,0.003219
25294,,7,3,1,4,3,1,4,9,0.221399,0.228244,0,0.833333,0.001636
29230,,7,3,3,6,3,3,6,8,0.231722,0.240024,19099.72186,0.5,0.00124
3612,,16,1,0,1,1,0,1,0,0,0,0,0,0.002132
4470,,16,2,0,2,2,0,2,0,0,0,0,0.5,0.003044
5487,,16,1,0,1,1,0,1,0,0,0,0,0,0.002132
6635,,16,13,8,21,13,8,21,8,0.262146,0.274053,60841.845109,0.166667,0.015835
7626,,16,2,1,3,2,1,3,8,0.236163,0.244728,70.923129,0.333333,0.002653
7897,,1,8,4,12,8,4,12,8,0.255088,0.265649,60640.813636,0.072727,0.006575
8873,,16,3,1,4,3,1,4,9,0.217037,0.222893,37652,0.166667,0.002469
7247,,16,8,6,14,8,6,14,8,0.240235,0.250262,26997.514517,0.224359,0.005728
5196,,16,9,12,21,9,12,21,8,0.277416,0.290843,69878.38644,0.196078,0.017403
12723,,16,5,1,6,5,1,6,9,0.199731,0.205081,11.590114,0.3,0.003414
13065,,16,6,5,11,6,5,11,8,0.253211,0.262955,8655.157066,0.090909,0.005219
15657,,16,2,1,3,2,1,3,9,0.207499,0.213247,18933.948459,0,0.002301
2524,,16,11,5,16,11,5,16,8,0.239593,0.249012,86687.527916,0.066667,0.006507
6651,,16,1,6,7,1,6,7,8,0.268506,0.281173,2095.847423,0.266667,0.002132
16159,,16,4,5,9,4,5,9,8,0.242503,0.252388,19882.722219,0.142857,0.002961
18127,,16,3,6,9,3,6,9,8,0.247528,0.256957,47513.400965,0.125,0.003435
18617,,1,4,0,4,4,0,4,0,0,0,0,0.083333,0.002797
1536,,16,4,2,6,4,2,6,9,0.228172,0.236365,19077.5264,0.25,0.003204
12813,,16,5,2,7,5,2,7,8,0.233431,0.241904,19613.3422,0.1,0.003904
21636,,16,1,0,1,1,0,1,0,0,0,0,0,0.002132
22274,,16,4,2,6,4,2,6,9,0.223685,0.230369,26662.144193,0.2,0.010127
24681,,16,1,0,1,1,0,1,0,0,0,0,0,0.002132
24870,,16,1,0,1,1,0,1,0,0,0,0,0,0.002132
24923,,16,4,4,8,4,4,8,8,0.246801,0.257226,2660.022002,0.214286,0.003124
27600,,16,1,1,2,1,1,2,8,0.24443,0.254489,0,1,0.002132
3517,,16,3,4,7,3,4,7,8,0.250886,0.260874,1287.390867,0.095238,0.002628
28471,,16,5,0,5,5,0,5,0,0,0,0,0.55,0.010005
3812,,1,13,29,42,13,29,42,8,0.256509,0.268158,755491.207857,0.013514,0.007158
3681,,16,8,3,11,8,3,11,9,0.230815,0.239205,40474.234301,0.125,0.005568
30230,,16,1,0,1,1,0,1,0,0,0,0,0,0.002132
6982,,16,3,3,6,3,3,6,8,0.242104,0.250341,3319.916284,0.2,0.002566
12876,,16,2,2,4,2,2,4,9,0.225315,0.233365,37.111737,0.166667,0.002653
31473,,16,5,4,9,5,4,9,8,0.238337,0.247918,9776.847282,0.261905,0.005584
32170,,16,1,1,2,1,1,2,9,0.22485,0.23277,0,0,0.002132
7655,,16,3,6,9,3,6,9,8,0.260553,0.272003,6891.145053,0.25,0.008657
11668,,16,5,5,10,5,5,10,8,0.246153,0.254922,93055.185194,0.152778,0.011046
34415,,16,1,5,6,1,5,6,8,0.239687,0.248172,29347.610774,0.066667,0.002132
34524,,16,1,1,2,1,1,2,9,0.22485,0.23277,0,0,0.002132
7040,,16,4,2,6,4,2,6,8,0.235149,0.243928,347.326602,0.233333,0.00208
15205,,16,1,0,1,1,0,1,0,0,0,0,0,0.00131
1773,,16,6,7,13,6,7,13,9,0.243271,0.252747,47098.006947,0.030303,0.003322
16476,,16,1,9,10,1,9,10,8,0.24882,0.259299,27274.970399,0.180556,0.00131
9008,,16,1,1,2,1,1,2,9,0.210386,0.216025,1192.591507,0,0.00131
14419,,36,2,6,8,2,6,8,9,0.224007,0.231311,31683.766745,0.142857,0.001768
21320,,16,3,2,5,3,2,5,9,0.236659,0.245217,25974,0.5,0.001974
9803,,16,6,11,17,6,11,17,8,0.26064,0.273331,91153.2602,0.158333,0.002648
7068,,16,1,1,2,1,1,2,8,0.246656,0.256156,0,1,0.00131
183,,16,1,2,3,1,2,3,8,0.242609,0.251078,0,1,0.000292
11263,,16,4,0,4,4,0,4,0,0,0,0,0.416667,0.001825
12665,,16,1,1,2,1,1,2,8,0.230966,0.237588,0,0,0.000292
13749,,16,2,2,4,2,2,4,9,0.218704,0.22554,105.445329,0.333333,0.000526
21069,,16,2,0,2,2,0,2,0,0,0,0,1,0.001402
13694,,16,7,9,16,7,9,16,8,0.252976,0.263402,99293.566656,0.087912,0.004298
185,,65,0,2,2,0,2,2,8,0.235382,0.243477,0,0,0
186,,7,0,2,2,0,2,2,9,0.208339,0.214095,0,0,0
187,,7,19,8,27,19,8,27,8,0.263146,0.275117,128461.261124,0.096667,0.022711
8211,,1,1,4,5,1,4,5,9,0.222906,0.230676,250.8341,0.05,0.000456
188,,36,8,12,20,8,12,20,8,0.240324,0.249531,65372.529199,0.154167,0.006687
189,,36,24,21,45,24,21,45,7,0.278743,0.291992,271856.744367,0.073549,0.012148
3578,,36,7,9,16,7,9,16,8,0.241895,0.250598,70659.069638,0.089744,0.002568
3243,,36,1,3,4,1,3,4,9,0.253727,0.26439,498.873886,0.166667,0.000263
14412,,36,1,0,1,1,0,1,0,0,0,0,0,0.000263
6813,,36,7,0,7,7,0,7,0,0,0,0,0.095238,0.003115
3839,,16,6,11,17,6,11,17,8,0.248725,0.25893,59092.499948,0.132353,0.001853
1522,,36,17,15,32,17,15,32,8,0.281961,0.296352,235982.798903,0.10582,0.006521
9736,,36,3,6,9,3,6,9,8,0.228424,0.235708,19170.781286,0.261905,0.000749
12138,,36,3,2,5,3,2,5,8,0.226784,0.233669,291.368241,0.083333,0.000826
16742,,36,2,0,2,2,0,2,0,0,0,0,0,0.002159
7862,,36,7,8,15,7,8,15,8,0.238681,0.247547,136239.585753,0.071429,0.001689
27615,,36,1,0,1,1,0,1,0,0,0,0,0,0.000365
22364,,36,4,1,5,4,1,5,8,0.217984,0.224012,648.924422,0.25,0.00289
24124,,36,2,0,2,2,0,2,0,0,0,0,0,0.000539
3474,,7,2,0,2,2,0,2,0,0,0,0,0,0.007078
7305,,7,1,1,2,1,1,2,9,0.214669,0.220509,493.000822,0.5,0.00691
7306,,7,3,3,6,3,3,6,9,0.231642,0.239444,7036.506788,0.3,0.007695
191,,25,25,18,43,25,18,43,8,0.237924,0.24651,297702.749811,0.054367,0.006912
1689,,25,11,8,19,11,8,19,8,0.236508,0.244734,16165.191,0.269231,0.004478
7779,,25,5,1,6,5,1,6,8,0.234148,0.242084,8349.000182,0.45,0.002981
13163,,25,1,0,1,1,0,1,0,0,0,0,0,0.000314
16387,,25,1,0,1,1,0,1,0,0,0,0,0,0.000314
19233,,25,4,3,7,4,3,7,8,0.236451,0.244524,2.542909,0.75,0.002884
22378,,25,4,3,7,4,3,7,8,0.236451,0.244524,1513.289144,0.583333,0.002877
208,,25,5,35,40,5,35,40,8,0.282101,0.296209,93920.195953,0.094595,0.002806
23842,,25,1,0,1,1,0,1,0,0,0,0,0,0.000314
23583,,25,3,1,4,3,1,4,9,0.192198,0.196515,4.866141,0.833333,0.001034
23821,,25,1,2,3,1,2,3,9,0.215142,0.220969,0,1,0.000314
22048,,25,1,3,4,1,3,4,8,0.236424,0.244453,0,1,0.000314
24341,,25,4,2,6,4,2,6,8,0.23482,0.242896,7549.189637,0.266667,0.000995
31487,,25,2,0,2,2,0,2,0,0,0,0,0,0.000599
12941,,25,1,1,2,1,1,2,9,0.214948,0.220662,0,0,0.000435
9367,,25,5,5,10,5,5,10,8,0.236436,0.244524,10498.696178,0.428571,0.003012
18921,,25,1,2,3,1,2,3,9,0.214987,0.220762,0,1,0.000435
26064,,25,1,0,1,1,0,1,0,0,0,0,0,0.000435
30442,,25,2,3,5,2,3,5,8,0.234163,0.242163,8475.082637,0.583333,0.002395
193,,36,1,4,5,1,4,5,9,0.21984,0.226715,25981.200588,0.25,0.000263
13126,,36,1,1,2,1,1,2,9,0.215484,0.2216,0,0.5,0.000174
4950,,7,3,9,12,3,9,12,8,0.28052,0.294079,1757.932347,0.319444,0.001072
8704,,7,1,0,1,1,0,1,0,0,0,0,0,0.000383
11188,,7,1,0,1,1,0,1,0,0,0,0,0,0.000383
14193,,7,1,1,2,1,1,2,9,0.193014,0.197058,26.499449,0,0.000383
1377,,1,9,11,20,9,11,20,8,0.263769,0.275698,44119.256496,0.106618,0.005692
2030,,1,11,3,14,11,3,14,8,0.23889,0.247253,177.390573,0.365385,0.005382
1442,,1,29,16,45,29,16,45,8,0.239088,0.247773,93746.596686,0.25976,0.011868
3611,,1,8,9,17,8,9,17,8,0.240572,0.249305,26591.84754,0.269231,0.00439
4047,,1,1,0,1,1,0,1,0,0,0,0,0,0.002416
5178,,1,1,0,1,1,0,1,0,0,0,0,0,0.002416
3930,,1,29,15,44,29,15,44,8,0.264377,0.276332,38479.465274,0.280952,0.01212
5571,,1,10,17,27,10,17,27,8,0.239376,0.248166,52214.640957,0.533597,0.005368
4032,,1,10,24,34,10,24,34,8,0.275113,0.288875,27583.071656,0.279101,0.005272
5711,,1,20,18,38,20,18,38,8,0.239718,0.248612,596.396705,0.486154,0.008146
1335,,1,25,16,41,25,16,41,8,0.240085,0.249272,2338.599415,0.37931,0.010104
5820,,1,16,17,33,16,17,33,8,0.239157,0.247866,16953.061062,0.436923,0.006926
4095,,1,22,16,38,22,16,38,8,0.240825,0.249989,4610.669445,0.441799,0.008687
1668,,1,15,17,32,15,17,32,8,0.240893,0.249993,4041.488342,0.222222,0.007103
6872,,1,12,20,32,12,20,32,8,0.239871,0.24886,1828.251377,0.43254,0.006036
1899,,1,20,22,42,20,22,42,8,0.243832,0.253374,7356.792926,0.346591,0.008541
4094,,1,25,16,41,25,16,41,8,0.240131,0.248929,66653.412186,0.356989,0.019319
5769,,1,18,12,30,18,12,30,8,0.239051,0.247625,1412.326269,0.559289,0.008156
5748,,1,9,20,29,9,20,29,8,0.241474,0.250783,1508.327294,0.298913,0.005225
7747,,1,1,0,1,1,0,1,0,0,0,0,0,0.002416
8265,,1,1,1,2,1,1,2,8,0.228932,0.236642,0,1,0.002416
8398,,1,6,7,13,6,7,13,8,0.239039,0.247508,236849.893289,0.054545,0.003401
4310,,7,7,8,15,7,8,15,8,0.263839,0.275172,54693.884555,0.057143,0.007554
5704,,1,9,4,13,9,4,13,8,0.238563,0.246907,3018.895464,0.309091,0.005092
4210,,1,16,17,33,16,17,33,8,0.263695,0.275671,14017.777939,0.505,0.007096
9610,,1,4,0,4,4,0,4,0,0,0,0,0.416667,0.004932
12436,,1,19,3,22,19,3,22,9,0.193855,0.198434,64248.338628,0.192857,0.009942
11183,,1,1,2,3,1,2,3,8,0.238295,0.246485,0,1,0.002416
2518,,36,7,8,15,7,8,15,8,0.227008,0.235056,67705.836252,0.096154,0.005114
4661,,1,18,16,34,18,16,34,8,0.239837,0.248724,384.376267,0.485,0.007822
1122,,1,5,3,8,5,3,8,8,0.239048,0.247447,412.994319,0.333333,0.003357
5770,,1,25,25,50,25,25,50,8,0.243926,0.253648,23343.391842,0.33908,0.009954
1419,,1,19,11,30,19,11,30,8,0.239614,0.248483,88190.357953,0.133333,0.013908
5785,,1,10,11,21,10,11,21,8,0.267107,0.279288,41434.739621,0.19883,0.004987
5716,,1,13,23,36,13,23,36,8,0.240646,0.250012,2554.648954,0.397701,0.00659
571,,36,9,9,18,9,9,18,8,0.251671,0.261656,148033.147741,0.061905,0.003893
21683,,1,9,0,9,9,0,9,0,0,0,0,0.069444,0.004814
24459,,1,1,1,2,1,1,2,8,0.238225,0.246357,0,0,0.002416
25349,,1,3,0,3,3,0,3,0,0,0,0,0.833333,0.003218
5735,,1,21,8,29,21,8,29,8,0.238936,0.247379,954.690426,0.528986,0.008814
25001,,1,2,1,3,2,1,3,8,0.238225,0.246357,0,1,0.002766
28012,,1,1,0,1,1,0,1,0,0,0,0,0,0.002416
12048,,7,1,0,1,1,0,1,0,0,0,0,0,0.000568
10638,,7,4,1,5,4,1,5,9,0.207607,0.212851,1.863856,0.2,0.005254
18797,,7,10,4,14,10,4,14,9,0.229004,0.237119,21709.133762,0.115385,0.007101
26659,,7,3,0,3,3,0,3,0,0,0,0,0,0.000928
1932,,7,3,0,3,3,0,3,0,0,0,0,0,0.003476
5935,,41,5,0,5,5,0,5,0,0,0,0,0.2,0.004469
5984,,7,3,0,3,3,0,3,0,0,0,0,0.166667,0.003019
2874,,12,10,25,35,10,25,35,8,0.285195,0.300084,236556.26774,0.070076,0.007962
7627,,7,1,0,1,1,0,1,0,0,0,0,0,0.002495
10006,,7,7,5,12,7,5,12,8,0.252001,0.261481,1583.254271,0.366667,0.006128
10741,,41,17,11,28,17,11,28,8,0.239718,0.247921,132652.027654,0.104743,0.008943
10771,,7,2,2,4,2,2,4,8,0.257323,0.267234,0,0.833333,0.003551
13216,,7,1,1,2,1,1,2,8,0.262753,0.273463,0,1,0.002495
11676,,7,3,2,5,3,2,5,9,0.215373,0.22149,3857.43622,0,0.002872
13802,,7,18,0,18,18,0,18,0,0,0,0,0.071895,0.018132
3298,,7,4,2,6,4,2,6,8,0.243104,0.25145,2977.653461,0,0.003158
15630,,7,1,0,1,1,0,1,0,0,0,0,0,0.002495
6321,,7,3,6,9,3,6,9,8,0.263036,0.273762,3228.453213,0.339286,0.00519
18307,,7,1,2,3,1,2,3,8,0.239392,0.247305,19.721884,0.166667,0.002495
7028,,7,7,3,10,7,3,10,8,0.261487,0.272631,66909.452861,0.111111,0.00501
920,,7,13,30,43,13,30,43,8,0.279878,0.294551,114748.793842,0.11036,0.00608
2798,,7,11,14,25,11,14,25,8,0.27628,0.289308,42017.610343,0.167984,0.007032
20478,,7,1,0,1,1,0,1,0,0,0,0,0,0.002495
7950,,7,4,4,8,4,4,8,9,0.24096,0.249797,1665.273851,0.285714,0.008663
9418,,7,11,12,23,11,12,23,8,0.26682,0.278761,32997.055404,0.197368,0.007952
16164,,7,1,3,4,1,3,4,8,0.24045,0.249,1818.464317,0.25,0.002495
14688,,7,2,0,2,2,0,2,0,0,0,0,1,0.003573
3397,,7,4,6,10,4,6,10,8,0.2609,0.272112,26028.17877,0.595238,0.005318
25909,,7,1,0,1,1,0,1,0,0,0,0,0,0.002495
6915,,7,3,4,7,3,4,7,8,0.251533,0.26107,2.330684,0.65,0.003857
30351,,7,1,0,1,1,0,1,0,0,0,0,0,0.002495
13806,,7,3,3,6,3,3,6,8,0.263551,0.274968,504.740417,0.2,0.003366
32875,,7,1,0,1,1,0,1,0,0,0,0,0,0.002495
33353,,7,4,7,11,4,7,11,8,0.265908,0.27738,978.939972,0.255556,0.004468
7310,,7,2,4,6,2,4,6,8,0.271131,0.282664,1348.696301,0.166667,0.000502
18392,,7,7,0,7,7,0,7,0,0,0,0,0.095238,0.008618
27117,,7,1,4,5,1,4,5,8,0.241381,0.250307,15.664428,0.583333,0.000334
15885,,7,1,2,3,1,2,3,8,0.235625,0.243983,0,1,0.000334
35003,,7,1,0,1,1,0,1,0,0,0,0,0,0.000334
13654,,7,1,0,1,1,0,1,0,0,0,0,0,0.000426
202,,16,11,12,23,11,12,23,8,0.25316,0.264539,149178.08085,0.087719,0.005076
17278,,16,1,0,1,1,0,1,0,0,0,0,0,0.000254
2804,,16,8,8,16,8,8,16,8,0.26539,0.276692,79120.561415,0.033333,0.003208
13055,,16,8,4,12,8,4,12,8,0.24485,0.255122,3585.194822,0.288889,0.004773
29072,,16,1,0,1,1,0,1,0,0,0,0,0,0.000254
204,,16,4,4,8,4,4,8,8,0.246117,0.25486,38019.763928,0.142857,0.001558
1322,,16,6,6,12,6,6,12,8,0.246895,0.256471,54171.778967,0.163636,0.005651
969,,16,5,3,8,5,3,8,8,0.238784,0.246769,10314.283488,0.2,0.002282
1037,,16,1,1,2,1,1,2,8,0.238521,0.246394,0,0,0.000927
4913,,16,1,2,3,1,2,3,8,0.238524,0.246421,0,0.5,0.000927
6160,,16,2,0,2,2,0,2,0,0,0,0,1,0.001108
5591,,16,3,2,5,3,2,5,8,0.23853,0.246434,9149.877983,0.5,0.001302
10049,,16,1,0,1,1,0,1,0,0,0,0,0,0.000927
11792,,16,1,2,3,1,2,3,8,0.238527,0.24643,25974,0.5,0.000927
12177,,16,1,0,1,1,0,1,0,0,0,0,0,0.000927
7572,,36,1,7,8,1,7,8,9,0.254014,0.265461,72283.546082,0.053571,0.000927
15075,,16,1,0,1,1,0,1,0,0,0,0,0,0.000927
17002,,16,1,0,1,1,0,1,0,0,0,0,0,0.000927
20166,,16,8,11,19,8,11,19,8,0.268452,0.28137,64862.930733,0.195833,0.006323
3044,,16,6,12,18,6,12,18,8,0.257531,0.269302,5873.66147,0.1875,0.003385
764,,16,9,5,14,9,5,14,9,0.236329,0.245139,27814.069573,0.022727,0.005001
28858,,16,1,1,2,1,1,2,8,0.238521,0.246394,0,0,0.000927
15612,,2,6,4,10,6,4,10,8,0.240036,0.248238,25367.798559,0.111111,0.001883
34044,,16,1,0,1,1,0,1,0,0,0,0,0,0.000927
34725,,16,7,3,10,7,3,10,9,0.232268,0.239953,20512.51891,0.055556,0.002704
206,,2,26,34,60,26,34,60,8,0.252868,0.263659,554560.929508,0.071765,0.008136
406,,2,14,26,40,14,26,40,8,0.248702,0.259012,243397.645409,0.125806,0.005511
376,,2,2,3,5,2,3,5,1,1,1,0,0.4,0.000527
1744,,2,5,7,12,5,7,12,9,0.201864,0.207187,2.825,0.361111,0.001215
2819,,2,7,0,7,7,0,7,0,0,0,0,0.404762,0.001622
2062,,2,7,0,7,7,0,7,0,0,0,0,0.5,0.001688
2111,,2,19,20,39,19,20,39,8,0.263014,0.275352,323200.399346,0.060215,0.00666
304,,2,9,14,23,9,14,23,8,0.265585,0.277363,149835.815375,0.160819,0.004342
4111,,2,5,0,5,5,0,5,0,0,0,0,0.75,0.001197
3100,,2,5,7,12,5,7,12,10,0.167975,0.171107,109860.474319,0.155556,0.003244
4072,,2,4,2,6,4,2,6,1,1,1,1.125,0.266667,0.000969
377,,2,28,0,28,28,0,28,0,0,0,0,0.093915,0.012628
6343,,2,1,0,1,1,0,1,0,0,0,0,0,0.00033
4090,,2,5,12,17,5,12,17,9,0.204404,0.210174,307.418335,0.262821,0.001267
8366,,2,3,0,3,3,0,3,0,0,0,0,1,0.002846
8080,,2,20,24,44,20,24,44,8,0.241498,0.25072,225350.841022,0.133523,0.006471
12185,,2,5,7,12,5,7,12,9,0.204388,0.210023,370.980076,0.311111,0.001204
11624,,16,2,2,4,2,2,4,8,0.236205,0.244388,175.214259,0.333333,0.002551
9145,,2,5,0,5,5,0,5,0,0,0,0,0.55,0.001309
13906,,2,7,4,11,7,4,11,8,0.235998,0.244224,27449.762566,0.339286,0.001897
5754,,7,4,7,11,4,7,11,8,0.269127,0.281032,15048.264411,0.152778,0.004282
7334,,2,7,13,20,7,13,20,9,0.213444,0.219989,26825.671703,0.295238,0.001627
27936,,2,1,0,1,1,0,1,0,0,0,0,0,0.00033
11469,,2,4,2,6,4,2,6,9,0.209936,0.216045,502.144058,0.533333,0.001073
32864,,2,2,3,5,2,3,5,9,0.19821,0.203326,25.881568,0.5,0.000567
31683,,2,4,2,6,4,2,6,9,0.194084,0.198428,15.27038,0.75,0.002994
31809,,2,3,3,6,3,3,6,8,0.2359,0.244013,7520.582895,0.75,0.002762
4132,,25,3,2,5,3,2,5,8,0.24374,0.252825,1802.973797,0.416667,0.002482
9744,,25,3,2,5,3,2,5,8,0.234157,0.242128,0,0.75,0.000736
1474,,25,20,11,31,20,11,31,8,0.273673,0.285872,184947.115672,0.064615,0.008102
3594,,25,3,2,5,3,2,5,8,0.234151,0.24211,242.315414,0.416667,0.002923
14064,,16,4,9,13,4,9,13,8,0.253627,0.263643,86566.63411,0.083333,0.004029
430,,25,9,14,23,9,14,23,8,0.255392,0.266655,143156.243816,0.118421,0.007813
13250,,25,7,3,10,7,3,10,9,0.217934,0.224002,149.711273,0.311111,0.003596
11314,,25,4,1,5,4,1,5,8,0.234148,0.242084,0,0.583333,0.002657
5176,,25,5,4,9,5,4,9,8,0.256422,0.266608,50930.83588,0.266667,0.00283
4930,,25,4,5,9,4,5,9,8,0.251846,0.261777,8082.462876,0.309524,0.003214
24296,,25,3,2,5,3,2,5,9,0.192643,0.197031,13.769478,0.35,0.000659
17196,,25,3,2,5,3,2,5,8,0.234151,0.24211,1.5,0.666667,0.002369
6858,,25,2,1,3,2,1,3,8,0.234148,0.242084,0,1,0.002172
9598,,25,2,1,3,2,1,3,8,0.234148,0.242084,0,1,0.002172
14756,,25,8,4,12,8,4,12,8,0.260622,0.27167,49919.696253,0.177778,0.003615
4357,,25,1,0,1,1,0,1,0,0,0,0,0,0.00196
1083,,25,3,2,5,3,2,5,8,0.236418,0.244418,37674.390228,0.333333,0.00233
7990,,25,2,2,4,2,2,4,8,0.234151,0.24211,0,1,0.002162
9346,,25,1,2,3,1,2,3,8,0.236418,0.244418,0,1,0.00196
1082,,25,2,2,4,2,2,4,8,0.234151,0.24211,0.833333,0.666667,0.002208
12525,,25,1,7,8,1,7,8,8,0.238455,0.246756,25974,0.547619,0.00196
16663,,25,2,0,2,2,0,2,0,0,0,0,0,0.002128
11575,,25,2,4,6,2,4,6,8,0.236466,0.244548,0,0.833333,0.002208
18540,,25,1,0,1,1,0,1,0,0,0,0,0,0.00196
16429,,25,3,4,7,3,4,7,8,0.251204,0.260694,698.379172,0.3,0.0054
19369,,16,1,2,3,1,2,3,8,0.250886,0.26019,0,1,0.00196
8697,,7,3,4,7,3,4,7,8,0.266759,0.278175,4229.270047,0.133333,0.003316
16328,,7,3,5,8,3,5,8,8,0.277032,0.289368,3604.607777,0.142857,0.003206
18459,,25,1,2,3,1,2,3,8,0.234399,0.24241,136.503506,0.5,0.00196
19948,,25,2,1,3,2,1,3,8,0.234148,0.242084,0,0.5,0.002134
26425,,25,1,2,3,1,2,3,9,0.191232,0.195422,0,0.666667,0.00196
15243,,25,1,3,4,1,3,4,8,0.236451,0.244524,0,1,0.00196
7242,,16,2,1,3,2,1,3,8,0.226929,0.234501,0,0.5,0.003387
27296,,25,1,0,1,1,0,1,0,0,0,0,0,0.00196
28766,,25,2,0,2,2,0,2,0,0,0,0,0.5,0.002186
31239,,25,1,1,2,1,1,2,9,0.206745,0.212093,0,1,0.00196
31728,,25,1,0,1,1,0,1,0,0,0,0,0,0.00196
32510,,25,1,0,1,1,0,1,0,0,0,0,0,0.00196
2000,,2,5,11,16,5,11,16,8,0.270652,0.282616,177810.208151,0.083333,0.004741
25986,,25,1,1,2,1,1,2,9,0.214874,0.220562,0,1,0.00196
7589,,7,1,0,1,1,0,1,0,0,0,0,0,0.000559
6504,,7,1,7,8,1,7,8,8,0.267609,0.279502,26076.978861,0.160714,0.000559
8892,,7,3,3,6,3,3,6,8,0.264377,0.274939,1460.727195,0.1,0.001016
6028,,7,12,7,19,12,7,19,8,0.250562,0.261038,30571.398031,0.124183,0.010783
7328,,7,2,3,5,2,3,5,8,0.240198,0.248227,93.382084,0.3,0.000742
5803,,7,5,7,12,5,7,12,8,0.276325,0.289431,42084.026179,0.121212,0.001526
35497,,7,1,0,1,1,0,1,0,0,0,0,0,0.000559
8246,,14,2,0,2,2,0,2,0,0,0,0,1,0.001075
528,,7,8,10,18,8,10,18,8,0.267282,0.279342,11705.515359,0.211538,0.004422
27913,,16,6,0,6,6,0,6,0,0,0,0,0.1,0.002083
29035,,14,4,2,6,4,2,6,8,0.249146,0.258885,31.011392,0.65,0.001892
30209,,14,1,1,2,1,1,2,9,0.218447,0.225271,0,0,0.000731
30856,,14,1,0,1,1,0,1,0,0,0,0,0,0.000731
27175,,14,1,1,2,1,1,2,8,0.247392,0.256732,0,1,0.000731
33797,,14,1,0,1,1,0,1,0,0,0,0,0,0.000731
14700,,12,3,2,5,3,2,5,8,0.247626,0.257517,14793.826282,0.2,0.001594
16139,,7,1,1,2,1,1,2,8,0.240483,0.248319,72.524759,0,0.000958
17300,,36,3,1,4,3,1,4,9,0.186671,0.190441,0,0.666667,0.001472
15045,,7,5,2,7,5,2,7,8,0.225558,0.23308,19965.51598,0.133333,0.002664
19391,,7,1,0,1,1,0,1,0,0,0,0,0,0.000958
1185,,7,10,20,30,10,20,30,7,0.287829,0.302095,154734.542388,0.075397,0.008154
3084,,41,36,11,47,36,11,47,8,0.272734,0.285423,293727.630669,0.031008,0.010367
215,,14,2,0,2,2,0,2,0,0,0,0,0,0.000982
1833,,36,1,1,2,1,1,2,9,0.218759,0.225229,61.324518,0,0.000813
4574,,16,5,5,10,5,5,10,8,0.267685,0.279403,2130.774618,0.25,0.002649
3114,,16,4,4,8,4,4,8,8,0.233634,0.242435,385.093007,0.4,0.005439
8299,,16,6,9,15,6,9,15,8,0.272355,0.285701,30551.477609,0.211538,0.004856
11053,,16,1,1,2,1,1,2,9,0.227593,0.235164,0,0,0.000813
11636,,16,1,1,2,1,1,2,8,0.231499,0.239015,418.097895,0,0.000813
9497,,16,1,2,3,1,2,3,9,0.233924,0.242202,82.174222,0,0.000813
16832,,16,1,0,1,1,0,1,0,0,0,0,0,0.000813
3796,,14,4,5,9,4,5,9,8,0.260315,0.27112,27197.998924,0.097222,0.003023
16812,,7,2,16,18,2,16,18,8,0.279264,0.292522,5707.245058,0.084967,0.000997
22003,,16,1,0,1,1,0,1,0,0,0,0,0,0.000813
22168,,16,1,0,1,1,0,1,0,0,0,0,0,0.000813
24402,,16,1,0,1,1,0,1,0,0,0,0,0,0.000813
25616,,16,1,0,1,1,0,1,0,0,0,0,0,0.000813
24679,,16,2,3,5,2,3,5,8,0.239852,0.247976,37.07556,0.6,0.001112
1754,,7,2,10,12,2,10,12,8,0.256258,0.266481,888.142377,0.1,0.000986
28985,,2,1,2,3,1,2,3,8,0.261752,0.272933,48.571406,0.166667,0.000813
25097,,16,1,2,3,1,2,3,9,0.233518,0.241708,26074.441274,0,0.000813
3846,,1,15,14,29,15,14,29,8,0.242494,0.251932,4492.924336,0.139601,0.00589
16025,,1,2,2,4,2,2,4,8,0.22894,0.236682,25974,0.25,0.000896
1103,,1,12,13,25,12,13,25,8,0.242422,0.251472,108669.832537,0.127706,0.007344
850,,1,1,5,6,1,5,6,8,0.234215,0.242464,145.690793,0.366667,0.000704
34155,,1,1,0,1,1,0,1,0,0,0,0,0,0.000704
3978,,1,1,1,2,1,1,2,8,0.228932,0.236642,0,1,0.000704
2494,,7,3,5,8,3,5,8,8,0.243425,0.252386,1173.751438,0.196429,0.001956
9587,,7,1,0,1,1,0,1,0,0,0,0,0,0.000475
4868,,7,5,9,14,5,9,14,8,0.272091,0.285151,22972.284652,0.186813,0.001686
12614,,7,2,0,2,2,0,2,0,0,0,0,0,0.000889
5512,,7,2,1,3,2,1,3,9,0.222498,0.22944,0,0.5,0.000839
2051,,7,3,16,19,3,16,19,8,0.282694,0.296882,10467.04888,0.22807,0.001539
24452,,7,2,2,4,2,2,4,9,0.209896,0.215958,26073.655221,0,0.00087
26132,,7,16,34,50,16,34,50,8,0.289177,0.305438,133871.551184,0.162791,0.011351
3802,,7,2,2,4,2,2,4,8,0.263187,0.273987,18826,0.166667,0.000644
34051,,7,2,1,3,2,1,3,8,0.244567,0.253556,89.139709,0,0.000665
1391,,7,1,59,60,1,59,60,7,0.307459,0.325042,62981.714245,0.146893,0.001144
6716,,7,4,13,17,4,13,17,8,0.27256,0.286003,1170.276017,0.183824,0.002356
10090,,7,1,3,4,1,3,4,9,0.223621,0.230471,1654.434906,0.166667,0.001144
16078,,7,2,2,4,2,2,4,8,0.240843,0.249492,123.079655,0.333333,0.001317
2337,,7,15,26,41,15,26,41,8,0.288318,0.30336,164921.373067,0.147059,0.009531
25216,,7,1,7,8,1,7,8,8,0.260827,0.271634,46.149416,0.196429,0.001144
20827,,7,6,4,10,6,4,10,8,0.26495,0.276614,53291.310025,0.160714,0.003557
30698,,7,1,2,3,1,2,3,8,0.24301,0.25163,38.002235,0.5,0.001144
31550,,7,4,0,4,4,0,4,0,0,0,0,0.416667,0.003675
30092,,7,3,6,9,3,6,9,8,0.28151,0.295486,1470.854523,0.402778,0.002736
33103,,7,4,0,4,4,0,4,0,0,0,0,0.166667,0.00178
31615,,7,3,2,5,3,2,5,8,0.243217,0.252084,166.146857,0.4,0.001833
7946,,7,7,3,10,7,3,10,9,0.231619,0.239515,1922.785193,0.111111,0.004431
10933,,12,1,2,3,1,2,3,10,0.164899,0.168058,114.431309,0,0.001144
31704,,7,3,2,5,3,2,5,8,0.233852,0.24124,266.465841,0.333333,0.002066
35336,,7,1,0,1,1,0,1,0,0,0,0,0,0.001144
10055,,7,3,5,8,3,5,8,8,0.254399,0.264433,745.597767,0.428571,0.001872
1774,,7,14,9,23,14,9,23,8,0.274336,0.287413,40088.1518,0.147059,0.005472
13647,,7,1,1,2,1,1,2,8,0.248322,0.25719,0,1,0.000794
2456,,7,1,6,7,1,6,7,8,0.273185,0.285459,686.345088,0.071429,0.000794
3391,,7,4,11,15,4,11,15,8,0.256335,0.267411,2279.485609,0.141026,0.00221
9524,,7,33,21,54,33,21,54,8,0.292016,0.307025,326735.368392,0.05017,0.010657
31078,,7,4,5,9,4,5,9,8,0.260755,0.27123,0,0.5,0.00267
23148,,7,10,6,16,10,6,16,8,0.261302,0.271787,3734.538351,0.282051,0.006971
10189,,7,1,0,1,1,0,1,0,0,0,0,0,0.001055
11216,,7,1,1,2,1,1,2,9,0.200066,0.204368,0,0.5,0.001055
13919,,7,1,1,2,1,1,2,8,0.234563,0.242402,0,0,0.001055
8628,,7,2,2,4,2,2,4,8,0.235407,0.24275,28.227563,0.166667,0.001667
3396,,7,2,3,5,2,3,5,8,0.244703,0.253102,827.485972,0.083333,0.001239
12427,,7,3,7,10,3,7,10,8,0.268463,0.280379,20318.905242,0.291667,0.001392
30207,,26,3,0,3,3,0,3,0,0,0,0,0,0.001392
28940,,7,3,4,7,3,4,7,9,0.23546,0.243165,1098.592504,0.190476,0.001611
2160,,16,1,0,1,1,0,1,0,0,0,0,0,0.006332
2263,,16,2,2,4,2,2,4,9,0.251285,0.261812,0,1,0.006678
624,,16,7,8,15,7,8,15,9,0.216742,0.223592,295764.9544,0.063636,0.007876
5239,,16,1,1,2,1,1,2,9,0.216555,0.222363,332.476128,0.5,0.006332
5285,,41,4,4,8,4,4,8,9,0.237642,0.246668,56700.843732,0.142857,0.009434
6544,,2,2,0,2,2,0,2,0,0,0,0,1,0.008552
7227,,16,4,2,6,4,2,6,8,0.246976,0.2563,1940.852933,0.35,0.008841
9539,,16,1,0,1,1,0,1,0,0,0,0,0,0.006332
8923,,41,21,0,21,21,0,21,0,0,0,0,0.045238,0.012545
3265,,16,15,21,36,15,21,36,8,0.268632,0.282144,234792.456808,0.062069,0.012892
6103,,16,2,1,3,2,1,3,9,0.2125,0.218571,2673.362178,0.166667,0.006525
11542,,16,7,3,10,7,3,10,8,0.238087,0.246908,45668.390442,0.214286,0.013004
2631,,16,10,6,16,10,6,16,8,0.267259,0.279495,36411.967147,0.17619,0.014073
13769,,16,1,1,2,1,1,2,8,0.244427,0.25448,0,0,0.006332
10676,,16,4,5,9,4,5,9,8,0.271245,0.283818,33029.465429,0.232143,0.008217
1049,,16,2,1,3,2,1,3,1,1,1,25976,0,0.007048
16512,,7,3,0,3,3,0,3,0,0,0,0,0.333333,0.009615
16625,,16,2,1,3,2,1,3,8,0.226877,0.233704,0,1,0.007334
5245,,1,3,0,3,3,0,3,0,0,0,0,0,0.00743
14120,,16,3,4,7,3,4,7,8,0.246046,0.255807,27405.890529,0.366667,0.009128
3347,,16,2,1,3,2,1,3,9,0.232952,0.241229,378.066235,0.5,0.006588
4327,,41,15,18,33,15,18,33,8,0.258812,0.269942,255159.662174,0.03908,0.011723
1891,,16,2,3,5,2,3,5,8,0.237085,0.244808,29203.163316,0.083333,0.006907
17914,,1,3,0,3,3,0,3,0,0,0,0,0.166667,0.007065
12417,,16,2,2,4,2,2,4,9,0.208617,0.213939,31858.645718,0,0.006514
20866,,16,5,0,5,5,0,5,0,0,0,0,0.15,0.007853
21635,,16,1,0,1,1,0,1,0,0,0,0,0,0.006332
5116,,16,4,6,10,4,6,10,8,0.255628,0.266225,12986.037578,0.321429,0.01317
20432,,16,2,0,2,2,0,2,0,0,0,0,0.5,0.006939
18414,,16,4,4,8,4,4,8,8,0.242788,0.252663,1873.893195,0.47619,0.011527
18449,,16,10,5,15,10,5,15,8,0.241047,0.24994,47392.136373,0.10989,0.014224
5029,,16,2,3,5,2,3,5,9,0.226961,0.234436,1980.142377,0.1,0.006602
17849,,41,1,3,4,1,3,4,8,0.24568,0.255239,142.526132,0.416667,0.006332
24899,,16,1,0,1,1,0,1,0,0,0,0,0,0.006332
19287,,16,3,1,4,3,1,4,9,0.2135,0.219758,2332.299385,0.166667,0.006713
25285,,16,4,1,5,4,1,5,9,0.231286,0.23842,3634.782957,0.4,0.010042
26200,,16,1,1,2,1,1,2,9,0.210556,0.216299,1755.527911,0,0.006332
2299,,53,20,7,27,20,7,27,8,0.229644,0.237416,77373.141552,0.088768,0.017669
15214,,16,5,11,16,5,11,16,7,0.267449,0.279637,152026.2365,0.058333,0.007568
28316,,16,2,0,2,2,0,2,0,0,0,0,0,0.0065
14058,,16,2,1,3,2,1,3,9,0.224852,0.232779,29.957425,0.666667,0.008417
28719,,16,1,0,1,1,0,1,0,0,0,0,0,0.006332
24649,,16,7,4,11,7,4,11,8,0.254289,0.266219,24171.061702,0.222222,0.012487
23541,,16,2,1,3,2,1,3,8,0.239855,0.247708,410.895937,0.166667,0.0065
10356,,16,1,3,4,1,3,4,8,0.244348,0.254201,4829.442185,0.5,0.006332
30282,,16,5,5,10,5,5,10,8,0.248695,0.259141,82494.0162,0.1,0.00714
4378,,41,23,20,43,23,20,43,8,0.272458,0.285804,270177.759083,0.073077,0.016627
6874,,16,2,2,4,2,2,4,8,0.240075,0.248051,1435.767131,0.5,0.007116
1948,,16,2,6,8,2,6,8,8,0.253908,0.266041,53597.153923,0.25,0.007176
32896,,16,3,2,5,3,2,5,9,0.208936,0.215055,2620.022103,0.25,0.007316
9335,,16,7,12,19,7,12,19,8,0.274957,0.287994,26462.505492,0.290476,0.012253
28715,,67,9,1,10,9,1,10,9,0.238283,0.246728,160252.66392,0.022222,0.00779
34105,,16,1,0,1,1,0,1,0,0,0,0,0,0.006332
27522,,16,3,3,6,3,3,6,9,0.215803,0.22268,26916.031318,0.15,0.00712
27124,,16,2,0,2,2,0,2,0,0,0,0,0.5,0.006889
35093,,16,1,0,1,1,0,1,0,0,0,0,0,0.006332
2826,,16,5,8,13,5,8,13,8,0.248909,0.259521,125875.508444,0.027273,0.007051
3056,,7,15,46,61,15,46,61,7,0.309206,0.327271,340320.633474,0.087338,0.009869
5271,,7,7,1,8,7,1,8,9,0.233261,0.241023,161.728765,0.196429,0.01149
5437,,7,4,2,6,4,2,6,8,0.23113,0.238573,2395.378522,0.1,0.006804
5650,,7,2,0,2,2,0,2,0,0,0,0,0,0.006309
6040,,16,1,7,8,1,7,8,8,0.261723,0.273268,42585.294067,0.160714,0.005988
6517,,7,1,0,1,1,0,1,0,0,0,0,0,0.005988
7753,,7,1,0,1,1,0,1,0,0,0,0,0,0.005988
2099,,7,2,1,3,2,1,3,8,0.232563,0.240767,161.073546,0.166667,0.006164
8702,,7,1,0,1,1,0,1,0,0,0,0,0,0.005988
9469,,7,1,0,1,1,0,1,0,0,0,0,0,0.005988
5667,,65,2,0,2,2,0,2,0,0,0,0,0,0.006156
9470,,7,1,0,1,1,0,1,0,0,0,0,0,0.005988
1796,,16,6,0,6,6,0,6,0,0,0,0,0.033333,0.00721
10819,,7,1,0,1,1,0,1,0,0,0,0,0,0.005988
10879,,7,1,0,1,1,0,1,0,0,0,0,0,0.005988
11137,,7,1,0,1,1,0,1,0,0,0,0,0,0.005988
11138,,7,1,0,1,1,0,1,0,0,0,0,0,0.005988
2124,,7,6,2,8,6,2,8,8,0.244563,0.253576,19670.511121,0.2,0.010256
13139,,7,1,2,3,1,2,3,8,0.230971,0.237729,292.790614,0.166667,0.005988
14387,,7,1,0,1,1,0,1,0,0,0,0,0,0.005988
8807,,7,6,5,11,6,5,11,8,0.248982,0.258537,12052.436381,0.166667,0.009261
5083,,7,12,22,34,12,22,34,8,0.272505,0.285689,125501.906479,0.068182,0.010909
9481,,7,3,0,3,3,0,3,0,0,0,0,0.5,0.008051
16005,,7,1,0,1,1,0,1,0,0,0,0,0,0.005988
8263,,25,8,27,35,8,27,35,8,0.260632,0.272052,699933.955204,0.038306,0.010456
4970,,7,6,0,6,6,0,6,0,0,0,0,0.133333,0.008279
13027,,7,1,1,2,1,1,2,8,0.248761,0.257751,0,0.5,0.005988
16562,,7,2,0,2,2,0,2,0,0,0,0,0,0.006156
17006,,7,1,0,1,1,0,1,0,0,0,0,0,0.005988
13117,,7,3,4,7,3,4,7,8,0.255199,0.264814,43516.523926,0.214286,0.007179
17758,,7,4,0,4,4,0,4,0,0,0,0,0.333333,0.008283
19115,,7,1,1,2,1,1,2,1,1,1,101.281921,0,0.005988
17338,,16,3,4,7,3,4,7,8,0.253405,0.263993,1541.043269,0.357143,0.007093
5448,,7,2,11,13,2,11,13,8,0.249318,0.259271,22548.73398,0.141026,0.006156
20306,,7,1,0,1,1,0,1,0,0,0,0,0,0.005988
17834,,7,4,7,11,4,7,11,8,0.272091,0.284922,27647.312188,0.233333,0.006779
20602,,7,1,0,1,1,0,1,0,0,0,0,0,0.005988
11202,,7,3,7,10,3,7,10,8,0.280491,0.293376,1642.515167,0.347222,0.006542
991,,7,2,1,3,2,1,3,8,0.245867,0.254025,37.789469,0.333333,0.006281
2993,,7,7,12,19,7,12,19,7,0.298759,0.314226,89062.793135,0.180147,0.010795
8833,,7,6,5,11,6,5,11,8,0.241238,0.249231,1733.615339,0.277778,0.012218
775,,53,41,37,78,41,37,78,8,0.282792,0.29816,593919.417333,0.056052,0.020396
22386,,7,1,0,1,1,0,1,0,0,0,0,0,0.005988
6978,,7,10,11,21,10,11,21,8,0.25435,0.264677,125736.574995,0.046784,0.008676
10783,,16,6,4,10,6,4,10,8,0.240742,0.248883,55926.523809,0.069444,0.008106
10444,,7,2,6,8,2,6,8,8,0.275811,0.289312,36187.912317,0.321429,0.00641
23971,,7,1,0,1,1,0,1,0,0,0,0,0,0.005988
2146,,7,6,4,10,6,4,10,9,0.22475,0.231305,15859.424561,0.261905,0.008904
16558,,1,1,3,4,1,3,4,10,0.179584,0.182927,27121.606214,0.166667,0.005988
24614,,7,1,0,1,1,0,1,0,0,0,0,0,0.005988
24815,,7,1,0,1,1,0,1,0,0,0,0,0,0.005988
19211,,36,4,5,9,4,5,9,9,0.234058,0.242822,44315.23933,0.125,0.006883
25695,,7,1,0,1,1,0,1,0,0,0,0,0,0.005988
6923,,7,1,2,3,1,2,3,9,0.223542,0.230522,2122.649337,0,0.005988
26924,,7,3,0,3,3,0,3,0,0,0,0,0.333333,0.009704
6472,,36,15,18,33,15,18,33,8,0.27645,0.290154,444869.327154,0.062808,0.011804
5921,,16,2,1,3,2,1,3,9,0.226505,0.233974,575.653983,0.166667,0.006661
29887,,7,1,0,1,1,0,1,0,0,0,0,0,0.005988
27595,,16,2,3,5,2,3,5,8,0.264369,0.275933,74.312012,0.7,0.007011
29891,,7,2,0,2,2,0,2,0,0,0,0,0,0.006382
30475,,7,1,0,1,1,0,1,0,0,0,0,0,0.005988
13284,,16,2,2,4,2,2,4,8,0.243863,0.252655,618.201265,0.666667,0.008618
24756,,7,3,0,3,3,0,3,0,0,0,0,0.5,0.009094
13846,,7,3,1,4,3,1,4,8,0.263548,0.2744,0,0.666667,0.009063
1204,,2,24,11,35,24,11,35,9,0.2406,0.248941,241434.68737,0.048295,0.020099
865,,36,16,9,25,16,9,25,8,0.263836,0.276044,492595.430791,0.032164,0.009908
31620,,7,5,0,5,5,0,5,0,0,0,0,0.3,0.011632
32485,,7,1,0,1,1,0,1,0,0,0,0,0,0.005988
32886,,7,2,0,2,2,0,2,0,0,0,0,1,0.00646
32950,,7,1,0,1,1,0,1,0,0,0,0,0,0.005988
25119,,7,1,1,2,1,1,2,9,0.200064,0.204366,0,0.5,0.005988
33660,,41,1,1,2,1,1,2,8,0.257541,0.268685,0,1,0.005988
20051,,7,7,30,37,7,30,37,7,0.29267,0.308134,60316.122659,0.095345,0.007241
12848,,16,1,3,4,1,3,4,8,0.250719,0.260661,1296.678599,0.5,0.005988
34519,,7,1,0,1,1,0,1,0,0,0,0,0,0.005988
21120,,7,1,1,2,1,1,2,9,0.209259,0.21489,0,0.5,0.005988
5885,,7,10,13,23,10,13,23,8,0.269304,0.281982,187020.080194,0.082251,0.012952
35418,,7,1,0,1,1,0,1,0,0,0,0,0,0.005988
8242,,7,3,3,6,3,3,6,8,0.231967,0.240304,19045.800165,0.1,0.001322
227,,41,15,16,31,15,16,31,8,0.268878,0.281559,92699.690531,0.083908,0.004153
228,,41,1,0,1,1,0,1,0,0,0,0,0,0.000255
5674,,7,5,2,7,5,2,7,8,0.236796,0.24426,91.814231,0.190476,0.00225
7574,,41,12,0,12,12,0,12,0,0,0,0,0.128788,0.002934
14496,,41,10,1,11,10,1,11,10,0.180353,0.184085,1304.585534,0.109091,0.002236
5019,,41,21,8,29,21,8,29,9,0.220885,0.228397,138365.301382,0.049231,0.008498
8224,,41,10,1,11,10,1,11,9,0.219727,0.226388,451.021778,0.133333,0.002236
9023,,41,15,9,24,15,9,24,8,0.277834,0.29138,97163.248277,0.094203,0.004696
6898,,7,1,0,1,1,0,1,0,0,0,0,0,0.000193
17280,,7,1,0,1,1,0,1,0,0,0,0,0,0.000193
886,,1,1,0,1,1,0,1,0,0,0,0,0,0.00054
1451,,1,1,0,1,1,0,1,0,0,0,0,0,0.00054
2545,,67,12,0,12,12,0,12,0,0,0,0,0.075758,0.003823
452,,41,11,7,18,11,7,18,8,0.250656,0.260337,5047.744855,0.120833,0.006677
7034,,1,3,3,6,3,3,6,8,0.228957,0.236738,27009.201306,0.2,0.001467
7136,,12,1,1,2,1,1,2,10,0.177507,0.180765,682.345729,0,0.00054
8895,,16,2,0,2,2,0,2,0,0,0,0,0,0.001028
3719,,7,4,4,8,4,4,8,8,0.255399,0.266059,39241.580693,0.047619,0.001615
1919,,16,8,4,12,8,4,12,8,0.269884,0.281495,29512.611809,0.128788,0.005019
9436,,1,1,0,1,1,0,1,0,0,0,0,0,0.00054
4912,,7,1,4,5,1,4,5,8,0.242672,0.251387,127.158314,0.3,0.00054
11034,,7,3,2,5,3,2,5,9,0.229471,0.236707,131.969833,0,0.001062
11040,,41,2,0,2,2,0,2,0,0,0,0,0,0.000909
10924,,12,1,2,3,1,2,3,1,1,1,25175.429676,0,0.00054
3910,,1,2,2,4,2,2,4,9,0.200245,0.205735,106.00312,0.166667,0.002496
12866,,1,1,0,1,1,0,1,0,0,0,0,0,0.00054
13015,,1,1,0,1,1,0,1,0,0,0,0,0,0.00054
12551,,1,2,0,2,2,0,2,0,0,0,0,0,0.001606
13470,,1,2,0,2,2,0,2,0,0,0,0,0,0.001727
13892,,1,2,0,2,2,0,2,0,0,0,0,1,0.00129
1529,,41,16,32,48,16,32,48,8,0.272971,0.286306,356054.578123,0.040244,0.009476
2652,,7,4,4,8,4,4,8,8,0.267586,0.279353,9873.672009,0.190476,0.001771
6600,,1,3,6,9,3,6,9,9,0.223298,0.230902,1411.493467,0.232143,0.001592
17693,,16,2,2,4,2,2,4,8,0.246143,0.25513,79.538684,0.333333,0.003341
18494,,1,1,0,1,1,0,1,0,0,0,0,0,0.00054
4809,,67,4,3,7,4,3,7,8,0.2313,0.239954,2784.293472,0.25,0.001342
18849,,1,1,0,1,1,0,1,0,0,0,0,0,0.00054
564,,67,18,25,43,18,25,43,7,0.305235,0.321219,249071.751114,0.103361,0.006352
19852,,67,11,1,12,11,1,12,8,0.227016,0.233478,132072.248782,0.030303,0.003142
10750,,56,4,3,7,4,3,7,8,0.273308,0.285006,36398.086241,0.166667,0.001913
20180,,16,3,1,4,3,1,4,9,0.197555,0.202729,146.439107,0,0.001006
17636,,1,1,1,2,1,1,2,9,0.205641,0.211331,6.159085,0,0.00054
21171,,1,1,0,1,1,0,1,0,0,0,0,0,0.00054
12142,,1,4,4,8,4,4,8,8,0.249288,0.258509,27018.503361,0.033333,0.005458
21570,,1,1,0,1,1,0,1,0,0,0,0,0,0.00054
21811,,1,1,0,1,1,0,1,0,0,0,0,0,0.00054
22085,,1,1,0,1,1,0,1,0,0,0,0,0,0.00054
13706,,1,7,4,11,7,4,11,9,0.231417,0.239299,39813.095778,0.022222,0.002332
20237,,69,5,4,9,5,4,9,8,0.232494,0.239642,10170.889903,0.3,0.001479
8521,,41,4,3,7,4,3,7,8,0.237023,0.24588,801.642872,0.35,0.003515
23119,,1,1,0,1,1,0,1,0,0,0,0,0,0.00054
23242,,7,3,1,4,3,1,4,9,0.20107,0.205638,387.150419,0.166667,0.003741
23259,,1,1,0,1,1,0,1,0,0,0,0,0,0.00054
23265,,1,1,0,1,1,0,1,0,0,0,0,0,0.00054
14303,,1,4,5,9,4,5,9,8,0.239215,0.248212,26625.822324,0.142857,0.00216
23565,,1,2,0,2,2,0,2,0,0,0,0,1,0.00129
11029,,7,9,8,17,9,8,17,8,0.259519,0.270741,25886.382421,0.084559,0.005972
8650,,7,7,6,13,7,6,13,8,0.252851,0.263281,64632.941516,0.05303,0.003497
24060,,1,1,0,1,1,0,1,0,0,0,0,0,0.00054
25391,,1,1,0,1,1,0,1,0,0,0,0,0,0.00054
25546,,1,1,0,1,1,0,1,0,0,0,0,0,0.00054
13121,,7,6,8,14,6,8,14,8,0.269439,0.281814,5772.759484,0.126374,0.002605
26666,,1,1,1,2,1,1,2,9,0.200454,0.205716,43.662479,0,0.00054
26679,,1,1,0,1,1,0,1,0,0,0,0,0,0.00054
28116,,41,5,1,6,5,1,6,9,0.231153,0.23891,2009.875311,0.333333,0.005504
29425,,1,1,0,1,1,0,1,0,0,0,0,0,0.00054
30497,,1,1,0,1,1,0,1,0,0,0,0,0,0.00054
20908,,16,9,4,13,9,4,13,8,0.25332,0.263288,3539.766234,0.19697,0.0091
12064,,1,2,2,4,2,2,4,8,0.265278,0.276506,18920.733448,0.083333,0.000708
7766,,7,6,4,10,6,4,10,8,0.267769,0.278704,28556.415114,0.055556,0.002183
30292,,1,2,0,2,2,0,2,0,0,0,0,0,0.000761
28641,,7,2,2,4,2,2,4,9,0.226473,0.234256,18857.762251,0,0.000708
9171,,7,2,6,8,2,6,8,8,0.252396,0.262544,30029.9864,0,0.000708
3740,,7,6,11,17,6,11,17,8,0.26952,0.282107,24381.22611,0.091912,0.003746
33601,,16,4,1,5,4,1,5,9,0.216058,0.222882,183.0253,0.166667,0.001968
1862,,67,5,48,53,5,48,53,8,0.23837,0.250618,697095.107561,0.009804,0.001427
35491,,1,1,0,1,1,0,1,0,0,0,0,0,0.00054
9523,,1,3,2,5,3,2,5,9,0.212387,0.218373,1979.856952,0.25,0.002545
31233,,16,5,5,10,5,5,10,8,0.23676,0.244445,27552.648837,0.333333,0.002188
5916,,16,3,4,7,3,4,7,9,0.216142,0.222367,1500.602485,0.095238,0.000921
1319,,7,7,3,10,7,3,10,8,0.248138,0.25779,16179.573811,0.077778,0.003377
234,,7,1,2,3,1,2,3,8,0.265462,0.276803,0,0.5,0.003548
2918,,7,1,2,3,1,2,3,9,0.22311,0.230207,0,0.5,0.003548
3080,,7,1,0,1,1,0,1,0,0,0,0,0,0.003548
3333,,7,1,0,1,1,0,1,0,0,0,0,0,0.003548
3765,,7,2,10,12,2,10,12,7,0.303034,0.319028,25.420591,0.515152,0.006051
4937,,7,2,0,2,2,0,2,0,0,0,0,1,0.005327
3646,,7,5,4,9,5,4,9,8,0.250519,0.260474,9168.942174,0.263889,0.006367
5788,,7,1,0,1,1,0,1,0,0,0,0,0,0.003548
2816,,7,7,10,17,7,10,17,8,0.279081,0.292885,14176.640511,0.180952,0.008197
5894,,7,1,1,2,1,1,2,8,0.265443,0.276741,0,0,0.003548
4924,,7,3,1,4,3,1,4,8,0.265443,0.276741,18826,0.333333,0.004674
8607,,7,1,0,1,1,0,1,0,0,0,0,0,0.003548
6639,,7,1,1,2,1,1,2,8,0.234566,0.242411,46.913861,0.5,0.003548
5821,,7,7,17,24,7,17,24,8,0.279305,0.293317,8510.018913,0.142857,0.006869
5960,,7,3,3,6,3,3,6,8,0.261599,0.272811,94452.330679,0.1,0.003954
7197,,7,4,2,6,4,2,6,9,0.227549,0.234905,19449.650828,0.166667,0.008622
11200,,7,1,0,1,1,0,1,0,0,0,0,0,0.003548
3671,,7,26,33,59,26,33,59,7,0.304731,0.321577,314092.795314,0.076241,0.026429
3767,,7,4,5,9,4,5,9,8,0.232168,0.240088,837.433141,0.125,0.004533
9212,,41,31,20,51,31,20,51,8,0.277322,0.291251,346403.992423,0.049645,0.019587
15624,,7,1,0,1,1,0,1,0,0,0,0,0,0.003548
4375,,7,4,1,5,4,1,5,9,0.211871,0.217611,19129.986321,0,0.004883
15274,,7,1,8,9,1,8,9,8,0.27654,0.289273,2764.204817,0.472222,0.003548
2383,,36,14,4,18,14,4,18,9,0.223231,0.230169,65796.27089,0.055147,0.006525
1714,,16,12,20,32,12,20,32,8,0.273304,0.286768,49246.924921,0.104301,0.008725
16580,,7,10,0,10,10,0,10,0,0,0,0,0.1,0.007265
16256,,7,3,3,6,3,3,6,8,0.254069,0.263617,19135.940469,0.166667,0.003955
18484,,7,30,63,93,30,63,93,8,0.302091,0.320953,446517.421667,0.047676,0.015103
14624,,7,8,2,10,8,2,10,8,0.239993,0.248116,401.779071,0.263889,0.0066
3751,,7,10,10,20,10,10,20,8,0.281928,0.296059,34067.073418,0.152047,0.007948
21717,,7,5,0,5,5,0,5,0,0,0,0,0.45,0.005934
21457,,7,7,11,18,7,11,18,8,0.28414,0.299267,81464.015745,0.409524,0.011691
5321,,7,28,18,46,28,18,46,8,0.279666,0.293084,250228.843092,0.083056,0.028829
23005,,7,1,0,1,1,0,1,0,0,0,0,0,0.003548
11852,,7,6,0,6,6,0,6,0,0,0,0,0.4,0.007187
20498,,7,6,0,6,6,0,6,0,0,0,0,0.4,0.007898
9511,,7,1,1,2,1,1,2,8,0.265443,0.276741,0,0,0.003548
23753,,7,1,0,1,1,0,1,0,0,0,0,0,0.003548
23975,,7,4,0,4,4,0,4,0,0,0,0,0.166667,0.004802
1191,,16,5,4,9,5,4,9,8,0.250292,0.259476,949.656885,0.263889,0.005192
25039,,7,1,0,1,1,0,1,0,0,0,0,0,0.003548
19777,,7,3,1,4,3,1,4,10,0.158135,0.160654,9860.60704,0.166667,0.004567
25613,,7,4,2,6,4,2,6,8,0.243633,0.251877,18974.473786,0.433333,0.004801
24666,,7,4,4,8,4,4,8,8,0.239959,0.248746,175.684692,0.47619,0.005121
14832,,7,5,1,6,5,1,6,8,0.261472,0.272564,75.072715,0.666667,0.006065
25811,,7,5,4,9,5,4,9,8,0.27019,0.282358,966.274678,0.766667,0.005443
25772,,7,2,0,2,2,0,2,0,0,0,0,1,0.003884
25872,,7,3,0,3,3,0,3,0,0,0,0,0.333333,0.004041
24708,,7,3,3,6,3,3,6,8,0.243668,0.25194,17900.786931,0.4,0.004052
28825,,7,1,0,1,1,0,1,0,0,0,0,0,0.003548
28662,,7,1,2,3,1,2,3,8,0.265709,0.27707,0,1,0.003548
28585,,7,13,25,38,13,25,38,8,0.283289,0.298135,173637.354003,0.115865,0.007935
11827,,7,3,5,8,3,5,8,8,0.267936,0.279804,5569.054541,0.4,0.004337
28530,,14,1,1,2,1,1,2,8,0.236757,0.244747,361.498355,0,0.003548
1390,,7,2,4,6,2,4,6,8,0.268755,0.281181,8132.751545,0.333333,0.003969
21287,,12,3,2,5,3,2,5,8,0.265458,0.27679,38651.596549,0,0.003885
28632,,7,1,4,5,1,4,5,8,0.265514,0.276949,0,0.666667,0.003548
4302,,7,8,3,11,8,3,11,9,0.217584,0.223653,20332.131459,0.127273,0.007375
31323,,7,6,0,6,6,0,6,0,0,0,0,0.166667,0.005821
29898,,7,5,2,7,5,2,7,8,0.266005,0.277387,1829.349337,0.366667,0.008067
30673,,7,7,27,34,7,27,34,8,0.28634,0.301997,117003.41893,0.178571,0.006937
5207,,7,5,4,9,5,4,9,8,0.249011,0.258422,2166.416534,0.097222,0.006017
21263,,7,2,6,8,2,6,8,8,0.269174,0.281454,2659.581287,0.482143,0.006908
32263,,7,1,0,1,1,0,1,0,0,0,0,0,0.003548
7203,,7,4,1,5,4,1,5,1,1,1,25976,0.05,0.005867
32391,,7,5,0,5,5,0,5,0,0,0,0,0.35,0.007484
14392,,2,5,2,7,5,2,7,8,0.24552,0.253876,1430.190649,0.266667,0.00494
25904,,7,3,4,7,3,4,7,8,0.236383,0.244835,54409.698202,0.071429,0.003937
28210,,28,2,1,3,2,1,3,8,0.265443,0.276741,18826,0,0.003717
32458,,7,1,0,1,1,0,1,0,0,0,0,0,0.003548
3158,,7,6,6,12,6,6,12,9,0.244478,0.253898,71669.343149,0.172727,0.005544
17717,,25,3,1,4,3,1,4,9,0.210898,0.216681,5.470254,0.166667,0.004076
33064,,7,2,2,4,2,2,4,8,0.270613,0.282905,0,1,0.004167
33168,,7,2,2,4,2,2,4,8,0.232405,0.239648,102.895245,0.5,0.005248
29358,,7,3,5,8,3,5,8,8,0.270038,0.282223,36.631965,0.533333,0.004393
32477,,7,5,1,6,5,1,6,9,0.199042,0.203724,24354.999676,0.1,0.004355
22314,,7,2,52,54,2,52,54,8,0.298844,0.315855,65430.458243,0.167365,0.004572
29254,,7,6,16,22,6,16,22,7,0.29912,0.314895,256.558856,0.309524,0.005954
33587,,7,1,1,2,1,1,2,8,0.261472,0.272564,0,1,0.003548
20626,,7,1,1,2,1,1,2,8,0.265443,0.276741,0,0,0.003548
33634,,7,2,0,2,2,0,2,0,0,0,0,0.5,0.003777
33898,,7,1,0,1,1,0,1,0,0,0,0,0,0.003548
33901,,7,3,1,4,3,1,4,10,0.179155,0.182313,0.857908,0.25,0.004159
3693,,7,5,16,21,5,16,21,8,0.27103,0.28388,51624.559398,0.147368,0.00605
33609,,7,4,9,13,4,9,13,8,0.274977,0.287821,28349.238759,0.242424,0.007475
24252,,7,6,1,7,6,1,7,9,0.208751,0.214114,2906.804903,0.047619,0.004994
25663,,7,2,3,5,2,3,5,8,0.238349,0.246159,39.712739,0.416667,0.004206
34078,,7,4,5,9,4,5,9,8,0.271389,0.283901,319.554085,0.380952,0.004508
32724,,7,6,10,16,6,10,16,8,0.263736,0.275244,92661.75434,0.171429,0.008138
34787,,7,1,0,1,1,0,1,0,0,0,0,0,0.003548
35046,,7,1,0,1,1,0,1,0,0,0,0,0,0.003548
9010,,7,2,2,4,2,2,4,8,0.248187,0.25727,329.411607,0.333333,0.005542
35724,,7,1,0,1,1,0,1,0,0,0,0,0,0.003548
4738,,7,7,12,19,7,12,19,8,0.279999,0.29386,43452.671651,0.191176,0.008352
10138,,7,2,0,2,2,0,2,0,0,0,0,0,0.000649
18007,,7,1,1,2,1,1,2,8,0.25495,0.265095,428.564172,0,0.000282
3687,,7,7,11,18,7,11,18,8,0.251023,0.261351,6597.925705,0.241667,0.007437
13054,,7,1,0,1,1,0,1,0,0,0,0,0,0.003846
13381,,7,1,0,1,1,0,1,0,0,0,0,0,0.003846
5241,,7,15,28,43,15,28,43,8,0.280387,0.294473,84279.433159,0.165079,0.012673
8458,,7,3,7,10,3,7,10,8,0.248407,0.258413,9346.133516,0.285714,0.004281
23094,,7,1,0,1,1,0,1,0,0,0,0,0,0.003846
23782,,7,2,2,4,2,2,4,9,0.222848,0.229562,53.197496,0.25,0.004222
15161,,7,1,2,3,1,2,3,8,0.250803,0.26022,423.325769,0.333333,0.003846
14950,,7,2,3,5,2,3,5,8,0.235487,0.243965,308.447695,0.083333,0.004128
2555,,7,10,7,17,10,7,17,8,0.242907,0.252655,1684.835117,0.104167,0.004239
4515,,7,26,23,49,26,23,49,8,0.284273,0.298383,125238.843768,0.101329,0.008644
27268,,7,14,2,16,14,2,16,8,0.238694,0.246735,385.920565,0.180952,0.005652
240,,1,19,28,47,19,28,47,8,0.253863,0.265416,119957.32985,0.157658,0.006643
3689,,1,14,12,26,14,12,26,8,0.233712,0.242099,3273.686664,0.266234,0.005547
1922,,1,34,18,52,34,18,52,8,0.234408,0.243818,68490.898494,0.135354,0.011274
4543,,1,9,5,14,9,5,14,8,0.242107,0.251673,67011.678077,0.051282,0.003598
7597,,1,14,1,15,14,1,15,8,0.230847,0.238656,18826,0.324176,0.005314
15534,,1,26,0,26,26,0,26,0,0,0,0,0.232308,0.007135
5827,,7,5,2,7,5,2,7,9,0.226165,0.233272,180.944229,0.071429,0.001908
4504,,1,14,6,20,14,6,20,8,0.23638,0.245107,9747.66515,0.196078,0.005906
2936,,1,12,11,23,12,11,23,8,0.248784,0.258265,7133.329206,0.177489,0.005423
2214,,1,7,15,22,7,15,22,8,0.234116,0.242959,52542.370776,0.205882,0.003573
27085,,1,10,0,10,10,0,10,0,0,0,0,0.344444,0.004528
4140,,1,10,9,19,10,9,19,8,0.227065,0.234959,19785.909033,0.220833,0.004724
3569,,1,16,17,33,16,17,33,8,0.244764,0.253999,199928.190548,0.050769,0.006917
6151,,7,9,12,21,9,12,21,8,0.257675,0.267781,125485.400183,0.042105,0.00725
669,,1,15,12,27,15,12,27,8,0.273336,0.285592,50300.834187,0.244589,0.005758
1545,,1,10,11,21,10,11,21,8,0.231819,0.240193,29834.08313,0.231618,0.007246
10372,,1,2,1,3,2,1,3,8,0.230849,0.238665,0,1,0.000535
5227,,1,11,15,26,11,15,26,8,0.251338,0.261822,15363.613595,0.155844,0.004153
5804,,1,10,10,20,10,10,20,8,0.231536,0.239869,10506.63012,0.300654,0.004121
16034,,1,3,1,4,3,1,4,9,0.190875,0.195256,3.008708,0.25,0.000738
2467,,1,14,19,33,14,19,33,8,0.236223,0.245372,22608.227723,0.198276,0.005864
2547,,1,9,15,24,9,15,24,8,0.264518,0.276772,49070.366897,0.207792,0.003946
2216,,1,10,18,28,10,18,28,8,0.274272,0.287119,18759.403766,0.245059,0.004075
701,,1,8,13,21,8,13,21,8,0.233657,0.24279,2251.888352,0.248538,0.00374
2780,,1,4,9,13,4,9,13,8,0.2313,0.239552,185.503953,0.4,0.002541
17357,,1,1,1,2,1,1,2,8,0.230849,0.238665,0,1,0.000294
4876,,1,19,17,36,19,17,36,8,0.243431,0.253699,32083.439233,0.090909,0.006358
18936,,1,1,1,2,1,1,2,8,0.261476,0.272569,757.528221,0,0.000294
241,,7,0,4,4,0,4,4,8,0.23803,0.246819,0,0.083333,0
5001,,7,2,1,3,2,1,3,9,0.229706,0.237602,0,1,0.000921
7352,,7,1,0,1,1,0,1,0,0,0,0,0,0.000335
8120,,7,1,0,1,1,0,1,0,0,0,0,0,0.000335
18776,,7,1,2,3,1,2,3,9,0.211811,0.217678,5.561491,0.5,0.000335
23215,,67,1,1,2,1,1,2,1,1,1,0,0.5,0.000335
243,,7,2,4,6,2,4,6,8,0.273415,0.286088,1489.473566,0.233333,0.000523
244,,7,0,1,1,0,1,1,9,0.226164,0.233246,0,0,0
245,,7,0,1,1,0,1,1,8,0.251449,0.261106,0,0,0
2747,,7,2,3,5,2,3,5,8,0.231633,0.239422,166.684982,0.166667,0.001253
1421,,7,15,15,30,15,15,30,8,0.270878,0.283683,96195.14384,0.044615,0.008995
4736,,7,1,0,1,1,0,1,0,0,0,0,0,0.000812
5300,,7,2,7,9,2,7,9,8,0.268291,0.280097,1095.002134,0.166667,0.0012
2754,,53,3,5,8,3,5,8,9,0.220846,0.227949,28080.693633,0.214286,0.001215
1676,,41,1,1,2,1,1,2,8,0.23696,0.24442,13.887932,0,0.000812
9781,,7,1,0,1,1,0,1,0,0,0,0,0,0.000812
6387,,7,5,2,7,5,2,7,8,0.263113,0.273922,20641.663548,0.119048,0.002008
12560,,36,1,1,2,1,1,2,8,0.225837,0.233102,112.693627,0,0.000812
12676,,7,1,0,1,1,0,1,0,0,0,0,0,0.000812
9997,,67,47,36,83,47,36,83,8,0.273423,0.286968,591854.545138,0.035558,0.010237
3048,,7,2,3,5,2,3,5,8,0.240014,0.247724,2605.930216,0.166667,0.002231
2035,,16,27,11,38,27,11,38,8,0.241539,0.250309,121923.621033,0.116935,0.011091
19080,,7,1,2,3,1,2,3,10,0.182126,0.185483,26006.231197,0,0.000812
5428,,7,2,3,5,2,3,5,8,0.262317,0.273346,131.214068,0.25,0.001713
1463,,16,15,13,28,15,13,28,8,0.257855,0.270153,50270.63855,0.094203,0.007717
20970,,7,1,0,1,1,0,1,0,0,0,0,0,0.000812
548,,36,4,5,9,4,5,9,8,0.248158,0.258202,11521.045496,0.071429,0.002687
23331,,7,1,0,1,1,0,1,0,0,0,0,0,0.000812
1642,,7,3,1,4,3,1,4,9,0.250602,0.26096,0,0.5,0.002953
24028,,7,1,1,2,1,1,2,8,0.251442,0.261093,0,0,0.000812
24310,,7,2,0,2,2,0,2,0,0,0,0,0.5,0.00098
1888,,16,11,16,27,11,16,27,8,0.275045,0.288567,123530.338117,0.081522,0.006064
25988,,7,3,0,3,3,0,3,0,0,0,0,0.166667,0.001461
26021,,7,1,0,1,1,0,1,0,0,0,0,0,0.000812
27618,,7,1,0,1,1,0,1,0,0,0,0,0,0.000812
28181,,7,2,0,2,2,0,2,0,0,0,0,0.5,0.001179
2422,,7,7,32,39,7,32,39,7,0.306727,0.323663,56938.508079,0.161269,0.008854
2385,,7,23,36,59,23,36,59,7,0.287017,0.301953,257947.467057,0.077647,0.010193
26658,,7,2,4,6,2,4,6,8,0.232477,0.240288,27103.210258,0.033333,0.001014
25877,,7,4,0,4,4,0,4,0,0,0,0,0.083333,0.00227
2724,,7,2,3,5,2,3,5,8,0.262984,0.273771,19817.988453,0.25,0.000986
33500,,7,1,0,1,1,0,1,0,0,0,0,0,0.000812
12965,,7,2,3,5,2,3,5,8,0.263888,0.27497,2580.819471,0.35,0.002372
1928,,7,17,23,40,17,23,40,8,0.282571,0.296652,201860.313832,0.069069,0.008355
35666,,36,2,0,2,2,0,2,0,0,0,0,0,0.001098
5232,,16,2,2,4,2,2,4,9,0.226038,0.233016,0,1,0.000548
24281,,16,1,1,2,1,1,2,9,0.223404,0.230042,0,0,0.000306
1136,,41,19,30,49,19,30,49,8,0.276609,0.291191,183231.153294,0.075858,0.013019
461,,39,7,26,33,7,26,33,9,0.201244,0.207712,1130858.926788,0.057882,0.005498
12585,,7,1,0,1,1,0,1,0,0,0,0,0,0.004343
13354,,36,2,2,4,2,2,4,8,0.227719,0.234981,16011.663009,0,0.005032
14466,,7,4,1,5,4,1,5,8,0.234987,0.243283,7.500204,0.25,0.005492
10605,,7,2,5,7,2,5,7,8,0.27334,0.285497,286.0032,0.7,0.006846
18125,,67,2,0,2,2,0,2,0,0,0,0,0,0.004541
19429,,7,1,0,1,1,0,1,0,0,0,0,0,0.004343
5557,,2,4,4,8,4,4,8,8,0.241964,0.250385,45411.519759,0.142857,0.006297
20625,,7,1,0,1,1,0,1,0,0,0,0,0,0.004343
7686,,67,13,12,25,13,12,25,8,0.268878,0.28177,87188.81172,0.110526,0.008639
14463,,16,2,2,4,2,2,4,8,0.235832,0.242755,22614.072071,0,0.004511
2869,,53,29,18,47,29,18,47,8,0.262555,0.274052,227722.065596,0.068151,0.017073
17753,,7,1,2,3,1,2,3,8,0.275302,0.287057,243.046808,0.5,0.004343
8639,,7,4,4,8,4,4,8,8,0.228865,0.236165,1894.878825,0.066667,0.005158
682,,7,4,3,7,4,3,7,9,0.217027,0.223337,19663.022273,0.066667,0.005466
674,,16,40,64,104,40,64,104,8,0.285346,0.302801,700852.39181,0.040883,0.02232
3027,,16,4,3,7,4,3,7,9,0.214784,0.220625,77939.765734,0,0.00417
2036,,16,11,10,21,11,10,21,8,0.246323,0.25708,66297.099336,0.099265,0.003902
9065,,16,2,1,3,2,1,3,1,1,1,25976,0,0.0013
506,,41,3,3,6,3,3,6,8,0.262044,0.273265,6865.131836,0.25,0.001109
2973,,7,1,0,1,1,0,1,0,0,0,0,0,0.00058
10307,,41,2,2,4,2,2,4,1,1,1,51952,0.083333,0.000795
18788,,41,7,1,8,7,1,8,1,1,1,25976,0.178571,0.003153
2188,,25,23,55,78,23,55,78,8,0.295741,0.312666,983159.55458,0.030181,0.011357
825,,41,1,3,4,1,3,4,8,0.237594,0.246333,901.133661,0.166667,0.00058
34329,,7,1,0,1,1,0,1,0,0,0,0,0,0.00058
252,,7,11,11,22,11,11,22,8,0.261305,0.272496,42827.794291,0.236264,0.00573
4921,,7,7,6,13,7,6,13,8,0.23477,0.243395,8881.495254,0.098485,0.008661
2771,,7,9,1,10,9,1,10,9,0.207173,0.212533,20227.29213,0.027778,0.005107
2348,,7,9,12,21,9,12,21,8,0.271139,0.284039,95551.401843,0.252381,0.005228
5590,,7,2,2,4,2,2,4,8,0.24732,0.25647,470.329858,0.25,0.003331
5734,,41,5,6,11,5,6,11,8,0.264801,0.276424,96947.766569,0.089286,0.004375
9234,,7,1,5,6,1,5,6,8,0.262233,0.273604,15072.175788,0.166667,0.003148
7951,,7,6,6,12,6,6,12,8,0.262863,0.274329,32221.755953,0.106061,0.005188
18613,,7,3,0,3,3,0,3,0,0,0,0,0.666667,0.007818
661,,7,1,9,10,1,9,10,8,0.280216,0.292634,56023.136328,0.138889,0.003148
19125,,53,3,2,5,3,2,5,8,0.239867,0.247986,689.817293,0.25,0.003977
27935,,7,1,3,4,1,3,4,8,0.24375,0.252547,537.465627,0.333333,0.003148
21367,,16,8,5,13,8,5,13,8,0.251537,0.26112,64690.273487,0.081818,0.005347
3234,,7,7,11,18,7,11,18,8,0.274969,0.288184,9257.605728,0.202206,0.005239
3945,,7,17,14,31,17,14,31,8,0.272979,0.286205,171747.492062,0.126812,0.011221
1630,,7,3,9,12,3,9,12,8,0.282046,0.296203,44236.01384,0.109091,0.001185
15730,,7,1,2,3,1,2,3,9,0.223674,0.23077,162.626094,0,0.00042
19146,,7,1,0,1,1,0,1,0,0,0,0,0,0.00042
21976,,1,8,0,8,8,0,8,0,0,0,0,0.017857,0.004135
3860,,7,5,4,9,5,4,9,8,0.253928,0.264671,1615.72324,0.089286,0.003856
1763,,16,1,1,2,1,1,2,9,0.226511,0.233992,0,0,0.000834
13758,,16,5,3,8,5,3,8,8,0.233605,0.241425,598.053603,0,0.002547
6608,,41,1,2,3,1,2,3,8,0.227057,0.235229,323.641458,0.333333,0.000834
1756,,16,2,5,7,2,5,7,8,0.240241,0.249946,26067.636179,0.133333,0.002711
17977,,16,6,4,10,6,4,10,8,0.265375,0.276769,2361.842657,0.125,0.003297
5333,,7,2,2,4,2,2,4,9,0.22284,0.229929,64.894228,0.166667,0.000953
10550,,2,2,1,3,2,1,3,1,1,1,22.611231,0.166667,0.000851
10266,,7,3,2,5,3,2,5,8,0.236152,0.244551,200.365018,0.2,0.00238
2647,,36,7,8,15,7,8,15,8,0.272347,0.28438,34943.904926,0.121795,0.003031
28318,,7,1,0,1,1,0,1,0,0,0,0,0,0.000666
28215,,7,2,2,4,2,2,4,8,0.242741,0.250989,185.697655,0.166667,0.004145
20327,,7,1,1,2,1,1,2,9,0.218101,0.224517,0,0,0.000666
4316,,7,7,14,21,7,14,21,8,0.258876,0.270182,113603.059444,0.046784,0.002553
258,,2,6,9,15,6,9,15,8,0.26952,0.282009,59018.077694,0.166667,0.004249
259,,2,1,0,1,1,0,1,0,0,0,0,0,0.00023
1634,,2,1,0,1,1,0,1,0,0,0,0,0,0.00023
2492,,41,7,12,19,7,12,19,8,0.262073,0.274362,155207.760372,0.051471,0.006919
320,,7,1,0,1,1,0,1,0,0,0,0,0,0.000559
8652,,7,4,6,10,4,6,10,8,0.248732,0.257907,270.196434,0.482143,0.001818
13682,,7,1,2,3,1,2,3,8,0.244697,0.253524,0,1,0.000559
10229,,7,14,28,42,14,28,42,8,0.282728,0.296511,44276.111953,0.132799,0.005907
1631,,7,13,21,34,13,21,34,8,0.28778,0.302241,77171.691855,0.099432,0.006244
6996,,7,14,9,23,14,9,23,8,0.270722,0.283639,44356.951359,0.164286,0.006526
19296,,7,4,8,12,4,8,12,8,0.266216,0.277908,3355.450735,0.454545,0.001604
560,,67,55,103,158,55,103,158,7,0.316387,0.33621,2690807.941167,0.02485,0.015235
11237,,7,1,1,2,1,1,2,9,0.223025,0.229756,21.894262,0,0.000559
5006,,7,1,3,4,1,3,4,8,0.241433,0.249556,2.888709,0.75,0.000559
5986,,7,2,5,7,2,5,7,8,0.247502,0.257306,6741.904553,0.119048,0.001079
5854,,7,2,0,2,2,0,2,0,0,0,0,1,0.002455
9260,,7,1,1,2,1,1,2,8,0.240779,0.248796,0,0,0.000591
10539,,7,1,2,3,1,2,3,8,0.239495,0.247045,0,1,0.000591
8387,,7,1,1,2,1,1,2,9,0.221485,0.22813,4.578706,0.5,0.000591
22186,,7,2,3,5,2,3,5,9,0.224245,0.230853,0,0.833333,0.000862
19536,,7,1,3,4,1,3,4,8,0.258972,0.26963,81.518225,0.333333,0.000591
15958,,30,2,0,2,2,0,2,0,0,0,0,0,0.000759
26100,,7,1,1,2,1,1,2,9,0.214762,0.220711,0,1,0.000591
3825,,16,2,5,7,2,5,7,8,0.249301,0.259443,1100.912358,0.166667,0.00123
3409,,16,2,4,6,2,4,6,8,0.244192,0.253169,1024.551666,0.433333,0.00123
6917,,16,2,3,5,2,3,5,8,0.25834,0.268988,1945.850473,0.05,0.00123
12390,,16,9,5,14,9,5,14,8,0.240625,0.249097,21962.537413,0.179487,0.006953
13764,,16,2,0,2,2,0,2,0,0,0,0,1,0.001993
13828,,16,11,7,18,11,7,18,8,0.255962,0.266394,34676.945448,0.161905,0.005898
14887,,16,4,3,7,4,3,7,8,0.243485,0.25155,18828.040412,0.35,0.002519
2193,,16,4,5,9,4,5,9,8,0.234609,0.243311,26407.403184,0.266667,0.003448
1954,,53,5,16,21,5,16,21,8,0.271573,0.284067,150447.62498,0.049708,0.004311
7637,,16,1,0,1,1,0,1,0,0,0,0,0,0.00263
8577,,16,1,2,3,1,2,3,8,0.242453,0.252626,0,1,0.00263
8904,,16,3,0,3,3,0,3,0,0,0,0,0.5,0.003724
1308,,16,35,2,37,35,2,37,8,0.232888,0.241335,175348.712751,0.051261,0.009202
9338,,16,1,1,2,1,1,2,8,0.232411,0.240723,0,0,0.00263
7070,,16,4,4,8,4,4,8,8,0.26467,0.276745,4210.00846,0.366667,0.006885
10252,,16,1,3,4,1,3,4,8,0.232417,0.240776,0,0.333333,0.00263
10797,,16,1,0,1,1,0,1,0,0,0,0,0,0.00263
10985,,16,2,0,2,2,0,2,0,0,0,0,1,0.00287
11104,,16,9,7,16,9,7,16,8,0.235738,0.244208,50386.009018,0.082418,0.00437
11596,,16,3,0,3,3,0,3,0,0,0,0,0.5,0.003724
11691,,16,1,0,1,1,0,1,0,0,0,0,0,0.00263
12086,,16,3,0,3,3,0,3,0,0,0,0,0.666667,0.00347
11704,,16,1,1,2,1,1,2,8,0.232411,0.240723,0,0,0.00263
13281,,16,2,0,2,2,0,2,0,0,0,0,1,0.002948
10280,,16,1,1,2,1,1,2,8,0.232411,0.240723,0,0,0.00263
13733,,16,2,0,2,2,0,2,0,0,0,0,1,0.002948
2775,,7,6,4,10,6,4,10,8,0.263411,0.274235,5239.622102,0.089286,0.005755
8088,,16,3,3,6,3,3,6,8,0.242459,0.252662,26327.542925,0.2,0.005564
16418,,16,1,0,1,1,0,1,0,0,0,0,0,0.00263
5390,,16,8,1,9,8,1,9,1,1,1,925.800295,0.291667,0.008159
18020,,2,3,0,3,3,0,3,0,0,0,0,0.333333,0.005019
18708,,16,1,4,5,1,4,5,8,0.23242,0.240803,0,0.583333,0.00263
18710,,16,3,3,6,3,3,6,8,0.232417,0.240776,12.967756,0.6,0.003284
18709,,16,1,4,5,1,4,5,8,0.23242,0.240803,0,0.666667,0.00263
18867,,16,1,2,3,1,2,3,8,0.232414,0.24075,0,1,0.00263
18837,,16,8,2,10,8,2,10,8,0.232414,0.24075,9112.359762,0.166667,0.003894
18013,,16,1,1,2,1,1,2,8,0.232411,0.240723,0,0,0.00263
20530,,16,2,1,3,2,1,3,8,0.232411,0.240723,0,1,0.002829
19276,,16,1,6,7,1,6,7,8,0.232425,0.240856,0,0.466667,0.00263
18768,,16,1,6,7,1,6,7,8,0.234355,0.242745,25974,0.4,0.00263
19351,,16,24,2,26,24,2,26,8,0.232414,0.24075,75380.395581,0.08,0.006798
19200,,16,2,1,3,2,1,3,9,0.238772,0.247361,19452.341586,0,0.002799
24270,,16,1,3,4,1,3,4,8,0.23242,0.240785,25007.373556,0.333333,0.00263
20601,,16,20,3,23,20,3,23,8,0.232417,0.240776,64689.116549,0.093074,0.006048
25853,,16,1,0,1,1,0,1,0,0,0,0,0,0.00263
18725,,16,1,2,3,1,2,3,9,0.214725,0.220804,0,0.666667,0.00263
7498,,16,4,3,7,4,3,7,8,0.260715,0.271738,17053.790301,0.4,0.003426
23849,,16,4,2,6,4,2,6,9,0.220406,0.227198,91.40662,0.55,0.005067
23295,,16,1,1,2,1,1,2,8,0.232411,0.240723,0,0,0.00263
30333,,16,1,0,1,1,0,1,0,0,0,0,0,0.00263
18437,,16,1,1,2,1,1,2,8,0.232411,0.240723,0,0,0.00263
264,,14,0,1,1,0,1,1,8,0.247395,0.256736,0,0,0
881,,16,10,6,16,10,6,16,8,0.245386,0.254,65867.220362,0.071429,0.005679
2436,,16,1,0,1,1,0,1,0,0,0,0,0,0.001584
4888,,16,6,5,11,6,5,11,8,0.252059,0.261828,1671.209164,0.25,0.003543
5809,,16,1,1,2,1,1,2,8,0.240382,0.248195,0,0,0.001584
5349,,16,3,2,5,3,2,5,8,0.240388,0.248231,26079.878337,0.166667,0.003696
10526,,16,1,2,3,1,2,3,8,0.240391,0.248239,0,1,0.001584
11533,,16,1,1,2,1,1,2,8,0.240382,0.248195,0,0,0.001584
14580,,16,6,4,10,6,4,10,8,0.235989,0.244251,1841.569413,0.410714,0.007914
16207,,16,1,0,1,1,0,1,0,0,0,0,0,0.001584
1648,,16,2,3,5,2,3,5,8,0.24088,0.248823,229.429022,0.416667,0.001766
18722,,16,1,2,3,1,2,3,8,0.240385,0.248222,0,1,0.001584
15318,,22,5,4,9,5,4,9,8,0.253696,0.263454,45210.50287,0.071429,0.002726
5811,,16,1,1,2,1,1,2,8,0.240382,0.248195,0,0,0.001584
20579,,16,1,1,2,1,1,2,8,0.240382,0.248195,0,0,0.001584
24209,,16,1,1,2,1,1,2,8,0.250023,0.260333,18781.401622,0,0.001584
16239,,16,2,1,3,2,1,3,8,0.240382,0.248195,0,0.5,0.004276
30352,,16,4,2,6,4,2,6,8,0.23428,0.242109,1084.140971,0.366667,0.002529
10736,,16,27,15,42,27,15,42,8,0.281957,0.296182,529336.343644,0.048799,0.010095
33264,,16,1,0,1,1,0,1,0,0,0,0,0,0.001584
32229,,16,3,1,4,3,1,4,9,0.22979,0.23754,1204.405253,0.333333,0.002057
6515,,16,1,3,4,1,3,4,8,0.246662,0.256209,0,0.833333,0.000339
1172,,16,3,2,5,3,2,5,9,0.233753,0.242085,209.944799,0.333333,0.003294
18803,,16,1,0,1,1,0,1,0,0,0,0,0,0.000339
25330,,16,1,1,2,1,1,2,8,0.246656,0.256156,0,1,0.000339
32819,,16,1,0,1,1,0,1,0,0,0,0,0,0.000339
28959,,1,1,0,1,1,0,1,0,0,0,0,0,0.000209
4380,,7,9,10,19,9,10,19,8,0.243004,0.25265,58885.535916,0.099415,0.003357
2274,,7,6,8,14,6,8,14,8,0.266374,0.278554,56399.947566,0.032051,0.002016
9483,,7,10,0,10,10,0,10,0,0,0,0,0.066667,0.002781
8820,,7,3,0,3,3,0,3,0,0,0,0,0.333333,0.000855
28033,,7,1,0,1,1,0,1,0,0,0,0,0,0.000293
6316,,7,2,2,4,2,2,4,9,0.225531,0.232512,65.890297,0,0.000973
31597,,7,1,0,1,1,0,1,0,0,0,0,0,0.000293
21194,,7,1,1,2,1,1,2,9,0.217145,0.223522,149.825383,0,0.000293
271,,14,0,2,2,0,2,2,8,0.251104,0.260668,0,0,0
2202,,14,1,0,1,1,0,1,0,0,0,0,0,0.000207
4087,,14,1,0,1,1,0,1,0,0,0,0,0,0.000207
2689,,14,4,8,12,4,8,12,8,0.266808,0.279264,11465.519045,0.154545,0.000986
5959,,14,1,0,1,1,0,1,0,0,0,0,0,0.000207
6460,,14,1,0,1,1,0,1,0,0,0,0,0,0.000207
6461,,14,1,0,1,1,0,1,0,0,0,0,0,0.000207
6462,,14,1,0,1,1,0,1,0,0,0,0,0,0.000207
6463,,14,1,0,1,1,0,1,0,0,0,0,0,0.000207
6464,,14,1,0,1,1,0,1,0,0,0,0,0,0.000207
5280,,14,1,1,2,1,1,2,9,0.213808,0.219913,3.108824,0,0.000207
6465,,14,1,2,3,1,2,3,8,0.256712,0.267685,0,0.833333,0.000207
6466,,14,1,1,2,1,1,2,10,0.183362,0.187357,26393.769349,0,0.000207
6467,,14,1,0,1,1,0,1,0,0,0,0,0,0.000207
6468,,14,1,0,1,1,0,1,0,0,0,0,0,0.000207
6469,,14,1,0,1,1,0,1,0,0,0,0,0,0.000207
13653,,14,1,1,2,1,1,2,9,0.185527,0.189881,167.003117,0,0.000207
28854,,14,2,0,2,2,0,2,0,0,0,0,0,0.000926
30198,,14,4,0,4,4,0,4,0,0,0,0,0.333333,0.001903
1280,,41,8,10,18,8,10,18,8,0.277973,0.290824,228931.651748,0.152381,0.004356
2128,,41,9,6,15,9,6,15,8,0.262874,0.274798,30882.338612,0.164835,0.005459
2727,,7,1,0,1,1,0,1,0,0,0,0,0,0.001213
3226,,7,1,0,1,1,0,1,0,0,0,0,0,0.001213
663,,7,2,6,8,2,6,8,8,0.245261,0.254218,78155.282086,0.119048,0.001815
14397,,7,1,2,3,1,2,3,8,0.235105,0.243307,25974,0.5,0.001213
2361,,41,11,15,26,11,15,26,8,0.280675,0.295204,63354.688986,0.119048,0.004596
11132,,7,3,0,3,3,0,3,0,0,0,0,0.166667,0.003607
6083,,41,11,18,29,11,18,29,8,0.27137,0.285207,88001.858789,0.075499,0.005104
28424,,41,1,1,2,1,1,2,9,0.20867,0.213849,25974,0,0.001213
28663,,7,1,0,1,1,0,1,0,0,0,0,0,0.001213
28721,,41,2,2,4,2,2,4,9,0.212973,0.219169,175.180425,0.166667,0.001381
7751,,41,6,6,12,6,6,12,8,0.237858,0.245592,39474.993383,0.136364,0.006362
27059,,41,5,6,11,5,6,11,8,0.239313,0.248571,27460.132772,0.097222,0.002026
31113,,7,1,1,2,1,1,2,8,0.235099,0.243272,0,0,0.001213
17642,,41,6,5,11,6,5,11,8,0.242519,0.25093,19196.312981,0.054545,0.002061
4576,,14,18,10,28,18,10,28,8,0.274969,0.28795,131182.643136,0.075385,0.011469
14958,,7,2,2,4,2,2,4,8,0.243904,0.252523,194.049973,0.5,0.002115
3859,,16,30,47,77,30,47,77,7,0.285584,0.301669,446105.654606,0.058413,0.01516
1715,,53,4,2,6,4,2,6,8,0.224981,0.232562,9211.957922,0.2,0.002452
2161,,7,8,15,23,8,15,23,8,0.279629,0.293567,15928.258616,0.147186,0.005279
4645,,16,3,3,6,3,3,6,8,0.25214,0.262461,62.44679,0.433333,0.001891
5424,,7,1,0,1,1,0,1,0,0,0,0,0,0.000679
5259,,7,1,1,2,1,1,2,8,0.263271,0.273978,0,0,0.000679
311,,7,11,37,48,11,37,48,7,0.309054,0.326256,120263.036856,0.136469,0.003982
3831,,16,2,1,3,2,1,3,9,0.215095,0.221727,0,0.5,0.00149
310,,7,6,14,20,6,14,20,8,0.277805,0.291075,4888.014739,0.124183,0.001624
8160,,7,1,0,1,1,0,1,0,0,0,0,0,0.000679
6138,,7,2,2,4,2,2,4,9,0.215763,0.221893,4.701604,0.416667,0.001047
5289,,7,2,13,15,2,13,15,8,0.279467,0.292748,1249.040938,0.247253,0.001204
1934,,7,2,7,9,2,7,9,8,0.264592,0.275648,3.156245,0.309524,0.000921
10433,,7,2,0,2,2,0,2,0,0,0,0,0,0.000848
11945,,7,1,0,1,1,0,1,0,0,0,0,0,0.000679
12071,,69,3,0,3,3,0,3,0,0,0,0,0.333333,0.001079
11336,,7,3,0,3,3,0,3,0,0,0,0,0.166667,0.001984
10107,,7,6,10,16,6,10,16,8,0.252966,0.263111,45043.554002,0.138095,0.003792
15062,,7,1,0,1,1,0,1,0,0,0,0,0,0.000679
15063,,7,1,0,1,1,0,1,0,0,0,0,0,0.000679
965,,16,8,15,23,8,15,23,8,0.25828,0.271148,106428.92832,0.239766,0.003484
15169,,7,1,0,1,1,0,1,0,0,0,0,0,0.000679
15197,,7,1,0,1,1,0,1,0,0,0,0,0,0.000679
15400,,7,1,0,1,1,0,1,0,0,0,0,0,0.000679
16516,,7,1,0,1,1,0,1,0,0,0,0,0,0.000679
16900,,7,1,0,1,1,0,1,0,0,0,0,0,0.000679
17825,,7,2,3,5,2,3,5,7,0.296594,0.311278,5367.074881,0.5,0.002228
19325,,16,3,0,3,3,0,3,0,0,0,0,0,0.001277
12455,,67,2,0,2,2,0,2,0,0,0,0,0,0.000877
7255,,16,8,13,21,8,13,21,8,0.278294,0.29128,275209.774124,0.026316,0.002206
20322,,7,1,0,1,1,0,1,0,0,0,0,0,0.000679
10230,,7,4,5,9,4,5,9,8,0.264566,0.275571,24929.980864,0.2,0.001272
20488,,7,2,0,2,2,0,2,0,0,0,0,0.5,0.000917
11098,,16,10,7,17,10,7,17,7,0.29763,0.312569,119994.854555,0.080952,0.005142
480,,36,5,10,15,5,10,15,7,0.303225,0.318874,35443.463912,0.21978,0.00317
10017,,16,8,8,16,8,8,16,8,0.251332,0.26293,197349.966702,0.019048,0.002095
22875,,7,2,1,3,2,1,3,9,0.199325,0.203834,14.979027,0.166667,0.001751
10098,,16,1,4,5,1,4,5,8,0.236862,0.244646,722.074798,0.2,0.000679
16204,,16,4,2,6,4,2,6,1,1,1,554.477833,0.066667,0.003561
3939,,7,4,4,8,4,4,8,8,0.261832,0.273033,6428.051171,0.196429,0.002614
23320,,7,1,0,1,1,0,1,0,0,0,0,0,0.000679
23321,,7,1,0,1,1,0,1,0,0,0,0,0,0.000679
23547,,7,1,0,1,1,0,1,0,0,0,0,0,0.000679
21857,,12,18,13,31,18,13,31,10,0.164981,0.168653,378414.918044,0.08867,0.005529
8503,,7,4,6,10,4,6,10,8,0.247567,0.257389,52572.703334,0.088889,0.001256
25507,,81,69,8,77,69,8,77,8,0.251951,0.261116,1229493.214399,0.002105,0.015154
26411,,7,1,0,1,1,0,1,0,0,0,0,0,0.000679
8659,,7,2,3,5,2,3,5,8,0.264162,0.275047,84.26707,0.4,0.001747
28496,,25,2,0,2,2,0,2,0,0,0,0,0,0.000861
2605,,67,11,0,11,11,0,11,0,0,0,0,0.163636,0.004658
9703,,7,8,73,81,8,73,81,7,0.307997,0.326566,280829.079498,0.054938,0.004924
9427,,7,3,7,10,3,7,10,9,0.238126,0.246916,852.004745,0.214286,0.001158
5298,,53,25,23,48,25,23,48,8,0.270481,0.283212,166292.105431,0.075574,0.009406
19016,,7,2,7,9,2,7,9,8,0.279762,0.293532,254.130792,0.444444,0.001313
32494,,7,1,0,1,1,0,1,0,0,0,0,0,0.000679
32523,,7,3,1,4,3,1,4,1,1,1,287.893197,0.166667,0.00189
16048,,41,7,5,12,7,5,12,8,0.272517,0.284177,239361.934414,0.022222,0.001708
7181,,7,8,4,12,8,4,12,8,0.23969,0.247921,27740.841532,0.090909,0.003439
22734,,1,1,1,2,1,1,2,9,0.222606,0.230047,0,0.5,0.000679
617,,7,19,9,28,19,9,28,8,0.275427,0.288583,70176.032307,0.098462,0.007172
3648,,7,7,5,12,7,5,12,8,0.234472,0.24225,24243.243524,0.045455,0.002258
33121,,7,2,40,42,2,40,42,7,0.300394,0.317971,133089.659722,0.067308,0.001047
24118,,7,2,0,2,2,0,2,0,0,0,0,0.5,0.001047
33948,,7,1,0,1,1,0,1,0,0,0,0,0,0.000679
11069,,41,6,10,16,6,10,16,8,0.267818,0.279978,14933.136725,0.125,0.001741
26862,,7,3,3,6,3,3,6,8,0.247138,0.255808,1923.304716,0.2,0.002424
22700,,7,1,1,2,1,1,2,9,0.209702,0.21503,0,0.5,0.000679
34947,,31,3,7,10,3,7,10,8,0.262874,0.273758,283053.5,0.125,0.00104
5800,,7,6,0,6,6,0,6,0,0,0,0,0.133333,0.003555
35240,,7,1,0,1,1,0,1,0,0,0,0,0,0.000679
35559,,7,1,0,1,1,0,1,0,0,0,0,0,0.000679
34962,,32,1,1,2,1,1,2,2,0.666667,0.75,25976,0,0.000679
9740,,7,6,0,6,6,0,6,0,0,0,0,0.066667,0.003495
35682,,7,1,0,1,1,0,1,0,0,0,0,0,0.000679
10374,,36,5,2,7,5,2,7,8,0.272194,0.283754,23464.637072,0.119048,0.001553
22999,,16,3,7,10,3,7,10,8,0.275997,0.289299,7616.596758,0.1,0.001061
1101,,14,2,2,4,2,2,4,8,0.247854,0.257417,34.488963,0.5,0.000767
1265,,14,1,0,1,1,0,1,0,0,0,0,0,0.000388
2941,,14,3,0,3,3,0,3,0,0,0,0,1,0.003305
2204,,14,5,8,13,5,8,13,8,0.257901,0.269293,33489.412588,0.242424,0.001386
4107,,14,2,3,5,2,3,5,8,0.256324,0.267219,18839.334671,0.416667,0.000588
2790,,14,5,3,8,5,3,8,9,0.218356,0.225099,19047.678986,0.233333,0.001484
3132,,14,3,3,6,3,3,6,9,0.21773,0.224262,19.508696,0.3,0.000924
7350,,14,1,1,2,1,1,2,9,0.217606,0.224047,0,0,0.000388
4193,,14,2,7,9,2,7,9,8,0.260358,0.272211,45021.476818,0.196429,0.000556
1609,,14,2,1,3,2,1,3,10,0.171275,0.174461,25974,0,0.00058
17197,,7,3,6,9,3,6,9,8,0.26665,0.278011,371.408813,0.232143,0.001459
279,,16,3,11,14,3,11,14,8,0.281847,0.296511,12629.725873,0.192308,0.002101
3197,,16,2,3,5,2,3,5,9,0.218414,0.224786,289.814652,0.3,0.000409
3820,,16,13,10,23,13,10,23,9,0.244643,0.254121,33283.997477,0.131579,0.007936
719,,16,11,11,22,11,11,22,8,0.281519,0.295692,76160.536674,0.194737,0.007677
720,,16,7,2,9,7,2,9,9,0.226503,0.234104,4445.259442,0.214286,0.00305
9463,,16,1,0,1,1,0,1,0,0,0,0,0,0.001451
3933,,16,6,5,11,6,5,11,8,0.240189,0.248472,65615.962399,0.089286,0.002964
13245,,16,3,2,5,3,2,5,8,0.231576,0.239583,206.717761,0.666667,0.002376
16502,,16,1,1,2,1,1,2,9,0.225442,0.23274,0,0,0.001451
18527,,16,2,0,2,2,0,2,0,0,0,0,1,0.002198
8041,,7,4,7,11,4,7,11,8,0.266099,0.277426,3880.128933,0.145455,0.004307
26905,,16,1,0,1,1,0,1,0,0,0,0,0,0.001451
24645,,16,1,1,2,1,1,2,9,0.225442,0.23274,0,0,0.001451
7630,,16,3,4,7,3,4,7,8,0.253679,0.264432,18976.946552,0.5,0.001906
29904,,16,2,0,2,2,0,2,0,0,0,0,0,0.002279
1837,,16,4,1,5,4,1,5,9,0.201384,0.206729,312.141208,0.083333,0.002276
13238,,16,1,2,3,1,2,3,9,0.225445,0.232767,0,0.5,0.001451
34001,,16,4,0,4,4,0,4,0,0,0,0,0.25,0.001972
34193,,16,1,0,1,1,0,1,0,0,0,0,0,0.001451
1829,,7,2,0,2,2,0,2,0,0,0,0,1,0.000643
2407,,7,1,0,1,1,0,1,0,0,0,0,0,0.000279
4704,,7,1,0,1,1,0,1,0,0,0,0,0,0.000279
4901,,7,2,3,5,2,3,5,9,0.20918,0.215038,27.896084,0.15,0.000643
1946,,7,1,11,12,1,11,12,7,0.301607,0.317514,39.291614,0.265152,0.000279
18900,,7,1,0,1,1,0,1,0,0,0,0,0,0.000279
12690,,7,2,27,29,2,27,29,7,0.313213,0.331065,26414.082609,0.324074,0.001303
8092,,16,3,2,5,3,2,5,9,0.232581,0.240936,29.904405,0.416667,0.001706
7429,,16,7,7,14,7,7,14,8,0.245892,0.254494,102460.611589,0.038462,0.002966
11808,,7,2,0,2,2,0,2,0,0,0,0,0,0.000768
8017,,12,3,6,9,3,6,9,8,0.265211,0.276996,97003.233684,0.041667,0.00104
13072,,16,4,5,9,4,5,9,8,0.265364,0.277157,25988.819713,0.214286,0.00114
25903,,16,1,2,3,1,2,3,9,0.218186,0.224631,25992.006587,0,0.000523
8349,,16,10,14,24,10,14,24,8,0.283243,0.298002,80422.462938,0.206522,0.011896
9837,,16,3,1,4,3,1,4,9,0.232955,0.241233,944.629463,0,0.001438
7880,,7,11,5,16,11,5,16,8,0.257094,0.267173,10366.529802,0.066667,0.00703
1327,,16,4,6,10,4,6,10,8,0.251964,0.262135,7903.54124,0.069444,0.003975
8289,,16,5,1,6,5,1,6,9,0.217498,0.223717,26042.611841,0.066667,0.002956
22392,,7,9,1,10,9,1,10,8,0.253928,0.263534,20186.48096,0.097222,0.008222
3345,,32,4,5,9,4,5,9,7,0.29429,0.308804,59017.116265,0.160714,0.003452
3490,,7,1,0,1,1,0,1,0,0,0,0,0,0.002766
4225,,16,4,2,6,4,2,6,8,0.272501,0.284101,20840.078945,0.1,0.003614
3332,,7,5,5,10,5,5,10,8,0.250113,0.26009,4612.625694,0.25,0.004352
4803,,7,1,5,6,1,5,6,8,0.262959,0.273846,774.819117,0.266667,0.002766
1472,,7,9,7,16,9,7,16,8,0.268272,0.280172,41095.214626,0.104762,0.00526
1212,,7,6,6,12,6,6,12,8,0.269166,0.281255,61899.50456,0.177778,0.004395
5458,,7,8,11,19,8,11,19,8,0.264076,0.275047,96637.892388,0.071895,0.006853
1365,,7,2,1,3,2,1,3,9,0.235349,0.243061,254.903902,0.333333,0.004659
6355,,7,1,1,2,1,1,2,8,0.244557,0.25354,0,0,0.002766
9690,,7,1,0,1,1,0,1,0,0,0,0,0,0.002766
9869,,7,1,0,1,1,0,1,0,0,0,0,0,0.002766
9873,,7,1,1,2,1,1,2,8,0.244557,0.25354,0,0,0.002766
10035,,7,1,0,1,1,0,1,0,0,0,0,0,0.002766
10145,,7,1,0,1,1,0,1,0,0,0,0,0,0.002766
4927,,32,17,11,28,17,11,28,8,0.252305,0.262985,198296.548979,0.065,0.007527
1214,,32,20,20,40,20,20,40,8,0.27146,0.284474,348948.792769,0.032773,0.009252
2490,,32,11,8,19,11,8,19,8,0.248433,0.258092,150596.071572,0.153846,0.006825
13509,,32,2,1,3,2,1,3,8,0.244557,0.25354,0,1,0.003172
14764,,7,1,0,1,1,0,1,0,0,0,0,0,0.002766
15643,,7,1,0,1,1,0,1,0,0,0,0,0,0.002766
1843,,32,6,3,9,6,3,9,8,0.249549,0.259337,20776.934285,0.303571,0.004007
15446,,7,1,1,2,1,1,2,9,0.217142,0.223519,1297.974087,0,0.002766
4917,,32,9,5,14,9,5,14,8,0.255237,0.265899,49332.525875,0.151515,0.009584
3985,,7,3,2,5,3,2,5,9,0.220771,0.22703,1924.100779,0.35,0.005871
6273,,7,2,2,4,2,2,4,9,0.20995,0.215581,7144.491121,0.166667,0.003142
12998,,7,1,1,2,1,1,2,11,0.154832,0.157133,20141.845451,0,0.002766
4427,,41,9,12,21,9,12,21,8,0.273885,0.287488,36433.927703,0.097368,0.006086
9051,,36,4,0,4,4,0,4,0,0,0,0,0.083333,0.004182
8602,,7,1,1,2,1,1,2,8,0.244557,0.25354,0,0,0.002766
7038,,7,17,11,28,17,11,28,8,0.256646,0.267195,99706.158639,0.128458,0.009453
22079,,7,1,0,1,1,0,1,0,0,0,0,0,0.002766
21598,,7,1,3,4,1,3,4,8,0.255965,0.266158,462.806815,0.25,0.002766
22807,,7,1,0,1,1,0,1,0,0,0,0,0,0.002766
23422,,32,2,0,2,2,0,2,0,0,0,0,1,0.003172
404,,7,6,3,9,6,3,9,8,0.244567,0.253602,8997.537206,0.089286,0.004788
24933,,7,1,1,2,1,1,2,9,0.209036,0.21438,3751.636258,0,0.002766
4938,,32,4,3,7,4,3,7,9,0.221337,0.227656,26482.761155,0.35,0.003861
24178,,32,2,2,4,2,2,4,9,0.220903,0.227168,6167.974543,0.833333,0.003172
10766,,32,2,4,6,2,4,6,8,0.228097,0.235911,6799.785495,0.2,0.002946
827,,36,16,13,29,16,13,29,8,0.25014,0.260214,165746.182838,0.077922,0.006563
8342,,32,7,6,13,7,6,13,8,0.265447,0.277146,101099.510877,0.151515,0.00449
7443,,7,6,14,20,6,14,20,8,0.286829,0.301443,30193.47052,0.201754,0.005219
30203,,7,1,0,1,1,0,1,0,0,0,0,0,0.002766
3707,,32,9,13,22,9,13,22,8,0.244335,0.253243,130608.839228,0.117647,0.00567
32088,,7,2,1,3,2,1,3,9,0.222068,0.228831,51.279539,0.333333,0.003133
1300,,7,10,12,22,10,12,22,8,0.285446,0.300476,171234.663004,0.131579,0.00591
2862,,2,3,1,4,3,1,4,1,1,1,25976,0.083333,0.003178
32459,,7,1,1,2,1,1,2,8,0.244557,0.25354,0,0,0.002766
34604,,7,1,0,1,1,0,1,0,0,0,0,0,0.002766
33487,,7,1,1,2,1,1,2,10,0.170068,0.173135,114.286192,0,0.002766
22112,,7,2,2,4,2,2,4,8,0.244624,0.25365,6.96412,0.666667,0.003035
2964,,7,3,2,5,3,2,5,8,0.218219,0.224556,2838.523781,0,0.001463
7078,,7,1,0,1,1,0,1,0,0,0,0,0,0.000928
10253,,7,1,1,2,1,1,2,8,0.234058,0.241902,0,0.5,0.000928
9732,,7,7,6,13,7,6,13,8,0.265911,0.27711,26752.630322,0.151515,0.006365
12298,,33,2,1,3,2,1,3,8,0.230338,0.237993,18826,0,0.001097
12350,,7,2,0,2,2,0,2,0,0,0,0,0.5,0.001109
12352,,7,1,1,2,1,1,2,1,1,1,0,0.5,0.000928
4476,,7,8,8,16,8,8,16,8,0.274148,0.287216,34273.820519,0.129167,0.003311
2609,,53,3,3,6,3,3,6,8,0.231639,0.239529,2924.88258,0,0.001328
2898,,53,4,3,7,4,3,7,9,0.212608,0.218673,26564.924838,0.071429,0.002774
1621,,16,14,18,32,14,18,32,8,0.264095,0.276621,85543.161466,0.121921,0.012484
4708,,7,1,0,1,1,0,1,0,0,0,0,0,0.000557
9704,,41,4,8,12,4,8,12,8,0.247593,0.258039,25126.670428,0.018182,0.001113
16855,,2,2,0,2,2,0,2,0,0,0,0,0.5,0.000726
19270,,34,2,0,2,2,0,2,0,0,0,0,0,0.000726
1959,,7,8,4,12,8,4,12,9,0.240493,0.24933,38135.610379,0.077778,0.003601
19135,,7,1,3,4,1,3,4,8,0.264147,0.275091,789.129035,0.166667,0.000557
7017,,41,5,6,11,5,6,11,9,0.23598,0.244814,45511.526807,0.041667,0.003984
2341,,7,1,2,3,1,2,3,8,0.240361,0.248293,0,1,0.002941
7538,,41,1,1,2,1,1,2,8,0.236954,0.244407,0,0,0.002941
9279,,41,11,3,14,11,3,14,8,0.262347,0.274289,31056.210163,0.166667,0.005059
12700,,7,9,9,18,9,9,18,8,0.254392,0.264389,11571.856124,0.12381,0.005857
13190,,41,2,1,3,2,1,3,8,0.26374,0.274627,622.569062,0.333333,0.003115
17322,,41,1,0,1,1,0,1,0,0,0,0,0,0.002941
22717,,41,2,2,4,2,2,4,9,0.202976,0.207967,25991.833163,0.25,0.003357
24997,,41,1,0,1,1,0,1,0,0,0,0,0,0.002941
6215,,7,16,5,21,16,5,21,8,0.263928,0.275005,25577.634739,0.092105,0.011436
26495,,41,1,1,2,1,1,2,8,0.236954,0.244407,0,0,0.002941
27044,,41,2,0,2,2,0,2,0,0,0,0,0.5,0.003109
21842,,41,2,2,4,2,2,4,8,0.264693,0.275747,608.39818,0.833333,0.003899
28202,,41,3,0,3,3,0,3,0,0,0,0,0.333333,0.004196
32319,,41,1,0,1,1,0,1,0,0,0,0,0,0.002941
10925,,41,6,0,6,6,0,6,0,0,0,0,0.3,0.003952
27949,,41,4,0,4,4,0,4,0,0,0,0,0.5,0.003625
27564,,41,2,0,2,2,0,2,0,0,0,0,0.5,0.003116
34220,,41,1,1,2,1,1,2,8,0.236954,0.244407,0,0,0.002941
34246,,41,1,0,1,1,0,1,0,0,0,0,0,0.002941
35213,,41,1,1,2,1,1,2,8,0.236954,0.244407,0,0,0.002941
10858,,41,3,1,4,3,1,4,9,0.230482,0.238015,184.351662,0,0.003282
32428,,41,3,0,3,3,0,3,0,0,0,0,0.666667,0.003362
4944,,16,3,2,5,3,2,5,9,0.228821,0.236196,3411.010215,0.25,0.001112
11294,,16,2,2,4,2,2,4,9,0.241139,0.250334,494.165192,0.333333,0.000938
9646,,16,3,5,8,3,5,8,8,0.235457,0.243692,45502.06672,0.047619,0.001106
8809,,16,2,1,3,2,1,3,9,0.220869,0.227961,536.615438,0.166667,0.000969
17654,,16,1,0,1,1,0,1,0,0,0,0,0,0.000765
14543,,16,7,4,11,7,4,11,9,0.223049,0.230175,99207.380534,0.088889,0.004707
1564,,7,4,5,9,4,5,9,8,0.271182,0.283705,38538.322861,0.166667,0.001303
26218,,16,1,0,1,1,0,1,0,0,0,0,0,0.000765
10513,,16,1,1,2,1,1,2,9,0.227681,0.234865,0,0,0.000765
27931,,16,1,2,3,1,2,3,9,0.227697,0.234913,0,1,0.000765
11020,,16,2,3,5,2,3,5,8,0.240364,0.248636,705.533786,0.1,0.001051
35370,,16,1,0,1,1,0,1,0,0,0,0,0,0.000765
312,,7,14,11,25,14,11,25,8,0.250249,0.259504,27952.900108,0.142105,0.006664
2890,,7,3,3,6,3,3,6,8,0.238857,0.246629,363.133924,0.333333,0.002209
4075,,53,1,1,2,1,1,2,9,0.197758,0.202227,23.457394,0.5,0.000503
1163,,2,11,13,24,11,13,24,9,0.222456,0.229887,96984.548505,0.073099,0.002506
9662,,7,5,8,13,5,8,13,8,0.257774,0.268589,33563.72963,0.128788,0.003088
23979,,7,1,1,2,1,1,2,9,0.216214,0.22253,0,0,0.000503
4331,,7,3,5,8,3,5,8,9,0.205987,0.211387,28524.128662,0.107143,0.000887
19713,,41,1,2,3,1,2,3,8,0.264875,0.276637,957.303417,0.166667,0.000503
12591,,41,4,4,8,4,4,8,8,0.241396,0.249537,1908.274744,0.095238,0.001353
11659,,16,3,4,7,3,4,7,9,0.220471,0.227592,9971.840507,0.047619,0.002586
15805,,7,1,0,1,1,0,1,0,0,0,0,0,0.000315
20138,,7,1,0,1,1,0,1,0,0,0,0,0,0.000315
360,,16,12,17,29,12,17,29,8,0.262544,0.27569,29485.103053,0.160079,0.00861
546,,16,3,4,7,3,4,7,8,0.244287,0.253796,45090.782691,0.166667,0.005371
1149,,16,9,17,26,9,17,26,8,0.26674,0.279715,62644.091898,0.202632,0.012847
3294,,16,2,1,3,2,1,3,8,0.239855,0.247708,0,0.5,0.002679
1453,,16,12,18,30,12,18,30,8,0.28151,0.296269,94968.182671,0.176667,0.010402
534,,16,9,8,17,9,8,17,8,0.253031,0.263404,1005.622741,0.285714,0.006149
1852,,16,16,10,26,16,10,26,8,0.277514,0.29174,140331.48543,0.12253,0.008708
5337,,16,1,0,1,1,0,1,0,0,0,0,0,0.002511
1597,,16,11,26,37,11,26,37,8,0.265215,0.278984,62870.249007,0.200739,0.010199
5234,,16,3,2,5,3,2,5,8,0.239871,0.247766,64.054525,0.5,0.008103
6713,,16,1,1,2,1,1,2,9,0.196319,0.201063,0,1,0.002511
2582,,16,3,7,10,3,7,10,8,0.252339,0.262806,2804.21727,0.25,0.002934
2523,,16,7,9,16,7,9,16,8,0.261396,0.273174,39855.773938,0.212121,0.00637
8294,,16,4,7,11,4,7,11,8,0.243857,0.252548,825.102327,0.4,0.006389
4627,,16,6,8,14,6,8,14,8,0.259058,0.27101,27562.280339,0.372727,0.006744
1087,,16,11,22,33,11,22,33,8,0.270531,0.284621,18161.483802,0.179894,0.011418
10005,,16,3,4,7,3,4,7,8,0.27195,0.284894,5709.246079,0.366667,0.003051
8708,,16,2,4,6,2,4,6,8,0.250983,0.261024,0,0.9,0.005203
2215,,16,8,24,32,8,24,32,8,0.259884,0.271534,90057.906082,0.063218,0.006725
11607,,16,3,1,4,3,1,4,8,0.244268,0.253694,18825,0.5,0.003419
7543,,16,7,9,16,7,9,16,8,0.246488,0.256713,33595.549457,0.275641,0.007391
11860,,16,1,0,1,1,0,1,0,0,0,0,0,0.002511
11273,,7,22,8,30,22,8,30,8,0.24478,0.254228,66603.684736,0.087302,0.017743
4946,,16,2,6,8,2,6,8,8,0.245793,0.255722,27542.27433,0.142857,0.002804
3855,,16,13,24,37,13,24,37,8,0.272864,0.287656,47390.887339,0.176411,0.014452
1945,,39,12,12,24,12,12,24,8,0.242897,0.251822,80740.377686,0.060526,0.008125
3331,,12,9,11,20,9,11,20,8,0.256091,0.267436,122683.414394,0.025735,0.005674
12933,,16,4,5,9,4,5,9,8,0.251903,0.262188,849.660688,0.452381,0.010719
10421,,16,4,7,11,4,7,11,8,0.258862,0.270659,573.26656,0.392857,0.004723
16864,,16,1,0,1,1,0,1,0,0,0,0,0,0.002511
6566,,16,6,4,10,6,4,10,8,0.260817,0.273067,10828.168736,0.5,0.007086
11601,,16,2,3,5,2,3,5,8,0.254419,0.266202,2478.151302,0.5,0.002778
17861,,16,9,6,15,9,6,15,8,0.262135,0.274318,2657.458273,0.454545,0.015697
7009,,16,5,8,13,5,8,13,8,0.254172,0.265044,260.305057,0.378788,0.006742
1764,,36,10,2,12,10,2,12,8,0.235334,0.242884,20912.211505,0.188889,0.0058
21966,,16,1,3,4,1,3,4,8,0.254162,0.26515,0,0.916667,0.002511
20373,,16,3,3,6,3,3,6,8,0.245165,0.25479,93.020563,0.3,0.003133
1118,,16,3,1,4,3,1,4,9,0.219433,0.226579,0,0.666667,0.003485
22374,,16,1,0,1,1,0,1,0,0,0,0,0,0.002511
22426,,16,1,0,1,1,0,1,0,0,0,0,0,0.002511
22743,,16,1,0,1,1,0,1,0,0,0,0,0,0.002511
23345,,16,1,4,5,1,4,5,8,0.254289,0.266101,0,0.666667,0.002511
20888,,16,6,7,13,6,7,13,8,0.266627,0.279535,883.197825,0.638889,0.010352
4820,,16,6,7,13,6,7,13,8,0.257407,0.269758,10195.397321,0.4,0.008262
22334,,16,12,3,15,12,3,15,8,0.254323,0.265363,42768.010362,0.12381,0.00825
19298,,16,11,17,28,11,17,28,8,0.275613,0.289035,37924.689714,0.188333,0.011775
4519,,7,6,4,10,6,4,10,8,0.265765,0.27668,60396.975586,0.125,0.003744
30701,,16,1,0,1,1,0,1,0,0,0,0,0,0.002511
6953,,16,2,2,4,2,2,4,9,0.223986,0.231568,346.963192,0.333333,0.002694
30730,,16,3,5,8,3,5,8,9,0.236146,0.244327,26222.277469,0.166667,0.003691
5481,,16,2,1,3,2,1,3,9,0.205636,0.211324,10.844781,0.333333,0.002709
31371,,16,1,2,3,1,2,3,8,0.247799,0.258496,25975,0.333333,0.002511
11880,,16,1,2,3,1,2,3,9,0.206881,0.212803,0,0.666667,0.002511
20465,,16,1,2,3,1,2,3,9,0.226814,0.234126,0,1,0.002511
401,,16,15,14,29,15,14,29,8,0.261858,0.274265,77130.712656,0.285714,0.012229
32595,,16,1,0,1,1,0,1,0,0,0,0,0,0.002511
10834,,16,5,4,9,5,4,9,8,0.249784,0.260693,4241.135856,0.214286,0.006256
32643,,16,1,0,1,1,0,1,0,0,0,0,0,0.002511
32897,,16,1,0,1,1,0,1,0,0,0,0,0,0.002511
7995,,16,6,8,14,6,8,14,8,0.243551,0.254319,29833.648985,0.181319,0.008321
1944,,41,6,8,14,6,8,14,9,0.232116,0.240852,20257.990724,0.127273,0.004856
1845,,53,63,40,103,63,40,103,8,0.273074,0.288233,857790.995225,0.0226,0.024627
30794,,16,3,4,7,3,4,7,9,0.232388,0.240842,7406.381829,0.35,0.003419
1219,,16,12,24,36,12,24,36,8,0.274736,0.288072,230854.110912,0.075758,0.009778
15763,,16,2,3,5,2,3,5,8,0.244598,0.253452,428.191,0.333333,0.00147
3165,,41,2,0,2,2,0,2,0,0,0,0,0,0.003791
2447,,36,2,3,5,2,3,5,9,0.231964,0.240266,6445.368066,0.25,0.005408
4815,,7,1,0,1,1,0,1,0,0,0,0,0,0.003609
4062,,36,7,1,8,7,1,8,8,0.225832,0.233088,38063.797288,0.095238,0.005828
2940,,36,12,10,22,12,10,22,8,0.267765,0.279635,74166.791196,0.1,0.008849
6586,,7,1,0,1,1,0,1,0,0,0,0,0,0.003609
2226,,16,3,4,7,3,4,7,9,0.236871,0.245411,941.763726,0.166667,0.00418
14979,,7,1,0,1,1,0,1,0,0,0,0,0,0.003609
15387,,7,2,0,2,2,0,2,0,0,0,0,0,0.003817
2357,,36,8,11,19,8,11,19,8,0.27064,0.28339,148931.206687,0.158333,0.007938
16732,,35,1,1,2,1,1,2,1,1,1,25976,0,0.003609
18361,,7,3,0,3,3,0,3,0,0,0,0,0,0.004002
6576,,16,4,4,8,4,4,8,9,0.254261,0.265514,2223.944608,0.190476,0.004253
19308,,36,4,2,6,4,2,6,9,0.216994,0.22382,19034.769491,0.333333,0.004414
19455,,36,3,0,3,3,0,3,0,0,0,0,0,0.004107
726,,36,14,17,31,14,17,31,8,0.274712,0.288355,142408.997849,0.10468,0.008485
15718,,36,15,10,25,15,10,25,8,0.275266,0.288701,110296.933399,0.123377,0.008862
4532,,36,17,13,30,17,13,30,8,0.275891,0.289367,172336.933562,0.082011,0.010589
22268,,36,2,4,6,2,4,6,8,0.235049,0.243756,28708.502704,0.3,0.005408
580,,36,10,34,44,10,34,44,7,0.310727,0.327742,316021.922938,0.059379,0.006267
22784,,7,1,0,1,1,0,1,0,0,0,0,0,0.003609
15519,,36,2,0,2,2,0,2,0,0,0,0,1,0.004473
23315,,41,1,2,3,1,2,3,9,0.232165,0.240394,3075.08133,0,0.003609
12878,,36,2,1,3,2,1,3,9,0.215147,0.221452,0,0.5,0.003777
28741,,36,5,2,7,5,2,7,8,0.236054,0.243692,43970.147276,0.095238,0.004418
29620,,7,1,1,2,1,1,2,9,0.231739,0.239893,0,0,0.003609
4895,,36,1,4,5,1,4,5,8,0.23657,0.244456,4961.982432,0.5,0.003609
10887,,22,11,3,14,11,3,14,8,0.24491,0.253704,210763.645723,0,0.005495
31812,,7,5,0,5,5,0,5,0,0,0,0,0.35,0.006658
15258,,36,6,5,11,6,5,11,9,0.227255,0.235122,27725.363375,0.266667,0.00698
11165,,36,2,2,4,2,2,4,9,0.235564,0.244088,870.91189,0.666667,0.004626
2259,,1,2,8,10,2,8,10,8,0.278104,0.290981,61852.033964,0.194444,0.003782
35388,,7,1,0,1,1,0,1,0,0,0,0,0,0.003609
6280,,7,2,1,3,2,1,3,9,0.229826,0.237591,0,0.5,0.002933
9097,,67,6,0,6,6,0,6,0,0,0,0,0.066667,0.00158
6935,,7,1,1,2,1,1,2,9,0.207285,0.212646,2.798724,0,0.000463
5772,,7,9,9,18,9,9,18,8,0.280462,0.293394,2134.088719,0.515152,0.002958
13291,,7,3,0,3,3,0,3,0,0,0,0,0.5,0.001904
20861,,7,1,0,1,1,0,1,0,0,0,0,0,0.000295
1221,,7,22,9,31,22,9,31,7,0.299044,0.314504,115116.146264,0.105413,0.013249
20862,,7,1,0,1,1,0,1,0,0,0,0,0,0.000295
9058,,41,5,10,15,5,10,15,8,0.276276,0.289749,53608.189478,0.119048,0.001242
26972,,7,1,0,1,1,0,1,0,0,0,0,0,0.000295
19853,,7,5,6,11,5,6,11,8,0.266684,0.278051,39062.736549,0.127273,0.001823
9580,,7,4,1,5,4,1,5,1,1,1,0.676364,0.35,0.002229
3865,,41,2,0,2,2,0,2,0,0,0,0,0,0.002021
20598,,7,1,2,3,1,2,3,8,0.247642,0.257041,275.942919,0.166667,0.001691
26166,,7,1,0,1,1,0,1,0,0,0,0,0,0.001691
298,,36,7,7,14,7,7,14,8,0.241217,0.249113,180317.982299,0.081818,0.002875
299,,36,1,2,3,1,2,3,9,0.194345,0.198384,25975,0,0.000219
17167,,36,2,1,3,2,1,3,11,0.136492,0.138139,51946,0,0.000419
20419,,36,1,1,2,1,1,2,8,0.225834,0.233097,0,1,0.000219
5725,,36,1,2,3,1,2,3,9,0.226683,0.233945,275.061312,0,0.000219
4786,,36,3,2,5,3,2,5,9,0.22312,0.230003,26405.76462,0.2,0.001247
8042,,36,1,0,1,1,0,1,0,0,0,0,0,0.000173
1380,,7,3,3,6,3,3,6,8,0.245626,0.254538,27899.776512,0.25,0.004721
8237,,7,3,3,6,3,3,6,8,0.243274,0.251613,26193.207158,0.15,0.003847
8832,,7,8,3,11,8,3,11,9,0.240128,0.249029,21783.597806,0.178571,0.009251
10565,,14,2,2,4,2,2,4,8,0.248171,0.257658,18854.341766,0.25,0.003665
16893,,7,1,0,1,1,0,1,0,0,0,0,0,0.003479
16942,,7,1,1,2,1,1,2,8,0.242738,0.250962,0,0,0.003479
17747,,7,8,2,10,8,2,10,8,0.244675,0.253312,477.773986,0.208333,0.007059
6604,,7,4,4,8,4,4,8,9,0.21943,0.225808,1065.729675,0.071429,0.00518
1918,,7,18,18,36,18,18,36,8,0.260936,0.273244,69189.109845,0.072581,0.011019
21143,,7,1,0,1,1,0,1,0,0,0,0,0,0.003479
21509,,7,3,0,3,3,0,3,0,0,0,0,0.666667,0.004105
5597,,53,7,2,9,7,2,9,8,0.236766,0.244809,37674.663879,0.236111,0.005284
3500,,53,2,5,7,2,5,7,8,0.254763,0.264679,1316.446822,0.166667,0.003694
22852,,7,8,0,8,8,0,8,0,0,0,0,0.232143,0.006385
13741,,7,4,5,9,4,5,9,8,0.252674,0.262749,3234.793661,0.309524,0.004933
23711,,7,1,2,3,1,2,3,8,0.232064,0.240058,284.433153,0.166667,0.003479
24829,,7,1,0,1,1,0,1,0,0,0,0,0,0.003479
27090,,7,1,3,4,1,3,4,8,0.244522,0.253044,0,0.666667,0.003479
25439,,7,2,3,5,2,3,5,9,0.22459,0.23176,14477.298037,0.15,0.003647
30454,,7,1,0,1,1,0,1,0,0,0,0,0,0.003479
9113,,7,2,2,4,2,2,4,8,0.242741,0.250989,165.823011,0.333333,0.004774
7815,,16,11,24,35,11,24,35,8,0.286667,0.302318,216109.893852,0.077652,0.010362
16000,,53,2,0,2,2,0,2,0,0,0,0,1,0.004035
7007,,7,3,4,7,3,4,7,8,0.245802,0.254747,25993.181278,0.416667,0.004716
15568,,16,3,3,6,3,3,6,9,0.225132,0.231952,38279.559346,0.05,0.003866
12667,,7,4,8,12,4,8,12,8,0.270652,0.282464,33156.419651,0.127273,0.005806
302,,7,7,2,9,7,2,9,9,0.215277,0.221155,19647.837946,0.180556,0.003046
1226,,7,6,12,18,6,12,18,8,0.27611,0.289013,55181.492987,0.120833,0.002051
868,,7,7,10,17,7,10,17,8,0.27432,0.286939,84964.305846,0.1125,0.00215
2944,,7,2,1,3,2,1,3,8,0.240459,0.248592,0,0.5,0.001185
2138,,7,11,16,27,11,16,27,8,0.274164,0.287273,130644.582177,0.192029,0.007412
5456,,1,1,1,2,1,1,2,10,0.184076,0.188001,3245.69958,0,0.001017
6116,,7,1,1,2,1,1,2,9,0.201234,0.206187,0,1,0.001017
6117,,7,9,10,19,9,10,19,8,0.251924,0.262046,27415.816327,0.214286,0.004918
3355,,7,5,9,14,5,9,14,8,0.267085,0.279402,58855.793567,0.153846,0.003989
8012,,7,2,4,6,2,4,6,8,0.240689,0.248968,6.646513,0.3,0.001185
4775,,7,8,12,20,8,12,20,8,0.259773,0.270831,19781.312042,0.279412,0.003754
11451,,67,10,8,18,10,8,18,8,0.240883,0.249338,258872.43284,0.033333,0.002716
1706,,7,9,11,20,9,11,20,8,0.276377,0.289756,51657.663658,0.117647,0.002845
3209,,7,2,10,12,2,10,12,8,0.275013,0.288187,3187.667045,0.154545,0.00123
1227,,7,6,0,6,6,0,6,0,0,0,0,0.2,0.003147
3181,,7,8,13,21,8,13,21,8,0.266246,0.278078,118039.424945,0.1125,0.00237
16024,,7,2,1,3,2,1,3,8,0.240459,0.248592,0,1,0.001241
8000,,7,5,7,12,5,7,12,8,0.273566,0.286039,28157.771057,0.181818,0.002294
1883,,7,1,2,3,1,2,3,9,0.223794,0.230878,493.530195,0,0.001017
19519,,7,1,0,1,1,0,1,0,0,0,0,0,0.001017
6624,,7,4,3,7,4,3,7,8,0.265731,0.277462,961.703694,0.35,0.001679
20189,,7,1,0,1,1,0,1,0,0,0,0,0,0.001017
918,,67,9,5,14,9,5,14,8,0.243772,0.251925,50593.601136,0.077778,0.003134
10557,,7,3,2,5,3,2,5,9,0.229958,0.237798,18860.867419,0.2,0.002074
11683,,7,2,5,7,2,5,7,8,0.25615,0.266086,163.288358,0.2,0.001241
24050,,7,1,0,1,1,0,1,0,0,0,0,0,0.001017
24807,,7,8,0,8,8,0,8,0,0,0,0,0.107143,0.003479
24758,,7,1,1,2,1,1,2,8,0.240459,0.248592,0,0,0.001017
20749,,12,1,2,3,1,2,3,9,0.199847,0.205116,702.991109,0.333333,0.001017
29166,,7,1,1,2,1,1,2,9,0.225041,0.231897,26.41676,0,0.001017
26133,,7,6,9,15,6,9,15,8,0.28104,0.294953,5051.649199,0.219697,0.003834
21731,,7,1,2,3,1,2,3,8,0.240579,0.248797,0,1,0.001017
34681,,7,1,0,1,1,0,1,0,0,0,0,0,0.001017
303,,2,0,1,1,0,1,1,9,0.20986,0.215414,0,0,0
3001,,2,1,0,1,1,0,1,0,0,0,0,0,0.00024
3672,,2,1,0,1,1,0,1,0,0,0,0,0,0.00024
3901,,2,1,4,5,1,4,5,1,1,1,1.869877,0.15,0.00024
4705,,2,2,0,2,2,0,2,0,0,0,0,1,0.000508
1449,,7,3,0,3,3,0,3,0,0,0,0,0,0.000703
869,,1,14,19,33,14,19,33,8,0.243114,0.253295,34241.865623,0.153439,0.005932
11319,,7,2,2,4,2,2,4,8,0.233974,0.242626,259.692083,0,0.002291
5034,,7,2,6,8,2,6,8,8,0.256499,0.267383,2496.338793,0.125,0.00053
16352,,7,2,1,3,2,1,3,8,0.244386,0.252463,240.954455,0,0.000719
17195,,7,1,0,1,1,0,1,0,0,0,0,0,0.000352
1063,,7,1,0,1,1,0,1,0,0,0,0,0,0.001296
3370,,16,2,0,2,2,0,2,0,0,0,0,0,0.001552
4909,,1,2,0,2,2,0,2,0,0,0,0,1,0.001816
3371,,16,2,2,4,2,2,4,9,0.217378,0.223993,3552.222741,0.333333,0.001601
6328,,12,1,2,3,1,2,3,9,0.199847,0.205116,548.959541,0.333333,0.001296
7161,,7,1,0,1,1,0,1,0,0,0,0,0,0.001296
8302,,36,2,1,3,2,1,3,9,0.218121,0.224515,29.183191,0,0.001469
8446,,7,2,0,2,2,0,2,0,0,0,0,1,0.002046
6402,,7,2,5,7,2,5,7,8,0.250206,0.260721,2118.036946,0.119048,0.003149
1482,,7,5,64,69,5,64,69,7,0.300826,0.319141,138491.58571,0.063725,0.003034
8916,,41,3,0,3,3,0,3,0,0,0,0,0.333333,0.002349
2427,,14,6,4,10,6,4,10,9,0.196202,0.200575,81821.139568,0.035714,0.002199
9495,,7,1,0,1,1,0,1,0,0,0,0,0,0.001296
867,,67,3,3,6,3,3,6,9,0.229038,0.237009,5040.804624,0.166667,0.002326
6537,,16,2,3,5,2,3,5,8,0.269632,0.281947,44800,0.2,0.001464
11077,,39,1,1,2,1,1,2,1,1,1,32.16455,0,0.001296
2496,,16,12,12,24,12,12,24,8,0.277698,0.292278,23695.001247,0.112554,0.006062
11018,,7,3,2,5,3,2,5,8,0.263725,0.274152,107.242212,0.2,0.001723
3444,,16,5,3,8,5,3,8,8,0.22706,0.235035,58815.13959,0.142857,0.004633
14784,,7,1,0,1,1,0,1,0,0,0,0,0,0.001296
1846,,32,27,38,65,27,38,65,8,0.280713,0.29561,644302.123315,0.044465,0.010755
6176,,1,2,6,8,2,6,8,9,0.212284,0.21914,27988.490015,0.071429,0.002159
15499,,7,1,0,1,1,0,1,0,0,0,0,0,0.001296
16088,,16,14,3,17,14,3,17,8,0.231244,0.238929,59820.813228,0.141667,0.010849
7714,,16,7,3,10,7,3,10,8,0.238627,0.246607,38085.102298,0.111111,0.002858
11796,,7,4,3,7,4,3,7,8,0.25282,0.262936,19660.049879,0.066667,0.002127
15864,,7,2,7,9,2,7,9,8,0.256761,0.267336,147.775171,0.152778,0.001624
5996,,16,5,4,9,5,4,9,8,0.25001,0.259217,27405.62035,0.027778,0.002385
13815,,7,2,1,3,2,1,3,8,0.262753,0.273463,0,0.5,0.001644
12554,,81,3,4,7,3,4,7,8,0.249794,0.258404,63721.895395,0.095238,0.001632
18572,,7,1,0,1,1,0,1,0,0,0,0,0,0.001296
13289,,16,1,1,2,1,1,2,9,0.197937,0.202631,36.519125,0,0.001296
14791,,7,2,6,8,2,6,8,9,0.224012,0.231277,26784.283071,0.107143,0.001663
4548,,67,10,4,14,10,4,14,9,0.228762,0.235912,139191.672556,0.064103,0.004386
21774,,7,3,3,6,3,3,6,8,0.262281,0.273525,19042.822837,0.1,0.001705
22271,,7,1,0,1,1,0,1,0,0,0,0,0,0.001296
22423,,7,1,0,1,1,0,1,0,0,0,0,0,0.001296
1266,,7,23,29,52,23,29,52,7,0.290243,0.304582,161681.912017,0.112079,0.00897
22554,,7,1,0,1,1,0,1,0,0,0,0,0,0.001296
8489,,14,13,9,22,13,9,22,8,0.254216,0.264221,173497.983608,0.147059,0.003834
8153,,41,1,2,3,1,2,3,9,0.250622,0.261016,9308.789114,0.166667,0.001296
23306,,16,2,0,2,2,0,2,0,0,0,0,0,0.001498
14904,,7,2,1,3,2,1,3,9,0.212012,0.218101,33.471094,0.333333,0.001756
6821,,16,7,3,10,7,3,10,8,0.230671,0.237768,71361.017026,0.041667,0.003399
24600,,7,1,1,2,1,1,2,8,0.247064,0.255643,0,0.5,0.001296
8894,,16,1,3,4,1,3,4,8,0.27426,0.286366,6214.474394,0.416667,0.001296
25278,,7,1,0,1,1,0,1,0,0,0,0,0,0.001296
26054,,7,1,1,2,1,1,2,8,0.267422,0.278233,0,0,0.001296
895,,67,6,7,13,6,7,13,8,0.25264,0.262702,106452.354524,0.098485,0.002665
8256,,1,27,10,37,27,10,37,9,0.231673,0.238852,461163.391171,0.011905,0.010226
4797,,16,8,5,13,8,5,13,8,0.246188,0.2566,99846.211779,0.068182,0.004625
11476,,7,1,3,4,1,3,4,8,0.237088,0.244924,55.642472,0.416667,0.001296
27314,,7,1,5,6,1,5,6,8,0.255358,0.265462,118.072926,0.333333,0.001296
3326,,7,1,4,5,1,4,5,8,0.237849,0.245501,1408.640908,0,0.001296
28111,,7,1,0,1,1,0,1,0,0,0,0,0,0.001296
28275,,7,1,0,1,1,0,1,0,0,0,0,0,0.001296
10546,,7,3,177,180,3,177,180,7,0.321834,0.345209,276565.89032,0.033085,0.002292
28558,,67,3,0,3,3,0,3,0,0,0,0,0.166667,0.001839
4271,,7,11,8,19,11,8,19,7,0.302067,0.317894,62333.273025,0.156863,0.003944
30200,,7,1,0,1,1,0,1,0,0,0,0,0,0.001296
9628,,14,3,1,4,3,1,4,9,0.206643,0.211806,577.121036,0.083333,0.002189
30543,,7,3,0,3,3,0,3,0,0,0,0,0.833333,0.002619
3353,,7,1,1,2,1,1,2,9,0.227395,0.235291,33.499919,0,0.001296
16508,,278,11,5,16,11,5,16,2,0.777778,0.857143,181888,0.012821,0.003061
4900,,12,1,2,3,1,2,3,10,0.17995,0.183352,51964.680884,0.166667,0.001296
9011,,7,4,3,7,4,3,7,8,0.264477,0.275433,2410.176083,0.238095,0.002092
15191,,16,3,3,6,3,3,6,9,0.240597,0.249288,778.924007,0.2,0.002152
31514,,7,1,0,1,1,0,1,0,0,0,0,0,0.001296
12917,,16,4,1,5,4,1,5,8,0.239483,0.247352,121.39458,0.25,0.003749
14644,,16,8,8,16,8,8,16,8,0.259272,0.270883,24412.842279,0.120833,0.005598
32884,,16,2,0,2,2,0,2,0,0,0,0,0.5,0.001697
14993,,14,1,2,3,1,2,3,8,0.247421,0.25681,5150.03975,0,0.001296
33555,,7,1,0,1,1,0,1,0,0,0,0,0,0.001296
25328,,1,2,2,4,2,2,4,9,0.223975,0.23102,168.607542,0.166667,0.002319
34200,,7,1,0,1,1,0,1,0,0,0,0,0,0.001296
34201,,7,1,0,1,1,0,1,0,0,0,0,0,0.001296
30806,,7,2,0,2,2,0,2,0,0,0,0,1,0.004655
3565,,1,16,8,24,16,8,24,8,0.238503,0.24706,48702.323319,0.118421,0.010289
308,,7,7,12,19,7,12,19,8,0.266484,0.278694,61552.314988,0.296703,0.003167
3423,,7,13,13,26,13,13,26,8,0.265458,0.277203,107373.149571,0.125541,0.003206
8983,,7,2,3,5,2,3,5,9,0.227164,0.235083,13.322386,0.583333,0.000442
5868,,7,3,4,7,3,4,7,9,0.245389,0.255173,955.178833,0.357143,0.000574
11243,,7,8,5,13,8,5,13,8,0.237711,0.246555,8769.317687,0.2,0.002173
1282,,7,7,3,10,7,3,10,9,0.238509,0.247887,20172.096056,0.266667,0.004156
1321,,7,1,0,1,1,0,1,0,0,0,0,0,0.000694
2260,,7,1,0,1,1,0,1,0,0,0,0,0,0.000694
2530,,67,2,0,2,2,0,2,0,0,0,0,0,0.000914
4366,,7,1,0,1,1,0,1,0,0,0,0,0,0.000694
3710,,7,1,4,5,1,4,5,9,0.227857,0.235924,0,0.583333,0.000694
3805,,7,7,16,23,7,16,23,8,0.269876,0.282977,19631.508313,0.140351,0.002829
8063,,7,4,1,5,4,1,5,9,0.217576,0.224094,821.883487,0,0.001769
5159,,7,1,2,3,1,2,3,9,0.226907,0.234691,0,1,0.000694
3877,,7,3,4,7,3,4,7,9,0.224812,0.232459,19118.454977,0.166667,0.0015
2662,,7,21,30,51,21,30,51,8,0.281342,0.296328,85604.811178,0.123477,0.012191
5730,,7,5,8,13,5,8,13,8,0.264458,0.275568,67552.584597,0.083333,0.003615
16638,,7,1,0,1,1,0,1,0,0,0,0,0,0.000694
17323,,7,2,2,4,2,2,4,8,0.273904,0.285737,3006.103764,0.5,0.002146
19927,,7,1,1,2,1,1,2,9,0.22689,0.234625,0,0,0.000694
20454,,7,4,0,4,4,0,4,0,0,0,0,0.416667,0.001939
22402,,7,1,0,1,1,0,1,0,0,0,0,0,0.000694
22899,,7,1,0,1,1,0,1,0,0,0,0,0,0.000694
12692,,36,3,0,3,3,0,3,0,0,0,0,0.333333,0.003853
11258,,7,1,3,4,1,3,4,9,0.234236,0.243175,72.590407,0.25,0.000694
12822,,7,2,0,2,2,0,2,0,0,0,0,0,0.001243
23010,,1,2,5,7,2,5,7,9,0.227995,0.236085,5323.229076,0.2,0.000868
25682,,7,1,0,1,1,0,1,0,0,0,0,0,0.000694
27144,,7,4,2,6,4,2,6,9,0.215371,0.221462,492.815297,0.65,0.005411
26720,,7,2,3,5,2,3,5,9,0.223775,0.230795,26101.807035,0.333333,0.000899
21982,,7,1,1,2,1,1,2,1,1,1,0,0.5,0.000694
8199,,16,2,1,3,2,1,3,9,0.22689,0.234625,595.838679,0,0.000867
32973,,7,1,0,1,1,0,1,0,0,0,0,0,0.000694
1902,,7,6,6,12,6,6,12,8,0.231477,0.239249,21760.588404,0.036364,0.002837
23803,,7,3,2,5,3,2,5,9,0.219602,0.226469,26647.530754,0,0.001621
33306,,7,1,1,2,1,1,2,9,0.209777,0.215329,0,1,0.000694
8415,,7,4,10,14,4,10,14,8,0.270081,0.282224,15022.683918,0.252747,0.002721
32624,,7,3,0,3,3,0,3,0,0,0,0,0,0.00142
8572,,7,1,4,5,1,4,5,8,0.263422,0.27424,1132.53472,0.7,0.000241
15093,,81,9,2,11,9,2,11,9,0.209168,0.214595,30752.359904,0.305556,0.003211
10093,,7,1,6,7,1,6,7,8,0.267157,0.278543,20.447057,0.2,0.000241
21188,,7,1,0,1,1,0,1,0,0,0,0,0,0.000241
2830,,53,8,13,21,8,13,21,8,0.247512,0.256406,56046.690147,0.180147,0.003512
1553,,14,1,7,8,1,7,8,8,0.256457,0.267509,4.008237,0.261905,0.000266
2157,,14,1,2,3,1,2,3,9,0.217914,0.224627,17.582349,0.5,0.000266
3061,,14,2,0,2,2,0,2,0,0,0,0,1,0.00044
3108,,14,1,0,1,1,0,1,0,0,0,0,0,0.000266
3156,,14,1,1,2,1,1,2,9,0.204052,0.209422,0,1,0.000266
3220,,14,3,1,4,3,1,4,9,0.207515,0.213016,12.068122,0.25,0.000614
5309,,14,1,0,1,1,0,1,0,0,0,0,0,0.000266
13375,,14,4,4,8,4,4,8,8,0.257894,0.269047,1954.027931,0.392857,0.002264
3159,,7,1,0,1,1,0,1,0,0,0,0,0,0.001273
1921,,7,2,9,11,2,9,11,8,0.280993,0.295069,264.809685,0.372727,0.001576
15678,,7,1,0,1,1,0,1,0,0,0,0,0,0.001273
2234,,7,6,15,21,6,15,21,7,0.300687,0.316064,51918.94849,0.088095,0.002926
22118,,7,1,0,1,1,0,1,0,0,0,0,0,0.001273
17118,,7,2,0,2,2,0,2,0,0,0,0,0.5,0.003459
6113,,7,6,3,9,6,3,9,8,0.225575,0.233146,8239.249232,0.190476,0.002432
29833,,7,1,0,1,1,0,1,0,0,0,0,0,0.001273
316,,2,4,7,11,4,7,11,8,0.252929,0.262704,83815.377718,0.071429,0.002822
21724,,16,4,2,6,4,2,6,8,0.23449,0.241946,655.334567,0.4,0.001337
14037,,2,2,1,3,2,1,3,9,0.201872,0.206661,0,1,0.000441
33053,,2,1,4,5,1,4,5,9,0.19485,0.199373,26116.324914,0.2,0.000209
463,,2,3,8,11,3,8,11,8,0.238893,0.247688,20529.121795,0.111111,0.002557
1794,,2,1,0,1,1,0,1,0,0,0,0,0,0.002221
4584,,2,4,1,5,4,1,5,2,0.666667,0.75,0.333333,0.45,0.002888
4903,,2,5,1,6,5,1,6,1,1,1,2,0.466667,0.003167
1398,,2,5,7,12,5,7,12,8,0.236469,0.24486,58889.325683,0.472222,0.00311
7022,,2,3,0,3,3,0,3,0,0,0,0,0,0.002591
7868,,2,2,1,3,2,1,3,8,0.235876,0.24392,18826,0,0.002389
2493,,41,3,3,6,3,3,6,8,0.235888,0.24399,70773,0.166667,0.002656
7403,,41,2,1,3,2,1,3,9,0.214847,0.221084,357.451347,0.333333,0.002474
9700,,2,1,2,3,1,2,3,11,0.143819,0.145717,0,0.333333,0.002221
10278,,2,1,0,1,1,0,1,0,0,0,0,0,0.002221
10156,,2,8,0,8,8,0,8,0,0,0,0,0.303571,0.003747
10464,,2,2,0,2,2,0,2,0,0,0,0,1,0.002516
10639,,2,1,0,1,1,0,1,0,0,0,0,0,0.002221
11747,,2,1,2,3,1,2,3,8,0.235879,0.243946,0,0.5,0.002221
7163,,2,1,5,6,1,5,6,8,0.235912,0.244092,51950,0.2,0.002221
8767,,2,7,4,11,7,4,11,8,0.2359,0.244039,135552.640746,0.053571,0.003326
10258,,2,2,0,2,2,0,2,0,0,0,0,0.5,0.002438
11919,,2,1,2,3,1,2,3,8,0.235894,0.24399,0,1,0.002221
5339,,2,7,2,9,7,2,9,10,0.167968,0.170974,50549.129431,0.178571,0.003467
355,,2,3,2,5,3,2,5,8,0.237918,0.246021,8180.590808,0.416667,0.002563
12596,,2,1,0,1,1,0,1,0,0,0,0,0,0.002221
8812,,16,4,3,7,4,3,7,8,0.257961,0.269286,2737.848219,0.333333,0.004145
16080,,41,4,0,4,4,0,4,0,0,0,0,0.083333,0.002995
16816,,2,1,1,2,1,1,2,8,0.235876,0.24392,0,0,0.002221
12457,,2,1,4,5,1,4,5,8,0.251271,0.261788,1551.694773,0.25,0.002221
6066,,7,5,8,13,5,8,13,8,0.267544,0.279303,8021.079563,0.153846,0.00343
21071,,16,6,3,9,6,3,9,8,0.235938,0.244067,68174.288298,0.095238,0.00318
16386,,16,2,2,4,2,2,4,8,0.237175,0.246082,0,1,0.004938
21038,,16,5,9,14,5,9,14,8,0.243958,0.253258,40887.262008,0.032051,0.003302
24637,,2,2,0,2,2,0,2,0,0,0,0,0.5,0.002389
25296,,36,2,0,2,2,0,2,0,0,0,0,0,0.002395
25644,,2,1,1,2,1,1,2,8,0.235876,0.24392,0,0,0.002221
26062,,2,1,0,1,1,0,1,0,0,0,0,0,0.002221
26481,,2,3,0,3,3,0,3,0,0,0,0,0.166667,0.002562
24634,,2,8,11,19,8,11,19,8,0.240816,0.249414,82867.463266,0.15,0.004333
28388,,2,2,0,2,2,0,2,0,0,0,0,0.5,0.002389
29542,,2,1,0,1,1,0,1,0,0,0,0,0,0.002221
28465,,7,2,0,2,2,0,2,0,0,0,0,0,0.002403
28245,,2,6,7,13,6,7,13,8,0.244687,0.254099,65430.170596,0.188889,0.00535
29543,,2,1,1,2,1,1,2,8,0.235876,0.24392,0,0,0.002221
28247,,2,3,4,7,3,4,7,8,0.244411,0.25377,0,0.916667,0.004241
28320,,2,2,5,7,2,5,7,8,0.249358,0.259151,2385.481811,0.5,0.002463
29880,,2,1,0,1,1,0,1,0,0,0,0,0,0.002221
31259,,2,1,0,1,1,0,1,0,0,0,0,0,0.002221
31994,,2,1,1,2,1,1,2,9,0.208248,0.214059,0,1,0.002221
19123,,22,2,2,4,2,2,4,8,0.235882,0.243955,26083.361686,0,0.002528
32708,,2,1,0,1,1,0,1,0,0,0,0,0,0.002221
33162,,2,1,0,1,1,0,1,0,0,0,0,0,0.002221
11195,,16,2,2,4,2,2,4,8,0.21776,0.224232,1041.345261,0.333333,0.001143
13585,,16,1,0,1,1,0,1,0,0,0,0,0,0.000718
18970,,16,1,1,2,1,1,2,9,0.20534,0.210848,0,0,0.000718
19843,,16,2,1,3,2,1,3,10,0.174559,0.177965,958.041097,0.166667,0.002115
16822,,16,3,1,4,3,1,4,9,0.20534,0.210848,25.998517,0.666667,0.001492
27487,,16,3,1,4,3,1,4,9,0.221973,0.229105,165.725531,0.5,0.004262
13878,,67,47,37,84,47,37,84,8,0.279305,0.294352,1783858.882857,0.01428,0.010685
27951,,16,2,1,3,2,1,3,9,0.20534,0.210848,0,1,0.001143
31131,,16,1,0,1,1,0,1,0,0,0,0,0,0.000718
34054,,16,3,1,4,3,1,4,1,1,1,25976,0.333333,0.001163
32748,,16,3,1,4,3,1,4,9,0.221973,0.229105,18826,0.333333,0.001462
6099,,16,1,1,2,1,1,2,9,0.221973,0.229105,0,0,0.000576
34952,,16,2,2,4,2,2,4,8,0.231562,0.239122,663.121965,0.083333,0.001097
11344,,16,2,1,3,2,1,3,8,0.230085,0.237687,18825,0,0.000949
12451,,16,2,3,5,2,3,5,9,0.213435,0.219804,2984.278323,0.2,0.000961
19113,,16,1,1,2,1,1,2,8,0.230085,0.237687,0,0,0.000761
24867,,16,1,2,3,1,2,3,8,0.263888,0.275358,185.820317,0.5,0.000761
24563,,16,2,2,4,2,2,4,8,0.237681,0.245762,173.262896,0.5,0.00093
27570,,16,1,0,1,1,0,1,0,0,0,0,0,0.000761
29916,,16,1,0,1,1,0,1,0,0,0,0,0,0.000761
24737,,16,2,1,3,2,1,3,8,0.230085,0.237687,18826,0,0.00093
14536,,7,5,6,11,5,6,11,8,0.247825,0.257493,10872.117089,0.045455,0.001876
3585,,1,8,13,21,8,13,21,8,0.237035,0.24613,1588.20834,0.254902,0.003647
10739,,1,1,0,1,1,0,1,0,0,0,0,0,0.000383
12764,,7,4,4,8,4,4,8,8,0.236772,0.24521,2404.979824,0.142857,0.001217
10222,,1,7,4,11,7,4,11,8,0.231235,0.239228,2299.241715,0.277778,0.001848
4405,,1,5,2,7,5,2,7,8,0.231519,0.239579,472.673197,0.2,0.003259
4808,,67,18,18,36,18,18,36,8,0.261244,0.272482,200018.902039,0.029557,0.005815
27579,,1,3,0,3,3,0,3,0,0,0,0,0.5,0.002462
2298,,1,4,2,6,4,2,6,8,0.231924,0.239993,80.87745,0.4,0.002606
761,,1,7,13,20,7,13,20,8,0.271252,0.284401,21204.901725,0.251634,0.003714
6191,,1,1,0,1,1,0,1,0,0,0,0,0,0.001853
2018,,1,7,11,18,7,11,18,8,0.232093,0.240462,24802.024142,0.225,0.0042
2019,,1,8,14,22,8,14,22,8,0.232105,0.240682,28700.370732,0.239766,0.003642
2843,,1,3,6,9,3,6,9,8,0.237067,0.245974,1617.587946,0.232143,0.002228
6216,,1,11,13,24,11,13,24,8,0.233869,0.242265,8158.657553,0.207143,0.005335
6217,,1,5,8,13,5,8,13,8,0.267849,0.27987,13178.292044,0.190909,0.002806
6218,,1,7,14,21,7,14,21,8,0.239748,0.249151,27847.319236,0.222222,0.003505
7413,,1,6,6,12,6,6,12,8,0.233145,0.241914,296.708332,0.322222,0.003158
3107,,1,1,2,3,1,2,3,8,0.230886,0.238744,0,1,0.001853
6527,,1,11,6,17,11,6,17,9,0.22485,0.232631,261923.061512,0.016667,0.005914
710,,1,7,13,20,7,13,20,8,0.235052,0.243633,99039.819021,0.111111,0.003733
10575,,1,1,0,1,1,0,1,0,0,0,0,0,0.001853
12245,,1,2,1,3,2,1,3,9,0.188377,0.192671,6.371705,0.666667,0.002216
12532,,1,2,1,3,2,1,3,8,0.230847,0.238656,0,1,0.002109
3487,,1,5,4,9,5,4,9,8,0.230878,0.238794,41315.83427,0.047619,0.002604
1787,,1,1,2,3,1,2,3,8,0.230858,0.23871,0,1,0.001853
18531,,1,4,1,5,4,1,5,9,0.187573,0.191685,14.565029,0.333333,0.002572
14849,,1,8,1,9,8,1,9,8,0.230847,0.238656,0,0.5,0.003877
7455,,1,1,2,3,1,2,3,9,0.221937,0.229456,334.733577,0.333333,0.001853
24081,,1,1,0,1,1,0,1,0,0,0,0,0,0.001853
12970,,41,2,2,4,2,2,4,8,0.223991,0.231167,13465.732291,0,0.003652
26790,,1,1,0,1,1,0,1,0,0,0,0,0,0.001853
28361,,1,1,0,1,1,0,1,0,0,0,0,0,0.001853
26208,,1,1,1,2,1,1,2,10,0.161733,0.164269,20348.78024,0,0.001853
29400,,1,2,0,2,2,0,2,0,0,0,0,1,0.002121
9443,,1,4,7,11,4,7,11,8,0.240348,0.248975,3361.892495,0.166667,0.003551
35345,,1,1,0,1,1,0,1,0,0,0,0,0,0.001853
35553,,1,1,0,1,1,0,1,0,0,0,0,0,0.001853
1112,,16,2,9,11,2,9,11,8,0.252403,0.262125,570.443703,0.291667,0.001304
7722,,16,4,1,5,4,1,5,9,0.232952,0.241229,18825,0.25,0.002193
9650,,16,2,0,2,2,0,2,0,0,0,0,0,0.000946
18746,,16,13,10,23,13,10,23,8,0.25434,0.264903,160356.979303,0.060606,0.005828
28943,,16,6,3,9,6,3,9,8,0.253327,0.263531,2608.302803,0.089286,0.002111
3323,,16,1,2,3,1,2,3,8,0.234621,0.243245,0,1,0.002839
5926,,16,1,1,2,1,1,2,8,0.234507,0.243046,0,0,0.002839
6418,,16,1,0,1,1,0,1,0,0,0,0,0,0.002839
7207,,16,7,5,12,7,5,12,8,0.246346,0.257337,17785.362803,0.255556,0.005324
8114,,16,1,1,2,1,1,2,8,0.234507,0.243046,0,0,0.002839
7360,,1,3,8,11,3,8,11,8,0.248827,0.25873,26194.563068,0,0.003686
11107,,16,3,4,7,3,4,7,8,0.252549,0.262711,18965.797204,0.4,0.005699
13157,,16,1,0,1,1,0,1,0,0,0,0,0,0.002839
4737,,16,4,1,5,4,1,5,8,0.234507,0.243046,18826,0.166667,0.003362
13923,,16,1,3,4,1,3,4,8,0.234647,0.243301,0,0.833333,0.002839
14488,,16,10,1,11,10,1,11,8,0.234507,0.243046,18826,0.155556,0.005122
1838,,16,11,16,27,11,16,27,8,0.252163,0.26319,107727.184408,0.056667,0.008969
16880,,16,1,0,1,1,0,1,0,0,0,0,0,0.002839
17313,,36,14,0,14,14,0,14,0,0,0,0,0.038462,0.006188
17518,,16,7,8,15,7,8,15,8,0.256716,0.267798,73275.714275,0.120879,0.004981
19058,,16,1,0,1,1,0,1,0,0,0,0,0,0.002839
21394,,16,1,0,1,1,0,1,0,0,0,0,0,0.002839
20750,,16,5,4,9,5,4,9,8,0.252647,0.262986,354.840268,0.452381,0.005283
18854,,16,1,1,2,1,1,2,8,0.234507,0.243046,0,0,0.002839
18101,,16,1,1,2,1,1,2,8,0.234507,0.243046,0,0,0.002839
22397,,16,1,1,2,1,1,2,8,0.234507,0.243046,0,0,0.002839
22923,,16,1,0,1,1,0,1,0,0,0,0,0,0.002839
23469,,16,1,0,1,1,0,1,0,0,0,0,0,0.002839
23537,,16,1,0,1,1,0,1,0,0,0,0,0,0.002839
23924,,16,1,0,1,1,0,1,0,0,0,0,0,0.002839
24370,,16,1,0,1,1,0,1,0,0,0,0,0,0.002839
20837,,16,4,2,6,4,2,6,8,0.241127,0.249074,26795.296151,0.2,0.003607
15072,,16,1,1,2,1,1,2,8,0.234507,0.243046,0,0,0.002839
27837,,16,1,2,3,1,2,3,8,0.23451,0.243073,0,1,0.002839
28385,,16,1,0,1,1,0,1,0,0,0,0,0,0.002839
28747,,16,2,2,4,2,2,4,8,0.243844,0.253899,0,0.666667,0.003138
15107,,16,2,3,5,2,3,5,8,0.234519,0.243113,0,0.833333,0.00305
4522,,16,2,3,5,2,3,5,8,0.238316,0.24736,1020.442323,0,0.003279
2230,,1,12,12,24,12,12,24,8,0.258684,0.269569,47699.567305,0.150198,0.007541
32892,,16,1,1,2,1,1,2,9,0.232952,0.241229,0,1,0.002839
13996,,16,3,5,8,3,5,8,8,0.23649,0.24508,19395.772367,0.233333,0.003214
1637,,16,5,3,8,5,3,8,8,0.234624,0.243272,560.575456,0.261905,0.006416
4159,,7,7,13,20,7,13,20,8,0.258826,0.269778,48254.078239,0.191667,0.007952
7114,,7,1,2,3,1,2,3,8,0.235046,0.243397,0,0.5,0.001559
2548,,7,3,4,7,3,4,7,8,0.253699,0.26377,20221.336684,0.142857,0.002016
8592,,7,1,0,1,1,0,1,0,0,0,0,0,0.001559
9136,,7,1,0,1,1,0,1,0,0,0,0,0,0.001559
1746,,7,20,23,43,20,23,43,8,0.281949,0.297061,326234.325345,0.059309,0.006536
3302,,7,3,4,7,3,4,7,9,0.224987,0.232291,1581.914398,0.095238,0.00317
12874,,7,1,0,1,1,0,1,0,0,0,0,0,0.001559
15466,,7,1,0,1,1,0,1,0,0,0,0,0,0.001559
6848,,7,2,5,7,2,5,7,8,0.271471,0.283404,945.90421,0.261905,0.001755
18857,,7,1,0,1,1,0,1,0,0,0,0,0,0.001559
3425,,7,11,7,18,11,7,18,8,0.247395,0.257028,10450.081719,0.209559,0.009778
13086,,7,2,3,5,2,3,5,9,0.22492,0.23144,19354.593148,0.1,0.00175
26907,,7,1,0,1,1,0,1,0,0,0,0,0,0.001559
4805,,7,14,20,34,14,20,34,8,0.289408,0.304481,124207.302743,0.206897,0.010413
18654,,7,2,1,3,2,1,3,9,0.207607,0.212851,0.904257,0.166667,0.001852
27524,,7,1,0,1,1,0,1,0,0,0,0,0,0.001559
7647,,7,2,1,3,2,1,3,8,0.261476,0.272569,178.457373,0.166667,0.001732
9893,,7,8,19,27,8,19,27,8,0.271514,0.284396,37584.968223,0.150362,0.004749
9871,,7,2,2,4,2,2,4,9,0.221882,0.228917,241.20785,0,0.002127
5546,,7,6,5,11,6,5,11,8,0.237435,0.245628,2712.428876,0.111111,0.003873
31000,,7,1,1,2,1,1,2,9,0.222606,0.229585,412.283238,0.5,0.001559
7624,,7,5,6,11,5,6,11,8,0.271468,0.284037,24190.255262,0.127273,0.002327
31961,,7,2,0,2,2,0,2,0,0,0,0,1,0.004062
32901,,7,2,0,2,2,0,2,0,0,0,0,0.5,0.001808
15977,,7,2,1,3,2,1,3,9,0.213716,0.219747,103.443853,0.166667,0.001762
28704,,7,8,17,25,8,17,25,8,0.288906,0.303917,35708.774534,0.268398,0.003795
31195,,7,1,1,2,1,1,2,8,0.245111,0.253391,0,1,0.001559
5297,,1,2,3,5,2,3,5,8,0.237693,0.245233,7301.246202,0.15,0.002402
17435,,7,2,1,3,2,1,3,9,0.225094,0.232328,205.940801,0.333333,0.003498
2076,,41,2,4,6,2,4,6,8,0.257608,0.268856,60805.569557,0.066667,0.001845
3674,,7,8,9,17,8,9,17,8,0.268855,0.280588,4491.625418,0.326923,0.003674
327,,7,0,1,1,0,1,1,9,0.193869,0.197904,0,0,0
330,,7,4,3,7,4,3,7,9,0.200507,0.205385,887.413587,0.1,0.001069
331,,7,2,1,3,2,1,3,10,0.185128,0.189061,12350.59638,0,0.00111
6161,,7,15,10,25,15,10,25,8,0.230203,0.238298,87141.319082,0.088235,0.00395
4204,,7,2,2,4,2,2,4,9,0.227175,0.234583,19004.234187,0,0.000367
13104,,7,4,2,6,4,2,6,9,0.206487,0.211921,20153.31091,0.1,0.001669
8502,,7,2,2,4,2,2,4,8,0.239507,0.248038,2103.585381,0.166667,0.000602
31023,,7,1,0,1,1,0,1,0,0,0,0,0,0.000365
4619,,7,2,4,6,2,4,6,8,0.262749,0.274024,1502.949734,0.3,0.001457
20206,,7,1,1,2,1,1,2,9,0.220556,0.227228,0,0,0.000365
1923,,7,15,25,40,15,25,40,8,0.284282,0.298879,155979.068014,0.123016,0.008539
334,,25,2,0,2,2,0,2,0,0,0,0,0,0.001043
6765,,7,3,6,9,3,6,9,9,0.228607,0.236276,70898.531095,0.017857,0.001285
5348,,7,2,0,2,2,0,2,0,0,0,0,1,0.001244
10152,,53,3,0,3,3,0,3,0,0,0,0,0.333333,0.001882
14013,,7,2,4,6,2,4,6,8,0.25317,0.263212,1003.004768,0.25,0.001244
1979,,7,2,6,8,2,6,8,9,0.223025,0.230356,822.451324,0.053571,0.001038
2899,,16,4,5,9,4,5,9,8,0.267864,0.280223,18881.812058,0.25,0.003168
14448,,7,7,3,10,7,3,10,9,0.229883,0.237164,19052.61149,0.25,0.005313
13780,,7,3,0,3,3,0,3,0,0,0,0,0,0.002483
22794,,7,3,2,5,3,2,5,9,0.214282,0.220593,34.142215,0.25,0.000916
29461,,449,3,2,5,3,2,5,9,0.222514,0.229487,45037.398556,0,0.000859
32728,,7,1,0,1,1,0,1,0,0,0,0,0,0.000523
31861,,7,2,1,3,2,1,3,8,0.223017,0.229632,266.567341,0,0.000736
33599,,7,2,0,2,2,0,2,0,0,0,0,1,0.001244
35488,,7,2,0,2,2,0,2,0,0,0,0,0,0.000696
35656,,7,1,0,1,1,0,1,0,0,0,0,0,0.000523
18614,,67,3,1,4,3,1,4,9,0.221459,0.227963,320681.846931,0,0.001442
337,,1,4,6,10,4,6,10,8,0.256618,0.266649,29901.883776,0.055556,0.001538
8753,,1,1,2,3,1,2,3,9,0.222456,0.229402,59.661923,0,0.000195
3365,,1,7,12,19,7,12,19,8,0.268904,0.281462,148618.247655,0.019608,0.0033
5676,,65,4,2,6,4,2,6,8,0.23702,0.244519,25884.836934,0.15,0.001089
5818,,16,4,7,11,4,7,11,8,0.231042,0.238738,86131.37779,0.125,0.0029
7920,,65,1,0,1,1,0,1,0,0,0,0,0,0.000526
8304,,65,2,1,3,2,1,3,8,0.234513,0.24306,293.898942,0.166667,0.002159
4419,,65,6,8,14,6,8,14,8,0.240723,0.24904,281380.368785,0.045455,0.001402
11642,,16,9,4,13,9,4,13,9,0.216582,0.223405,90742.477463,0.060606,0.003902
14417,,65,1,0,1,1,0,1,0,0,0,0,0,0.000526
8867,,65,4,5,9,4,5,9,9,0.191557,0.195666,882163.852596,0.053571,0.00144
22854,,65,1,0,1,1,0,1,0,0,0,0,0,0.000526
31337,,65,1,0,1,1,0,1,0,0,0,0,0,0.000526
35295,,65,1,0,1,1,0,1,0,0,0,0,0,0.000526
9283,,1,1,3,4,1,3,4,9,0.222608,0.230102,0,0.75,0.000655
2872,,36,5,13,18,5,13,18,8,0.267438,0.27972,28856.436299,0.137255,0.003554
5641,,36,6,0,6,6,0,6,0,0,0,0,0.366667,0.002896
6085,,36,2,1,3,2,1,3,9,0.226484,0.23329,135.7006,0.166667,0.000881
6646,,36,1,0,1,1,0,1,0,0,0,0,0,0.000708
12752,,36,2,1,3,2,1,3,9,0.21992,0.226697,0,1,0.001432
14883,,36,1,0,1,1,0,1,0,0,0,0,0,0.000708
2982,,36,4,6,10,4,6,10,8,0.246014,0.256104,81344.182899,0.160714,0.001799
7241,,36,13,14,27,13,14,27,8,0.268866,0.282025,224914.153362,0.044615,0.003006
6166,,36,4,3,7,4,3,7,9,0.197451,0.202522,26498.348801,0.166667,0.001674
20982,,36,1,2,3,1,2,3,1,1,1,33185.790266,0,0.000708
11458,,36,7,2,9,7,2,9,8,0.235425,0.242939,11146.779364,0.095238,0.002715
4215,,36,3,6,9,3,6,9,8,0.257362,0.267394,20041.344939,0.142857,0.002677
24699,,36,2,0,2,2,0,2,0,0,0,0,0.5,0.000917
28176,,36,1,0,1,1,0,1,0,0,0,0,0,0.000708
28723,,36,1,0,1,1,0,1,0,0,0,0,0,0.000708
7565,,16,9,3,12,9,3,12,9,0.226546,0.233567,26689.97607,0.118182,0.004903
8410,,36,2,0,2,2,0,2,0,0,0,0,1,0.001005
35374,,36,1,0,1,1,0,1,0,0,0,0,0,0.000708
1044,,7,1,0,1,1,0,1,0,0,0,0,0,0.000362
10373,,7,2,0,2,2,0,2,0,0,0,0,0,0.003287
10401,,7,1,0,1,1,0,1,0,0,0,0,0,0.000362
12787,,7,1,0,1,1,0,1,0,0,0,0,0,0.000362
13830,,7,1,0,1,1,0,1,0,0,0,0,0,0.000362
12418,,7,2,1,3,2,1,3,8,0.229124,0.236483,52.288906,0.333333,0.000652
3601,,7,5,7,12,5,7,12,7,0.296104,0.311025,8446.80704,0.218182,0.004353
18605,,7,2,2,4,2,2,4,8,0.243161,0.252092,2.582693,0.5,0.00056
21190,,7,3,2,5,3,2,5,9,0.218186,0.224632,82.951456,0.333333,0.000853
6075,,7,6,14,20,6,14,20,8,0.274965,0.287421,5997.641882,0.121053,0.001922
4234,,7,16,11,27,16,11,27,8,0.255833,0.265996,77471.594015,0.067692,0.007386
22692,,7,1,0,1,1,0,1,0,0,0,0,0,0.000362
1480,,7,13,22,35,13,22,35,8,0.27579,0.289762,59078.402562,0.16129,0.004844
2913,,7,1,0,1,1,0,1,0,0,0,0,0,0.000363
2967,,7,1,0,1,1,0,1,0,0,0,0,0,0.000363
3603,,7,1,0,1,1,0,1,0,0,0,0,0,0.000363
5331,,7,1,0,1,1,0,1,0,0,0,0,0,0.000363
6050,,7,1,0,1,1,0,1,0,0,0,0,0,0.000363
7025,,7,1,0,1,1,0,1,0,0,0,0,0,0.000363
8693,,7,1,2,3,1,2,3,8,0.261483,0.272604,4.647708,0.5,0.000363
4891,,7,2,3,5,2,3,5,8,0.237456,0.245995,5.370459,0.333333,0.001276
9840,,7,1,0,1,1,0,1,0,0,0,0,0,0.000363
7312,,7,2,2,4,2,2,4,8,0.265458,0.27679,25975,0.333333,0.001198
12426,,7,1,0,1,1,0,1,0,0,0,0,0,0.000363
14591,,7,1,0,1,1,0,1,0,0,0,0,0,0.000363
1865,,7,3,18,21,3,18,21,8,0.287376,0.302613,20703.084167,0.183333,0.0007
22148,,7,1,1,2,1,1,2,8,0.237079,0.245036,0,0,0.000363
26589,,7,1,0,1,1,0,1,0,0,0,0,0,0.000363
30389,,7,1,0,1,1,0,1,0,0,0,0,0,0.000363
6444,,16,6,1,7,6,1,7,9,0.214331,0.220612,375.87838,0.047619,0.00194
13082,,16,1,2,3,1,2,3,8,0.239112,0.247275,51.170802,0.5,0.000456
19851,,16,1,1,2,1,1,2,9,0.215255,0.221598,0,0,0.000456
16594,,16,1,1,2,1,1,2,9,0.215255,0.221598,0,0,0.000456
20210,,16,2,2,4,2,2,4,9,0.221204,0.228337,0,1,0.000781
2330,,7,6,2,8,6,2,8,9,0.222561,0.22982,42927.691802,0.017857,0.001489
5497,,7,3,0,3,3,0,3,0,0,0,0,0,0.001131
1157,,36,17,12,29,17,12,29,8,0.287288,0.301545,184411.971161,0.076923,0.006097
347,,67,4,6,10,4,6,10,8,0.264644,0.275846,126067.79175,0.083333,0.001406
7794,,67,1,7,8,1,7,8,8,0.273773,0.285949,79030.423441,0.053571,0.000194
7585,,41,3,2,5,3,2,5,8,0.23165,0.239257,730.085934,0.25,0.003432
8953,,41,1,0,1,1,0,1,0,0,0,0,0,0.000665
9572,,41,1,0,1,1,0,1,0,0,0,0,0,0.000665
878,,41,1,1,2,1,1,2,8,0.228349,0.2356,0,0,0.000665
12028,,41,1,0,1,1,0,1,0,0,0,0,0,0.000665
15112,,41,1,0,1,1,0,1,0,0,0,0,0,0.000665
7246,,41,1,2,3,1,2,3,8,0.228712,0.236053,57.413573,0,0.000665
18042,,41,1,0,1,1,0,1,0,0,0,0,0,0.000665
16464,,41,1,1,2,1,1,2,8,0.228349,0.2356,0,0,0.000665
20114,,41,1,0,1,1,0,1,0,0,0,0,0,0.000665
21066,,41,2,0,2,2,0,2,0,0,0,0,0,0.000833
22552,,41,1,0,1,1,0,1,0,0,0,0,0,0.000665
22677,,41,1,0,1,1,0,1,0,0,0,0,0,0.000665
22678,,41,1,0,1,1,0,1,0,0,0,0,0,0.000665
22679,,41,1,0,1,1,0,1,0,0,0,0,0,0.000665
22744,,41,1,1,2,1,1,2,8,0.234437,0.242011,2302.328506,0,0.000665
28736,,41,1,2,3,1,2,3,9,0.219177,0.225783,153.856357,0,0.000665
24500,,41,4,7,11,4,7,11,8,0.247619,0.256206,64975.478724,0.033333,0.001267
30124,,41,1,0,1,1,0,1,0,0,0,0,0,0.000665
32655,,41,1,1,2,1,1,2,9,0.208174,0.213376,9.517288,0,0.000665
1094,,9,1,0,1,1,0,1,0,0,0,0,0,0.00018
7953,,7,1,0,1,1,0,1,0,0,0,0,0,0.000331
23336,,16,2,1,3,2,1,3,10,0.175264,0.17844,25973.255556,0,0.000509
5706,,53,1,1,2,1,1,2,9,0.220308,0.226972,0,1,0.001419
4028,,7,4,3,7,4,3,7,8,0.239587,0.247333,26012.158826,0.2,0.002207
8601,,7,2,3,5,2,3,5,8,0.239944,0.247719,21810.545209,0.25,0.001666
5713,,7,3,1,4,3,1,4,8,0.262753,0.273463,0,0.333333,0.003716
7290,,7,2,6,8,2,6,8,8,0.264221,0.275761,25025.188496,0.4,0.001623
14930,,7,1,1,2,1,1,2,9,0.210568,0.216005,0,1,0.001419
6729,,7,2,4,6,2,4,6,7,0.294234,0.308819,18826,0.3,0.001587
20323,,53,2,1,3,2,1,3,9,0.220308,0.226972,0,1,0.001657
9307,,53,8,5,13,8,5,13,8,0.246501,0.25545,21921.214383,0.2,0.004478
2109,,7,2,7,9,2,7,9,9,0.242475,0.252557,2708.812027,0.178571,0.004344
27050,,7,1,0,1,1,0,1,0,0,0,0,0,0.001419
2196,,7,4,4,8,4,4,8,8,0.238497,0.246419,49026.285991,0.119048,0.002318
28580,,7,1,0,1,1,0,1,0,0,0,0,0,0.001419
17697,,7,2,2,4,2,2,4,8,0.248817,0.258473,318.41208,0,0.002193
33802,,53,2,0,2,2,0,2,0,0,0,0,1,0.001898
2131,,7,5,6,11,5,6,11,8,0.264961,0.276771,46532.302788,0.181818,0.004581
2818,,7,3,9,12,3,9,12,8,0.268372,0.2805,17821.578921,0.190909,0.002538
8188,,16,13,11,24,13,11,24,8,0.263021,0.275099,207842.060514,0.036842,0.007602
3446,,7,2,2,4,2,2,4,9,0.241979,0.250916,1259.894568,0.416667,0.001726
3374,,7,5,7,12,5,7,12,8,0.266585,0.2781,78242.61399,0.128788,0.003322
19301,,41,1,1,2,1,1,2,8,0.226675,0.234632,139.225584,0,0.001558
8564,,7,7,17,24,7,17,24,8,0.292161,0.30814,107399.447469,0.266234,0.003487
20385,,7,3,5,8,3,5,8,8,0.266145,0.277867,226.05136,0.366667,0.002893
7285,,7,3,5,8,3,5,8,8,0.255012,0.264775,69121.270142,0.142857,0.00313
8815,,7,5,0,5,5,0,5,0,0,0,0,0.15,0.004005
26816,,41,4,3,7,4,3,7,9,0.229532,0.237376,9916.157349,0.261905,0.002244
31439,,7,1,0,1,1,0,1,0,0,0,0,0,0.001558
33695,,7,2,0,2,2,0,2,0,0,0,0,1,0.002439
354,,1,2,30,32,2,30,32,8,0.251131,0.261118,52593.052205,0.333333,0.000812
27619,,1,1,0,1,1,0,1,0,0,0,0,0,0.000182
1700,,1,2,7,9,2,7,9,8,0.237954,0.246824,18949.728481,0.180556,0.000351
18979,,7,1,0,1,1,0,1,0,0,0,0,0,0.000639
10270,,7,1,2,3,1,2,3,9,0.222325,0.229191,0,0.5,0.000639
20821,,7,2,1,3,2,1,3,9,0.221482,0.228121,0,1,0.000916
1478,,7,9,8,17,9,8,17,8,0.268816,0.280974,52018.570336,0.1625,0.007228
4800,,7,1,0,1,1,0,1,0,0,0,0,0,0.00247
5156,,7,2,4,6,2,4,6,9,0.235634,0.243544,44799,0.416667,0.002643
3752,,7,5,13,18,5,13,18,8,0.274284,0.287179,2685.709896,0.219048,0.004371
3257,,7,6,14,20,6,14,20,8,0.285584,0.300494,85073.155607,0.230994,0.00457
6728,,67,4,0,4,4,0,4,0,0,0,0,0.5,0.003866
9683,,67,3,1,4,3,1,4,1,1,1,3351.433672,0.333333,0.0042
10511,,7,1,0,1,1,0,1,0,0,0,0,0,0.00247
12885,,67,2,0,2,2,0,2,0,0,0,0,0.5,0.002818
15272,,7,1,0,1,1,0,1,0,0,0,0,0,0.00247
561,,67,24,22,46,24,22,46,8,0.294041,0.309421,344979.879623,0.090385,0.008444
15042,,67,2,2,4,2,2,4,10,0.191131,0.195426,2569.55587,0.166667,0.002665
843,,67,13,14,27,13,14,27,8,0.267529,0.279572,142143.17281,0.091667,0.005639
10113,,7,8,3,11,8,3,11,8,0.266299,0.277765,5101.315569,0.211111,0.007433
22656,,7,1,0,1,1,0,1,0,0,0,0,0,0.00247
22998,,7,1,0,1,1,0,1,0,0,0,0,0,0.00247
9747,,7,2,10,12,2,10,12,8,0.282401,0.296464,624.458337,0.544444,0.002698
25350,,38,2,0,2,2,0,2,0,0,0,0,0,0.002638
25182,,67,3,3,6,3,3,6,9,0.225162,0.232824,1246.122575,0.333333,0.002902
1290,,7,2,1,3,2,1,3,8,0.244449,0.252818,40.62217,0.5,0.002818
28106,,67,4,0,4,4,0,4,0,0,0,0,0.333333,0.004225
2220,,7,2,4,6,2,4,6,8,0.256859,0.267133,52919.453507,0.1,0.002873
22697,,67,2,0,2,2,0,2,0,0,0,0,0.5,0.002818
7677,,67,4,1,5,4,1,5,8,0.236996,0.244474,625.742542,0.2,0.003299
29741,,67,4,0,4,4,0,4,0,0,0,0,0.333333,0.003236
30257,,7,1,0,1,1,0,1,0,0,0,0,0,0.00247
20402,,67,4,0,4,4,0,4,0,0,0,0,0.166667,0.003281
33135,,7,1,0,1,1,0,1,0,0,0,0,0,0.00247
2152,,67,4,4,8,4,4,8,8,0.24052,0.24868,37024.915734,0.166667,0.0038
4605,,39,21,26,47,21,26,47,8,0.272363,0.285863,367943.324225,0.054765,0.006872
23957,,16,3,2,5,3,2,5,9,0.221955,0.228552,60.368328,0.333333,0.001161
7243,,16,1,0,1,1,0,1,0,0,0,0,0,0.005261
13456,,16,2,1,3,2,1,3,9,0.232949,0.24122,0,1,0.007285
14640,,16,1,0,1,1,0,1,0,0,0,0,0,0.005261
1342,,16,4,11,15,4,11,15,7,0.29701,0.312109,51925.992641,0.280303,0.005871
20119,,16,1,1,2,1,1,2,8,0.239852,0.247699,0,0,0.005261
27048,,16,3,3,6,3,3,6,8,0.248896,0.259024,0,1,0.008229
33841,,16,1,0,1,1,0,1,0,0,0,0,0,0.005261
1223,,16,1,1,2,1,1,2,9,0.230017,0.237272,0,0,0.000791
375,,16,2,2,4,2,2,4,9,0.230023,0.237308,25975,0.333333,0.000974
2614,,16,1,1,2,1,1,2,9,0.230017,0.237272,0,0,0.000791
3268,,16,2,5,7,2,5,7,9,0.230037,0.237405,60278.971155,0.233333,0.000959
1232,,16,2,2,4,2,2,4,9,0.235058,0.243376,120.843383,0.166667,0.001312
5812,,16,1,0,1,1,0,1,0,0,0,0,0,0.000791
9799,,16,1,0,1,1,0,1,0,0,0,0,0,0.000791
10029,,16,1,0,1,1,0,1,0,0,0,0,0,0.000791
10786,,16,2,0,2,2,0,2,0,0,0,0,1,0.000974
15609,,16,7,6,13,7,6,13,8,0.247636,0.257289,42208.668759,0.037879,0.002689
25513,,16,1,0,1,1,0,1,0,0,0,0,0,0.000791
11111,,16,2,3,5,2,3,5,8,0.249983,0.260688,79.948884,0.666667,0.00155
6615,,16,3,0,3,3,0,3,0,0,0,0,0,0.001858
26513,,16,2,0,2,2,0,2,0,0,0,0,0,0.001235
17515,,16,4,4,8,4,4,8,8,0.249745,0.260214,20375.372083,0.285714,0.00343
12393,,7,4,7,11,4,7,11,8,0.26799,0.279893,31537.35425,0.2,0.003418
1869,,7,1,1,2,1,1,2,9,0.21334,0.219354,0,0,0.001319
7447,,7,11,4,15,11,4,15,9,0.221123,0.228282,3523.411829,0.044872,0.005493
10940,,7,1,1,2,1,1,2,9,0.21334,0.219354,0,0,0.001319
15044,,7,3,1,4,3,1,4,9,0.201851,0.207126,194.416461,0.333333,0.002432
21061,,7,1,1,2,1,1,2,9,0.211288,0.217016,76.497122,0,0.001319
23951,,7,3,0,3,3,0,3,0,0,0,0,0.666667,0.003107
20588,,7,1,1,2,1,1,2,9,0.209143,0.214503,14.843072,0,0.001319
367,,16,3,15,18,3,15,18,8,0.275673,0.289341,61310.985781,0.088235,0.002113
3196,,16,1,1,2,1,1,2,9,0.230852,0.239153,4.356852,0,0.0002
3440,,16,1,0,1,1,0,1,0,0,0,0,0,0.0002
13505,,16,2,0,2,2,0,2,0,0,0,0,0,0.000926
2372,,16,5,8,13,5,8,13,8,0.259444,0.271704,19147.549974,0.390909,0.004219
368,,16,4,9,13,4,9,13,8,0.254093,0.265825,13414.700425,0.291667,0.003627
11734,,16,7,14,21,7,14,21,8,0.24757,0.257995,11199.633836,0.169118,0.003836
21117,,16,4,3,7,4,3,7,9,0.224416,0.232033,38.572552,0.6,0.001385
2619,,16,4,4,8,4,4,8,9,0.222078,0.229585,19206.183665,0.214286,0.000904
2714,,16,10,3,13,10,3,13,8,0.235284,0.243992,19868.190122,0.372727,0.006644
4777,,16,1,0,1,1,0,1,0,0,0,0,0,0.002692
6150,,16,1,0,1,1,0,1,0,0,0,0,0,0.002692
7428,,16,1,0,1,1,0,1,0,0,0,0,0,0.002692
8519,,16,1,0,1,1,0,1,0,0,0,0,0,0.002692
9192,,16,1,0,1,1,0,1,0,0,0,0,0,0.002692
9528,,16,2,4,6,2,4,6,8,0.250783,0.261279,8293.302631,0.033333,0.003021
9764,,16,1,1,2,1,1,2,9,0.210577,0.216652,0,1,0.002692
10418,,16,1,0,1,1,0,1,0,0,0,0,0,0.002692
11169,,16,2,0,2,2,0,2,0,0,0,0,1,0.00301
11438,,16,7,10,17,7,10,17,8,0.237966,0.24723,27434.311231,0.138095,0.005441
2836,,16,15,16,31,15,16,31,8,0.264611,0.276542,175581.652758,0.083004,0.009066
1777,,16,4,6,10,4,6,10,8,0.242806,0.252544,42494.590583,0.055556,0.003479
7968,,16,2,3,5,2,3,5,8,0.248702,0.258759,121.049738,0.666667,0.004778
6223,,16,8,7,15,8,7,15,8,0.252966,0.264467,2851.481002,0.371212,0.005728
13292,,16,1,4,5,1,4,5,8,0.248246,0.259052,12987,0.416667,0.002692
13331,,16,2,2,4,2,2,4,8,0.232116,0.239928,164.592793,0.166667,0.00457
1766,,16,9,12,21,9,12,21,8,0.263636,0.275667,69454.967509,0.152381,0.007146
13888,,41,1,1,2,1,1,2,9,0.192593,0.197317,234.51005,0,0.002692
1326,,16,36,51,87,36,51,87,8,0.303665,0.322506,516034.940791,0.057362,0.017015
1199,,7,12,16,28,12,16,28,8,0.280868,0.294882,135138.573501,0.112536,0.006467
16813,,16,3,2,5,3,2,5,9,0.202818,0.207707,26513.574191,0.1,0.004115
12761,,16,1,3,4,1,3,4,8,0.246834,0.25514,2388.426112,0,0.002692
18809,,16,5,0,5,5,0,5,0,0,0,0,0.15,0.004493
17514,,16,1,1,2,1,1,2,9,0.184968,0.188817,610.362478,0,0.002692
19497,,16,2,1,3,2,1,3,9,0.194329,0.198657,0,0.333333,0.002861
19701,,16,2,0,2,2,0,2,0,0,0,0,1,0.002916
18313,,16,2,3,5,2,3,5,8,0.250726,0.261877,507.064953,0.166667,0.003
20841,,16,1,0,1,1,0,1,0,0,0,0,0,0.002692
16349,,81,17,7,24,17,7,24,7,0.300054,0.31536,275613.084735,0.057971,0.008857
13863,,16,4,4,8,4,4,8,9,0.230838,0.239071,1998.691358,0.166667,0.004164
11882,,16,5,4,9,5,4,9,8,0.241189,0.249681,82729.510677,0.111111,0.003483
1854,,16,2,1,3,2,1,3,8,0.232563,0.240767,240.858773,0.333333,0.003143
9342,,16,3,1,4,3,1,4,9,0.232382,0.240324,241.55276,0.416667,0.003768
22687,,16,2,3,5,2,3,5,8,0.238006,0.245926,459.769583,0.2,0.003105
1985,,16,4,7,11,4,7,11,9,0.241511,0.251225,23108.107774,0.311111,0.004267
5937,,16,3,3,6,3,3,6,9,0.204913,0.210621,8925.199342,0.1,0.004067
24181,,16,1,1,2,1,1,2,9,0.224855,0.232783,0,0.5,0.002692
13177,,16,1,2,3,1,2,3,8,0.268659,0.280648,0,0.833333,0.002692
18037,,16,2,2,4,2,2,4,9,0.207319,0.213257,0.77524,0.583333,0.003046
22421,,16,4,2,6,4,2,6,8,0.249374,0.260285,19047.249118,0.25,0.004252
2865,,7,1,6,7,1,6,7,7,0.293922,0.308448,3205.395812,0.142857,0.002692
19488,,16,2,3,5,2,3,5,8,0.249997,0.260563,13001.68832,0.416667,0.002892
13013,,16,2,2,4,2,2,4,8,0.249321,0.260193,46.378512,0.666667,0.002987
17325,,16,2,4,6,2,4,6,9,0.230347,0.238762,156.281572,0.65,0.004477
22069,,16,1,3,4,1,3,4,9,0.233971,0.242384,26479.508991,0.083333,0.002692
26276,,16,3,0,3,3,0,3,0,0,0,0,0.666667,0.003867
7801,,16,5,3,8,5,3,8,8,0.24995,0.261114,1295.939703,0.55,0.004438
6581,,16,1,1,2,1,1,2,9,0.219881,0.226441,303.193759,0,0.002692
13594,,16,2,3,5,2,3,5,8,0.252824,0.264065,46.46276,0.583333,0.002867
26829,,16,5,5,10,5,5,10,8,0.247336,0.256643,4537.365204,0.222222,0.005128
31589,,16,1,0,1,1,0,1,0,0,0,0,0,0.002692
15781,,7,3,3,6,3,3,6,8,0.265035,0.275968,65057.49159,0.133333,0.003033
32978,,16,1,0,1,1,0,1,0,0,0,0,0,0.002692
5069,,16,1,1,2,1,1,2,9,0.216061,0.22289,0,1,0.002692
33364,,16,1,0,1,1,0,1,0,0,0,0,0,0.002692
12873,,16,6,8,14,6,8,14,8,0.236356,0.245031,58649.110701,0.090909,0.005058
33539,,16,1,0,1,1,0,1,0,0,0,0,0,0.002692
16370,,16,30,15,45,30,15,45,8,0.259569,0.271639,722925.553647,0.044872,0.010804
27523,,16,6,5,11,6,5,11,8,0.24562,0.255297,40175.044588,0.194444,0.004059
24039,,16,2,1,3,2,1,3,9,0.208114,0.214161,151.040609,0,0.003189
31985,,16,2,2,4,2,2,4,9,0.233536,0.242042,1108.755295,0.5,0.002861
35753,,16,1,0,1,1,0,1,0,0,0,0,0,0.002692
8044,,16,7,5,12,7,5,12,8,0.24585,0.255199,2442.582841,0.2,0.006464
6005,,7,2,1,3,2,1,3,10,0.181961,0.185826,151.921409,0.166667,0.000454
15917,,7,3,1,4,3,1,4,9,0.222427,0.229641,37651,0.25,0.000572
23474,,16,1,0,1,1,0,1,0,0,0,0,0,0.000213
12274,,16,2,7,9,2,7,9,8,0.26952,0.281891,1844.843745,0.166667,0.00231
18813,,16,3,0,3,3,0,3,0,0,0,0,0,0.002821
21189,,16,3,0,3,3,0,3,0,0,0,0,0.166667,0.002927
16425,,16,4,1,5,4,1,5,8,0.23451,0.243055,1301.920385,0.45,0.003124
16500,,16,2,1,3,2,1,3,1,1,1,5.833333,0.166667,0.002329
24057,,16,1,0,1,1,0,1,0,0,0,0,0,0.002086
24745,,16,2,0,2,2,0,2,0,0,0,0,1,0.00411
26024,,16,4,3,7,4,3,7,8,0.227606,0.235135,34204.270019,0.15,0.003704
24654,,16,5,0,5,5,0,5,0,0,0,0,0.3,0.004715
21427,,16,9,11,20,9,11,20,8,0.27531,0.288973,81872.540116,0.175439,0.006727
21041,,16,3,0,3,3,0,3,0,0,0,0,0.166667,0.002627
3749,,16,6,2,8,6,2,8,9,0.224036,0.231087,19327.963101,0.119048,0.004045
15250,,16,6,11,17,6,11,17,8,0.268686,0.282335,5393.476688,0.25,0.003924
35704,,16,3,0,3,3,0,3,0,0,0,0,0.333333,0.003061
2041,,7,6,6,12,6,6,12,8,0.238144,0.247092,37948.799837,0.145455,0.002459
13025,,7,1,0,1,1,0,1,0,0,0,0,0,0.001213
14557,,16,1,2,3,1,2,3,9,0.203245,0.208504,337.204096,0.333333,0.001213
14168,,7,7,7,14,7,7,14,8,0.280153,0.293221,65680.001292,0.266667,0.002639
14747,,7,3,16,19,3,16,19,8,0.253344,0.263946,76655.893848,0.066667,0.001584
12685,,7,1,2,3,1,2,3,9,0.198018,0.203243,69.151084,0.166667,0.001213
11661,,7,2,0,2,2,0,2,0,0,0,0,0.5,0.001581
22948,,7,2,1,3,2,1,3,9,0.224734,0.232172,0,0.5,0.001388
3420,,7,4,1,5,4,1,5,9,0.226163,0.233245,19033.027902,0.1,0.001785
26095,,7,1,0,1,1,0,1,0,0,0,0,0,0.001213
31542,,7,1,0,1,1,0,1,0,0,0,0,0,0.001213
4417,,7,11,4,15,11,4,15,8,0.239015,0.247881,56772.935364,0.120879,0.004025
374,,7,1,22,23,1,22,23,8,0.27794,0.291569,18893.611841,0.126482,0.000213
1743,,53,12,7,19,12,7,19,8,0.273956,0.287364,86599.95049,0.088235,0.003609
15923,,16,1,0,1,1,0,1,0,0,0,0,0,0.000184
25777,,7,3,1,4,3,1,4,10,0.179155,0.182313,1.057143,0.083333,0.002022
12148,,7,3,4,7,3,4,7,8,0.251735,0.261267,471.498105,0.309524,0.002817
23731,,7,2,4,6,2,4,6,9,0.250579,0.26061,806.148159,0.166667,0.000723
33715,,16,1,1,2,1,1,2,8,0.251379,0.261448,0,1,0.000291
7359,,7,1,0,1,1,0,1,0,0,0,0,0,0.002068
15053,,7,3,0,3,3,0,3,0,0,0,0,0.833333,0.003241
11166,,12,12,15,27,12,15,27,8,0.24285,0.252177,2016790.262002,0.067029,0.009881
10960,,7,7,11,18,7,11,18,8,0.241022,0.250507,18165.197097,0.179167,0.004741
16250,,12,1,5,6,1,5,6,8,0.230674,0.238957,25974,0.466667,0.002068
16529,,7,1,0,1,1,0,1,0,0,0,0,0,0.002068
16530,,7,1,0,1,1,0,1,0,0,0,0,0,0.002068
9141,,12,2,2,4,2,2,4,10,0.16863,0.171529,107.220227,0.25,0.002273
9906,,7,2,5,7,2,5,7,8,0.229027,0.237084,11578.884001,0.466667,0.002938
18401,,1,8,1,9,8,1,9,9,0.207234,0.212956,21304.649966,0.107143,0.006068
1035,,7,9,13,22,9,13,22,8,0.261858,0.273348,16798.045285,0.128676,0.00625
5080,,7,2,8,10,2,8,10,8,0.270139,0.282882,2985.39596,0.222222,0.002246
12769,,7,2,9,11,2,9,11,8,0.250449,0.260687,27564.472156,0.244444,0.003125
381,,7,2,4,6,2,4,6,8,0.251325,0.261981,46876.37707,0.066667,0.002212
382,,7,7,14,21,7,14,21,8,0.271045,0.283984,76294.339326,0.065789,0.003362
2296,,7,2,6,8,2,6,8,8,0.246478,0.255498,985.190827,0.160714,0.00128
1434,,41,5,9,14,5,9,14,8,0.240394,0.250278,27029.82999,0.356061,0.002724
1371,,16,2,1,3,2,1,3,1,1,1,0,0.5,0.000995
4813,,16,6,9,15,6,9,15,8,0.248699,0.257558,52434.783923,0.042857,0.002045
16664,,16,2,1,3,2,1,3,1,1,1,0,0.5,0.000995
2999,,41,6,10,16,6,10,16,8,0.256544,0.267031,19339.295485,0.143939,0.002951
24361,,16,2,0,2,2,0,2,0,0,0,0,0,0.001107
1595,,16,2,1,3,2,1,3,1,1,1,25977,0,0.000979
27460,,16,1,0,1,1,0,1,0,0,0,0,0,0.000811
12201,,41,5,5,10,5,5,10,8,0.229613,0.237988,38648.600203,0.071429,0.001941
10852,,16,6,5,11,6,5,11,9,0.239103,0.248609,4072.486919,0.155556,0.005514
2235,,16,2,24,26,2,24,26,8,0.28594,0.301303,151758.662865,0.123188,0.000695
19079,,40,6,6,12,6,6,12,1,1,1,129910,0.041667,0.0014
19078,,40,5,1,6,5,1,6,2,0.545455,0.583333,6,0.2,0.001232
22173,,16,1,0,1,1,0,1,0,0,0,0,0,0.000522
22361,,41,3,1,4,3,1,4,1,1,1,25976,0.083333,0.001214
24154,,7,1,3,4,1,3,4,9,0.226909,0.234805,744.860719,0.25,0.000522
21108,,16,1,1,2,1,1,2,9,0.226013,0.233274,0,0,0.000522
388,,7,0,1,1,0,1,1,10,0.192874,0.197158,0,0,0
390,,7,2,3,5,2,3,5,8,0.262878,0.27366,26698.165989,0.1,0.00107
391,,7,1,0,1,1,0,1,0,0,0,0,0,0.000186
13424,,41,1,1,2,1,1,2,9,0.208853,0.21473,25.299562,0,0.000295
14229,,41,1,0,1,1,0,1,0,0,0,0,0,0.000295
13540,,41,39,47,86,39,47,86,8,0.284406,0.299189,337251.943124,0.060041,0.013079
14945,,41,2,5,7,2,5,7,8,0.239294,0.248716,19.319168,0.533333,0.000488
21657,,41,2,1,3,2,1,3,9,0.189826,0.194144,4.565292,0.5,0.000474
12939,,41,2,1,3,2,1,3,8,0.235746,0.244193,0,1,0.001846
7503,,16,4,0,4,4,0,4,0,0,0,0,0.25,0.002977
11960,,16,1,0,1,1,0,1,0,0,0,0,0,0.000827
5094,,7,1,1,2,1,1,2,9,0.217275,0.223893,35.798674,0,0.001159
3663,,7,3,5,8,3,5,8,9,0.231582,0.23965,717.766172,0.196429,0.001957
17906,,7,8,9,17,8,9,17,8,0.273027,0.285521,10328.208476,0.154167,0.010447
2049,,2,3,4,7,3,4,7,7,0.29747,0.312347,38829.636526,0.233333,0.000917
2048,,2,11,6,17,11,6,17,8,0.238437,0.245983,65119.017705,0.082418,0.002732
3943,,7,1,2,3,1,2,3,9,0.220703,0.227147,0,1,0.00052
18511,,7,1,1,2,1,1,2,9,0.220701,0.227121,0,0,0.00052
15590,,7,2,1,3,2,1,3,9,0.220701,0.227121,0,1,0.000697
19821,,36,5,1,6,5,1,6,9,0.208554,0.213827,1856.271161,0.1,0.001875
12399,,16,1,0,1,1,0,1,0,0,0,0,0,0.000327
11378,,14,1,1,2,1,1,2,8,0.249084,0.258105,0,0.5,0.000327
16099,,16,1,0,1,1,0,1,0,0,0,0,0,0.000327
20650,,16,1,1,2,1,1,2,9,0.223571,0.230796,0,0,0.000327
21240,,14,1,1,2,1,1,2,8,0.247392,0.256732,0,1,0.000327
31312,,16,4,0,4,4,0,4,0,0,0,0,0.666667,0.001815
2332,,16,15,44,59,15,44,59,8,0.288128,0.304228,322845.68959,0.030844,0.006903
4422,,16,11,7,18,11,7,18,8,0.263304,0.274491,10165.233159,0.1125,0.005091
4156,,41,7,14,21,7,14,21,8,0.278656,0.293051,56001.443596,0.118421,0.003245
6837,,36,17,18,35,17,18,35,8,0.275819,0.289596,298696.091735,0.051411,0.006042
2312,,7,1,0,1,1,0,1,0,0,0,0,0,0.000665
14938,,7,1,0,1,1,0,1,0,0,0,0,0,0.000665
19768,,7,2,2,4,2,2,4,1,1,1,26066.190866,0.083333,0.001269
23162,,7,1,1,2,1,1,2,8,0.23699,0.244461,0,0,0.000665
23370,,7,1,1,2,1,1,2,8,0.23699,0.244461,0,0,0.000665
24271,,7,2,0,2,2,0,2,0,0,0,0,0.5,0.000883
3673,,7,7,4,11,7,4,11,8,0.251836,0.261965,934.931917,0.455556,0.002691
2791,,7,1,4,5,1,4,5,8,0.242516,0.251068,101.351605,0.35,0.001107
4697,,7,14,11,25,14,11,25,8,0.271797,0.284986,67978.221893,0.145022,0.010519
35609,,43,2,0,2,2,0,2,0,0,0,0,0,0.001275
18919,,16,1,2,3,1,2,3,9,0.209059,0.21489,0,0.5,0.00034
26185,,16,1,1,2,1,1,2,9,0.216061,0.22289,32.884729,0.5,0.000436
31317,,16,6,8,14,6,8,14,8,0.250953,0.262088,24236.908569,0.262821,0.00204
403,,16,0,1,1,0,1,1,8,0.244433,0.254493,0,0,0
1228,,36,1,0,1,1,0,1,0,0,0,0,0,0.001799
1886,,36,7,6,13,7,6,13,8,0.263441,0.275233,27246.101882,0.185897,0.004096
4183,,36,2,3,5,2,3,5,8,0.223805,0.231003,25975,0.333333,0.00204
4933,,36,2,1,3,2,1,3,8,0.223743,0.230843,137.771111,0,0.002844
3088,,36,3,3,6,3,3,6,8,0.224164,0.231454,586.074749,0.5,0.002235
5721,,36,4,0,4,4,0,4,0,0,0,0,0.166667,0.003015
6730,,36,1,1,2,1,1,2,8,0.223743,0.230843,0,0,0.001799
10086,,36,1,1,2,1,1,2,8,0.223743,0.230843,0,0,0.001799
6182,,36,17,14,31,17,14,31,8,0.271569,0.284281,172219.489829,0.049261,0.008544
13263,,36,1,0,1,1,0,1,0,0,0,0,0,0.001799
6376,,36,1,2,3,1,2,3,8,0.224598,0.231992,0,1,0.001799
16733,,36,1,0,1,1,0,1,0,0,0,0,0,0.001799
3089,,36,2,3,5,2,3,5,8,0.223805,0.231003,4.025397,0.833333,0.001999
23765,,36,8,21,29,8,21,29,8,0.241874,0.250901,12845.567398,0.496377,0.003339
2266,,36,1,3,4,1,3,4,8,0.228083,0.23529,6.627125,0.166667,0.001799
9925,,7,2,3,5,2,3,5,8,0.26498,0.276824,243.003922,0.666667,0.002219
33527,,36,1,0,1,1,0,1,0,0,0,0,0,0.001799
8233,,2,2,0,2,2,0,2,0,0,0,0,1,0.000464
12208,,2,1,2,3,1,2,3,9,0.199192,0.204256,0,1,0.000268
17052,,2,1,1,2,1,1,2,9,0.199171,0.204154,0,0,0.000268
1908,,2,7,0,7,7,0,7,0,0,0,0,0.166667,0.001505
8370,,16,4,1,5,4,1,5,9,0.231776,0.240077,19554.768384,0.166667,0.002777
10223,,16,1,0,1,1,0,1,0,0,0,0,0,0.00111
10463,,16,5,4,9,5,4,9,9,0.232196,0.240666,48876.085631,0.214286,0.001879
1045,,16,4,7,11,4,7,11,8,0.247073,0.256269,6913.075509,0.196429,0.001731
12306,,16,1,0,1,1,0,1,0,0,0,0,0,0.00111
10905,,16,1,1,2,1,1,2,10,0.188445,0.192853,0,1,0.00111
15018,,16,1,1,2,1,1,2,9,0.231776,0.240077,0,0,0.00111
16535,,16,1,0,1,1,0,1,0,0,0,0,0,0.00111
19781,,16,1,0,1,1,0,1,0,0,0,0,0,0.00111
19600,,16,2,5,7,2,5,7,8,0.257749,0.268612,2919.781861,0.5,0.003296
22090,,16,1,1,2,1,1,2,9,0.231776,0.240077,0,0,0.00111
10068,,16,5,5,10,5,5,10,8,0.246659,0.256784,924.663918,0.482143,0.003944
25990,,16,1,0,1,1,0,1,0,0,0,0,0,0.00111
27225,,16,3,0,3,3,0,3,0,0,0,0,0.833333,0.001486
30409,,16,1,2,3,1,2,3,9,0.231779,0.240103,0,1,0.00111
31951,,16,2,1,3,2,1,3,9,0.231776,0.240077,0,1,0.001292
29902,,16,1,6,7,1,6,7,8,0.251446,0.262333,0,0.366667,0.00111
1916,,16,1,1,2,1,1,2,8,0.227027,0.23492,0,0,0.001049
2435,,16,2,1,3,2,1,3,8,0.227027,0.23492,0,0.5,0.001217
6949,,16,2,1,3,2,1,3,8,0.227027,0.23492,0,1,0.001231
7571,,16,1,1,2,1,1,2,8,0.227027,0.23492,0,0,0.001049
8950,,16,1,1,2,1,1,2,8,0.227027,0.23492,0,0,0.001049
8555,,41,31,36,67,31,36,67,8,0.263976,0.276685,292695.362051,0.067785,0.01464
11971,,16,1,1,2,1,1,2,8,0.227027,0.23492,0,0,0.001049
11456,,16,4,2,6,4,2,6,8,0.245806,0.25625,965.592471,0.2,0.002708
3314,,16,1,1,2,1,1,2,8,0.227027,0.23492,0,0,0.001049
20491,,16,1,3,4,1,3,4,8,0.227033,0.234973,0,0.666667,0.001049
22521,,16,1,1,2,1,1,2,8,0.227027,0.23492,0,0,0.001049
6632,,16,4,6,10,4,6,10,8,0.233907,0.243066,1173.898451,0.236111,0.002605
26084,,16,1,1,2,1,1,2,8,0.227027,0.23492,0,0,0.001049
1444,,16,5,4,9,5,4,9,8,0.228785,0.237095,82994.076765,0.053571,0.001752
5410,,16,2,1,3,2,1,3,8,0.227027,0.23492,0,1,0.001231
22540,,16,2,0,2,2,0,2,0,0,0,0,1,0.00125
9772,,16,1,1,2,1,1,2,8,0.227027,0.23492,0,0,0.001049
13885,,16,1,1,2,1,1,2,8,0.227027,0.23492,0,0,0.001049
13124,,16,1,1,2,1,1,2,8,0.227027,0.23492,0,0,0.001049
12837,,16,1,0,1,1,0,1,0,0,0,0,0,0.000537
10331,,36,2,5,7,2,5,7,9,0.233666,0.242277,358.931671,0.433333,0.000972
11075,,7,4,0,4,4,0,4,0,0,0,0,0,0.002875
3785,,16,4,8,12,4,8,12,8,0.258666,0.269486,33778.013665,0.063636,0.001141
10787,,16,3,5,8,3,5,8,9,0.234212,0.241956,8481.89058,0.02381,0.000987
6069,,16,2,3,5,2,3,5,9,0.218128,0.224919,170.214564,0,0.000705
35722,,16,1,0,1,1,0,1,0,0,0,0,0,0.000537
9935,,16,2,0,2,2,0,2,0,0,0,0,0,0.001089
10357,,16,1,0,1,1,0,1,0,0,0,0,0,0.000859
10502,,16,12,1,13,12,1,13,1,1,1,7.760657,0.128205,0.005296
12893,,7,1,0,1,1,0,1,0,0,0,0,0,0.000448
2681,,7,2,3,5,2,3,5,8,0.24844,0.257028,1310.037744,0.05,0.000631
25512,,7,1,0,1,1,0,1,0,0,0,0,0,0.000448
17166,,7,1,0,1,1,0,1,0,0,0,0,0,0.000339
14969,,7,5,6,11,5,6,11,8,0.248191,0.257877,180.506042,0.118182,0.00138
19013,,7,3,3,6,3,3,6,8,0.243535,0.252547,332.734795,0.333333,0.003866
5022,,7,7,7,14,7,7,14,8,0.264032,0.275722,13247.799558,0.159341,0.005295
25057,,7,1,2,3,1,2,3,8,0.235105,0.242551,0.655714,0.166667,0.000339
1213,,7,8,15,23,8,15,23,8,0.269787,0.282398,46715.952644,0.112554,0.006534
5263,,7,18,19,37,18,19,37,8,0.264073,0.276021,38040.16465,0.162069,0.007459
24380,,7,1,0,1,1,0,1,0,0,0,0,0,0.004288
6204,,16,7,11,18,7,11,18,8,0.26357,0.275715,88020.348112,0.054167,0.006651
19277,,7,2,2,4,2,2,4,9,0.222498,0.229462,12.714285,0.333333,0.006913
9446,,1,2,1,3,2,1,3,9,0.214695,0.220824,507.774683,0,0.00452
2743,,7,11,13,24,11,13,24,8,0.2733,0.285939,124722.586178,0.060606,0.007295
6783,,7,4,5,9,4,5,9,7,0.293858,0.308383,72201.793967,0.107143,0.005256
3164,,7,17,9,26,17,9,26,8,0.238412,0.246421,139286.881067,0.037549,0.012363
7846,,7,12,7,19,12,7,19,7,0.294921,0.309486,132728.785622,0.05848,0.011047
4521,,7,9,16,25,9,16,25,8,0.281911,0.295782,148177.225719,0.097826,0.010831
414,,14,3,3,6,3,3,6,9,0.221542,0.228167,36.730245,0.833333,0.000803
7684,,14,4,0,4,4,0,4,0,0,0,0,0.166667,0.001249
21103,,14,2,2,4,2,2,4,9,0.221298,0.227876,36.730245,0.833333,0.000568
417,,1,20,26,46,20,26,46,8,0.264124,0.276603,132488.666958,0.136364,0.007111
2225,,1,9,11,20,9,11,20,8,0.23171,0.24005,71998.008937,0.116959,0.004191
4209,,1,3,12,15,3,12,15,8,0.229826,0.237686,26018.234254,0.269231,0.002594
3777,,1,17,10,27,17,10,27,8,0.228732,0.236533,1962.523875,0.285714,0.006922
6374,,1,21,13,34,21,13,34,8,0.229986,0.238576,72432.302225,0.122989,0.008035
5137,,1,9,10,19,9,10,19,8,0.227213,0.234993,1278.890835,0.3125,0.004687
5251,,1,6,8,14,6,8,14,8,0.227065,0.235031,1569.634704,0.234848,0.00387
4976,,1,9,14,23,9,14,23,8,0.236122,0.245488,29055.260803,0.234211,0.004271
13853,,1,1,1,2,1,1,2,9,0.208941,0.21478,0,0,0.0003
23651,,1,33,1,34,33,1,34,9,0.214664,0.220364,592.631017,0.201705,0.011028
5142,,1,6,13,19,6,13,19,8,0.241548,0.25042,4080.721246,0.3,0.003314
2915,,1,5,3,8,5,3,8,9,0.200251,0.20578,446.381892,0.267857,0.004653
4818,,1,8,12,20,8,12,20,8,0.26444,0.276566,15896.758885,0.183333,0.004267
4611,,1,4,12,16,4,12,16,8,0.227408,0.235436,27015.443486,0.301282,0.003166
5882,,1,1,0,1,1,0,1,0,0,0,0,0,0.002126
6459,,1,5,5,10,5,5,10,8,0.241313,0.249929,7164.993647,0.404762,0.003477
9196,,1,9,1,10,9,1,10,8,0.226141,0.233513,1533.058728,0.319444,0.00422
9370,,1,2,0,2,2,0,2,0,0,0,0,0,0.002321
1360,,1,16,12,28,16,12,28,8,0.258025,0.268623,206572.628965,0.026455,0.00835
10500,,1,8,5,13,8,5,13,9,0.232566,0.240559,4278.150212,0.174242,0.004267
10815,,1,1,1,2,1,1,2,8,0.226141,0.233513,0,0,0.002126
4875,,1,3,2,5,3,2,5,8,0.22674,0.234322,133.514536,0.333333,0.00267
12342,,1,2,0,2,2,0,2,0,0,0,0,0,0.002294
14287,,1,2,1,3,2,1,3,8,0.226141,0.233513,0,1,0.002439
4926,,1,16,25,41,16,25,41,8,0.239892,0.249926,43658.12496,0.11553,0.007385
4657,,1,6,9,15,6,9,15,8,0.23425,0.243295,2547.808218,0.181818,0.003543
8710,,1,3,6,9,3,6,9,8,0.230685,0.239079,80.911909,0.392857,0.002583
8912,,1,7,6,13,7,6,13,8,0.228133,0.235641,716.317945,0.245455,0.003573
6932,,1,3,16,19,3,16,19,8,0.250063,0.260482,6384.875029,0.19281,0.002658
6690,,1,5,12,17,5,12,17,8,0.227318,0.235222,26107.358174,0.238095,0.003346
15929,,1,1,6,7,1,6,7,8,0.227296,0.235011,0,0.766667,0.002126
20692,,1,1,0,1,1,0,1,0,0,0,0,0,0.002126
21641,,1,1,0,1,1,0,1,0,0,0,0,0,0.002126
3568,,1,4,2,6,4,2,6,9,0.196639,0.201228,6466.319793,0.5,0.00292
25102,,1,1,2,3,1,2,3,8,0.226144,0.23354,0,1,0.002126
18673,,1,3,1,4,3,1,4,8,0.226141,0.233513,0,0.5,0.002567
18481,,1,20,6,26,20,6,26,8,0.227422,0.235099,891.089366,0.247619,0.007587
8129,,1,1,1,2,1,1,2,1,1,1,0,0.5,0.002126
31779,,1,1,0,1,1,0,1,0,0,0,0,0,0.002126
17781,,1,4,2,6,4,2,6,8,0.272647,0.28456,26859.035207,0.3,0.002852
18674,,1,1,1,2,1,1,2,8,0.226141,0.233513,0,0,0.002126
11382,,32,2,1,3,2,1,3,8,0.226141,0.233513,160.076404,0,0.002405
32662,,1,1,0,1,1,0,1,0,0,0,0,0,0.002126
32663,,1,1,0,1,1,0,1,0,0,0,0,0,0.002126
33588,,1,2,1,3,2,1,3,8,0.226141,0.233513,0,1,0.002469
19928,,1,4,1,5,4,1,5,1,1,1,168.321169,0.2,0.002833
35058,,1,1,0,1,1,0,1,0,0,0,0,0,0.002126
35222,,1,1,0,1,1,0,1,0,0,0,0,0,0.002126
732,,7,2,0,2,2,0,2,0,0,0,0,0,0.000811
5454,,7,1,0,1,1,0,1,0,0,0,0,0,0.000529
12344,,44,8,0,8,8,0,8,0,0,0,0,0,0.00633
19801,,7,1,2,3,1,2,3,9,0.192463,0.196709,21125.434817,0.333333,0.000529
18183,,7,1,2,3,1,2,3,8,0.247988,0.256999,0.426316,0.5,0.000529
8629,,7,2,6,8,2,6,8,8,0.257407,0.268044,15.164107,0.178571,0.000463
1795,,7,3,6,9,3,6,9,8,0.253221,0.263036,177.269541,0.347222,0.00163
29792,,7,1,0,1,1,0,1,0,0,0,0,0,0.000201
421,,32,6,10,16,6,10,16,8,0.24374,0.252145,28069.192778,0.263736,0.002676
1372,,32,10,3,13,10,3,13,7,0.298281,0.31335,88691.377419,0.19697,0.00349
3664,,32,4,2,6,4,2,6,8,0.234551,0.242531,6.3,0.4,0.002002
1469,,32,2,7,9,2,7,9,8,0.254826,0.264679,5211.322403,0.214286,0.001602
8534,,32,7,4,11,7,4,11,7,0.298532,0.313631,61820.436558,0.222222,0.00273
6389,,32,8,10,18,8,10,18,7,0.299096,0.314415,68562.620268,0.214286,0.003759
13924,,32,4,0,4,4,0,4,0,0,0,0,0.833333,0.002148
1190,,32,4,3,7,4,3,7,8,0.241762,0.249927,18895.057813,0.266667,0.002063
2702,,32,5,10,15,5,10,15,8,0.242453,0.250943,52242.439979,0.212121,0.002208
2796,,32,7,6,13,7,6,13,8,0.23944,0.248367,33204.894807,0.136364,0.005328
4362,,32,1,1,2,1,1,2,8,0.234487,0.24243,0,0,0.001387
4389,,7,14,8,22,14,8,22,8,0.239136,0.247266,72541.489585,0.038095,0.0079
4814,,32,1,2,3,1,2,3,8,0.235243,0.243361,0,1,0.001387
4906,,32,2,0,2,2,0,2,0,0,0,0,1,0.001727
6818,,32,2,1,3,2,1,3,8,0.234487,0.24243,0,1,0.001727
6518,,32,2,2,4,2,2,4,8,0.234493,0.242465,25975,0.166667,0.001555
1476,,32,3,3,6,3,3,6,8,0.242076,0.250264,394.623405,0.35,0.001895
7056,,32,1,3,4,1,3,4,8,0.241749,0.249896,0,0.666667,0.001387
8491,,32,1,0,1,1,0,1,0,0,0,0,0,0.001387
8998,,32,2,0,2,2,0,2,0,0,0,0,1,0.00164
9118,,32,2,0,2,2,0,2,0,0,0,0,0,0.001555
9504,,32,2,2,4,2,2,4,8,0.235243,0.243361,57.10852,0.666667,0.001632
7699,,32,1,2,3,1,2,3,8,0.235246,0.243348,0,1,0.001387
10289,,32,1,0,1,1,0,1,0,0,0,0,0,0.001387
10647,,32,2,0,2,2,0,2,0,0,0,0,1,0.00169
10537,,32,1,2,3,1,2,3,8,0.23449,0.242457,0,0.5,0.001387
9419,,32,12,12,24,12,12,24,8,0.236208,0.244686,83310.567386,0.095588,0.003878
11898,,32,2,2,4,2,2,4,8,0.235655,0.243561,36.471705,0.333333,0.001641
10534,,32,4,2,6,4,2,6,8,0.234551,0.242531,1.86149,0.666667,0.002028
8347,,32,3,0,3,3,0,3,0,0,0,0,0.666667,0.001993
12553,,32,4,1,5,4,1,5,8,0.234487,0.24243,18841.401534,0.166667,0.002063
11103,,32,4,1,5,4,1,5,8,0.234487,0.24243,0,0.5,0.002162
10538,,32,4,0,4,4,0,4,0,0,0,0,0.583333,0.002088
14743,,32,1,0,1,1,0,1,0,0,0,0,0,0.001387
12397,,32,1,1,2,1,1,2,8,0.234487,0.24243,0,0,0.001387
16337,,32,1,0,1,1,0,1,0,0,0,0,0,0.001387
1732,,32,1,4,5,1,4,5,8,0.236689,0.245114,664.065319,0.333333,0.001387
18012,,32,1,0,1,1,0,1,0,0,0,0,0,0.001387
18179,,32,1,1,2,1,1,2,8,0.234487,0.24243,0,0,0.001387
13714,,32,1,2,3,1,2,3,8,0.273102,0.285944,7731.36596,0.5,0.001387
17662,,32,2,4,6,2,4,6,8,0.234814,0.242913,10507.040059,0.25,0.001561
18610,,32,1,0,1,1,0,1,0,0,0,0,0,0.001387
19718,,32,1,0,1,1,0,1,0,0,0,0,0,0.001387
19763,,32,3,0,3,3,0,3,0,0,0,0,0.666667,0.00198
21322,,32,1,1,2,1,1,2,8,0.234487,0.24243,0,0,0.001387
19350,,32,1,2,3,1,2,3,8,0.23449,0.242457,0,0.5,0.001387
23371,,32,1,0,1,1,0,1,0,0,0,0,0,0.001387
23770,,32,1,0,1,1,0,1,0,0,0,0,0,0.001387
24735,,32,1,1,2,1,1,2,8,0.234487,0.24243,0,0,0.001387
25239,,32,1,0,1,1,0,1,0,0,0,0,0,0.001387
26927,,32,1,0,1,1,0,1,0,0,0,0,0,0.001387
2806,,1,9,23,32,9,23,32,8,0.289079,0.304518,212996.811308,0.073563,0.004336
26205,,32,3,0,3,3,0,3,0,0,0,0,0.333333,0.001813
30436,,32,2,1,3,2,1,3,8,0.234487,0.24243,0,1,0.001593
23334,,32,5,3,8,5,3,8,8,0.234554,0.242557,133.834881,0.5,0.002541
28251,,32,3,4,7,3,4,7,8,0.235711,0.243955,203.931224,0.55,0.002023
15014,,32,3,1,4,3,1,4,9,0.20406,0.209207,0,1,0.001935
30394,,32,3,1,4,3,1,4,8,0.229756,0.23638,2313.63541,0.416667,0.001859
31748,,32,5,1,6,5,1,6,9,0.20406,0.209207,2,0.55,0.002366
25691,,53,3,3,6,3,3,6,9,0.22202,0.229483,3769.374459,0.083333,0.001995
31967,,32,2,1,3,2,1,3,8,0.234487,0.24243,0,1,0.00169
32253,,32,1,1,2,1,1,2,8,0.234487,0.24243,0,0,0.001387
33247,,32,1,3,4,1,3,4,8,0.237047,0.245334,0,0.833333,0.001387
1687,,7,1,0,1,1,0,1,0,0,0,0,0,0.000573
5286,,7,1,0,1,1,0,1,0,0,0,0,0,0.000573
8037,,7,1,0,1,1,0,1,0,0,0,0,0,0.000573
9199,,7,2,0,2,2,0,2,0,0,0,0,1,0.000915
11764,,7,1,0,1,1,0,1,0,0,0,0,0,0.000573
3867,,16,12,13,25,12,13,25,8,0.252045,0.263511,131864.19754,0.140351,0.006333
12462,,22,2,0,2,2,0,2,0,0,0,0,0.5,0.00104
2851,,67,18,15,33,18,15,33,8,0.253532,0.263775,184450.312779,0.075269,0.005426
9642,,16,6,16,22,6,16,22,8,0.275411,0.288978,41781.353952,0.082251,0.002234
17255,,7,1,0,1,1,0,1,0,0,0,0,0,0.000573
12178,,7,1,1,2,1,1,2,9,0.200796,0.205193,10.374441,0,0.000573
19173,,7,1,1,2,1,1,2,9,0.211371,0.217149,284.339371,0,0.000573
21450,,7,1,0,1,1,0,1,0,0,0,0,0,0.000573
7087,,12,18,2,20,18,2,20,8,0.253774,0.263692,846957.540587,0.031579,0.006707
12471,,16,4,3,7,4,3,7,8,0.273256,0.285007,8284.294959,0.119048,0.001356
25891,,7,1,0,1,1,0,1,0,0,0,0,0,0.000573
28021,,7,1,0,1,1,0,1,0,0,0,0,0,0.000573
28681,,7,1,0,1,1,0,1,0,0,0,0,0,0.000573
8739,,7,4,0,4,4,0,4,0,0,0,0,0,0.001225
28694,,7,1,1,2,1,1,2,9,0.20921,0.214874,0,0.5,0.000573
32384,,7,1,0,1,1,0,1,0,0,0,0,0,0.000573
35288,,7,2,0,2,2,0,2,0,0,0,0,1,0.001323
3354,,16,1,1,2,1,1,2,9,0.227716,0.23516,0,0,0.001337
3720,,16,1,1,2,1,1,2,9,0.204537,0.209834,0,1,0.001337
4017,,16,10,11,21,10,11,21,8,0.240923,0.25091,56753.214819,0.104575,0.004889
4837,,16,5,8,13,5,8,13,8,0.270539,0.283292,57251.333854,0.181818,0.002826
6791,,16,8,10,18,8,10,18,8,0.266525,0.278237,51024.904527,0.209524,0.003857
8339,,16,3,1,4,3,1,4,9,0.225588,0.232928,0,0.666667,0.003014
11048,,16,3,0,3,3,0,3,0,0,0,0,0.5,0.002114
11418,,16,5,6,11,5,6,11,8,0.247317,0.257891,6629.991524,0.263889,0.003937
15587,,16,1,0,1,1,0,1,0,0,0,0,0,0.001337
18518,,16,2,1,3,2,1,3,9,0.224335,0.231338,101.874856,0.166667,0.003362
1332,,16,3,4,7,3,4,7,9,0.22311,0.230626,7074.768956,0.238095,0.002972
24689,,16,6,9,15,6,9,15,8,0.263655,0.276505,40048.79286,0.261905,0.003196
8498,,16,5,4,9,5,4,9,9,0.234385,0.242938,18842.405759,0.533333,0.002715
24760,,16,3,6,9,3,6,9,8,0.234189,0.243031,28553.257841,0.333333,0.002616
5843,,7,1,1,2,1,1,2,9,0.226187,0.232976,3.583333,0,0.000227
5621,,67,11,6,17,11,6,17,9,0.23702,0.245149,28846.804494,0.110294,0.004699
15140,,7,1,0,1,1,0,1,0,0,0,0,0,0.001552
19515,,12,14,4,18,14,4,18,9,0.192757,0.197216,155114.26221,0.052288,0.004933
4695,,7,6,18,24,6,18,24,8,0.270077,0.283123,10785.934803,0.147186,0.002799
1718,,7,36,19,55,36,19,55,8,0.274004,0.287827,421161.797203,0.037003,0.013042
2040,,16,26,28,54,26,28,54,8,0.259816,0.271547,198893.103116,0.068182,0.008677
2411,,41,1,1,2,1,1,2,8,0.231377,0.239289,741.814269,0,0.000837
27368,,16,1,1,2,1,1,2,9,0.198492,0.203295,229.166301,0,0.000837
4078,,16,1,1,2,1,1,2,10,0.159754,0.162269,0,0.5,0.000837
28812,,16,1,0,1,1,0,1,0,0,0,0,0,0.000837
28900,,16,1,0,1,1,0,1,0,0,0,0,0,0.000837
24514,,7,2,48,50,2,48,50,7,0.299182,0.316117,137574.346618,0.121897,0.001131
16963,,16,2,1,3,2,1,3,9,0.198884,0.203512,3.086237,0.333333,0.001563
26780,,16,1,1,2,1,1,2,9,0.219879,0.226436,0,1,0.000837
16725,,16,1,3,4,1,3,4,8,0.2659,0.277163,13.441025,0.333333,0.000837
8308,,7,4,3,7,4,3,7,9,0.230231,0.23858,17575.662971,0.033333,0.00262
2952,,7,3,4,7,3,4,7,8,0.254131,0.264632,245.368957,0.3,0.002279
6451,,16,1,2,3,1,2,3,8,0.263095,0.273468,11808.705555,0,0.000887
6596,,7,5,2,7,5,2,7,9,0.217851,0.224068,342.2427,0.047619,0.004331
2739,,7,7,50,57,7,50,57,7,0.310481,0.328898,120494.53956,0.156566,0.005249
2994,,7,12,8,20,12,8,20,8,0.263559,0.275264,113619.341521,0.046784,0.003859
9185,,12,2,7,9,2,7,9,9,0.215625,0.222228,1381.626654,0.125,0.001183
5038,,7,7,3,10,7,3,10,8,0.247291,0.25639,9998.204712,0.194444,0.003233
6340,,7,7,4,11,7,4,11,8,0.253522,0.263997,1216.876825,0.347222,0.007237
24470,,12,1,1,2,1,1,2,9,0.185524,0.189878,0,0.5,0.000887
27609,,7,1,0,1,1,0,1,0,0,0,0,0,0.000887
31469,,12,3,0,3,3,0,3,0,0,0,0,0.166667,0.001596
32387,,7,2,1,3,2,1,3,9,0.23554,0.243648,72.562449,0,0.001062
12696,,7,11,5,16,11,5,16,9,0.224893,0.232453,47401.191411,0.0875,0.00616
33600,,7,5,0,5,5,0,5,0,0,0,0,0.15,0.004819
7166,,7,6,2,8,6,2,8,9,0.200074,0.204411,303.431612,0.053571,0.004049
2718,,25,3,1,4,3,1,4,9,0.203439,0.208871,562.018818,0,0.001804
28294,,25,1,0,1,1,0,1,0,0,0,0,0,0.000276
30027,,25,1,0,1,1,0,1,0,0,0,0,0,0.000276
30736,,25,1,0,1,1,0,1,0,0,0,0,0,0.000276
21288,,1,2,0,2,2,0,2,0,0,0,0,0,0.001073
28936,,1,1,1,2,1,1,2,9,0.210702,0.216514,0,0,0.000527
29205,,1,1,1,2,1,1,2,9,0.202007,0.206974,1157.442591,0,0.000527
4914,,16,1,1,2,1,1,2,8,0.240385,0.248204,0,1,0.000281
12069,,7,1,0,1,1,0,1,0,0,0,0,0,0.002478
10931,,7,6,6,12,6,6,12,8,0.24908,0.258518,27730.129665,0.211111,0.004357
7986,,7,2,1,3,2,1,3,9,0.200066,0.204368,0,0.333333,0.003306
3779,,7,3,1,4,3,1,4,9,0.21154,0.217189,26360.869307,0,0.003479
27798,,16,2,0,2,2,0,2,0,0,0,0,0,0.003306
27801,,16,2,0,2,2,0,2,0,0,0,0,0,0.003306
27799,,16,2,4,6,2,4,6,8,0.244259,0.252791,1561.273572,0.166667,0.003306
2537,,7,15,17,32,15,17,32,8,0.283289,0.297614,242313.909257,0.112434,0.010854
27800,,16,2,0,2,2,0,2,0,0,0,0,0,0.003306
27181,,12,3,1,4,3,1,4,10,0.177503,0.18076,1732.562939,0.25,0.004436
10067,,7,2,4,6,2,4,6,8,0.268005,0.279955,427.572955,0.3,0.003306
5043,,12,5,4,9,5,4,9,8,0.265069,0.276807,40436.997691,0.107143,0.004019
10075,,7,8,12,20,8,12,20,8,0.261679,0.272938,15715.35048,0.153846,0.009611
2815,,7,5,2,7,5,2,7,9,0.218988,0.225406,306.065496,0.2,0.003915
24480,,7,2,1,3,2,1,3,9,0.206702,0.212233,0,0.5,0.002302
7912,,1,2,5,7,2,5,7,9,0.198524,0.203412,98267.169216,0.047619,0.000694
22105,,7,2,7,9,2,7,9,8,0.255545,0.265943,16647.109737,0.166667,0.001159
8133,,7,2,2,4,2,2,4,8,0.242509,0.25114,349.68926,0.25,0.000698
1661,,7,11,6,17,11,6,17,8,0.266051,0.277353,26933.164295,0.052381,0.00397
19302,,7,9,48,57,9,48,57,8,0.296552,0.312962,37451.79399,0.120545,0.005869
26937,,7,1,0,1,1,0,1,0,0,0,0,0,0.000526
27417,,7,2,0,2,2,0,2,0,0,0,0,0,0.00118
4117,,7,6,12,18,6,12,18,8,0.273185,0.286492,6440.661401,0.224265,0.003296
28800,,7,3,14,17,3,14,17,8,0.273908,0.286995,60685.900137,0.191667,0.001908
23262,,7,3,0,3,3,0,3,0,0,0,0,0.333333,0.001717
31582,,7,2,1,3,2,1,3,8,0.242475,0.251061,17.234585,0.166667,0.000754
35104,,16,5,3,8,5,3,8,9,0.234589,0.242473,7187.389035,0.017857,0.001797
438,,7,0,3,3,0,3,3,8,0.268328,0.280233,0,0.833333,0
11559,,7,2,0,2,2,0,2,0,0,0,0,0,0.000893
9213,,7,7,3,10,7,3,10,9,0.195317,0.200617,20375.182611,0.392857,0.005513
21406,,7,2,2,4,2,2,4,9,0.230612,0.239151,24.958928,0.666667,0.000766
14651,,7,2,0,2,2,0,2,0,0,0,0,0,0.000855
4058,,7,4,0,4,4,0,4,0,0,0,0,0.333333,0.004574
18367,,7,3,3,6,3,3,6,9,0.231944,0.240644,2.649118,0.583333,0.003618
9778,,7,13,4,17,13,4,17,9,0.211196,0.217148,109335.804155,0.179167,0.007837
30495,,7,1,0,1,1,0,1,0,0,0,0,0,0.000525
33543,,7,1,0,1,1,0,1,0,0,0,0,0,0.000525
1348,,7,4,3,7,4,3,7,9,0.232641,0.241357,114.890288,0.666667,0.004207
1549,,7,1,0,1,1,0,1,0,0,0,0,0,0.002925
1683,,7,15,9,24,15,9,24,8,0.238539,0.247315,7453.210183,0.160131,0.010723
2833,,16,1,1,2,1,1,2,9,0.212697,0.218901,849.832946,0,0.002925
1523,,7,4,2,6,4,2,6,9,0.230192,0.238571,4.800806,0.25,0.004459
4949,,7,4,0,4,4,0,4,0,0,0,0,0.166667,0.005835
2300,,53,3,3,6,3,3,6,9,0.231238,0.239866,608.143979,0.5,0.003913
6084,,7,1,4,5,1,4,5,8,0.27258,0.284655,4161.440757,0.2,0.002925
3493,,7,10,25,35,10,25,35,8,0.273145,0.286513,143291.77573,0.095402,0.006608
8202,,7,1,2,3,1,2,3,9,0.242057,0.251136,533.741063,0.5,0.002925
9756,,53,1,1,2,1,1,2,11,0.148489,0.150513,917.457705,0,0.002925
6897,,67,5,0,5,5,0,5,0,0,0,0,0,0.003769
11635,,7,3,2,5,3,2,5,9,0.232635,0.241322,133.008514,0.5,0.003575
13484,,238,3,0,3,3,0,3,0,0,0,0,0.333333,0.003767
5728,,7,13,13,26,13,13,26,8,0.241551,0.251332,5692.939814,0.179654,0.008475
3136,,7,9,0,9,9,0,9,0,0,0,0,0,0.007336
7874,,7,6,6,12,6,6,12,8,0.23622,0.245379,37106.890179,0.088889,0.005328
18103,,7,1,0,1,1,0,1,0,0,0,0,0,0.002925
13560,,7,3,5,8,3,5,8,8,0.245114,0.254291,1439.957443,0.47619,0.003476
18643,,7,4,0,4,4,0,4,0,0,0,0,0.5,0.004647
21828,,7,5,3,8,5,3,8,9,0.23042,0.238858,7.697105,0.633333,0.004215
24819,,7,1,0,1,1,0,1,0,0,0,0,0,0.002925
25971,,7,1,1,2,1,1,2,9,0.211004,0.216801,1374.020975,0,0.002925
1504,,7,13,20,33,13,20,33,7,0.299258,0.315101,114845.637958,0.102217,0.00753
29081,,7,1,0,1,1,0,1,0,0,0,0,0,0.002925
25784,,7,3,5,8,3,5,8,9,0.230451,0.238865,8265.790507,0.6,0.003606
441,,53,0,2,2,0,2,2,9,0.206602,0.212165,0,0,0
5973,,53,48,4,52,48,4,52,8,0.259999,0.271389,733269.128363,0.004148,0.009054
444,,7,2,0,2,2,0,2,0,0,0,0,0.5,0.005782
12241,,7,1,0,1,1,0,1,0,0,0,0,0,0.004531
7441,,7,1,4,5,1,4,5,9,0.224325,0.231793,1843.819101,0,0.004531
1314,,7,8,17,25,8,17,25,8,0.276511,0.289834,9548.78645,0.185,0.008608
16715,,7,1,0,1,1,0,1,0,0,0,0,0,0.004531
18173,,16,2,0,2,2,0,2,0,0,0,0,0,0.004749
18508,,12,2,2,4,2,2,4,9,0.187476,0.191846,7079.388863,0.166667,0.004912
20885,,7,1,0,1,1,0,1,0,0,0,0,0,0.004531
27164,,7,2,0,2,2,0,2,0,0,0,0,0.5,0.004747
13499,,7,3,0,3,3,0,3,0,0,0,0,0.333333,0.001262
4480,,7,3,4,7,3,4,7,8,0.24759,0.256707,1031.463239,0.142857,0.001222
16066,,7,1,1,2,1,1,2,8,0.239541,0.247664,0,0,0.000856
8786,,7,2,6,8,2,6,8,8,0.278306,0.290861,26532.460708,0.142857,0.001128
18078,,36,5,1,6,5,1,6,9,0.215147,0.221452,37671.151522,0.1,0.001716
22076,,7,1,0,1,1,0,1,0,0,0,0,0,0.000856
12191,,67,2,1,3,2,1,3,9,0.226165,0.233248,125.857662,0.166667,0.001054
6020,,67,6,12,18,6,12,18,8,0.258752,0.269391,150620.208874,0.057143,0.001888
27646,,7,5,0,5,5,0,5,0,0,0,0,0.1,0.004536
7415,,7,1,4,5,1,4,5,8,0.227785,0.234972,9.250992,0.15,0.000856
2608,,7,7,8,15,7,8,15,8,0.23167,0.240212,49901.042077,0.060606,0.00423
7214,,67,6,9,15,6,9,15,8,0.267362,0.279268,103734.063427,0.082418,0.002043
30058,,7,1,0,1,1,0,1,0,0,0,0,0,0.000856
19769,,7,2,0,2,2,0,2,0,0,0,0,0,0.001043
12111,,1,4,1,5,4,1,5,9,0.200798,0.205195,131.486968,0,0.003207
12278,,7,1,5,6,1,5,6,8,0.268009,0.279711,52.507965,0.333333,0.000856
447,,7,0,1,1,0,1,1,8,0.263278,0.27399,0,0,0
448,,7,0,1,1,0,1,1,8,0.262756,0.273466,0,0,0
449,,7,0,1,1,0,1,1,9,0.225276,0.231817,0,0,0
13422,,7,3,0,3,3,0,3,0,0,0,0,0,0.000976
12916,,14,5,2,7,5,2,7,8,0.235357,0.243448,9622.63434,0.066667,0.003291
573,,53,5,9,14,5,9,14,8,0.269424,0.281499,104352.019585,0.060606,0.001795
16754,,7,1,0,1,1,0,1,0,0,0,0,0,0.000434
18655,,7,33,2,35,33,2,35,8,0.236978,0.244478,38814.352731,0.010084,0.01022
453,,41,4,2,6,4,2,6,9,0.234835,0.243392,1321.827814,0.333333,0.003606
501,,41,14,8,22,14,8,22,8,0.235275,0.244006,112120.665514,0.046784,0.00751
1188,,41,1,0,1,1,0,1,0,0,0,0,0,0.002718
1610,,41,2,3,5,2,3,5,9,0.234999,0.243582,38183.151387,0,0.002932
2458,,41,13,8,21,13,8,21,9,0.246172,0.256398,115998.159712,0.099265,0.006677
3549,,41,1,0,1,1,0,1,0,0,0,0,0,0.002718
4312,,41,2,0,2,2,0,2,0,0,0,0,0.5,0.002969
5364,,41,1,1,2,1,1,2,9,0.234729,0.243217,0,0,0.002718
5906,,41,5,1,6,5,1,6,9,0.234729,0.243217,119.225237,0.25,0.004334
7391,,41,1,0,1,1,0,1,0,0,0,0,0,0.002718
9942,,41,2,5,7,2,5,7,8,0.245546,0.255614,2446.4793,0.2,0.003017
6412,,41,3,2,5,3,2,5,9,0.202037,0.207104,60.893482,0.2,0.003191
10505,,16,2,2,4,2,2,4,9,0.227167,0.23429,133.776335,0.5,0.002923
12514,,41,4,2,6,4,2,6,9,0.23549,0.244123,5821.036909,0.333333,0.003414
13073,,41,1,0,1,1,0,1,0,0,0,0,0,0.002718
13337,,41,2,1,3,2,1,3,9,0.234729,0.243217,0,1,0.003091
3198,,16,21,21,42,21,21,42,7,0.279048,0.293566,295490.532333,0.133333,0.008065
9599,,41,1,1,2,1,1,2,1,1,1,25976,0,0.002718
14111,,41,3,4,7,3,4,7,9,0.240201,0.249277,295.248235,0.75,0.003381
8724,,41,3,4,7,3,4,7,9,0.234908,0.243559,4487.753918,0.166667,0.003291
14879,,41,2,0,2,2,0,2,0,0,0,0,0,0.003439
15319,,41,1,1,2,1,1,2,9,0.234729,0.243217,0,0,0.002718
12644,,16,2,5,7,2,5,7,9,0.23492,0.243572,25982.157105,0.3,0.002895
12708,,7,5,4,9,5,4,9,8,0.268878,0.280739,2380.929352,0.166667,0.004549
18388,,41,1,1,2,1,1,2,9,0.234729,0.243217,0,0,0.002718
18742,,41,1,0,1,1,0,1,0,0,0,0,0,0.002718
18795,,41,1,0,1,1,0,1,0,0,0,0,0,0.002718
19418,,41,1,1,2,1,1,2,9,0.234729,0.243217,0,0,0.002718
10077,,41,14,7,21,14,7,21,8,0.274379,0.286595,65609.636204,0.084967,0.005856
20218,,41,3,3,6,3,3,6,8,0.255278,0.266621,101349.552021,0.25,0.003407
20224,,41,1,1,2,1,1,2,10,0.197547,0.202607,0,1,0.002718
21164,,41,6,0,6,6,0,6,0,0,0,0,0.166667,0.004236
4039,,41,6,3,9,6,3,9,9,0.239151,0.248066,50595.405247,0.142857,0.003908
631,,41,6,6,12,6,6,12,9,0.236122,0.244655,69514.150558,0.1,0.004003
10617,,41,2,2,4,2,2,4,9,0.201128,0.206088,44799,0.333333,0.002891
22603,,41,1,0,1,1,0,1,0,0,0,0,0,0.002718
3854,,41,1,3,4,1,3,4,8,0.265372,0.27668,0,0.666667,0.002718
11301,,41,1,1,2,1,1,2,9,0.234729,0.243217,0,0,0.002718
23570,,41,1,0,1,1,0,1,0,0,0,0,0,0.002718
10631,,41,5,2,7,5,2,7,9,0.210318,0.216324,552.012731,0.190476,0.003593
23437,,41,2,0,2,2,0,2,0,0,0,0,0,0.002952
24961,,41,1,1,2,1,1,2,9,0.234729,0.243217,0,0,0.002718
20571,,32,4,0,4,4,0,4,0,0,0,0,0.083333,0.003533
15388,,41,2,2,4,2,2,4,9,0.239145,0.24803,0,1,0.003234
25755,,41,1,0,1,1,0,1,0,0,0,0,0,0.002718
18990,,41,1,1,2,1,1,2,9,0.234729,0.243217,0,0,0.002718
25013,,41,1,2,3,1,2,3,9,0.2348,0.243319,4335.405472,0,0.002718
17879,,41,1,2,3,1,2,3,9,0.235166,0.243676,141.543118,0,0.002718
26749,,41,1,0,1,1,0,1,0,0,0,0,0,0.002718
26833,,16,3,1,4,3,1,4,9,0.234729,0.243217,151.044909,0.333333,0.003253
27216,,41,1,0,1,1,0,1,0,0,0,0,0,0.002718
2753,,2,6,13,19,6,13,19,9,0.219479,0.226506,126617.600492,0.029412,0.003721
27894,,41,1,2,3,1,2,3,8,0.258802,0.269657,7593.463528,0.5,0.002718
27813,,16,5,4,9,5,4,9,8,0.271444,0.284011,23547.013913,0.214286,0.003738
8967,,41,6,6,12,6,6,12,8,0.267278,0.27946,64724.539344,0.077778,0.003638
10977,,41,1,6,7,1,6,7,8,0.25777,0.268912,132.042347,0.2,0.002718
3126,,41,3,0,3,3,0,3,0,0,0,0,0,0.003653
6829,,41,4,7,11,4,7,11,8,0.274264,0.286503,34786.243688,0.152778,0.003386
29407,,41,1,0,1,1,0,1,0,0,0,0,0,0.002718
22344,,41,6,10,16,6,10,16,8,0.271346,0.284674,146753.480209,0.06044,0.003857
29585,,41,1,0,1,1,0,1,0,0,0,0,0,0.002718
31045,,41,1,0,1,1,0,1,0,0,0,0,0,0.002718
32206,,41,1,0,1,1,0,1,0,0,0,0,0,0.002718
32744,,41,1,1,2,1,1,2,9,0.234729,0.243217,0,0,0.002718
23131,,41,1,1,2,1,1,2,9,0.234729,0.243217,0,0,0.002718
15996,,41,2,3,5,2,3,5,8,0.238274,0.247577,1404.214392,0.5,0.003372
26432,,41,3,0,3,3,0,3,0,0,0,0,0.166667,0.003636
33831,,41,1,0,1,1,0,1,0,0,0,0,0,0.002718
34835,,41,1,0,1,1,0,1,0,0,0,0,0,0.002718
33096,,41,2,3,5,2,3,5,9,0.234893,0.243444,44799,0.333333,0.002891
18662,,41,3,1,4,3,1,4,9,0.190466,0.194913,272.866271,0.333333,0.003978
454,,7,0,2,2,0,2,2,9,0.225063,0.231896,0,0,0
7448,,7,7,5,12,7,5,12,8,0.264838,0.276015,67801.645256,0.068182,0.002519
1641,,16,2,2,4,2,2,4,9,0.231947,0.240342,17.535214,0.333333,0.000419
2067,,16,2,1,3,2,1,3,9,0.199733,0.205084,69.399206,0.166667,0.000443
2068,,16,2,0,2,2,0,2,0,0,0,0,0,0.000408
1328,,16,2,5,7,2,5,7,8,0.246388,0.256165,27779.994998,0.2,0.000443
2069,,16,1,0,1,1,0,1,0,0,0,0,0,0.00024
4091,,16,1,2,3,1,2,3,9,0.232274,0.240706,0,0.5,0.00024
4416,,16,1,0,1,1,0,1,0,0,0,0,0,0.00024
10903,,16,2,3,5,2,3,5,7,0.295305,0.309688,9588.484986,0.35,0.000408
7660,,16,2,9,11,2,9,11,9,0.245082,0.255817,723.365263,0.125,0.000438
16442,,16,1,1,2,1,1,2,10,0.188172,0.19252,0.5,0,0.00024
456,,16,0,1,1,0,1,1,8,0.240389,0.248209,0,0,0
2474,,65,1,2,3,1,2,3,8,0.234449,0.242059,0,1,0.000221
18257,,65,1,0,1,1,0,1,0,0,0,0,0,0.000221
8901,,65,1,0,1,1,0,1,0,0,0,0,0,0.000222
9965,,65,1,0,1,1,0,1,0,0,0,0,0,0.000222
460,,1,1,2,3,1,2,3,8,0.264302,0.275893,0,0.5,0.00169
2420,,1,1,1,2,1,1,2,8,0.242381,0.250649,0,0,0.00169
3564,,1,4,3,7,4,3,7,8,0.242391,0.250711,630.988052,0.3,0.002599
3739,,1,1,1,2,1,1,2,8,0.242381,0.250649,0,0,0.00169
3772,,1,1,0,1,1,0,1,0,0,0,0,0,0.00169
3794,,1,2,2,4,2,2,4,8,0.242388,0.250684,0,1,0.001898
4180,,1,1,0,1,1,0,1,0,0,0,0,0,0.00169
4629,,1,1,0,1,1,0,1,0,0,0,0,0,0.00169
4653,,1,1,0,1,1,0,1,0,0,0,0,0,0.00169
4966,,16,1,7,8,1,7,8,8,0.261665,0.27317,52597.411363,0.142857,0.00169
7562,,1,2,2,4,2,2,4,9,0.200377,0.205914,18841.170018,0.083333,0.001858
6382,,1,2,4,6,2,4,6,8,0.242394,0.250737,25973,0.416667,0.001897
9952,,1,2,1,3,2,1,3,8,0.238969,0.247046,316.947451,0,0.002211
11094,,1,1,0,1,1,0,1,0,0,0,0,0,0.00169
11486,,1,1,1,2,1,1,2,8,0.242381,0.250649,0,0,0.00169
11600,,1,1,0,1,1,0,1,0,0,0,0,0,0.00169
11855,,1,1,0,1,1,0,1,0,0,0,0,0,0.00169
13211,,1,2,1,3,2,1,3,8,0.242381,0.250649,0,1,0.001879
14083,,1,1,0,1,1,0,1,0,0,0,0,0,0.00169
15760,,1,1,1,2,1,1,2,8,0.242381,0.250649,0,0,0.00169
17004,,1,1,0,1,1,0,1,0,0,0,0,0,0.00169
18624,,1,1,1,2,1,1,2,8,0.242381,0.250649,0,0,0.00169
24253,,1,2,7,9,2,7,9,8,0.246591,0.255451,26807.172539,0.095238,0.001884
24485,,1,1,3,4,1,3,4,8,0.251577,0.260788,340.581748,0.333333,0.00169
24727,,1,2,0,2,2,0,2,0,0,0,0,1,0.001898
2231,,1,4,6,10,4,6,10,8,0.242641,0.251045,691.917153,0.142857,0.002662
24628,,1,3,0,3,3,0,3,0,0,0,0,1,0.002091
25331,,1,1,1,2,1,1,2,9,0.230189,0.238544,287.974236,0.5,0.00169
4136,,36,7,6,13,7,6,13,8,0.235941,0.244377,13699.267477,0.19697,0.002939
27338,,1,1,0,1,1,0,1,0,0,0,0,0,0.00169
23363,,1,3,0,3,3,0,3,0,0,0,0,0,0.002191
25709,,1,2,3,5,2,3,5,8,0.242525,0.250874,0.5,0.666667,0.001884
29365,,1,1,0,1,1,0,1,0,0,0,0,0,0.00169
29672,,1,1,1,2,1,1,2,8,0.242381,0.250649,0,0,0.00169
13635,,1,1,2,3,1,2,3,8,0.242388,0.250684,25973,0.5,0.00169
33237,,1,1,0,1,1,0,1,0,0,0,0,0,0.00169
20596,,1,2,0,2,2,0,2,0,0,0,0,1,0.001898
21005,,1,1,1,2,1,1,2,8,0.242381,0.250649,0,0,0.00169
462,,39,5,1,6,5,1,6,11,0.152037,0.154568,931.269643,0.25,0.001181
1561,,39,4,4,8,4,4,8,10,0.189438,0.193986,95559.538302,0.366667,0.000804
1146,,39,3,4,7,3,4,7,11,0.159278,0.161997,31810.6,0.214286,0.000621
1835,,39,4,0,4,4,0,4,0,0,0,0,0.166667,0.000775
1841,,39,7,12,19,7,12,19,10,0.177988,0.182284,148934.539693,0.145833,0.00136
2505,,39,7,3,10,7,3,10,10,0.167536,0.17104,73971.905795,0.261905,0.001379
2783,,39,6,2,8,6,2,8,11,0.143505,0.145686,60.598901,0.3,0.001181
3489,,39,4,2,6,4,2,6,11,0.143499,0.145657,12978.412969,0.25,0.00082
4642,,39,2,0,2,2,0,2,0,0,0,0,0.5,0.000423
1560,,39,8,21,29,8,21,29,9,0.216478,0.224073,429642.007528,0.058333,0.001518
2149,,39,5,4,9,5,4,9,10,0.179295,0.183603,38100.044757,0.309524,0.00099
5330,,39,4,0,4,4,0,4,0,0,0,0,0.166667,0.000789
5406,,39,3,0,3,3,0,3,0,0,0,0,0.833333,0.000646
5662,,39,5,2,7,5,2,7,11,0.151098,0.153607,1629.312656,0.4,0.001022
6164,,39,3,0,3,3,0,3,0,0,0,0,0.5,0.000626
6602,,39,1,1,2,1,1,2,11,0.151099,0.153594,0,0.5,0.000245
6798,,39,1,0,1,1,0,1,0,0,0,0,0,0.000245
4388,,39,2,0,2,2,0,2,0,0,0,0,0.5,0.000423
5203,,39,2,1,3,2,1,3,2,0.6,0.666667,38950.579636,0,0.000418
9447,,39,1,1,2,1,1,2,10,0.177958,0.18193,0,1,0.000245
3085,,39,2,0,2,2,0,2,0,0,0,0,0.5,0.000423
1147,,39,3,0,3,3,0,3,0,0,0,0,0.666667,0.000636
15724,,39,1,0,1,1,0,1,0,0,0,0,0,0.000245
17155,,39,4,0,4,4,0,4,0,0,0,0,0.75,0.000834
10672,,7,1,1,2,1,1,2,9,0.215388,0.221857,1618.217082,0,0.000295
33826,,7,2,0,2,2,0,2,0,0,0,0,1,0.000506
465,,2,0,1,1,0,1,1,8,0.235883,0.243933,0,0,0
2884,,7,1,0,1,1,0,1,0,0,0,0,0,0.00075
1673,,41,30,36,66,30,36,66,7,0.290709,0.306128,789592.377063,0.040639,0.009227
4340,,41,4,2,6,4,2,6,8,0.262672,0.273977,19286.941968,0.2,0.001451
1416,,7,18,11,29,18,11,29,8,0.266469,0.278662,79280.780877,0.063077,0.008963
6757,,7,1,0,1,1,0,1,0,0,0,0,0,0.00075
891,,7,7,13,20,7,13,20,8,0.277809,0.291542,37325.523252,0.097368,0.004474
8364,,7,1,0,1,1,0,1,0,0,0,0,0,0.00075
8281,,7,1,1,2,1,1,2,10,0.178708,0.182024,64.670403,0,0.00075
9608,,7,1,0,1,1,0,1,0,0,0,0,0,0.00075
9640,,7,1,0,1,1,0,1,0,0,0,0,0,0.00075
6719,,36,9,6,15,9,6,15,8,0.242388,0.251,707780.942524,0.025641,0.003646
12839,,16,1,2,3,1,2,3,10,0.185146,0.189315,27935.532853,0,0.00075
14482,,7,3,4,7,3,4,7,8,0.263025,0.273898,32927.478773,0.095238,0.001655
15332,,16,1,1,2,1,1,2,9,0.224253,0.231327,134.756238,0,0.00075
15566,,7,1,0,1,1,0,1,0,0,0,0,0,0.00075
16061,,7,1,0,1,1,0,1,0,0,0,0,0,0.00075
6799,,36,4,5,9,4,5,9,9,0.216187,0.222726,71132.759794,0.053571,0.002141
16528,,7,1,0,1,1,0,1,0,0,0,0,0,0.00075
16640,,7,1,0,1,1,0,1,0,0,0,0,0,0.00075
17354,,7,2,0,2,2,0,2,0,0,0,0,1,0.001091
9435,,41,6,7,13,6,7,13,8,0.23923,0.248921,83819.147862,0.066667,0.004948
19867,,7,1,0,1,1,0,1,0,0,0,0,0,0.00075
10402,,36,2,3,5,2,3,5,8,0.247064,0.255926,2888.938345,0.25,0.000961
4315,,7,1,1,2,1,1,2,8,0.261476,0.272569,0,0.5,0.00075
21001,,7,1,0,1,1,0,1,0,0,0,0,0,0.00075
21917,,7,1,0,1,1,0,1,0,0,0,0,0,0.00075
8797,,16,2,2,4,2,2,4,9,0.209497,0.215128,44868.375801,0,0.000919
15506,,7,8,101,109,8,101,109,7,0.32301,0.343369,159010.910908,0.066567,0.004671
24691,,7,1,0,1,1,0,1,0,0,0,0,0,0.00075
12673,,7,3,3,6,3,3,6,8,0.262694,0.273903,1085.303776,0.133333,0.00195
25149,,7,1,0,1,1,0,1,0,0,0,0,0,0.00075
24247,,14,5,2,7,5,2,7,9,0.225569,0.233342,1007.165041,0.533333,0.002823
2208,,7,1,5,6,1,5,6,8,0.267058,0.278713,228.920239,0.466667,0.00075
27454,,7,1,1,2,1,1,2,9,0.223775,0.230666,87.887167,0,0.00075
28098,,7,1,0,1,1,0,1,0,0,0,0,0,0.00075
14171,,7,1,1,2,1,1,2,9,0.198455,0.203519,1071.939051,0,0.00075
28634,,7,1,0,1,1,0,1,0,0,0,0,0,0.00075
16073,,16,1,5,6,1,5,6,8,0.254478,0.264813,198.280196,0.266667,0.00075
19654,,16,3,1,4,3,1,4,9,0.201509,0.206566,529.588329,0.083333,0.001323
28844,,7,2,0,2,2,0,2,0,0,0,0,1,0.003253
17600,,16,3,2,5,3,2,5,9,0.213587,0.219678,19517.607949,0.083333,0.001187
8703,,53,2,3,5,2,3,5,8,0.236734,0.244947,920.844471,0.416667,0.002513
6309,,81,11,7,18,11,7,18,8,0.266193,0.277541,133029.05405,0.0625,0.003414
9839,,14,2,1,3,2,1,3,8,0.219696,0.225868,0,0.333333,0.000919
21412,,7,1,1,2,1,1,2,8,0.240563,0.24866,0,1,0.00075
16007,,16,4,5,9,4,5,9,9,0.237921,0.24662,45966.447755,0.291667,0.001839
16211,,16,2,10,12,2,10,12,8,0.255095,0.265765,2242.59256,0.163636,0.001462
4131,,7,1,3,4,1,3,4,8,0.241186,0.248961,1090.288753,0.083333,0.00075
5084,,16,11,12,23,11,12,23,8,0.26557,0.278512,201855.122831,0.088235,0.005832
16141,,16,3,4,7,3,4,7,8,0.253252,0.262431,19583.152588,0.02381,0.001286
34198,,7,1,0,1,1,0,1,0,0,0,0,0,0.00075
32903,,7,1,2,3,1,2,3,8,0.262804,0.273563,98.374326,0.166667,0.00075
35681,,7,1,0,1,1,0,1,0,0,0,0,0,0.00075
9687,,7,1,0,1,1,0,1,0,0,0,0,0,0.000268
12340,,7,3,3,6,3,3,6,9,0.22507,0.23269,4852.516131,0.083333,0.000634
16345,,7,7,0,7,7,0,7,0,0,0,0,0.047619,0.002335
1495,,16,2,1,3,2,1,3,8,0.226929,0.234501,37650,0.5,0.001617
7889,,16,2,0,2,2,0,2,0,0,0,0,0.5,0.002255
3099,,16,2,2,4,2,2,4,8,0.234735,0.242961,37650.289017,0.166667,0.001667
10689,,16,1,2,3,1,2,3,8,0.226934,0.234536,25975,0,0.001427
5548,,7,9,10,19,9,10,19,8,0.254045,0.265019,51191.155445,0.026144,0.007167
10044,,2,1,2,3,1,2,3,10,0.170192,0.173204,4563.378358,0.166667,0.001427
13372,,16,1,0,1,1,0,1,0,0,0,0,0,0.001427
14566,,16,1,0,1,1,0,1,0,0,0,0,0,0.001427
1496,,16,2,1,3,2,1,3,9,0.18496,0.188976,18826,0.333333,0.001595
17345,,16,1,1,2,1,1,2,9,0.204271,0.209079,137.811724,0,0.001427
1550,,16,3,8,11,3,8,11,8,0.246953,0.257295,8183.126495,0.244444,0.002005
18956,,16,1,1,2,1,1,2,1,1,1,12.749763,0,0.001427
19676,,16,1,2,3,1,2,3,8,0.232377,0.240456,978.119162,0,0.001427
10412,,16,3,1,4,3,1,4,8,0.226929,0.234501,0,0.5,0.001805
24269,,16,2,0,2,2,0,2,0,0,0,0,1,0.002977
14250,,16,1,2,3,1,2,3,9,0.225065,0.232315,360.449577,0.666667,0.001427
26889,,16,2,1,3,2,1,3,1,1,1,856.084085,0,0.001661
10237,,16,2,2,4,2,2,4,8,0.248748,0.258165,19264.089785,0,0.001595
29738,,16,3,0,3,3,0,3,0,0,0,0,0,0.001763
7115,,16,6,11,17,6,11,17,8,0.26732,0.279538,122731.916422,0.083333,0.002372
32933,,16,1,0,1,1,0,1,0,0,0,0,0,0.001427
473,,7,1,0,1,1,0,1,0,0,0,0,0,0.000489
993,,7,1,1,2,1,1,2,9,0.229899,0.237148,0,0,0.000489
2380,,67,3,0,3,3,0,3,0,0,0,0,0,0.001005
2708,,67,4,1,5,4,1,5,1,1,1,1.89138,0.1,0.00118
4122,,67,5,14,19,5,14,19,8,0.282643,0.296117,121822.132267,0.104167,0.001298
6302,,67,2,1,3,2,1,3,1,1,1,757.339119,0.333333,0.000753
7397,,67,1,2,3,1,2,3,9,0.229975,0.237822,38.227996,0.5,0.000489
8828,,7,3,4,7,3,4,7,8,0.273745,0.286196,579.813191,0.333333,0.001792
9376,,7,1,1,2,1,1,2,9,0.229899,0.237148,0,0,0.000489
1612,,67,16,25,41,16,25,41,8,0.251281,0.262489,126893.192418,0.106061,0.004685
18177,,7,1,0,1,1,0,1,0,0,0,0,0,0.000489
21218,,7,1,0,1,1,0,1,0,0,0,0,0,0.000489
22699,,67,3,0,3,3,0,3,0,0,0,0,0.666667,0.001014
23809,,67,2,1,3,2,1,3,10,0.18697,0.19108,29.302267,0.166667,0.000768
27623,,67,6,2,8,6,2,8,2,0.75,0.833333,55542.449821,0.133333,0.001543
30873,,7,1,0,1,1,0,1,0,0,0,0,0,0.000489
10829,,7,3,3,6,3,3,6,8,0.262044,0.273186,40.580695,0.233333,0.001529
16119,,67,2,3,5,2,3,5,9,0.195882,0.200314,26390.42201,0,0.000684
14844,,67,5,2,7,5,2,7,9,0.211051,0.216275,105376.912828,0.119048,0.001471
13983,,7,3,3,6,3,3,6,8,0.228324,0.235695,338.514547,0.3,0.001355
22263,,7,1,2,3,1,2,3,8,0.222738,0.229078,18.208655,0,0.000402
7402,,7,2,0,2,2,0,2,0,0,0,0,0,0.000716
8695,,7,4,2,6,4,2,6,8,0.25315,0.263121,21516.778146,0.066667,0.00164
2760,,12,2,4,6,2,4,6,9,0.230268,0.238259,1579.02406,0.333333,0.002065
14842,,7,1,0,1,1,0,1,0,0,0,0,0,0.000462
24789,,7,2,4,6,2,4,6,8,0.248725,0.257501,2072.491797,0,0.000636
34174,,7,1,1,2,1,1,2,10,0.195013,0.199652,52.056203,0,0.000462
1704,,7,1,3,4,1,3,4,9,0.201001,0.206057,82462.957979,0,0.000725
3127,,7,1,1,2,1,1,2,9,0.226163,0.233245,10.185281,0,0.000673
5895,,45,2,0,2,2,0,2,0,0,0,0,0,0.000841
4361,,7,8,4,12,8,4,12,8,0.264451,0.276103,82727.919037,0.098485,0.003856
17999,,7,4,0,4,4,0,4,0,0,0,0,0,0.002824
4633,,41,11,10,21,11,10,21,8,0.258106,0.269702,217362.216252,0.055556,0.00381
21046,,7,1,0,1,1,0,1,0,0,0,0,0,0.000673
11384,,41,1,3,4,1,3,4,8,0.259673,0.270839,25975,0.333333,0.000673
5272,,7,7,6,13,7,6,13,8,0.265248,0.277668,21668.39284,0.227273,0.004635
22979,,7,1,1,2,1,1,2,8,0.22471,0.231673,0,0,0.000673
478,,14,0,1,1,0,1,1,12,0.133072,0.134495,0,0,0
481,,36,5,6,11,5,6,11,8,0.224818,0.232339,72252.871842,0.066667,0.001473
12368,,36,1,1,2,1,1,2,9,0.183554,0.187516,0,0,0.000198
19405,,36,1,0,1,1,0,1,0,0,0,0,0,0.000198
482,,14,0,1,1,0,1,1,12,0.133072,0.134495,0,0,0
7796,,16,1,0,1,1,0,1,0,0,0,0,0,0.000425
19693,,16,6,3,9,6,3,9,8,0.240791,0.250532,3669.598718,0.095238,0.00288
26120,,16,2,1,3,2,1,3,9,0.21512,0.221622,18854.685503,0,0.000593
16365,,7,13,2,15,13,2,15,8,0.252349,0.261238,22140.585985,0.090476,0.009112
7363,,7,4,6,10,4,6,10,8,0.267822,0.279724,71441.179791,0.1,0.001893
12958,,7,1,1,2,1,1,2,8,0.237163,0.244724,25.047085,0,0.001388
12959,,16,5,0,5,5,0,5,0,0,0,0,0.05,0.00405
13383,,7,1,0,1,1,0,1,0,0,0,0,0,0.001388
14059,,7,4,2,6,4,2,6,8,0.266446,0.278084,651.813645,0.333333,0.002744
17344,,7,5,3,8,5,3,8,8,0.249513,0.25946,4282.887809,0.089286,0.00329
27998,,16,2,2,4,2,2,4,9,0.238286,0.246179,26096.050098,0,0.001903
29468,,7,1,4,5,1,4,5,8,0.25644,0.266995,102.945264,0.4,0.001388
2198,,41,12,10,22,12,10,22,8,0.266646,0.279063,77263.428868,0.055263,0.007266
5355,,7,3,5,8,3,5,8,9,0.230612,0.238256,3346.955572,0.166667,0.003543
32149,,7,2,0,2,2,0,2,0,0,0,0,0,0.001616
33151,,16,2,0,2,2,0,2,0,0,0,0,0.5,0.001568
33261,,46,2,0,2,2,0,2,0,0,0,0,0,0.001556
486,,7,1,2,3,1,2,3,9,0.215751,0.222045,25986.609302,0,0.000992
487,,7,1,0,1,1,0,1,0,0,0,0,0,0.000992
488,,7,1,2,3,1,2,3,8,0.247704,0.256756,0,0.5,0.000992
490,,7,1,0,1,1,0,1,0,0,0,0,0,0.000992
492,,7,1,0,1,1,0,1,0,0,0,0,0,0.000992
494,,7,1,0,1,1,0,1,0,0,0,0,0,0.000992
1194,,7,1,0,1,1,0,1,0,0,0,0,0,0.000992
1195,,7,1,1,2,1,1,2,9,0.207285,0.212646,0,0.5,0.000992
1196,,7,1,0,1,1,0,1,0,0,0,0,0,0.000992
1198,,7,1,4,5,1,4,5,8,0.267849,0.279236,160.504813,0.25,0.000992
1200,,7,1,1,2,1,1,2,8,0.244926,0.253427,0,0,0.000992
1201,,7,1,0,1,1,0,1,0,0,0,0,0,0.000992
1678,,7,1,2,3,1,2,3,8,0.227524,0.23439,0,0.333333,0.000992
1680,,7,1,0,1,1,0,1,0,0,0,0,0,0.000992
1681,,7,1,0,1,1,0,1,0,0,0,0,0,0.000992
2118,,7,1,1,2,1,1,2,8,0.244926,0.253427,0,0,0.000992
2119,,7,1,1,2,1,1,2,8,0.244926,0.253427,0,0,0.000992
2508,,7,1,1,2,1,1,2,1,1,1,0,0.5,0.000992
2509,,7,1,1,2,1,1,2,8,0.234058,0.241902,15.531118,0,0.000992
2510,,7,2,0,2,2,0,2,0,0,0,0,0.5,0.001174
2511,,7,1,2,3,1,2,3,9,0.218303,0.224721,220.154962,0.166667,0.000992
2887,,7,1,0,1,1,0,1,0,0,0,0,0,0.000992
3219,,7,1,0,1,1,0,1,0,0,0,0,0,0.000992
3556,,7,4,4,8,4,4,8,8,0.267818,0.279436,4584.452336,0.309524,0.005941
3843,,7,3,0,3,3,0,3,0,0,0,0,0.166667,0.001389
4390,,7,1,0,1,1,0,1,0,0,0,0,0,0.000992
4915,,7,1,0,1,1,0,1,0,0,0,0,0,0.000992
8829,,7,1,0,1,1,0,1,0,0,0,0,0,0.000992
8830,,7,1,0,1,1,0,1,0,0,0,0,0,0.000992
10480,,7,1,0,1,1,0,1,0,0,0,0,0,0.000992
11088,,7,1,1,2,1,1,2,8,0.231924,0.239831,0,1,0.000992
11913,,7,1,0,1,1,0,1,0,0,0,0,0,0.000992
1111,,7,1,1,2,1,1,2,8,0.244926,0.253427,0,0,0.000992
14370,,7,3,2,5,3,2,5,8,0.244932,0.253463,23878.100541,0,0.001339
10939,,7,11,5,16,11,5,16,8,0.229222,0.237441,51156.262198,0.070833,0.004915
18641,,7,2,0,2,2,0,2,0,0,0,0,1,0.001369
19681,,12,7,0,7,7,0,7,0,0,0,0,0.142857,0.005843
1422,,7,19,33,52,19,33,52,7,0.306144,0.323182,161366.744537,0.116425,0.010803
7930,,41,15,12,27,15,12,27,8,0.265975,0.277823,211865.240068,0.041667,0.005121
9567,,12,1,5,6,1,5,6,8,0.247476,0.255982,9853.092415,0.05,0.000992
10058,,7,11,19,30,11,19,30,8,0.276983,0.290612,43480.389606,0.133903,0.007887
31250,,7,1,0,1,1,0,1,0,0,0,0,0,0.000992
31851,,7,2,0,2,2,0,2,0,0,0,0,0,0.001275
34206,,7,1,0,1,1,0,1,0,0,0,0,0,0.000992
34974,,7,1,0,1,1,0,1,0,0,0,0,0,0.000992
30827,,7,1,1,2,1,1,2,8,0.244926,0.253427,0,0,0.000992
14903,,7,1,0,1,1,0,1,0,0,0,0,0,0.000181
8954,,7,1,4,5,1,4,5,9,0.220422,0.227575,664.545361,0.05,0.000688
18914,,7,2,1,3,2,1,3,8,0.227301,0.234439,0,0.5,0.000856
7209,,36,2,6,8,2,6,8,9,0.225602,0.232527,28550.86802,0.047619,0.000959
12545,,7,1,1,2,1,1,2,8,0.225585,0.232509,0,0,0.000376
18757,,7,1,0,1,1,0,1,0,0,0,0,0,0.000376
4706,,7,1,2,3,1,2,3,9,0.235452,0.243096,83.282129,0,0.000376
18758,,7,2,0,2,2,0,2,0,0,0,0,0,0.001895
18759,,7,1,0,1,1,0,1,0,0,0,0,0,0.000376
18760,,7,1,2,3,1,2,3,8,0.239941,0.248628,0,1,0.000376
13639,,1,1,3,4,1,3,4,8,0.229709,0.237637,303.563709,0.333333,0.000376
14233,,7,2,0,2,2,0,2,0,0,0,0,0.5,0.000937
18761,,7,1,0,1,1,0,1,0,0,0,0,0,0.000376
18762,,7,1,0,1,1,0,1,0,0,0,0,0,0.000376
18763,,7,1,1,2,1,1,2,8,0.225372,0.231993,0,0.5,0.000376
13563,,1,2,0,2,2,0,2,0,0,0,0,0.5,0.000594
18764,,7,1,0,1,1,0,1,0,0,0,0,0,0.000376
18765,,25,1,1,2,1,1,2,1,1,1,0,0.5,0.000376
10844,,7,4,7,11,4,7,11,8,0.253177,0.263062,21515.470852,0.036364,0.002507
18766,,7,1,0,1,1,0,1,0,0,0,0,0,0.000376
18767,,7,1,0,1,1,0,1,0,0,0,0,0,0.000376
18985,,7,1,0,1,1,0,1,0,0,0,0,0,0.000376
18986,,7,1,0,1,1,0,1,0,0,0,0,0,0.000376
6274,,7,2,1,3,2,1,3,8,0.23414,0.241201,1900.653636,0.5,0.000582
18987,,7,1,0,1,1,0,1,0,0,0,0,0,0.000376
13912,,7,1,1,2,1,1,2,8,0.23414,0.241201,0,1,0.000376
18988,,7,1,0,1,1,0,1,0,0,0,0,0,0.000376
18989,,7,1,0,1,1,0,1,0,0,0,0,0,0.000376
19227,,7,1,0,1,1,0,1,0,0,0,0,0,0.000376
4319,,7,3,4,7,3,4,7,8,0.265728,0.277432,418.597066,0.333333,0.000914
26442,,25,5,0,5,5,0,5,0,0,0,0,0.1,0.00125
6144,,67,9,1,10,9,1,10,9,0.2161,0.222449,85.591927,0.152778,0.003021
15173,,7,1,0,1,1,0,1,0,0,0,0,0,0.000329
16795,,7,2,3,5,2,3,5,8,0.263062,0.273899,4555.228557,0.5,0.000512
14464,,7,4,0,4,4,0,4,0,0,0,0,0,0.002503
2996,,7,9,12,21,9,12,21,8,0.248554,0.257563,56336.613465,0.046784,0.004134
7698,,7,2,4,6,2,4,6,8,0.245082,0.254394,4332.434883,0.25,0.001805
10665,,12,5,7,12,5,7,12,8,0.255469,0.265616,40255.904656,0.030303,0.001914
17348,,7,1,0,1,1,0,1,0,0,0,0,0,0.001046
19150,,7,1,0,1,1,0,1,0,0,0,0,0,0.001046
11320,,7,1,4,5,1,4,5,8,0.23346,0.241339,14189.536096,0,0.001046
22879,,7,1,1,2,1,1,2,8,0.23075,0.238145,0,0,0.001046
11689,,7,2,2,4,2,2,4,8,0.245793,0.254537,18826,0.166667,0.001214
32529,,7,1,0,1,1,0,1,0,0,0,0,0,0.001046
12421,,7,6,5,11,6,5,11,8,0.263658,0.274646,7366.314037,0.166667,0.002507
28492,,25,11,2,13,11,2,13,8,0.262764,0.273503,22668.294309,0.108974,0.003888
7260,,7,1,2,3,1,2,3,8,0.229359,0.236189,0,0.5,0.00083
12776,,7,1,0,1,1,0,1,0,0,0,0,0,0.00083
5284,,53,2,1,3,2,1,3,9,0.201059,0.205744,18932.867548,0,0.000998
23403,,16,2,0,2,2,0,2,0,0,0,0,0,0.001133
3982,,7,7,3,10,7,3,10,9,0.194149,0.198663,52157.448035,0.041667,0.005556
33953,,7,1,0,1,1,0,1,0,0,0,0,0,0.00083
1393,,7,1,0,1,1,0,1,0,0,0,0,0,0.001452
2728,,7,1,1,2,1,1,2,8,0.230107,0.238119,312.02914,0,0.001452
4733,,7,1,1,2,1,1,2,9,0.213682,0.219902,0,1,0.001452
16422,,7,4,13,17,4,13,17,8,0.266435,0.278677,53263.3487,0.191667,0.003193
17650,,7,1,0,1,1,0,1,0,0,0,0,0,0.001452
15229,,7,4,2,6,4,2,6,9,0.235743,0.244186,930.217248,0.3,0.002605
20366,,7,2,2,4,2,2,4,9,0.237459,0.246359,12931.995139,0.333333,0.00162
12361,,7,1,5,6,1,5,6,8,0.248797,0.258995,503.716336,0.5,0.001452
23301,,7,1,1,2,1,1,2,9,0.23138,0.239054,0,0,0.001452
23616,,47,23,0,23,23,0,23,0,0,0,0,0.011858,0.005393
2832,,53,3,2,5,3,2,5,9,0.236048,0.244488,19264.272589,0,0.002122
29453,,7,1,0,1,1,0,1,0,0,0,0,0,0.001452
635,,7,5,7,12,5,7,12,7,0.297611,0.31273,51737.04787,0.181818,0.003014
32347,,7,1,0,1,1,0,1,0,0,0,0,0,0.001452
32847,,7,1,1,2,1,1,2,9,0.23138,0.239054,0,0,0.001452
35290,,7,1,0,1,1,0,1,0,0,0,0,0,0.001452
500,,14,1,4,5,1,4,5,9,0.217929,0.224491,25994.312017,0.166667,0.000293
34549,,14,1,0,1,1,0,1,0,0,0,0,0,0.000174
502,,41,1,0,1,1,0,1,0,0,0,0,0,0.000288
5268,,41,1,0,1,1,0,1,0,0,0,0,0,0.000288
2729,,7,1,2,3,1,2,3,9,0.23269,0.240916,1237.950252,0.333333,0.002454
13533,,7,1,1,2,1,1,2,9,0.220172,0.227259,0,0,0.002454
12380,,7,7,7,14,7,7,14,9,0.23893,0.248174,45302.97162,0.075758,0.005728
16924,,7,1,1,2,1,1,2,9,0.198586,0.203079,25594.999348,0,0.002454
14309,,16,5,1,6,5,1,6,10,0.187037,0.191185,19008.014699,0,0.003492
13005,,7,5,2,7,5,2,7,8,0.263183,0.274055,1311.039897,0.333333,0.004441
6985,,7,2,5,7,2,5,7,8,0.264722,0.275884,3502.011872,0.214286,0.00274
24848,,7,1,0,1,1,0,1,0,0,0,0,0,0.002454
27802,,16,2,1,3,2,1,3,8,0.213813,0.220213,516.752543,0,0.004876
28323,,7,2,0,2,2,0,2,0,0,0,0,1,0.002866
10199,,7,8,4,12,8,4,12,8,0.227255,0.234694,37747.344383,0.180556,0.0051
25830,,7,3,1,4,3,1,4,1,1,1,25976,0.333333,0.002874
5107,,16,1,0,1,1,0,1,0,0,0,0,0,0.000665
5649,,16,10,5,15,10,5,15,9,0.231363,0.239503,964.647053,0.397436,0.00354
6156,,16,1,0,1,1,0,1,0,0,0,0,0,0.000665
626,,16,2,5,7,2,5,7,9,0.234677,0.243408,25975,0.6,0.001278
8421,,16,1,1,2,1,1,2,9,0.227719,0.235169,0,1,0.000665
12535,,16,1,2,3,1,2,3,9,0.208257,0.21417,52187.402452,0,0.000665
5938,,16,9,3,12,9,3,12,9,0.205737,0.211396,87476.590377,0.066667,0.002934
3979,,16,4,12,16,4,12,16,8,0.263599,0.276685,5156.312961,0.391026,0.002437
17384,,16,2,1,3,2,1,3,9,0.227441,0.235137,0,1,0.001278
22346,,16,1,0,1,1,0,1,0,0,0,0,0,0.000665
23609,,16,2,4,6,2,4,6,9,0.229782,0.237685,910.693266,0.4,0.000916
5403,,16,11,8,19,11,8,19,9,0.237079,0.24597,112144.640462,0.05,0.003133
22973,,16,1,1,2,1,1,2,9,0.222927,0.229747,0,1,0.000665
34707,,16,1,0,1,1,0,1,0,0,0,0,0,0.000665
28373,,16,1,2,3,1,2,3,9,0.229661,0.237506,0,1,0.000665
507,,7,0,4,4,0,4,4,8,0.277574,0.290521,0,0.75,0
508,,41,0,1,1,0,1,1,9,0.195066,0.199384,0,0,0
509,,41,36,6,42,36,6,42,8,0.242325,0.250837,769861.211657,0.000675,0.006423
1727,,41,1,0,1,1,0,1,0,0,0,0,0,0.00034
4680,,41,1,0,1,1,0,1,0,0,0,0,0,0.00034
5653,,41,1,1,2,1,1,2,9,0.19506,0.199368,0,0,0.00034
6579,,41,1,1,2,1,1,2,9,0.19506,0.199368,0,0,0.00034
25195,,41,1,0,1,1,0,1,0,0,0,0,0,0.00034
26777,,16,3,1,4,3,1,4,9,0.202093,0.207623,67.222783,0.333333,0.001162
29095,,16,2,0,2,2,0,2,0,0,0,0,1,0.000786
10182,,16,2,1,3,2,1,3,10,0.173357,0.176348,10.90264,0,0.000738
8032,,2,3,1,4,3,1,4,9,0.210431,0.216018,19.940319,0.5,0.001003
1276,,7,1,1,2,1,1,2,1,1,1,0,0.5,0.000472
23662,,2,1,1,2,1,1,2,9,0.203877,0.208834,689.855297,0,0.000472
513,,12,0,3,3,0,3,3,8,0.24127,0.249217,0,0.666667,0
7826,,12,5,5,10,5,5,10,8,0.244694,0.253285,5870.927482,0.097222,0.00231
6764,,7,2,2,4,2,2,4,8,0.241013,0.248928,371.212164,0,0.001552
2271,,7,10,13,23,10,13,23,8,0.269864,0.282954,19268.731581,0.160819,0.007644
12853,,12,76,3,79,76,3,79,9,0.202816,0.207858,484238.084567,0.022882,0.024008
14587,,7,1,1,2,1,1,2,8,0.240477,0.248306,0,0,0.001057
16396,,1,2,2,4,2,2,4,9,0.220838,0.228059,390.02251,0.166667,0.002858
14242,,41,5,4,9,5,4,9,8,0.258035,0.26933,30588.746857,0.071429,0.002987
27961,,12,2,2,4,2,2,4,8,0.250646,0.259762,594.123621,0.416667,0.001537
2477,,7,1,0,1,1,0,1,0,0,0,0,0,0.001788
4622,,7,1,0,1,1,0,1,0,0,0,0,0,0.001788
5135,,7,2,2,4,2,2,4,9,0.239978,0.249186,127.675219,0.416667,0.002037
1467,,16,10,10,20,10,10,20,8,0.261985,0.274007,34490.975088,0.069853,0.004182
7095,,7,1,0,1,1,0,1,0,0,0,0,0,0.001788
7867,,7,1,0,1,1,0,1,0,0,0,0,0,0.001788
8750,,7,1,4,5,1,4,5,8,0.267673,0.27995,25975,0.5,0.001788
9156,,7,2,0,2,2,0,2,0,0,0,0,0,0.002228
9970,,7,2,0,2,2,0,2,0,0,0,0,0.5,0.002004
12645,,7,3,1,4,3,1,4,9,0.234852,0.24313,1940.47445,0.416667,0.002985
3188,,7,6,2,8,6,2,8,9,0.223176,0.230761,20377.017505,0.071429,0.003496
13677,,7,2,1,3,2,1,3,1,1,1,113.76596,0.333333,0.002416
8714,,7,12,10,22,12,10,22,8,0.270535,0.283049,116030.687465,0.088235,0.004938
1466,,7,7,12,19,7,12,19,8,0.264091,0.276314,28769.208943,0.110294,0.003961
3250,,2,9,4,13,9,4,13,8,0.239715,0.247606,18923.674535,0.102564,0.005132
15360,,7,1,0,1,1,0,1,0,0,0,0,0,0.001788
12938,,7,3,2,5,3,2,5,8,0.250726,0.261385,0,0.916667,0.004032
3039,,7,2,5,7,2,5,7,8,0.243293,0.252063,26158.321286,0.238095,0.002091
2085,,7,4,10,14,4,10,14,8,0.261625,0.273102,36094.979495,0.108974,0.002392
17038,,14,2,2,4,2,2,4,1,1,1,27153.473416,0.083333,0.002667
5999,,7,4,6,10,4,6,10,8,0.24994,0.26041,6033.24128,0.190476,0.003188
19833,,7,10,0,10,10,0,10,0,0,0,0,0.1,0.006484
6477,,41,4,8,12,4,8,12,8,0.270364,0.282944,37699.562438,0.159091,0.002949
19171,,1,1,1,2,1,1,2,10,0.157053,0.159469,0,0.5,0.001788
19172,,1,2,1,3,2,1,3,9,0.186306,0.190359,25442.104191,0.166667,0.001978
17681,,14,5,3,8,5,3,8,9,0.222819,0.229869,90120.347417,0.166667,0.003264
23241,,77,2,0,2,2,0,2,0,0,0,0,0,0.00198
7628,,53,11,15,26,11,15,26,7,0.301979,0.317901,142445.952941,0.140476,0.009794
26329,,7,2,0,2,2,0,2,0,0,0,0,0,0.002804
27000,,7,1,0,1,1,0,1,0,0,0,0,0,0.001788
14876,,41,2,1,3,2,1,3,9,0.225591,0.232932,17.847294,0.5,0.002767
14049,,16,1,3,4,1,3,4,8,0.239112,0.248384,515.928355,0.166667,0.001788
29856,,7,1,0,1,1,0,1,0,0,0,0,0,0.001788
2481,,7,12,34,46,12,34,46,8,0.289137,0.304948,170283.330637,0.063953,0.004381
31002,,7,1,0,1,1,0,1,0,0,0,0,0,0.001788
32593,,7,1,0,1,1,0,1,0,0,0,0,0,0.001788
17949,,7,3,2,5,3,2,5,9,0.233965,0.241917,13015.578461,0.1,0.002947
33514,,12,11,0,11,11,0,11,0,0,0,0,0.009091,0.004953
23366,,7,5,8,13,5,8,13,8,0.253191,0.263672,7250.412266,0.166667,0.003261
3623,,7,6,12,18,6,12,18,8,0.272414,0.285265,60439.98041,0.154167,0.003066
516,,7,0,1,1,0,1,1,9,0.214123,0.219985,0,0,0
18119,,16,2,1,3,2,1,3,8,0.246117,0.255058,0,0.333333,0.000529
518,,16,0,1,1,0,1,1,9,0.202899,0.20872,0,0,0
2644,,16,1,1,2,1,1,2,10,0.168674,0.171952,0,1,0.000394
4477,,16,3,1,4,3,1,4,9,0.202893,0.208704,18825,0.5,0.000763
1220,,16,5,8,13,5,8,13,8,0.238153,0.24734,76244.43863,0.088889,0.001101
8902,,16,4,1,5,4,1,5,9,0.192347,0.197006,156.202068,0.166667,0.000979
10246,,16,1,0,1,1,0,1,0,0,0,0,0,0.000394
6119,,16,6,12,18,6,12,18,8,0.242341,0.252865,23968.346908,0.125,0.003271
12651,,16,1,0,1,1,0,1,0,0,0,0,0,0.000394
30400,,16,1,2,3,1,2,3,9,0.231796,0.239944,13.152671,0.333333,0.000394
15396,,16,2,0,2,2,0,2,0,0,0,0,0,0.000603
3635,,2,8,0,8,8,0,8,0,0,0,0,0.035714,0.002491
23166,,2,2,2,4,2,2,4,9,0.194528,0.19878,395.908924,0.166667,0.000551
14414,,2,1,4,5,1,4,5,8,0.24285,0.251938,32070.650298,0.15,0.000382
2289,,16,7,18,25,7,18,25,7,0.277682,0.291513,43351.645077,0.076667,0.002378
8328,,7,3,2,5,3,2,5,9,0.197671,0.202384,155832.666667,0,0.000752
17021,,7,1,0,1,1,0,1,0,0,0,0,0,0.000273
523,,53,5,7,12,5,7,12,9,0.22913,0.236648,20686.983237,0.232143,0.001705
5474,,53,2,1,3,2,1,3,8,0.239364,0.247399,1398.495998,0,0.001029
7611,,53,3,1,4,3,1,4,10,0.186418,0.190346,3.011417,0.5,0.000905
9272,,53,18,12,30,18,12,30,9,0.231593,0.239586,174605.389193,0.083004,0.004112
5684,,53,3,4,7,3,4,7,9,0.215576,0.221411,27656.691799,0.35,0.001068
525,,41,1,7,8,1,7,8,9,0.222319,0.22882,37658,0.02381,0.000178
526,,41,2,1,3,2,1,3,10,0.181885,0.185362,18830,0,0.000341
4414,,41,1,0,1,1,0,1,0,0,0,0,0,0.000173
1004,,41,6,10,16,6,10,16,8,0.275835,0.288666,92815.394401,0.075,0.002717
18285,,41,1,0,1,1,0,1,0,0,0,0,0,0.000173
6714,,7,4,0,4,4,0,4,0,0,0,0,0.666667,0.002342
6725,,7,6,2,8,6,2,8,10,0.181946,0.185819,220.633975,0.321429,0.003111
13307,,7,1,0,1,1,0,1,0,0,0,0,0,0.001068
12612,,7,2,0,2,2,0,2,0,0,0,0,1,0.001411
14678,,7,1,0,1,1,0,1,0,0,0,0,0,0.001068
15127,,7,12,2,14,12,2,14,9,0.222403,0.229549,43538.333905,0.151515,0.005396
23270,,7,1,0,1,1,0,1,0,0,0,0,0,0.001068
23524,,7,1,1,2,1,1,2,9,0.227164,0.235181,0,0,0.001068
27709,,48,2,1,3,2,1,3,9,0.227164,0.235181,18826,0,0.001236
27592,,7,3,3,6,3,3,6,8,0.23009,0.238091,47.295509,0.5,0.00163
32952,,7,2,1,3,2,1,3,9,0.223393,0.23042,0,0.666667,0.001782
1234,,16,15,15,30,15,15,30,8,0.281468,0.295883,79426.406995,0.068966,0.008294
4115,,16,11,21,32,11,21,32,8,0.252851,0.263216,133069.124834,0.037037,0.004547
12112,,16,2,0,2,2,0,2,0,0,0,0,0,0.000797
18412,,16,4,1,5,4,1,5,9,0.230844,0.239137,22.618233,0.333333,0.004537
1383,,1,2,3,5,2,3,5,8,0.244157,0.253315,12851.306932,0.5,0.002125
3730,,1,2,0,2,2,0,2,0,0,0,0,1,0.002317
11461,,1,1,1,2,1,1,2,9,0.187824,0.192065,0,1,0.001957
3729,,1,35,2,37,35,2,37,9,0.200245,0.205735,81763.188017,0.016667,0.008667
3911,,1,2,0,2,2,0,2,0,0,0,0,1,0.002157
16653,,1,1,1,2,1,1,2,9,0.200243,0.205709,0,0,0.001957
3894,,1,2,8,10,2,8,10,8,0.239584,0.248478,54701.608646,0.222222,0.002207
32443,,1,1,0,1,1,0,1,0,0,0,0,0,0.001957
14376,,1,4,6,10,4,6,10,8,0.230903,0.23905,1480.169461,0.277778,0.002521
34351,,1,1,0,1,1,0,1,0,0,0,0,0,0.001957
1507,,14,1,1,2,1,1,2,9,0.21942,0.22584,0,0,0.000401
4555,,53,1,1,2,1,1,2,9,0.21451,0.221387,124.741772,0,0.000401
27129,,14,2,0,2,2,0,2,0,0,0,0,0.5,0.001116
5122,,41,10,16,26,10,16,26,8,0.265331,0.277067,83739.589987,0.06917,0.003871
16589,,7,5,1,6,5,1,6,8,0.27219,0.283723,1841.820633,0.233333,0.002462
25480,,7,1,0,1,1,0,1,0,0,0,0,0,0.000477
12588,,49,2,0,2,2,0,2,0,0,0,0,0,0.000645
32527,,16,2,0,2,2,0,2,0,0,0,0,0,0.000846
536,,16,2,1,3,2,1,3,9,0.215786,0.221906,0,0.5,0.000814
537,,16,18,18,36,18,18,36,8,0.275157,0.288436,312945.613821,0.024138,0.006928
9204,,16,1,1,2,1,1,2,9,0.215786,0.221906,0,0,0.000293
12943,,16,1,1,2,1,1,2,9,0.215786,0.221906,0,0,0.000293
13729,,16,1,0,1,1,0,1,0,0,0,0,0,0.000293
4659,,1,2,2,4,2,2,4,9,0.216197,0.222389,19.725291,0.333333,0.000814
16459,,16,1,0,1,1,0,1,0,0,0,0,0,0.000293
11431,,16,1,3,4,1,3,4,9,0.219289,0.225694,2.114743,0.166667,0.000293
34970,,16,13,6,19,13,6,19,9,0.236606,0.244813,108268.132128,0.011696,0.00348
12396,,7,3,4,7,3,4,7,8,0.235953,0.243507,21618.628545,0.3,0.003293
9431,,7,3,3,6,3,3,6,8,0.241331,0.249067,19608.766897,0.1,0.001272
10761,,7,1,0,1,1,0,1,0,0,0,0,0,0.000528
3236,,1,2,5,7,2,5,7,9,0.217102,0.223895,41683.089367,0.233333,0.001392
540,,41,0,1,1,0,1,1,9,0.195066,0.199384,0,0,0
541,,7,0,1,1,0,1,1,1,1,1,0,0,0
616,,22,1,1,2,1,1,2,9,0.212853,0.21889,0,0,0.001116
4152,,22,4,0,4,4,0,4,0,0,0,0,0.333333,0.001655
4935,,22,3,3,6,3,3,6,9,0.21286,0.218952,5942.51765,0.45,0.001605
5848,,22,5,1,6,5,1,6,10,0.175501,0.178823,18856.3822,0.3,0.001965
5942,,22,3,4,7,3,4,7,9,0.212952,0.219156,3413.900905,0.433333,0.001581
6184,,22,3,3,6,3,3,6,9,0.212863,0.218961,3329.451846,0.25,0.001457
7032,,22,5,3,8,5,3,8,9,0.212899,0.219041,28529.530645,0.333333,0.002112
7789,,22,5,2,7,5,2,7,9,0.212889,0.218992,23388.272153,0.3,0.001948
5427,,22,5,1,6,5,1,6,9,0.212853,0.21889,0,0.5,0.001987
8376,,22,3,23,26,3,23,26,9,0.212995,0.219736,441294.222283,0.051667,0.001776
10015,,22,5,3,8,5,3,8,9,0.212892,0.219019,40977.832799,0.266667,0.002051
6256,,22,22,68,90,22,68,90,8,0.225186,0.234707,1487883.872489,0.015808,0.005426
9366,,22,3,1,4,3,1,4,9,0.212853,0.21889,0,0.833333,0.001715
10994,,22,1,2,3,1,2,3,9,0.226372,0.234066,3196.536053,0.333333,0.001116
10368,,22,26,10,36,26,10,36,9,0.212973,0.219338,149298.23932,0.060484,0.005791
686,,22,5,1,6,5,1,6,9,0.212853,0.21889,56476,0.2,0.00186
13794,,22,1,2,3,1,2,3,9,0.21286,0.218934,0,1,0.001116
9280,,22,4,4,8,4,4,8,9,0.212872,0.219009,57502.915033,0.119048,0.001637
10913,,22,1,2,3,1,2,3,9,0.212858,0.218925,25973,0.5,0.001116
8428,,22,3,1,4,3,1,4,10,0.175503,0.178827,6288.733865,0.333333,0.00162
7935,,22,4,3,7,4,3,7,9,0.212863,0.218961,32262.358865,0.233333,0.001778
14846,,22,1,1,2,1,1,2,10,0.175583,0.179019,0,1,0.001116
16329,,22,1,1,2,1,1,2,10,0.175567,0.178946,0,1,0.001116
16637,,22,2,1,3,2,1,3,2,0.666667,0.75,8017.154843,0.5,0.001408
10367,,22,4,3,7,4,3,7,9,0.212949,0.21913,22259.008457,0.433333,0.001778
5433,,22,3,5,8,3,5,8,9,0.212959,0.219201,37498.143521,0.357143,0.001605
19065,,22,4,2,6,4,2,6,9,0.21286,0.218934,3328.225656,0.3,0.001655
24024,,22,1,1,2,1,1,2,10,0.176545,0.18015,3406.840451,0.5,0.001116
18244,,16,8,10,18,8,10,18,8,0.278512,0.291681,159510.519628,0.058333,0.003159
8799,,7,4,6,10,4,6,10,9,0.230637,0.238604,46763.749908,0.125,0.000842
8800,,7,2,3,5,2,3,5,9,0.214527,0.220797,18826,0.416667,0.00049
8884,,7,2,2,4,2,2,4,9,0.21461,0.220874,452.699573,0,0.000612
21708,,50,1,1,2,1,1,2,1,1,1,25976,0,0.000321
1130,,65,2,0,2,2,0,2,0,0,0,0,0,0.002671
3908,,7,1,0,1,1,0,1,0,0,0,0,0,0.002503
6063,,7,8,5,13,8,5,13,8,0.239587,0.248077,42194.616331,0.076923,0.007473
6913,,16,3,4,7,3,4,7,8,0.239492,0.248796,28073.175739,0.1,0.0041
6914,,16,7,4,11,7,4,11,9,0.224472,0.231954,4302.639626,0.303571,0.004868
7942,,25,2,0,2,2,0,2,0,0,0,0,0,0.002671
2437,,36,13,22,35,13,22,35,8,0.28717,0.302545,184019.870086,0.115126,0.007792
11670,,7,5,5,10,5,5,10,8,0.275254,0.28795,22654.506365,0.3,0.004886
3483,,2,3,1,4,3,1,4,1,1,1,25976,0.083333,0.002871
12521,,7,1,0,1,1,0,1,0,0,0,0,0,0.002503
6919,,41,2,3,5,2,3,5,8,0.258216,0.269576,1179.627286,0.05,0.00294
2459,,7,2,6,8,2,6,8,8,0.262984,0.27388,52592.239391,0.089286,0.002939
21010,,16,2,3,5,2,3,5,8,0.239069,0.248149,622.876993,0.2,0.003082
22984,,7,2,0,2,2,0,2,0,0,0,0,0,0.002691
19589,,2,10,14,24,10,14,24,9,0.204858,0.210627,81540.990349,0.083004,0.004356
24798,,7,1,0,1,1,0,1,0,0,0,0,0,0.002503
25535,,81,33,2,35,33,2,35,10,0.179164,0.182357,590733.737612,0.001681,0.008243
30100,,7,1,0,1,1,0,1,0,0,0,0,0,0.002503
26503,,32,2,2,4,2,2,4,1,1,1,2,0.166667,0.002671
32653,,7,1,0,1,1,0,1,0,0,0,0,0,0.002503
32138,,7,1,1,2,1,1,2,9,0.201688,0.206525,174.872031,0,0.002503
31021,,7,2,2,4,2,2,4,8,0.257795,0.26812,18826,0.416667,0.002671
21687,,7,1,1,2,1,1,2,9,0.225653,0.232937,394.291967,0,0.002503
32839,,16,1,0,1,1,0,1,0,0,0,0,0,0.000233
547,,65,0,1,1,0,1,1,8,0.236841,0.24458,0,0,0
6438,,36,5,2,7,5,2,7,9,0.219512,0.226388,693.150071,0.266667,0.001355
18304,,36,3,3,6,3,3,6,9,0.222338,0.229533,100.181563,0.416667,0.000857
14400,,7,4,3,7,4,3,7,9,0.216924,0.222879,109.306311,0.047619,0.000895
8487,,7,2,0,2,2,0,2,0,0,0,0,0,0.000761
11474,,7,1,0,1,1,0,1,0,0,0,0,0,0.000264
26633,,41,2,1,3,2,1,3,9,0.220463,0.227058,48.870397,0.166667,0.000505
8978,,1,2,1,3,2,1,3,9,0.18699,0.191387,37.055168,0,0.000794
29297,,1,1,0,1,1,0,1,0,0,0,0,0,0.000586
6404,,1,8,7,15,8,7,15,8,0.237286,0.245686,46184.5565,0.222222,0.003635
4052,,1,2,4,6,2,4,6,8,0.226358,0.233961,312.423583,0.65,0.0011
553,,16,2,5,7,2,5,7,8,0.243627,0.252195,26223.387991,0,0.00136
2409,,16,3,11,14,3,11,14,8,0.257657,0.268959,79849.263445,0.070513,0.001211
7821,,16,2,2,4,2,2,4,8,0.235084,0.242526,0,1,0.000767
9428,,16,4,2,6,4,2,6,8,0.235084,0.242526,417.222804,0.416667,0.001582
7020,,16,1,8,9,1,8,9,8,0.271159,0.283809,2767.154913,0.196429,0.000576
12932,,16,4,3,7,4,3,7,8,0.235087,0.242553,7.125189,0.5,0.001136
15994,,16,2,2,4,2,2,4,8,0.235084,0.242526,87.321176,0.333333,0.000752
21291,,16,2,1,3,2,1,3,8,0.236531,0.245945,0,0.833333,0.000753
21346,,16,1,1,2,1,1,2,8,0.236531,0.245945,0,1,0.000576
15424,,16,3,2,5,3,2,5,10,0.178253,0.182162,44985.332083,0.083333,0.000962
10071,,16,1,1,2,1,1,2,9,0.224418,0.232141,76.170125,0,0.000188
555,,7,0,1,1,0,1,1,9,0.223026,0.229757,0,0,0
1003,,67,1,0,1,1,0,1,0,0,0,0,0,0.000348
2090,,67,1,0,1,1,0,1,0,0,0,0,0,0.000348
2463,,67,1,0,1,1,0,1,0,0,0,0,0,0.000348
3558,,67,1,0,1,1,0,1,0,0,0,0,0,0.000348
3872,,67,1,0,1,1,0,1,0,0,0,0,0,0.000348
4035,,67,1,0,1,1,0,1,0,0,0,0,0,0.000348
4535,,67,1,0,1,1,0,1,0,0,0,0,0,0.000348
4606,,67,1,0,1,1,0,1,0,0,0,0,0,0.000348
4732,,67,1,0,1,1,0,1,0,0,0,0,0,0.000348
5007,,67,1,0,1,1,0,1,0,0,0,0,0,0.000348
5158,,67,1,0,1,1,0,1,0,0,0,0,0,0.000348
3856,,67,4,0,4,4,0,4,0,0,0,0,0.166667,0.001249
5573,,67,2,0,2,2,0,2,0,0,0,0,0,0.000521
6325,,67,1,0,1,1,0,1,0,0,0,0,0,0.000348
6399,,67,1,0,1,1,0,1,0,0,0,0,0,0.000348
6431,,67,1,0,1,1,0,1,0,0,0,0,0,0.000348
6661,,67,1,0,1,1,0,1,0,0,0,0,0,0.000348
7058,,67,1,0,1,1,0,1,0,0,0,0,0,0.000348
7773,,67,2,1,3,2,1,3,9,0.233238,0.24387,0,1,0.000626
7811,,67,2,0,2,2,0,2,0,0,0,0,0.5,0.000544
7819,,67,1,2,3,1,2,3,9,0.211343,0.216718,25974,0.166667,0.000348
7847,,67,1,0,1,1,0,1,0,0,0,0,0,0.000348
7886,,7,1,2,3,1,2,3,10,0.179162,0.182354,0.499621,0.166667,0.000348
8051,,67,3,1,4,3,1,4,8,0.262757,0.273467,3143.553349,0.166667,0.000786
8062,,67,1,0,1,1,0,1,0,0,0,0,0,0.000348
8165,,67,2,2,4,2,2,4,10,0.179401,0.182837,23845.326126,0.25,0.000581
8189,,67,1,1,2,1,1,2,8,0.262757,0.273467,0,0.5,0.000348
8999,,67,1,0,1,1,0,1,0,0,0,0,0,0.000348
9002,,67,3,0,3,3,0,3,0,0,0,0,0,0.001344
9552,,67,2,0,2,2,0,2,0,0,0,0,0.5,0.000544
9767,,67,3,0,3,3,0,3,0,0,0,0,0.166667,0.000689
9878,,67,1,0,1,1,0,1,0,0,0,0,0,0.000348
9916,,67,1,0,1,1,0,1,0,0,0,0,0,0.000348
9976,,67,1,0,1,1,0,1,0,0,0,0,0,0.000348
10036,,67,2,0,2,2,0,2,0,0,0,0,0,0.000516
10163,,67,2,0,2,2,0,2,0,0,0,0,0.5,0.000544
10186,,67,1,0,1,1,0,1,0,0,0,0,0,0.000348
10389,,67,4,2,6,4,2,6,9,0.186169,0.190068,67377.892895,0,0.000879
10474,,67,1,0,1,1,0,1,0,0,0,0,0,0.000348
10570,,67,1,0,1,1,0,1,0,0,0,0,0,0.000348
10708,,67,1,0,1,1,0,1,0,0,0,0,0,0.000348
10970,,32,2,1,3,2,1,3,1,1,1,5.029404,0,0.000516
11213,,67,2,0,2,2,0,2,0,0,0,0,0.5,0.000544
11340,,67,2,0,2,2,0,2,0,0,0,0,0.5,0.000544
11650,,67,3,1,4,3,1,4,10,0.18666,0.190306,18826,0.166667,0.000728
5763,,67,5,5,10,5,5,10,8,0.280717,0.293588,26415.54519,0.166667,0.001985
11769,,67,2,1,3,2,1,3,9,0.226907,0.233159,69.640983,0.166667,0.000544
11821,,67,1,0,1,1,0,1,0,0,0,0,0,0.000348
4652,,67,2,0,2,2,0,2,0,0,0,0,0,0.000526
3736,,67,3,14,17,3,14,17,9,0.233278,0.244224,26462.524125,0.070833,0.000741
12246,,67,1,0,1,1,0,1,0,0,0,0,0,0.000348
12250,,67,1,0,1,1,0,1,0,0,0,0,0,0.000348
12394,,67,1,0,1,1,0,1,0,0,0,0,0,0.000348
12435,,67,1,0,1,1,0,1,0,0,0,0,0,0.000348
12467,,67,1,0,1,1,0,1,0,0,0,0,0,0.000348
12508,,67,2,0,2,2,0,2,0,0,0,0,0,0.000516
12531,,67,1,0,1,1,0,1,0,0,0,0,0,0.000348
12542,,67,2,0,2,2,0,2,0,0,0,0,0.5,0.000516
12578,,67,1,0,1,1,0,1,0,0,0,0,0,0.000348
12819,,67,1,0,1,1,0,1,0,0,0,0,0,0.000348
12899,,67,1,0,1,1,0,1,0,0,0,0,0,0.000348
6836,,67,1,4,5,1,4,5,9,0.197052,0.201237,52028.850093,0.05,0.000348
12954,,67,3,0,3,3,0,3,0,0,0,0,0.166667,0.000855
13225,,67,1,1,2,1,1,2,10,0.199208,0.204219,1727.029438,0,0.000348
13338,,67,2,0,2,2,0,2,0,0,0,0,0.5,0.000516
3403,,16,6,9,15,6,9,15,8,0.279135,0.292894,11959.217718,0.115385,0.002483
13397,,67,2,0,2,2,0,2,0,0,0,0,1,0.000546
13467,,67,3,0,3,3,0,3,0,0,0,0,0.333333,0.000712
4618,,67,2,0,2,2,0,2,0,0,0,0,0,0.00053
13625,,67,1,0,1,1,0,1,0,0,0,0,0,0.000348
13667,,67,1,0,1,1,0,1,0,0,0,0,0,0.000348
13687,,7,3,0,3,3,0,3,0,0,0,0,0,0.00089
13957,,67,2,0,2,2,0,2,0,0,0,0,0,0.000736
14009,,67,2,0,2,2,0,2,0,0,0,0,0,0.000521
14244,,67,1,0,1,1,0,1,0,0,0,0,0,0.000348
14459,,67,1,0,1,1,0,1,0,0,0,0,0,0.000348
14493,,67,2,0,2,2,0,2,0,0,0,0,0,0.000516
14677,,67,1,0,1,1,0,1,0,0,0,0,0,0.000348
14766,,67,1,0,1,1,0,1,0,0,0,0,0,0.000348
14923,,67,1,0,1,1,0,1,0,0,0,0,0,0.000348
14980,,67,1,5,6,1,5,6,9,0.214896,0.221032,2571.429122,0.2,0.000348
15204,,67,1,0,1,1,0,1,0,0,0,0,0,0.000348
15222,,67,1,0,1,1,0,1,0,0,0,0,0,0.000348
15641,,67,5,7,12,5,7,12,9,0.22697,0.234411,79856.881639,0.068182,0.001813
15661,,67,2,0,2,2,0,2,0,0,0,0,0,0.000516
15662,,67,2,0,2,2,0,2,0,0,0,0,0,0.000516
15669,,67,1,0,1,1,0,1,0,0,0,0,0,0.000348
15734,,67,1,0,1,1,0,1,0,0,0,0,0,0.000348
15764,,67,2,0,2,2,0,2,0,0,0,0,0.5,0.000516
15848,,67,1,0,1,1,0,1,0,0,0,0,0,0.000348
15945,,67,2,0,2,2,0,2,0,0,0,0,1,0.000533
15981,,67,3,0,3,3,0,3,0,0,0,0,0,0.000685
16016,,67,1,0,1,1,0,1,0,0,0,0,0,0.000348
16018,,67,1,0,1,1,0,1,0,0,0,0,0,0.000348
16076,,67,2,0,2,2,0,2,0,0,0,0,1,0.000533
16344,,67,2,1,3,2,1,3,9,0.227235,0.234013,0,0.333333,0.000516
16688,,67,2,0,2,2,0,2,0,0,0,0,0.5,0.000516
16871,,67,1,0,1,1,0,1,0,0,0,0,0,0.000348
16947,,67,1,0,1,1,0,1,0,0,0,0,0,0.000348
16956,,67,1,0,1,1,0,1,0,0,0,0,0,0.000348
17083,,67,1,0,1,1,0,1,0,0,0,0,0,0.000348
17257,,67,2,0,2,2,0,2,0,0,0,0,0,0.000516
8081,,67,1,1,2,1,1,2,10,0.167226,0.169765,0,0.5,0.000348
17569,,67,1,1,2,1,1,2,1,1,1,0,0.5,0.000348
17595,,67,1,0,1,1,0,1,0,0,0,0,0,0.000348
17841,,32,2,0,2,2,0,2,0,0,0,0,0,0.001288
8378,,67,3,5,8,3,5,8,9,0.23585,0.247243,51643.659348,0.02381,0.000685
17929,,67,1,0,1,1,0,1,0,0,0,0,0,0.000348
17982,,67,1,0,1,1,0,1,0,0,0,0,0,0.000348
18205,,67,3,1,4,3,1,4,1,1,1,89.949464,0.166667,0.000771
3170,,67,2,0,2,2,0,2,0,0,0,0,0,0.000516
10420,,67,3,4,7,3,4,7,9,0.221984,0.229297,23649.695215,0.133333,0.001426
18661,,67,1,0,1,1,0,1,0,0,0,0,0,0.000348
18950,,67,1,0,1,1,0,1,0,0,0,0,0,0.000348
10719,,67,3,0,3,3,0,3,0,0,0,0,0.166667,0.000736
11444,,67,4,1,5,4,1,5,8,0.262757,0.273467,4597.686147,0.15,0.00088
12864,,67,2,0,2,2,0,2,0,0,0,0,0.5,0.000668
19416,,67,2,0,2,2,0,2,0,0,0,0,0.5,0.000674
19694,,67,2,0,2,2,0,2,0,0,0,0,0.5,0.000544
19868,,67,1,1,2,1,1,2,1,1,1,25976,0,0.000348
19914,,67,2,0,2,2,0,2,0,0,0,0,0,0.000516
19915,,67,2,0,2,2,0,2,0,0,0,0,1,0.000533
20057,,7,3,0,3,3,0,3,0,0,0,0,0,0.00154
20107,,67,1,0,1,1,0,1,0,0,0,0,0,0.000348
20150,,67,1,0,1,1,0,1,0,0,0,0,0,0.000348
20209,,67,1,0,1,1,0,1,0,0,0,0,0,0.000348
20338,,67,2,0,2,2,0,2,0,0,0,0,0,0.000637
20358,,67,1,0,1,1,0,1,0,0,0,0,0,0.000348
20359,,67,1,0,1,1,0,1,0,0,0,0,0,0.000348
20407,,67,2,0,2,2,0,2,0,0,0,0,0,0.000516
11800,,67,2,0,2,2,0,2,0,0,0,0,0,0.000521
20832,,67,1,0,1,1,0,1,0,0,0,0,0,0.000348
20932,,67,2,0,2,2,0,2,0,0,0,0,0.5,0.000544
21187,,67,1,0,1,1,0,1,0,0,0,0,0,0.000348
6613,,67,22,14,36,22,14,36,8,0.245892,0.254814,128614.048214,0.119048,0.005746
21267,,67,2,0,2,2,0,2,0,0,0,0,1,0.000533
10025,,67,5,0,5,5,0,5,0,0,0,0,0.05,0.001549
21467,,67,1,0,1,1,0,1,0,0,0,0,0,0.000348
22051,,67,2,0,2,2,0,2,0,0,0,0,0,0.000521
22131,,67,1,0,1,1,0,1,0,0,0,0,0,0.000348
22183,,67,1,0,1,1,0,1,0,0,0,0,0,0.000348
22277,,67,1,0,1,1,0,1,0,0,0,0,0,0.000348
18801,,67,2,0,2,2,0,2,0,0,0,0,0,0.000841
22458,,67,1,0,1,1,0,1,0,0,0,0,0,0.000348
22498,,67,1,0,1,1,0,1,0,0,0,0,0,0.000348
22579,,67,1,0,1,1,0,1,0,0,0,0,0,0.000348
22713,,67,1,0,1,1,0,1,0,0,0,0,0,0.000348
16607,,67,3,0,3,3,0,3,0,0,0,0,0.5,0.000823
2929,,67,1,1,2,1,1,2,1,1,1,25976,0,0.000348
22769,,67,1,0,1,1,0,1,0,0,0,0,0,0.000348
22779,,67,1,0,1,1,0,1,0,0,0,0,0,0.000348
22819,,67,2,0,2,2,0,2,0,0,0,0,0.5,0.000516
22838,,67,1,0,1,1,0,1,0,0,0,0,0,0.000348
22909,,67,2,0,2,2,0,2,0,0,0,0,1,0.000546
17851,,67,1,2,3,1,2,3,10,0.18619,0.190011,26074.576912,0,0.000348
23105,,67,2,0,2,2,0,2,0,0,0,0,0,0.000554
7769,,67,8,8,16,8,8,16,9,0.241781,0.253444,112660.596011,0.148352,0.003133
23219,,67,2,0,2,2,0,2,0,0,0,0,0,0.000516
23417,,67,1,0,1,1,0,1,0,0,0,0,0,0.000348
17311,,67,2,0,2,2,0,2,0,0,0,0,0,0.000851
23509,,67,1,0,1,1,0,1,0,0,0,0,0,0.000348
23516,,67,1,0,1,1,0,1,0,0,0,0,0,0.000348
23594,,67,1,0,1,1,0,1,0,0,0,0,0,0.000348
19955,,67,2,1,3,2,1,3,1,1,1,4.798079,0.166667,0.000623
23633,,67,1,0,1,1,0,1,0,0,0,0,0,0.000348
23959,,67,1,0,1,1,0,1,0,0,0,0,0,0.000348
23973,,67,1,0,1,1,0,1,0,0,0,0,0,0.000348
24014,,67,1,0,1,1,0,1,0,0,0,0,0,0.000348
24015,,67,1,0,1,1,0,1,0,0,0,0,0,0.000348
24106,,67,1,0,1,1,0,1,0,0,0,0,0,0.000348
24218,,67,1,0,1,1,0,1,0,0,0,0,0,0.000348
12058,,67,8,5,13,8,5,13,9,0.229496,0.236416,40338.549296,0.045455,0.001924
24552,,67,1,0,1,1,0,1,0,0,0,0,0,0.000348
22809,,67,2,0,2,2,0,2,0,0,0,0,0,0.000516
24579,,67,1,0,1,1,0,1,0,0,0,0,0,0.000348
24687,,67,1,0,1,1,0,1,0,0,0,0,0,0.000348
24791,,67,1,0,1,1,0,1,0,0,0,0,0,0.000348
25085,,16,1,1,2,1,1,2,9,0.212543,0.218281,197.782635,0,0.000348
25199,,67,1,0,1,1,0,1,0,0,0,0,0,0.000348
25242,,67,1,0,1,1,0,1,0,0,0,0,0,0.000348
25260,,67,1,0,1,1,0,1,0,0,0,0,0,0.000348
25271,,67,1,0,1,1,0,1,0,0,0,0,0,0.000348
22371,,67,2,0,2,2,0,2,0,0,0,0,0.5,0.000534
25316,,67,1,0,1,1,0,1,0,0,0,0,0,0.000348
25485,,67,1,0,1,1,0,1,0,0,0,0,0,0.000348
25620,,67,3,0,3,3,0,3,0,0,0,0,0.166667,0.000712
25754,,67,1,0,1,1,0,1,0,0,0,0,0,0.000348
25787,,67,1,0,1,1,0,1,0,0,0,0,0,0.000348
25819,,67,1,0,1,1,0,1,0,0,0,0,0,0.000348
25952,,67,1,0,1,1,0,1,0,0,0,0,0,0.000348
25997,,67,1,0,1,1,0,1,0,0,0,0,0,0.000348
8510,,67,2,0,2,2,0,2,0,0,0,0,0.5,0.000676
26077,,67,1,0,1,1,0,1,0,0,0,0,0,0.000348
26123,,67,1,0,1,1,0,1,0,0,0,0,0,0.000348
26134,,67,1,0,1,1,0,1,0,0,0,0,0,0.000348
26155,,67,1,0,1,1,0,1,0,0,0,0,0,0.000348
26262,,67,1,0,1,1,0,1,0,0,0,0,0,0.000348
26398,,67,1,0,1,1,0,1,0,0,0,0,0,0.000348
26446,,67,1,0,1,1,0,1,0,0,0,0,0,0.000348
26450,,67,1,0,1,1,0,1,0,0,0,0,0,0.000348
26465,,67,1,0,1,1,0,1,0,0,0,0,0,0.000348
22028,,67,4,0,4,4,0,4,0,0,0,0,0,0.00095
26528,,67,1,0,1,1,0,1,0,0,0,0,0,0.000348
23607,,67,2,0,2,2,0,2,0,0,0,0,0,0.000678
26871,,67,1,0,1,1,0,1,0,0,0,0,0,0.000348
16290,,67,3,2,5,3,2,5,1,1,1,2.25,0.2,0.000685
26895,,67,1,1,2,1,1,2,1,1,1,55.110724,0,0.000348
27024,,67,1,0,1,1,0,1,0,0,0,0,0,0.000348
27160,,67,2,0,2,2,0,2,0,0,0,0,0.5,0.000516
27205,,67,1,0,1,1,0,1,0,0,0,0,0,0.000348
27232,,67,1,0,1,1,0,1,0,0,0,0,0,0.000348
27243,,67,1,1,2,1,1,2,1,1,1,25976,0,0.000348
19530,,67,2,0,2,2,0,2,0,0,0,0,0,0.000516
27391,,67,1,0,1,1,0,1,0,0,0,0,0,0.000348
25756,,67,6,1,7,6,1,7,8,0.239858,0.247713,75328.641615,0.047619,0.001697
27611,,53,2,0,2,2,0,2,0,0,0,0,0,0.000986
27682,,67,1,0,1,1,0,1,0,0,0,0,0,0.000348
27683,,67,1,0,1,1,0,1,0,0,0,0,0,0.000348
27701,,67,1,0,1,1,0,1,0,0,0,0,0,0.000348
25138,,67,2,0,2,2,0,2,0,0,0,0,0,0.000548
10350,,67,1,1,2,1,1,2,8,0.262757,0.273467,0,0.5,0.000348
27972,,67,1,1,2,1,1,2,8,0.228136,0.235525,75.055017,0,0.000348
28061,,67,1,0,1,1,0,1,0,0,0,0,0,0.000348
28095,,67,1,0,1,1,0,1,0,0,0,0,0,0.000348
28108,,67,1,0,1,1,0,1,0,0,0,0,0,0.000348
28150,,67,2,0,2,2,0,2,0,0,0,0,0.5,0.000544
12470,,67,5,59,64,5,59,64,8,0.261211,0.273622,383820.299536,0.014337,0.001181
28313,,67,1,0,1,1,0,1,0,0,0,0,0,0.000348
28341,,67,2,0,2,2,0,2,0,0,0,0,0,0.000571
18029,,22,4,0,4,4,0,4,0,0,0,0,0,0.001151
28555,,67,1,0,1,1,0,1,0,0,0,0,0,0.000348
10645,,67,3,0,3,3,0,3,0,0,0,0,0,0.000698
28750,,67,1,0,1,1,0,1,0,0,0,0,0,0.000348
28796,,67,1,0,1,1,0,1,0,0,0,0,0,0.000348
16907,,67,1,1,2,1,1,2,9,0.220326,0.226693,35.962156,0,0.000348
2829,,67,4,1,5,4,1,5,8,0.222154,0.22925,37922.94073,0,0.001012
28956,,67,1,0,1,1,0,1,0,0,0,0,0,0.000348
28964,,67,1,0,1,1,0,1,0,0,0,0,0,0.000348
28965,,67,1,0,1,1,0,1,0,0,0,0,0,0.000348
28967,,67,1,0,1,1,0,1,0,0,0,0,0,0.000348
28981,,67,1,0,1,1,0,1,0,0,0,0,0,0.000348
28982,,67,1,0,1,1,0,1,0,0,0,0,0,0.000348
29005,,67,1,0,1,1,0,1,0,0,0,0,0,0.000348
29057,,67,1,0,1,1,0,1,0,0,0,0,0,0.000348
29077,,67,1,0,1,1,0,1,0,0,0,0,0,0.000348
29251,,67,5,0,5,5,0,5,0,0,0,0,0.15,0.001038
29291,,67,1,0,1,1,0,1,0,0,0,0,0,0.000348
29329,,67,1,0,1,1,0,1,0,0,0,0,0,0.000348
16248,,67,3,0,3,3,0,3,0,0,0,0,0.333333,0.000742
29366,,67,1,0,1,1,0,1,0,0,0,0,0,0.000348
29478,,67,1,0,1,1,0,1,0,0,0,0,0,0.000348
24285,,67,4,0,4,4,0,4,0,0,0,0,0.083333,0.00088
29514,,67,2,0,2,2,0,2,0,0,0,0,0.5,0.000544
29529,,67,1,0,1,1,0,1,0,0,0,0,0,0.000348
29530,,67,1,0,1,1,0,1,0,0,0,0,0,0.000348
29532,,67,1,0,1,1,0,1,0,0,0,0,0,0.000348
29588,,67,1,0,1,1,0,1,0,0,0,0,0,0.000348
29589,,67,1,0,1,1,0,1,0,0,0,0,0,0.000348
29654,,67,1,0,1,1,0,1,0,0,0,0,0,0.000348
29664,,67,1,0,1,1,0,1,0,0,0,0,0,0.000348
26314,,67,2,0,2,2,0,2,0,0,0,0,1,0.000533
29713,,67,1,0,1,1,0,1,0,0,0,0,0,0.000348
29747,,67,1,0,1,1,0,1,0,0,0,0,0,0.000348
29923,,67,1,0,1,1,0,1,0,0,0,0,0,0.000348
29939,,67,1,0,1,1,0,1,0,0,0,0,0,0.000348
30000,,67,1,0,1,1,0,1,0,0,0,0,0,0.000348
30042,,67,1,0,1,1,0,1,0,0,0,0,0,0.000348
30096,,67,1,0,1,1,0,1,0,0,0,0,0,0.000348
30140,,67,1,0,1,1,0,1,0,0,0,0,0,0.000348
30144,,67,2,0,2,2,0,2,0,0,0,0,0.5,0.000516
30270,,67,1,0,1,1,0,1,0,0,0,0,0,0.000348
30337,,67,1,0,1,1,0,1,0,0,0,0,0,0.000348
20314,,67,2,1,3,2,1,3,9,0.193466,0.197514,20.280841,0.166667,0.000557
30457,,67,1,0,1,1,0,1,0,0,0,0,0,0.000348
30649,,67,2,0,2,2,0,2,0,0,0,0,0,0.000622
11731,,67,2,0,2,2,0,2,0,0,0,0,0,0.000516
12429,,67,2,0,2,2,0,2,0,0,0,0,0,0.000516
30812,,67,1,0,1,1,0,1,0,0,0,0,0,0.000348
30869,,67,1,0,1,1,0,1,0,0,0,0,0,0.000348
30893,,67,1,0,1,1,0,1,0,0,0,0,0,0.000348
30956,,67,1,0,1,1,0,1,0,0,0,0,0,0.000348
30966,,67,1,0,1,1,0,1,0,0,0,0,0,0.000348
31004,,67,2,0,2,2,0,2,0,0,0,0,0,0.000516
31106,,67,1,0,1,1,0,1,0,0,0,0,0,0.000348
31247,,67,1,0,1,1,0,1,0,0,0,0,0,0.000348
31297,,67,1,0,1,1,0,1,0,0,0,0,0,0.000348
31324,,67,1,0,1,1,0,1,0,0,0,0,0,0.000348
31397,,67,1,0,1,1,0,1,0,0,0,0,0,0.000348
31491,,67,1,0,1,1,0,1,0,0,0,0,0,0.000348
31519,,67,1,0,1,1,0,1,0,0,0,0,0,0.000348
31560,,67,1,0,1,1,0,1,0,0,0,0,0,0.000348
31562,,67,2,0,2,2,0,2,0,0,0,0,0,0.000516
31706,,67,1,0,1,1,0,1,0,0,0,0,0,0.000348
31719,,67,1,0,1,1,0,1,0,0,0,0,0,0.000348
31723,,67,1,0,1,1,0,1,0,0,0,0,0,0.000348
8563,,32,1,1,2,1,1,2,1,1,1,4.029404,0,0.000348
31868,,67,2,0,2,2,0,2,0,0,0,0,0.5,0.000674
31874,,67,1,0,1,1,0,1,0,0,0,0,0,0.000348
31882,,67,1,0,1,1,0,1,0,0,0,0,0,0.000348
13024,,67,2,1,3,2,1,3,11,0.152113,0.154196,26239.630892,0,0.000516
31946,,67,1,0,1,1,0,1,0,0,0,0,0,0.000348
31947,,67,1,0,1,1,0,1,0,0,0,0,0,0.000348
20840,,67,1,1,2,1,1,2,8,0.247064,0.255643,14.011528,0,0.000348
31973,,67,1,0,1,1,0,1,0,0,0,0,0,0.000348
32031,,67,1,0,1,1,0,1,0,0,0,0,0,0.000348
32032,,67,1,0,1,1,0,1,0,0,0,0,0,0.000348
32069,,67,1,0,1,1,0,1,0,0,0,0,0,0.000348
32074,,67,1,0,1,1,0,1,0,0,0,0,0,0.000348
32116,,67,1,0,1,1,0,1,0,0,0,0,0,0.000348
32140,,67,1,0,1,1,0,1,0,0,0,0,0,0.000348
32211,,67,1,0,1,1,0,1,0,0,0,0,0,0.000348
32286,,67,2,0,2,2,0,2,0,0,0,0,0.5,0.000544
32325,,67,1,0,1,1,0,1,0,0,0,0,0,0.000348
22253,,67,3,0,3,3,0,3,0,0,0,0,0,0.000685
7914,,53,3,0,3,3,0,3,0,0,0,0,0,0.001213
32362,,67,1,0,1,1,0,1,0,0,0,0,0,0.000348
32496,,67,1,0,1,1,0,1,0,0,0,0,0,0.000348
32532,,67,1,0,1,1,0,1,0,0,0,0,0,0.000348
32579,,67,1,0,1,1,0,1,0,0,0,0,0,0.000348
32614,,67,1,0,1,1,0,1,0,0,0,0,0,0.000348
32661,,67,1,0,1,1,0,1,0,0,0,0,0,0.000348
32739,,67,1,0,1,1,0,1,0,0,0,0,0,0.000348
32830,,67,1,0,1,1,0,1,0,0,0,0,0,0.000348
32832,,67,2,0,2,2,0,2,0,0,0,0,0,0.000564
6965,,67,1,2,3,1,2,3,8,0.263865,0.274781,0,0.666667,0.000348
32866,,67,1,0,1,1,0,1,0,0,0,0,0,0.000348
32904,,67,1,0,1,1,0,1,0,0,0,0,0,0.000348
32932,,67,1,0,1,1,0,1,0,0,0,0,0,0.000348
32955,,67,1,0,1,1,0,1,0,0,0,0,0,0.000348
33092,,67,1,0,1,1,0,1,0,0,0,0,0,0.000348
33184,,67,1,0,1,1,0,1,0,0,0,0,0,0.000348
26356,,67,5,0,5,5,0,5,0,0,0,0,0.25,0.001315
33222,,67,1,0,1,1,0,1,0,0,0,0,0,0.000348
15868,,67,2,0,2,2,0,2,0,0,0,0,0,0.000521
33240,,67,1,0,1,1,0,1,0,0,0,0,0,0.000348
33268,,67,1,0,1,1,0,1,0,0,0,0,0,0.000348
33509,,67,1,0,1,1,0,1,0,0,0,0,0,0.000348
28989,,67,2,0,2,2,0,2,0,0,0,0,0,0.000564
33664,,67,1,0,1,1,0,1,0,0,0,0,0,0.000348
33669,,67,1,0,1,1,0,1,0,0,0,0,0,0.000348
33680,,67,1,0,1,1,0,1,0,0,0,0,0,0.000348
33702,,67,1,0,1,1,0,1,0,0,0,0,0,0.000348
33770,,67,1,0,1,1,0,1,0,0,0,0,0,0.000348
33905,,67,1,0,1,1,0,1,0,0,0,0,0,0.000348
33919,,67,1,0,1,1,0,1,0,0,0,0,0,0.000348
33945,,67,1,0,1,1,0,1,0,0,0,0,0,0.000348
19327,,67,1,1,2,1,1,2,1,1,1,0,0.5,0.000348
26831,,67,1,1,2,1,1,2,2,0.666667,0.75,0,0.5,0.000348
34196,,67,1,0,1,1,0,1,0,0,0,0,0,0.000348
34301,,67,1,0,1,1,0,1,0,0,0,0,0,0.000348
34438,,67,1,0,1,1,0,1,0,0,0,0,0,0.000348
34451,,67,1,0,1,1,0,1,0,0,0,0,0,0.000348
34483,,67,1,0,1,1,0,1,0,0,0,0,0,0.000348
34510,,67,1,0,1,1,0,1,0,0,0,0,0,0.000348
34567,,67,1,0,1,1,0,1,0,0,0,0,0,0.000348
2057,,67,3,4,7,3,4,7,9,0.225951,0.23357,28687.236077,0.15,0.001749
34678,,67,1,0,1,1,0,1,0,0,0,0,0,0.000348
34800,,67,1,0,1,1,0,1,0,0,0,0,0,0.000348
34851,,67,1,0,1,1,0,1,0,0,0,0,0,0.000348
34893,,67,1,0,1,1,0,1,0,0,0,0,0,0.000348
27138,,67,2,0,2,2,0,2,0,0,0,0,1,0.000533
30399,,67,2,0,2,2,0,2,0,0,0,0,0,0.000516
35110,,67,1,0,1,1,0,1,0,0,0,0,0,0.000348
35161,,67,2,0,2,2,0,2,0,0,0,0,0.5,0.000544
35200,,67,1,0,1,1,0,1,0,0,0,0,0,0.000348
35215,,67,1,0,1,1,0,1,0,0,0,0,0,0.000348
35226,,67,1,0,1,1,0,1,0,0,0,0,0,0.000348
35437,,67,1,0,1,1,0,1,0,0,0,0,0,0.000348
35467,,67,1,0,1,1,0,1,0,0,0,0,0,0.000348
35481,,67,1,0,1,1,0,1,0,0,0,0,0,0.000348
6232,,67,3,1,4,3,1,4,8,0.262757,0.273467,31184.413242,0.166667,0.000691
35563,,67,1,0,1,1,0,1,0,0,0,0,0,0.000348
35603,,67,1,0,1,1,0,1,0,0,0,0,0,0.000348
35643,,67,1,0,1,1,0,1,0,0,0,0,0,0.000348
35644,,67,1,0,1,1,0,1,0,0,0,0,0,0.000348
35670,,67,1,0,1,1,0,1,0,0,0,0,0,0.000348
32269,,1,4,0,4,4,0,4,0,0,0,0,0,0.001404
35691,,67,1,0,1,1,0,1,0,0,0,0,0,0.000348
35767,,67,1,0,1,1,0,1,0,0,0,0,0,0.000348
559,,7,1,0,1,1,0,1,0,0,0,0,0,0.000342
4829,,41,12,3,15,12,3,15,8,0.245684,0.254929,190531.76489,0.032967,0.004803
5966,,16,1,2,3,1,2,3,9,0.225369,0.233432,568.710708,0,0.000342
688,,16,5,12,17,5,12,17,8,0.260994,0.271703,42026.539366,0.011029,0.001143
15654,,7,1,0,1,1,0,1,0,0,0,0,0,0.000342
15854,,7,1,0,1,1,0,1,0,0,0,0,0,0.000342
10198,,16,2,1,3,2,1,3,8,0.232986,0.241273,130.131168,0,0.000579
19063,,7,1,13,14,1,13,14,8,0.256426,0.266873,52665.157573,0.010989,0.000342
8798,,7,3,3,6,3,3,6,9,0.20942,0.215107,106.096014,0.033333,0.000715
3902,,7,10,18,28,10,18,28,8,0.275948,0.289923,63047.058345,0.081667,0.005116
4085,,7,9,11,20,9,11,20,8,0.260128,0.271139,13737.016057,0.17619,0.003965
3301,,67,27,52,79,27,52,79,8,0.261048,0.275618,444815.641675,0.04749,0.0073
1599,,1,15,19,34,15,19,34,8,0.279239,0.292978,206996.298487,0.073563,0.004978
17883,,7,4,4,8,4,4,8,9,0.229253,0.236504,26244.929093,0.035714,0.001061
19599,,7,3,0,3,3,0,3,0,0,0,0,0,0.000796
618,,7,5,6,11,5,6,11,8,0.264269,0.275457,72190.894933,0.133333,0.001846
12082,,7,6,9,15,6,9,15,8,0.274375,0.287301,89713.809447,0.141026,0.001368
5002,,1,4,4,8,4,4,8,9,0.230468,0.238197,45712.66652,0.02381,0.000916
4842,,7,6,2,8,6,2,8,9,0.210832,0.216487,19236.982967,0.166667,0.001921
31307,,7,1,0,1,1,0,1,0,0,0,0,0,0.000342
31852,,7,1,25,26,1,25,26,8,0.287021,0.302726,26306.171917,0.181538,0.000342
25238,,7,2,1,3,2,1,3,8,0.228874,0.236468,362.284427,0,0.00051
34000,,7,1,0,1,1,0,1,0,0,0,0,0,0.000342
2951,,67,16,2,18,16,2,18,9,0.222136,0.229431,57636.057318,0.158088,0.00486
7055,,67,1,2,3,1,2,3,8,0.240354,0.248419,25974,0.5,0.000493
8924,,67,1,0,1,1,0,1,0,0,0,0,0,0.000493
9200,,67,1,0,1,1,0,1,0,0,0,0,0,0.000493
10408,,67,2,0,2,2,0,2,0,0,0,0,0,0.000666
8846,,67,2,1,3,2,1,3,9,0.208628,0.214345,13.172467,0.666667,0.00082
10664,,67,4,3,7,4,3,7,8,0.240382,0.248495,38234.904652,0.166667,0.001067
9084,,67,2,2,4,2,2,4,2,0.625,0.7,77986.723945,0,0.000661
11338,,67,3,0,3,3,0,3,0,0,0,0,0,0.000834
12656,,67,3,1,4,3,1,4,9,0.20905,0.214435,215.410323,0.25,0.000885
12710,,67,1,0,1,1,0,1,0,0,0,0,0,0.000493
5652,,67,5,7,12,5,7,12,9,0.228665,0.236984,30453.894084,0.118182,0.001974
15445,,67,6,29,35,6,29,35,8,0.250566,0.263385,260441.173623,0.043561,0.001937
10571,,16,6,3,9,6,3,9,8,0.251392,0.261514,14905.577106,0.053571,0.001637
5624,,67,4,7,11,4,7,11,8,0.240843,0.249327,25443.552709,0.2,0.001722
16231,,67,15,15,30,15,15,30,9,0.22485,0.232845,74048.255262,0.167984,0.00435
13255,,67,8,5,13,8,5,13,9,0.224127,0.231726,1519.955204,0.254545,0.002914
19326,,67,1,2,3,1,2,3,8,0.24101,0.249295,0,1,0.000493
19975,,41,1,1,2,1,1,2,8,0.228354,0.235613,463.86835,0,0.000493
22355,,67,1,1,2,1,1,2,8,0.209427,0.215627,4220.132401,0,0.000493
23184,,67,2,0,2,2,0,2,0,0,0,0,1,0.000679
23211,,67,1,0,1,1,0,1,0,0,0,0,0,0.000493
23443,,67,2,0,2,2,0,2,0,0,0,0,0,0.000661
2852,,67,5,0,5,5,0,5,0,0,0,0,0.35,0.001465
23296,,67,3,9,12,3,9,12,8,0.244547,0.253846,52132.72424,0.166667,0.000834
26269,,67,1,0,1,1,0,1,0,0,0,0,0,0.000493
25669,,67,5,0,5,5,0,5,0,0,0,0,0.15,0.001226
24158,,67,2,0,2,2,0,2,0,0,0,0,1,0.000679
14273,,67,2,2,4,2,2,4,8,0.236116,0.243053,212.217442,0.25,0.000661
19739,,41,26,7,33,26,7,33,8,0.241709,0.251392,111179.515948,0.087356,0.008381
11996,,41,2,1,3,2,1,3,9,0.217823,0.224246,121.313905,0,0.000687
29963,,67,4,2,6,4,2,6,8,0.241948,0.250639,56475,0.25,0.00106
30575,,67,1,0,1,1,0,1,0,0,0,0,0,0.000493
31179,,67,1,0,1,1,0,1,0,0,0,0,0,0.000493
25937,,67,2,0,2,2,0,2,0,0,0,0,0,0.000661
31377,,67,2,0,2,2,0,2,0,0,0,0,1,0.00073
1613,,67,9,10,19,9,10,19,8,0.243879,0.253128,93707.787656,0.110294,0.002951
31378,,67,2,1,3,2,1,3,10,0.163056,0.165637,0.25,0.333333,0.000661
4108,,67,15,3,18,15,3,18,8,0.240514,0.248644,78585.893061,0.058824,0.003341
32335,,67,1,0,1,1,0,1,0,0,0,0,0,0.000493
29331,,67,3,1,4,3,1,4,8,0.240348,0.248384,0,0.666667,0.000944
26260,,67,3,5,8,3,5,8,9,0.206666,0.212587,57286.55923,0.142857,0.000829
29660,,67,2,1,3,2,1,3,9,0.194131,0.1984,1462.207614,0.166667,0.000661
33856,,67,1,0,1,1,0,1,0,0,0,0,0,0.000493
34162,,67,1,0,1,1,0,1,0,0,0,0,0,0.000493
31001,,67,4,1,5,4,1,5,9,0.194818,0.199237,18851.414067,0.4,0.001098
34581,,67,1,0,1,1,0,1,0,0,0,0,0,0.000493
34901,,67,2,0,2,2,0,2,0,0,0,0,1,0.00073
35153,,67,2,0,2,2,0,2,0,0,0,0,1,0.00073
7921,,41,8,1,9,8,1,9,1,1,1,9199.005706,0.125,0.0048
35700,,67,1,0,1,1,0,1,0,0,0,0,0,0.000493
6637,,67,8,0,8,8,0,8,0,0,0,0,0.035714,0.001835
13006,,67,1,1,2,1,1,2,10,0.179989,0.183485,25974,0,0.000327
13933,,7,3,7,10,3,7,10,8,0.267605,0.279574,1280.466816,0.375,0.00106
26746,,67,2,0,2,2,0,2,0,0,0,0,0,0.000533
3290,,67,6,12,18,6,12,18,8,0.267742,0.279761,139518.204611,0.058824,0.001198
27666,,7,1,0,1,1,0,1,0,0,0,0,0,0.000358
16405,,7,2,0,2,2,0,2,0,0,0,0,1,0.000619
565,,67,9,17,26,9,17,26,8,0.278133,0.291525,112515.739785,0.177489,0.002642
9718,,67,5,6,11,5,6,11,8,0.238494,0.246711,21507.80488,0.263889,0.001092
11896,,67,4,6,10,4,6,10,8,0.244824,0.253785,1605.561743,0.547619,0.001645
32808,,67,2,0,2,2,0,2,0,0,0,0,1,0.000749
15090,,67,4,6,10,4,6,10,8,0.252993,0.26265,4319.575076,0.138889,0.001712
13595,,67,1,2,3,1,2,3,8,0.235275,0.242268,0,1,0.000223
17100,,67,3,1,4,3,1,4,7,0.293551,0.307953,28630.500542,0.083333,0.000635
12167,,67,3,4,7,3,4,7,8,0.239395,0.249102,19266.755759,0.214286,0.000559
3959,,65,2,2,4,2,2,4,8,0.237145,0.244976,11.307354,0.5,0.000508
3167,,53,2,1,3,2,1,3,8,0.261476,0.272569,30.008955,0.166667,0.000922
14583,,7,2,0,2,2,0,2,0,0,0,0,0,0.001365
6732,,16,3,3,6,3,3,6,9,0.21496,0.221447,1238.665582,0.033333,0.001348
25248,,7,2,0,2,2,0,2,0,0,0,0,0,0.001869
28370,,7,1,0,1,1,0,1,0,0,0,0,0,0.000732
3809,,7,3,4,7,3,4,7,8,0.271479,0.284031,3989.614412,0.261905,0.00148
31355,,51,2,1,3,2,1,3,1,1,1,25976,0,0.000905
11615,,36,2,0,2,2,0,2,0,0,0,0,0,0.000873
26494,,36,2,0,2,2,0,2,0,0,0,0,1,0.000409
26988,,36,1,1,2,1,1,2,10,0.179218,0.182919,25974,0,0.000235
28485,,36,1,2,3,1,2,3,9,0.201072,0.20601,0,0.5,0.000235
572,,7,0,2,2,0,2,2,7,0.294609,0.308987,0,0.5,0
12643,,53,1,0,1,1,0,1,0,0,0,0,0,0.000201
14603,,53,1,0,1,1,0,1,0,0,0,0,0,0.000201
16585,,53,1,0,1,1,0,1,0,0,0,0,0,0.000201
10690,,7,3,6,9,3,6,9,8,0.263529,0.275131,757.474913,0.111111,0.000902
13842,,16,2,2,4,2,2,4,8,0.253232,0.263108,749.849116,0,0.000887
16196,,16,1,0,1,1,0,1,0,0,0,0,0,0.000557
6329,,16,1,2,3,1,2,3,9,0.239669,0.24843,0,0.5,0.000557
32198,,16,1,0,1,1,0,1,0,0,0,0,0,0.000557
10755,,25,1,0,1,1,0,1,0,0,0,0,0,0.000309
2187,,25,4,11,15,4,11,15,8,0.277809,0.290733,31187.018876,0.071429,0.001042
28362,,25,1,0,1,1,0,1,0,0,0,0,0,0.000309
577,,7,0,1,1,0,1,1,8,0.262756,0.273466,0,0,0
578,,7,0,29,29,0,29,29,7,0.308752,0.326179,0,0.195813,0
9626,,7,1,0,1,1,0,1,0,0,0,0,0,0.000168
7825,,7,2,16,18,2,16,18,8,0.266374,0.278262,109.964576,0.238562,0.000385
4127,,7,4,4,8,4,4,8,8,0.255559,0.265788,89.796221,0.357143,0.002123
3830,,7,9,9,18,9,9,18,8,0.256289,0.26657,4972.474728,0.111111,0.003562
3102,,36,3,2,5,3,2,5,8,0.262834,0.273596,21330.784868,0.15,0.001275
8941,,36,3,0,3,3,0,3,0,0,0,0,0.333333,0.001275
11999,,36,1,0,1,1,0,1,0,0,0,0,0,0.000263
12088,,36,6,2,8,6,2,8,8,0.226228,0.23363,24423.510287,0.142857,0.001906
17468,,36,3,0,3,3,0,3,0,0,0,0,0.333333,0.000887
7575,,7,4,3,7,4,3,7,9,0.225805,0.232332,95.298997,0.133333,0.000908
27179,,36,2,1,3,2,1,3,9,0.190763,0.195335,39.123161,0.166667,0.000529
9089,,16,4,6,10,4,6,10,8,0.230318,0.23834,128508.477444,0.178571,0.001918
1287,,7,10,56,66,10,56,66,8,0.301892,0.319555,240193.421512,0.100942,0.006669
5236,,7,4,4,8,4,4,8,8,0.244503,0.252184,45646.569966,0.053571,0.001124
7607,,7,2,0,2,2,0,2,0,0,0,0,0,0.000848
12558,,7,1,0,1,1,0,1,0,0,0,0,0,0.000518
8226,,36,2,0,2,2,0,2,0,0,0,0,0,0.001535
8040,,7,11,18,29,11,18,29,8,0.276645,0.290217,67275.976795,0.213439,0.009103
583,,36,0,3,3,0,3,3,9,0.223194,0.230322,0,0.166667,0
584,,36,1,0,1,1,0,1,0,0,0,0,0,0.000168
585,,16,0,1,1,0,1,1,8,0.23897,0.247046,0,0,0
587,,36,7,0,7,7,0,7,0,0,0,0,0.02381,0.00206
2479,,36,5,1,6,5,1,6,9,0.218305,0.224888,18825,0.35,0.002441
9152,,36,1,0,1,1,0,1,0,0,0,0,0,0.000864
10118,,36,1,3,4,1,3,4,8,0.228729,0.235892,459.108478,0.5,0.000864
31977,,36,1,0,1,1,0,1,0,0,0,0,0,0.000864
588,,7,0,1,1,0,1,1,8,0.262756,0.273466,0,0,0
6373,,7,1,0,1,1,0,1,0,0,0,0,0,0.00041
11838,,7,1,0,1,1,0,1,0,0,0,0,0,0.00041
11366,,36,5,0,5,5,0,5,0,0,0,0,0,0.001627
7124,,7,3,5,8,3,5,8,9,0.221657,0.229013,27912.843486,0.119048,0.002373
17194,,7,1,0,1,1,0,1,0,0,0,0,0,0.000364
9134,,7,2,3,5,2,3,5,8,0.242591,0.251196,35.860165,0.2,0.000697
12865,,7,3,16,19,3,16,19,7,0.2968,0.311846,22712.633137,0.143791,0.001991
20723,,7,2,3,5,2,3,5,8,0.243337,0.252413,12.856565,0.65,0.000785
23970,,7,5,5,10,5,5,10,8,0.247525,0.256745,384.088015,0.433333,0.002499
18802,,7,1,1,2,1,1,2,9,0.222062,0.229007,0,0,0.000445
15162,,12,1,2,3,1,2,3,10,0.164907,0.168096,15.440866,0.166667,0.000445
16489,,7,2,1,3,2,1,3,9,0.222062,0.229007,0,1,0.001203
593,,7,0,15,15,0,15,15,7,0.301906,0.317876,0,0.190476,0
3977,,12,1,4,5,1,4,5,8,0.24791,0.258105,56.65318,0,0.000168
15463,,7,1,0,1,1,0,1,0,0,0,0,0,0.000168
16134,,7,3,2,5,3,2,5,8,0.263784,0.274254,2348.817511,0.2,0.004276
15329,,7,1,1,2,1,1,2,10,0.179797,0.183105,0,0,0.000666
2648,,7,1,4,5,1,4,5,9,0.215248,0.221315,1.195497,0.25,0.00087
4825,,7,5,4,9,5,4,9,8,0.221686,0.228936,1223.497741,0.097222,0.00275
25123,,7,1,0,1,1,0,1,0,0,0,0,0,0.00087
20806,,41,1,4,5,1,4,5,9,0.23013,0.238161,172.754126,0.25,0.00087
2737,,14,3,0,3,3,0,3,0,0,0,0,0.666667,0.00119
6549,,14,3,4,7,3,4,7,8,0.258666,0.269107,59012.48614,0.047619,0.000832
598,,16,0,1,1,0,1,1,9,0.215262,0.221613,0,0,0
599,,7,2,51,53,2,51,53,8,0.302557,0.320955,169979.781583,0.103922,0.000732
7080,,7,2,15,17,2,15,17,8,0.291532,0.30578,33514.111402,0.172794,0.00035
8598,,7,1,1,2,1,1,2,9,0.235163,0.243058,0,1,0.000182
11266,,7,1,0,1,1,0,1,0,0,0,0,0,0.000182
8766,,7,5,5,10,5,5,10,9,0.240877,0.2494,3948.301025,0.125,0.002103
12043,,7,7,6,13,7,6,13,8,0.266009,0.277146,2490.019324,0.333333,0.002802
14107,,7,1,0,1,1,0,1,0,0,0,0,0,0.000182
12581,,16,2,4,6,2,4,6,8,0.251843,0.261094,146.426713,0.133333,0.000728
10319,,7,2,3,5,2,3,5,9,0.238557,0.24673,60.499702,0.166667,0.000728
29696,,7,1,0,1,1,0,1,0,0,0,0,0,0.000182
23741,,7,2,3,5,2,3,5,8,0.240739,0.24962,10919.968633,0,0.00115
9645,,1,2,1,3,2,1,3,9,0.23516,0.243049,0,0.5,0.000729
12475,,7,6,6,12,6,6,12,9,0.243813,0.253056,28008.665756,0.5,0.002008
12476,,7,4,4,8,4,4,8,9,0.240976,0.249279,0,1,0.001232
1866,,7,14,24,38,14,24,38,8,0.294359,0.309746,69081.866847,0.131183,0.004994
20519,,7,1,0,1,1,0,1,0,0,0,0,0,0.000546
4245,,7,12,14,26,12,14,26,8,0.276812,0.290754,130457.655184,0.083333,0.004651
8124,,53,71,36,107,71,36,107,8,0.282524,0.29784,2075318.398669,0.007968,0.01345
4282,,7,3,11,14,3,11,14,8,0.270769,0.283716,20757.815544,0.166667,0.001331
14205,,7,1,1,2,1,1,2,9,0.23516,0.243049,0,0,0.000546
601,,16,0,2,2,0,2,2,9,0.229025,0.237262,0,1,0
2755,,16,2,0,2,2,0,2,0,0,0,0,1,0.00094
4291,,16,3,7,10,3,7,10,8,0.248863,0.259264,1586.190893,0.214286,0.001479
5419,,16,2,1,3,2,1,3,9,0.223292,0.230461,155.088829,0.166667,0.000969
4071,,16,2,1,3,2,1,3,10,0.181866,0.185801,44799,0.166667,0.000916
11125,,16,4,8,12,4,8,12,8,0.239313,0.249188,17033.741578,0.155556,0.001801
19094,,16,1,1,2,1,1,2,10,0.179157,0.182315,10.297157,0,0.000748
25378,,16,1,3,4,1,3,4,8,0.24514,0.255349,0,0.833333,0.000748
18250,,16,12,10,22,12,10,22,8,0.247366,0.258368,153643.531627,0.089474,0.005052
6916,,52,2,0,2,2,0,2,0,0,0,0,0,0.001125
20198,,1,3,0,3,3,0,3,0,0,0,0,0,0.000743
7376,,1,1,0,1,1,0,1,0,0,0,0,0,0.000697
9425,,1,1,0,1,1,0,1,0,0,0,0,0,0.000697
12861,,7,3,0,3,3,0,3,0,0,0,0,0.166667,0.000988
2802,,7,2,0,2,2,0,2,0,0,0,0,0.5,0.001138
608,,41,4,5,9,4,5,9,9,0.232925,0.240892,85677.635368,0.02381,0.000687
609,,41,2,0,2,2,0,2,0,0,0,0,0,0.000688
4307,,41,1,1,2,1,1,2,10,0.188923,0.19306,0,0,0.000187
6396,,41,1,1,2,1,1,2,10,0.161616,0.164112,24.148723,0.5,0.000187
4843,,41,1,1,2,1,1,2,10,0.188923,0.19306,0,0,0.000187
610,,7,0,2,2,0,2,2,8,0.262903,0.273618,0,0,0
2774,,7,2,1,3,2,1,3,9,0.23219,0.24005,374.353363,0.166667,0.00248
5256,,1,2,1,3,2,1,3,9,0.218083,0.224443,80.577539,0,0.002297
32798,,7,1,0,1,1,0,1,0,0,0,0,0,0.000496
14146,,67,2,0,2,2,0,2,0,0,0,0,0,0.000664
613,,7,0,1,1,0,1,1,8,0.252153,0.261614,0,0,0
614,,16,1,1,2,1,1,2,9,0.215361,0.221704,0,0,0.000401
1263,,16,5,0,5,5,0,5,0,0,0,0,0.35,0.001262
16819,,16,1,3,4,1,3,4,9,0.231745,0.240602,0,0.666667,0.000401
4892,,16,2,4,6,2,4,6,8,0.248001,0.258835,662.155542,0.3,0.000644
27010,,16,3,0,3,3,0,3,0,0,0,0,0.666667,0.000899
34978,,16,1,0,1,1,0,1,0,0,0,0,0,0.000401
12863,,12,15,7,22,15,7,22,9,0.239334,0.247926,316926.151596,0.102941,0.007241
12891,,12,4,9,13,4,9,13,9,0.239079,0.247683,60040.361582,0.090909,0.002147
3031,,7,1,0,1,1,0,1,0,0,0,0,0,0.000202
4045,,7,2,6,8,2,6,8,8,0.265713,0.277266,19134.339441,0.142857,0.00037
1042,,16,2,0,2,2,0,2,0,0,0,0,0,0.0018
5246,,16,2,0,2,2,0,2,0,0,0,0,1,0.000469
7665,,16,1,3,4,1,3,4,8,0.236018,0.244638,374.064814,0.166667,0.000295
9561,,16,2,0,2,2,0,2,0,0,0,0,1,0.000529
21490,,16,1,0,1,1,0,1,0,0,0,0,0,0.000295
21572,,16,1,1,2,1,1,2,9,0.201768,0.206833,0,0,0.000295
24594,,16,1,0,1,1,0,1,0,0,0,0,0,0.000295
13577,,16,2,3,5,2,3,5,8,0.261985,0.273286,2931.788599,0.083333,0.000641
14172,,41,2,2,4,2,2,4,8,0.252647,0.262633,537.654325,0.666667,0.001241
32057,,41,1,0,1,1,0,1,0,0,0,0,0,0.000301
7738,,7,1,4,5,1,4,5,8,0.221428,0.228127,82.436161,0.05,0.000301
19849,,36,1,0,1,1,0,1,0,0,0,0,0,0.000497
5786,,36,2,3,5,2,3,5,9,0.21882,0.225411,103922.067521,0.166667,0.001237
6419,,36,4,3,7,4,3,7,8,0.262937,0.273736,19691.02076,0.119048,0.001206
623,,7,3,11,14,3,11,14,8,0.274399,0.28789,881.261108,0.17033,0.001463
4469,,16,2,0,2,2,0,2,0,0,0,0,0,0.001732
7810,,16,4,1,5,4,1,5,9,0.225523,0.232474,181.916406,0.1,0.003742
805,,16,3,11,14,3,11,14,8,0.277657,0.291189,1535.892752,0.208791,0.001343
9093,,16,5,13,18,5,13,18,8,0.269513,0.280951,46601.156762,0.083333,0.002353
30040,,16,1,0,1,1,0,1,0,0,0,0,0,0.000882
22091,,16,4,9,13,4,9,13,8,0.27332,0.285802,56252.006001,0.090909,0.002588
19085,,7,2,2,4,2,2,4,1,1,1,32.780965,0,0.002479
625,,16,1,0,1,1,0,1,0,0,0,0,0,0.000271
1441,,16,1,1,2,1,1,2,10,0.178135,0.181804,0,0,0.000271
2628,,16,6,3,9,6,3,9,8,0.251332,0.262132,53206.509405,0.166667,0.002052
13534,,16,1,1,2,1,1,2,10,0.178135,0.181804,0,0,0.000271
18619,,16,3,5,8,3,5,8,9,0.216597,0.223178,96746,0.190476,0.001097
33030,,16,1,0,1,1,0,1,0,0,0,0,0,0.000271
17945,,65,14,18,32,14,18,32,9,0.209929,0.216403,332207.4207,0.058462,0.002978
11123,,16,1,0,1,1,0,1,0,0,0,0,0,0.000188
4073,,16,1,4,5,1,4,5,8,0.227954,0.235669,183.652044,0,0.000384
27183,,16,2,0,2,2,0,2,0,0,0,0,1,0.000997
33545,,16,3,0,3,3,0,3,0,0,0,0,0,0.000896
22429,,16,2,3,5,2,3,5,8,0.247991,0.258811,727.654566,0.15,0.000589
628,,7,0,1,1,0,1,1,10,0.176584,0.179945,0,0,0
10479,,41,4,0,4,4,0,4,0,0,0,0,0.5,0.000753
10478,,41,3,1,4,3,1,4,1,1,1,0,0.5,0.00057
16519,,41,5,2,7,5,2,7,9,0.21678,0.223279,197.526908,0,0.000945
632,,12,1,3,4,1,3,4,8,0.262438,0.273863,18890.849811,0.166667,0.000217
633,,16,2,3,5,2,3,5,9,0.215788,0.222044,282.537382,0.333333,0.000566
4126,,16,4,2,6,4,2,6,9,0.213971,0.220014,128.707355,0.166667,0.000908
9787,,16,2,4,6,2,4,6,8,0.239483,0.248573,3760.249314,0.05,0.001426
11561,,16,1,1,2,1,1,2,1,1,1,25976,0,0.000377
6287,,7,5,10,15,5,10,15,8,0.284514,0.298151,82208.89081,0.128205,0.001426
12547,,7,2,0,2,2,0,2,0,0,0,0,1,0.000412
636,,7,0,7,7,0,7,7,9,0.23278,0.241292,0,0.095238,0
8557,,7,1,0,1,1,0,1,0,0,0,0,0,0.000309
20309,,65,2,0,2,2,0,2,0,0,0,0,0,0.000482
681,,16,11,15,26,11,15,26,8,0.253388,0.264324,187981.878248,0.060606,0.004123
6360,,16,3,6,9,3,6,9,8,0.24757,0.257596,347.293668,0.4,0.001659
6741,,16,3,1,4,3,1,4,1,1,1,25977,0,0.001603
6755,,16,2,0,2,2,0,2,0,0,0,0,0,0.001812
6980,,16,1,0,1,1,0,1,0,0,0,0,0,0.001261
7547,,16,1,2,3,1,2,3,8,0.237381,0.246892,25975,0.333333,0.001261
8194,,16,1,0,1,1,0,1,0,0,0,0,0,0.001261
5918,,16,5,5,10,5,5,10,8,0.24463,0.254124,19683.741642,0.466667,0.002185
7731,,16,4,10,14,4,10,14,8,0.250176,0.260283,31403.871486,0.177778,0.002012
3884,,16,10,12,22,10,12,22,8,0.245812,0.25571,76559.158907,0.126374,0.003672
7082,,16,3,2,5,3,2,5,9,0.22059,0.227247,1047.695029,0.1,0.002311
10775,,16,5,4,9,5,4,9,9,0.236042,0.244548,27804.022095,0.142857,0.002953
5243,,16,2,5,7,2,5,7,8,0.245447,0.25506,27092.440439,0.066667,0.001712
12059,,16,1,0,1,1,0,1,0,0,0,0,0,0.001261
12518,,16,3,4,7,3,4,7,8,0.24418,0.253473,27430.004129,0.033333,0.001846
12688,,16,1,0,1,1,0,1,0,0,0,0,0,0.001261
13160,,16,3,1,4,3,1,4,9,0.228526,0.235985,244.085354,0.333333,0.002854
12372,,16,1,2,3,1,2,3,9,0.216232,0.222601,0,0.666667,0.001261
13746,,16,1,0,1,1,0,1,0,0,0,0,0,0.001261
13811,,16,1,0,1,1,0,1,0,0,0,0,0,0.001261
13989,,16,1,0,1,1,0,1,0,0,0,0,0,0.001261
14912,,16,2,0,2,2,0,2,0,0,0,0,1,0.001652
7102,,16,2,2,4,2,2,4,9,0.229309,0.236707,64.766726,0.416667,0.001797
12747,,53,1,2,3,1,2,3,8,0.245466,0.25507,0,1,0.001261
5946,,7,6,10,16,6,10,16,8,0.280604,0.294812,29567.834251,0.241758,0.004163
16441,,16,1,0,1,1,0,1,0,0,0,0,0,0.001261
16467,,16,1,0,1,1,0,1,0,0,0,0,0,0.001261
10061,,16,2,1,3,2,1,3,10,0.164188,0.166897,25979.783137,0.333333,0.001797
17492,,16,1,1,2,1,1,2,9,0.199555,0.204555,52553.08334,0.5,0.001261
5219,,16,4,6,10,4,6,10,8,0.253911,0.264334,1638.585797,0.238095,0.002093
15761,,16,1,3,4,1,3,4,9,0.228907,0.23623,25974,0.25,0.001261
19414,,16,1,2,3,1,2,3,8,0.248331,0.25723,396.436009,0.166667,0.001261
19828,,16,1,0,1,1,0,1,0,0,0,0,0,0.001261
20574,,16,1,0,1,1,0,1,0,0,0,0,0,0.001261
21082,,16,1,0,1,1,0,1,0,0,0,0,0,0.001261
9496,,16,4,7,11,4,7,11,8,0.258574,0.269261,53996.821014,0.194444,0.003371
21694,,16,1,0,1,1,0,1,0,0,0,0,0,0.001261
6261,,16,6,5,11,6,5,11,8,0.253692,0.264327,66284.537537,0.081818,0.002627
22040,,16,2,0,2,2,0,2,0,0,0,0,1,0.001797
4978,,16,4,3,7,4,3,7,8,0.233226,0.241641,18847.146064,0.3,0.002991
22234,,16,1,1,2,1,1,2,1,1,1,0,0.5,0.001261
2280,,16,10,13,23,10,13,23,8,0.248521,0.259094,111198.519851,0.052381,0.003469
885,,16,1,3,4,1,3,4,8,0.244595,0.253961,0,0.666667,0.001261
21987,,16,2,1,3,2,1,3,1,1,1,25976,0,0.001529
3850,,16,6,6,12,6,6,12,8,0.249483,0.259509,22069.296772,0.133333,0.003371
22141,,16,2,2,4,2,2,4,9,0.226797,0.234363,685.602934,0.166667,0.001529
7433,,16,1,1,2,1,1,2,8,0.222996,0.22987,92.888043,0,0.001261
24809,,16,3,3,6,3,3,6,8,0.244411,0.253725,0,1,0.001659
25217,,16,1,2,3,1,2,3,8,0.247388,0.257366,0,1,0.001261
24952,,16,2,3,5,2,3,5,9,0.21342,0.219846,34.150934,0.583333,0.001658
9924,,16,3,7,10,3,7,10,8,0.244532,0.254002,721.006001,0.160714,0.002037
28034,,16,1,0,1,1,0,1,0,0,0,0,0,0.001261
14695,,16,3,1,4,3,1,4,9,0.213452,0.219649,282.723365,0.25,0.001721
28171,,16,1,0,1,1,0,1,0,0,0,0,0,0.001261
28930,,16,1,0,1,1,0,1,0,0,0,0,0,0.001261
1971,,16,3,2,5,3,2,5,8,0.247343,0.256889,5696.453252,0.166667,0.001598
26979,,16,2,1,3,2,1,3,9,0.207483,0.213226,100.020561,0.5,0.001812
30060,,16,2,0,2,2,0,2,0,0,0,0,1,0.002381
25821,,16,2,1,3,2,1,3,8,0.238966,0.247042,0,0.666667,0.001814
6885,,7,3,12,15,3,12,15,8,0.259841,0.270731,13267.10485,0.134615,0.002034
30911,,16,2,2,4,2,2,4,8,0.245847,0.254924,0,1,0.001521
1593,,7,6,10,16,6,10,16,8,0.279666,0.292454,35167.149274,0.133333,0.003028
24056,,16,2,2,4,2,2,4,9,0.231736,0.239863,27916.850341,0,0.00143
3755,,16,6,9,15,6,9,15,8,0.26086,0.271645,41342.632529,0.128205,0.003335
33255,,16,1,0,1,1,0,1,0,0,0,0,0,0.001261
12928,,16,2,0,2,2,0,2,0,0,0,0,0,0.001487
17713,,53,4,1,5,4,1,5,9,0.208089,0.213255,18870.658473,0.05,0.001965
4890,,7,1,1,2,1,1,2,9,0.200066,0.204368,0,0.5,0.002273
15930,,7,1,1,2,1,1,2,8,0.244449,0.252818,102.789263,0.5,0.002273
5270,,7,4,4,8,4,4,8,8,0.256342,0.266754,19590.560517,0.142857,0.003202
17782,,7,3,0,3,3,0,3,0,0,0,0,0,0.004665
8298,,7,2,3,5,2,3,5,8,0.252045,0.261986,23.205122,0.833333,0.003251
22610,,7,1,3,4,1,3,4,8,0.251141,0.261011,26196.982799,0.166667,0.002273
5838,,7,2,4,6,2,4,6,8,0.275109,0.288131,242.558954,0.5,0.002631
28575,,7,1,0,1,1,0,1,0,0,0,0,0,0.002273
30622,,7,1,1,2,1,1,2,8,0.237615,0.245052,0,0,0.002273
35425,,7,1,1,2,1,1,2,8,0.237615,0.245052,0,0,0.002273
5913,,7,7,8,15,7,8,15,8,0.26086,0.272645,70155.160923,0.141026,0.003742
10624,,7,1,0,1,1,0,1,0,0,0,0,0,0.001607
5053,,7,9,8,17,9,8,17,8,0.271962,0.283696,99035.806705,0.085714,0.004853
12523,,53,4,1,5,4,1,5,10,0.185696,0.189722,38.180568,0.05,0.002336
5879,,53,3,3,6,3,3,6,9,0.228031,0.235616,30584.011976,0.033333,0.002111
24349,,7,1,0,1,1,0,1,0,0,0,0,0,0.001607
1358,,53,17,14,31,17,14,31,8,0.266212,0.277987,177350.898937,0.092593,0.007152
26953,,7,1,0,1,1,0,1,0,0,0,0,0,0.001607
17625,,7,2,0,2,2,0,2,0,0,0,0,0.5,0.001974
645,,67,0,3,3,0,3,3,8,0.240896,0.249126,0,0.666667,0
646,,67,9,25,34,9,25,34,8,0.263139,0.276257,142553.505686,0.043347,0.001809
10554,,67,1,0,1,1,0,1,0,0,0,0,0,0.000214
19675,,67,2,0,2,2,0,2,0,0,0,0,0,0.00044
24824,,67,2,1,3,2,1,3,9,0.217909,0.224126,109.076361,0,0.000534
2604,,67,2,2,4,2,2,4,9,0.229838,0.23764,96.557628,0.416667,0.00054
32054,,67,1,0,1,1,0,1,0,0,0,0,0,0.000214
647,,67,1,1,2,1,1,2,9,0.208328,0.214467,82.131647,0,0.000195
26427,,7,8,6,14,8,6,14,8,0.251469,0.261309,45314.579136,0.063636,0.002775
2129,,7,3,6,9,3,6,9,8,0.264047,0.275541,533.600687,0.303571,0.001347
9711,,7,1,0,1,1,0,1,0,0,0,0,0,0.000902
1997,,7,11,15,26,11,15,26,8,0.261048,0.273024,38441.429555,0.178571,0.006733
19690,,7,2,3,5,2,3,5,8,0.239773,0.247995,6082.791543,0,0.00149
7186,,7,4,6,10,4,6,10,8,0.252895,0.263694,20033.822722,0.089286,0.002985
22447,,7,1,1,2,1,1,2,8,0.236243,0.244459,0,0,0.000902
23489,,7,3,0,3,3,0,3,0,0,0,0,0,0.001784
21836,,7,2,1,3,2,1,3,8,0.236243,0.244459,0,0.5,0.002119
3926,,7,4,7,11,4,7,11,8,0.248217,0.258075,2395.395822,0.144444,0.002678
4952,,7,2,11,13,2,11,13,8,0.277306,0.290852,139.24843,0.418182,0.001794
30063,,7,1,0,1,1,0,1,0,0,0,0,0,0.000902
3358,,7,5,8,13,5,8,13,8,0.266193,0.277659,54055.582411,0.070513,0.001887
11383,,7,5,2,7,5,2,7,8,0.241238,0.249503,10798.466005,0,0.002592
4514,,7,3,2,5,3,2,5,8,0.243161,0.252458,197.677006,0.2,0.001517
11118,,16,2,0,2,2,0,2,0,0,0,0,1,0.000662
653,,41,1,11,12,1,11,12,8,0.254381,0.264532,52257.249068,0,0.000183
654,,16,3,4,7,3,4,7,8,0.27258,0.284236,106156.230987,0,0.000579
6411,,41,5,0,5,5,0,5,0,0,0,0,0,0.000857
13097,,41,1,0,1,1,0,1,0,0,0,0,0,0.000173
15919,,41,3,0,3,3,0,3,0,0,0,0,0,0.000647
16674,,41,2,2,4,2,2,4,8,0.221981,0.228919,226.477697,0,0.00038
18777,,41,4,0,4,4,0,4,0,0,0,0,0,0.001677
21537,,41,1,0,1,1,0,1,0,0,0,0,0,0.000173
7629,,16,1,0,1,1,0,1,0,0,0,0,0,0.000183
655,,7,4,3,7,4,3,7,9,0.223581,0.231089,77.088871,0.2,0.002656
6112,,7,1,0,1,1,0,1,0,0,0,0,0,0.001246
9208,,7,1,1,2,1,1,2,9,0.223041,0.230384,0,0,0.001246
10032,,7,1,0,1,1,0,1,0,0,0,0,0,0.001246
14082,,7,1,1,2,1,1,2,10,0.182809,0.186782,0,1,0.001246
16055,,7,1,0,1,1,0,1,0,0,0,0,0,0.001246
21217,,7,2,2,4,2,2,4,9,0.223052,0.230428,1.022222,0.666667,0.001438
11313,,7,2,4,6,2,4,6,8,0.264295,0.275788,26160.337023,0.133333,0.001465
8444,,7,2,3,5,2,3,5,8,0.263017,0.274385,18869.053274,0.333333,0.001477
16293,,41,2,2,4,2,2,4,9,0.216667,0.223555,26013.966218,0.333333,0.00194
16126,,7,2,2,4,2,2,4,9,0.220306,0.226678,65.938949,0.5,0.00194
34111,,7,4,0,4,4,0,4,0,0,0,0,0.666667,0.004203
19095,,7,2,4,6,2,4,6,9,0.226666,0.234551,162.853782,0.4,0.00194
11729,,16,3,0,3,3,0,3,0,0,0,0,0,0.002324
3511,,7,1,2,3,1,2,3,8,0.262431,0.272477,0,1,0.001547
15448,,7,1,0,1,1,0,1,0,0,0,0,0,0.001547
15580,,41,8,13,21,8,13,21,8,0.256544,0.267231,125764.387613,0.042484,0.004824
15187,,41,3,0,3,3,0,3,0,0,0,0,0.166667,0.002094
22054,,7,1,0,1,1,0,1,0,0,0,0,0,0.001547
7365,,41,4,0,4,4,0,4,0,0,0,0,0,0.002624
12533,,7,5,279,284,5,279,284,7,0.336557,0.363509,1361677.239416,0.029214,0.003249
27562,,7,4,2,6,4,2,6,8,0.25673,0.267197,134.682818,0.5,0.004859
32915,,7,1,0,1,1,0,1,0,0,0,0,0,0.001547
33175,,7,1,0,1,1,0,1,0,0,0,0,0,0.001547
34939,,16,3,2,5,3,2,5,9,0.216095,0.222503,44880.858444,0.1,0.002871
658,,7,2,7,9,2,7,9,8,0.264154,0.275489,54.061821,0.107143,0.000382
2665,,7,3,3,6,3,3,6,8,0.263393,0.274648,6682.985215,0.15,0.000693
4493,,1,1,2,3,1,2,3,8,0.231258,0.239413,0,1,0.000245
13736,,1,2,3,5,2,3,5,9,0.220424,0.227085,437.979146,0.05,0.000884
2957,,16,18,38,56,18,38,56,8,0.280199,0.294879,350598.832979,0.108696,0.010807
8361,,1,1,0,1,1,0,1,0,0,0,0,0,0.001801
17990,,1,1,0,1,1,0,1,0,0,0,0,0,0.001801
2065,,1,15,11,26,15,11,26,8,0.24048,0.249244,60243.72819,0.118421,0.008867
8570,,7,1,3,4,1,3,4,8,0.244249,0.253036,25997.152005,0.25,0.000202
664,,7,1,0,1,1,0,1,0,0,0,0,0,0.000193
7219,,7,1,0,1,1,0,1,0,0,0,0,0,0.000193
7220,,7,1,0,1,1,0,1,0,0,0,0,0,0.000193
5378,,7,1,1,2,1,1,2,9,0.214759,0.220703,0,0,0.001864
5855,,7,1,1,2,1,1,2,9,0.214759,0.220703,0,0,0.001864
2949,,7,3,2,5,3,2,5,9,0.217074,0.223219,18827.230577,0.333333,0.002303
11143,,7,1,1,2,1,1,2,9,0.2265,0.233194,0,0,0.000455
18409,,7,1,0,1,1,0,1,0,0,0,0,0,0.000455
25142,,7,1,1,2,1,1,2,9,0.2265,0.233194,0,0,0.000455
7911,,53,5,11,16,5,11,16,8,0.262834,0.274561,46040.012433,0.071429,0.001909
8701,,53,2,2,4,2,2,4,9,0.214695,0.220846,26034.772696,0,0.0006
30511,,7,2,0,2,2,0,2,0,0,0,0,0,0.000904
33086,,7,1,0,1,1,0,1,0,0,0,0,0,0.000584
1055,,41,5,2,7,5,2,7,8,0.256255,0.265701,57272.89625,0.1,0.00113
977,,16,9,13,22,9,13,22,8,0.262643,0.274997,85682.889959,0.091503,0.003592
2446,,41,1,0,1,1,0,1,0,0,0,0,0,0.000426
5753,,41,1,0,1,1,0,1,0,0,0,0,0,0.000426
7881,,41,1,0,1,1,0,1,0,0,0,0,0,0.000426
9417,,41,2,0,2,2,0,2,0,0,0,0,1,0.000618
7230,,7,4,23,27,4,23,27,8,0.283763,0.298385,95297.096391,0.085145,0.000998
9656,,41,1,0,1,1,0,1,0,0,0,0,0,0.000426
8539,,41,2,1,3,2,1,3,8,0.242294,0.25066,0,1,0.000616
10396,,41,1,1,2,1,1,2,8,0.232022,0.239649,0,1,0.000426
10922,,41,3,3,6,3,3,6,8,0.234501,0.242355,1283.555695,0.333333,0.000816
9139,,41,1,3,4,1,3,4,8,0.235841,0.243388,26165.697836,0.166667,0.000426
12193,,16,2,4,6,2,4,6,8,0.265938,0.276927,10174.032185,0.2,0.000612
13841,,41,1,1,2,1,1,2,8,0.242294,0.25066,0,0,0.000426
15203,,41,2,0,2,2,0,2,0,0,0,0,1,0.000618
15967,,41,1,0,1,1,0,1,0,0,0,0,0,0.000426
16806,,41,1,1,2,1,1,2,9,0.203987,0.208635,0,1,0.000426
3009,,41,2,2,4,2,2,4,8,0.246265,0.255272,18826,0.333333,0.000594
18501,,7,2,4,6,2,4,6,9,0.227562,0.23498,26250.102461,0.066667,0.001042
9617,,41,1,1,2,1,1,2,8,0.232022,0.239649,0,1,0.000426
30668,,41,1,0,1,1,0,1,0,0,0,0,0,0.000426
14620,,36,3,3,6,3,3,6,9,0.216197,0.222723,2007.763267,0.066667,0.000898
3144,,16,3,5,8,3,5,8,8,0.245789,0.255546,48425.221548,0.238095,0.000691
5765,,16,5,7,12,5,7,12,8,0.246111,0.255067,43344.43926,0.007576,0.002237
673,,16,0,1,1,0,1,1,9,0.231783,0.240091,0,0,0
1309,,14,2,2,4,2,2,4,8,0.238123,0.24614,289.276378,0.166667,0.000868
20867,,16,1,0,1,1,0,1,0,0,0,0,0,0.000516
11809,,32,3,1,4,3,1,4,9,0.213505,0.219541,190.737389,0.333333,0.001028
20948,,16,4,4,8,4,4,8,9,0.227535,0.235785,1118.600181,0.3,0.001578
23271,,16,5,4,9,5,4,9,9,0.225148,0.232715,17562.82853,0.214286,0.0018
10826,,16,1,2,3,1,2,3,9,0.217363,0.224028,25975,0.333333,0.000516
3879,,36,4,3,7,4,3,7,8,0.231096,0.239281,75611.906153,0.2,0.001152
4372,,41,6,2,8,6,2,8,9,0.226239,0.233089,26107.092664,0.095238,0.001999
16689,,7,4,3,7,4,3,7,8,0.244043,0.25318,4574.17645,0.095238,0.001804
29113,,16,1,0,1,1,0,1,0,0,0,0,0,0.000516
14995,,16,2,1,3,2,1,3,8,0.227101,0.234288,0,0.666667,0.000754
11714,,7,2,8,10,2,8,10,8,0.238201,0.247881,395.265587,0.277778,0.000717
33411,,53,2,0,2,2,0,2,0,0,0,0,0.5,0.001154
1827,,16,3,2,5,3,2,5,8,0.234756,0.243096,78.850239,0.333333,0.001599
19201,,7,1,0,1,1,0,1,0,0,0,0,0,0.000272
19595,,7,2,5,7,2,5,7,8,0.270182,0.282483,27529.08526,0.285714,0.000592
16506,,39,1,4,5,1,4,5,8,0.246847,0.256226,456.310831,0,0.000272
31818,,16,1,1,2,1,1,2,9,0.217358,0.223993,0,0.5,0.000272
676,,1,1,1,2,1,1,2,9,0.202474,0.207985,195.312601,0,0.000204
2413,,1,2,1,3,2,1,3,9,0.222601,0.23004,0,0.5,0.000665
33868,,1,4,0,4,4,0,4,0,0,0,0,1,0.002136
18886,,7,1,0,1,1,0,1,0,0,0,0,0,0.000527
18372,,7,1,2,3,1,2,3,9,0.223807,0.230726,25974,0.5,0.000527
20085,,7,1,0,1,1,0,1,0,0,0,0,0,0.000527
21088,,7,2,2,4,2,2,4,9,0.223664,0.230808,0,0.666667,0.001201
22575,,7,2,0,2,2,0,2,0,0,0,0,0,0.001822
2759,,7,3,6,9,3,6,9,8,0.270271,0.282753,2171.225453,0.404762,0.001086
10609,,16,3,4,7,3,4,7,8,0.244541,0.253856,39.254293,0.4,0.000888
9564,,16,1,4,5,1,4,5,8,0.237768,0.247437,26471.134515,0.2,0.000244
20324,,16,1,0,1,1,0,1,0,0,0,0,0,0.000244
20964,,16,1,1,2,1,1,2,9,0.202165,0.207447,0,0,0.000244
21678,,16,1,1,2,1,1,2,9,0.202165,0.207447,0,0,0.000244
11091,,16,2,2,4,2,2,4,9,0.22445,0.231847,320.049078,0.333333,0.001846
12042,,16,1,0,1,1,0,1,0,0,0,0,0,0.001366
6868,,16,5,12,17,5,12,17,9,0.224493,0.232166,124856.545299,0.108974,0.002124
12821,,16,1,0,1,1,0,1,0,0,0,0,0,0.001366
7985,,16,3,2,5,3,2,5,9,0.22445,0.231847,2.966779,0.666667,0.001797
14768,,16,3,7,10,3,7,10,8,0.249725,0.258981,32877.131832,0.125,0.002071
15768,,16,2,3,5,2,3,5,9,0.225183,0.232788,33.81303,0.75,0.001571
22983,,16,1,1,2,1,1,2,9,0.224448,0.231821,0,0,0.001366
12280,,16,1,1,2,1,1,2,9,0.224448,0.231821,0,0,0.001366
23915,,16,1,0,1,1,0,1,0,0,0,0,0,0.001366
18166,,16,3,1,4,3,1,4,9,0.224448,0.231821,0,1,0.001809
24440,,16,1,0,1,1,0,1,0,0,0,0,0,0.001366
23027,,16,2,1,3,2,1,3,9,0.224448,0.231821,0,1,0.001571
11744,,16,2,1,3,2,1,3,9,0.224448,0.231821,0,1,0.001571
35378,,16,1,1,2,1,1,2,9,0.224448,0.231821,0,0,0.001366
684,,7,3,2,5,3,2,5,8,0.234233,0.242138,112.16033,0.05,0.000751
5778,,7,1,2,3,1,2,3,8,0.261487,0.272609,20347.555168,0,0.001715
26609,,16,3,2,5,3,2,5,9,0.215568,0.221349,164.862609,0.333333,0.000785
3587,,16,14,16,30,14,16,30,8,0.278088,0.29106,53476.792149,0.119658,0.003992
4440,,16,5,8,13,5,8,13,8,0.257249,0.267758,7309.882531,0.254545,0.002773
4637,,16,5,4,9,5,4,9,9,0.241081,0.249825,26444.473929,0.196429,0.00208
8033,,16,4,3,7,4,3,7,8,0.239578,0.24795,779.970894,0.4,0.001884
7314,,16,4,10,14,4,10,14,8,0.264748,0.277115,1806.776138,0.25,0.001448
10088,,16,2,1,3,2,1,3,8,0.238966,0.247042,697.486951,0.333333,0.000989
4335,,16,2,2,4,2,2,4,8,0.240514,0.248728,5.245994,0.583333,0.000894
8573,,16,1,2,3,1,2,3,9,0.232713,0.240778,0,1,0.000726
12844,,16,1,0,1,1,0,1,0,0,0,0,0,0.000726
14998,,16,3,6,9,3,6,9,8,0.271777,0.284683,3411.403216,0.404762,0.001733
4765,,16,9,6,15,9,6,15,8,0.24941,0.258668,13542.260886,0.24359,0.003767
19316,,16,4,3,7,4,3,7,9,0.241022,0.249789,2271.921744,0.166667,0.001908
17780,,16,1,1,2,1,1,2,9,0.214373,0.22077,0,1,0.000726
10801,,16,12,8,20,12,8,20,8,0.243955,0.252889,20813.192436,0.346154,0.005259
28630,,16,2,2,4,2,2,4,9,0.231847,0.239751,880.370502,0.166667,0.001554
17745,,16,2,2,4,2,2,4,9,0.225973,0.232708,335.38046,0.083333,0.00114
31128,,16,2,2,4,2,2,4,8,0.239209,0.24739,4.062121,0.833333,0.001019
4259,,67,1,3,4,1,3,4,8,0.240557,0.24874,572.000289,0.5,0.000875
7609,,67,6,0,6,6,0,6,0,0,0,0,0.066667,0.001883
10210,,67,2,0,2,2,0,2,0,0,0,0,0,0.001075
14555,,67,1,0,1,1,0,1,0,0,0,0,0,0.000875
15556,,67,1,1,2,1,1,2,9,0.2161,0.222449,0,0,0.000875
21494,,67,1,1,2,1,1,2,8,0.262753,0.273463,0,1,0.000875
22359,,67,1,0,1,1,0,1,0,0,0,0,0,0.000875
22741,,67,2,0,2,2,0,2,0,0,0,0,1,0.001195
16734,,67,6,8,14,6,8,14,8,0.243541,0.252698,84827.696934,0.089744,0.001873
29536,,67,2,3,5,2,3,5,8,0.264043,0.275006,2828.449083,0.5,0.001087
30407,,67,7,7,14,7,7,14,8,0.237166,0.245665,44631.288178,0.113636,0.002185
34352,,67,3,0,3,3,0,3,0,0,0,0,0.166667,0.001254
35146,,67,1,0,1,1,0,1,0,0,0,0,0,0.000875
2375,,16,1,0,1,1,0,1,0,0,0,0,0,0.001184
1566,,16,3,3,6,3,3,6,9,0.228871,0.236929,1.5,0.583333,0.001554
6210,,16,1,1,2,1,1,2,9,0.228862,0.236867,0,0,0.001184
2641,,16,5,4,9,5,4,9,9,0.228874,0.236955,44800.5,0.3,0.001911
3228,,16,1,1,2,1,1,2,9,0.228862,0.236867,0,0,0.001184
6480,,16,5,5,10,5,5,10,8,0.251322,0.260759,45580.653961,0.160714,0.005801
10322,,16,1,1,2,1,1,2,8,0.251379,0.261448,0,1,0.001184
12067,,16,5,22,27,5,22,27,8,0.272517,0.286382,105608.902301,0.111667,0.003154
2946,,16,3,2,5,3,2,5,9,0.228868,0.236902,0,1,0.001579
17743,,16,6,7,13,6,7,13,8,0.241269,0.251129,35370.945318,0.1,0.005058
23695,,16,2,0,2,2,0,2,0,0,0,0,0,0.001535
19305,,2,2,9,11,2,9,11,8,0.247926,0.257654,1872.195394,0.127273,0.001419
33823,,16,1,0,1,1,0,1,0,0,0,0,0,0.001184
28391,,16,3,5,8,3,5,8,8,0.25192,0.261389,45333.969451,0.125,0.001819
17731,,16,8,4,12,8,4,12,8,0.272825,0.28479,9968.992713,0.222222,0.005957
693,,69,1,6,7,1,6,7,8,0.265968,0.277536,6475.472687,0.233333,0.000195
695,,7,3,3,6,3,3,6,8,0.240646,0.249589,2234.707695,0.166667,0.000675
4418,,7,4,4,8,4,4,8,9,0.237522,0.246147,2641.385352,0.196429,0.001824
6152,,7,3,0,3,3,0,3,0,0,0,0,0,0.000617
696,,14,0,1,1,0,1,1,12,0.133072,0.134495,0,0,0
697,,12,0,3,3,0,3,3,9,0.220122,0.227154,0,0.333333,0
3580,,12,1,0,1,1,0,1,0,0,0,0,0,0.000294
16670,,12,1,0,1,1,0,1,0,0,0,0,0,0.000294
11400,,69,2,4,6,2,4,6,8,0.261628,0.272858,26511.688781,0.066667,0.000709
26289,,7,4,10,14,4,10,14,8,0.266257,0.277514,1258.028183,0.225275,0.002043
29264,,12,1,0,1,1,0,1,0,0,0,0,0,0.000294
31035,,12,1,1,2,1,1,2,10,0.184688,0.188658,25976.178621,0,0.000294
3626,,7,1,0,1,1,0,1,0,0,0,0,0,0.000307
17432,,7,1,0,1,1,0,1,0,0,0,0,0,0.000307
17286,,16,1,2,3,1,2,3,9,0.223648,0.230689,13.661244,0,0.000309
3940,,16,4,3,7,4,3,7,8,0.244446,0.253763,39445.702817,0.047619,0.001016
1831,,36,5,9,14,5,9,14,8,0.252035,0.262453,79020.256117,0.064103,0.001681
2079,,1,4,7,11,4,7,11,8,0.266092,0.277555,72997.409079,0.081818,0.000851
6664,,7,2,3,5,2,3,5,8,0.245232,0.253547,172.822064,0.083333,0.000754
8403,,7,3,5,8,3,5,8,8,0.25262,0.261704,541.544875,0.2,0.001068
21677,,7,2,0,2,2,0,2,0,0,0,0,0,0.00089
704,,16,0,1,1,0,1,1,9,0.224417,0.232139,0,0,0
9460,,16,2,4,6,2,4,6,8,0.267308,0.279424,26017.615425,0.133333,0.000837
20930,,16,4,4,8,4,4,8,8,0.239901,0.247384,52518.912402,0.142857,0.002429
7622,,16,8,6,14,8,6,14,8,0.268494,0.281735,7430.815406,0.126374,0.002869
20544,,16,3,1,4,3,1,4,9,0.187055,0.191076,432.44651,0,0.001028
33181,,16,3,2,5,3,2,5,8,0.255976,0.266212,1417.064289,0,0.002215
33410,,16,1,1,2,1,1,2,8,0.261476,0.272569,0,0.5,0.000557
1457,,16,2,11,13,2,11,13,8,0.274904,0.288676,990.428028,0.310606,0.000946
22992,,16,3,8,11,3,8,11,8,0.251978,0.262427,26139.781806,0.430556,0.001354
2569,,7,1,0,1,1,0,1,0,0,0,0,0,0.000968
3938,,7,1,0,1,1,0,1,0,0,0,0,0,0.000968
6260,,16,8,12,20,8,12,20,8,0.279778,0.293969,124858.3393,0.101307,0.003115
4940,,7,12,7,19,12,7,19,8,0.233622,0.24131,56208.909365,0.058824,0.004768
9870,,7,1,1,2,1,1,2,8,0.231922,0.239823,0,0,0.000968
20045,,54,2,0,2,2,0,2,0,0,0,0,0,0.001136
20337,,7,1,0,1,1,0,1,0,0,0,0,0,0.000968
20346,,7,1,0,1,1,0,1,0,0,0,0,0,0.000968
14016,,16,2,0,2,2,0,2,0,0,0,0,0,0.001214
30571,,16,4,3,7,4,3,7,8,0.236398,0.244829,50942.172706,0.05,0.001723
9525,,7,2,4,6,2,4,6,8,0.243299,0.251768,26302.470897,0.15,0.00178
32430,,7,1,0,1,1,0,1,0,0,0,0,0,0.000968
25275,,41,3,7,10,3,7,10,8,0.263769,0.274684,72881.625755,0.055556,0.001964
4993,,7,3,5,8,3,5,8,8,0.257753,0.268109,31067.44675,0.142857,0.001811
24909,,55,2,1,3,2,1,3,8,0.231922,0.239823,18826,0,0.001136
17474,,7,3,28,31,3,28,31,7,0.296314,0.313693,64811.71609,0.212903,0.00133
1995,,7,18,29,47,18,29,47,8,0.288159,0.30324,124898.766925,0.136975,0.011647
6436,,7,6,12,18,6,12,18,8,0.273379,0.286152,28493.865086,0.120915,0.002405
13799,,7,1,0,1,1,0,1,0,0,0,0,0,0.000235
14420,,7,1,0,1,1,0,1,0,0,0,0,0,0.000235
27822,,41,1,0,1,1,0,1,0,0,0,0,0,0.000259
9726,,41,4,7,11,4,7,11,8,0.255479,0.266431,55551.482852,0.136364,0.001573
10746,,1,1,0,1,1,0,1,0,0,0,0,0,0.000228
14272,,1,1,0,1,1,0,1,0,0,0,0,0,0.000228
21853,,1,1,0,1,1,0,1,0,0,0,0,0,0.000228
711,,16,0,1,1,0,1,1,8,0.232249,0.239663,0,0,0
1159,,16,1,0,1,1,0,1,0,0,0,0,0,0.000978
1171,,56,3,3,6,3,3,6,8,0.232253,0.23972,44844.382378,0.1,0.001385
12784,,56,6,4,10,6,4,10,8,0.262087,0.273295,188312.998005,0.069444,0.001829
18597,,16,1,0,1,1,0,1,0,0,0,0,0,0.000978
17065,,7,1,3,4,1,3,4,8,0.233872,0.241629,0,0.5,0.000978
20329,,16,1,0,1,1,0,1,0,0,0,0,0,0.000978
21669,,16,1,0,1,1,0,1,0,0,0,0,0,0.000978
22772,,7,10,7,17,10,7,17,8,0.262871,0.274441,34962.152636,0.022059,0.004612
25541,,16,1,1,2,1,1,2,10,0.179155,0.182313,3.240539,0,0.000978
30297,,16,1,1,2,1,1,2,8,0.232242,0.23965,0,0,0.000978
31698,,16,1,0,1,1,0,1,0,0,0,0,0,0.000978
12244,,16,3,2,5,3,2,5,9,0.230861,0.239193,26170.101656,0.05,0.001265
23229,,16,1,3,4,1,3,4,8,0.245306,0.255639,124.110113,0.083333,0.000609
7198,,16,1,1,2,1,1,2,8,0.232414,0.240732,0,1,0.000609
714,,7,0,4,4,0,4,4,9,0.218603,0.224901,0,0.166667,0
11484,,16,3,1,4,3,1,4,9,0.21772,0.22415,12.113141,0.166667,0.000826
716,,7,0,2,2,0,2,2,8,0.232806,0.240667,0,0,0
9649,,7,1,0,1,1,0,1,0,0,0,0,0,0.000423
11903,,7,3,3,6,3,3,6,8,0.264351,0.276,37705.181421,0.133333,0.00076
2717,,7,7,7,14,7,7,14,8,0.271561,0.284353,3427.354378,0.265152,0.003867
4861,,7,1,0,1,1,0,1,0,0,0,0,0,0.001994
7757,,7,4,0,4,4,0,4,0,0,0,0,0.25,0.003045
10244,,7,2,0,2,2,0,2,0,0,0,0,0.5,0.002224
11693,,7,2,3,5,2,3,5,8,0.232543,0.240745,721.989593,0.25,0.002239
13039,,7,2,1,3,2,1,3,10,0.166767,0.169386,25974,0,0.002167
15194,,57,2,0,2,2,0,2,0,0,0,0,0,0.002162
911,,7,2,2,4,2,2,4,8,0.24841,0.257511,0,0.833333,0.002561
19982,,7,1,0,1,1,0,1,0,0,0,0,0,0.001994
22864,,7,1,0,1,1,0,1,0,0,0,0,0,0.001994
23135,,7,1,0,1,1,0,1,0,0,0,0,0,0.001994
24792,,7,1,0,1,1,0,1,0,0,0,0,0,0.001994
11728,,41,2,0,2,2,0,2,0,0,0,0,0,0.002466
26492,,7,1,1,2,1,1,2,9,0.207579,0.212991,0,1,0.001994
11211,,7,8,17,25,8,17,25,8,0.26569,0.278227,124564.062199,0.068421,0.004991
10805,,7,6,2,8,6,2,8,8,0.247949,0.256906,2250.772948,0.071429,0.004463
30998,,7,1,0,1,1,0,1,0,0,0,0,0,0.001994
32393,,7,2,0,2,2,0,2,0,0,0,0,1,0.002827
8787,,7,1,1,2,1,1,2,9,0.213602,0.21945,303.837551,0,0.001994
2320,,7,2,6,8,2,6,8,8,0.253078,0.263436,784.084227,0.238095,0.003017
35097,,7,2,0,2,2,0,2,0,0,0,0,1,0.002695
34658,,7,2,4,6,2,4,6,9,0.23029,0.237832,4232.46726,0.2,0.002162
721,,36,6,2,8,6,2,8,1,1,1,359.405579,0.035714,0.001817
722,,36,0,7,7,0,7,7,8,0.262532,0.273895,0,0.166667,0
2919,,36,2,2,4,2,2,4,9,0.216263,0.222536,18828,0.083333,0.000336
33938,,36,4,0,4,4,0,4,0,0,0,0,0.083333,0.000749
723,,65,1,5,6,1,5,6,8,0.237488,0.245789,2.333333,0.45,0.000173
925,,65,1,3,4,1,3,4,8,0.237473,0.245709,0,0.666667,0.000173
9699,,65,1,1,2,1,1,2,9,0.200697,0.205965,0,0.5,0.000173
725,,36,3,2,5,3,2,5,9,0.227194,0.234615,1092.753088,0,0.001843
7619,,36,1,0,1,1,0,1,0,0,0,0,0,0.000724
8649,,36,1,0,1,1,0,1,0,0,0,0,0,0.000724
14028,,12,5,2,7,5,2,7,8,0.247398,0.256768,6726.899359,0.095238,0.002491
14218,,36,3,0,3,3,0,3,0,0,0,0,0.333333,0.001416
26472,,36,2,0,2,2,0,2,0,0,0,0,0,0.001274
7093,,36,6,9,15,6,9,15,8,0.233942,0.242546,35402.41251,0.136364,0.003294
28645,,36,1,0,1,1,0,1,0,0,0,0,0,0.000724
29258,,36,1,0,1,1,0,1,0,0,0,0,0,0.000724
17011,,36,1,0,1,1,0,1,0,0,0,0,0,0.000297
18812,,36,1,0,1,1,0,1,0,0,0,0,0,0.000297
5594,,1,1,3,4,1,3,4,8,0.247314,0.257078,3065.81057,0.166667,0.003198
729,,16,3,3,6,3,3,6,9,0.229728,0.237119,377.521244,0.35,0.001691
11334,,16,3,5,8,3,5,8,9,0.226672,0.23388,79336.95202,0.142857,0.00291
11395,,16,1,0,1,1,0,1,0,0,0,0,0,0.000838
3504,,16,3,10,13,3,10,13,8,0.269779,0.281862,19511.49451,0.136364,0.00244
22033,,16,1,0,1,1,0,1,0,0,0,0,0,0.000838
1598,,1,7,9,16,7,9,16,8,0.264418,0.27557,85586.120415,0.032967,0.003985
23011,,16,1,0,1,1,0,1,0,0,0,0,0,0.000838
11590,,16,2,2,4,2,2,4,9,0.226655,0.233774,25974,0.5,0.001045
23904,,16,1,1,2,1,1,2,9,0.22665,0.233739,0,0,0.000838
25946,,16,2,0,2,2,0,2,0,0,0,0,1,0.001059
9820,,16,1,1,2,1,1,2,9,0.22665,0.233739,0,0,0.000838
31697,,16,1,0,1,1,0,1,0,0,0,0,0,0.000838
737,,12,3,3,6,3,3,6,9,0.199854,0.205156,25148.970929,0.066667,0.00086
12770,,25,16,27,43,16,27,43,7,0.292866,0.308359,194974.075154,0.07622,0.008683
15307,,7,1,0,1,1,0,1,0,0,0,0,0,0.000366
5441,,25,4,21,25,4,21,25,8,0.277146,0.290269,124743.317455,0.05336,0.001764
20559,,7,1,1,2,1,1,2,10,0.191537,0.196264,2314.419646,0,0.000366
1830,,7,1,0,1,1,0,1,0,0,0,0,0,0.000701
8591,,58,1,1,2,1,1,2,1,1,1,25976,0,0.000701
9098,,7,1,0,1,1,0,1,0,0,0,0,0,0.000701
13589,,7,2,0,2,2,0,2,0,0,0,0,0.5,0.000887
18433,,7,1,0,1,1,0,1,0,0,0,0,0,0.000701
10768,,7,1,1,2,1,1,2,9,0.193695,0.197883,25974,0.5,0.000701
20261,,12,2,0,2,2,0,2,0,0,0,0,0,0.000965
22094,,7,1,0,1,1,0,1,0,0,0,0,0,0.000701
13098,,12,3,4,7,3,4,7,8,0.25299,0.26275,17436.991736,0.166667,0.00139
17446,,12,1,4,5,1,4,5,8,0.239036,0.247184,15.304456,0.25,0.000701
16488,,7,1,7,8,1,7,8,8,0.251047,0.260775,10440.599748,0.107143,0.000701
29498,,7,1,0,1,1,0,1,0,0,0,0,0,0.000701
16959,,7,5,4,9,5,4,9,8,0.263315,0.274698,224.263,0.433333,0.002007
10610,,7,1,0,1,1,0,1,0,0,0,0,0,0.000634
10498,,7,4,9,13,4,9,13,8,0.256954,0.26742,1637.262563,0.166667,0.001627
13224,,7,3,0,3,3,0,3,0,0,0,0,0.166667,0.001106
15292,,7,1,0,1,1,0,1,0,0,0,0,0,0.000634
25855,,7,1,0,1,1,0,1,0,0,0,0,0,0.000634
26088,,7,2,3,5,2,3,5,8,0.245223,0.25386,250.552122,0,0.001021
28846,,7,1,0,1,1,0,1,0,0,0,0,0,0.000634
29807,,7,1,0,1,1,0,1,0,0,0,0,0,0.000634
18667,,7,7,1,8,7,1,8,9,0.210405,0.21615,68.512643,0.095238,0.00244
12351,,53,1,0,1,1,0,1,0,0,0,0,0,0.000223
12388,,53,1,0,1,1,0,1,0,0,0,0,0,0.000223
741,,14,0,2,2,0,2,2,8,0.256715,0.267688,0,1,0
743,,41,1,0,1,1,0,1,0,0,0,0,0,0.00035
7594,,41,2,3,5,2,3,5,9,0.211134,0.217264,484.036717,0.15,0.000551
5922,,41,9,2,11,9,2,11,9,0.198895,0.203557,62036.192526,0.027273,0.002834
12440,,41,2,0,2,2,0,2,0,0,0,0,0.5,0.000534
10284,,41,1,2,3,1,2,3,9,0.227722,0.234994,256.277775,0,0.00035
18600,,41,1,2,3,1,2,3,9,0.202052,0.207101,1193.314755,0,0.00035
22154,,41,3,2,5,3,2,5,1,1,1,25978.5,0.15,0.000692
22949,,41,1,0,1,1,0,1,0,0,0,0,0,0.00035
22153,,41,1,2,3,1,2,3,9,0.202052,0.207101,0,0.5,0.00035
16710,,7,2,4,6,2,4,6,8,0.255022,0.265341,345.773024,0.233333,0.001461
745,,1,2,6,8,2,6,8,8,0.273296,0.286127,45079.151161,0.214286,0.000556
20157,,1,1,0,1,1,0,1,0,0,0,0,0,0.00018
12510,,7,3,0,3,3,0,3,0,0,0,0,0,0.001626
15022,,7,1,0,1,1,0,1,0,0,0,0,0,0.000759
15088,,7,1,0,1,1,0,1,0,0,0,0,0,0.000759
3660,,67,7,6,13,7,6,13,8,0.23217,0.240577,60290.163574,0.030303,0.001819
2720,,67,5,5,10,5,5,10,9,0.239889,0.248725,10329.744304,0.077778,0.003326
4767,,7,3,6,9,3,6,9,8,0.26415,0.275176,19326.671726,0.166667,0.001227
30301,,7,1,0,1,1,0,1,0,0,0,0,0,0.000759
4288,,16,1,1,2,1,1,2,8,0.246108,0.255042,0,0,0.002802
2419,,16,2,3,5,2,3,5,8,0.246149,0.255166,25974,0.583333,0.003013
5846,,7,3,2,5,3,2,5,8,0.273463,0.285087,1639.304715,0.25,0.003689
7293,,16,4,5,9,4,5,9,8,0.246983,0.255991,73.563287,0.4,0.003507
7535,,16,1,0,1,1,0,1,0,0,0,0,0,0.002802
8183,,16,1,0,1,1,0,1,0,0,0,0,0,0.002802
3970,,16,15,18,33,15,18,33,8,0.260139,0.271619,132818.966925,0.099638,0.006675
10034,,16,2,2,4,2,2,4,8,0.246143,0.25513,0,1,0.00321
14022,,16,1,0,1,1,0,1,0,0,0,0,0,0.002802
14253,,16,1,0,1,1,0,1,0,0,0,0,0,0.002802
10973,,16,4,5,9,4,5,9,8,0.246481,0.255571,16451.379911,0.3,0.003594
16752,,16,1,0,1,1,0,1,0,0,0,0,0,0.002802
16685,,16,1,1,2,1,1,2,8,0.246108,0.255042,0,0,0.002802
17080,,16,1,0,1,1,0,1,0,0,0,0,0,0.002802
20785,,16,1,0,1,1,0,1,0,0,0,0,0,0.002802
19104,,16,5,6,11,5,6,11,8,0.262449,0.273135,21381.292073,0.380952,0.003659
19567,,16,3,2,5,3,2,5,8,0.248949,0.258671,0,0.666667,0.003338
22164,,16,2,2,4,2,2,4,8,0.246143,0.25513,0,1,0.003013
22384,,16,3,4,7,3,4,7,8,0.246153,0.255192,18835.432442,0.4,0.003378
24094,,16,1,1,2,1,1,2,8,0.246108,0.255042,0,0,0.002802
22248,,16,1,1,2,1,1,2,8,0.246108,0.255042,0,0,0.002802
24827,,16,4,2,6,4,2,6,8,0.246143,0.25513,3.275115,0.583333,0.003595
25096,,16,1,0,1,1,0,1,0,0,0,0,0,0.002802
25874,,16,1,0,1,1,0,1,0,0,0,0,0,0.002802
4911,,1,3,4,7,3,4,7,8,0.25434,0.265169,2826.812606,0.357143,0.005024
27866,,16,1,0,1,1,0,1,0,0,0,0,0,0.002802
28134,,16,2,1,3,2,1,3,9,0.207891,0.213026,0,1,0.003022
10233,,16,1,1,2,1,1,2,8,0.246108,0.255042,0,0,0.002802
29175,,16,1,0,1,1,0,1,0,0,0,0,0,0.002802
23981,,16,6,6,12,6,6,12,8,0.253307,0.263898,47608.511518,0.160714,0.004378
31208,,16,1,0,1,1,0,1,0,0,0,0,0,0.002802
31360,,16,1,0,1,1,0,1,0,0,0,0,0,0.002802
31814,,16,1,0,1,1,0,1,0,0,0,0,0,0.002802
31921,,16,1,0,1,1,0,1,0,0,0,0,0,0.002802
31660,,16,4,3,7,4,3,7,8,0.246146,0.255157,18829.644147,0.3,0.003546
34217,,16,1,0,1,1,0,1,0,0,0,0,0,0.002802
34602,,16,2,1,3,2,1,3,8,0.246108,0.255042,0,1,0.003018
2397,,16,1,0,1,1,0,1,0,0,0,0,0,0.000242
3819,,16,1,0,1,1,0,1,0,0,0,0,0,0.000242
18275,,16,1,0,1,1,0,1,0,0,0,0,0,0.000242
28834,,16,1,0,1,1,0,1,0,0,0,0,0,0.000242
32231,,16,1,0,1,1,0,1,0,0,0,0,0,0.000242
750,,53,10,6,16,10,6,16,8,0.238781,0.247455,88858.23794,0.07619,0.004433
13419,,53,1,0,1,1,0,1,0,0,0,0,0,0.000315
16665,,53,2,0,2,2,0,2,0,0,0,0,1,0.002077
4650,,53,1,1,2,1,1,2,9,0.21451,0.221387,235.495405,0,0.000242
20591,,53,2,0,2,2,0,2,0,0,0,0,0,0.000467
5802,,7,1,0,1,1,0,1,0,0,0,0,0,0.001763
6704,,7,1,0,1,1,0,1,0,0,0,0,0,0.001763
9668,,7,3,2,5,3,2,5,8,0.236472,0.24449,13.198144,0.833333,0.002458
11917,,7,1,0,1,1,0,1,0,0,0,0,0,0.001763
995,,53,18,17,35,18,17,35,8,0.270135,0.282338,283599.765271,0.063218,0.006403
12412,,53,2,0,2,2,0,2,0,0,0,0,0,0.001931
2374,,53,5,3,8,5,3,8,9,0.216093,0.222713,23903.673727,0.321429,0.003046
13537,,7,1,0,1,1,0,1,0,0,0,0,0,0.001763
13566,,53,2,1,3,2,1,3,9,0.214507,0.221384,2563.025397,0.166667,0.001988
1910,,7,9,9,18,9,9,18,8,0.257763,0.26831,78391.602228,0.070513,0.004091
12261,,53,4,5,9,4,5,9,8,0.249457,0.259091,15567.37138,0.160714,0.00269
16334,,53,4,0,4,4,0,4,0,0,0,0,0.416667,0.003069
3543,,53,4,10,14,4,10,14,8,0.250819,0.260199,45445.539128,0.227273,0.002721
13726,,53,2,1,3,2,1,3,9,0.200066,0.204368,7.248239,0.5,0.00219
18631,,53,1,3,4,1,3,4,9,0.229678,0.237479,140.955723,0.5,0.001763
9331,,53,4,7,11,4,7,11,8,0.24296,0.25214,27181.871762,0.196429,0.002885
1909,,7,5,5,10,5,5,10,8,0.238793,0.247248,353.659049,0.214286,0.003189
20622,,53,1,1,2,1,1,2,9,0.20796,0.213411,0,1,0.001763
21045,,7,1,0,1,1,0,1,0,0,0,0,0,0.001763
21251,,7,1,0,1,1,0,1,0,0,0,0,0,0.001763
22063,,53,5,4,9,5,4,9,8,0.240137,0.249043,4355.426769,0.285714,0.002906
15629,,53,4,2,6,4,2,6,8,0.236386,0.244373,33879.171109,0.05,0.002737
22528,,53,1,3,4,1,3,4,9,0.215585,0.222715,3100.829091,0.083333,0.001763
24405,,53,2,1,3,2,1,3,9,0.211757,0.217786,0,1,0.002344
24498,,7,1,0,1,1,0,1,0,0,0,0,0,0.001763
17779,,7,1,3,4,1,3,4,8,0.272414,0.28402,83.347452,0.416667,0.001763
10141,,53,2,3,5,2,3,5,8,0.240213,0.248812,220.009963,0.083333,0.001953
17592,,53,2,2,4,2,2,4,9,0.214529,0.221452,141.765247,0.333333,0.001974
11867,,7,1,1,2,1,1,2,8,0.236255,0.244191,0,0,0.001763
27589,,1,7,0,7,7,0,7,0,0,0,0,0.214286,0.004125
28399,,7,1,0,1,1,0,1,0,0,0,0,0,0.001763
28527,,7,1,0,1,1,0,1,0,0,0,0,0,0.001763
7742,,7,1,1,2,1,1,2,9,0.214646,0.220258,1241.226364,0,0.001763
30354,,7,1,0,1,1,0,1,0,0,0,0,0,0.001763
864,,53,7,4,11,7,4,11,9,0.216495,0.223171,67832.103829,0.122222,0.003558
23409,,53,3,1,4,3,1,4,8,0.234452,0.242726,1856.048011,0.5,0.002629
31986,,7,1,1,2,1,1,2,9,0.214507,0.221384,140.955723,0,0.001763
34124,,53,2,0,2,2,0,2,0,0,0,0,1,0.002344
29178,,53,3,2,5,3,2,5,8,0.236763,0.2448,220.72195,0.5,0.002358
990,,59,3,0,3,3,0,3,0,0,0,0,0,0.000682
6169,,7,7,2,9,7,2,9,8,0.23799,0.246134,21236.588093,0.013889,0.001907
16434,,12,6,3,9,6,3,9,9,0.217182,0.223629,116149.817103,0.027778,0.00164
5214,,41,2,4,6,2,4,6,8,0.265724,0.277517,26197.466957,0.266667,0.001201
6665,,41,3,0,3,3,0,3,0,0,0,0,0.166667,0.001408
8958,,14,1,5,6,1,5,6,8,0.249655,0.259962,29781.586078,0.166667,0.000979
9217,,41,1,0,1,1,0,1,0,0,0,0,0,0.000979
9218,,16,3,8,11,3,8,11,8,0.235487,0.244035,12310.220796,0.088889,0.001538
11784,,41,1,0,1,1,0,1,0,0,0,0,0,0.000979
9076,,41,6,2,8,6,2,8,8,0.221014,0.227482,21172.346658,0.035714,0.001934
14203,,41,1,1,2,1,1,2,1,1,1,26.800047,0,0.000979
8061,,7,2,6,8,2,6,8,8,0.26869,0.280306,1095.292074,0.142857,0.001174
9790,,41,1,1,2,1,1,2,1,1,1,687.689771,0,0.000979
10981,,41,3,6,9,3,6,9,8,0.26751,0.279301,29776.153138,0.166667,0.002231
22908,,41,4,8,12,4,8,12,8,0.245786,0.255391,32709.194985,0.111111,0.002142
25746,,41,4,2,6,4,2,6,8,0.257961,0.269244,896.901118,0.3,0.001575
26523,,41,2,0,2,2,0,2,0,0,0,0,0,0.001147
6920,,41,7,8,15,7,8,15,8,0.268337,0.280256,46989.078626,0.064103,0.004012
13069,,41,3,2,5,3,2,5,9,0.215218,0.221397,18995.820555,0.15,0.001329
32236,,41,1,0,1,1,0,1,0,0,0,0,0,0.000979
32451,,1,1,0,1,1,0,1,0,0,0,0,0,0.000577
32820,,1,2,1,3,2,1,3,9,0.20596,0.211604,0,1,0.000755
34131,,1,1,2,3,1,2,3,9,0.205962,0.211631,0,1,0.000577
9321,,1,1,0,1,1,0,1,0,0,0,0,0,0.000625
17367,,16,1,2,3,1,2,3,8,0.261687,0.272809,1184.181636,0,0.000247
1986,,16,6,4,10,6,4,10,8,0.24695,0.256267,21809.844675,0.214286,0.00362
7416,,16,1,0,1,1,0,1,0,0,0,0,0,0.002024
7553,,16,7,5,12,7,5,12,8,0.24733,0.257974,200597.106632,0.25,0.003103
11381,,16,1,0,1,1,0,1,0,0,0,0,0,0.002024
12016,,53,3,0,3,3,0,3,0,0,0,0,0.166667,0.002831
4783,,16,11,12,23,11,12,23,8,0.25721,0.268429,124813.247446,0.121429,0.005781
13835,,16,1,3,4,1,3,4,9,0.235717,0.244086,173.394735,0.666667,0.002024
17124,,16,1,0,1,1,0,1,0,0,0,0,0,0.002024
17156,,16,2,1,3,2,1,3,9,0.232949,0.24122,122.848993,0,0.002224
7392,,16,2,1,3,2,1,3,8,0.239855,0.247708,0,0.666667,0.002374
20546,,16,3,1,4,3,1,4,9,0.232949,0.24122,0,0.333333,0.0025
12446,,16,4,3,7,4,3,7,8,0.246088,0.256278,3315.254748,0.066667,0.003031
19447,,16,1,3,4,1,3,4,8,0.244069,0.253783,157.124722,0.333333,0.002024
21128,,16,2,0,2,2,0,2,0,0,0,0,1,0.002414
7764,,16,1,2,3,1,2,3,8,0.236561,0.246014,77917,0.333333,0.002024
22789,,16,7,4,11,7,4,11,8,0.238403,0.247372,45526.26794,0.166667,0.006346
24364,,16,1,0,1,1,0,1,0,0,0,0,0,0.002024
25878,,36,3,0,3,3,0,3,0,0,0,0,0,0.003068
3390,,16,4,2,6,4,2,6,9,0.217737,0.224183,26099.233949,0,0.003089
21087,,16,3,2,5,3,2,5,9,0.233849,0.24234,315.702178,0.333333,0.003132
27151,,7,1,0,1,1,0,1,0,0,0,0,0,0.001541
28845,,7,1,2,3,1,2,3,9,0.231397,0.23911,25987.213652,0,0.001541
31581,,7,1,0,1,1,0,1,0,0,0,0,0,0.001541
34396,,7,1,0,1,1,0,1,0,0,0,0,0,0.001541
4668,,7,3,1,4,3,1,4,9,0.208342,0.214183,165.649671,0,0.002571
768,,16,1,1,2,1,1,2,8,0.235172,0.242591,0,0,0.000598
1014,,16,2,1,3,2,1,3,8,0.235172,0.242591,0,1,0.000775
3976,,16,1,2,3,1,2,3,8,0.235175,0.242618,0,1,0.000598
15317,,16,1,0,1,1,0,1,0,0,0,0,0,0.000598
22410,,16,1,1,2,1,1,2,8,0.235172,0.242591,0,0,0.000598
769,,7,1,1,2,1,1,2,8,0.231853,0.238753,5.255065,0,0.000367
3640,,7,6,1,7,6,1,7,1,1,1,256.713211,0.095238,0.002824
22184,,7,1,0,1,1,0,1,0,0,0,0,0,0.000862
32600,,7,1,0,1,1,0,1,0,0,0,0,0,0.000862
6844,,16,1,3,4,1,3,4,9,0.23318,0.241329,968.823612,0.333333,0.000267
772,,1,2,3,5,2,3,5,9,0.233559,0.241775,18826,0.333333,0.000404
11155,,53,1,0,1,1,0,1,0,0,0,0,0,0.000239
5478,,2,9,5,14,9,5,14,9,0.223874,0.231298,30083.691984,0.098901,0.002498
5226,,53,5,10,15,5,10,15,8,0.246847,0.256066,87476.42157,0.044872,0.001356
6512,,53,5,6,11,5,6,11,9,0.221219,0.228454,19999.197319,0.194444,0.001312
7370,,53,9,7,16,9,7,16,8,0.264284,0.275478,27610.996211,0.166667,0.002947
7829,,53,2,3,5,2,3,5,8,0.223168,0.23038,242.778736,0.35,0.000437
8725,,7,5,1,6,5,1,6,8,0.223964,0.231181,395.510081,0.25,0.00233
35684,,53,1,0,1,1,0,1,0,0,0,0,0,0.000239
7489,,7,3,3,6,3,3,6,8,0.23252,0.23959,877.278033,0.1,0.002272
33248,,53,8,0,8,8,0,8,0,0,0,0,0.660714,0.00267
33249,,53,6,10,16,6,10,16,8,0.231497,0.239795,0,0.509091,0.002158
14469,,53,6,11,17,6,11,17,8,0.233417,0.242052,169.887676,0.439394,0.002158
26580,,53,8,0,8,8,0,8,0,0,0,0,0.642857,0.003769
33250,,53,6,10,16,6,10,16,8,0.231497,0.239795,0,0.509091,0.002158
11191,,53,4,5,9,4,5,9,8,0.240967,0.249083,993.708973,0.142857,0.001395
776,,1,0,1,1,0,1,1,10,0.189345,0.193596,0,0,0
777,,14,0,1,1,0,1,1,9,0.218454,0.225285,0,0,0
778,,16,0,3,3,0,3,3,8,0.248827,0.257993,0,1,0
6737,,7,1,0,1,1,0,1,0,0,0,0,0,0.00032
6918,,7,9,2,11,9,2,11,8,0.241368,0.249755,20479.947197,0.163636,0.003708
28759,,7,1,0,1,1,0,1,0,0,0,0,0,0.00032
11648,,41,1,0,1,1,0,1,0,0,0,0,0,0.000374
9706,,41,1,1,2,1,1,2,9,0.225456,0.232194,0,0,0.000374
3418,,7,2,0,2,2,0,2,0,0,0,0,1,0.000866
6303,,7,2,0,2,2,0,2,0,0,0,0,0,0.000801
1992,,7,7,5,12,7,5,12,8,0.250219,0.259775,30170.787053,0.127273,0.002123
10011,,7,1,0,1,1,0,1,0,0,0,0,0,0.000501
10332,,7,1,2,3,1,2,3,8,0.240806,0.249311,64.768242,0,0.000501
10492,,2,3,1,4,3,1,4,8,0.236808,0.244748,1290.380488,0.166667,0.001633
10598,,1,2,0,2,2,0,2,0,0,0,0,0,0.000753
10599,,7,1,0,1,1,0,1,0,0,0,0,0,0.000501
10115,,7,1,1,2,1,1,2,8,0.236808,0.244748,0,0,0.000501
11209,,7,1,0,1,1,0,1,0,0,0,0,0,0.000501
10354,,7,1,1,2,1,1,2,8,0.236808,0.244748,0,0,0.000501
11640,,7,1,0,1,1,0,1,0,0,0,0,0,0.000501
11899,,7,1,1,2,1,1,2,9,0.201827,0.206934,64.838107,0,0.000501
12149,,7,3,1,4,3,1,4,8,0.236808,0.244748,18826,0.333333,0.00088
13111,,7,1,0,1,1,0,1,0,0,0,0,0,0.000501
14445,,7,1,0,1,1,0,1,0,0,0,0,0,0.000501
15076,,7,1,0,1,1,0,1,0,0,0,0,0,0.000501
16655,,7,1,1,2,1,1,2,9,0.231747,0.239909,0,0.5,0.000501
17867,,7,2,0,2,2,0,2,0,0,0,0,0,0.00069
10709,,7,3,2,5,3,2,5,8,0.2795,0.292266,427.449178,0.3,0.002245
21351,,7,1,0,1,1,0,1,0,0,0,0,0,0.000501
5890,,7,3,2,5,3,2,5,9,0.200072,0.204405,18832.775041,0.1,0.000837
16624,,7,1,2,3,1,2,3,8,0.236871,0.244894,56.0764,0,0.000501
5850,,7,1,1,2,1,1,2,9,0.200145,0.204878,0,1,0.000501
28538,,7,1,2,3,1,2,3,8,0.24275,0.251697,0,0.5,0.000501
6220,,7,4,1,5,4,1,5,9,0.2125,0.218571,1289.51913,0.1,0.0036
9114,,7,1,3,4,1,3,4,9,0.226095,0.234232,243.156084,0.333333,0.000501
6860,,7,3,13,16,3,13,16,8,0.254299,0.266326,4223.735405,0.203297,0.001561
28450,,7,1,0,1,1,0,1,0,0,0,0,0,0.000483
2021,,7,2,4,6,2,4,6,9,0.234507,0.242782,78459.163236,0,0.001809
3961,,7,3,4,7,3,4,7,8,0.244252,0.253666,2340.006767,0.25,0.002534
7550,,7,1,1,2,1,1,2,9,0.210497,0.216305,0,0.5,0.001519
7682,,7,1,1,2,1,1,2,9,0.21992,0.226039,34.641294,0,0.001519
5003,,7,4,4,8,4,4,8,9,0.223078,0.230004,7458.155175,0.047619,0.002493
10678,,7,3,2,5,3,2,5,8,0.243167,0.252256,30.621187,0.666667,0.002167
11637,,7,4,1,5,4,1,5,8,0.225986,0.233101,102.430053,0.2,0.002236
7430,,36,3,2,5,3,2,5,10,0.185206,0.189355,7001.480377,0,0.001982
13029,,7,2,1,3,2,1,3,8,0.263618,0.273991,716.993839,0.5,0.001687
6673,,7,2,5,7,2,5,7,8,0.249087,0.258695,197.905412,0.214286,0.001687
17355,,60,1,1,2,1,1,2,1,1,1,25976,0,0.001519
1693,,7,2,6,8,2,6,8,8,0.248906,0.258616,1293.444182,0.309524,0.001747
16270,,7,3,4,7,3,4,7,9,0.220429,0.227134,236.693124,0.1,0.00249
9373,,2,8,17,25,8,17,25,8,0.263367,0.275418,60536.812143,0.111667,0.003813
7617,,2,7,6,13,7,6,13,9,0.20945,0.215278,50241.804657,0.055556,0.003272
8618,,7,3,0,3,3,0,3,0,0,0,0,0.333333,0.003224
3551,,7,2,8,10,2,8,10,8,0.272127,0.284411,1529.612267,0.152778,0.001932
18151,,7,7,3,10,7,3,10,9,0.229429,0.237261,26594.695295,0.319444,0.003541
7477,,1,2,3,5,2,3,5,9,0.226176,0.233759,19129.45442,0.2,0.001687
1313,,2,26,0,26,26,0,26,0,0,0,0,0.115385,0.007987
34583,,7,1,0,1,1,0,1,0,0,0,0,0,0.001519
3571,,7,17,35,52,17,35,52,8,0.28749,0.302293,139205.38394,0.060386,0.005904
9678,,1,3,2,5,3,2,5,8,0.240158,0.249058,63.826746,0.333333,0.001525
12231,,7,2,3,5,2,3,5,8,0.239773,0.248704,432.950369,0.333333,0.001275
12504,,7,3,0,3,3,0,3,0,0,0,0,1,0.001625
4322,,7,7,12,19,7,12,19,8,0.268601,0.281191,92171.100349,0.075,0.002817
14911,,7,1,1,2,1,1,2,9,0.2233,0.229858,0,1,0.001077
15645,,7,1,0,1,1,0,1,0,0,0,0,0,0.001077
1023,,7,2,2,4,2,2,4,8,0.237957,0.246985,23699.956132,0.166667,0.001245
17567,,7,3,4,7,3,4,7,8,0.267723,0.279272,110.161761,0.6,0.001625
20911,,7,2,0,2,2,0,2,0,0,0,0,1,0.001356
20912,,7,2,3,5,2,3,5,9,0.18562,0.190206,1793.816195,0.2,0.001356
4021,,7,2,1,3,2,1,3,9,0.218681,0.225279,0,1,0.001356
20007,,7,2,2,4,2,2,4,8,0.240158,0.249058,0,1,0.001356
3715,,7,4,5,9,4,5,9,9,0.212179,0.218401,46434.491958,0.071429,0.002185
20913,,12,2,1,3,2,1,3,10,0.164896,0.168023,276.830553,0.333333,0.001356
20914,,7,2,0,2,2,0,2,0,0,0,0,1,0.001356
20760,,7,2,3,5,2,3,5,8,0.258209,0.268627,560.090287,0.2,0.001356
21413,,7,1,0,1,1,0,1,0,0,0,0,0,0.001077
24217,,7,2,4,6,2,4,6,8,0.252268,0.262467,26099.432485,0.3,0.001356
7368,,7,3,3,6,3,3,6,8,0.241452,0.250644,230.190716,0.5,0.001534
30878,,7,1,0,1,1,0,1,0,0,0,0,0,0.001077
31686,,7,1,0,1,1,0,1,0,0,0,0,0,0.001077
33206,,7,1,1,2,1,1,2,8,0.237951,0.24695,0,0,0.001077
32777,,7,1,3,4,1,3,4,8,0.252261,0.262432,0,0.5,0.001077
33446,,7,1,0,1,1,0,1,0,0,0,0,0,0.001077
32247,,7,1,2,3,1,2,3,8,0.225742,0.232813,0,1,0.001077
785,,7,0,4,4,0,4,4,8,0.253514,0.263462,0,0.166667,0
786,,7,0,3,3,0,3,3,9,0.232349,0.239825,0,0.333333,0
787,,7,2,4,6,2,4,6,8,0.278256,0.291646,4884.5413,0.1,0.000639
12001,,7,7,9,16,7,9,16,8,0.273145,0.285981,34060.86141,0.095238,0.002731
789,,7,0,1,1,0,1,1,9,0.222815,0.230116,0,0,0
1525,,67,1,1,2,1,1,2,1,1,1,454.420495,0,0.000973
1834,,1,1,0,1,1,0,1,0,0,0,0,0,0.000973
2478,,1,2,1,3,2,1,3,1,1,1,14961.601242,0.333333,0.001141
4253,,1,1,0,1,1,0,1,0,0,0,0,0,0.000973
7526,,1,1,0,1,1,0,1,0,0,0,0,0,0.000973
3636,,7,2,4,6,2,4,6,8,0.26789,0.279295,2907.435006,0.1,0.001239
10194,,1,1,0,1,1,0,1,0,0,0,0,0,0.000973
10245,,1,1,0,1,1,0,1,0,0,0,0,0,0.000973
10954,,41,5,2,7,5,2,7,10,0.179164,0.182357,30004.159161,0.095238,0.002123
11186,,1,1,0,1,1,0,1,0,0,0,0,0,0.000973
6489,,67,31,12,43,31,12,43,9,0.217202,0.223932,774063.718378,0.027665,0.00726
13084,,1,1,0,1,1,0,1,0,0,0,0,0,0.000973
13192,,1,2,0,2,2,0,2,0,0,0,0,0,0.001141
13278,,1,1,0,1,1,0,1,0,0,0,0,0,0.000973
14169,,1,1,0,1,1,0,1,0,0,0,0,0,0.000973
14239,,1,1,0,1,1,0,1,0,0,0,0,0,0.000973
14860,,1,1,0,1,1,0,1,0,0,0,0,0,0.000973
14888,,1,1,0,1,1,0,1,0,0,0,0,0,0.000973
15091,,1,3,0,3,3,0,3,0,0,0,0,0,0.001309
15575,,16,1,2,3,1,2,3,9,0.227167,0.235187,1155.627231,0,0.000973
15788,,67,3,4,7,3,4,7,8,0.263721,0.275626,22229.721077,0.1,0.001905
13301,,7,1,3,4,1,3,4,8,0.245498,0.254133,4761.345841,0,0.000973
17423,,1,1,0,1,1,0,1,0,0,0,0,0,0.000973
18186,,1,1,0,1,1,0,1,0,0,0,0,0,0.000973
18378,,1,1,0,1,1,0,1,0,0,0,0,0,0.000973
18584,,1,1,0,1,1,0,1,0,0,0,0,0,0.000973
19034,,1,1,1,2,1,1,2,8,0.236166,0.244732,858.366042,0,0.000973
19761,,1,1,0,1,1,0,1,0,0,0,0,0,0.000973
24071,,1,1,0,1,1,0,1,0,0,0,0,0,0.000973
24256,,1,2,0,2,2,0,2,0,0,0,0,0,0.001165
25191,,1,1,0,1,1,0,1,0,0,0,0,0,0.000973
26964,,1,1,0,1,1,0,1,0,0,0,0,0,0.000973
27351,,1,1,0,1,1,0,1,0,0,0,0,0,0.000973
27366,,1,1,0,1,1,0,1,0,0,0,0,0,0.000973
27538,,1,1,0,1,1,0,1,0,0,0,0,0,0.000973
29045,,16,2,4,6,2,4,6,8,0.245153,0.255097,5770.803811,0.033333,0.001146
29267,,1,1,0,1,1,0,1,0,0,0,0,0,0.000973
29274,,1,2,0,2,2,0,2,0,0,0,0,0,0.002523
32813,,1,2,0,2,2,0,2,0,0,0,0,0,0.00115
33418,,1,1,0,1,1,0,1,0,0,0,0,0,0.000973
31687,,1,4,1,5,4,1,5,1,1,1,25976,0.083333,0.002176
6196,,41,3,0,3,3,0,3,0,0,0,0,0.5,0.00095
10397,,41,1,1,2,1,1,2,9,0.211364,0.217133,0,0,0.000472
11037,,41,1,1,2,1,1,2,1,1,1,42.216241,0,0.000472
11452,,41,5,5,10,5,5,10,8,0.263212,0.27422,11607.28585,0.208333,0.004742
13559,,41,1,0,1,1,0,1,0,0,0,0,0,0.000472
14524,,16,2,4,6,2,4,6,9,0.227055,0.234487,624.600165,0.166667,0.000753
15806,,41,2,2,4,2,2,4,8,0.235788,0.243986,2136.300153,0.166667,0.000839
19787,,41,1,0,1,1,0,1,0,0,0,0,0,0.000472
20111,,41,1,0,1,1,0,1,0,0,0,0,0,0.000472
10955,,41,1,1,2,1,1,2,11,0.151948,0.1539,0,0.5,0.000472
21873,,41,1,0,1,1,0,1,0,0,0,0,0,0.000472
23837,,41,1,1,2,1,1,2,9,0.211364,0.217133,0,0,0.000472
23838,,41,1,0,1,1,0,1,0,0,0,0,0,0.000472
24025,,41,1,0,1,1,0,1,0,0,0,0,0,0.000472
25212,,41,1,0,1,1,0,1,0,0,0,0,0,0.000472
793,,14,3,0,3,3,0,3,0,0,0,0,0.166667,0.000551
5450,,7,2,1,3,2,1,3,9,0.207896,0.213232,0,1,0.000942
15961,,7,1,2,3,1,2,3,9,0.207898,0.213259,0,1,0.000763
2690,,53,8,6,14,8,6,14,8,0.225602,0.233403,56820.089157,0.1,0.002802
7595,,7,2,0,2,2,0,2,0,0,0,0,0,0.001571
8384,,7,1,0,1,1,0,1,0,0,0,0,0,0.001403
5670,,53,2,2,4,2,2,4,9,0.208987,0.214379,23864.779117,0.5,0.001623
11449,,53,4,4,8,4,4,8,8,0.238286,0.247675,2365.170004,0.55,0.003287
14713,,7,1,0,1,1,0,1,0,0,0,0,0,0.001403
15381,,7,1,0,1,1,0,1,0,0,0,0,0,0.001403
16667,,7,1,0,1,1,0,1,0,0,0,0,0,0.001403
11757,,7,7,1,8,7,1,8,8,0.224976,0.232526,10765.06086,0.047619,0.00257
16779,,16,1,2,3,1,2,3,8,0.233588,0.241866,360.510178,0,0.001403
17482,,7,1,0,1,1,0,1,0,0,0,0,0,0.001403
16029,,7,1,1,2,1,1,2,8,0.224976,0.232526,0,0,0.001403
2979,,1,3,3,6,3,3,6,8,0.238824,0.24778,1101.889946,0.166667,0.002963
9900,,7,1,2,3,1,2,3,8,0.226016,0.233725,0,1,0.001403
18917,,7,1,0,1,1,0,1,0,0,0,0,0,0.001403
20308,,7,1,0,1,1,0,1,0,0,0,0,0,0.001403
8928,,53,4,8,12,4,8,12,8,0.238277,0.24734,25733.404293,0.083333,0.002176
20797,,7,1,0,1,1,0,1,0,0,0,0,0,0.001403
18690,,7,1,1,2,1,1,2,8,0.224976,0.232526,0,0,0.001403
22567,,7,1,0,1,1,0,1,0,0,0,0,0,0.001403
7882,,61,1,2,3,1,2,3,8,0.224981,0.232562,25975,0,0.001403
11658,,62,3,5,8,3,5,8,8,0.224995,0.232659,0,0.433333,0.001766
27251,,62,3,5,8,3,5,8,8,0.224995,0.232659,0,0.433333,0.001766
27252,,62,4,0,4,4,0,4,0,0,0,0,0.75,0.001961
27253,,62,4,0,4,4,0,4,0,0,0,0,0.75,0.001961
11081,,53,4,0,4,4,0,4,0,0,0,0,0.416667,0.001981
15569,,7,1,1,2,1,1,2,8,0.261476,0.272569,0,0.5,0.001403
9543,,7,2,6,8,2,6,8,8,0.260835,0.27158,23034.731534,0.107143,0.001571
34809,,7,1,0,1,1,0,1,0,0,0,0,0,0.001403
7849,,39,6,3,9,6,3,9,9,0.22856,0.236204,28253.290146,0.035714,0.002745
798,,41,4,10,14,4,10,14,8,0.237339,0.246642,56189.289205,0.147436,0.002286
4807,,41,11,21,32,11,21,32,8,0.267278,0.280557,124172.840997,0.118462,0.005578
25958,,41,1,0,1,1,0,1,0,0,0,0,0,0.000204
28869,,41,1,0,1,1,0,1,0,0,0,0,0,0.000204
800,,36,1,0,1,1,0,1,0,0,0,0,0,0.000247
21329,,36,1,1,2,1,1,2,9,0.184364,0.188464,0,0,0.000247
26788,,36,1,1,2,1,1,2,9,0.218864,0.22542,436.700537,0,0.000247
28043,,36,1,0,1,1,0,1,0,0,0,0,0,0.000247
25875,,7,1,1,2,1,1,2,9,0.217162,0.223041,0,1,0.00024
31137,,7,4,3,7,4,3,7,9,0.217556,0.223594,55814.50235,0.2,0.000767
24655,,7,1,0,1,1,0,1,0,0,0,0,0,0.000524
16252,,7,1,7,8,1,7,8,8,0.275701,0.287998,27771.614133,0.125,0.000524
28738,,7,1,1,2,1,1,2,9,0.21716,0.223032,0,0,0.000524
4149,,7,2,1,3,2,1,3,8,0.26276,0.27347,18825,0.166667,0.000421
6114,,7,1,3,4,1,3,4,9,0.231119,0.239004,29.41614,0,0.000248
32498,,7,4,4,8,4,4,8,8,0.24604,0.254701,28713.937914,0.25,0.002517
804,,32,0,2,2,0,2,2,8,0.234988,0.243102,0,0,0
3026,,16,3,1,4,3,1,4,9,0.213222,0.21981,18826,0.333333,0.00283
6380,,16,2,0,2,2,0,2,0,0,0,0,0.5,0.002098
12092,,16,1,1,2,1,1,2,9,0.195072,0.2003,195.071093,0.5,0.001878
9231,,16,2,1,3,2,1,3,9,0.229175,0.237186,0,0.5,0.002098
16232,,16,3,0,3,3,0,3,0,0,0,0,0.5,0.002336
17033,,16,1,1,2,1,1,2,8,0.234262,0.242056,108.941092,0.5,0.001878
9847,,16,2,4,6,2,4,6,8,0.272856,0.284625,3300.191343,0.2,0.002052
6625,,16,6,10,16,6,10,16,8,0.248732,0.25843,127651.059097,0.071429,0.003335
20532,,16,2,0,2,2,0,2,0,0,0,0,0,0.002489
23252,,16,3,3,6,3,3,6,9,0.228139,0.235443,1084.116365,0.133333,0.003298
20099,,16,5,4,9,5,4,9,8,0.237867,0.246852,1887.860961,0.433333,0.004722
15982,,16,1,1,2,1,1,2,9,0.229175,0.237186,0,0,0.001878
32424,,16,1,1,2,1,1,2,1,1,1,190.160613,0,0.001878
32610,,16,1,0,1,1,0,1,0,0,0,0,0,0.001878
33415,,16,1,0,1,1,0,1,0,0,0,0,0,0.001878
10201,,16,2,3,5,2,3,5,9,0.237175,0.246827,287.425574,0.5,0.00273
16824,,14,2,1,3,2,1,3,8,0.219696,0.225868,18826,0.166667,0.002046
6413,,41,2,2,4,2,2,4,9,0.217745,0.224292,62.958194,0.666667,0.001151
33940,,7,1,1,2,1,1,2,9,0.219517,0.225986,0,0,0.000652
2243,,7,1,2,3,1,2,3,10,0.175611,0.178897,25991.138689,0,0.00125
5634,,7,1,1,2,1,1,2,9,0.209259,0.21489,0,0.5,0.00125
3424,,7,3,14,17,3,14,17,8,0.270325,0.283012,2252.914905,0.180952,0.001614
10765,,7,1,0,1,1,0,1,0,0,0,0,0,0.00125
3586,,7,2,5,7,2,5,7,8,0.256852,0.266942,1162.862687,0.2,0.001419
20754,,16,2,1,3,2,1,3,8,0.229013,0.236305,19066.30291,0,0.001419
21806,,7,1,1,2,1,1,2,8,0.239632,0.247475,0,0,0.00125
22969,,7,3,8,11,3,8,11,8,0.270384,0.282535,1440.324677,0.2,0.002064
16991,,7,5,25,30,5,25,30,8,0.279073,0.293012,81760.828247,0.157471,0.00255
10291,,7,1,1,2,1,1,2,10,0.182683,0.186206,25974,0,0.00125
1499,,16,2,6,8,2,6,8,8,0.253467,0.263739,29773.100439,0.119048,0.001601
811,,7,6,5,11,6,5,11,8,0.221981,0.229496,27901.667237,0.069444,0.00214
12080,,7,1,0,1,1,0,1,0,0,0,0,0,0.000208
15130,,7,3,5,8,3,5,8,9,0.24307,0.252426,3117.493609,0.071429,0.0012
2398,,7,10,14,24,10,14,24,8,0.273011,0.28602,38629.740612,0.092105,0.003487
5853,,7,2,0,2,2,0,2,0,0,0,0,0,0.001148
6211,,7,3,0,3,3,0,3,0,0,0,0,1,0.001399
7265,,7,1,0,1,1,0,1,0,0,0,0,0,0.000919
10190,,7,1,0,1,1,0,1,0,0,0,0,0,0.000919
8053,,7,10,4,14,10,4,14,9,0.211664,0.217676,47679.745875,0.082418,0.003531
12472,,7,4,4,8,4,4,8,8,0.225572,0.233159,846.095801,0.4,0.001847
12194,,7,2,2,4,2,2,4,9,0.214651,0.220759,26.300964,0.5,0.001258
3052,,1,3,3,6,3,3,6,8,0.252376,0.26234,13174.574356,0.033333,0.001747
16171,,7,2,3,5,2,3,5,9,0.216416,0.222591,571.801943,0.05,0.001092
24647,,7,1,0,1,1,0,1,0,0,0,0,0,0.000919
30343,,7,1,0,1,1,0,1,0,0,0,0,0,0.000919
14511,,67,3,3,6,3,3,6,9,0.207143,0.21255,1598.53652,0,0.001369
7461,,7,5,15,20,5,15,20,8,0.278072,0.291471,36029.064758,0.17619,0.002966
813,,7,1,4,5,1,4,5,8,0.248014,0.257103,25500.010741,0.05,0.000828
3869,,65,3,1,4,3,1,4,10,0.178881,0.182507,620.223214,0,0.000535
23365,,7,1,0,1,1,0,1,0,0,0,0,0,0.000281
6017,,41,2,1,3,2,1,3,8,0.227761,0.235123,0,1,0.000753
7105,,41,3,0,3,3,0,3,0,0,0,0,0,0.000979
1367,,41,12,45,57,12,45,57,7,0.29493,0.311993,228432.116673,0.086122,0.006631
11813,,7,1,0,1,1,0,1,0,0,0,0,0,0.00048
14011,,7,1,0,1,1,0,1,0,0,0,0,0,0.00048
15855,,41,4,0,4,4,0,4,0,0,0,0,0.083333,0.001066
18981,,7,1,0,1,1,0,1,0,0,0,0,0,0.00048
18905,,7,2,1,3,2,1,3,9,0.222495,0.229178,13.897264,0.333333,0.002279
9591,,41,9,6,15,9,6,15,8,0.223608,0.230588,48173.255778,0.071429,0.002726
19762,,41,5,1,6,5,1,6,9,0.205157,0.210706,19148.99897,0.15,0.001433
20336,,7,1,0,1,1,0,1,0,0,0,0,0,0.00048
24542,,41,3,3,6,3,3,6,8,0.236113,0.244688,151.228983,0.416667,0.002291
29993,,41,1,3,4,1,3,4,8,0.257548,0.268738,20.651277,0.416667,0.00048
31428,,7,1,0,1,1,0,1,0,0,0,0,0,0.00048
11629,,41,1,5,6,1,5,6,8,0.263758,0.274278,7421.868462,0.1,0.00048
35278,,7,1,0,1,1,0,1,0,0,0,0,0,0.00048
12930,,7,2,4,6,2,4,6,8,0.265215,0.276493,18849.797221,0.233333,0.000649
1450,,67,4,0,4,4,0,4,0,0,0,0,0,0.001636
2082,,36,2,1,3,2,1,3,10,0.167229,0.169768,25974.532258,0,0.000692
8232,,7,2,4,6,2,4,6,8,0.274748,0.28762,738.624496,0.4,0.000862
10177,,7,1,0,1,1,0,1,0,0,0,0,0,0.000341
10178,,7,1,0,1,1,0,1,0,0,0,0,0,0.000341
4016,,7,7,0,7,7,0,7,0,0,0,0,0.095238,0.003143
12095,,7,1,1,2,1,1,2,9,0.200798,0.205195,10.382614,0,0.000341
8944,,7,2,1,3,2,1,3,9,0.211897,0.217669,114.996158,0,0.00059
13094,,7,1,6,7,1,6,7,8,0.264388,0.276146,26494.681517,0.190476,0.000341
16117,,7,1,0,1,1,0,1,0,0,0,0,0,0.000341
17217,,7,1,0,1,1,0,1,0,0,0,0,0,0.000341
17819,,7,1,0,1,1,0,1,0,0,0,0,0,0.000341
10900,,41,26,1,27,26,1,27,10,0.173416,0.176689,57646.691714,0.093846,0.01109
20446,,7,1,0,1,1,0,1,0,0,0,0,0,0.000341
15047,,53,1,1,2,1,1,2,9,0.22046,0.22732,381.797874,0,0.000341
16753,,7,7,0,7,7,0,7,0,0,0,0,0.047619,0.002146
18060,,69,3,4,7,3,4,7,7,0.279272,0.291745,32449.334502,0.233333,0.001001
25309,,7,2,3,5,2,3,5,10,0.184429,0.188138,136.801631,0.05,0.000515
30483,,7,1,0,1,1,0,1,0,0,0,0,0,0.000341
32446,,7,1,0,1,1,0,1,0,0,0,0,0,0.000341
31142,,7,5,0,5,5,0,5,0,0,0,0,0.05,0.003543
5934,,16,6,13,19,6,13,19,8,0.250003,0.261346,14380.532192,0.214286,0.002603
7606,,16,5,7,12,5,7,12,8,0.248992,0.259585,11499.936184,0.111111,0.001685
4113,,7,2,3,5,2,3,5,10,0.191302,0.195778,12351.366088,0.05,0.001058
26700,,7,1,4,5,1,4,5,8,0.247655,0.256943,298.346505,0.5,0.000636
819,,16,0,2,2,0,2,2,8,0.230328,0.238341,0,0,0
820,,16,0,4,4,0,4,4,8,0.271646,0.284119,0,0.583333,0
822,,16,1,1,2,1,1,2,9,0.213217,0.21925,0,0,0.000334
8971,,16,1,0,1,1,0,1,0,0,0,0,0,0.000334
9874,,16,2,1,3,2,1,3,9,0.213217,0.21925,110.18294,0,0.000551
12529,,16,5,5,10,5,5,10,9,0.206351,0.212145,213316.571452,0,0.001364
16628,,16,1,0,1,1,0,1,0,0,0,0,0,0.000334
15395,,16,1,2,3,1,2,3,8,0.244964,0.255171,372.543606,0,0.000334
24129,,16,1,0,1,1,0,1,0,0,0,0,0,0.000334
9784,,41,7,2,9,7,2,9,9,0.228194,0.236264,20607.520485,0.069444,0.003277
1801,,41,5,1,6,5,1,6,9,0.211051,0.216879,617.723294,0.2,0.003145
1323,,41,5,13,18,5,13,18,8,0.267506,0.279904,124349.625965,0.129167,0.00374
3070,,41,2,0,2,2,0,2,0,0,0,0,0,0.001725
3791,,41,3,0,3,3,0,3,0,0,0,0,0.5,0.00165
4055,,41,1,2,3,1,2,3,8,0.226702,0.234693,26620.207854,0,0.001225
9189,,41,3,0,3,3,0,3,0,0,0,0,1,0.002702
14819,,41,1,0,1,1,0,1,0,0,0,0,0,0.001225
17880,,41,1,0,1,1,0,1,0,0,0,0,0,0.001225
1459,,7,4,17,21,4,17,21,8,0.270741,0.283304,46596.7802,0.115789,0.002149
21206,,41,1,0,1,1,0,1,0,0,0,0,0,0.001225
22200,,41,7,6,13,7,6,13,8,0.242356,0.251306,4595.780327,0.267857,0.003167
3792,,41,7,13,20,7,13,20,8,0.252915,0.263643,58316.995513,0.142857,0.003618
10074,,41,3,7,10,3,7,10,8,0.260835,0.272548,18810.349699,0.232143,0.002167
4459,,7,4,8,12,4,8,12,8,0.263743,0.27547,6748.715242,0.233333,0.004235
23047,,16,9,13,22,9,13,22,8,0.267005,0.279683,52882.082493,0.140351,0.004695
17698,,16,3,2,5,3,2,5,8,0.247841,0.257017,531.74685,0.166667,0.002458
11952,,41,2,0,2,2,0,2,0,0,0,0,1,0.001451
3793,,41,4,6,10,4,6,10,8,0.2472,0.256682,314.181131,0.236111,0.0018
34312,,41,1,2,3,1,2,3,8,0.2423,0.251119,0,1,0.001225
35119,,41,1,1,2,1,1,2,8,0.226669,0.234619,0,0,0.001225
34683,,41,1,1,2,1,1,2,8,0.226669,0.234619,0,0,0.001225
13721,,7,2,2,4,2,2,4,9,0.241743,0.250554,438.422859,0.166667,0.000528
1426,,36,6,3,9,6,3,9,8,0.272501,0.284162,16825.519073,0.339286,0.001679
1427,,36,3,10,13,3,10,13,8,0.262819,0.274419,9152.012823,0.311111,0.000963
10527,,36,17,4,21,17,4,21,9,0.214744,0.22114,125515.90728,0.088235,0.003466
26277,,36,2,0,2,2,0,2,0,0,0,0,1,0.00047
3863,,36,1,1,2,1,1,2,10,0.177323,0.180778,29.204751,0,0.000311
10073,,36,1,2,3,1,2,3,9,0.214666,0.220974,0,1,0.000311
10566,,36,1,5,6,1,5,6,9,0.222353,0.228923,0,0.7,0.000311
17031,,36,1,3,4,1,3,4,9,0.200113,0.205123,377.844437,0.833333,0.000369
28429,,16,6,1,7,6,1,7,8,0.25002,0.260329,20730.611734,0.095238,0.002654
832,,16,1,3,4,1,3,4,9,0.234049,0.242757,332.779669,0.25,0.00039
4739,,16,3,6,9,3,6,9,8,0.257834,0.269546,3549.448088,0.208333,0.001912
2399,,7,1,0,1,1,0,1,0,0,0,0,0,0.000828
3955,,39,3,3,6,3,3,6,9,0.211854,0.217881,19720.519929,0.1,0.001284
1842,,7,1,5,6,1,5,6,8,0.233898,0.24204,26708.727403,0.066667,0.000828
20673,,7,1,0,1,1,0,1,0,0,0,0,0,0.000828
5020,,7,2,1,3,2,1,3,9,0.22012,0.22715,0,0.5,0.000996
8190,,2,13,13,26,13,13,26,8,0.274032,0.287044,114333.822348,0.106061,0.004271
28168,,7,1,0,1,1,0,1,0,0,0,0,0,0.000828
2200,,7,2,5,7,2,5,7,8,0.266499,0.278365,234.929551,0.666667,0.00124
27273,,16,3,0,3,3,0,3,0,0,0,0,0,0.001187
13099,,16,1,0,1,1,0,1,0,0,0,0,0,0.000533
18785,,16,8,10,18,8,10,18,8,0.251275,0.261207,290847.144244,0.0625,0.002821
20593,,16,1,2,3,1,2,3,9,0.205374,0.21105,0,0.5,0.000533
8727,,36,3,4,7,3,4,7,8,0.263422,0.274311,73318.226532,0.095238,0.001291
22539,,16,2,0,2,2,0,2,0,0,0,0,1,0.001123
9455,,7,3,5,8,3,5,8,8,0.229728,0.237617,433.339765,0.321429,0.000828
11495,,7,4,4,8,4,4,8,8,0.262797,0.273592,52524.805747,0.035714,0.001416
13251,,7,1,4,5,1,4,5,8,0.265387,0.276717,624.059269,0.333333,0.000402
9456,,7,2,2,4,2,2,4,9,0.229557,0.236859,269.439227,0.083333,0.000588
22434,,7,2,0,2,2,0,2,0,0,0,0,0,0.000586
8438,,16,1,1,2,1,1,2,9,0.220458,0.227371,0,0,0.000716
12621,,16,2,1,3,2,1,3,9,0.220458,0.227371,18826,0,0.000884
17390,,16,1,1,2,1,1,2,9,0.220458,0.227371,0,0,0.000716
10694,,16,5,5,10,5,5,10,8,0.251759,0.261768,24589.516518,0.125,0.001945
15644,,16,1,1,2,1,1,2,9,0.220458,0.227371,0,0,0.000716
20065,,16,1,0,1,1,0,1,0,0,0,0,0,0.000716
10577,,16,8,5,13,8,5,13,9,0.229569,0.237326,109528.889494,0.011111,0.003331
27759,,16,1,0,1,1,0,1,0,0,0,0,0,0.000716
28773,,16,3,2,5,3,2,5,8,0.236537,0.24598,19006.02215,0.3,0.001909
29255,,16,1,2,3,1,2,3,9,0.239596,0.248289,1834.050166,0,0.000716
29615,,16,1,0,1,1,0,1,0,0,0,0,0,0.000716
13708,,16,1,1,2,1,1,2,9,0.220458,0.227371,0,0,0.000716
30043,,16,1,0,1,1,0,1,0,0,0,0,0,0.000716
32040,,16,1,1,2,1,1,2,1,1,1,25976,0,0.000716
32435,,16,1,0,1,1,0,1,0,0,0,0,0,0.000716
32917,,16,1,0,1,1,0,1,0,0,0,0,0,0.000716
8471,,16,1,4,5,1,4,5,8,0.239024,0.248842,73.532616,0.666667,0.000716
6748,,16,1,0,1,1,0,1,0,0,0,0,0,0.000591
12210,,16,1,1,2,1,1,2,9,0.224799,0.232215,0,0,0.000591
21933,,16,1,0,1,1,0,1,0,0,0,0,0,0.000591
2679,,7,7,9,16,7,9,16,8,0.259898,0.270571,65792.258007,0.098485,0.003319
8206,,41,2,4,6,2,4,6,8,0.265716,0.276467,653.851814,0.3,0.000947
22372,,16,1,2,3,1,2,3,9,0.225237,0.232752,28.04878,0.5,0.000591
22795,,16,2,1,3,2,1,3,9,0.227653,0.235502,18826,0.166667,0.000759
29548,,16,1,0,1,1,0,1,0,0,0,0,0,0.000591
31838,,16,1,0,1,1,0,1,0,0,0,0,0,0.000591
32809,,16,1,0,1,1,0,1,0,0,0,0,0,0.000591
33833,,16,2,0,2,2,0,2,0,0,0,0,1,0.000943
1620,,14,2,0,2,2,0,2,0,0,0,0,0,0.001052
3776,,14,5,4,9,5,4,9,8,0.273781,0.286549,50172.886702,0.196429,0.00183
7228,,14,1,0,1,1,0,1,0,0,0,0,0,0.000879
9007,,14,1,0,1,1,0,1,0,0,0,0,0,0.000879
8329,,14,5,10,15,5,10,15,8,0.250219,0.261732,130558.76098,0.075758,0.0017
10209,,14,2,0,2,2,0,2,0,0,0,0,1,0.001191
12425,,14,5,3,8,5,3,8,10,0.184625,0.188924,26069.01267,0.142857,0.001682
12577,,14,1,1,2,1,1,2,8,0.236841,0.24458,1127.090431,0,0.000879
15070,,12,3,4,7,3,4,7,8,0.241749,0.249996,9425.019664,0.119048,0.002534
4145,,14,4,9,13,4,9,13,9,0.247753,0.257968,57588.85918,0.090909,0.001696
17347,,14,1,2,3,1,2,3,9,0.225038,0.232588,0,1,0.000879
19314,,14,4,1,5,4,1,5,9,0.225033,0.232553,0,0.666667,0.001576
23117,,14,3,1,4,3,1,4,10,0.184616,0.188848,4.902505,0.583333,0.001257
24329,,14,1,0,1,1,0,1,0,0,0,0,0,0.000879
25233,,14,2,0,2,2,0,2,0,0,0,0,0.5,0.00108
10794,,14,2,2,4,2,2,4,9,0.225043,0.232601,19503.230867,0,0.001052
26947,,14,2,1,3,2,1,3,9,0.225033,0.232553,18826,0,0.001047
28000,,14,1,0,1,1,0,1,0,0,0,0,0,0.000879
28162,,14,1,0,1,1,0,1,0,0,0,0,0,0.000879
22167,,14,1,1,2,1,1,2,9,0.234855,0.243134,394.100435,0,0.000879
28819,,14,1,1,2,1,1,2,9,0.225033,0.232553,0,0,0.000879
27604,,14,2,2,4,2,2,4,9,0.225035,0.232579,0,1,0.001064
22661,,14,2,3,5,2,3,5,9,0.225041,0.232615,25975.5,0.333333,0.001059
18136,,14,1,3,4,1,3,4,9,0.225041,0.232615,0,0.333333,0.000879
33557,,14,2,2,4,2,2,4,9,0.225035,0.232579,0,1,0.001064
35449,,14,2,0,2,2,0,2,0,0,0,0,0,0.001081
7476,,7,2,1,3,2,1,3,9,0.212086,0.217786,6.257651,0.333333,0.001039
2460,,7,2,8,10,2,8,10,9,0.227667,0.235821,445.280733,0.111111,0.000482
26089,,7,1,0,1,1,0,1,0,0,0,0,0,0.000314
32302,,7,3,0,3,3,0,3,0,0,0,0,0.166667,0.001253
33888,,1,4,0,4,4,0,4,0,0,0,0,0,0.00169
6100,,7,1,1,2,1,1,2,8,0.229888,0.237488,67.525187,0,0.000426
18836,,3,1,1,2,1,1,2,1,1,1,25976,0,0.000426
16138,,7,2,3,5,2,3,5,8,0.225799,0.233512,1429.365916,0.083333,0.000745
6901,,67,2,2,4,2,2,4,8,0.245937,0.254049,7930.499119,0,0.000471
20961,,67,2,0,2,2,0,2,0,0,0,0,0.5,0.000462
844,,63,0,1,1,0,1,1,9,0.20809,0.213256,0,0,0
845,,63,1,1,2,1,1,2,8,0.262756,0.273466,18827,0,0.000168
4696,,36,2,1,3,2,1,3,10,0.174765,0.178012,228.018277,0,0.000944
1534,,16,1,2,3,1,2,3,9,0.226157,0.23299,2523.343959,0,0.000759
6875,,7,2,0,2,2,0,2,0,0,0,0,0.5,0.000927
7716,,41,3,2,5,3,2,5,9,0.204167,0.209054,37684.672824,0.05,0.001095
8831,,53,1,2,3,1,2,3,9,0.230716,0.238356,97.811675,0,0.000759
9308,,7,1,0,1,1,0,1,0,0,0,0,0,0.000759
21314,,7,1,0,1,1,0,1,0,0,0,0,0,0.000759
23946,,7,1,0,1,1,0,1,0,0,0,0,0,0.000759
2651,,7,1,0,1,1,0,1,0,0,0,0,0,0.000757
7720,,7,2,0,2,2,0,2,0,0,0,0,0.5,0.000925
25764,,7,2,3,5,2,3,5,9,0.230285,0.238241,26004.01433,0.25,0.001096
17371,,7,6,7,13,6,7,13,8,0.263585,0.274638,37696.011974,0.185897,0.002006
31640,,7,1,0,1,1,0,1,0,0,0,0,0,0.000757
32922,,7,1,0,1,1,0,1,0,0,0,0,0,0.000757
2488,,1,12,10,22,12,10,22,8,0.241124,0.249768,118993.276599,0.104167,0.002882
1279,,1,4,6,10,4,6,10,8,0.265473,0.277,16458.172248,0.263889,0.001767
3434,,1,4,3,7,4,3,7,9,0.213357,0.219692,2141.81384,0.2,0.002091
6265,,1,3,2,5,3,2,5,9,0.211533,0.217815,284.495794,0.416667,0.00194
5194,,1,5,7,12,5,7,12,8,0.230296,0.23838,11709.82645,0.263889,0.001693
3892,,1,5,3,8,5,3,8,8,0.239015,0.24685,2098.553271,0.166667,0.001669
4374,,1,1,3,4,1,3,4,8,0.227898,0.235669,500.59719,0.333333,0.000863
11411,,1,2,1,3,2,1,3,9,0.211014,0.217209,253.418434,0,0.001038
4609,,1,2,4,6,2,4,6,9,0.22173,0.228592,26228.474435,0.3,0.001097
11982,,1,2,4,6,2,4,6,8,0.233024,0.240507,467.070309,0.166667,0.001245
11614,,1,1,2,3,1,2,3,9,0.213239,0.219532,0,1,0.000863
13553,,1,5,1,6,5,1,6,9,0.211014,0.217209,56478,0.05,0.001536
26153,,1,1,0,1,1,0,1,0,0,0,0,0,0.000863
2713,,1,6,2,8,6,2,8,9,0.211021,0.217253,52.579062,0.233333,0.001866
13179,,1,2,3,5,2,3,5,8,0.230031,0.237972,144.73862,0.666667,0.001097
35154,,1,1,0,1,1,0,1,0,0,0,0,0,0.000863
853,,7,0,2,2,0,2,2,9,0.210505,0.216346,0,0,0
6706,,7,1,0,1,1,0,1,0,0,0,0,0,0.000168
25757,,41,6,0,6,6,0,6,0,0,0,0,0,0.001693
2322,,2,2,2,4,2,2,4,9,0.213978,0.219996,0,1,0.000622
1359,,2,6,7,13,6,7,13,9,0.214867,0.22111,56892.319294,0.111111,0.00134
10945,,2,1,0,1,1,0,1,0,0,0,0,0,0.000422
19257,,2,2,1,3,2,1,3,9,0.213444,0.219359,124.035655,0,0.000968
19874,,2,1,0,1,1,0,1,0,0,0,0,0,0.000422
5235,,2,4,3,7,4,3,7,9,0.21399,0.220049,17.393942,0.583333,0.001013
22290,,2,1,0,1,1,0,1,0,0,0,0,0,0.000422
13669,,2,2,1,3,2,1,3,1,1,1,25976,0,0.00059
9489,,14,2,4,6,2,4,6,8,0.240508,0.248419,735.5529,0,0.001127
9681,,2,3,3,6,3,3,6,8,0.220877,0.227316,3140.332645,0.166667,0.001105
21882,,14,1,0,1,1,0,1,0,0,0,0,0,0.000638
23187,,36,2,0,2,2,0,2,0,0,0,0,0,0.000858
11627,,41,8,11,19,8,11,19,8,0.238343,0.247808,103817.648867,0.080882,0.003702
27803,,14,1,1,2,1,1,2,8,0.219691,0.225855,0,0,0.000638
19081,,16,2,0,2,2,0,2,0,0,0,0,0,0.001337
858,,64,0,1,1,0,1,1,1,1,1,0,0,0
859,,64,1,0,1,1,0,1,0,0,0,0,0,0.000168
860,,32,0,1,1,0,1,1,1,1,1,0,0,0
3731,,53,8,14,22,8,14,22,8,0.249824,0.260248,104069.125039,0.065789,0.002399
2084,,53,3,4,7,3,4,7,9,0.226331,0.233536,78378.960375,0.066667,0.000991
1724,,53,5,8,13,5,8,13,8,0.265017,0.276627,59879.960912,0.106061,0.001483
7843,,53,2,7,9,2,7,9,8,0.263999,0.27525,27408.318744,0.047619,0.000953
12179,,53,3,1,4,3,1,4,1,1,1,25976,0.333333,0.001152
22887,,53,1,0,1,1,0,1,0,0,0,0,0,0.000581
8664,,53,1,2,3,1,2,3,9,0.21714,0.22371,0,1,0.000581
25972,,53,1,0,1,1,0,1,0,0,0,0,0,0.000581
27135,,53,1,1,2,1,1,2,9,0.210248,0.215796,0,1,0.000581
2405,,1,5,5,10,5,5,10,9,0.222685,0.229009,90869.737728,0,0.00133
15324,,53,1,3,4,1,3,4,9,0.213512,0.219742,7268.522535,0.333333,0.000581
35136,,53,1,0,1,1,0,1,0,0,0,0,0,0.000581
8249,,53,2,2,4,2,2,4,9,0.216912,0.223084,39.333262,0.666667,0.000873
866,,36,17,2,19,17,2,19,9,0.208765,0.214597,214257.779777,0.026144,0.003678
21402,,36,1,2,3,1,2,3,9,0.208765,0.214597,0,1,0.00032
17151,,36,1,1,2,1,1,2,9,0.20876,0.214562,0,0,0.00032
27846,,36,1,1,2,1,1,2,9,0.20876,0.214562,0,0,0.00032
33080,,36,1,0,1,1,0,1,0,0,0,0,0,0.000256
1299,,7,9,10,19,9,10,19,8,0.242303,0.250782,25095.210884,0.095833,0.003006
33614,,7,3,4,7,3,4,7,8,0.237053,0.245425,2990.112185,0.095238,0.001427
870,,16,4,22,26,4,22,26,8,0.283935,0.299082,19133.968386,0.188333,0.002094
21505,,7,1,0,1,1,0,1,0,0,0,0,0,0.000353
6246,,1,1,3,4,1,3,4,9,0.233417,0.241335,323.680631,0.333333,0.000353
26444,,7,2,1,3,2,1,3,8,0.261476,0.272569,18825,0.333333,0.000528
26648,,7,3,3,6,3,3,6,9,0.236356,0.244125,438.951754,0.333333,0.001919
33228,,7,1,1,2,1,1,2,9,0.207287,0.212648,0,0.5,0.000353
1126,,7,1,0,1,1,0,1,0,0,0,0,0,0.000852
12452,,7,5,0,5,5,0,5,0,0,0,0,0.15,0.003521
15565,,16,2,2,4,2,2,4,9,0.206952,0.212823,794.614966,0,0.001077
21459,,365,2,0,2,2,0,2,0,0,0,0,0,0.00102
27956,,7,2,0,2,2,0,2,0,0,0,0,0,0.00102
33117,,42,4,3,7,4,3,7,1,1,1,51960.285714,0,0.001475
873,,7,0,1,1,0,1,1,8,0.237667,0.245207,0,0,0
874,,81,0,1,1,0,1,1,9,0.224787,0.232402,0,0,0
10001,,7,1,0,1,1,0,1,0,0,0,0,0,0.000358
12224,,7,1,1,2,1,1,2,9,0.224742,0.232056,0,0.5,0.000358
13468,,12,4,0,4,4,0,4,0,0,0,0,0,0.001347
15361,,14,2,0,2,2,0,2,0,0,0,0,0,0.000871
23525,,7,1,0,1,1,0,1,0,0,0,0,0,0.000358
877,,16,0,6,6,0,6,6,8,0.248024,0.257016,0,0.3,0
1402,,16,9,44,53,9,44,53,8,0.275174,0.29007,322066.745074,0.089096,0.002689
4119,,16,4,15,19,4,15,19,8,0.267753,0.279639,44656.37626,0.158333,0.000992
2767,,16,3,2,5,3,2,5,9,0.212928,0.219163,39.364541,0.65,0.001387
7936,,16,4,3,7,4,3,7,9,0.229566,0.236773,0,1,0.001875
14074,,16,1,0,1,1,0,1,0,0,0,0,0,0.000401
16071,,16,1,0,1,1,0,1,0,0,0,0,0,0.000401
1354,,16,7,3,10,7,3,10,9,0.229566,0.236773,20042.91924,0.452381,0.002311
22463,,16,1,0,1,1,0,1,0,0,0,0,0,0.000401
3405,,16,3,4,7,3,4,7,8,0.227736,0.235312,2445.771256,0.047619,0.000864
14409,,16,3,3,6,3,3,6,9,0.226904,0.234224,26294.619362,0.35,0.000765
2765,,16,4,2,6,4,2,6,8,0.237438,0.245853,4970.272388,0.333333,0.000992
25559,,16,2,0,2,2,0,2,0,0,0,0,1,0.000735
32667,,16,1,2,3,1,2,3,9,0.226899,0.234189,0,1,0.000401
10673,,16,1,0,1,1,0,1,0,0,0,0,0,0.000763
914,,16,4,7,11,4,7,11,9,0.238836,0.247792,23024.711519,0.180556,0.001491
13921,,16,3,0,3,3,0,3,0,0,0,0,1,0.001358
3662,,16,1,0,1,1,0,1,0,0,0,0,0,0.000256
31938,,7,1,3,4,1,3,4,8,0.242188,0.250685,25984.312041,0.083333,0.000412
16102,,16,5,3,8,5,3,8,8,0.239328,0.247555,227.48264,0.238095,0.002909
19421,,7,1,0,1,1,0,1,0,0,0,0,0,0.001491
884,,7,4,24,28,4,24,28,7,0.300778,0.316858,22961.09551,0.206349,0.002456
1871,,41,2,5,7,2,5,7,8,0.234134,0.242708,59.152144,0.5,0.00157
11073,,41,4,0,4,4,0,4,0,0,0,0,1,0.003535
11242,,41,3,2,5,3,2,5,9,0.214027,0.220154,0,1,0.002207
14442,,41,6,2,8,6,2,8,8,0.235625,0.243943,219.649111,0.690476,0.005114
16877,,41,9,0,9,9,0,9,0,0,0,0,0,0.002075
1250,,41,12,9,21,12,9,21,8,0.274764,0.288493,90882.234201,0.139474,0.002511
22936,,16,4,0,4,4,0,4,0,0,0,0,0,0.001046
16351,,41,28,17,45,28,17,45,8,0.246714,0.25696,134753.531261,0.101351,0.012311
4904,,41,2,1,3,2,1,3,9,0.213915,0.219933,0,1,0.001732
1410,,41,2,2,4,2,2,4,8,0.231383,0.239329,591.088013,0.5,0.001984
1161,,41,10,14,24,10,14,24,8,0.249259,0.25988,35379.441702,0.181818,0.005458
4349,,16,2,6,8,2,6,8,8,0.246472,0.25604,31475.457369,0.142857,0.001468
28138,,41,1,0,1,1,0,1,0,0,0,0,0,0.000486
18858,,41,1,1,2,1,1,2,9,0.213915,0.219933,0,0,0.000486
33274,,41,1,0,1,1,0,1,0,0,0,0,0,0.000486
34154,,41,1,1,2,1,1,2,9,0.213915,0.219933,0,0,0.000486
34752,,7,1,0,1,1,0,1,0,0,0,0,0,0.000235
892,,2,0,1,1,0,1,1,1,1,1,0,0,0
3581,,16,2,2,4,2,2,4,9,0.228726,0.236442,19120.969786,0,0.000518
6694,,16,2,1,3,2,1,3,9,0.201771,0.206862,0,0.5,0.000518
14705,,16,1,1,2,1,1,2,9,0.201771,0.206862,0,0,0.00035
7600,,16,6,7,13,6,7,13,8,0.234271,0.241735,55882.768551,0.05303,0.002134
32071,,16,1,0,1,1,0,1,0,0,0,0,0,0.00035
33395,,16,1,0,1,1,0,1,0,0,0,0,0,0.00035
17759,,16,3,3,6,3,3,6,7,0.297198,0.312022,61977.839846,0.066667,0.001039
7077,,7,1,0,1,1,0,1,0,0,0,0,0,0.000268
8694,,7,1,1,2,1,1,2,8,0.228554,0.2356,0,0,0.000268
18057,,12,1,2,3,1,2,3,10,0.164897,0.168049,170.088463,0.166667,0.000268
12076,,67,3,2,5,3,2,5,2,0.75,0.833333,30791.941914,0.083333,0.000573
17164,,67,1,0,1,1,0,1,0,0,0,0,0,0.000214
3125,,7,3,2,5,3,2,5,8,0.236487,0.244058,350.384682,0.25,0.002364
3253,,36,2,13,15,2,13,15,8,0.246327,0.255731,131679.164503,0.021978,0.001334
3412,,36,2,0,2,2,0,2,0,0,0,0,1,0.001317
18961,,7,1,1,2,1,1,2,8,0.235658,0.243083,0,0,0.001129
19775,,7,1,3,4,1,3,4,8,0.239373,0.247727,291.886569,0.5,0.001129
22225,,7,3,4,7,3,4,7,8,0.257038,0.267755,2193.834378,0.133333,0.002
9079,,7,1,0,1,1,0,1,0,0,0,0,0,0.000556
9432,,41,6,0,6,6,0,6,0,0,0,0,0.066667,0.003976
9762,,53,3,1,4,3,1,4,8,0.260539,0.272155,10251.27172,0,0.000937
9682,,7,5,4,9,5,4,9,9,0.224098,0.231643,20063.124198,0.178571,0.002335
17111,,7,6,1,7,6,1,7,8,0.263006,0.273326,2801.785524,0.142857,0.002028
3650,,7,2,2,4,2,2,4,9,0.188804,0.193092,113.40272,0.083333,0.000738
19031,,53,7,0,7,7,0,7,0,0,0,0,0,0.002295
21125,,41,2,1,3,2,1,3,9,0.194277,0.198839,25974,0,0.000729
22456,,7,6,1,7,6,1,7,1,1,1,25977,0.119048,0.004561
25280,,53,1,1,2,1,1,2,10,0.181155,0.185014,422.015203,0,0.000556
27673,,7,2,0,2,2,0,2,0,0,0,0,0.5,0.000763
28379,,16,2,1,3,2,1,3,9,0.205639,0.211328,44.52503,0,0.001406
32223,,7,1,3,4,1,3,4,8,0.22958,0.236979,143.034002,0.333333,0.000556
35528,,7,1,0,1,1,0,1,0,0,0,0,0,0.000556
10531,,16,2,3,5,2,3,5,9,0.231665,0.239365,281.702042,0,0.001093
23292,,16,1,0,1,1,0,1,0,0,0,0,0,0.000439
9582,,36,5,3,8,5,3,8,9,0.223887,0.231102,84040.300883,0.1,0.001682
13162,,16,1,2,3,1,2,3,8,0.245642,0.253939,0,0.5,0.000439
6808,,41,4,15,19,4,15,19,8,0.269131,0.281748,16674.21619,0.125,0.002273
13330,,7,1,0,1,1,0,1,0,0,0,0,0,0.001071
19025,,7,1,0,1,1,0,1,0,0,0,0,0,0.001071
19114,,16,2,0,2,2,0,2,0,0,0,0,0,0.001889
5957,,7,2,5,7,2,5,7,8,0.272178,0.284959,167.076072,0.595238,0.001745
14936,,7,4,0,4,4,0,4,0,0,0,0,0.083333,0.001797
18717,,7,4,16,20,4,16,20,8,0.283281,0.297376,4072.931716,0.172515,0.005003
30185,,7,1,0,1,1,0,1,0,0,0,0,0,0.001071
902,,1,8,6,14,8,6,14,9,0.225626,0.233297,54529.043619,0.057692,0.002657
903,,1,1,1,2,1,1,2,9,0.222896,0.230207,0,1,0.00022
5872,,1,1,3,4,1,3,4,8,0.244123,0.252756,744.410348,0.416667,0.00022
27397,,1,15,1,16,15,1,16,9,0.222893,0.230198,57776.7629,0.066667,0.003802
904,,41,1,11,12,1,11,12,8,0.26523,0.276606,2244.459554,0.081818,0.000332
2105,,41,13,2,15,13,2,15,8,0.242891,0.251192,26271.952593,0.014286,0.002753
2071,,41,3,2,5,3,2,5,9,0.232877,0.240737,149.951659,0.05,0.000745
5870,,7,1,4,5,1,4,5,8,0.264916,0.276723,174.631741,0.2,0.000357
8459,,7,4,9,13,4,9,13,8,0.260968,0.271666,1587.270403,0.355556,0.002868
20582,,7,1,0,1,1,0,1,0,0,0,0,0,0.000357
8976,,67,9,12,21,9,12,21,8,0.24562,0.25485,54322.066185,0.179739,0.002382
10684,,7,1,0,1,1,0,1,0,0,0,0,0,0.000704
19164,,7,1,0,1,1,0,1,0,0,0,0,0,0.000704
30696,,7,1,2,3,1,2,3,8,0.239188,0.247048,25976.307213,0,0.000704
18534,,7,1,1,2,1,1,2,9,0.229706,0.237602,0,1,0.000295
4232,,7,1,0,1,1,0,1,0,0,0,0,0,0.000674
14924,,7,1,3,4,1,3,4,8,0.272312,0.283918,25975.755471,0.166667,0.000674
6442,,7,4,7,11,4,7,11,8,0.248692,0.258702,26814.200356,0.166667,0.001532
4541,,7,1,5,6,1,5,6,8,0.238286,0.246961,456.390958,0.033333,0.000674
23564,,7,1,0,1,1,0,1,0,0,0,0,0,0.000674
31534,,7,2,0,2,2,0,2,0,0,0,0,1,0.001054
910,,7,0,1,1,0,1,1,8,0.231928,0.239836,0,0,0
3799,,7,1,0,1,1,0,1,0,0,0,0,0,0.000674
8167,,7,1,0,1,1,0,1,0,0,0,0,0,0.000674
15322,,7,2,2,4,2,2,4,8,0.247805,0.256781,26059.184346,0.25,0.001361
23992,,7,1,1,2,1,1,2,8,0.247776,0.256712,0,1,0.000674
27829,,7,1,0,1,1,0,1,0,0,0,0,0,0.000674
28164,,7,1,0,1,1,0,1,0,0,0,0,0,0.000674
913,,16,4,8,12,4,8,12,8,0.235328,0.243519,33148.108123,0.354545,0.000736
5106,,12,4,0,4,4,0,4,0,0,0,0,0,0.001324
915,,7,0,1,1,0,1,1,9,0.238286,0.246733,0,0,0
3733,,16,1,1,2,1,1,2,8,0.234259,0.242047,0,0,0.00184
7011,,16,1,0,1,1,0,1,0,0,0,0,0,0.00184
7118,,16,1,0,1,1,0,1,0,0,0,0,0,0.00184
9167,,16,1,0,1,1,0,1,0,0,0,0,0,0.00184
9188,,16,1,2,3,1,2,3,8,0.234265,0.242082,25975,0,0.00184
4764,,16,1,3,4,1,3,4,8,0.238256,0.246861,87.657493,0.833333,0.00184
3574,,65,3,4,7,3,4,7,9,0.208902,0.214603,16255.283187,0.142857,0.002186
5781,,16,2,4,6,2,4,6,8,0.247769,0.256891,28873.591987,0.15,0.002086
12269,,16,1,0,1,1,0,1,0,0,0,0,0,0.00184
12850,,16,9,5,14,9,5,14,8,0.236716,0.245068,3794.877839,0.219697,0.004953
12254,,16,1,1,2,1,1,2,8,0.239855,0.247708,0,1,0.00184
15012,,16,2,1,3,2,1,3,8,0.234259,0.242047,0,1,0.002212
17252,,16,2,2,4,2,2,4,8,0.234981,0.242965,0,1,0.002212
25374,,16,1,0,1,1,0,1,0,0,0,0,0,0.00184
23907,,16,2,1,3,2,1,3,8,0.234259,0.242047,0,1,0.002867
12983,,16,3,1,4,3,1,4,8,0.234259,0.242047,0,1,0.002657
20428,,16,2,1,3,2,1,3,9,0.200905,0.205795,106.610904,0.333333,0.002141
27642,,16,1,0,1,1,0,1,0,0,0,0,0,0.00184
30186,,16,1,0,1,1,0,1,0,0,0,0,0,0.00184
30493,,16,1,0,1,1,0,1,0,0,0,0,0,0.00184
4942,,7,4,6,10,4,6,10,8,0.267403,0.279244,28672.555505,0.177778,0.003291
29899,,16,2,2,4,2,2,4,8,0.231656,0.239507,0,1,0.002867
26628,,16,1,1,2,1,1,2,8,0.234259,0.242047,0,0,0.00184
8282,,16,4,4,8,4,4,8,8,0.24522,0.254129,276.788977,0.6,0.002752
917,,67,2,2,4,2,2,4,8,0.263117,0.273856,11797.337248,0.166667,0.000396
919,,7,0,1,1,0,1,1,9,0.218685,0.225285,0,0,0
10000,,16,5,2,7,5,2,7,8,0.23903,0.247155,2466.854596,0.047619,0.001365
19989,,7,3,3,6,3,3,6,8,0.244357,0.253169,19056.991693,0.133333,0.000715
5746,,7,2,3,5,2,3,5,8,0.253682,0.264256,926.199444,0.583333,0.000455
2276,,16,1,1,2,1,1,2,9,0.211386,0.217126,0,0,0.000388
5949,,16,2,2,4,2,2,4,8,0.242797,0.252747,1134.273257,0.25,0.001147
3882,,16,2,1,3,2,1,3,9,0.211386,0.217126,5812.592641,0,0.000556
3836,,16,1,2,3,1,2,3,9,0.21139,0.217161,25974,0.5,0.000388
1165,,16,1,2,3,1,2,3,8,0.244827,0.255044,602.581876,0,0.000388
1879,,12,2,3,5,2,3,5,9,0.185533,0.189947,15592.584488,0.05,0.001528
5635,,7,2,0,2,2,0,2,0,0,0,0,1,0.002396
5793,,7,1,1,2,1,1,2,8,0.261472,0.272564,0,1,0.001224
7238,,7,1,0,1,1,0,1,0,0,0,0,0,0.001224
7724,,7,1,0,1,1,0,1,0,0,0,0,0,0.001224
9057,,7,1,1,2,1,1,2,8,0.262757,0.273467,0,0.5,0.001224
11895,,7,1,0,1,1,0,1,0,0,0,0,0,0.001224
14964,,7,1,0,1,1,0,1,0,0,0,0,0,0.001224
16101,,7,1,7,8,1,7,8,8,0.264894,0.276369,26007.553732,0.261905,0.001224
11096,,12,3,10,13,3,10,13,9,0.20345,0.209487,10358.291064,0.141026,0.002044
20113,,7,1,1,2,1,1,2,8,0.245899,0.253968,134.14097,0,0.001224
23969,,7,3,3,6,3,3,6,8,0.247171,0.256254,0,1,0.001731
24131,,7,1,7,8,1,7,8,8,0.248597,0.258104,26008.990733,0.190476,0.001224
13176,,12,1,4,5,1,4,5,9,0.187573,0.192159,1624.899513,0.2,0.001224
26063,,7,2,0,2,2,0,2,0,0,0,0,0,0.001807
27301,,12,1,1,2,1,1,2,9,0.185524,0.189878,49.166366,0,0.001224
28428,,7,5,35,40,5,35,40,8,0.290718,0.307276,31387.10836,0.160028,0.002528
5255,,7,2,2,4,2,2,4,8,0.261701,0.27282,84.667578,0.416667,0.001535
23425,,7,2,4,6,2,4,6,9,0.231224,0.238945,302.720495,0.3,0.001428
26731,,7,1,1,2,1,1,2,8,0.246934,0.255896,0,0,0.001224
31482,,7,1,2,3,1,2,3,9,0.209627,0.215122,72.902742,0,0.001224
31483,,7,1,0,1,1,0,1,0,0,0,0,0,0.001224
31806,,7,2,3,5,2,3,5,8,0.242794,0.251597,439.518501,0.15,0.002047
7237,,65,1,0,1,1,0,1,0,0,0,0,0,0.000202
7603,,65,1,0,1,1,0,1,0,0,0,0,0,0.000202
8004,,65,1,0,1,1,0,1,0,0,0,0,0,0.000202
8623,,65,2,1,3,2,1,3,9,0.216388,0.222287,22.105504,0,0.000438
3239,,65,1,3,4,1,3,4,9,0.190187,0.194295,2.333333,0.166667,0.000216
6634,,65,1,1,2,1,1,2,9,0.189958,0.193983,0,1,0.000216
25162,,7,3,0,3,3,0,3,0,0,0,0,0,0.001481
2034,,16,5,3,8,5,3,8,9,0.22789,0.235451,283.722868,0.309524,0.001638
930,,7,1,1,2,1,1,2,9,0.205356,0.210801,1102.383128,0,0.001795
931,,7,2,2,4,2,2,4,8,0.258414,0.269697,18825,0.333333,0.000824
932,,65,0,1,1,0,1,1,9,0.195014,0.200132,0,0,0
933,,7,0,1,1,0,1,1,8,0.261475,0.272568,0,0,0
934,,7,4,4,8,4,4,8,8,0.24193,0.250078,52169.982022,0.160714,0.000828
6989,,7,1,0,1,1,0,1,0,0,0,0,0,0.000188
4671,,7,1,2,3,1,2,3,8,0.241914,0.250003,0,0.666667,0.000188
14021,,7,1,0,1,1,0,1,0,0,0,0,0,0.000703
16053,,7,2,1,3,2,1,3,8,0.262757,0.273467,23526.168934,0.166667,0.000905
936,,7,0,2,2,0,2,2,8,0.233259,0.240991,0,0,0
6333,,7,10,13,23,10,13,23,8,0.263603,0.275034,256896.24369,0.03268,0.004675
13210,,2,3,1,4,3,1,4,1,1,1,33.224726,0.166667,0.000729
5881,,7,4,9,13,4,9,13,8,0.268123,0.27943,21806.531942,0.081818,0.000963
22786,,7,1,0,1,1,0,1,0,0,0,0,0,0.000371
938,,67,2,4,6,2,4,6,8,0.252956,0.262292,26197.843605,0.25,0.001131
15141,,67,1,2,3,1,2,3,9,0.229759,0.237415,15.139787,0.5,0.000187
2838,,14,1,5,6,1,5,6,8,0.238881,0.248299,469.056915,0.25,0.000764
12019,,67,3,1,4,3,1,4,8,0.263618,0.273991,238.243379,0.416667,0.002234
5700,,7,2,10,12,2,10,12,8,0.265675,0.277221,1136.996815,0.177778,0.001059
5618,,67,2,9,11,2,9,11,8,0.241976,0.251528,27936.554432,0.1,0.000932
5359,,41,2,4,6,2,4,6,9,0.211919,0.217697,7803.661756,0.1,0.001089
15907,,67,2,2,4,2,2,4,9,0.218118,0.224687,6.222584,0.666667,0.001059
12307,,67,3,4,7,3,4,7,9,0.228935,0.237399,1356.248052,0.25,0.001383
20130,,67,2,1,3,2,1,3,9,0.218121,0.224515,106.526408,0.166667,0.000944
22898,,67,1,0,1,1,0,1,0,0,0,0,0,0.000764
23234,,67,3,0,3,3,0,3,0,0,0,0,0.333333,0.001158
7323,,16,12,10,22,12,10,22,8,0.239944,0.248797,166123.623207,0.026144,0.003219
4508,,67,3,2,5,3,2,5,9,0.238048,0.246301,632.544846,0.166667,0.003276
4037,,7,6,7,13,6,7,13,8,0.266273,0.278141,16399.573374,0.072727,0.0044
12995,,67,2,0,2,2,0,2,0,0,0,0,0,0.000932
12782,,7,1,0,1,1,0,1,0,0,0,0,0,0.000328
941,,7,0,9,9,0,9,9,8,0.276912,0.290132,0,0.305556,0
944,,7,5,9,14,5,9,14,8,0.272556,0.285537,65745.143234,0.093407,0.001041
5609,,7,1,1,2,1,1,2,8,0.242478,0.251063,0,0.5,0.000194
1050,,7,1,1,2,1,1,2,9,0.21931,0.225974,0,0,0.000745
1051,,41,1,1,2,1,1,2,8,0.234096,0.24235,691.505597,0,0.000745
1052,,2,3,1,4,3,1,4,10,0.181976,0.185873,1760.69513,0.333333,0.001161
2373,,7,1,0,1,1,0,1,0,0,0,0,0,0.000745
10100,,69,1,1,2,1,1,2,10,0.185906,0.189924,82.279946,0,0.000745
9738,,7,1,3,4,1,3,4,8,0.228404,0.236523,401.422477,0.333333,0.000745
23538,,7,1,0,1,1,0,1,0,0,0,0,0,0.000745
946,,7,0,3,3,0,3,3,8,0.261966,0.273156,0,0.5,0
8413,,7,1,4,5,1,4,5,8,0.265623,0.277101,742.72202,0.15,0.000432
32927,,7,7,1,8,7,1,8,9,0.2087,0.214172,18990.066783,0.035714,0.002779
5727,,7,1,0,1,1,0,1,0,0,0,0,0,0.000423
4328,,7,1,2,3,1,2,3,9,0.214341,0.220694,0,0.5,0.000423
12799,,7,2,0,2,2,0,2,0,0,0,0,1,0.000598
15006,,7,1,0,1,1,0,1,0,0,0,0,0,0.000423
28037,,7,2,2,4,2,2,4,8,0.234253,0.241204,18860.854803,0,0.000591
949,,1,0,1,1,0,1,1,9,0.229791,0.237541,0,0,0
4023,,14,1,0,1,1,0,1,0,0,0,0,0,0.000251
10627,,1,1,0,1,1,0,1,0,0,0,0,0,0.000295
952,,7,4,4,8,4,4,8,8,0.278302,0.291405,3666.164882,0.071429,0.001607
5461,,14,1,0,1,1,0,1,0,0,0,0,0,0.000344
8997,,14,3,0,3,3,0,3,0,0,0,0,0.333333,0.001231
3759,,14,6,8,14,6,8,14,8,0.272936,0.286412,39486.205867,0.294872,0.002015
30380,,14,3,2,5,3,2,5,8,0.247926,0.257571,0,0.916667,0.001778
34138,,14,1,0,1,1,0,1,0,0,0,0,0,0.000344
15001,,14,5,2,7,5,2,7,8,0.256716,0.267689,58610.356213,0.190476,0.001037
25509,,14,2,1,3,2,1,3,8,0.247392,0.256732,0,0.833333,0.001059
34839,,14,3,3,6,3,3,6,9,0.214153,0.220543,1505.738234,0.2,0.000684
11858,,16,1,0,1,1,0,1,0,0,0,0,0,0.000818
17213,,16,1,0,1,1,0,1,0,0,0,0,0,0.000818
29078,,16,1,1,2,1,1,2,9,0.213527,0.219442,31.314291,0,0.000818
31191,,16,3,2,5,3,2,5,8,0.239294,0.247552,6.770308,0.5,0.00135
955,,16,2,4,6,2,4,6,8,0.24821,0.258556,494.3343,0.1,0.000904
12474,,16,1,1,2,1,1,2,9,0.218739,0.225259,0,0,0.000759
20490,,16,1,0,1,1,0,1,0,0,0,0,0,0.000759
31629,,16,1,0,1,1,0,1,0,0,0,0,0,0.000759
3666,,16,2,1,3,2,1,3,1,1,1,25976,0.166667,0.000724
12990,,16,2,1,3,2,1,3,1,1,1,25976,0,0.000729
13391,,16,1,1,2,1,1,2,8,0.236841,0.24458,153.907722,0,0.000556
16567,,16,1,0,1,1,0,1,0,0,0,0,0,0.000556
16901,,16,2,2,4,2,2,4,9,0.210147,0.215577,31753.723667,0.333333,0.000743
18994,,16,1,1,2,1,1,2,9,0.231283,0.238411,0,0,0.000556
10472,,16,3,3,6,3,3,6,9,0.231414,0.238625,13282.664359,0.25,0.000953
22067,,16,2,0,2,2,0,2,0,0,0,0,0,0.000893
24223,,16,1,0,1,1,0,1,0,0,0,0,0,0.000556
5588,,16,1,0,1,1,0,1,0,0,0,0,0,0.00044
7725,,16,3,1,4,3,1,4,9,0.240072,0.248601,167.393286,0.5,0.000923
4529,,7,2,0,2,2,0,2,0,0,0,0,0,0.001074
8011,,16,1,1,2,1,1,2,8,0.263279,0.273991,734.498852,0,0.00044
9421,,67,3,3,6,3,3,6,8,0.227882,0.235315,37749.696828,0,0.000776
10489,,16,1,0,1,1,0,1,0,0,0,0,0,0.00044
5242,,41,2,2,4,2,2,4,9,0.233437,0.24193,248.941542,0.25,0.000696
13716,,16,1,0,1,1,0,1,0,0,0,0,0,0.00044
18084,,16,1,0,1,1,0,1,0,0,0,0,0,0.00044
23260,,7,3,2,5,3,2,5,8,0.242697,0.251392,188.078736,0.2,0.00086
26952,,1,1,0,1,1,0,1,0,0,0,0,0,0.000289
10952,,7,5,1,6,5,1,6,9,0.217034,0.223276,19459.686742,0.066667,0.005839
10530,,7,2,0,2,2,0,2,0,0,0,0,0,0.001261
10706,,14,2,2,4,2,2,4,8,0.229124,0.236501,10.451057,0.166667,0.001235
18483,,7,1,0,1,1,0,1,0,0,0,0,0,0.001067
11265,,192,1,4,5,1,4,5,8,0.229138,0.23658,77924,0.083333,0.001067
21582,,7,1,0,1,1,0,1,0,0,0,0,0,0.001067
24365,,7,1,0,1,1,0,1,0,0,0,0,0,0.001067
8716,,14,3,0,3,3,0,3,0,0,0,0,0.333333,0.001421
25453,,7,2,0,2,2,0,2,0,0,0,0,0,0.00125
10697,,41,1,4,5,1,4,5,9,0.226759,0.234418,24740.003851,0.05,0.001067
8442,,7,2,1,3,2,1,3,10,0.1783,0.181858,0,0.666667,0.001356
7955,,12,3,3,6,3,3,6,10,0.168037,0.171445,46542.674288,0.033333,0.001484
30749,,7,1,0,1,1,0,1,0,0,0,0,0,0.001067
962,,65,0,1,1,0,1,1,9,0.195014,0.200132,0,0,0
11638,,7,1,0,1,1,0,1,0,0,0,0,0,0.000845
964,,16,0,1,1,0,1,1,9,0.205273,0.211401,0,0,0
1043,,16,3,15,18,3,15,18,8,0.244316,0.255246,7499.896246,0.158333,0.000584
6511,,16,3,3,6,3,3,6,9,0.211983,0.218639,18836.311358,0.166667,0.000579
4867,,16,5,3,8,5,3,8,9,0.211673,0.218276,26262.924402,0.357143,0.001213
5974,,16,3,4,7,3,4,7,9,0.203758,0.209626,26050.31473,0.25,0.000844
966,,7,1,1,2,1,1,2,8,0.262757,0.273467,0,0.5,0.000455
967,,7,0,1,1,0,1,1,8,0.248325,0.257194,0,0,0
968,,14,0,1,1,0,1,1,1,1,1,0,0,0
2572,,7,1,0,1,1,0,1,0,0,0,0,0,0.000428
2238,,7,5,15,20,5,15,20,8,0.27085,0.283773,7616.662812,0.111111,0.001798
23578,,7,1,0,1,1,0,1,0,0,0,0,0,0.000428
2995,,7,3,2,5,3,2,5,8,0.207554,0.21304,18902.856064,0.083333,0.000834
4221,,16,1,0,1,1,0,1,0,0,0,0,0,0.000632
16681,,16,2,0,2,2,0,2,0,0,0,0,0,0.000823
17866,,16,1,1,2,1,1,2,9,0.225951,0.233486,0,0,0.000632
20089,,16,1,0,1,1,0,1,0,0,0,0,0,0.000632
23670,,16,1,0,1,1,0,1,0,0,0,0,0,0.000632
26622,,16,2,1,3,2,1,3,8,0.251379,0.261448,0,0.833333,0.000853
29906,,16,1,0,1,1,0,1,0,0,0,0,0,0.000632
976,,16,0,2,2,0,2,2,9,0.233409,0.24176,0,0,0
6867,,16,2,2,4,2,2,4,9,0.224466,0.2319,42.298954,0.666667,0.000436
10880,,16,2,2,4,2,2,4,9,0.225181,0.232762,33.81303,0.666667,0.000436
13288,,16,2,3,5,2,3,5,9,0.225183,0.232788,33.81303,0.75,0.000436
978,,41,0,5,5,0,5,5,8,0.247216,0.255894,0,0.2,0
11050,,32,3,3,6,3,3,6,8,0.23138,0.238261,1142.824902,0.3,0.001299
1951,,7,1,0,1,1,0,1,0,0,0,0,0,0.002235
4220,,7,1,0,1,1,0,1,0,0,0,0,0,0.002235
10763,,7,1,0,1,1,0,1,0,0,0,0,0,0.002235
14579,,7,1,0,1,1,0,1,0,0,0,0,0,0.002235
20190,,7,1,2,3,1,2,3,8,0.247662,0.256239,14.49096,0,0.002235
25704,,7,1,1,2,1,1,2,8,0.244341,0.253393,0,1,0.002235
26323,,7,1,0,1,1,0,1,0,0,0,0,0,0.002235
8626,,41,2,2,4,2,2,4,9,0.223882,0.231066,241.081095,0,0.002897
30277,,7,4,0,4,4,0,4,0,0,0,0,0,0.003635
23272,,7,4,1,5,4,1,5,8,0.232563,0.240767,19129.522903,0.15,0.003518
16789,,7,2,1,3,2,1,3,9,0.214122,0.219984,2.999351,0.166667,0.002408
981,,1,1,5,6,1,5,6,8,0.258812,0.268745,7342.708036,0.1,0.000168
6286,,1,3,2,5,3,2,5,8,0.232062,0.240161,19362.127438,0,0.000634
20430,,7,1,3,4,1,3,4,9,0.230516,0.237816,12.868033,0.083333,0.000319
983,,7,0,1,1,0,1,1,9,0.214179,0.220404,0,0,0
6277,,7,5,9,14,5,9,14,8,0.27575,0.289134,27420.774994,0.348485,0.004757
11775,,7,1,1,2,1,1,2,9,0.214173,0.220389,0,0,0.000802
17251,,7,4,2,6,4,2,6,9,0.220978,0.228023,20672.17609,0.05,0.001441
32869,,7,2,3,5,2,3,5,9,0.227164,0.234273,26113.427676,0.083333,0.001039
5253,,7,4,2,6,4,2,6,9,0.223938,0.23085,19238.291604,0.15,0.001767
4382,,1,1,7,8,1,7,8,8,0.265353,0.277492,281.947243,0.178571,0.001023
13670,,7,2,0,2,2,0,2,0,0,0,0,0.5,0.001198
15459,,7,2,45,47,2,45,47,7,0.309272,0.326886,2308.283952,0.127197,0.001201
18594,,308,4,0,4,4,0,4,0,0,0,0,0,0.00179
20083,,7,1,0,1,1,0,1,0,0,0,0,0,0.001023
9261,,7,3,10,13,3,10,13,8,0.278689,0.29277,32123.090768,0.076923,0.001702
20901,,7,1,0,1,1,0,1,0,0,0,0,0,0.001023
20984,,7,2,0,2,2,0,2,0,0,0,0,1,0.002133
11016,,12,1,3,4,1,3,4,9,0.251436,0.262038,97.64313,0.083333,0.001023
22145,,7,1,0,1,1,0,1,0,0,0,0,0,0.001023
11641,,7,4,6,10,4,6,10,8,0.266239,0.277782,20422.394494,0.155556,0.001606
22599,,7,1,0,1,1,0,1,0,0,0,0,0,0.001023
22601,,7,1,0,1,1,0,1,0,0,0,0,0,0.001023
9233,,7,7,18,25,7,18,25,7,0.30392,0.319234,111096.392622,0.147186,0.002343
23055,,7,4,2,6,4,2,6,9,0.227079,0.234277,19540.940143,0.2,0.004739
21385,,16,2,1,3,2,1,3,9,0.193081,0.197517,0,0.5,0.001216
21384,,16,3,3,6,3,3,6,8,0.239279,0.247974,19057.15582,0.15,0.001495
23164,,7,1,0,1,1,0,1,0,0,0,0,0,0.001023
23167,,7,1,0,1,1,0,1,0,0,0,0,0,0.001023
23278,,7,1,1,2,1,1,2,8,0.270882,0.283328,0,0,0.001023
7107,,7,1,4,5,1,4,5,8,0.228512,0.236437,508.878163,0.3,0.001023
24072,,7,1,2,3,1,2,3,8,0.249005,0.257925,0,0.833333,0.001023
24138,,7,1,0,1,1,0,1,0,0,0,0,0,0.001023
24988,,7,1,0,1,1,0,1,0,0,0,0,0,0.001023
23032,,7,2,6,8,2,6,8,7,0.296034,0.31094,3684.68949,0.303571,0.001516
1808,,72,1,1,2,1,1,2,1,1,1,25976,0,0.001023
17678,,7,2,4,6,2,4,6,8,0.246207,0.255332,490.427897,0.266667,0.001192
2740,,7,3,19,22,3,19,22,8,0.281279,0.294843,90535.434437,0.133333,0.001681
24857,,7,2,2,4,2,2,4,9,0.213323,0.219764,43.871894,0.333333,0.001444
18210,,7,3,4,7,3,4,7,8,0.273658,0.286354,27321.094339,0.214286,0.003694
27383,,7,2,6,8,2,6,8,8,0.267358,0.279129,44853.069113,0.232143,0.001192
27485,,67,2,0,2,2,0,2,0,0,0,0,0,0.001192
27486,,7,2,0,2,2,0,2,0,0,0,0,0,0.001348
7651,,7,2,12,14,2,12,14,8,0.253668,0.263648,122805.132707,0.082418,0.001201
27674,,7,3,0,3,3,0,3,0,0,0,0,0.333333,0.001903
3576,,7,3,3,6,3,3,6,8,0.237975,0.245897,308.37889,0.2,0.002066
3393,,1,3,2,5,3,2,5,8,0.225553,0.232453,18882.215611,0.1,0.001712
13155,,2,9,2,11,9,2,11,8,0.262456,0.273713,19212.249632,0.211111,0.004198
28543,,7,2,49,51,2,49,51,7,0.312061,0.330211,52467.097495,0.219184,0.001446
27235,,7,4,12,16,4,12,16,7,0.301994,0.318011,1072.412443,0.466667,0.003112
29884,,7,1,0,1,1,0,1,0,0,0,0,0,0.001023
29476,,7,5,14,19,5,14,19,8,0.289177,0.303715,118173.771506,0.133333,0.002182
30108,,7,1,0,1,1,0,1,0,0,0,0,0,0.001023
24431,,7,7,14,21,7,14,21,8,0.269351,0.281749,127230.989497,0.17381,0.0046
14540,,7,2,6,8,2,6,8,8,0.243051,0.251688,89.325288,0.267857,0.001386
21274,,7,7,0,7,7,0,7,0,0,0,0,0.095238,0.004031
30518,,7,2,0,2,2,0,2,0,0,0,0,0,0.001192
26488,,2,6,5,11,6,5,11,8,0.26451,0.275525,4726.84848,0.166667,0.002433
23193,,7,3,1,4,3,1,4,1,1,1,0.1,0.25,0.00167
31188,,7,1,0,1,1,0,1,0,0,0,0,0,0.001023
5384,,7,3,3,6,3,3,6,8,0.25862,0.269146,178.265689,0.133333,0.001549
30884,,7,6,8,14,6,8,14,7,0.296973,0.312187,22851.991407,0.257576,0.00229
12310,,7,4,0,4,4,0,4,0,0,0,0,0.416667,0.002893
24784,,53,1,1,2,1,1,2,8,0.252481,0.263502,263.072327,0,0.001023
25375,,7,2,7,9,2,7,9,8,0.238443,0.24741,8954.913401,0.410714,0.001246
31049,,7,1,2,3,1,2,3,9,0.21877,0.225221,2.929779,0.166667,0.001023
32524,,7,2,1,3,2,1,3,1,1,1,0,0.5,0.00122
31003,,7,1,3,4,1,3,4,8,0.264942,0.276036,4.241786,0.333333,0.001023
30479,,7,2,11,13,2,11,13,8,0.273062,0.285537,103915.013902,0.141026,0.001326
22082,,7,2,0,2,2,0,2,0,0,0,0,1,0.001444
31145,,7,1,1,2,1,1,2,8,0.233895,0.240735,0,1,0.001023
5875,,53,3,4,7,3,4,7,9,0.20399,0.209444,71728.329021,0.033333,0.001488
33347,,7,1,1,2,1,1,2,9,0.223049,0.230399,0,0.5,0.001023
34258,,7,1,0,1,1,0,1,0,0,0,0,0,0.001023
34366,,7,1,0,1,1,0,1,0,0,0,0,0,0.001023
34403,,7,1,0,1,1,0,1,0,0,0,0,0,0.001023
20281,,7,2,1,3,2,1,3,8,0.244344,0.253397,14260.202693,0.166667,0.001192
31647,,7,1,3,4,1,3,4,8,0.25777,0.268064,48.620609,0.333333,0.001023
34721,,7,1,0,1,1,0,1,0,0,0,0,0,0.001023
34777,,7,1,0,1,1,0,1,0,0,0,0,0,0.001023
34966,,12,2,2,4,2,2,4,8,0.236184,0.244448,2398.76162,0.083333,0.001203
35201,,7,1,0,1,1,0,1,0,0,0,0,0,0.001023
35618,,7,1,0,1,1,0,1,0,0,0,0,0,0.001023
13026,,7,3,11,14,3,11,14,8,0.274568,0.287472,24333.770687,0.185897,0.001432
1965,,2,8,18,26,8,18,26,8,0.256077,0.266358,132884.391678,0.078571,0.002377
2304,,36,2,9,11,2,9,11,8,0.253641,0.263187,97219.68218,0.033333,0.001001
13825,,16,2,2,4,2,2,4,9,0.216717,0.222925,26252.734496,0,0.001317
14774,,16,2,0,2,2,0,2,0,0,0,0,0,0.001044
14556,,36,2,1,3,2,1,3,9,0.213534,0.219295,288.84576,0,0.001114
16361,,41,3,1,4,3,1,4,9,0.223433,0.230473,22065.065474,0,0.00117
23136,,16,1,1,2,1,1,2,10,0.179157,0.182315,0,0.5,0.000828
22947,,16,2,3,5,2,3,5,8,0.229964,0.237358,116.0516,0.333333,0.001575
2190,,1,5,5,10,5,5,10,8,0.236832,0.245621,124612.895089,0.069444,0.002272
16408,,16,8,1,9,8,1,9,9,0.20608,0.211828,38688.400238,0.089286,0.002641
13591,,16,1,1,2,1,1,2,8,0.261476,0.272569,48.923645,0,0.000828
5040,,16,3,1,4,3,1,4,9,0.200407,0.205672,6776.063828,0.5,0.00121
25599,,16,2,3,5,2,3,5,9,0.200413,0.205734,7860.490881,0.333333,0.001025
30284,,16,1,0,1,1,0,1,0,0,0,0,0,0.000828
28644,,16,1,1,2,1,1,2,11,0.166952,0.169918,128.323508,0,0.000828
24077,,41,5,2,7,5,2,7,9,0.209796,0.215714,49934.301705,0.047619,0.001671
18312,,16,3,1,4,3,1,4,9,0.229653,0.236932,18825,0.5,0.001834
4742,,7,5,0,5,5,0,5,0,0,0,0,0,0.003065
25192,,16,2,3,5,2,3,5,8,0.234832,0.242394,103892,0.166667,0.001396
7653,,36,5,2,7,5,2,7,9,0.216585,0.222907,64009.984849,0.133333,0.001687
31834,,16,8,0,8,8,0,8,0,0,0,0,0.017857,0.002299
32868,,16,3,1,4,3,1,4,9,0.220012,0.226625,18949.725036,0,0.001164
21797,,16,3,0,3,3,0,3,0,0,0,0,0,0.001164
15267,,16,19,12,31,19,12,31,8,0.255972,0.26783,148136.163485,0.081667,0.006288
5998,,16,8,9,17,8,9,17,9,0.225302,0.232495,54877.745066,0.21978,0.003064
33847,,36,1,1,2,1,1,2,10,0.178034,0.1815,0,0.5,0.000828
17998,,16,1,6,7,1,6,7,8,0.235578,0.244446,33657.710472,0.166667,0.000828
35372,,53,2,0,2,2,0,2,0,0,0,0,0,0.001153
17359,,130,5,3,8,5,3,8,8,0.264484,0.275594,84046.532672,0.133333,0.002491
988,,7,0,1,1,0,1,1,8,0.262756,0.273466,0,0,0
13503,,53,3,4,7,3,4,7,8,0.272438,0.284076,1937.000798,0.095238,0.002655
3372,,16,6,3,9,6,3,9,8,0.227101,0.235105,929.51748,0.111111,0.001248
5776,,16,3,6,9,3,6,9,8,0.248554,0.258197,44.817264,0.547619,0.000792
21138,,16,1,1,2,1,1,2,9,0.199065,0.203856,0.75,0.5,0.000302
9812,,2,2,7,9,2,7,9,9,0.228269,0.236403,59489.020916,0.027778,0.000497
15389,,69,2,2,4,2,2,4,9,0.222438,0.229694,13.730274,0.666667,0.00052
24279,,69,1,0,1,1,0,1,0,0,0,0,0,0.000296
12432,,7,2,1,3,2,1,3,9,0.222427,0.229641,0,0.666667,0.000482
12910,,53,2,1,3,2,1,3,9,0.212685,0.218377,0,0.5,0.000713
14932,,53,5,1,6,5,1,6,9,0.212685,0.218377,20135.574485,0.05,0.001991
9201,,53,3,4,7,3,4,7,9,0.221581,0.228676,70968.28047,0.25,0.000776
26824,,53,1,0,1,1,0,1,0,0,0,0,0,0.000286
34861,,53,1,0,1,1,0,1,0,0,0,0,0,0.000286
996,,7,0,1,1,0,1,1,9,0.197715,0.202278,0,0,0
997,,7,3,3,6,3,3,6,8,0.246427,0.255512,19405.124115,0.1,0.001002
5893,,16,1,0,1,1,0,1,0,0,0,0,0,0.000611
17175,,16,1,0,1,1,0,1,0,0,0,0,0,0.000611
19580,,16,1,3,4,1,3,4,8,0.24684,0.255584,24.597363,0.166667,0.000611
21106,,16,1,0,1,1,0,1,0,0,0,0,0,0.000611
8305,,7,4,5,9,4,5,9,8,0.238289,0.246982,4476.6221,0.035714,0.001726
31622,,16,2,0,2,2,0,2,0,0,0,0,1,0.000799
5552,,16,4,7,11,4,7,11,8,0.256039,0.267808,47143.932734,0.127273,0.001321
33179,,41,1,1,2,1,1,2,9,0.234735,0.24323,197.423472,0,0.000611
999,,65,0,2,2,0,2,2,9,0.208203,0.213887,0,1,0
1000,,65,7,19,26,7,19,26,9,0.209637,0.215896,388851.335169,0.018116,0.001773
2016,,65,9,6,15,9,6,15,9,0.208294,0.214108,157927.359282,0.063636,0.00206
4575,,65,1,0,1,1,0,1,0,0,0,0,0,0.000208
7805,,65,1,0,1,1,0,1,0,0,0,0,0,0.000208
7989,,65,3,0,3,3,0,3,0,0,0,0,0,0.000549
9239,,65,1,0,1,1,0,1,0,0,0,0,0,0.000208
9622,,65,1,0,1,1,0,1,0,0,0,0,0,0.000208
9124,,65,2,1,3,2,1,3,10,0.172388,0.175574,0,1,0.000425
13390,,65,1,0,1,1,0,1,0,0,0,0,0,0.000208
14796,,65,1,0,1,1,0,1,0,0,0,0,0,0.000208
14679,,65,2,0,2,2,0,2,0,0,0,0,0,0.000542
16388,,65,2,0,2,2,0,2,0,0,0,0,1,0.000425
28109,,65,1,0,1,1,0,1,0,0,0,0,0,0.000208
30763,,65,1,2,3,1,2,3,10,0.172301,0.17543,51948,0,0.000208
34307,,65,1,0,1,1,0,1,0,0,0,0,0,0.000208
35050,,65,1,0,1,1,0,1,0,0,0,0,0,0.000208
3680,,16,3,3,6,3,3,6,8,0.255965,0.266674,27981.959009,0.066667,0.001225
25429,,41,1,2,3,1,2,3,9,0.217132,0.223291,540.165756,0,0.000213
1008,,16,7,4,11,7,4,11,8,0.253,0.263806,15358.25192,0.482143,0.002184
2896,,16,2,5,7,2,5,7,9,0.223885,0.23072,25974,0.55,0.001185
3643,,16,2,5,7,2,5,7,9,0.224448,0.231325,0,0.9,0.001185
4821,,16,1,0,1,1,0,1,0,0,0,0,0,0.000903
3133,,16,9,6,15,9,6,15,8,0.238536,0.246144,7596.371755,0.281818,0.003044
4780,,16,9,3,12,9,3,12,9,0.221958,0.228607,5664.638365,0.222222,0.002793
9475,,16,2,1,3,2,1,3,9,0.221824,0.228356,0,0.5,0.001072
10407,,16,3,6,9,3,6,9,9,0.232385,0.241034,837.799822,0.547619,0.001371
3645,,16,7,6,13,7,6,13,9,0.231727,0.239995,62570.563347,0.208333,0.002093
13955,,16,2,2,4,2,2,4,9,0.22229,0.228954,8199.300013,0.5,0.0011
15934,,16,3,1,4,3,1,4,1,1,1,25976,0.25,0.001285
1009,,41,2,10,12,2,10,12,8,0.270702,0.283615,78640.300964,0.209091,0.000727
2039,,41,9,7,16,9,7,16,8,0.259111,0.270744,48654.104832,0.1375,0.002148
13646,,41,1,1,2,1,1,2,9,0.202969,0.207927,0,1,0.000182
18945,,41,1,0,1,1,0,1,0,0,0,0,0,0.000182
30440,,41,3,12,15,3,12,15,8,0.25873,0.270136,130881.651274,0.038462,0.000682
1012,,66,0,2,2,0,2,2,9,0.200074,0.20441,0,0,0
1013,,66,1,0,1,1,0,1,0,0,0,0,0,0.000168
1015,,7,0,1,1,0,1,1,9,0.222499,0.229441,0,0,0
12137,,16,1,0,1,1,0,1,0,0,0,0,0,0.000316
6889,,53,2,0,2,2,0,2,0,0,0,0,0.5,0.000751
12857,,53,4,0,4,4,0,4,0,0,0,0,0,0.001124
25122,,53,2,0,2,2,0,2,0,0,0,0,1,0.000988
5408,,53,4,1,5,4,1,5,10,0.174376,0.177656,37772.837886,0.05,0.001729
1019,,7,2,7,9,2,7,9,8,0.249947,0.259194,19378.99274,0.107143,0.00098
7959,,53,1,3,4,1,3,4,9,0.222435,0.229234,0,0.333333,0.000557
1022,,7,0,2,2,0,2,2,8,0.228331,0.235827,0,0,0
3927,,7,1,0,1,1,0,1,0,0,0,0,0,0.000638
6207,,7,2,1,3,2,1,3,8,0.23113,0.237847,324.964497,0,0.000828
28778,,7,1,0,1,1,0,1,0,0,0,0,0,0.000638
1025,,36,1,9,10,1,9,10,7,0.298229,0.313708,41780.412107,0.222222,0.000586
23341,,36,1,0,1,1,0,1,0,0,0,0,0,0.000177
19639,,67,6,11,17,6,11,17,7,0.281881,0.296322,97942.454835,0.125,0.001275
9030,,1,6,9,15,6,9,15,8,0.242766,0.2519,50934.359921,0.061905,0.001583
23514,,7,7,0,7,7,0,7,0,0,0,0,0.047619,0.001852
8571,,1,4,0,4,4,0,4,0,0,0,0,0.166667,0.000927
10441,,1,1,0,1,1,0,1,0,0,0,0,0,0.000252
29402,,1,1,1,2,1,1,2,8,0.229891,0.237491,181.838418,0,0.000252
4774,,1,8,12,20,8,12,20,8,0.26286,0.274909,32910.788467,0.021053,0.00232
11993,,1,1,0,1,1,0,1,0,0,0,0,0,0.000261
23133,,16,5,4,9,5,4,9,8,0.225458,0.233081,19052.402873,0.261905,0.001611
32483,,1,1,0,1,1,0,1,0,0,0,0,0,0.000261
1075,,1,1,0,1,1,0,1,0,0,0,0,0,0.000521
1588,,1,1,0,1,1,0,1,0,0,0,0,0,0.000521
1780,,1,1,0,1,1,0,1,0,0,0,0,0,0.000521
1978,,1,1,0,1,1,0,1,0,0,0,0,0,0.000521
2003,,1,1,0,1,1,0,1,0,0,0,0,0,0.000521
2098,,1,1,0,1,1,0,1,0,0,0,0,0,0.000521
2424,,1,1,0,1,1,0,1,0,0,0,0,0,0.000521
2516,,1,1,0,1,1,0,1,0,0,0,0,0,0.000521
2623,,1,1,0,1,1,0,1,0,0,0,0,0,0.000521
2897,,36,1,1,2,1,1,2,1,1,1,7809.707192,0,0.000521
3503,,1,1,0,1,1,0,1,0,0,0,0,0,0.000521
3670,,1,1,0,1,1,0,1,0,0,0,0,0,0.000521
5325,,1,1,0,1,1,0,1,0,0,0,0,0,0.000521
5392,,16,2,1,3,2,1,3,1,1,1,25976,0.333333,0.000737
5484,,16,9,17,26,9,17,26,8,0.266257,0.278659,286213.167456,0.005,0.002108
5760,,1,8,0,8,8,0,8,0,0,0,0,0.142857,0.001995
2989,,16,5,11,16,5,11,16,8,0.267799,0.280301,77129.771271,0.1,0.003221
6142,,16,1,2,3,1,2,3,8,0.244738,0.253503,67.850925,0.333333,0.000521
6244,,1,1,0,1,1,0,1,0,0,0,0,0,0.000521
6331,,16,1,8,9,1,8,9,8,0.247434,0.258767,8862.047789,0.319444,0.000521
6366,,1,1,0,1,1,0,1,0,0,0,0,0,0.000521
6414,,1,1,0,1,1,0,1,0,0,0,0,0,0.000521
7225,,1,2,1,3,2,1,3,9,0.224261,0.231116,954.435058,0,0.00078
7418,,1,1,0,1,1,0,1,0,0,0,0,0,0.000521
8031,,1,1,0,1,1,0,1,0,0,0,0,0,0.000521
8107,,1,1,0,1,1,0,1,0,0,0,0,0,0.000521
8331,,1,1,0,1,1,0,1,0,0,0,0,0,0.000521
8457,,41,5,7,12,5,7,12,8,0.253727,0.26425,6995.810727,0.088889,0.001443
8113,,16,8,4,12,8,4,12,8,0.242966,0.252151,60288.423527,0.045455,0.002238
8535,,1,1,1,2,1,1,2,9,0.193389,0.19771,68.459136,0,0.000521
8549,,1,1,1,2,1,1,2,9,0.210485,0.215947,285.530759,0,0.000521
8589,,1,1,0,1,1,0,1,0,0,0,0,0,0.000521
8620,,1,1,0,1,1,0,1,0,0,0,0,0,0.000521
8742,,41,3,2,5,3,2,5,9,0.22053,0.227115,273.822228,0.1,0.001205
5948,,67,26,16,42,26,16,42,8,0.247831,0.257547,176733.507184,0.075758,0.00651
8792,,1,1,0,1,1,0,1,0,0,0,0,0,0.000521
8881,,65,2,0,2,2,0,2,0,0,0,0,0,0.000689
9186,,1,1,0,1,1,0,1,0,0,0,0,0,0.000521
9210,,1,1,0,1,1,0,1,0,0,0,0,0,0.000521
8779,,1,2,0,2,2,0,2,0,0,0,0,0,0.000718
9697,,1,1,0,1,1,0,1,0,0,0,0,0,0.000521
7905,,1,4,10,14,4,10,14,9,0.235906,0.245641,155689.915677,0.045455,0.001192
10618,,1,1,0,1,1,0,1,0,0,0,0,0,0.000521
10767,,16,2,1,3,2,1,3,9,0.226293,0.23427,40.444744,0,0.001687
11467,,1,1,0,1,1,0,1,0,0,0,0,0,0.000521
11555,,1,1,0,1,1,0,1,0,0,0,0,0,0.000521
11750,,1,1,2,3,1,2,3,8,0.231628,0.239104,167.081739,0,0.000521
12287,,1,1,0,1,1,0,1,0,0,0,0,0,0.000521
12824,,1,1,0,1,1,0,1,0,0,0,0,0,0.000521
12947,,1,1,0,1,1,0,1,0,0,0,0,0,0.000521
8257,,1,6,0,6,6,0,6,0,0,0,0,0.033333,0.001556
13184,,1,1,0,1,1,0,1,0,0,0,0,0,0.000521
13120,,1,1,1,2,1,1,2,8,0.234571,0.242418,66.695129,0,0.000521
6588,,22,2,1,3,2,1,3,1,1,1,25976,0.166667,0.000988
13407,,1,1,0,1,1,0,1,0,0,0,0,0,0.000521
13423,,1,1,0,1,1,0,1,0,0,0,0,0,0.000521
13861,,7,1,2,3,1,2,3,10,0.191754,0.196236,310.298724,0,0.000521
14020,,1,1,0,1,1,0,1,0,0,0,0,0,0.000521
14127,,7,2,4,6,2,4,6,8,0.263736,0.275254,18931.068737,0.166667,0.000689
15342,,1,1,0,1,1,0,1,0,0,0,0,0,0.000521
8612,,1,1,1,2,1,1,2,9,0.250612,0.260976,77.618765,0,0.000521
8382,,7,3,7,10,3,7,10,8,0.274904,0.287728,45453.30568,0.211111,0.000982
15798,,1,1,0,1,1,0,1,0,0,0,0,0,0.000521
15837,,16,1,5,6,1,5,6,8,0.243384,0.252592,2789.026896,0.2,0.000521
15940,,1,1,0,1,1,0,1,0,0,0,0,0,0.000521
13949,,1,4,3,7,4,3,7,9,0.221668,0.228932,38054.941549,0.02381,0.001036
14966,,1,1,1,2,1,1,2,1,1,1,7329.125877,0,0.000521
16271,,1,1,0,1,1,0,1,0,0,0,0,0,0.000521
16410,,41,2,0,2,2,0,2,0,0,0,0,0,0.00089
16520,,1,2,2,4,2,2,4,8,0.267377,0.277974,18936.298715,0.083333,0.000689
16605,,1,1,0,1,1,0,1,0,0,0,0,0,0.000521
16673,,41,3,2,5,3,2,5,8,0.236344,0.244983,307.449099,0.333333,0.002485
8674,,7,1,6,7,1,6,7,8,0.250863,0.260722,26317.449558,0.071429,0.000521
16961,,1,1,0,1,1,0,1,0,0,0,0,0,0.000521
17003,,1,1,1,2,1,1,2,8,0.251382,0.261452,0,0.5,0.000521
17012,,1,1,0,1,1,0,1,0,0,0,0,0,0.000521
17431,,16,1,1,2,1,1,2,9,0.220466,0.227386,311.869655,0,0.000521
17621,,1,1,0,1,1,0,1,0,0,0,0,0,0.000521
17835,,1,1,0,1,1,0,1,0,0,0,0,0,0.000521
17924,,1,1,0,1,1,0,1,0,0,0,0,0,0.000521
17993,,1,1,0,1,1,0,1,0,0,0,0,0,0.000521
6470,,1,3,2,5,3,2,5,9,0.226964,0.234424,20779.732503,0.05,0.00088
18509,,1,1,0,1,1,0,1,0,0,0,0,0,0.000521
18925,,1,2,0,2,2,0,2,0,0,0,0,0,0.000782
18927,,1,1,0,1,1,0,1,0,0,0,0,0,0.000521
19020,,16,3,7,10,3,7,10,9,0.243092,0.251541,63305.224118,0.033333,0.000857
18288,,1,3,0,3,3,0,3,0,0,0,0,0.166667,0.00124
3141,,41,14,7,21,14,7,21,9,0.235844,0.244096,347332.015046,0.067251,0.005787
19884,,1,1,0,1,1,0,1,0,0,0,0,0,0.000521
20067,,16,2,1,3,2,1,3,9,0.21125,0.216722,67.219533,0.166667,0.000689
20141,,1,1,4,5,1,4,5,1,1,1,619.706439,0,0.000521
17399,,1,2,1,3,2,1,3,10,0.174173,0.177232,1049.138049,0.5,0.000876
20158,,1,1,0,1,1,0,1,0,0,0,0,0,0.000521
20424,,1,1,0,1,1,0,1,0,0,0,0,0,0.000521
19815,,41,3,2,5,3,2,5,8,0.2577,0.268912,28380.659447,0.1,0.000863
20605,,1,1,0,1,1,0,1,0,0,0,0,0,0.000521
20638,,67,2,0,2,2,0,2,0,0,0,0,0,0.000719
20852,,1,1,0,1,1,0,1,0,0,0,0,0,0.000521
21013,,25,16,1,17,16,1,17,9,0.225629,0.232812,298.92632,0.3375,0.004618
21074,,1,1,0,1,1,0,1,0,0,0,0,0,0.000521
16480,,16,3,0,3,3,0,3,0,0,0,0,0,0.001048
12619,,1,2,2,4,2,2,4,8,0.230722,0.238722,261.992299,0.083333,0.001159
14424,,69,4,5,9,4,5,9,9,0.219802,0.226134,75172.95473,0.027778,0.001091
21477,,1,1,0,1,1,0,1,0,0,0,0,0,0.000521
22044,,81,2,0,2,2,0,2,0,0,0,0,0,0.000694
17524,,16,2,2,4,2,2,4,8,0.252143,0.262299,260.621959,0.5,0.001389
19294,,16,2,2,4,2,2,4,8,0.232558,0.24076,2729.974859,0.333333,0.000938
22390,,1,1,1,2,1,1,2,9,0.217057,0.223431,846.994302,0,0.000521
22568,,1,1,0,1,1,0,1,0,0,0,0,0,0.000521
22695,,1,1,0,1,1,0,1,0,0,0,0,0,0.000521
22745,,81,2,0,2,2,0,2,0,0,0,0,0,0.00072
22895,,1,2,0,2,2,0,2,0,0,0,0,0,0.000694
23114,,1,1,0,1,1,0,1,0,0,0,0,0,0.000521
23195,,41,5,1,6,5,1,6,1,1,1,147.546322,0,0.001193
10131,,7,1,6,7,1,6,7,8,0.241619,0.249325,104794.772194,0.071429,0.000521
23303,,1,1,0,1,1,0,1,0,0,0,0,0,0.000521
2440,,16,2,7,9,2,7,9,8,0.271491,0.284442,665.449586,0.25,0.000738
23532,,16,2,1,3,2,1,3,8,0.244433,0.254493,1718.928402,0.166667,0.000689
19275,,16,1,2,3,1,2,3,8,0.23242,0.240763,202.998921,0.333333,0.000521
23762,,22,2,1,3,2,1,3,9,0.191092,0.195764,94.915805,0.166667,0.000988
23772,,1,1,0,1,1,0,1,0,0,0,0,0,0.000521
5344,,1,5,8,13,5,8,13,8,0.232952,0.241094,41550.758939,0.141026,0.001787
24179,,1,1,0,1,1,0,1,0,0,0,0,0,0.000521
24233,,1,1,0,1,1,0,1,0,0,0,0,0,0.000521
24350,,1,1,0,1,1,0,1,0,0,0,0,0,0.000521
24399,,16,3,0,3,3,0,3,0,0,0,0,0,0.001153
24519,,1,1,0,1,1,0,1,0,0,0,0,0,0.000521
24547,,1,1,0,1,1,0,1,0,0,0,0,0,0.000521
24740,,1,1,0,1,1,0,1,0,0,0,0,0,0.000521
24872,,7,4,1,5,4,1,5,9,0.222627,0.229754,45.99339,0.15,0.001233
24903,,14,1,1,2,1,1,2,8,0.231953,0.238893,0,0.5,0.000521
14144,,16,1,2,3,1,2,3,8,0.24207,0.251666,329.33659,0.333333,0.000521
10243,,7,5,4,9,5,4,9,8,0.250619,0.259914,428.846108,0.178571,0.004319
25226,,1,1,0,1,1,0,1,0,0,0,0,0,0.000521
25297,,36,2,2,4,2,2,4,1,1,1,31205.987328,0.166667,0.000695
25793,,1,2,0,2,2,0,2,0,0,0,0,0,0.000713
25845,,1,1,0,1,1,0,1,0,0,0,0,0,0.000521
22341,,7,4,0,4,4,0,4,0,0,0,0,0,0.001444
23580,,16,3,2,5,3,2,5,9,0.23111,0.238588,126.59362,0.333333,0.001993
20934,,1,2,2,4,2,2,4,8,0.263124,0.273957,0,0.5,0.000865
26231,,1,1,0,1,1,0,1,0,0,0,0,0,0.000521
25816,,81,1,1,2,1,1,2,9,0.201253,0.205789,270.216744,0,0.000521
12625,,1,3,0,3,3,0,3,0,0,0,0,0.5,0.001564
26013,,1,5,0,5,5,0,5,0,0,0,0,0.2,0.001677
26778,,1,2,0,2,2,0,2,0,0,0,0,0.5,0.000705
27008,,1,1,0,1,1,0,1,0,0,0,0,0,0.000521
27054,,1,1,0,1,1,0,1,0,0,0,0,0,0.000521
27653,,1,1,0,1,1,0,1,0,0,0,0,0,0.000521
27679,,1,1,0,1,1,0,1,0,0,0,0,0,0.000521
27854,,1,1,0,1,1,0,1,0,0,0,0,0,0.000521
27882,,14,1,2,3,1,2,3,9,0.220435,0.227169,26095.468446,0,0.000521
28599,,1,1,0,1,1,0,1,0,0,0,0,0,0.000521
27765,,41,1,1,2,1,1,2,9,0.226184,0.233311,181.753344,0,0.000521
28897,,2,1,1,2,1,1,2,9,0.217838,0.224578,203.710894,0,0.000521
28987,,16,1,2,3,1,2,3,8,0.243032,0.25197,37.032034,0.166667,0.000521
29182,,1,1,0,1,1,0,1,0,0,0,0,0,0.000521
29494,,1,2,0,2,2,0,2,0,0,0,0,0,0.00082
26437,,69,21,4,25,21,4,25,1,1,1,103972,0.002165,0.004837
6736,,1,6,10,16,6,10,16,8,0.247275,0.256014,78882.452367,0.066667,0.002995
30153,,1,1,0,1,1,0,1,0,0,0,0,0,0.000521
30247,,1,1,0,1,1,0,1,0,0,0,0,0,0.000521
29393,,41,4,5,9,4,5,9,8,0.256625,0.266426,186346.506603,0.035714,0.00103
14097,,7,3,5,8,3,5,8,9,0.242584,0.251661,36193.925323,0.089286,0.002671
25422,,32,1,1,2,1,1,2,1,1,1,2.669093,0,0.000521
27676,,1,18,10,28,18,10,28,8,0.237828,0.246212,521155.776162,0.008658,0.003475
30237,,1,3,2,5,3,2,5,9,0.192137,0.196409,12534.257552,0.5,0.000962
30771,,1,1,0,1,1,0,1,0,0,0,0,0,0.000521
12742,,7,3,8,11,3,8,11,8,0.244395,0.253734,656.366944,0.290909,0.001198
31230,,1,1,0,1,1,0,1,0,0,0,0,0,0.000521
24702,,32,1,2,3,1,2,3,8,0.261501,0.272629,25974,0.166667,0.000521
31795,,1,1,0,1,1,0,1,0,0,0,0,0,0.000521
31883,,1,1,0,1,1,0,1,0,0,0,0,0,0.000521
32123,,41,1,1,2,1,1,2,8,0.236963,0.244423,50.349651,0,0.000521
32195,,1,1,0,1,1,0,1,0,0,0,0,0,0.000521
27359,,16,5,2,7,5,2,7,9,0.211519,0.216813,20808.33726,0.047619,0.001449
18770,,1,2,1,3,2,1,3,1,1,1,25979,0,0.000698
31845,,1,1,1,2,1,1,2,8,0.257548,0.268692,139.830889,0,0.000521
8955,,7,5,4,9,5,4,9,8,0.272375,0.284051,24041.280868,0.013889,0.002084
33256,,1,1,0,1,1,0,1,0,0,0,0,0,0.000521
33315,,1,1,0,1,1,0,1,0,0,0,0,0,0.000521
31709,,1,2,1,3,2,1,3,9,0.198221,0.202606,110.627953,0,0.001401
33709,,16,2,0,2,2,0,2,0,0,0,0,0.5,0.00116
16778,,7,2,2,4,2,2,4,8,0.240082,0.248774,854.957669,0,0.001111
34014,,1,1,0,1,1,0,1,0,0,0,0,0,0.000521
34072,,1,1,0,1,1,0,1,0,0,0,0,0,0.000521
12219,,1,1,2,3,1,2,3,10,0.189423,0.193741,2101.43592,0,0.000521
34424,,16,2,0,2,2,0,2,0,0,0,0,1,0.000738
23218,,1,2,2,4,2,2,4,1,1,1,814.639441,0.083333,0.00098
23596,,7,2,2,4,2,2,4,9,0.222193,0.229341,1050.694748,0,0.000698
34751,,1,1,0,1,1,0,1,0,0,0,0,0,0.000521
34792,,1,1,0,1,1,0,1,0,0,0,0,0,0.000521
35531,,1,1,0,1,1,0,1,0,0,0,0,0,0.000521
35542,,1,1,0,1,1,0,1,0,0,0,0,0,0.000521
33441,,16,3,3,6,3,3,6,9,0.219766,0.226752,200.146952,0.4,0.001447
11623,,7,3,2,5,3,2,5,9,0.219205,0.225272,711.02618,0,0.001862
10790,,16,2,1,3,2,1,3,8,0.247792,0.25846,1215.790383,0,0.001144
23077,,7,2,4,6,2,4,6,8,0.279197,0.292546,27746.448439,0.3,0.00088
1906,,65,1,3,4,1,3,4,8,0.237771,0.245756,235.861415,0.5,0.000639
9153,,65,1,0,1,1,0,1,0,0,0,0,0,0.000639
10754,,65,1,1,2,1,1,2,9,0.208149,0.213682,0,0,0.000639
11535,,65,1,0,1,1,0,1,0,0,0,0,0,0.000639
17188,,65,2,1,3,2,1,3,9,0.208149,0.213682,0,0.5,0.000813
13581,,65,1,2,3,1,2,3,9,0.208204,0.213783,38767.041664,0,0.000639
23685,,65,1,0,1,1,0,1,0,0,0,0,0,0.000639
23834,,65,1,0,1,1,0,1,0,0,0,0,0,0.000639
22884,,16,1,1,2,1,1,2,1,1,1,1.347363,0,0.000249
4397,,1,1,1,2,1,1,2,9,0.223978,0.230998,0,0.5,0.000175
1856,,16,2,0,2,2,0,2,0,0,0,0,0,0.000665
9655,,65,5,3,8,5,3,8,9,0.208999,0.214677,20644.513689,0.071429,0.001236
6745,,7,7,3,10,7,3,10,9,0.207983,0.213513,231.678555,0.077778,0.003313
4369,,36,2,0,2,2,0,2,0,0,0,0,0,0.000395
5103,,7,3,0,3,3,0,3,0,0,0,0,0,0.000793
10231,,16,2,0,2,2,0,2,0,0,0,0,0.5,0.002227
26998,,16,5,7,12,5,7,12,8,0.238379,0.247922,46331.506306,0.144444,0.00335
13194,,7,1,0,1,1,0,1,0,0,0,0,0,0.000957
13542,,7,1,0,1,1,0,1,0,0,0,0,0,0.000957
14160,,81,1,1,2,1,1,2,10,0.162739,0.165058,0,0.5,0.000957
15658,,7,1,2,3,1,2,3,8,0.247812,0.256794,56.107482,0.166667,0.000957
14161,,81,3,2,5,3,2,5,9,0.194365,0.198321,18826,0.25,0.001306
18131,,81,2,1,3,2,1,3,9,0.194361,0.198286,1,0.333333,0.001125
14648,,81,3,1,4,3,1,4,8,0.241245,0.248873,18825,0.5,0.001538
24938,,7,2,0,2,2,0,2,0,0,0,0,0,0.002174
2733,,7,1,5,6,1,5,6,8,0.267472,0.278826,620.272324,0.35,0.000957
23665,,7,6,6,12,6,6,12,8,0.247366,0.256076,12286.128376,0.357143,0.003003
20586,,81,4,1,5,4,1,5,8,0.241245,0.248873,56601.547133,0.083333,0.001489
6071,,7,7,11,18,7,11,18,8,0.280817,0.294451,146087.152391,0.110294,0.002022
27974,,632,3,0,3,3,0,3,0,0,0,0,0.166667,0.001294
20580,,67,2,4,6,2,4,6,8,0.250736,0.260017,27000.445154,0.066667,0.001176
6378,,81,6,7,13,6,7,13,8,0.248837,0.258018,83008.836903,0.044444,0.00282
12579,,7,5,7,12,5,7,12,8,0.250806,0.261147,17761.204402,0.098485,0.002927
33283,,7,1,0,1,1,0,1,0,0,0,0,0,0.000957
33605,,81,4,0,4,4,0,4,0,0,0,0,0.25,0.00153
33526,,7,8,3,11,8,3,11,9,0.230282,0.237792,1208.838227,0.388889,0.00385
14350,,7,8,3,11,8,3,11,9,0.212143,0.217975,4375.693532,0.208333,0.003933
1048,,7,1,0,1,1,0,1,0,0,0,0,0,0.000703
5702,,7,1,0,1,1,0,1,0,0,0,0,0,0.000703
12356,,7,1,0,1,1,0,1,0,0,0,0,0,0.000703
12974,,41,3,2,5,3,2,5,8,0.267453,0.278302,46329.278854,0,0.001067
14166,,7,5,10,15,5,10,15,8,0.247577,0.25783,91485.843119,0.082418,0.001401
18579,,7,1,1,2,1,1,2,9,0.209648,0.215517,17.83742,0,0.000703
18681,,7,1,6,7,1,6,7,8,0.265413,0.277154,56.544434,0.285714,0.000703
33376,,7,1,0,1,1,0,1,0,0,0,0,0,0.000703
33422,,7,1,0,1,1,0,1,0,0,0,0,0,0.000703
2355,,41,3,22,25,3,22,25,8,0.275294,0.289451,98994.378344,0.093333,0.001673
19998,,16,1,0,1,1,0,1,0,0,0,0,0,0.000248
1053,,7,1,4,5,1,4,5,8,0.273889,0.286692,41246.836246,0.333333,0.001959
6126,,14,1,1,2,1,1,2,8,0.256147,0.266926,0,1,0.000224
9301,,7,1,0,1,1,0,1,0,0,0,0,0,0.002435
11466,,7,1,1,2,1,1,2,9,0.229745,0.23691,0,0,0.002435
11498,,7,1,0,1,1,0,1,0,0,0,0,0,0.002435
20558,,7,2,2,4,2,2,4,9,0.235002,0.243985,18826,0.416667,0.002603
21345,,7,1,0,1,1,0,1,0,0,0,0,0,0.002435
25858,,7,1,1,2,1,1,2,9,0.229745,0.23691,0,0,0.002435
29522,,7,1,0,1,1,0,1,0,0,0,0,0,0.002435
30656,,7,1,1,2,1,1,2,9,0.214175,0.220398,0,1,0.002435
32594,,7,1,0,1,1,0,1,0,0,0,0,0,0.002435
33885,,12,4,0,4,4,0,4,0,0,0,0,0,0.00294
1057,,16,0,1,1,0,1,1,9,0.224355,0.231354,0,0,0
23552,,7,1,0,1,1,0,1,0,0,0,0,0,0.001672
5042,,7,3,1,4,3,1,4,9,0.200612,0.205615,74.876489,0.666667,0.000763
14123,,7,1,0,1,1,0,1,0,0,0,0,0,0.000343
12888,,7,3,4,7,3,4,7,8,0.267849,0.279907,28168.694433,0.071429,0.000768
21007,,7,2,2,4,2,2,4,9,0.228061,0.235575,74.876489,0.833333,0.000541
35035,,7,1,3,4,1,3,4,8,0.262526,0.273899,289.489209,0.166667,0.000343
35594,,7,1,0,1,1,0,1,0,0,0,0,0,0.000343
1061,,7,0,3,3,0,3,3,8,0.233189,0.240898,0,0.333333,0
8996,,16,1,0,1,1,0,1,0,0,0,0,0,0.000536
3714,,16,8,18,26,8,18,26,8,0.265039,0.276947,72432.265199,0.060606,0.00359
19798,,16,1,0,1,1,0,1,0,0,0,0,0,0.000536
20364,,16,1,0,1,1,0,1,0,0,0,0,0,0.000536
20365,,16,1,0,1,1,0,1,0,0,0,0,0,0.000536
21270,,16,1,0,1,1,0,1,0,0,0,0,0,0.000536
23203,,69,2,2,4,2,2,4,9,0.212208,0.217793,603.847348,0,0.000753
3252,,7,10,15,25,10,15,25,8,0.273451,0.28632,100016.416752,0.071429,0.004177
34232,,16,1,0,1,1,0,1,0,0,0,0,0,0.000536
35355,,16,1,0,1,1,0,1,0,0,0,0,0,0.000536
1065,,53,2,0,2,2,0,2,0,0,0,0,0,0.001047
17969,,1,5,20,25,5,20,25,8,0.269748,0.281609,159499.055992,0.019763,0.003433
20248,,342,2,3,5,2,3,5,8,0.23446,0.242788,51950,0.166667,0.002555
22821,,25,2,0,2,2,0,2,0,0,0,0,1,0.00121
4301,,7,4,1,5,4,1,5,1,1,1,25976,0,0.00266
11241,,16,1,1,2,1,1,2,10,0.177572,0.181516,461.454535,0,0.000856
31119,,7,1,0,1,1,0,1,0,0,0,0,0,0.000856
1066,,16,14,14,28,14,14,28,8,0.253887,0.264677,205965.248506,0.044615,0.00393
4832,,16,3,5,8,3,5,8,8,0.252481,0.262336,59057.224135,0.3,0.002067
7898,,16,4,4,8,4,4,8,8,0.239764,0.24773,26035.123543,0.366667,0.002281
10915,,67,3,2,5,3,2,5,8,0.24193,0.249959,2502.903724,0.5,0.002087
8905,,16,3,1,4,3,1,4,9,0.201587,0.20643,5.842929,0.166667,0.000617
12600,,16,9,3,12,9,3,12,8,0.239492,0.247414,56725.044026,0.118182,0.003339
23879,,16,1,0,1,1,0,1,0,0,0,0,0,0.00025
23908,,16,1,0,1,1,0,1,0,0,0,0,0,0.00025
27317,,16,1,0,1,1,0,1,0,0,0,0,0,0.00025
26596,,16,4,0,4,4,0,4,0,0,0,0,0.25,0.002333
28099,,16,1,0,1,1,0,1,0,0,0,0,0,0.00025
35219,,16,1,0,1,1,0,1,0,0,0,0,0,0.00025
3221,,16,5,4,9,5,4,9,8,0.239532,0.247521,19259.410446,0.160714,0.002501
11401,,16,1,0,1,1,0,1,0,0,0,0,0,0.001633
9584,,16,2,2,4,2,2,4,8,0.239523,0.247459,20.062867,0.833333,0.001863
12453,,16,1,0,1,1,0,1,0,0,0,0,0,0.001633
12727,,16,1,0,1,1,0,1,0,0,0,0,0,0.001633
3706,,16,7,7,14,7,7,14,9,0.215796,0.222408,130137.534917,0.081818,0.003224
17676,,16,2,0,2,2,0,2,0,0,0,0,1,0.002319
18293,,16,1,0,1,1,0,1,0,0,0,0,0,0.001633
9092,,16,3,4,7,3,4,7,8,0.239498,0.24745,26075.438963,0.25,0.002009
24051,,16,1,0,1,1,0,1,0,0,0,0,0,0.001633
11299,,16,3,6,9,3,6,9,8,0.252681,0.262867,13446.719255,0.238095,0.004234
33471,,16,1,0,1,1,0,1,0,0,0,0,0,0.001633
22382,,7,1,5,6,1,5,6,8,0.241746,0.250207,25978.983403,0.133333,0.000335
30937,,7,1,0,1,1,0,1,0,0,0,0,0,0.000335
16578,,7,1,1,2,1,1,2,8,0.241824,0.250309,0,0,0.00093
19137,,7,1,0,1,1,0,1,0,0,0,0,0,0.00093
26594,,7,1,5,6,1,5,6,8,0.279057,0.291713,497.810264,0.433333,0.00093
1070,,41,4,5,9,4,5,9,8,0.226171,0.234511,78035.370741,0.214286,0.001067
1071,,41,2,0,2,2,0,2,0,0,0,0,0.5,0.000383
1099,,41,3,3,6,3,3,6,9,0.18446,0.188888,0.5,0.833333,0.000575
1098,,41,4,3,7,4,3,7,9,0.18446,0.188888,8429.768639,0.583333,0.001067
1072,,14,1,2,3,1,2,3,8,0.247414,0.256784,26093.662027,0,0.000189
4796,,14,1,1,2,1,1,2,8,0.256157,0.266935,484.219786,0,0.000173
14258,,16,3,4,7,3,4,7,8,0.23973,0.248862,842.055232,0.366667,0.00273
25839,,16,2,4,6,2,4,6,9,0.232782,0.241006,33056.016595,0.25,0.001981
28269,,16,1,0,1,1,0,1,0,0,0,0,0,0.001785
22166,,16,3,2,5,3,2,5,9,0.227334,0.235264,0,0.75,0.003163
10541,,16,4,4,8,4,4,8,8,0.232845,0.241326,867.46346,0.35,0.00264
29443,,16,3,3,6,3,3,6,9,0.227494,0.235133,0,1,0.002463
14968,,14,8,16,24,8,16,24,8,0.261026,0.272496,46763.649784,0.123377,0.004373
25465,,16,1,1,2,1,1,2,9,0.225842,0.23319,0,0,0.001785
32469,,16,1,2,3,1,2,3,9,0.236508,0.24513,0,1,0.001785
26241,,69,2,2,4,2,2,4,9,0.237978,0.246609,18868.139835,0,0.000859
1076,,7,0,1,1,0,1,1,9,0.213364,0.219117,0,0,0
7135,,41,2,0,2,2,0,2,0,0,0,0,0,0.000387
9396,,16,2,1,3,2,1,3,9,0.224914,0.23214,0,0.5,0.001087
21417,,67,4,0,4,4,0,4,0,0,0,0,0.25,0.00075
1080,,7,8,6,14,8,6,14,8,0.251873,0.26146,7646.398776,0.189394,0.002554
5683,,7,17,12,29,17,12,29,8,0.260182,0.271471,142291.498624,0.08,0.007544
13973,,16,1,3,4,1,3,4,8,0.265413,0.276667,435.336413,0.25,0.000823
1211,,2,1,1,2,1,1,2,9,0.219671,0.226237,0,1,0.000745
2860,,2,2,6,8,2,6,8,9,0.218714,0.225268,1253.774107,0.178571,0.000966
2553,,2,9,7,16,9,7,16,8,0.23685,0.244675,3195.061419,0.109091,0.002485
7540,,2,5,2,7,5,2,7,9,0.219748,0.226571,19059.917231,0.119048,0.001667
3378,,7,7,6,13,7,6,13,8,0.242135,0.250922,5877.481146,0.181818,0.004774
8673,,7,4,16,20,4,16,20,8,0.279699,0.293782,108028.378717,0.239766,0.002452
8691,,2,4,5,9,4,5,9,7,0.294184,0.308824,19273.228119,0.266667,0.001816
6568,,2,5,5,10,5,5,10,8,0.253354,0.262809,22344.331893,0.303571,0.001507
8488,,2,1,5,6,1,5,6,8,0.236987,0.244488,8.234378,0.25,0.000745
13031,,2,2,1,3,2,1,3,8,0.235811,0.243186,0,1,0.000924
14946,,2,4,1,5,4,1,5,9,0.207059,0.212629,136.499328,0.35,0.002327
21078,,2,1,0,1,1,0,1,0,0,0,0,0,0.000745
23001,,2,2,0,2,2,0,2,0,0,0,0,1,0.001147
8556,,2,2,4,6,2,4,6,8,0.237903,0.245506,1557.522195,0.583333,0.000934
18021,,2,2,0,2,2,0,2,0,0,0,0,1,0.001849
2552,,7,3,6,9,3,6,9,8,0.250366,0.259924,3295.83173,0.160714,0.00115
30807,,2,3,5,8,3,5,8,8,0.23769,0.245274,50.615396,0.5,0.001113
33929,,2,2,2,4,2,2,4,8,0.235814,0.243212,0,1,0.000934
35113,,2,1,0,1,1,0,1,0,0,0,0,0,0.000745
1085,,67,0,2,2,0,2,2,1,1,1,0,0,0
1086,,67,1,0,1,1,0,1,0,0,0,0,0,0.000168
1088,,7,0,1,1,0,1,1,9,0.226681,0.233517,0,0,0
1792,,7,6,8,14,6,8,14,8,0.272568,0.285212,3432.382379,0.327273,0.00496
1090,,7,2,4,6,2,4,6,9,0.240272,0.248507,661.382315,0.166667,0.000607
1091,,7,3,7,10,3,7,10,8,0.260733,0.271441,1277.279016,0.138889,0.000789
6951,,7,6,8,14,6,8,14,9,0.245584,0.255229,125859.762377,0.083333,0.002347
1092,,14,1,1,2,1,1,2,9,0.219381,0.226046,0,0,0.000408
4578,,14,1,0,1,1,0,1,0,0,0,0,0,0.000408
9792,,14,1,0,1,1,0,1,0,0,0,0,0,0.000408
16363,,14,1,1,2,1,1,2,9,0.219381,0.226046,0,0,0.000408
24503,,14,1,1,2,1,1,2,9,0.219381,0.226046,0,0,0.000408
32202,,14,1,0,1,1,0,1,0,0,0,0,0,0.000408
7863,,41,2,0,2,2,0,2,0,0,0,0,0,0.00167
18394,,7,3,0,3,3,0,3,0,0,0,0,0,0.000702
20012,,7,1,1,2,1,1,2,8,0.261476,0.272569,0,0.5,0.000345
13431,,53,1,1,2,1,1,2,9,0.211888,0.217856,83.367377,0,0.000345
1096,,41,2,4,6,2,4,6,9,0.205255,0.210868,8660.666667,0.2,0.000437
1097,,41,20,14,34,20,14,34,8,0.258248,0.269849,730425.228271,0.011396,0.00349
2499,,41,2,0,2,2,0,2,0,0,0,0,0,0.000358
1963,,41,2,0,2,2,0,2,0,0,0,0,1,0.000442
2104,,25,1,29,30,1,29,30,8,0.281586,0.296366,23099.349714,0.087438,0.000263
8197,,41,3,0,3,3,0,3,0,0,0,0,0.666667,0.000617
9420,,41,1,0,1,1,0,1,0,0,0,0,0,0.000263
9810,,41,2,4,6,2,4,6,9,0.205275,0.210917,43708.188915,0.083333,0.00047
9897,,41,1,0,1,1,0,1,0,0,0,0,0,0.000263
10711,,41,1,2,3,1,2,3,9,0.205347,0.210935,42.040542,0,0.000263
11499,,41,1,0,1,1,0,1,0,0,0,0,0,0.000263
8196,,41,1,4,5,1,4,5,9,0.205257,0.210876,25975,0.25,0.000263
6809,,41,1,1,2,1,1,2,9,0.205246,0.210779,0,0,0.000263
4189,,41,1,1,2,1,1,2,9,0.205246,0.210779,0,0,0.000263
1340,,41,4,4,8,4,4,8,9,0.184462,0.188914,22551.307692,0.3,0.001052
8083,,16,1,0,1,1,0,1,0,0,0,0,0,0.000355
2766,,16,3,7,10,3,7,10,8,0.24944,0.259807,3471.321257,0.555556,0.001242
12794,,16,1,1,2,1,1,2,9,0.21269,0.218885,0,0,0.000355
8344,,16,2,2,4,2,2,4,8,0.238189,0.247865,1610.876295,0.333333,0.00069
1102,,7,0,15,15,0,15,15,7,0.296586,0.31164,0,0.295238,0
8284,,1,1,0,1,1,0,1,0,0,0,0,0,0.000278
8887,,1,1,1,2,1,1,2,9,0.195122,0.199631,0,0,0.000278
13616,,1,1,0,1,1,0,1,0,0,0,0,0,0.000278
7381,,2,5,5,10,5,5,10,9,0.193651,0.19789,56294.972335,0.041667,0.001495
11407,,238,2,1,3,2,1,3,11,0.152578,0.154759,25975,0,0.002478
10043,,7,1,1,2,1,1,2,9,0.196364,0.201147,24.774509,0.5,0.00231
22439,,7,1,0,1,1,0,1,0,0,0,0,0,0.001092
1108,,7,0,1,1,0,1,1,8,0.262756,0.273466,0,0,0
11912,,16,3,0,3,3,0,3,0,0,0,0,0.333333,0.001403
20126,,16,1,1,2,1,1,2,9,0.220061,0.227186,0,0,0.00055
3709,,1,2,6,8,2,6,8,9,0.228785,0.237167,23532.195919,0.133333,0.000843
21466,,16,1,3,4,1,3,4,9,0.222514,0.229947,0,0.5,0.00055
7523,,16,3,5,8,3,5,8,8,0.262431,0.274711,12028.494276,0.107143,0.00094
16797,,16,1,1,2,1,1,2,8,0.238969,0.247046,49.627892,0,0.00055
25437,,16,1,0,1,1,0,1,0,0,0,0,0,0.00055
26274,,16,1,0,1,1,0,1,0,0,0,0,0,0.00055
27028,,16,1,0,1,1,0,1,0,0,0,0,0,0.00055
5033,,7,2,2,4,2,2,4,8,0.232727,0.240401,1017.954552,0,0.000757
10803,,16,1,3,4,1,3,4,9,0.233622,0.242125,0,1,0.00055
11303,,16,3,4,7,3,4,7,9,0.240391,0.249482,4920.865298,0.533333,0.001112
29860,,16,2,2,4,2,2,4,9,0.226784,0.23456,123.568722,0.333333,0.000728
32506,,16,1,2,3,1,2,3,9,0.220254,0.227496,0,1,0.00055
27836,,16,3,3,6,3,3,6,9,0.224568,0.23185,26366.731752,0.133333,0.001807
7130,,16,3,2,5,3,2,5,9,0.229953,0.238073,351.16515,0.333333,0.001669
7983,,16,4,4,8,4,4,8,8,0.240419,0.249833,4603.790015,0.2,0.001268
34616,,16,1,0,1,1,0,1,0,0,0,0,0,0.00055
1110,,16,0,6,6,0,6,6,8,0.240828,0.250467,0,0.033333,0
5569,,16,1,3,4,1,3,4,9,0.233292,0.241784,34.921074,0.25,0.000347
8054,,16,4,5,9,4,5,9,8,0.265641,0.277298,45422.856973,0.111111,0.001229
1114,,16,0,1,1,0,1,1,8,0.251382,0.261452,0,0,0
1116,,7,0,1,1,0,1,1,8,0.272188,0.283721,0,0,0
3482,,16,3,4,7,3,4,7,8,0.263828,0.275446,19422.198019,0.166667,0.001327
11545,,16,2,1,3,2,1,3,9,0.214507,0.221384,94.066471,0,0.001373
11324,,16,4,6,10,4,6,10,8,0.255223,0.266132,403.624735,0.339286,0.002057
22714,,16,2,3,5,2,3,5,8,0.248236,0.259152,0,1,0.001076
31423,,16,1,0,1,1,0,1,0,0,0,0,0,0.000784
18568,,16,1,3,4,1,3,4,8,0.246178,0.256524,11.766914,0.333333,0.000784
34092,,16,2,0,2,2,0,2,0,0,0,0,1,0.001093
1119,,7,0,1,1,0,1,1,9,0.192003,0.195864,0,0,0
8345,,7,1,0,1,1,0,1,0,0,0,0,0,0.000283
1124,,41,2,4,6,2,4,6,8,0.243633,0.252744,22561.173506,0.35,0.000348
5338,,41,2,2,4,2,2,4,9,0.208384,0.214125,25973,0.5,0.000559
3507,,41,2,2,4,2,2,4,10,0.172455,0.175683,25983.35105,0.333333,0.000564
15578,,41,1,0,1,1,0,1,0,0,0,0,0,0.000382
1127,,41,3,3,6,3,3,6,9,0.208388,0.21416,56476,0.15,0.000521
1128,,16,0,1,1,0,1,1,10,0.178141,0.181821,0,0,0
6320,,7,4,4,8,4,4,8,8,0.267472,0.279122,1888.60482,0.285714,0.002569
8055,,7,2,1,3,2,1,3,8,0.232558,0.240754,13.411914,0,0.001404
10588,,7,1,0,1,1,0,1,0,0,0,0,0,0.001187
13539,,7,2,2,4,2,2,4,8,0.234163,0.242547,92.251512,0.333333,0.001362
25201,,7,1,0,1,1,0,1,0,0,0,0,0,0.001187
18790,,7,6,12,18,6,12,18,8,0.288172,0.302832,166643.646403,0.1875,0.004095
7327,,7,1,2,3,1,2,3,8,0.261585,0.272723,1292.602554,0.166667,0.001187
1417,,41,2,1,3,2,1,3,9,0.194664,0.199518,0,0.666667,0.001435
1783,,41,2,9,11,2,9,11,8,0.240256,0.250112,60687.656436,0.266667,0.001415
5832,,41,2,5,7,2,5,7,8,0.266081,0.277585,552.006306,0.366667,0.001556
8913,,41,3,3,6,3,3,6,8,0.233698,0.242164,352.383451,0.25,0.001685
6157,,41,2,2,4,2,2,4,8,0.236021,0.244588,0,0.666667,0.001519
10713,,16,2,0,2,2,0,2,0,0,0,0,0.5,0.001636
12641,,41,1,1,2,1,1,2,8,0.231371,0.239276,0,0,0.001246
12565,,41,3,0,3,3,0,3,0,0,0,0,0.666667,0.003057
12924,,41,1,0,1,1,0,1,0,0,0,0,0,0.001246
11235,,41,2,7,9,2,7,9,8,0.232492,0.240847,26977.864899,0.125,0.002058
14813,,41,1,0,1,1,0,1,0,0,0,0,0,0.001246
12152,,16,2,2,4,2,2,4,8,0.260708,0.272203,2820.93775,0.25,0.001464
16925,,41,1,1,2,1,1,2,9,0.194664,0.199518,0,0.5,0.001246
18176,,41,1,2,3,1,2,3,8,0.23138,0.23932,0,0.5,0.001246
20182,,41,1,1,2,1,1,2,8,0.235749,0.244202,0,1,0.001246
5743,,1,4,2,6,4,2,6,9,0.217054,0.22345,28241.929781,0.1,0.002246
7484,,41,3,2,5,3,2,5,8,0.231377,0.239311,44799,0.166667,0.00162
14660,,41,1,2,3,1,2,3,8,0.235761,0.244251,25974,0.5,0.001246
25372,,41,3,0,3,3,0,3,0,0,0,0,0.666667,0.001685
15998,,41,1,1,2,1,1,2,8,0.231371,0.239276,0,0,0.001246
26149,,41,2,0,2,2,0,2,0,0,0,0,1,0.001437
7645,,41,5,9,14,5,9,14,8,0.268502,0.280448,47383.639781,0.2,0.002426
29240,,41,1,0,1,1,0,1,0,0,0,0,0,0.001246
19518,,41,2,1,3,2,1,3,8,0.231371,0.239276,0,0.5,0.001627
11015,,41,2,3,5,2,3,5,8,0.238563,0.247728,89.94419,0.583333,0.001419
21658,,41,3,3,6,3,3,6,8,0.234297,0.242666,19264.449956,0.3,0.001926
32278,,41,1,0,1,1,0,1,0,0,0,0,0,0.001246
33189,,41,1,1,2,1,1,2,8,0.262757,0.273467,0,0.5,0.001246
31433,,41,2,1,3,2,1,3,8,0.235749,0.244202,18826,0.333333,0.001415
34738,,41,1,0,1,1,0,1,0,0,0,0,0,0.001246
29933,,41,1,1,2,1,1,2,9,0.201559,0.206956,0,0.5,0.001246
4854,,41,1,0,1,1,0,1,0,0,0,0,0,0.001397
13205,,41,1,0,1,1,0,1,0,0,0,0,0,0.001397
14197,,41,1,0,1,1,0,1,0,0,0,0,0,0.001397
14553,,41,1,0,1,1,0,1,0,0,0,0,0,0.001397
5796,,41,1,1,2,1,1,2,8,0.234934,0.243137,0,0,0.001397
15900,,41,1,1,2,1,1,2,1,1,1,1197.426266,0,0.001397
15902,,41,1,1,2,1,1,2,8,0.234934,0.243137,0,0,0.001397
17112,,41,1,0,1,1,0,1,0,0,0,0,0,0.001397
17917,,67,2,0,2,2,0,2,0,0,0,0,0,0.001609
20084,,41,1,0,1,1,0,1,0,0,0,0,0,0.001397
19038,,41,3,2,5,3,2,5,8,0.23494,0.243173,25971,0.583333,0.003208
23220,,41,5,1,6,5,1,6,8,0.234934,0.243137,2787.963595,0.05,0.003541
23916,,41,1,0,1,1,0,1,0,0,0,0,0,0.001397
24904,,41,6,0,6,6,0,6,0,0,0,0,0.8,0.004271
21751,,41,3,1,4,3,1,4,8,0.257541,0.268685,88.119295,0.333333,0.002185
27839,,41,1,1,2,1,1,2,8,0.234934,0.243137,0,0,0.001397
28121,,41,1,0,1,1,0,1,0,0,0,0,0,0.001397
11219,,41,3,3,6,3,3,6,9,0.219835,0.226707,19059.678757,0.15,0.001887
22272,,41,5,2,7,5,2,7,9,0.221738,0.228416,128.926271,0.55,0.003769
1409,,41,6,7,13,6,7,13,8,0.245818,0.255731,41951.326048,0.122222,0.004524
30089,,41,2,0,2,2,0,2,0,0,0,0,0,0.00186
32414,,65,3,0,3,3,0,3,0,0,0,0,0,0.001734
4623,,41,2,3,5,2,3,5,8,0.228996,0.236532,2593.669036,0.1,0.00157
31744,,41,1,3,4,1,3,4,8,0.230869,0.238425,996.258416,0.333333,0.001397
34141,,41,1,0,1,1,0,1,0,0,0,0,0,0.001397
33436,,41,1,1,2,1,1,2,8,0.234934,0.243137,0,0,0.001397
35498,,41,1,0,1,1,0,1,0,0,0,0,0,0.001397
6255,,7,2,0,2,2,0,2,0,0,0,0,0.5,0.000606
10847,,7,3,0,3,3,0,3,0,0,0,0,0,0.00083
23061,,7,1,0,1,1,0,1,0,0,0,0,0,0.000334
27431,,7,1,0,1,1,0,1,0,0,0,0,0,0.000334
34028,,7,1,0,1,1,0,1,0,0,0,0,0,0.000334
4526,,41,1,0,1,1,0,1,0,0,0,0,0,0.000359
2072,,36,5,4,9,5,4,9,8,0.257717,0.268983,27580.129248,0.055556,0.001158
14504,,41,7,6,13,7,6,13,9,0.230206,0.238043,14291.540894,0.222222,0.002011
17009,,41,6,2,8,6,2,8,9,0.194431,0.198627,1418.693199,0.166667,0.001919
20409,,41,4,4,8,4,4,8,8,0.256345,0.266087,58023.224244,0.133333,0.001297
28301,,41,5,1,6,5,1,6,1,1,1,2247.184662,0.033333,0.001963
12215,,41,4,2,6,4,2,6,8,0.242976,0.251448,2716.665683,0.266667,0.001042
34086,,41,1,1,2,1,1,2,8,0.257545,0.26869,0,0.5,0.000359
1137,,69,0,2,2,0,2,2,8,0.263083,0.274225,0,0.5,0
8927,,2,10,7,17,10,7,17,9,0.216344,0.22317,77013.925336,0.021978,0.004574
1139,,39,0,4,4,0,4,4,11,0.159286,0.162033,0,0,0
6879,,7,4,4,8,4,4,8,8,0.262592,0.273964,9260.811865,0.095238,0.001235
12883,,7,1,1,2,1,1,2,8,0.224343,0.231025,861.38153,0,0.000566
1141,,65,0,1,1,0,1,1,9,0.195014,0.200132,0,0,0
1662,,36,1,4,5,1,4,5,8,0.235063,0.242742,9645.638814,0.05,0.001795
3093,,36,9,11,20,9,11,20,8,0.247245,0.256304,38784.950093,0.095588,0.004294
4682,,7,1,0,1,1,0,1,0,0,0,0,0,0.001795
7006,,7,1,0,1,1,0,1,0,0,0,0,0,0.001795
7188,,7,1,0,1,1,0,1,0,0,0,0,0,0.001795
8784,,7,1,1,2,1,1,2,9,0.210189,0.215593,0,0.5,0.001795
9182,,16,4,4,8,4,4,8,9,0.251174,0.261697,29642.183935,0.15,0.002648
8814,,7,1,2,3,1,2,3,8,0.239556,0.247903,195.77367,0.333333,0.001795
6812,,36,1,1,2,1,1,2,1,1,1,327.997425,0,0.001795
10971,,7,1,0,1,1,0,1,0,0,0,0,0,0.001795
11157,,7,1,2,3,1,2,3,9,0.246737,0.256554,930.518314,0.166667,0.001795
15567,,7,2,2,4,2,2,4,8,0.26276,0.273494,1347.111003,0.25,0.001963
17307,,7,2,0,2,2,0,2,0,0,0,0,0.5,0.002569
18342,,7,2,0,2,2,0,2,0,0,0,0,0,0.003819
18789,,7,1,0,1,1,0,1,0,0,0,0,0,0.001795
16292,,1,1,2,3,1,2,3,9,0.245607,0.254878,661.983198,0.333333,0.001795
10497,,7,1,6,7,1,6,7,7,0.294658,0.309212,4690.756531,0.095238,0.001795
21551,,7,1,1,2,1,1,2,9,0.250602,0.26096,0,0,0.001795
2557,,7,6,27,33,6,27,33,8,0.291505,0.30691,89818.540891,0.203202,0.003973
4676,,7,1,12,13,1,12,13,8,0.277936,0.291418,673.304697,0.205128,0.001795
21315,,7,3,3,6,3,3,6,8,0.25694,0.267722,29797.607075,0.033333,0.003029
20304,,7,3,7,10,3,7,10,8,0.273558,0.287104,18852.797303,0.322222,0.00233
6738,,16,3,4,7,3,4,7,8,0.27005,0.282152,4807.784303,0.266667,0.002656
3591,,7,2,3,5,2,3,5,8,0.263984,0.275578,44552.281113,0.3,0.001972
25747,,7,1,0,1,1,0,1,0,0,0,0,0,0.001795
26023,,7,1,0,1,1,0,1,0,0,0,0,0,0.001795
26671,,7,1,0,1,1,0,1,0,0,0,0,0,0.001795
27380,,7,1,0,1,1,0,1,0,0,0,0,0,0.001795
10469,,69,2,1,3,2,1,3,8,0.229888,0.237488,711.301639,0.166667,0.002427
21017,,1,1,1,2,1,1,2,8,0.238231,0.24637,0,0.5,0.001795
7467,,7,3,0,3,3,0,3,0,0,0,0,0,0.002278
30402,,7,1,0,1,1,0,1,0,0,0,0,0,0.001795
25791,,7,2,3,5,2,3,5,9,0.250997,0.261531,2684.027454,0.416667,0.002061
31657,,7,1,0,1,1,0,1,0,0,0,0,0,0.001795
30653,,7,17,9,26,17,9,26,8,0.261447,0.272695,105970.223213,0.053333,0.010063
31510,,7,2,0,2,2,0,2,0,0,0,0,0,0.001975
4445,,36,1,1,2,1,1,2,9,0.200864,0.206044,217.279279,0.5,0.001795
34653,,7,1,0,1,1,0,1,0,0,0,0,0,0.001795
21691,,39,13,7,20,13,7,20,8,0.265773,0.277246,177269.616889,0.0375,0.005218
2653,,7,3,4,7,3,4,7,8,0.248001,0.256521,19093.981621,0.133333,0.001101
5421,,7,5,12,17,5,12,17,8,0.282596,0.29592,5217.518762,0.166667,0.001126
9033,,7,3,1,4,3,1,4,8,0.256147,0.266926,835.271708,0.166667,0.002413
6137,,7,9,14,23,9,14,23,8,0.272032,0.284655,151557.488614,0.045238,0.003108
25549,,7,1,0,1,1,0,1,0,0,0,0,0,0.000281
11705,,7,2,1,3,2,1,3,8,0.211312,0.216659,15.838283,0,0.000533
2352,,7,2,15,17,2,15,17,8,0.283845,0.29749,20411.309839,0.169118,0.000449
11745,,7,1,3,4,1,3,4,8,0.238706,0.247122,25974,0.333333,0.000281
10517,,7,1,0,1,1,0,1,0,0,0,0,0,0.000402
19877,,7,4,1,5,4,1,5,9,0.212064,0.218044,1.576138,0.1,0.000993
19878,,12,1,5,6,1,5,6,9,0.227334,0.234884,5984.504213,0.166667,0.000402
5791,,12,2,10,12,2,10,12,8,0.244983,0.254548,18409.917582,0.083333,0.000765
10845,,7,3,2,5,3,2,5,8,0.24275,0.250477,16504.044518,0.1,0.000739
18162,,67,1,1,2,1,1,2,1,1,1,75.47837,0,0.000402
29158,,7,1,0,1,1,0,1,0,0,0,0,0,0.000402
9852,,7,1,1,2,1,1,2,8,0.238222,0.245875,0,0,0.000402
33204,,7,4,6,10,4,6,10,8,0.24864,0.257669,10002.62894,0.194444,0.002031
33164,,12,2,1,3,2,1,3,10,0.177507,0.180765,18826,0.166667,0.000571
34844,,7,1,0,1,1,0,1,0,0,0,0,0,0.000402
1145,,1,2,1,3,2,1,3,9,0.216682,0.223209,43.651234,0.333333,0.00064
1148,,39,2,0,2,2,0,2,0,0,0,0,0,0.000387
21767,,16,1,0,1,1,0,1,0,0,0,0,0,0.000327
34394,,1,1,0,1,1,0,1,0,0,0,0,0,0.000285
35402,,1,1,0,1,1,0,1,0,0,0,0,0,0.000285
14426,,7,1,0,1,1,0,1,0,0,0,0,0,0.000876
1152,,16,0,1,1,0,1,1,8,0.251382,0.261452,0,0,0
1153,,65,0,2,2,0,2,2,8,0.237457,0.245656,0,1,0
16619,,14,1,0,1,1,0,1,0,0,0,0,0,0.000234
2807,,67,2,3,5,2,3,5,9,0.222248,0.229034,26332.799583,0,0.000613
1156,,36,0,2,2,0,2,2,9,0.236606,0.244802,0,0,0
12117,,7,3,17,20,3,17,20,8,0.282376,0.29588,39887.298506,0.113158,0.000788
1500,,36,2,3,5,2,3,5,9,0.219404,0.22613,38070.735293,0.05,0.000454
2959,,36,7,12,19,7,12,19,8,0.278697,0.291917,91611.134386,0.078431,0.00147
9115,,41,2,1,3,2,1,3,9,0.190471,0.194929,635.107043,0.333333,0.001807
14714,,41,1,0,1,1,0,1,0,0,0,0,0,0.001551
15541,,41,2,0,2,2,0,2,0,0,0,0,1,0.002051
14905,,41,2,3,5,2,3,5,8,0.237612,0.246639,0,0.666667,0.001964
16922,,41,1,0,1,1,0,1,0,0,0,0,0,0.001551
1657,,41,3,7,10,3,7,10,8,0.239331,0.248804,1042.607316,0.517857,0.002221
8578,,41,11,4,15,11,4,15,8,0.235764,0.2443,69723.663452,0.016484,0.003632
21019,,41,1,1,2,1,1,2,8,0.209424,0.215623,0,1,0.001551
21914,,41,6,1,7,6,1,7,9,0.197893,0.202902,1.350451,0.8,0.003236
23836,,41,2,2,4,2,2,4,8,0.241313,0.250668,0,1,0.001811
25342,,41,1,0,1,1,0,1,0,0,0,0,0,0.001551
6490,,41,2,6,8,2,6,8,8,0.238651,0.24792,22503.635825,0.166667,0.001727
27038,,41,1,0,1,1,0,1,0,0,0,0,0,0.001551
19943,,41,2,2,4,2,2,4,8,0.235749,0.24422,2.709926,0.5,0.001741
17894,,41,4,4,8,4,4,8,9,0.236427,0.244984,9647.336785,0.071429,0.002268
27869,,41,3,0,3,3,0,3,0,0,0,0,1,0.002229
28559,,41,3,6,9,3,6,9,8,0.237172,0.246167,18830.699489,0.619048,0.00214
27340,,41,1,2,3,1,2,3,8,0.236427,0.245104,0,1,0.001551
28123,,41,8,14,22,8,14,22,8,0.251318,0.261275,6975.953526,0.220833,0.003621
10828,,41,2,1,3,2,1,3,9,0.192589,0.19731,18826,0.333333,0.001719
16466,,41,5,7,12,5,7,12,8,0.276564,0.289164,109174.487158,0.081818,0.002413
22237,,41,6,3,9,6,3,9,8,0.235764,0.244282,15.648798,0.52381,0.00311
26468,,41,4,1,5,4,1,5,9,0.213917,0.219942,18826,0.55,0.002392
33293,,41,1,0,1,1,0,1,0,0,0,0,0,0.001551
23558,,41,3,2,5,3,2,5,9,0.221738,0.228416,0,1,0.002203
33779,,41,1,0,1,1,0,1,0,0,0,0,0,0.001551
34553,,41,5,0,5,5,0,5,0,0,0,0,0.85,0.002986
35602,,41,1,0,1,1,0,1,0,0,0,0,0,0.001551
1160,,14,0,3,3,0,3,3,8,0.247427,0.256838,0,0.166667,0
14852,,41,1,2,3,1,2,3,8,0.235752,0.244229,1.007029,0.5,0.000257
1162,,2,5,3,8,5,3,8,9,0.195226,0.199524,19396.494998,0.266667,0.0011
3069,,2,8,11,19,8,11,19,8,0.238099,0.245946,58765.67513,0.25,0.001704
11743,,2,2,2,4,2,2,4,10,0.181978,0.1859,0,0.666667,0.000437
1312,,2,4,6,10,4,6,10,9,0.195957,0.200443,412.349714,0.285714,0.000831
31974,,53,2,0,2,2,0,2,0,0,0,0,0,0.000455
21803,,12,2,0,2,2,0,2,0,0,0,0,0,0.000542
6672,,7,4,3,7,4,3,7,9,0.228103,0.235533,371.639408,0.095238,0.001906
12126,,16,1,3,4,1,3,4,8,0.262672,0.273962,1074.222652,0.416667,0.000698
12437,,7,1,0,1,1,0,1,0,0,0,0,0,0.000698
13339,,16,3,1,4,3,1,4,10,0.185804,0.190049,97.655082,0.166667,0.001119
7982,,16,3,2,5,3,2,5,9,0.207609,0.213367,639.601618,0.333333,0.001154
5396,,7,6,5,11,6,5,11,8,0.263802,0.275287,24906.251852,0.180556,0.002594
13723,,7,2,0,2,2,0,2,0,0,0,0,0.5,0.00091
16251,,7,1,0,1,1,0,1,0,0,0,0,0,0.000698
8965,,16,5,9,14,5,9,14,8,0.258944,0.271801,88266.547696,0.098485,0.001778
24096,,36,2,2,4,2,2,4,9,0.198893,0.203555,348.916808,0.166667,0.000866
7008,,36,1,1,2,1,1,2,10,0.179195,0.182789,46.01314,0,0.000698
1167,,7,0,3,3,0,3,3,8,0.262767,0.273528,0,0.333333,0
1168,,41,0,18,18,0,18,18,8,0.240625,0.249757,0,0.045752,0
10899,,41,18,5,23,18,5,23,9,0.209796,0.215782,114362.517758,0.088095,0.006412
13427,,41,8,2,10,8,2,10,9,0.209786,0.215694,27030.652721,0.138889,0.002281
13518,,41,2,0,2,2,0,2,0,0,0,0,0,0.000465
14100,,41,4,1,5,4,1,5,1,1,1,0.5,0.25,0.001142
16323,,41,3,2,5,3,2,5,8,0.263301,0.274038,402666.212536,0.05,0.001035
10785,,16,8,2,10,8,2,10,8,0.236166,0.244754,37571.928389,0.089286,0.00361
22258,,41,5,0,5,5,0,5,0,0,0,0,0,0.001481
22259,,41,5,1,6,5,1,6,2,0.666667,0.75,35803.819497,0.033333,0.001481
28809,,41,10,0,10,10,0,10,0,0,0,0,0.022222,0.002025
26985,,41,2,0,2,2,0,2,0,0,0,0,0,0.000405
35416,,41,3,0,3,3,0,3,0,0,0,0,0,0.000633
13017,,16,1,1,2,1,1,2,8,0.221626,0.227915,0,1,0.000855
15349,,69,2,2,4,2,2,4,8,0.224721,0.231585,26258.434503,0,0.001347
13388,,41,2,3,5,2,3,5,8,0.2422,0.249997,518.501978,0.166667,0.001493
12966,,56,1,0,1,1,0,1,0,0,0,0,0,0.000191
22922,,16,1,0,1,1,0,1,0,0,0,0,0,0.000912
26841,,16,8,0,8,8,0,8,0,0,0,0,0.017857,0.003538
34203,,16,1,0,1,1,0,1,0,0,0,0,0,0.000912
34355,,16,1,0,1,1,0,1,0,0,0,0,0,0.000912
35318,,16,1,0,1,1,0,1,0,0,0,0,0,0.000912
18460,,7,2,0,2,2,0,2,0,0,0,0,0.5,0.001401
24905,,7,2,1,3,2,1,3,9,0.202928,0.208071,0,0.833333,0.001316
26061,,7,1,0,1,1,0,1,0,0,0,0,0,0.000987
6907,,7,3,0,3,3,0,3,0,0,0,0,0.666667,0.002741
9032,,7,1,0,1,1,0,1,0,0,0,0,0,0.00123
10788,,36,2,2,4,2,2,4,8,0.260701,0.271795,819.131184,0.166667,0.001528
13958,,7,5,11,16,5,11,16,8,0.268766,0.28134,13998.460319,0.153846,0.002898
16175,,7,1,0,1,1,0,1,0,0,0,0,0,0.00123
7193,,7,3,2,5,3,2,5,8,0.265559,0.276628,1527.57623,0.25,0.00183
31220,,7,1,0,1,1,0,1,0,0,0,0,0,0.00123
5026,,14,1,1,2,1,1,2,8,0.247392,0.256732,0,1,0.000351
4685,,14,4,1,5,4,1,5,9,0.217911,0.2246,0,0.5,0.000937
1177,,41,0,1,1,0,1,1,8,0.234941,0.243151,0,0,0
2533,,7,4,8,12,4,8,12,8,0.271409,0.284026,3328.988491,0.177778,0.002181
4123,,7,1,2,3,1,2,3,9,0.222443,0.228782,25974,0.5,0.000828
16197,,32,2,0,2,2,0,2,0,0,0,0,0.5,0.001768
16359,,7,1,0,1,1,0,1,0,0,0,0,0,0.000828
12607,,7,8,18,26,8,18,26,8,0.268766,0.280756,82495.72934,0.043333,0.003827
15895,,36,1,2,3,1,2,3,8,0.263374,0.273789,957.921256,0,0.000828
15946,,36,6,10,16,6,10,16,8,0.264737,0.275934,131665.919781,0.028571,0.003211
33407,,7,1,0,1,1,0,1,0,0,0,0,0,0.000828
14731,,7,1,3,4,1,3,4,8,0.241762,0.250042,115.407551,0,0.000828
14129,,1,1,2,3,1,2,3,9,0.210081,0.215736,33.87093,0,0.000324
17607,,7,2,2,4,2,2,4,8,0.23494,0.242809,1968.042374,0.5,0.002968
19710,,749,2,0,2,2,0,2,0,0,0,0,0,0.002939
21116,,7,1,0,1,1,0,1,0,0,0,0,0,0.00277
1182,,41,1,9,10,1,9,10,8,0.252082,0.263208,52008.876791,0.066667,0.000216
7012,,41,1,0,1,1,0,1,0,0,0,0,0,0.000173
9707,,41,1,0,1,1,0,1,0,0,0,0,0,0.000173
1184,,7,0,2,2,0,2,2,8,0.238498,0.246263,0,0,0
8474,,16,1,4,5,1,4,5,8,0.241849,0.25073,247.762015,0.333333,0.000281
18671,,7,1,0,1,1,0,1,0,0,0,0,0,0.000281
25796,,7,1,0,1,1,0,1,0,0,0,0,0,0.000281
1186,,7,1,1,2,1,1,2,9,0.218582,0.225226,0,0,0.000463
12935,,41,3,11,14,3,11,14,9,0.239709,0.248755,80935.342207,0.068182,0.000804
23151,,16,1,1,2,1,1,2,9,0.205342,0.210857,0,1,0.000463
7021,,7,3,3,6,3,3,6,9,0.233009,0.241346,1000.076164,0.033333,0.001143
19022,,4,2,0,2,2,0,2,0,0,0,0,0,0.000772
32999,,7,1,0,1,1,0,1,0,0,0,0,0,0.000604
1193,,16,1,6,7,1,6,7,8,0.264047,0.27609,4214.6143,0.047619,0.000196
12079,,16,2,0,2,2,0,2,0,0,0,0,0,0.000365
4466,,7,2,3,5,2,3,5,8,0.214297,0.220187,19.909223,0,0.000427
34704,,7,1,0,1,1,0,1,0,0,0,0,0,0.000236
5993,,7,1,3,4,1,3,4,9,0.222007,0.228841,76.261212,0.166667,0.00027
15403,,12,24,3,27,24,3,27,10,0.157886,0.160501,85746.163335,0.047692,0.010555
17626,,7,1,1,2,1,1,2,9,0.227898,0.235597,0,0.5,0.00027
1202,,7,0,2,2,0,2,2,9,0.217016,0.223595,0,0,0
19435,,7,1,0,1,1,0,1,0,0,0,0,0,0.000287
26284,,7,1,0,1,1,0,1,0,0,0,0,0,0.000287
24734,,53,2,1,3,2,1,3,10,0.183296,0.18734,62.32922,0,0.000465
18005,,7,1,1,2,1,1,2,8,0.262757,0.273467,256.124467,0,0.000287
3404,,2,1,2,3,1,2,3,1,1,1,0,0.333333,0.000448
2345,,2,1,3,4,1,3,4,10,0.193947,0.19822,25974,0.333333,0.000448
20459,,16,1,1,2,1,1,2,8,0.232828,0.239933,702.714859,0,0.000448
21158,,2,1,0,1,1,0,1,0,0,0,0,0,0.000448
1208,,14,1,0,1,1,0,1,0,0,0,0,0,0.000719
3224,,14,1,0,1,1,0,1,0,0,0,0,0,0.000719
3231,,14,1,0,1,1,0,1,0,0,0,0,0,0.000719
4273,,14,1,0,1,1,0,1,0,0,0,0,0,0.000719
3598,,14,1,2,3,1,2,3,8,0.247567,0.257036,0,1,0.000719
5250,,14,2,0,2,2,0,2,0,0,0,0,0.5,0.001009
5423,,14,2,1,3,2,1,3,8,0.239167,0.246988,18873.008107,0,0.000887
5902,,14,2,0,2,2,0,2,0,0,0,0,0,0.000924
3801,,14,2,4,6,2,4,6,8,0.256188,0.267072,19078.61886,0.166667,0.000887
5299,,14,4,9,13,4,9,13,8,0.273586,0.287169,33453.682202,0.309091,0.001606
7691,,14,1,0,1,1,0,1,0,0,0,0,0,0.000719
9225,,14,1,3,4,1,3,4,8,0.248804,0.258525,17.557924,0.833333,0.000719
11660,,14,1,0,1,1,0,1,0,0,0,0,0,0.000719
13602,,14,1,0,1,1,0,1,0,0,0,0,0,0.000719
15224,,14,2,0,2,2,0,2,0,0,0,0,0,0.000887
22867,,14,1,0,1,1,0,1,0,0,0,0,0,0.000719
9625,,14,5,4,9,5,4,9,9,0.222283,0.229496,149346.449014,0.017857,0.001449
26661,,14,5,3,8,5,3,8,8,0.23526,0.242805,269.819086,0.466667,0.002193
30626,,14,5,0,5,5,0,5,0,0,0,0,0.15,0.001712
16192,,7,1,0,1,1,0,1,0,0,0,0,0,0.000295
24109,,7,1,0,1,1,0,1,0,0,0,0,0,0.000295
23207,,7,1,3,4,1,3,4,8,0.263209,0.274115,0.660416,0.416667,0.000295
7740,,7,3,7,10,3,7,10,8,0.266518,0.278363,1369.24794,0.180556,0.00069
27258,,7,1,0,1,1,0,1,0,0,0,0,0,0.000295
27388,,16,2,0,2,2,0,2,0,0,0,0,0.5,0.000469
6499,,7,5,2,7,5,2,7,8,0.260539,0.272177,14056.159931,0.1,0.001576
28446,,7,1,0,1,1,0,1,0,0,0,0,0,0.000295
24214,,36,2,1,3,2,1,3,10,0.18506,0.189072,25.243224,0,0.00051
28053,,16,1,4,5,1,4,5,9,0.217157,0.22365,21.811794,0.2,0.000295
14071,,7,1,2,3,1,2,3,8,0.269957,0.282416,0,0.666667,0.000295
30142,,53,7,10,17,7,10,17,9,0.22274,0.229732,47386.56527,0.189394,0.001779
32988,,7,1,0,1,1,0,1,0,0,0,0,0,0.000295
35187,,16,2,0,2,2,0,2,0,0,0,0,0,0.000493
19110,,7,5,0,5,5,0,5,0,0,0,0,0.1,0.001231
16533,,7,1,1,2,1,1,2,9,0.223028,0.229759,57.29339,0,0.000261
3905,,32,1,3,4,1,3,4,8,0.231525,0.238478,40.359574,0.333333,0.000322
4662,,32,2,0,2,2,0,2,0,0,0,0,0,0.001223
4723,,32,2,0,2,2,0,2,0,0,0,0,0,0.000556
7221,,32,1,0,1,1,0,1,0,0,0,0,0,0.000322
11587,,32,1,0,1,1,0,1,0,0,0,0,0,0.000322
6336,,12,4,4,8,4,4,8,8,0.26333,0.274297,27362.273234,0.166667,0.001357
21689,,32,4,2,6,4,2,6,9,0.218364,0.224703,19362.15347,0.05,0.000969
30478,,32,1,0,1,1,0,1,0,0,0,0,0,0.000322
33892,,32,1,0,1,1,0,1,0,0,0,0,0,0.000322
5519,,7,4,6,10,4,6,10,8,0.236252,0.245514,1960.409581,0.155556,0.001698
13917,,7,1,1,2,1,1,2,8,0.230102,0.238105,0,0,0.00058
12755,,7,17,20,37,17,20,37,8,0.2745,0.287446,140782.773518,0.065524,0.007726
14060,,41,1,1,2,1,1,2,8,0.257545,0.26869,355.319019,0,0.00058
22907,,7,1,0,1,1,0,1,0,0,0,0,0,0.00058
24644,,7,1,0,1,1,0,1,0,0,0,0,0,0.00058
13270,,7,4,4,8,4,4,8,8,0.265233,0.276525,7999.001129,0.142857,0.001325
25973,,2,2,1,3,2,1,3,9,0.219668,0.226228,26.088956,0,0.001684
27404,,7,1,0,1,1,0,1,0,0,0,0,0,0.00058
30520,,7,1,0,1,1,0,1,0,0,0,0,0,0.00058
29751,,12,1,3,4,1,3,4,8,0.231238,0.23978,718.44214,0.333333,0.00058
1217,,16,3,5,8,3,5,8,8,0.238766,0.247316,45716.272963,0.190476,0.000709
1218,,16,4,1,5,4,1,5,9,0.192747,0.19709,4201.589876,0.25,0.001378
19514,,16,1,0,1,1,0,1,0,0,0,0,0,0.000184
7251,,16,2,4,6,2,4,6,8,0.240345,0.24961,1145.531573,0.3,0.000491
7732,,16,1,3,4,1,3,4,7,0.296767,0.311753,2456.189327,0.333333,0.000304
11131,,16,2,0,2,2,0,2,0,0,0,0,0.5,0.000479
7279,,16,8,1,9,8,1,9,9,0.187682,0.191672,19978.101758,0.178571,0.003651
16423,,16,2,1,3,2,1,3,9,0.195179,0.200127,27.200547,0.5,0.000515
4324,,16,2,1,3,2,1,3,9,0.192347,0.197006,417.51673,0,0.000645
10686,,16,6,26,32,6,26,32,8,0.273654,0.28819,133008.849873,0.075862,0.001706
3915,,16,4,1,5,4,1,5,1,1,1,25976,0.166667,0.001434
18840,,16,1,0,1,1,0,1,0,0,0,0,0,0.000797
20216,,16,1,1,2,1,1,2,9,0.217762,0.224566,0,0,0.000797
20548,,16,1,1,2,1,1,2,9,0.217762,0.224566,0,0,0.000797
24812,,16,2,2,4,2,2,4,1,1,1,51953,0,0.00097
29347,,16,2,2,4,2,2,4,9,0.223778,0.231125,0,1,0.00134
30120,,16,1,0,1,1,0,1,0,0,0,0,0,0.000797
24773,,16,2,1,3,2,1,3,9,0.217762,0.224566,0,0.5,0.000965
1225,,7,0,4,4,0,4,4,8,0.265971,0.277985,0,0.666667,0
3008,,7,1,3,4,1,3,4,8,0.234929,0.243248,127.079299,0,0.000207
6070,,41,1,0,1,1,0,1,0,0,0,0,0,0.000189
9636,,41,1,0,1,1,0,1,0,0,0,0,0,0.000189
10792,,41,2,0,2,2,0,2,0,0,0,0,0,0.001036
5277,,7,1,0,1,1,0,1,0,0,0,0,0,0.000892
4467,,14,2,0,2,2,0,2,0,0,0,0,0,0.001201
7807,,7,2,4,6,2,4,6,8,0.263179,0.274867,6032.38751,0.233333,0.001098
7916,,7,3,0,3,3,0,3,0,0,0,0,0,0.00136
17640,,7,2,6,8,2,6,8,8,0.267822,0.279665,942.87259,0.119048,0.001129
18161,,7,3,2,5,3,2,5,9,0.227664,0.235544,26352.582865,0.05,0.00244
18682,,7,1,0,1,1,0,1,0,0,0,0,0,0.000892
20629,,65,1,1,2,1,1,2,9,0.213607,0.21955,1884.850052,0,0.000892
1233,,7,0,1,1,0,1,1,8,0.234225,0.241378,0,0,0
14602,,7,3,1,4,3,1,4,10,0.183179,0.186931,80.47767,0.166667,0.004141
13643,,7,1,1,2,1,1,2,9,0.212005,0.218085,0,0,0.000564
1237,,67,0,3,3,0,3,3,9,0.225102,0.231782,0,0,0
1238,,67,1,0,1,1,0,1,0,0,0,0,0,0.000168
18139,,67,32,0,32,32,0,32,0,0,0,0,0.009073,0.005897
13656,,16,3,2,5,3,2,5,9,0.214122,0.220389,433.363415,0.25,0.001164
1374,,36,5,7,12,5,7,12,8,0.274604,0.28753,48254.995803,0.133333,0.002221
11824,,39,5,4,9,5,4,9,9,0.223765,0.231056,409.24466,0.333333,0.001786
12768,,7,3,4,7,3,4,7,9,0.228072,0.236339,4.860378,0.85,0.001262
16990,,39,4,4,8,4,4,8,8,0.228907,0.236589,45201.573657,0.233333,0.00163
27084,,7,1,2,3,1,2,3,9,0.216914,0.22318,0,0.5,0.000298
27382,,7,1,0,1,1,0,1,0,0,0,0,0,0.000298
22264,,39,3,2,5,3,2,5,9,0.216837,0.223072,72.424698,0.5,0.00078
12431,,403,2,0,2,2,0,2,0,0,0,0,0,0.000363
23379,,7,1,0,1,1,0,1,0,0,0,0,0,0.000195
1242,,7,0,1,1,0,1,1,9,0.214152,0.220013,0,0,0
8666,,67,4,0,4,4,0,4,0,0,0,0,0.083333,0.000957
8164,,36,7,6,13,7,6,13,8,0.229992,0.238165,37903.252588,0.236111,0.002648
4248,,12,1,6,7,1,6,7,8,0.237813,0.246722,28190.18753,0.133333,0.000721
2947,,7,1,2,3,1,2,3,8,0.225764,0.23318,0,1,0.000721
11548,,7,1,0,1,1,0,1,0,0,0,0,0,0.000721
11884,,7,1,0,1,1,0,1,0,0,0,0,0,0.000721
9923,,36,2,4,6,2,4,6,8,0.226601,0.23406,28278.238791,0.1,0.001204
16579,,36,2,2,4,2,2,4,9,0.185615,0.190166,1124.52989,0.166667,0.000895
15706,,36,3,0,3,3,0,3,0,0,0,0,0.333333,0.001076
21579,,7,1,0,1,1,0,1,0,0,0,0,0,0.000721
23171,,7,2,0,2,2,0,2,0,0,0,0,0,0.001042
23998,,67,2,0,2,2,0,2,0,0,0,0,0,0.000913
24722,,7,1,0,1,1,0,1,0,0,0,0,0,0.000721
5837,,7,4,8,12,4,8,12,8,0.249011,0.259046,32195.209772,0.136364,0.003784
32874,,7,1,0,1,1,0,1,0,0,0,0,0,0.000721
33668,,7,1,0,1,1,0,1,0,0,0,0,0,0.000721
15068,,1,1,0,1,1,0,1,0,0,0,0,0,0.0005
1248,,16,0,1,1,0,1,1,8,0.224596,0.231783,0,0,0
2115,,16,1,0,1,1,0,1,0,0,0,0,0,0.000747
8494,,16,2,3,5,2,3,5,8,0.234096,0.242333,18856.603597,0.166667,0.000915
11117,,16,1,1,2,1,1,2,8,0.22459,0.231769,0,0,0.000747
12353,,16,1,2,3,1,2,3,8,0.229515,0.237044,46.081876,0.5,0.000747
11483,,16,1,3,4,1,3,4,8,0.226508,0.234038,57.967324,0.333333,0.000747
11786,,16,1,2,3,1,2,3,8,0.221511,0.227991,266.363459,0.5,0.000747
22761,,16,1,0,1,1,0,1,0,0,0,0,0,0.000747
18069,,16,1,3,4,1,3,4,8,0.249156,0.258902,2361.016664,0.333333,0.000747
12335,,67,1,1,2,1,1,2,10,0.181671,0.185552,52029.427468,0,0.000747
29362,,16,2,2,4,2,2,4,8,0.230026,0.237667,76.814379,0.333333,0.000926
33524,,16,1,0,1,1,0,1,0,0,0,0,0,0.000747
8718,,7,2,2,4,2,2,4,9,0.228635,0.235892,18984.881967,0,0.001746
9934,,7,3,3,6,3,3,6,8,0.250809,0.260075,19647.328074,0.2,0.001947
11709,,7,1,0,1,1,0,1,0,0,0,0,0,0.000451
20254,,7,1,0,1,1,0,1,0,0,0,0,0,0.000451
14892,,41,4,5,9,4,5,9,8,0.25155,0.261963,45803.805608,0.089286,0.001069
8576,,7,4,3,7,4,3,7,9,0.229765,0.236992,26005.566478,0.119048,0.00118
4371,,7,4,14,18,4,14,18,8,0.277191,0.290211,27376.815311,0.125,0.001126
33150,,7,1,0,1,1,0,1,0,0,0,0,0,0.000451
20040,,1,1,0,1,1,0,1,0,0,0,0,0,0.000631
4100,,1,3,3,6,3,3,6,9,0.213261,0.21961,1118.062244,0.2,0.00092
10085,,1,6,0,6,6,0,6,0,0,0,0,0.6,0.002728
16771,,41,4,4,8,4,4,8,8,0.273364,0.286035,14454.889365,0.196429,0.001072
30797,,1,1,0,1,1,0,1,0,0,0,0,0,0.000571
35676,,1,2,0,2,2,0,2,0,0,0,0,0,0.001023
16460,,7,1,2,3,1,2,3,9,0.213065,0.219331,140.789295,0,0.000324
1260,,53,1,3,4,1,3,4,8,0.237561,0.24582,672.966092,0.333333,0.000182
21885,,53,4,1,5,4,1,5,9,0.207958,0.213403,77.486764,0.333333,0.00164
29273,,53,1,0,1,1,0,1,0,0,0,0,0,0.000397
27905,,53,2,1,3,2,1,3,9,0.209957,0.215705,1.711111,0,0.000566
16894,,7,2,3,5,2,3,5,9,0.230934,0.238441,11717.251159,0.333333,0.001063
5671,,16,1,0,1,1,0,1,0,0,0,0,0,0.000868
18193,,16,1,0,1,1,0,1,0,0,0,0,0,0.000868
21429,,16,1,3,4,1,3,4,8,0.25216,0.262356,321.990369,0.666667,0.000868
21970,,16,6,2,8,6,2,8,8,0.252143,0.262299,69.424929,0.404762,0.002081
23103,,16,2,3,5,2,3,5,8,0.252221,0.262392,1698.454748,0.583333,0.001049
23700,,16,2,3,5,2,3,5,9,0.201436,0.206605,1495.842185,0.25,0.001095
25141,,16,1,3,4,1,3,4,8,0.25216,0.262361,0,1,0.000868
22078,,16,1,1,2,1,1,2,8,0.251379,0.261448,0,1,0.000868
26987,,16,4,4,8,4,4,8,8,0.252227,0.262428,87.736499,0.357143,0.001588
14175,,16,2,2,4,2,2,4,8,0.25217,0.262293,44.494391,0.25,0.001041
24971,,16,2,4,6,2,4,6,8,0.251469,0.261613,99.772581,0.5,0.00121
23197,,16,1,2,3,1,2,3,8,0.252143,0.262299,0,1,0.000868
3754,,16,1,2,3,1,2,3,8,0.252099,0.262492,676.789441,0.333333,0.000868
32017,,16,1,1,2,1,1,2,9,0.221566,0.228318,0,0,0.000868
18150,,16,1,3,4,1,3,4,8,0.252221,0.262392,11.537711,0.833333,0.000868
33582,,16,1,2,3,1,2,3,9,0.221574,0.228357,0,1,0.000868
23236,,16,3,4,7,3,4,7,8,0.252163,0.262383,26695.26794,0.233333,0.001285
22380,,16,3,8,11,3,8,11,8,0.252258,0.262574,798.030417,0.347222,0.00133
3625,,7,6,1,7,6,1,7,9,0.231782,0.24009,0,0.666667,0.001806
12828,,12,8,6,14,8,6,14,9,0.228921,0.236689,118512.361961,0.10989,0.002521
21404,,7,1,1,2,1,1,2,8,0.224955,0.231298,0,0,0.000329
28014,,7,2,1,3,2,1,3,9,0.224571,0.23158,0,1,0.000709
3312,,7,6,7,13,6,7,13,8,0.245258,0.253968,1.44349,0.785714,0.002026
15728,,7,3,1,4,3,1,4,9,0.214095,0.220067,134.377532,0.166667,0.001161
3338,,7,3,3,6,3,3,6,8,0.231942,0.239584,1919.87446,0.133333,0.000801
1268,,7,2,3,5,2,3,5,8,0.275455,0.287836,691.232926,0.45,0.001175
1269,,7,0,1,1,0,1,1,8,0.261475,0.272568,0,0,0
1270,,1,0,1,1,0,1,1,8,0.242388,0.250662,0,0,0
1272,,14,0,1,1,0,1,1,9,0.217915,0.224606,0,0,0
2695,,7,3,0,3,3,0,3,0,0,0,0,0.166667,0.003003
4749,,41,4,13,17,4,13,17,8,0.267708,0.279713,62533.064987,0.164835,0.002801
5462,,7,3,2,5,3,2,5,8,0.268215,0.279787,32142.18393,0.2,0.002611
9546,,7,1,0,1,1,0,1,0,0,0,0,0,0.002114
9159,,41,3,10,13,3,10,13,8,0.262882,0.274731,30591.278604,0.190909,0.00249
11620,,41,5,4,9,5,4,9,8,0.260719,0.272697,23507.438105,0.285714,0.003165
14297,,7,2,0,2,2,0,2,0,0,0,0,0,0.002494
20388,,7,1,0,1,1,0,1,0,0,0,0,0,0.002114
21374,,7,1,0,1,1,0,1,0,0,0,0,0,0.002114
22724,,7,1,0,1,1,0,1,0,0,0,0,0,0.002114
23084,,7,2,0,2,2,0,2,0,0,0,0,0,0.002481
23344,,41,2,2,4,2,2,4,10,0.168633,0.171533,4743.971574,0,0.002377
27532,,25,3,0,3,3,0,3,0,0,0,0,0.5,0.002909
22880,,16,3,1,4,3,1,4,9,0.187489,0.191338,947.161219,0,0.002647
7776,,7,3,12,15,3,12,15,8,0.249596,0.259808,3138.820958,0.148352,0.001841
12972,,12,1,1,2,1,1,2,1,1,1,27.644313,0,0.001172
13497,,7,4,1,5,4,1,5,8,0.265447,0.27675,147.514287,0.25,0.002129
18063,,7,1,0,1,1,0,1,0,0,0,0,0,0.001172
18880,,7,3,10,13,3,10,13,8,0.268207,0.281164,30899.555396,0.236364,0.001794
27995,,7,1,0,1,1,0,1,0,0,0,0,0,0.001172
32465,,7,6,5,11,6,5,11,8,0.270971,0.283389,1240.742021,0.3,0.006909
33536,,7,2,2,4,2,2,4,8,0.24732,0.256887,0,1,0.003797
1278,,7,0,1,1,0,1,1,9,0.215232,0.221161,0,0,0
34170,,41,7,4,11,7,4,11,9,0.217934,0.223978,172077.590598,0,0.001261
2593,,7,2,11,13,2,11,13,8,0.259401,0.270263,26670.719952,0.134615,0.000541
14483,,7,2,3,5,2,3,5,9,0.227672,0.23497,66.130187,0.15,0.000541
23121,,7,1,0,1,1,0,1,0,0,0,0,0,0.000373
23391,,1,2,2,4,2,2,4,8,0.234361,0.242106,3176.868893,0.333333,0.000541
23733,,7,1,0,1,1,0,1,0,0,0,0,0,0.000373
1283,,41,0,1,1,0,1,1,11,0.160269,0.162784,0,0,0
2054,,41,2,1,3,2,1,3,11,0.160264,0.162766,0,1,0.000582
1990,,41,2,0,2,2,0,2,0,0,0,0,0,0.000481
3797,,41,1,1,2,1,1,2,11,0.160264,0.162766,0,0,0.000313
3789,,16,1,0,1,1,0,1,0,0,0,0,0,0.000418
9073,,16,1,2,3,1,2,3,1,1,1,51952,0.166667,0.000418
3186,,7,1,0,1,1,0,1,0,0,0,0,0,0.000503
22260,,7,2,0,2,2,0,2,0,0,0,0,1,0.000751
5965,,16,1,3,4,1,3,4,8,0.25497,0.265569,64.264425,0,0.000269
15711,,7,2,1,3,2,1,3,8,0.27219,0.283723,18893.302994,0,0.000437
15713,,7,1,0,1,1,0,1,0,0,0,0,0,0.000269
15714,,7,1,0,1,1,0,1,0,0,0,0,0,0.000269
15715,,7,1,0,1,1,0,1,0,0,0,0,0,0.000269
15716,,7,1,0,1,1,0,1,0,0,0,0,0,0.000269
28147,,2,1,0,1,1,0,1,0,0,0,0,0,0.000223
1289,,16,1,1,2,1,1,2,8,0.238712,0.2466,46.150975,0,0.000168
8580,,41,1,1,2,1,1,2,1,1,1,2.552691,0,0.000249
4817,,7,6,5,11,6,5,11,8,0.262636,0.274039,24203.086004,0.071429,0.001825
17034,,41,1,5,6,1,5,6,8,0.243057,0.251577,496.61179,0.066667,0.000429
14352,,41,4,1,5,4,1,5,1,1,1,3.033333,0.1,0.001022
6275,,16,1,0,1,1,0,1,0,0,0,0,0,0.000889
12187,,16,1,0,1,1,0,1,0,0,0,0,0,0.000889
13652,,16,1,0,1,1,0,1,0,0,0,0,0,0.000889
14042,,16,2,0,2,2,0,2,0,0,0,0,0,0.00135
16492,,16,1,2,3,1,2,3,9,0.226095,0.233486,0,1,0.000889
22698,,16,1,3,4,1,3,4,9,0.226097,0.233513,0,0.5,0.000889
23739,,16,1,0,1,1,0,1,0,0,0,0,0,0.000889
25897,,16,1,0,1,1,0,1,0,0,0,0,0,0.000889
10140,,53,26,29,55,26,29,55,8,0.273729,0.28618,748596.658663,0.034615,0.007776
31771,,16,1,1,2,1,1,2,9,0.224914,0.23214,0,0,0.000889
32015,,16,1,1,2,1,1,2,9,0.224914,0.23214,0,0,0.000889
31211,,16,2,0,2,2,0,2,0,0,0,0,1,0.00107
26429,,16,3,2,5,3,2,5,9,0.23373,0.242004,19510.167016,0,0.001704
1296,,7,4,14,18,4,14,18,8,0.278508,0.292212,78746.143928,0.091912,0.000769
2199,,7,1,3,4,1,3,4,8,0.236202,0.244555,26041.002347,0.25,0.000188
2318,,7,2,0,2,2,0,2,0,0,0,0,0,0.000555
11892,,36,4,7,11,4,7,11,9,0.235941,0.244334,53640.559229,0.069444,0.001198
6501,,36,4,3,7,4,3,7,9,0.219514,0.226414,35.317128,0.5,0.001021
14922,,36,4,3,7,4,3,7,9,0.230175,0.237964,1436.632001,0.4,0.001037
18299,,36,1,0,1,1,0,1,0,0,0,0,0,0.000457
2904,,16,2,6,8,2,6,8,8,0.258283,0.268247,2881.564363,0.095238,0.000666
22988,,36,1,0,1,1,0,1,0,0,0,0,0,0.000457
26599,,36,1,0,1,1,0,1,0,0,0,0,0,0.000457
33534,,36,1,2,3,1,2,3,9,0.21933,0.226172,16.859514,0,0.000457
1298,,7,1,1,2,1,1,2,9,0.195054,0.199316,0,0.5,0.000186
17210,,7,5,4,9,5,4,9,9,0.228164,0.235586,454.200043,0.178571,0.002059
23022,,7,1,1,2,1,1,2,9,0.205038,0.210491,0,0.5,0.000258
12410,,7,3,3,6,3,3,6,8,0.247936,0.257469,6855.205285,0.1,0.000616
1589,,7,1,0,1,1,0,1,0,0,0,0,0,0.000881
20079,,41,3,2,5,3,2,5,9,0.226574,0.233755,20187.462801,0,0.00124
32747,,7,3,1,4,3,1,4,9,0.224729,0.2317,23.637683,0,0.001464
28211,,36,1,0,1,1,0,1,0,0,0,0,0,0.001017
27369,,7,3,10,13,3,10,13,8,0.259644,0.270625,2306.307191,0.143939,0.00129
1304,,16,0,1,1,0,1,1,8,0.251382,0.261452,0,0,0
7797,,67,2,1,3,2,1,3,9,0.195861,0.200216,0,0.333333,0.00076
12997,,7,2,10,12,2,10,12,8,0.274704,0.287242,1076.080033,0.075758,0.000754
14775,,22,2,1,3,2,1,3,9,0.19453,0.199083,19155.044001,0,0.000635
12341,,22,2,1,3,2,1,3,10,0.196307,0.201067,7.472415,0.166667,0.000635
10662,,67,4,0,4,4,0,4,0,0,0,0,0.083333,0.001118
16394,,22,1,0,1,1,0,1,0,0,0,0,0,0.000467
16485,,7,1,23,24,1,23,24,8,0.290731,0.305423,82094.398776,0.099638,0.000467
18097,,16,2,0,2,2,0,2,0,0,0,0,0,0.000728
5507,,7,2,3,5,2,3,5,9,0.228924,0.236335,18934.287547,0.15,0.000635
18030,,22,1,1,2,1,1,2,8,0.234516,0.243062,43.679322,0,0.000467
19321,,22,1,0,1,1,0,1,0,0,0,0,0,0.000467
4603,,16,1,3,4,1,3,4,8,0.242172,0.250346,172.227052,0.083333,0.000467
20995,,22,2,0,2,2,0,2,0,0,0,0,0.5,0.000774
14307,,1,4,3,7,4,3,7,8,0.248413,0.258495,19774.93824,0.166667,0.001854
21415,,67,5,5,10,5,5,10,9,0.206428,0.212333,116771.313448,0.041667,0.001217
19964,,36,4,1,5,4,1,5,9,0.20424,0.209344,22553.442717,0,0.001943
23390,,16,4,3,7,4,3,7,8,0.234493,0.241972,844.82248,0.3,0.001409
24164,,41,1,3,4,1,3,4,9,0.21287,0.218971,3184.138366,0.333333,0.000467
24790,,22,1,0,1,1,0,1,0,0,0,0,0,0.000467
24188,,53,3,50,53,3,50,53,8,0.280045,0.295558,395594.579648,0.041855,0.00132
24351,,7,1,6,7,1,6,7,8,0.246501,0.25595,417.848759,0.095238,0.000467
27202,,22,2,1,3,2,1,3,1,1,1,6.748485,0,0.000635
26201,,16,3,2,5,3,2,5,8,0.238921,0.247334,264.929285,0.166667,0.00162
27827,,32,3,0,3,3,0,3,0,0,0,0,0.333333,0.001015
28185,,22,1,0,1,1,0,1,0,0,0,0,0,0.000467
24342,,22,1,1,2,1,1,2,8,0.234516,0.243062,43.679322,0,0.000467
28991,,2,1,4,5,1,4,5,8,0.24097,0.249957,409.590945,0.3,0.000467
30452,,22,1,0,1,1,0,1,0,0,0,0,0,0.000467
31358,,22,1,0,1,1,0,1,0,0,0,0,0,0.000467
30524,,22,3,0,3,3,0,3,0,0,0,0,0.166667,0.001627
7703,,22,7,0,7,7,0,7,0,0,0,0,0,0.00162
32888,,22,1,0,1,1,0,1,0,0,0,0,0,0.000467
33733,,22,1,0,1,1,0,1,0,0,0,0,0,0.000467
24991,,22,3,1,4,3,1,4,9,0.203342,0.208926,37695.158247,0,0.000803
32175,,22,3,1,4,3,1,4,8,0.262757,0.273467,18840.215806,0,0.000938
35120,,22,1,0,1,1,0,1,0,0,0,0,0,0.000467
35340,,22,1,0,1,1,0,1,0,0,0,0,0,0.000467
4279,,16,1,2,3,1,2,3,9,0.218759,0.225602,51948,0,0.000455
19151,,16,3,7,10,3,7,10,8,0.248929,0.259634,2457.251781,0.196429,0.001145
21318,,16,1,1,2,1,1,2,9,0.218432,0.225205,0,0,0.000455
18551,,16,3,0,3,3,0,3,0,0,0,0,0.333333,0.000856
2176,,7,1,0,1,1,0,1,0,0,0,0,0,0.001025
6409,,127,3,1,4,3,1,4,8,0.253952,0.263282,37652,0,0.001361
6726,,7,1,0,1,1,0,1,0,0,0,0,0,0.001025
3447,,7,3,6,9,3,6,9,9,0.22401,0.230959,637.009941,0.069444,0.001603
6569,,32,1,2,3,1,2,3,8,0.234996,0.243323,2.23242,0.166667,0.001025
5642,,7,2,0,2,2,0,2,0,0,0,0,0.5,0.001193
24245,,7,1,0,1,1,0,1,0,0,0,0,0,0.001025
26438,,7,1,0,1,1,0,1,0,0,0,0,0,0.001025
17632,,7,2,9,11,2,9,11,8,0.289301,0.303592,35517.450449,0.272727,0.001219
29634,,7,1,0,1,1,0,1,0,0,0,0,0,0.001025
1850,,7,4,4,8,4,4,8,9,0.227299,0.234414,577.117824,0.3,0.001361
2968,,7,1,2,3,1,2,3,9,0.232059,0.239789,13.30421,0,0.000554
13795,,7,1,2,3,1,2,3,9,0.213813,0.219761,1368.24217,0.166667,0.000554
24854,,7,35,0,35,35,0,35,0,0,0,0,0.037815,0.009169
11280,,7,8,3,11,8,3,11,8,0.240572,0.248736,19247.793005,0.144444,0.002026
3068,,2,11,10,21,11,10,21,9,0.215445,0.221812,107497.797788,0.217949,0.002388
11788,,2,7,3,10,7,3,10,9,0.219894,0.226455,42676.560824,0.071429,0.001435
4869,,1,1,1,2,1,1,2,9,0.222601,0.23004,0,1,0.000502
27255,,1,1,0,1,1,0,1,0,0,0,0,0,0.000502
4286,,41,1,4,5,1,4,5,9,0.216031,0.222469,634.192091,0.15,0.000857
15500,,7,1,2,3,1,2,3,8,0.272205,0.283765,25975,0.166667,0.000857
16218,,7,1,0,1,1,0,1,0,0,0,0,0,0.000857
8131,,7,2,7,9,2,7,9,8,0.269177,0.28083,116.101893,0.321429,0.002236
22834,,7,1,0,1,1,0,1,0,0,0,0,0,0.000857
12842,,2,1,0,1,1,0,1,0,0,0,0,0,0.000233
1907,,2,5,7,12,5,7,12,9,0.206552,0.212449,21924.681901,0.1,0.001153
14461,,2,2,2,4,2,2,4,9,0.220688,0.22745,504.916596,0.166667,0.000508
25555,,2,3,3,6,3,3,6,9,0.205389,0.210709,98.9993,0.4,0.000603
31507,,2,1,2,3,1,2,3,10,0.192489,0.19709,57.411699,0.166667,0.000233
3147,,2,7,9,16,7,9,16,8,0.249622,0.259796,68323.875678,0.098901,0.001284
15471,,16,1,1,2,1,1,2,8,0.23451,0.243055,0,1,0.000245
24058,,16,1,0,1,1,0,1,0,0,0,0,0,0.000245
1324,,14,3,0,3,3,0,3,0,0,0,0,0,0.000582
16636,,41,1,0,1,1,0,1,0,0,0,0,0,0.000221
26774,,41,1,0,1,1,0,1,0,0,0,0,0,0.000221
34325,,41,1,0,1,1,0,1,0,0,0,0,0,0.000221
30954,,7,4,0,4,4,0,4,0,0,0,0,0.916667,0.005072
30950,,7,3,0,3,3,0,3,0,0,0,0,0.5,0.004366
31047,,7,3,1,4,3,1,4,9,0.221087,0.227881,0,0.666667,0.003507
33654,,7,3,0,3,3,0,3,0,0,0,0,0,0.000985
7657,,16,1,0,1,1,0,1,0,0,0,0,0,0.000451
15067,,7,1,6,7,1,6,7,8,0.270847,0.28341,187.513917,0.309524,0.000451
32011,,2,2,0,2,2,0,2,0,0,0,0,0,0.000619
9269,,1,7,10,17,7,10,17,8,0.274316,0.28705,104734.081132,0.06044,0.002619
12835,,16,1,1,2,1,1,2,10,0.184105,0.18794,1.833333,0,0.000179
3676,,7,1,3,4,1,3,4,8,0.25487,0.264638,105.270755,0.166667,0.000912
18941,,7,9,10,19,9,10,19,8,0.255892,0.266678,47656.907235,0.114286,0.002739
10927,,12,2,7,9,2,7,9,8,0.254498,0.264649,19250.599957,0.097222,0.00108
17291,,7,12,8,20,12,8,20,8,0.260132,0.271614,4561.596928,0.356061,0.010385
4735,,16,1,0,1,1,0,1,0,0,0,0,0,0.000362
12534,,16,2,0,2,2,0,2,0,0,0,0,0.5,0.00053
1333,,68,0,1,1,0,1,1,1,1,1,0,0,0
1334,,68,1,0,1,1,0,1,0,0,0,0,0,0.000168
2855,,16,1,2,3,1,2,3,9,0.213575,0.219754,0,1,0.000476
9695,,16,2,0,2,2,0,2,0,0,0,0,0,0.000786
18841,,16,1,0,1,1,0,1,0,0,0,0,0,0.000476
22124,,16,4,0,4,4,0,4,0,0,0,0,0,0.001198
2567,,16,4,5,9,4,5,9,8,0.247151,0.255611,29686.299519,0.027778,0.003793
31803,,16,2,1,3,2,1,3,9,0.213573,0.219727,0,1,0.000652
34007,,16,1,0,1,1,0,1,0,0,0,0,0,0.000476
35598,,16,1,0,1,1,0,1,0,0,0,0,0,0.000476
1337,,2,4,8,12,4,8,12,8,0.246772,0.255874,29489.832194,0.19697,0.000886
1338,,2,2,2,4,2,2,4,10,0.177259,0.180693,16.823668,0.166667,0.000415
5164,,2,3,4,7,3,4,7,8,0.250632,0.259979,19281.939369,0.133333,0.001462
10861,,7,3,4,7,3,4,7,9,0.224279,0.231696,43241.107416,0,0.000937
7349,,7,1,0,1,1,0,1,0,0,0,0,0,0.000234
25491,,7,1,0,1,1,0,1,0,0,0,0,0,0.000234
3441,,16,7,5,12,7,5,12,7,0.294326,0.308783,94975.847101,0.111111,0.002238
14586,,16,2,1,3,2,1,3,8,0.228999,0.235635,13.871468,0.5,0.000694
7649,,16,8,13,21,8,13,21,8,0.245095,0.253842,43515.044877,0.147059,0.002483
1769,,16,2,1,3,2,1,3,9,0.224971,0.231896,18825,0.5,0.001095
6208,,16,1,0,1,1,0,1,0,0,0,0,0,0.000914
6237,,16,7,2,9,7,2,9,8,0.238948,0.24849,21197.051514,0.428571,0.002291
2037,,16,3,2,5,3,2,5,9,0.225186,0.232184,18825,0.583333,0.001311
4295,,16,8,8,16,8,8,16,9,0.225512,0.232731,26073.632879,0.25,0.002362
6306,,16,1,1,2,1,1,2,10,0.183801,0.187527,0,1,0.000914
2793,,16,3,2,5,3,2,5,9,0.225186,0.232184,4.583999,0.833333,0.001437
9468,,16,1,0,1,1,0,1,0,0,0,0,0,0.000914
7046,,16,1,1,2,1,1,2,9,0.224971,0.231896,0,0,0.000914
12041,,16,1,1,2,1,1,2,9,0.224971,0.231896,0,0,0.000914
13107,,16,2,2,4,2,2,4,9,0.225186,0.232184,4.813002,0.833333,0.001132
13711,,16,2,1,3,2,1,3,9,0.224971,0.231896,0,1,0.001132
21606,,16,5,2,7,5,2,7,9,0.224976,0.231931,4.739802,0.733333,0.001907
26874,,16,1,1,2,1,1,2,10,0.183658,0.187354,0,1,0.000914
14337,,16,1,1,2,1,1,2,9,0.224971,0.231896,0,0,0.000914
17660,,16,1,1,2,1,1,2,9,0.224971,0.231896,0,0,0.000914
1344,,14,4,14,18,4,14,18,8,0.252959,0.262637,105702.114136,0.025735,0.001205
10129,,14,1,0,1,1,0,1,0,0,0,0,0,0.000192
12449,,14,1,0,1,1,0,1,0,0,0,0,0,0.000192
19461,,14,2,0,2,2,0,2,0,0,0,0,0,0.000531
29748,,14,1,0,1,1,0,1,0,0,0,0,0,0.000192
1346,,41,0,7,7,0,7,7,7,0.297542,0.312865,0,0.428571,0
21500,,1,3,3,6,3,3,6,9,0.207701,0.213057,17602.238261,0.133333,0.001121
23456,,36,4,3,7,4,3,7,9,0.221874,0.228897,26510.768838,0.1,0.001829
35021,,1,2,11,13,2,11,13,8,0.249384,0.259338,32404.975483,0.019231,0.000882
1349,,16,0,1,1,0,1,1,9,0.212696,0.2189,0,0,0
18558,,7,1,0,1,1,0,1,0,0,0,0,0,0.000332
9244,,7,1,1,2,1,1,2,8,0.225367,0.231979,0,0,0.00056
16556,,7,1,0,1,1,0,1,0,0,0,0,0,0.00056
24599,,7,1,1,2,1,1,2,8,0.225367,0.231979,0,0,0.00056
1353,,16,0,1,1,0,1,1,10,0.186713,0.190519,0,0,0
1355,,36,0,1,1,0,1,1,9,0.223182,0.229597,0,0,0
1356,,41,0,9,9,0,9,9,9,0.229581,0.237671,0,0.194444,0
7788,,7,1,0,1,1,0,1,0,0,0,0,0,0.001779
8575,,7,1,5,6,1,5,6,8,0.256475,0.266515,28501.16325,0.25,0.001779
16089,,7,1,0,1,1,0,1,0,0,0,0,0,0.001779
16491,,7,2,2,4,2,2,4,8,0.265454,0.276239,11.358811,0.583333,0.002888
17317,,7,1,0,1,1,0,1,0,0,0,0,0,0.001779
17505,,7,1,0,1,1,0,1,0,0,0,0,0,0.001779
13474,,7,3,1,4,3,1,4,8,0.240563,0.24866,583.546185,0.333333,0.002894
17506,,7,1,0,1,1,0,1,0,0,0,0,0,0.001779
6053,,7,2,9,11,2,9,11,9,0.234169,0.243029,32697.729394,0.281818,0.001956
17507,,7,1,0,1,1,0,1,0,0,0,0,0,0.001779
17508,,7,1,1,2,1,1,2,8,0.23893,0.247221,0,0.5,0.001779
10846,,7,2,0,2,2,0,2,0,0,0,0,0,0.001947
17509,,7,1,0,1,1,0,1,0,0,0,0,0,0.001779
17510,,7,1,0,1,1,0,1,0,0,0,0,0,0.001779
17511,,7,1,4,5,1,4,5,8,0.241582,0.250719,232.29153,0.2,0.001779
17512,,7,1,0,1,1,0,1,0,0,0,0,0,0.001779
3763,,14,2,3,5,2,3,5,8,0.248682,0.258396,603.604107,0.15,0.002556
21447,,7,1,0,1,1,0,1,0,0,0,0,0,0.001779
20231,,7,8,14,22,8,14,22,8,0.284269,0.297849,31000.454647,0.278947,0.008023
15548,,7,1,3,4,1,3,4,8,0.248109,0.258595,44.661443,0.25,0.001779
23485,,7,3,0,3,3,0,3,0,0,0,0,0.833333,0.002969
23555,,7,1,0,1,1,0,1,0,0,0,0,0,0.001779
24052,,7,1,0,1,1,0,1,0,0,0,0,0,0.001779
24078,,7,2,0,2,2,0,2,0,0,0,0,1,0.002192
28893,,7,1,0,1,1,0,1,0,0,0,0,0,0.001779
10378,,53,1,1,2,1,1,2,10,0.173731,0.176839,0,1,0.000291
5190,,12,1,2,3,1,2,3,8,0.243526,0.251826,26888.247879,0,0.000301
17277,,1,1,0,1,1,0,1,0,0,0,0,0,0.000301
8069,,7,2,0,2,2,0,2,0,0,0,0,0.5,0.001295
10842,,7,1,1,2,1,1,2,9,0.234849,0.243121,0,0,0.000983
6192,,16,2,9,11,2,9,11,8,0.252745,0.263032,44557.598043,0.1,0.00126
2058,,7,1,2,3,1,2,3,9,0.241554,0.250408,199.530886,0.166667,0.000983
20376,,7,1,0,1,1,0,1,0,0,0,0,0,0.000983
23610,,7,1,1,2,1,1,2,9,0.234849,0.243121,0,0,0.000983
22859,,7,2,0,2,2,0,2,0,0,0,0,0,0.001679
4274,,7,8,9,17,8,9,17,8,0.27146,0.284179,134309.334485,0.085714,0.003059
32914,,16,3,0,3,3,0,3,0,0,0,0,0.166667,0.001527
25876,,16,3,1,4,3,1,4,9,0.209245,0.214858,130.057916,0.166667,0.001527
6030,,16,1,0,1,1,0,1,0,0,0,0,0,0.000568
10532,,16,1,2,3,1,2,3,9,0.239739,0.248329,365.414133,0.333333,0.000568
9535,,16,1,8,9,1,8,9,8,0.253031,0.263248,264.459957,0.410714,0.000568
9264,,16,2,2,4,2,2,4,9,0.203239,0.208488,0,1,0.001076
14158,,16,2,5,7,2,5,7,8,0.235422,0.243113,0,0.55,0.000774
19717,,16,1,0,1,1,0,1,0,0,0,0,0,0.000568
15547,,16,4,3,7,4,3,7,8,0.244348,0.25354,994.704431,0.433333,0.001167
10716,,16,7,8,15,7,8,15,8,0.235803,0.243684,37875.062726,0.185897,0.001669
28297,,16,2,2,4,2,2,4,8,0.254196,0.265934,3291.047968,0.166667,0.000736
30232,,16,1,1,2,1,1,2,9,0.190813,0.194871,0,1,0.000568
20194,,16,2,4,6,2,4,6,8,0.234639,0.24333,108.976255,0.3,0.000741
23722,,16,4,1,5,4,1,5,8,0.234487,0.241919,0,0.75,0.001152
3383,,7,3,10,13,3,10,13,8,0.255878,0.266361,26633.073988,0.272727,0.002865
2443,,7,5,3,8,5,3,8,8,0.244075,0.252677,400.094011,0.285714,0.003815
9286,,7,5,2,7,5,2,7,8,0.243787,0.252917,690.546077,0.35,0.004014
11145,,7,1,0,1,1,0,1,0,0,0,0,0,0.001893
12355,,7,4,1,5,4,1,5,8,0.262753,0.273463,490.435864,0.45,0.00292
20623,,7,6,15,21,6,15,21,8,0.250642,0.260172,3444.328084,0.246324,0.003492
24045,,7,2,0,2,2,0,2,0,0,0,0,1,0.002497
27096,,7,2,1,3,2,1,3,9,0.239956,0.248519,0,1,0.002497
18476,,7,3,2,5,3,2,5,8,0.233544,0.241616,55.697833,0.6,0.002542
9390,,7,2,0,2,2,0,2,0,0,0,0,0,0.002203
32885,,735,2,0,2,2,0,2,0,0,0,0,0,0.002062
29944,,7,3,0,3,3,0,3,0,0,0,0,0.166667,0.002362
32702,,7,1,1,2,1,1,2,9,0.239956,0.248519,0,0,0.001893
7894,,7,3,4,7,3,4,7,8,0.250482,0.259695,40.741785,0.433333,0.001407
1368,,41,1,0,1,1,0,1,0,0,0,0,0,0.000273
8292,,41,2,3,5,2,3,5,8,0.235328,0.243335,2.102477,0.75,0.000488
25464,,41,1,11,12,1,11,12,8,0.262358,0.273458,231.522624,0.1,0.000273
30362,,41,1,1,2,1,1,2,9,0.226407,0.233593,11.862001,0,0.000273
1510,,2,3,6,9,3,6,9,9,0.221725,0.228781,26174.468839,0.142857,0.001699
8755,,2,1,0,1,1,0,1,0,0,0,0,0,0.001104
9434,,2,5,3,8,5,3,8,8,0.235717,0.243216,1109.48457,0.2,0.001856
4579,,2,2,5,7,2,5,7,8,0.238147,0.245914,42.469512,0.466667,0.001507
17724,,36,2,1,3,2,1,3,9,0.219668,0.226228,41.304217,0,0.001292
25661,,2,1,3,4,1,3,4,8,0.22343,0.230273,0,0.833333,0.001104
8234,,2,7,9,16,7,9,16,8,0.240094,0.248397,143181.885725,0.109524,0.002238
33342,,2,1,1,2,1,1,2,9,0.219668,0.226228,0,0,0.001104
4187,,16,3,0,3,3,0,3,0,0,0,0,0.5,0.001661
4670,,16,1,0,1,1,0,1,0,0,0,0,0,0.000524
5059,,16,3,0,3,3,0,3,0,0,0,0,0.333333,0.00111
7024,,16,1,2,3,1,2,3,10,0.195705,0.200377,26159.337642,0,0.000524
10680,,16,1,1,2,1,1,2,9,0.207609,0.212854,1.650827,0,0.000524
10148,,7,1,2,3,1,2,3,8,0.242634,0.250969,40.925459,0.333333,0.000524
20185,,7,2,2,4,2,2,4,9,0.219484,0.225793,105.85446,0.333333,0.000897
25944,,16,2,0,2,2,0,2,0,0,0,0,0.5,0.000729
11942,,36,1,0,1,1,0,1,0,0,0,0,0,0.000205
28444,,7,1,0,1,1,0,1,0,0,0,0,0,0.000395
29965,,580,1,1,2,1,1,2,1,1,1,25976,0,0.000395
32552,,7,1,1,2,1,1,2,2,0.666667,0.75,218.271383,0,0.000395
9158,,7,1,1,2,1,1,2,9,0.221222,0.227946,0,0,0.000274
8262,,7,2,3,5,2,3,5,8,0.241501,0.24957,26107.300856,0.166667,0.001086
28001,,41,2,1,3,2,1,3,8,0.235749,0.244202,141.952412,0.333333,0.000695
6221,,1,3,1,4,3,1,4,9,0.196637,0.201201,0,0.5,0.00075
29380,,7,1,1,2,1,1,2,9,0.227167,0.23519,0,1,0.000225
1381,,14,0,2,2,0,2,2,8,0.256296,0.267116,0,1,0
1382,,14,0,1,1,0,1,1,1,1,1,0,0,0
4178,,7,1,1,2,1,1,2,9,0.222346,0.229195,0,0,0.001597
10264,,7,1,0,1,1,0,1,0,0,0,0,0,0.001597
10435,,7,1,3,4,1,3,4,8,0.249275,0.258509,264.882803,0.166667,0.001597
3251,,7,2,7,9,2,7,9,8,0.264834,0.275702,1205.501087,0.238095,0.001789
11485,,7,1,1,2,1,1,2,9,0.222346,0.229195,0,0,0.001597
15674,,7,1,0,1,1,0,1,0,0,0,0,0,0.001597
23275,,16,1,1,2,1,1,2,9,0.199606,0.20499,111.512397,0,0.001597
29259,,7,1,1,2,1,1,2,9,0.222346,0.229195,0,0,0.001597
30228,,7,1,1,2,1,1,2,9,0.222346,0.229195,0,0,0.001597
31127,,7,2,3,5,2,3,5,9,0.225221,0.232556,6317.521918,0.083333,0.001774
29917,,7,2,2,4,2,2,4,8,0.262768,0.273516,117.540424,0.666667,0.001789
34191,,16,2,1,3,2,1,3,9,0.222346,0.229195,160.970052,0,0.001845
11630,,7,2,5,7,2,5,7,9,0.23022,0.238039,27152.10251,0.133333,0.002405
1386,,7,4,10,14,4,10,14,8,0.248824,0.258812,46711.220178,0.037879,0.001137
28091,,7,1,0,1,1,0,1,0,0,0,0,0,0.000192
1387,,41,0,1,1,0,1,1,9,0.220464,0.227059,0,0,0
3389,,41,1,3,4,1,3,4,8,0.240539,0.249372,0,0.666667,0.000439
19578,,41,1,0,1,1,0,1,0,0,0,0,0,0.000439
26333,,7,3,32,35,3,32,35,8,0.29345,0.309777,112731.82252,0.159664,0.001216
35121,,41,1,0,1,1,0,1,0,0,0,0,0,0.000439
5756,,7,3,5,8,3,5,8,8,0.249044,0.259003,885.350457,0.160714,0.001493
6671,,16,2,3,5,2,3,5,8,0.252796,0.263977,645.274264,0.333333,0.001331
8835,,69,4,4,8,4,4,8,8,0.265619,0.276891,20393.884775,0.142857,0.001816
10613,,16,1,1,2,1,1,2,9,0.196849,0.20115,0,0.5,0.00112
14026,,16,2,1,3,2,1,3,9,0.227444,0.235146,38179.299294,0.166667,0.001293
15969,,16,1,0,1,1,0,1,0,0,0,0,0,0.00112
17480,,16,2,2,4,2,2,4,8,0.238706,0.246076,390.72848,0.166667,0.001733
21481,,16,1,0,1,1,0,1,0,0,0,0,0,0.00112
21532,,16,1,0,1,1,0,1,0,0,0,0,0,0.00112
22226,,16,1,0,1,1,0,1,0,0,0,0,0,0.00112
24635,,16,3,0,3,3,0,3,0,0,0,0,0.666667,0.001914
25245,,16,1,0,1,1,0,1,0,0,0,0,0,0.00112
14378,,16,4,2,6,4,2,6,9,0.228258,0.236231,2077.76885,0.066667,0.00197
29931,,41,2,0,2,2,0,2,0,0,0,0,1,0.001653
8551,,16,2,5,7,2,5,7,8,0.249559,0.259738,26502.909535,0.333333,0.00139
32185,,16,1,0,1,1,0,1,0,0,0,0,0,0.00112
32237,,41,2,0,2,2,0,2,0,0,0,0,0,0.001398
32525,,16,1,0,1,1,0,1,0,0,0,0,0,0.00112
21376,,16,4,6,10,4,6,10,8,0.234113,0.242328,90221.22813,0.097222,0.001882
10508,,7,2,2,4,2,2,4,8,0.26545,0.276777,350.582319,0.166667,0.000604
5281,,12,1,2,3,1,2,3,10,0.164902,0.168064,5.640476,0.166667,0.000183
10137,,12,1,1,2,1,1,2,2,0.666667,0.75,2.980663,0,0.000183
25760,,7,3,3,6,3,3,6,8,0.245908,0.255012,254.665945,0.133333,0.000549
9842,,7,1,0,1,1,0,1,0,0,0,0,0,0.000304
5412,,7,1,2,3,1,2,3,8,0.249847,0.258811,0,1,0.000304
13874,,7,1,0,1,1,0,1,0,0,0,0,0,0.000304
6817,,7,1,1,2,1,1,2,9,0.214126,0.219988,2.080918,0,0.000304
6683,,7,2,3,5,2,3,5,8,0.250206,0.259346,37652.176174,0.333333,0.000477
1396,,7,0,2,2,0,2,2,8,0.261675,0.272844,0,0,0
21175,,2,1,2,3,1,2,3,9,0.191249,0.195544,0,0.5,0.000216
4320,,1,1,0,1,1,0,1,0,0,0,0,0,0.000802
2882,,1,1,4,5,1,4,5,7,0.294552,0.309163,26168.136574,0.25,0.000344
8084,,1,1,2,3,1,2,3,8,0.230685,0.237874,25973,0,0.000344
9558,,1,1,0,1,1,0,1,0,0,0,0,0,0.000344
17870,,1,4,1,5,4,1,5,8,0.23068,0.237838,18825.220229,0.25,0.000864
5920,,1,2,0,2,2,0,2,0,0,0,0,1,0.000519
11330,,1,1,1,2,1,1,2,8,0.23068,0.237838,0,0,0.000344
11325,,1,1,1,2,1,1,2,8,0.23068,0.237838,0,0,0.000344
17400,,1,1,1,2,1,1,2,8,0.23068,0.237838,0,0,0.000344
5919,,1,1,3,4,1,3,4,8,0.230685,0.237892,0,0.5,0.000344
2762,,16,3,1,4,3,1,4,9,0.20541,0.211413,0,0.666667,0.001147
2763,,16,1,2,3,1,2,3,9,0.225221,0.232471,0,0.833333,0.000223
2764,,16,1,1,2,1,1,2,9,0.206294,0.21125,0,0.5,0.000223
2676,,16,2,7,9,2,7,9,8,0.231668,0.239312,26476.452927,0.309524,0.000414
3975,,16,1,0,1,1,0,1,0,0,0,0,0,0.000223
26352,,16,1,0,1,1,0,1,0,0,0,0,0,0.000223
27585,,16,2,4,6,2,4,6,9,0.241251,0.25074,26217.433024,0.3,0.000443
12447,,25,6,7,13,6,7,13,9,0.225661,0.23302,19114.533031,0.204545,0.002085
1403,,41,0,2,2,0,2,2,8,0.257554,0.268727,0,0,0
1404,,7,1,4,5,1,4,5,9,0.220656,0.226556,19.431363,0,0.000168
7510,,67,1,3,4,1,3,4,9,0.222459,0.229478,47.713393,0.083333,0.000338
1406,,16,2,1,3,2,1,3,9,0.21773,0.224143,18826,0.166667,0.000399
1407,,7,1,7,8,1,7,8,8,0.276902,0.289233,31.950752,0.196429,0.000241
1408,,7,2,5,7,2,5,7,8,0.277061,0.290007,324.349058,0.166667,0.000516
3492,,7,3,3,6,3,3,6,8,0.246678,0.256249,89.918479,0.066667,0.000747
6752,,41,1,0,1,1,0,1,0,0,0,0,0,0.000234
10170,,32,2,0,2,2,0,2,0,0,0,0,1,0.000584
6434,,32,1,6,7,1,6,7,8,0.235422,0.243683,51950,0.266667,0.00034
7832,,32,2,2,4,2,2,4,8,0.235243,0.243361,2895.70507,0.5,0.000508
7244,,1,2,0,2,2,0,2,0,0,0,0,0,0.000542
7400,,16,3,4,7,3,4,7,9,0.233695,0.242332,159.905526,0.166667,0.001308
10108,,16,3,0,3,3,0,3,0,0,0,0,0.333333,0.000829
19142,,16,1,0,1,1,0,1,0,0,0,0,0,0.000349
8356,,16,1,1,2,1,1,2,1,1,1,557.633777,0,0.000311
8907,,16,1,0,1,1,0,1,0,0,0,0,0,0.000311
1415,,7,0,1,1,0,1,1,9,0.210412,0.216165,0,0,0
1418,,16,0,4,4,0,4,4,8,0.248155,0.258654,0,0.25,0
3723,,16,1,0,1,1,0,1,0,0,0,0,0,0.000168
14757,,1,1,0,1,1,0,1,0,0,0,0,0,0.000371
20939,,41,1,0,1,1,0,1,0,0,0,0,0,0.00033
16188,,41,1,1,2,1,1,2,8,0.257541,0.268685,0,1,0.00033
3014,,7,4,2,6,4,2,6,9,0.221274,0.227862,129.828907,0.133333,0.001036
6335,,7,1,2,3,1,2,3,8,0.262475,0.27377,167.422903,0.166667,0.000305
3880,,7,4,8,12,4,8,12,8,0.273654,0.286652,23085.13681,0.1,0.001314
21557,,7,1,2,3,1,2,3,8,0.248774,0.257585,36.685783,0,0.000305
6036,,7,7,0,7,7,0,7,0,0,0,0,0.142857,0.005874
12498,,7,1,2,3,1,2,3,9,0.217345,0.223677,56.844624,0,0.000334
18908,,7,1,0,1,1,0,1,0,0,0,0,0,0.000334
4139,,7,9,6,15,9,6,15,8,0.280136,0.293593,37755.369539,0.164835,0.002853
31787,,7,1,0,1,1,0,1,0,0,0,0,0,0.000334
1424,,7,0,6,6,0,6,6,8,0.264142,0.275261,0,0.4,0
1425,,41,0,1,1,0,1,1,8,0.231378,0.23929,0,0,0
1428,,36,1,1,2,1,1,2,9,0.212098,0.218019,0,0,0.000205
1429,,36,7,15,22,7,15,22,8,0.269189,0.281837,213124.916641,0.057895,0.001546
9516,,36,3,2,5,3,2,5,10,0.182935,0.186809,207.160053,0.333333,0.000583
9517,,36,1,1,2,1,1,2,9,0.212098,0.218019,0,0,0.000205
14666,,36,1,0,1,1,0,1,0,0,0,0,0,0.000205
15086,,36,1,0,1,1,0,1,0,0,0,0,0,0.000205
32746,,36,1,0,1,1,0,1,0,0,0,0,0,0.000205
1432,,16,1,0,1,1,0,1,0,0,0,0,0,0.000318
10968,,41,2,0,2,2,0,2,0,0,0,0,0,0.000381
1436,,7,0,5,5,0,5,5,8,0.264176,0.275771,0,0.15,0
11318,,7,6,4,10,6,4,10,8,0.230966,0.238477,45784.907533,0.071429,0.002213
17032,,7,1,0,1,1,0,1,0,0,0,0,0,0.000811
19343,,7,1,0,1,1,0,1,0,0,0,0,0,0.000811
25881,,7,1,0,1,1,0,1,0,0,0,0,0,0.000811
32201,,7,2,1,3,2,1,3,8,0.230949,0.238371,0,0.5,0.001003
7671,,7,1,1,2,1,1,2,8,0.223308,0.229808,0,0,0.000558
6921,,7,1,1,2,1,1,2,8,0.223308,0.229808,0,0,0.000558
8400,,69,1,0,1,1,0,1,0,0,0,0,0,0.001029
9559,,69,1,0,1,1,0,1,0,0,0,0,0,0.001029
16545,,69,3,6,9,3,6,9,1,1,1,155866,0,0.001375
20992,,69,4,3,7,4,3,7,9,0.23271,0.240766,18912.092177,0.45,0.001918
22077,,69,1,0,1,1,0,1,0,0,0,0,0,0.001029
21442,,69,5,0,5,5,0,5,0,0,0,0,0.05,0.00207
26455,,69,1,1,2,1,1,2,9,0.232704,0.240713,0,0,0.001029
13492,,69,3,1,4,3,1,4,9,0.192725,0.196798,2620.590466,0,0.001447
28975,,69,1,0,1,1,0,1,0,0,0,0,0,0.001029
29374,,69,1,3,4,1,3,4,9,0.23271,0.240766,0,0.333333,0.001029
29682,,69,2,0,2,2,0,2,0,0,0,0,1,0.00121
29683,,69,2,0,2,2,0,2,0,0,0,0,1,0.00121
29872,,69,1,0,1,1,0,1,0,0,0,0,0,0.001029
29873,,69,1,0,1,1,0,1,0,0,0,0,0,0.001029
20953,,69,2,1,3,2,1,3,9,0.232704,0.240713,0,1,0.001228
30365,,69,1,0,1,1,0,1,0,0,0,0,0,0.001029
21441,,69,6,1,7,6,1,7,9,0.232704,0.240713,44445.894573,0.133333,0.002108
31287,,69,1,2,3,1,2,3,9,0.232707,0.240739,0,1,0.001029
31777,,41,3,0,3,3,0,3,0,0,0,0,0,0.001494
12680,,16,2,2,4,2,2,4,8,0.26149,0.272622,272.272045,0.25,0.001197
28654,,69,3,1,4,3,1,4,10,0.188781,0.19298,1.5,0.333333,0.001396
6658,,1,1,4,5,1,4,5,8,0.266801,0.278817,3825.596168,0.45,0.000378
21014,,1,1,1,2,1,1,2,9,0.192957,0.197335,0,0,0.000378
2972,,7,3,4,7,3,4,7,9,0.230209,0.237764,22055.647469,0.2,0.000877
8253,,7,2,0,2,2,0,2,0,0,0,0,1,0.000621
21057,,7,1,2,3,1,2,3,9,0.217621,0.223521,0,0.5,0.000414
2006,,7,4,5,9,4,5,9,8,0.249924,0.258921,26892.080835,0.333333,0.001082
27152,,7,3,0,3,3,0,3,0,0,0,0,0.666667,0.000884
33521,,7,1,0,1,1,0,1,0,0,0,0,0,0.000414
1445,,16,1,1,2,1,1,2,8,0.22703,0.234929,0,1,0.000201
7396,,7,5,8,13,5,8,13,8,0.267468,0.279344,15746.168099,0.154545,0.001617
9180,,7,2,0,2,2,0,2,0,0,0,0,0.5,0.000424
9179,,7,1,1,2,1,1,2,1,1,1,0,0.5,0.00025
14331,,7,1,0,1,1,0,1,0,0,0,0,0,0.00025
19629,,36,2,0,2,2,0,2,0,0,0,0,0.5,0.000419
18670,,16,1,3,4,1,3,4,8,0.254196,0.265956,4.720072,0.666667,0.000309
3042,,16,1,3,4,1,3,4,8,0.24999,0.260111,0,0.75,0.000309
26916,,16,1,0,1,1,0,1,0,0,0,0,0,0.000529
1455,,16,5,6,11,5,6,11,8,0.279982,0.293785,30003.653853,0.303571,0.003062
1489,,16,4,4,8,4,4,8,8,0.237504,0.246319,33.357102,0.75,0.002553
6429,,16,2,0,2,2,0,2,0,0,0,0,1,0.001391
4537,,16,5,3,8,5,3,8,8,0.237501,0.246292,325.040331,0.5,0.002972
5944,,36,1,2,3,1,2,3,9,0.232822,0.241169,264.371876,0.333333,0.000793
6699,,16,2,2,4,2,2,4,9,0.2246,0.231675,567.767471,0.666667,0.001391
3534,,16,5,4,9,5,4,9,8,0.239376,0.248504,21.820309,0.9,0.003109
18626,,16,2,1,3,2,1,3,9,0.190029,0.193782,3.030813,0.166667,0.000974
19389,,16,2,1,3,2,1,3,8,0.234601,0.24175,18945.009515,0.166667,0.000977
22193,,16,2,1,3,2,1,3,10,0.191284,0.195691,467.767781,0,0.000967
12329,,16,1,3,4,1,3,4,8,0.241211,0.250524,0,0.666667,0.000793
27705,,16,3,0,3,3,0,3,0,0,0,0,0.5,0.001932
29084,,16,1,0,1,1,0,1,0,0,0,0,0,0.000793
30316,,16,3,1,4,3,1,4,9,0.224852,0.232779,261.471124,0.166667,0.001815
33655,,16,1,0,1,1,0,1,0,0,0,0,0,0.000793
25779,,16,2,0,2,2,0,2,0,0,0,0,0,0.001363
12702,,16,5,1,6,5,1,6,8,0.236531,0.245945,19103.272857,0.166667,0.002455
5415,,1,3,0,3,3,0,3,0,0,0,0,0,0.0007
5844,,7,4,0,4,4,0,4,0,0,0,0,0,0.000735
28849,,7,1,0,1,1,0,1,0,0,0,0,0,0.000202
9374,,41,4,0,4,4,0,4,0,0,0,0,0.5,0.003752
8193,,41,6,0,6,6,0,6,0,0,0,0,0.166667,0.003178
5449,,41,4,10,14,4,10,14,8,0.251228,0.261885,46663.713644,0.219697,0.00218
18422,,41,1,2,3,1,2,3,9,0.210926,0.216984,501.6071,0.166667,0.001498
27450,,7,1,0,1,1,0,1,0,0,0,0,0,0.001498
3034,,41,2,2,4,2,2,4,9,0.232888,0.240564,219.811334,0.333333,0.001535
7570,,41,2,1,3,2,1,3,9,0.201004,0.206147,0,1,0.001557
9522,,41,1,0,1,1,0,1,0,0,0,0,0,0.001326
1491,,41,1,3,4,1,3,4,8,0.264879,0.275892,0,0.666667,0.001326
12584,,1,1,2,3,1,2,3,9,0.202243,0.207204,7722.752402,0,0.001326
8849,,41,2,1,3,2,1,3,9,0.219658,0.225859,0,1,0.001697
16873,,16,1,2,3,1,2,3,9,0.244862,0.253995,1150.44672,0,0.001326
12626,,41,1,3,4,1,3,4,8,0.233102,0.240949,1554.879698,0.25,0.001326
22209,,41,1,1,2,1,1,2,9,0.232857,0.240471,0,0,0.001326
20528,,41,1,2,3,1,2,3,9,0.209796,0.215714,26734.829556,0,0.001326
27686,,41,1,0,1,1,0,1,0,0,0,0,0,0.001326
26938,,41,1,3,4,1,3,4,8,0.264622,0.276105,0,0.833333,0.001326
33840,,41,1,0,1,1,0,1,0,0,0,0,0,0.001326
1464,,53,2,3,5,2,3,5,9,0.222372,0.229335,26199.24157,0,0.000781
17199,,16,2,0,2,2,0,2,0,0,0,0,0,0.00041
11558,,16,1,1,2,1,1,2,10,0.186766,0.190615,0,1,0.000826
13142,,16,1,1,2,1,1,2,9,0.229653,0.236932,0,0,0.000826
18311,,16,1,0,1,1,0,1,0,0,0,0,0,0.000826
21109,,16,1,0,1,1,0,1,0,0,0,0,0,0.000826
26875,,16,1,0,1,1,0,1,0,0,0,0,0,0.000826
8300,,36,4,5,9,4,5,9,9,0.235478,0.243786,46446.799402,0.069444,0.002423
28438,,16,3,2,5,3,2,5,8,0.242731,0.252271,163.972505,0.5,0.001485
29650,,16,2,1,3,2,1,3,9,0.229653,0.236932,18826,0,0.000994
33241,,16,1,1,2,1,1,2,9,0.229653,0.236932,0,0,0.000826
35011,,16,5,7,12,5,7,12,8,0.251705,0.261078,29975.539522,0.044444,0.002129
1470,,7,12,20,32,12,20,32,7,0.304254,0.320277,157442.403443,0.108374,0.005221
8634,,7,1,1,2,1,1,2,8,0.233281,0.240176,0,0,0.000257
33488,,7,1,1,2,1,1,2,9,0.200368,0.205307,4.381603,0,0.000257
11782,,25,1,0,1,1,0,1,0,0,0,0,0,0.00031
10084,,25,1,2,3,1,2,3,9,0.216376,0.222229,0,1,0.00031
1475,,2,1,2,3,1,2,3,10,0.177877,0.181607,52.369729,0,0.0005
31025,,7,2,0,2,2,0,2,0,0,0,0,1,0.00063
9488,,7,4,9,13,4,9,13,8,0.272813,0.285222,62129.317623,0.188889,0.001162
14841,,12,27,0,27,27,0,27,0,0,0,0,0.034188,0.009062
21208,,7,1,0,1,1,0,1,0,0,0,0,0,0.000257
13335,,41,1,1,2,1,1,2,9,0.205612,0.210926,17.531529,0,0.000213
16727,,7,1,1,2,1,1,2,9,0.217742,0.224267,20.609645,0,0.000213
16868,,7,1,0,1,1,0,1,0,0,0,0,0,0.000213
23208,,7,1,0,1,1,0,1,0,0,0,0,0,0.001137
1484,,7,0,1,1,0,1,1,9,0.187188,0.191355,0,0,0
17339,,7,4,0,4,4,0,4,0,0,0,0,0.083333,0.001297
25911,,2,4,3,7,4,3,7,8,0.250043,0.260651,10319.904466,0.266667,0.002147
30353,,7,1,0,1,1,0,1,0,0,0,0,0,0.000357
4679,,14,3,4,7,3,4,7,9,0.222283,0.22949,26199.534111,0.071429,0.001068
9805,,14,1,0,1,1,0,1,0,0,0,0,0,0.000715
13326,,7,7,16,23,7,16,23,8,0.267123,0.279797,117226.812093,0.165441,0.002429
6430,,7,9,17,26,9,17,26,8,0.260261,0.271512,96945.266618,0.086842,0.003051
19147,,14,1,1,2,1,1,2,9,0.220303,0.227428,0,0,0.000715
23804,,14,2,0,2,2,0,2,0,0,0,0,1,0.001096
24083,,14,1,0,1,1,0,1,0,0,0,0,0,0.000715
19359,,14,4,3,7,4,3,7,8,0.248056,0.257757,1562.889835,0.466667,0.001575
19365,,16,1,4,5,1,4,5,8,0.246672,0.256815,26943.381162,0,0.000715
23170,,14,3,4,7,3,4,7,8,0.249235,0.259038,224.647552,0.5,0.001729
20361,,14,1,4,5,1,4,5,8,0.235272,0.242854,42177.681716,0.416667,0.000715
24305,,14,1,2,3,1,2,3,8,0.247926,0.257571,0,1,0.000715
26669,,14,1,0,1,1,0,1,0,0,0,0,0,0.000715
26297,,14,3,0,3,3,0,3,0,0,0,0,1,0.001302
27725,,14,2,2,4,2,2,4,8,0.235257,0.242779,126.925709,0.333333,0.001026
27744,,14,3,1,4,3,1,4,9,0.220303,0.227428,0,0.666667,0.001264
31634,,14,1,0,1,1,0,1,0,0,0,0,0,0.000715
28882,,14,7,9,16,7,9,16,8,0.241908,0.250828,116899.655793,0.120879,0.001979
35176,,14,2,0,2,2,0,2,0,0,0,0,0,0.000883
35447,,14,1,0,1,1,0,1,0,0,0,0,0,0.000715
35368,,14,1,1,2,1,1,2,8,0.23195,0.238888,0,1,0.000715
1487,,7,0,4,4,0,4,4,8,0.243747,0.252917,0,0.416667,0
21431,,41,1,1,2,1,1,2,9,0.214297,0.220209,104.44057,0,0.000784
1492,,7,1,11,12,1,11,12,8,0.263102,0.274278,72.99048,0.136364,0.000221
1493,,2,0,1,1,0,1,1,1,1,1,0,0,0
34991,,16,3,12,15,3,12,15,8,0.241254,0.250397,151673.708507,0.065934,0.001601
1497,,16,0,3,3,0,3,3,9,0.232984,0.240693,0,0.166667,0
10259,,16,2,1,3,2,1,3,9,0.213735,0.219927,0,1,0.00074
14278,,16,2,1,3,2,1,3,10,0.176508,0.179961,2.128441,0,0.000359
29286,,16,2,0,2,2,0,2,0,0,0,0,0,0.000558
10581,,36,1,2,3,1,2,3,9,0.218632,0.225338,39.089957,0.333333,0.000248
13630,,36,2,1,3,2,1,3,10,0.172366,0.175451,28.179126,0.5,0.000473
1502,,7,1,2,3,1,2,3,8,0.235431,0.242889,18.604655,0.166667,0.000174
18235,,7,1,0,1,1,0,1,0,0,0,0,0,0.000284
9341,,2,1,1,2,1,1,2,10,0.180165,0.183864,0.833333,0,0.000195
1511,,70,0,1,1,0,1,1,1,1,1,0,0,0
1512,,70,1,0,1,1,0,1,0,0,0,0,0,0.000168
1513,,36,0,1,1,0,1,1,10,0.180353,0.184084,0,0,0
1514,,36,9,2,11,9,2,11,9,0.220025,0.22693,76497.08537,0.097222,0.001994
10659,,36,4,4,8,4,4,8,9,0.222385,0.229546,26679.64882,0.3,0.001221
1515,,14,0,1,1,0,1,1,8,0.247395,0.256736,0,0,0
7160,,7,3,2,5,3,2,5,8,0.234245,0.242957,18826,0.416667,0.00148
6233,,7,3,1,4,3,1,4,8,0.223964,0.231181,75.527071,0.333333,0.001572
4138,,7,2,5,7,2,5,7,9,0.229922,0.237401,1380.504653,0.190476,0.001532
4700,,7,3,4,7,3,4,7,8,0.224544,0.231793,18825.833333,0.45,0.001498
20634,,7,1,0,1,1,0,1,0,0,0,0,0,0.001129
22467,,7,1,1,2,1,1,2,8,0.223964,0.231181,0,0,0.001129
31731,,7,1,0,1,1,0,1,0,0,0,0,0,0.001129
22774,,7,2,1,3,2,1,3,9,0.183371,0.187216,0,1,0.001321
18429,,7,4,1,5,4,1,5,9,0.236549,0.24428,19134.402108,0.25,0.003286
9708,,7,1,13,14,1,13,14,8,0.268885,0.280728,28014.761049,0.134615,0.001129
5824,,53,1,0,1,1,0,1,0,0,0,0,0,0.000556
18575,,53,1,0,1,1,0,1,0,0,0,0,0,0.000556
5745,,53,2,6,8,2,6,8,8,0.233342,0.241612,52449.938892,0.02381,0.000762
13980,,53,2,1,3,2,1,3,9,0.195345,0.199872,11.387702,0.5,0.000773
25153,,53,2,0,2,2,0,2,0,0,0,0,0.5,0.000738
34814,,53,1,0,1,1,0,1,0,0,0,0,0,0.000556
35445,,53,2,0,2,2,0,2,0,0,0,0,1,0.000983
6598,,36,1,4,5,1,4,5,9,0.224076,0.23103,8470.082019,0.25,0.000288
6455,,36,4,1,5,4,1,5,9,0.215391,0.221629,19234.985393,0.05,0.00083
16400,,36,1,2,3,1,2,3,9,0.211969,0.217846,26170.3539,0,0.000288
12948,,41,2,4,6,2,4,6,8,0.262885,0.273696,64606.508665,0,0.000453
33767,,7,1,1,2,1,1,2,9,0.21906,0.225468,0,0,0.00028
33928,,7,1,0,1,1,0,1,0,0,0,0,0,0.00028
1526,,65,0,1,1,0,1,1,9,0.213606,0.219549,0,0,0
13891,,7,1,0,1,1,0,1,0,0,0,0,0,0.000352
15192,,7,2,2,4,2,2,4,9,0.225864,0.232826,481.044319,0,0.000766
17358,,14,1,3,4,1,3,4,9,0.228056,0.235679,100.835445,0.166667,0.000352
20277,,7,1,0,1,1,0,1,0,0,0,0,0,0.000352
21926,,7,1,0,1,1,0,1,0,0,0,0,0,0.000352
2895,,7,3,0,3,3,0,3,0,0,0,0,0,0.002924
8688,,7,1,1,2,1,1,2,9,0.188498,0.192391,0,0,0.001959
6753,,41,3,3,6,3,3,6,8,0.220628,0.227501,53.784014,0.416667,0.000713
7975,,36,1,2,3,1,2,3,9,0.223157,0.230345,174.908679,0.166667,0.000312
3784,,16,8,8,16,8,8,16,9,0.241939,0.251376,51007.691749,0.032967,0.001637
9725,,16,2,3,5,2,3,5,9,0.209036,0.214793,44894.966177,0.15,0.00048
22527,,41,1,0,1,1,0,1,0,0,0,0,0,0.000312
29552,,41,1,1,2,1,1,2,9,0.220709,0.227137,106.590783,0,0.000312
14668,,7,2,1,3,2,1,3,9,0.215526,0.221808,103.17264,0,0.000902
5411,,36,10,10,20,10,10,20,8,0.245696,0.254843,93801.49771,0.023392,0.002072
10947,,16,1,0,1,1,0,1,0,0,0,0,0,0.000252
11093,,16,1,1,2,1,1,2,8,0.27219,0.283723,0,0.5,0.000252
13346,,1,4,1,5,4,1,5,9,0.209896,0.215796,81.631241,0.083333,0.000965
1531,,7,0,1,1,0,1,1,9,0.222689,0.230064,0,0,0
4582,,7,2,0,2,2,0,2,0,0,0,0,0,0.000688
9589,,7,1,0,1,1,0,1,0,0,0,0,0,0.00032
3814,,7,4,4,8,4,4,8,8,0.254333,0.264174,27789.223667,0.285714,0.001323
24047,,7,1,2,3,1,2,3,8,0.247502,0.256018,0,1,0.000444
25136,,7,1,0,1,1,0,1,0,0,0,0,0,0.000444
4086,,7,4,1,5,4,1,5,8,0.238703,0.246055,60.689222,0.25,0.002197
4214,,7,1,2,3,1,2,3,8,0.265458,0.276525,0,0.666667,0.000444
34031,,7,2,0,2,2,0,2,0,0,0,0,1,0.000779
6088,,16,2,0,2,2,0,2,0,0,0,0,0,0.000482
12734,,7,1,2,3,1,2,3,8,0.245738,0.25509,0,0.5,0.000709
2814,,7,5,11,16,5,11,16,8,0.278986,0.292806,30788.888174,0.28022,0.005366
26801,,7,1,2,3,1,2,3,8,0.234475,0.242801,284.555785,0,0.000709
3195,,7,2,0,2,2,0,2,0,0,0,0,0,0.001501
4577,,7,1,0,1,1,0,1,0,0,0,0,0,0.001216
5978,,7,1,1,2,1,1,2,9,0.250609,0.260973,345.026663,0,0.001216
14198,,7,1,9,10,1,9,10,8,0.269035,0.281276,140.617079,0.375,0.001216
1539,,41,0,6,6,0,6,6,8,0.256642,0.267295,0,0.4,0
1540,,7,0,1,1,0,1,1,9,0.200066,0.204368,0,0,0
9404,,12,3,3,6,3,3,6,9,0.22478,0.232052,45796.475024,0.25,0.001077
18740,,7,4,4,8,4,4,8,8,0.242285,0.250593,407.083536,0.047619,0.001318
7487,,53,2,3,5,2,3,5,8,0.239806,0.248981,23236.130182,0,0.000809
1544,,7,0,2,2,0,2,2,8,0.249854,0.258824,0,1,0
1546,,7,0,1,1,0,1,1,9,0.22971,0.237607,0,0,0
1547,,7,0,1,1,0,1,1,8,0.262756,0.273466,0,0,0
7351,,7,6,16,22,6,16,22,8,0.274443,0.28758,49354.496908,0.139474,0.002308
8642,,7,1,3,4,1,3,4,8,0.262084,0.273337,64.981663,0.416667,0.001138
3163,,7,1,8,9,1,8,9,8,0.264987,0.276298,5799.138047,0.125,0.001138
15251,,16,1,1,2,1,1,2,1,1,1,391.256899,0,0.001138
1900,,7,6,11,17,6,11,17,8,0.291641,0.306141,44467.348277,0.195833,0.002119
17443,,7,3,2,5,3,2,5,8,0.241254,0.248918,18848.654075,0.35,0.00163
23989,,41,3,0,3,3,0,3,0,0,0,0,0,0.001528
27850,,7,1,0,1,1,0,1,0,0,0,0,0,0.001138
21733,,7,2,0,2,2,0,2,0,0,0,0,0,0.001326
11514,,32,1,1,2,1,1,2,11,0.162538,0.165172,29249.881741,0,0.001138
7813,,7,1,0,1,1,0,1,0,0,0,0,0,0.000633
9354,,7,1,0,1,1,0,1,0,0,0,0,0,0.000633
10493,,7,2,1,3,2,1,3,8,0.235971,0.243456,8.990337,0,0.000813
13908,,7,1,0,1,1,0,1,0,0,0,0,0,0.000633
19591,,7,1,1,2,1,1,2,9,0.239962,0.248532,35.690066,0,0.000633
34961,,508,5,0,5,5,0,5,0,0,0,0,0,0.001322
1554,,65,0,1,1,0,1,1,8,0.234438,0.242011,0,0,0
19464,,65,1,0,1,1,0,1,0,0,0,0,0,0.000236
29200,,65,2,3,5,2,3,5,8,0.235407,0.243178,83.552346,0.5,0.000423
32695,,65,5,0,5,5,0,5,0,0,0,0,0.05,0.001148
1558,,14,0,1,1,0,1,1,9,0.208806,0.21502,0,0,0
1559,,7,0,1,1,0,1,1,1,1,1,0,0,0
1826,,39,4,2,6,4,2,6,1,1,1,25981.166667,0.2,0.000757
2634,,39,1,0,1,1,0,1,0,0,0,0,0,0.000208
4120,,39,1,0,1,1,0,1,0,0,0,0,0,0.000208
4184,,39,4,0,4,4,0,4,0,0,0,0,0.166667,0.000747
4185,,39,1,1,2,1,1,2,1,1,1,13001.420364,0,0.000208
2078,,39,2,0,2,2,0,2,0,0,0,0,0.5,0.000396
1898,,39,2,16,18,2,16,18,9,0.227183,0.234544,106576.872185,0.095588,0.000396
13083,,39,1,0,1,1,0,1,0,0,0,0,0,0.000208
17350,,7,1,0,1,1,0,1,0,0,0,0,0,0.001016
17715,,7,1,0,1,1,0,1,0,0,0,0,0,0.001016
28628,,7,1,0,1,1,0,1,0,0,0,0,0,0.001016
30020,,7,1,0,1,1,0,1,0,0,0,0,0,0.001016
30278,,7,1,0,1,1,0,1,0,0,0,0,0,0.001016
9886,,7,4,6,10,4,6,10,8,0.240265,0.250051,2484.809716,0.211111,0.002096
14595,,7,2,4,6,2,4,6,8,0.234335,0.243152,27742.149911,0.25,0.001269
1563,,7,5,9,14,5,9,14,8,0.270271,0.282908,67477.08933,0.134615,0.001392
17611,,7,1,0,1,1,0,1,0,0,0,0,0,0.000197
16155,,7,3,0,3,3,0,3,0,0,0,0,0.166667,0.000606
1565,,2,0,2,2,0,2,2,9,0.213359,0.219275,0,0,0
1567,,7,1,2,3,1,2,3,9,0.224574,0.231214,108.819439,0,0.000225
1568,,7,0,2,2,0,2,2,8,0.242832,0.251864,0,0,0
1572,,1,0,2,2,0,2,2,9,0.223979,0.23103,0,0,0
1574,,7,0,1,1,0,1,1,8,0.262756,0.273466,0,0,0
1576,,7,1,0,1,1,0,1,0,0,0,0,0,0.000362
3411,,7,4,3,7,4,3,7,8,0.263489,0.274979,2222.467175,0.190476,0.002375
12544,,7,3,2,5,3,2,5,9,0.196622,0.200956,26236.828543,0.05,0.000886
16449,,7,2,0,2,2,0,2,0,0,0,0,0,0.000615
31944,,36,16,6,22,16,6,22,9,0.22303,0.230266,0,0.545455,0.004012
14560,,36,19,5,24,19,5,24,8,0.23055,0.238627,563.056739,0.535573,0.004805
17656,,36,22,2,24,22,2,24,8,0.22377,0.23092,635.625924,0.498188,0.006156
31885,,36,18,4,22,18,4,22,9,0.22302,0.230195,0,0.545455,0.004535
31917,,36,17,5,22,17,5,22,9,0.223025,0.230231,0,0.545455,0.00427
32050,,36,12,11,23,12,11,23,9,0.225361,0.23311,2.158626,0.54329,0.002868
32096,,36,12,14,26,12,14,26,8,0.230801,0.239151,3319.598499,0.490942,0.003151
26570,,36,12,18,30,12,18,30,8,0.243054,0.252199,7665.655582,0.375385,0.003339
31693,,36,9,15,24,9,15,24,8,0.230804,0.239177,23.265423,0.535573,0.002186
32075,,36,11,13,24,11,13,24,9,0.225367,0.233163,2.158626,0.541126,0.00264
27992,,36,13,13,26,13,13,26,8,0.238981,0.248369,1781.332058,0.468333,0.003102
7816,,16,2,4,6,2,4,6,8,0.249364,0.25992,1159.995242,0.4,0.000515
9394,,1,14,0,14,14,0,14,0,0,0,0,0.137363,0.003777
7666,,1,1,1,2,1,1,2,9,0.187609,0.191979,0,0,0.000342
11385,,32,4,9,13,4,9,13,8,0.267047,0.279444,42299.555246,0.115385,0.000844
3406,,36,5,4,9,5,4,9,8,0.227802,0.235451,19736.237435,0.071429,0.002191
7307,,36,1,1,2,1,1,2,8,0.262757,0.273467,0,0.5,0.000741
20154,,41,2,0,2,2,0,2,0,0,0,0,0,0.001095
3992,,16,6,8,14,6,8,14,8,0.234905,0.243768,103214.609484,0.072727,0.001839
12228,,16,3,1,4,3,1,4,9,0.2265,0.233961,0,1,0.001829
12570,,16,2,1,3,2,1,3,8,0.233634,0.241997,0,1,0.001118
13148,,16,1,3,4,1,3,4,9,0.226841,0.234411,0,1,0.000896
8793,,16,1,2,3,1,2,3,8,0.237202,0.24598,0,1,0.000896
22914,,16,1,1,2,1,1,2,9,0.202853,0.208714,0,1,0.000896
15875,,16,4,4,8,4,4,8,8,0.232357,0.240684,18893.813164,0.333333,0.001997
21162,,1,3,0,3,3,0,3,0,0,0,0,0.166667,0.001327
29903,,16,3,0,3,3,0,3,0,0,0,0,0.666667,0.001531
7856,,16,1,1,2,1,1,2,8,0.229888,0.237488,270.842603,0,0.000896
1585,,36,3,2,5,3,2,5,10,0.182541,0.186578,488.538743,0.5,0.000706
7005,,25,2,1,3,2,1,3,10,0.180927,0.184735,90.103812,0,0.000425
10249,,36,1,0,1,1,0,1,0,0,0,0,0,0.000234
16236,,36,1,0,1,1,0,1,0,0,0,0,0,0.000234
20015,,36,1,0,1,1,0,1,0,0,0,0,0,0.000234
12029,,36,2,3,5,2,3,5,9,0.237912,0.246574,509.018355,0.333333,0.003332
1682,,7,2,3,5,2,3,5,9,0.256272,0.267471,26670.352779,0,0.002388
35661,,7,1,0,1,1,0,1,0,0,0,0,0,0.000364
35683,,7,1,0,1,1,0,1,0,0,0,0,0,0.000364
12123,,7,1,1,2,1,1,2,9,0.232087,0.239657,0,0,0.000777
15479,,7,1,2,3,1,2,3,9,0.22001,0.226557,86.955176,0.166667,0.000777
1594,,7,1,0,1,1,0,1,0,0,0,0,0,0.000218
1596,,16,1,0,1,1,0,1,0,0,0,0,0,0.000184
28417,,16,2,0,2,2,0,2,0,0,0,0,0,0.000593
32228,,16,1,0,1,1,0,1,0,0,0,0,0,0.000304
9086,,16,2,2,4,2,2,4,8,0.234522,0.243099,901.518608,0.25,0.000507
21831,,1,1,1,2,1,1,2,1,1,1,0,0.5,0.000231
32891,,1,1,1,2,1,1,2,9,0.209124,0.21443,0,0,0.000231
11780,,1,1,1,2,1,1,2,9,0.218288,0.224543,0,0,0.000263
14965,,1,1,0,1,1,0,1,0,0,0,0,0,0.000263
23831,,1,1,0,1,1,0,1,0,0,0,0,0,0.000263
32298,,1,1,0,1,1,0,1,0,0,0,0,0,0.000263
1601,,71,0,2,2,0,2,2,1,1,1,0,0.5,0
1602,,71,1,1,2,1,1,2,1,1,1,0,0.5,0.000168
9548,,71,4,0,4,4,0,4,0,0,0,0,0.083333,0.000677
19387,,7,2,0,2,2,0,2,0,0,0,0,0,0.001194
21211,,7,1,1,2,1,1,2,8,0.252153,0.261614,0,0.5,0.000499
3815,,7,3,9,12,3,9,12,7,0.303239,0.318732,29202.882783,0.265152,0.001051
13804,,7,1,2,3,1,2,3,9,0.238289,0.246759,7.241834,0.5,0.000499
9197,,39,1,0,1,1,0,1,0,0,0,0,0,0.000275
13380,,39,1,0,1,1,0,1,0,0,0,0,0,0.000275
17299,,39,1,0,1,1,0,1,0,0,0,0,0,0.000275
21389,,39,1,0,1,1,0,1,0,0,0,0,0,0.000275
27030,,39,2,1,3,2,1,3,9,0.220208,0.226331,19263.443099,0,0.000443
16534,,7,2,3,5,2,3,5,9,0.229838,0.236897,179.748104,0.15,0.000592
2965,,14,1,2,3,1,2,3,9,0.20667,0.212349,18825,0,0.00018
27042,,41,2,1,3,2,1,3,8,0.234852,0.242177,9498.017249,0,0.000374
1611,,7,0,8,8,0,8,8,8,0.262924,0.274764,0,0.125,0
4383,,7,1,3,4,1,3,4,8,0.253289,0.263327,129.578161,0.083333,0.000168
16714,,67,1,1,2,1,1,2,9,0.200821,0.206195,0,0,0.000266
6062,,67,2,1,3,2,1,3,9,0.220368,0.226489,185.219712,0,0.000434
35276,,67,2,0,2,2,0,2,0,0,0,0,0,0.000434
26056,,67,1,0,1,1,0,1,0,0,0,0,0,0.000228
28993,,67,2,0,2,2,0,2,0,0,0,0,0,0.000396
1614,,41,0,3,3,0,3,3,9,0.215842,0.222066,0,0,0
1615,,7,0,1,1,0,1,1,8,0.261475,0.272568,0,0,0
1616,,1,0,1,1,0,1,1,10,0.172631,0.175781,0,0,0
1617,,1,1,2,3,1,2,3,9,0.208639,0.214266,18827,0.166667,0.000168
10740,,7,4,8,12,4,8,12,8,0.26743,0.279325,20870.970907,0.113636,0.001566
28159,,16,3,2,5,3,2,5,9,0.21617,0.222657,26001.395143,0.166667,0.000844
1623,,7,1,7,8,1,7,8,7,0.300874,0.31601,1337.330898,0.571429,0.00025
1625,,14,1,1,2,1,1,2,1,1,1,1.75,0,0.000198
23308,,7,3,2,5,3,2,5,9,0.227907,0.235275,254.44563,0.166667,0.001465
21913,,1,2,2,4,2,2,4,9,0.219561,0.226356,15.850285,0.333333,0.000416
9016,,7,1,5,6,1,5,6,8,0.262022,0.273075,96.845982,0.133333,0.000189
10063,,7,1,1,2,1,1,2,8,0.239638,0.247488,27.024557,0,0.00027
6369,,81,1,1,2,1,1,2,9,0.191658,0.195731,0,0,0.000229
3264,,81,3,2,5,3,2,5,9,0.224791,0.232437,44800,0.2,0.000635
30143,,7,1,0,1,1,0,1,0,0,0,0,0,0.00099
32684,,7,1,0,1,1,0,1,0,0,0,0,0,0.000376
1956,,7,4,2,6,4,2,6,8,0.231819,0.238938,0,1,0.001262
20536,,7,1,0,1,1,0,1,0,0,0,0,0,0.000347
27818,,7,3,2,5,3,2,5,8,0.234674,0.242584,424.46367,0.05,0.000796
4804,,7,2,5,7,2,5,7,8,0.265844,0.277646,27821.643762,0.142857,0.000524
29812,,7,1,0,1,1,0,1,0,0,0,0,0,0.000347
1640,,16,0,1,1,0,1,1,8,0.234514,0.24306,0,0,0
3738,,7,1,2,3,1,2,3,8,0.266918,0.278987,0,0.833333,0.000657
17740,,7,1,4,5,1,4,5,7,0.297386,0.312265,19.069068,0.45,0.000657
2396,,16,2,4,6,2,4,6,8,0.251961,0.262563,427.377578,0.4,0.001126
10214,,16,3,1,4,3,1,4,9,0.19455,0.198942,0,0.5,0.001145
14269,,16,1,0,1,1,0,1,0,0,0,0,0,0.000613
20884,,16,1,2,3,1,2,3,9,0.222327,0.229769,1473.958568,0.166667,0.000613
22055,,16,2,1,3,2,1,3,11,0.156339,0.158763,25974,0,0.000786
22132,,16,2,0,2,2,0,2,0,0,0,0,0.5,0.00082
24265,,16,1,0,1,1,0,1,0,0,0,0,0,0.000613
7887,,16,2,5,7,2,5,7,9,0.229692,0.237893,96.03831,0.666667,0.000977
25101,,16,1,1,2,1,1,2,9,0.19512,0.200169,0,1,0.000613
26124,,16,1,3,4,1,3,4,8,0.241638,0.250039,25974,0.333333,0.000613
30305,,16,1,0,1,1,0,1,0,0,0,0,0,0.000613
30591,,16,1,1,2,1,1,2,9,0.227441,0.235137,0,0,0.000613
22420,,16,1,3,4,1,3,4,8,0.243702,0.252596,0,0.666667,0.000613
12648,,16,2,5,7,2,5,7,8,0.236763,0.245223,231.44465,0.4,0.001026
34082,,16,1,0,1,1,0,1,0,0,0,0,0,0.000613
12055,,16,4,1,5,4,1,5,1,1,1,25976,0.1,0.001167
1646,,16,0,1,1,0,1,1,9,0.213504,0.219764,0,0,0
19912,,16,1,1,2,1,1,2,10,0.178039,0.181605,0,1,0.000648
19491,,16,1,2,3,1,2,3,9,0.213502,0.219784,25975,0,0.000648
21042,,16,2,1,3,2,1,3,9,0.213498,0.219749,24.650287,0,0.000834
22338,,16,4,3,7,4,3,7,9,0.233015,0.241384,45515.641875,0.35,0.001799
23954,,16,1,0,1,1,0,1,0,0,0,0,0,0.000648
31843,,41,3,0,3,3,0,3,0,0,0,0,0,0.002125
16746,,16,2,1,3,2,1,3,9,0.250606,0.260969,1608.424087,0.333333,0.002553
3348,,41,1,0,1,1,0,1,0,0,0,0,0,0.000501
11477,,41,1,6,7,1,6,7,8,0.218397,0.225701,899.523833,0.366667,0.000501
15933,,41,1,0,1,1,0,1,0,0,0,0,0,0.000501
16554,,41,1,0,1,1,0,1,0,0,0,0,0,0.000501
17263,,41,1,0,1,1,0,1,0,0,0,0,0,0.000501
17664,,41,1,6,7,1,6,7,8,0.233044,0.241624,26964.620231,0.2,0.000501
18940,,7,1,1,2,1,1,2,9,0.210827,0.216918,198.02942,0,0.000501
25152,,16,2,2,4,2,2,4,9,0.192627,0.196746,77526.395552,0.166667,0.000678
26615,,41,2,0,2,2,0,2,0,0,0,0,0,0.000693
27901,,41,1,0,1,1,0,1,0,0,0,0,0,0.000501
27948,,41,1,0,1,1,0,1,0,0,0,0,0,0.000501
30095,,41,1,0,1,1,0,1,0,0,0,0,0,0.000501
23070,,16,3,1,4,3,1,4,8,0.216959,0.223311,74.44548,0.166667,0.001001
30514,,41,1,0,1,1,0,1,0,0,0,0,0,0.000501
30891,,41,1,0,1,1,0,1,0,0,0,0,0,0.000501
31052,,41,1,0,1,1,0,1,0,0,0,0,0,0.000501
32411,,41,1,0,1,1,0,1,0,0,0,0,0,0.000501
32807,,41,1,0,1,1,0,1,0,0,0,0,0,0.000501
26592,,41,4,4,8,4,4,8,8,0.238567,0.247955,347.822964,0.8,0.001581
33850,,16,2,0,2,2,0,2,0,0,0,0,0,0.000679
34687,,41,1,0,1,1,0,1,0,0,0,0,0,0.000501
34708,,41,1,0,1,1,0,1,0,0,0,0,0,0.000501
1651,,65,0,1,1,0,1,1,9,0.195014,0.200132,0,0,0
1652,,65,0,1,1,0,1,1,9,0.194323,0.198649,0,0,0
1654,,16,0,1,1,0,1,1,8,0.226935,0.234515,0,0,0
9694,,7,3,1,4,3,1,4,9,0.198884,0.203512,1.162037,0.25,0.001214
6044,,1,3,0,3,3,0,3,0,0,0,0,0,0.001355
3921,,32,7,15,22,7,15,22,7,0.303606,0.319381,186443.882971,0.121053,0.002075
16015,,7,1,0,1,1,0,1,0,0,0,0,0,0.000843
1805,,41,2,3,5,2,3,5,8,0.267145,0.278916,1159.407788,0.416667,0.001043
7440,,7,1,1,2,1,1,2,9,0.222893,0.230198,0,0,0.000843
17037,,1,1,2,3,1,2,3,9,0.222962,0.230326,0,1,0.000843
12161,,1,2,2,4,2,2,4,8,0.228952,0.236694,63765.585288,0,0.000582
14848,,7,1,0,1,1,0,1,0,0,0,0,0,0.000387
15660,,7,1,0,1,1,0,1,0,0,0,0,0,0.000387
17256,,384,2,0,2,2,0,2,0,0,0,0,0,0.000556
34508,,7,1,0,1,1,0,1,0,0,0,0,0,0.000387
4407,,16,5,4,9,5,4,9,8,0.231403,0.239864,28712.75748,0.071429,0.001206
15762,,7,2,5,7,2,5,7,8,0.236347,0.244711,30536.034033,0.05,0.001431
2956,,36,4,6,10,4,6,10,8,0.270128,0.282262,110092.745104,0.033333,0.000961
1707,,36,2,6,8,2,6,8,8,0.228399,0.236351,18913.067793,0.214286,0.001012
1958,,36,4,3,7,4,3,7,8,0.261982,0.273204,1855.341897,0.133333,0.001646
2639,,36,1,5,6,1,5,6,8,0.26536,0.27701,39.586023,0.6,0.000843
7126,,36,1,0,1,1,0,1,0,0,0,0,0,0.000843
4660,,36,1,2,3,1,2,3,8,0.234978,0.24368,0,1,0.000843
2379,,41,8,7,15,8,7,15,8,0.264827,0.276754,46490.943852,0.137363,0.002678
14265,,36,1,0,1,1,0,1,0,0,0,0,0,0.000843
14683,,36,1,0,1,1,0,1,0,0,0,0,0,0.000843
18281,,36,1,0,1,1,0,1,0,0,0,0,0,0.000843
20493,,36,1,0,1,1,0,1,0,0,0,0,0,0.000843
22669,,36,1,0,1,1,0,1,0,0,0,0,0,0.000843
13745,,36,2,6,8,2,6,8,8,0.238397,0.247334,78318.381413,0.142857,0.001012
5994,,36,3,2,5,3,2,5,8,0.225842,0.233142,18826,0.333333,0.001196
26803,,36,1,1,2,1,1,2,8,0.225832,0.233088,0,0,0.000843
27598,,36,1,0,1,1,0,1,0,0,0,0,0,0.000843
12677,,36,1,1,2,1,1,2,9,0.216194,0.22253,276.109885,0.5,0.000843
31012,,36,2,0,2,2,0,2,0,0,0,0,0,0.001026
32902,,36,1,0,1,1,0,1,0,0,0,0,0,0.000843
28405,,36,1,1,2,1,1,2,8,0.225832,0.233088,0,0,0.000843
15024,,16,4,5,9,4,5,9,8,0.249249,0.259789,73402.83963,0.089286,0.00185
1664,,7,0,1,1,0,1,1,8,0.270888,0.28334,0,0,0
24235,,16,2,1,3,2,1,3,9,0.204535,0.209825,28.799016,0,0.000627
21305,,16,1,1,2,1,1,2,9,0.222927,0.229747,0,1,0.000447
2177,,41,3,3,6,3,3,6,8,0.258141,0.269418,21825.18534,0.25,0.000961
19029,,41,1,0,1,1,0,1,0,0,0,0,0,0.000473
9228,,41,12,5,17,12,5,17,8,0.229096,0.236527,645180.656838,0.009524,0.002347
19921,,41,1,1,2,1,1,2,9,0.217644,0.224229,0,0,0.000473
24627,,41,1,0,1,1,0,1,0,0,0,0,0,0.000473
28125,,41,1,0,1,1,0,1,0,0,0,0,0,0.000473
28826,,41,3,0,3,3,0,3,0,0,0,0,0,0.000819
25389,,41,2,2,4,2,2,4,10,0.178757,0.182386,77910,0.166667,0.000646
34837,,41,1,0,1,1,0,1,0,0,0,0,0,0.000473
1671,,7,0,1,1,0,1,1,8,0.252153,0.261614,0,0,0
4844,,41,1,1,2,1,1,2,8,0.225234,0.232001,0,0,0.000352
4755,,41,1,4,5,1,4,5,8,0.231976,0.239389,0,0.5,0.000352
3570,,41,4,4,8,4,4,8,8,0.258816,0.268874,4656.168486,0.142857,0.000961
5233,,41,2,1,3,2,1,3,8,0.225234,0.232001,0,1,0.000527
5605,,41,2,1,3,2,1,3,9,0.192118,0.196387,0,1,0.000546
5849,,41,2,1,3,2,1,3,8,0.225234,0.232001,0,0.5,0.00052
6209,,41,1,2,3,1,2,3,8,0.24995,0.258746,144.667418,0,0.000352
7249,,41,1,0,1,1,0,1,0,0,0,0,0,0.000352
6557,,41,2,32,34,2,32,34,7,0.281031,0.295643,94120.997927,0.060484,0.000546
5877,,22,1,3,4,1,3,4,8,0.22876,0.236134,140.451966,0.166667,0.000352
5614,,41,1,1,2,1,1,2,8,0.225234,0.232001,0,0,0.000352
6440,,41,5,5,10,5,5,10,8,0.237801,0.246147,38171.974915,0.142857,0.001049
8940,,41,4,0,4,4,0,4,0,0,0,0,0.75,0.000917
7963,,41,1,1,2,1,1,2,8,0.225234,0.232001,0,0,0.000352
4589,,7,8,21,29,8,21,29,8,0.275419,0.288569,65311.611437,0.052707,0.003697
7937,,7,1,1,2,1,1,2,9,0.218042,0.224328,284.862059,0,0.001603
15244,,7,3,5,8,3,5,8,8,0.231508,0.239786,1064.305782,0.2,0.002037
8365,,7,2,0,2,2,0,2,0,0,0,0,0,0.001882
11737,,7,1,5,6,1,5,6,8,0.25262,0.262358,845.221646,0.2,0.001603
1675,,65,3,3,6,3,3,6,8,0.237867,0.245929,28883.166329,0.133333,0.000579
12707,,65,2,2,4,2,2,4,8,0.251446,0.261565,1092.097088,0,0.000356
6773,,7,1,0,1,1,0,1,0,0,0,0,0,0.000583
27004,,7,1,0,1,1,0,1,0,0,0,0,0,0.000583
6558,,7,2,5,7,2,5,7,8,0.255653,0.265858,2313.536341,0.4,0.001283
7060,,7,2,0,2,2,0,2,0,0,0,0,0.5,0.00068
2366,,7,6,15,21,6,15,21,8,0.271291,0.283853,18221.607849,0.1,0.002257
14726,,7,2,3,5,2,3,5,9,0.218229,0.224751,70772.791248,0.1,0.000666
28483,,7,1,0,1,1,0,1,0,0,0,0,0,0.000471
31430,,7,2,0,2,2,0,2,0,0,0,0,0,0.000647
33071,,7,1,0,1,1,0,1,0,0,0,0,0,0.000197
9532,,16,1,0,1,1,0,1,0,0,0,0,0,0.000463
7175,,16,2,2,4,2,2,4,8,0.250576,0.260347,0,0.5,0.000715
1685,,14,0,3,3,0,3,3,9,0.232702,0.240989,0,0,0
1686,,2,0,1,1,0,1,1,1,1,1,0,0,0
12868,,7,1,2,3,1,2,3,8,0.242123,0.250634,0,1,0.00112
4292,,14,2,3,5,2,3,5,8,0.256723,0.267725,26015.03315,0.4,0.000465
1691,,16,0,1,1,0,1,1,11,0.166952,0.169918,0,0,0
8172,,16,1,2,3,1,2,3,9,0.250622,0.261016,131981.324205,0,0.000311
1695,,7,1,0,1,1,0,1,0,0,0,0,0,0.00103
2205,,7,1,0,1,1,0,1,0,0,0,0,0,0.00103
7504,,7,1,3,4,1,3,4,8,0.236332,0.244365,782.854027,0.166667,0.00103
11901,,7,1,1,2,1,1,2,8,0.232405,0.239626,0,0.5,0.00103
17495,,1,5,4,9,5,4,9,8,0.245341,0.254494,20423.175682,0.214286,0.003282
23060,,7,1,0,1,1,0,1,0,0,0,0,0,0.00103
29992,,7,1,1,2,1,1,2,9,0.220308,0.227441,512.104219,0,0.00103
33111,,7,1,0,1,1,0,1,0,0,0,0,0,0.00103
20227,,7,1,1,2,1,1,2,9,0.225591,0.232932,0,0.5,0.00103
1697,,7,2,4,6,2,4,6,8,0.271589,0.283634,1434.088635,0.233333,0.000667
2106,,16,6,6,12,6,6,12,8,0.266427,0.278267,24660.117889,0.088889,0.001529
32759,,7,3,0,3,3,0,3,0,0,0,0,0.333333,0.001185
5878,,7,2,2,4,2,2,4,8,0.238875,0.246838,18827.093151,0.083333,0.00053
1699,,7,2,4,6,2,4,6,8,0.249924,0.258798,2861.324985,0.166667,0.0015
9908,,7,3,1,4,3,1,4,9,0.228721,0.235729,0,0.25,0.001001
3297,,14,1,0,1,1,0,1,0,0,0,0,0,0.000352
7226,,14,3,2,5,3,2,5,10,0.197756,0.202642,37670.619746,0.1,0.000693
15914,,14,1,1,2,1,1,2,9,0.226233,0.233054,0,0,0.000352
28713,,7,4,2,6,4,2,6,9,0.216712,0.222985,122.103889,0.1,0.001225
6956,,16,5,1,6,5,1,6,9,0.185793,0.189795,19097.427077,0.033333,0.001464
25900,,7,1,0,1,1,0,1,0,0,0,0,0,0.000441
9688,,7,1,2,3,1,2,3,8,0.251533,0.261589,75291,0,0.000178
26236,,7,1,2,3,1,2,3,8,0.228141,0.23556,95.21147,0,0.000224
4855,,7,2,0,2,2,0,2,0,0,0,0,0,0.00043
5768,,7,1,0,1,1,0,1,0,0,0,0,0,0.000219
4266,,41,3,1,4,3,1,4,9,0.197973,0.202331,18837.717515,0.25,0.00056
16858,,41,2,3,5,2,3,5,8,0.246834,0.255546,63810.788284,0.083333,0.000402
30404,,7,1,0,1,1,0,1,0,0,0,0,0,0.000219
19751,,41,1,2,3,1,2,3,9,0.213193,0.2193,25976.053628,0.166667,0.000219
14333,,32,20,29,49,20,29,49,8,0.264849,0.277054,237313.070751,0.045958,0.004951
1710,,7,0,1,1,0,1,1,9,0.222499,0.229441,0,0,0
18893,,1,1,0,1,1,0,1,0,0,0,0,0,0.000541
19475,,1,1,1,2,1,1,2,8,0.21458,0.220438,0,0,0.000541
27868,,1,1,1,2,1,1,2,8,0.21458,0.220438,0,0,0.000541
2562,,7,3,8,11,3,8,11,8,0.26833,0.280841,4610.497513,0.127273,0.002134
13999,,1,3,6,9,3,6,9,9,0.209343,0.214925,15941.077292,0.027778,0.001419
1713,,16,0,2,2,0,2,2,9,0.226905,0.234203,0,1,0
1717,,7,1,1,2,1,1,2,9,0.215076,0.221418,0,0,0.000411
5715,,7,1,2,3,1,2,3,9,0.238298,0.246775,26166.245495,0,0.000411
14044,,32,4,8,12,4,8,12,8,0.253102,0.2634,82899.929558,0.072727,0.001746
27089,,551,3,2,5,3,2,5,9,0.215081,0.221453,63624,0,0.000752
9945,,16,5,5,10,5,5,10,9,0.234055,0.242067,3817.522923,0.125,0.001598
1720,,7,0,5,5,0,5,5,8,0.246543,0.255763,0,0.05,0
1722,,7,1,1,2,1,1,2,8,0.262756,0.273466,450.698785,0,0.000168
11864,,7,2,11,13,2,11,13,7,0.296337,0.311522,9617.217497,0.230769,0.000552
17301,,7,5,3,8,5,3,8,9,0.230502,0.238354,25984.418349,0.178571,0.001502
22349,,7,3,1,4,3,1,4,8,0.242475,0.251061,44.329492,0.083333,0.000969
9027,,16,2,2,4,2,2,4,8,0.233649,0.242044,18929.03428,0,0.000498
25902,,7,2,0,2,2,0,2,0,0,0,0,1,0.00144
23439,,2,2,0,2,2,0,2,0,0,0,0,0,0.000498
25333,,12,1,1,2,1,1,2,9,0.221918,0.228588,17.603564,0,0.00033
30885,,7,2,7,9,2,7,9,8,0.285428,0.299376,327.836296,0.285714,0.00054
6807,,32,1,2,3,1,2,3,8,0.242007,0.250194,0,0.333333,0.00033
33967,,7,1,0,1,1,0,1,0,0,0,0,0,0.00033
13519,,16,4,3,7,4,3,7,8,0.242472,0.251095,25106.791234,0.25,0.00185
26402,,25,3,7,10,3,7,10,8,0.247942,0.256897,148771.744622,0,0.000671
1723,,7,0,14,14,0,14,14,8,0.283096,0.296929,0,0.401099,0
12724,,53,6,1,7,6,1,7,8,0.234458,0.242733,60807.968036,0,0.001053
5287,,7,1,0,1,1,0,1,0,0,0,0,0,0.000444
8769,,7,1,0,1,1,0,1,0,0,0,0,0,0.000444
11112,,16,5,2,7,5,2,7,8,0.234519,0.242375,19290.68627,0.02381,0.00124
1729,,36,3,3,6,3,3,6,9,0.222978,0.229713,9060.793697,0.05,0.000647
26022,,7,1,0,1,1,0,1,0,0,0,0,0,0.000366
13859,,7,1,1,2,1,1,2,9,0.218752,0.224867,5.344674,0,0.00054
2752,,7,13,15,28,13,15,28,8,0.284308,0.297933,112549.212607,0.095,0.00442
4125,,67,4,3,7,4,3,7,9,0.224469,0.232095,8.161993,0.75,0.001771
5068,,67,1,0,1,1,0,1,0,0,0,0,0,0.000909
8145,,67,1,0,1,1,0,1,0,0,0,0,0,0.000909
10839,,67,2,0,2,2,0,2,0,0,0,0,1,0.001325
11055,,67,3,0,3,3,0,3,0,0,0,0,1,0.00164
6994,,67,1,2,3,1,2,3,9,0.221965,0.229208,0,1,0.000909
12301,,67,1,0,1,1,0,1,0,0,0,0,0,0.000909
11354,,67,6,1,7,6,1,7,9,0.221963,0.229182,0,0.533333,0.002168
14770,,67,8,7,15,8,7,15,9,0.224138,0.231797,154.048282,0.325758,0.002766
13926,,67,1,2,3,1,2,3,9,0.221965,0.229208,0,1,0.000909
18243,,67,2,0,2,2,0,2,0,0,0,0,0.5,0.001078
16566,,67,12,13,25,12,13,25,8,0.260813,0.273018,19828.947955,0.195906,0.003425
21068,,67,1,1,2,1,1,2,9,0.21472,0.220905,0,1,0.000909
21519,,67,2,0,2,2,0,2,0,0,0,0,1,0.001133
17373,,67,3,2,5,3,2,5,9,0.221968,0.229217,1.166667,0.5,0.001345
23112,,67,1,1,2,1,1,2,9,0.221963,0.229182,0,0,0.000909
19817,,67,2,2,4,2,2,4,9,0.224119,0.231646,0,1,0.001171
24139,,67,2,1,3,2,1,3,9,0.221963,0.229182,0,1,0.001133
23097,,67,1,1,2,1,1,2,9,0.221963,0.229182,0,0,0.000909
12913,,67,1,4,5,1,4,5,9,0.231059,0.238783,1232.407352,0.416667,0.000909
23905,,67,1,4,5,1,4,5,9,0.224413,0.232055,0,1,0.000909
26675,,67,1,0,1,1,0,1,0,0,0,0,0,0.000909
27373,,67,1,1,2,1,1,2,9,0.198614,0.203367,0,1,0.000909
28074,,67,3,2,5,3,2,5,9,0.197199,0.201797,2241.123192,0.3,0.001303
16612,,67,3,5,8,3,5,8,9,0.224474,0.232148,53.368109,0.4,0.001417
28242,,67,3,0,3,3,0,3,0,0,0,0,0.833333,0.001449
29599,,67,4,5,9,4,5,9,9,0.224135,0.231753,123.104941,0.428571,0.001692
29194,,67,2,3,5,2,3,5,9,0.222614,0.230029,12.824256,0.666667,0.001109
30195,,67,2,0,2,2,0,2,0,0,0,0,1,0.001325
28760,,67,1,1,2,1,1,2,9,0.221963,0.229182,0,0,0.000909
29711,,67,1,2,3,1,2,3,9,0.224119,0.231646,0,1,0.000909
27968,,67,3,1,4,3,1,4,9,0.221963,0.229182,0,0.666667,0.001318
29066,,67,1,5,6,1,5,6,9,0.224759,0.232486,1838.949211,0.8,0.000909
32721,,67,4,3,7,4,3,7,9,0.222256,0.229583,37.605714,0.55,0.001678
31290,,67,1,2,3,1,2,3,9,0.222204,0.229523,0,0.5,0.000909
32703,,67,1,3,4,1,3,4,9,0.224127,0.231691,0,1,0.000909
32019,,67,3,3,6,3,3,6,9,0.224124,0.231682,0,1,0.00154
32056,,67,2,1,3,2,1,3,9,0.221963,0.229182,0,1,0.001171
33129,,67,3,4,7,3,4,7,9,0.224127,0.231708,44856.634872,0.2,0.001246
32714,,67,1,4,5,1,4,5,9,0.224132,0.231722,51948,0.5,0.000909
33974,,67,3,2,5,3,2,5,9,0.214722,0.220931,0.25,0.833333,0.00154
31065,,67,2,2,4,2,2,4,9,0.224119,0.231646,0,1,0.001171
29432,,67,11,10,21,11,10,21,8,0.24157,0.250169,12537.281793,0.252381,0.003255
32735,,67,7,9,16,7,9,16,9,0.224146,0.231859,26121.09547,0.242424,0.002317
35319,,67,1,2,3,1,2,3,9,0.224119,0.231646,0,1,0.000909
1737,,7,0,4,4,0,4,4,8,0.266732,0.278464,0,0.333333,0
12297,,65,1,0,1,1,0,1,0,0,0,0,0,0.000217
25173,,65,1,0,1,1,0,1,0,0,0,0,0,0.000217
6351,,16,1,3,4,1,3,4,8,0.222227,0.228786,0,0.5,0.000678
13078,,16,1,0,1,1,0,1,0,0,0,0,0,0.000678
14104,,16,2,1,3,2,1,3,8,0.22222,0.228725,0,1,0.000856
23369,,16,1,0,1,1,0,1,0,0,0,0,0,0.000678
17266,,16,1,1,2,1,1,2,8,0.22222,0.228725,0,0,0.000678
27009,,16,1,1,2,1,1,2,8,0.22222,0.228725,0,0,0.000678
19910,,41,6,15,21,6,15,21,8,0.268173,0.280705,46116.231172,0.081871,0.002169
16395,,81,7,0,7,7,0,7,0,0,0,0,0.095238,0.001672
17331,,16,2,3,5,2,3,5,8,0.248063,0.257841,29799.288137,0,0.000558
1741,,41,0,1,1,0,1,1,9,0.21752,0.22344,0,0,0
1742,,53,0,2,2,0,2,2,9,0.216928,0.223545,0,1,0
5200,,16,1,0,1,1,0,1,0,0,0,0,0,0.000408
5565,,7,6,2,8,6,2,8,8,0.240121,0.248551,21406.145045,0.214286,0.001202
12623,,7,1,1,2,1,1,2,9,0.213684,0.219906,58.329223,0,0.000295
14222,,7,2,2,4,2,2,4,9,0.220349,0.227187,0,0.833333,0.000469
26082,,7,1,0,1,1,0,1,0,0,0,0,0,0.000295
8684,,7,1,5,6,1,5,6,9,0.227076,0.234156,962.719829,0.35,0.000295
1748,,16,0,1,1,0,1,1,8,0.230667,0.237711,0,0,0
5215,,16,1,2,3,1,2,3,8,0.247867,0.257238,0,0.5,0.001066
12190,,16,2,0,2,2,0,2,0,0,0,0,0.5,0.001234
17714,,16,1,0,1,1,0,1,0,0,0,0,0,0.001066
20244,,16,1,1,2,1,1,2,8,0.23066,0.237697,0,0,0.001066
22574,,16,1,1,2,1,1,2,8,0.23066,0.237697,0,0,0.001066
32882,,16,1,0,1,1,0,1,0,0,0,0,0,0.001066
1750,,16,0,1,1,0,1,1,8,0.251382,0.261452,0,0,0
22257,,1,12,1,13,12,1,13,9,0.19258,0.19691,42.153368,0.076923,0.003012
21684,,7,1,0,1,1,0,1,0,0,0,0,0,0.000276
1753,,16,0,1,1,0,1,1,8,0.230667,0.237711,0,0,0
29913,,16,1,0,1,1,0,1,0,0,0,0,0,0.000201
1760,,314,2,1,3,2,1,3,11,0.158492,0.160897,2.378568,0,0.000341
1761,,314,1,2,3,1,2,3,10,0.18834,0.192417,18828.378568,0,0.000178
1762,,7,1,14,15,1,14,15,8,0.27332,0.28697,250.789544,0.090476,0.000336
6826,,7,2,2,4,2,2,4,8,0.23335,0.241313,340.635407,0,0.000538
1785,,16,1,3,4,1,3,4,8,0.245044,0.254462,0,1,0.00027
14781,,16,3,3,6,3,3,6,9,0.220468,0.227915,142.264483,0.166667,0.001101
11944,,16,1,4,5,1,4,5,8,0.245507,0.255048,622.337892,0.15,0.000227
31539,,41,1,0,1,1,0,1,0,0,0,0,0,0.000202
1770,,14,0,1,1,0,1,1,8,0.25615,0.266929,0,0,0
1771,,7,0,1,1,0,1,1,9,0.250609,0.260973,0,0,0
19735,,16,1,0,1,1,0,1,0,0,0,0,0,0.00022
1775,,7,0,3,3,0,3,3,8,0.236529,0.245133,0,0.166667,0
18178,,16,1,1,2,1,1,2,9,0.233264,0.241027,222.260951,0,0.000216
1847,,1,1,2,3,1,2,3,8,0.230864,0.238712,25974,0.333333,0.00138
6503,,7,1,0,1,1,0,1,0,0,0,0,0,0.00138
7583,,7,2,3,5,2,3,5,9,0.238845,0.247408,26312.56275,0.166667,0.001548
11602,,7,1,0,1,1,0,1,0,0,0,0,0,0.00138
12233,,7,1,0,1,1,0,1,0,0,0,0,0,0.00138
12385,,7,1,2,3,1,2,3,10,0.184467,0.188437,19055.402469,0.166667,0.00138
17491,,7,1,0,1,1,0,1,0,0,0,0,0,0.00138
8680,,7,4,14,18,4,14,18,8,0.268525,0.280801,1351.668827,0.285714,0.002249
17994,,558,2,1,3,2,1,3,9,0.237103,0.245244,18826,0,0.001548
8851,,7,8,9,17,8,9,17,8,0.256098,0.266652,39952.780606,0.225275,0.008311
20152,,7,1,0,1,1,0,1,0,0,0,0,0,0.00138
20240,,7,2,3,5,2,3,5,9,0.238554,0.2468,238.554934,0.416667,0.004739
22080,,7,2,1,3,2,1,3,9,0.215954,0.222057,0,0.833333,0.001584
26252,,7,1,1,2,1,1,2,9,0.237103,0.245244,0,0,0.00138
2696,,7,1,3,4,1,3,4,9,0.239574,0.248082,53.920909,0.333333,0.00138
31565,,7,1,2,3,1,2,3,8,0.24514,0.254231,209.362815,0,0.00138
34724,,7,1,0,1,1,0,1,0,0,0,0,0,0.00138
34845,,7,1,0,1,1,0,1,0,0,0,0,0,0.00138
16133,,7,1,1,2,1,1,2,9,0.22001,0.226621,0,1,0.001401
12091,,7,3,2,5,3,2,5,9,0.229496,0.237136,738.608298,0.25,0.002244
1782,,16,0,2,2,0,2,2,9,0.23001,0.238008,0,1,0
31391,,41,1,0,1,1,0,1,0,0,0,0,0,0.000189
34136,,41,1,0,1,1,0,1,0,0,0,0,0,0.000189
3215,,7,2,4,6,2,4,6,8,0.279425,0.292077,932.509211,0.15,0.003136
8038,,7,1,0,1,1,0,1,0,0,0,0,0,0.002968
10751,,14,2,3,5,2,3,5,8,0.253539,0.263794,2374.048111,0.333333,0.003178
16946,,7,1,0,1,1,0,1,0,0,0,0,0,0.002968
15260,,7,2,1,3,2,1,3,9,0.235534,0.243634,0,1,0.003245
17292,,7,1,0,1,1,0,1,0,0,0,0,0,0.002968
16045,,1,2,1,3,2,1,3,9,0.235534,0.243634,301.460418,0,0.003224
13834,,7,3,5,8,3,5,8,8,0.241669,0.250624,8876.338433,0.2,0.003508
17293,,7,1,0,1,1,0,1,0,0,0,0,0,0.002968
15257,,7,3,3,6,3,3,6,8,0.240002,0.2487,533.086697,0.2,0.003557
16745,,7,1,1,2,1,1,2,9,0.235534,0.243634,0,0,0.002968
11848,,14,2,3,5,2,3,5,9,0.240066,0.248751,26.035356,0.666667,0.003429
17294,,7,1,2,3,1,2,3,9,0.223709,0.23027,0,0.666667,0.002968
18538,,7,1,1,2,1,1,2,9,0.223704,0.230405,0,1,0.002968
8762,,12,1,3,4,1,3,4,9,0.236255,0.244622,409.352393,0.166667,0.002968
24981,,7,2,2,4,2,2,4,8,0.243173,0.252002,93.255349,0.5,0.003404
25880,,7,1,0,1,1,0,1,0,0,0,0,0,0.002968
30438,,7,2,0,2,2,0,2,0,0,0,0,1,0.003245
30938,,7,1,0,1,1,0,1,0,0,0,0,0,0.002968
30939,,7,1,0,1,1,0,1,0,0,0,0,0,0.002968
6332,,16,1,1,2,1,1,2,8,0.244157,0.253362,0,1,0.000418
14525,,16,3,3,6,3,3,6,8,0.239864,0.248159,668.262423,0.133333,0.000892
21742,,16,1,1,2,1,1,2,9,0.189706,0.193948,0,1,0.000418
32304,,16,1,2,3,1,2,3,9,0.224175,0.231354,57.507676,0,0.000418
32354,,16,1,0,1,1,0,1,0,0,0,0,0,0.000418
32573,,16,2,0,2,2,0,2,0,0,0,0,0,0.000586
31200,,1,1,1,2,1,1,2,9,0.20879,0.214453,0,0,0.000256
1789,,41,0,9,9,0,9,9,8,0.270684,0.283873,0,0.166667,0
5152,,41,2,0,2,2,0,2,0,0,0,0,0,0.000336
7786,,7,2,3,5,2,3,5,8,0.243309,0.251422,0,0.666667,0.001743
13377,,12,21,1,22,21,1,22,9,0.185518,0.189862,61257.110881,0.078571,0.011951
6006,,7,6,4,10,6,4,10,8,0.238669,0.246431,33276.454564,0.166667,0.002584
1793,,16,1,1,2,1,1,2,8,0.238234,0.246373,76.84368,0,0.000248
1798,,7,0,1,1,0,1,1,9,0.209338,0.214915,0,0,0
9860,,16,1,2,3,1,2,3,8,0.262845,0.273631,9.601502,0.333333,0.00031
17685,,7,4,15,19,4,15,19,8,0.267612,0.279503,130088.220037,0.125,0.000878
11770,,16,1,1,2,1,1,2,8,0.239858,0.247713,0,0.5,0.000729
22803,,16,1,1,2,1,1,2,9,0.232955,0.241233,34.254698,0,0.000729
28535,,7,1,2,3,1,2,3,8,0.240591,0.24828,27.664544,0,0.000549
32216,,7,2,0,2,2,0,2,0,0,0,0,1,0.000726
35066,,7,1,4,5,1,4,5,8,0.252329,0.261796,25975,0.25,0.000549
1807,,39,1,2,3,1,2,3,8,0.222817,0.229986,7.897979,0.333333,0.000211
1809,,72,1,0,1,1,0,1,0,0,0,0,0,0.000182
2522,,7,1,1,2,1,1,2,8,0.262757,0.273467,191.181382,0,0.000234
24652,,7,1,0,1,1,0,1,0,0,0,0,0,0.000234
18834,,32,3,1,4,3,1,4,9,0.199864,0.205249,0,1,0.000814
8163,,32,2,4,6,2,4,6,8,0.246456,0.255769,393.886347,0.583333,0.000633
8248,,32,1,2,3,1,2,3,8,0.236294,0.244433,0,1,0.000406
12175,,32,1,0,1,1,0,1,0,0,0,0,0,0.000406
13420,,32,5,6,11,5,6,11,8,0.25109,0.261477,48248.56707,0.25,0.001346
5279,,32,3,8,11,3,8,11,8,0.244697,0.254005,714.735274,0.155556,0.00077
11984,,1,1,2,3,1,2,3,9,0.220584,0.226805,265.672407,0,0.000406
23559,,32,2,1,3,2,1,3,9,0.201477,0.206668,18826,0.333333,0.000574
21817,,32,3,2,5,3,2,5,9,0.220582,0.226796,7.876369,0.5,0.000888
4897,,32,2,5,7,2,5,7,9,0.221147,0.227614,1138.24655,0.05,0.00061
34625,,32,1,0,1,1,0,1,0,0,0,0,0,0.000406
35361,,32,1,0,1,1,0,1,0,0,0,0,0,0.000406
1815,,7,2,1,3,2,1,3,1,1,1,2725.053468,0.166667,0.001299
1816,,1,2,1,3,2,1,3,8,0.247821,0.256541,19.571917,0.5,0.001268
9693,,7,1,0,1,1,0,1,0,0,0,0,0,0.000901
13642,,53,2,0,2,2,0,2,0,0,0,0,0,0.001539
18359,,7,1,1,2,1,1,2,8,0.257707,0.267945,0,0.5,0.000901
24694,,7,1,0,1,1,0,1,0,0,0,0,0,0.000901
24695,,7,1,0,1,1,0,1,0,0,0,0,0,0.000901
16561,,7,1,2,3,1,2,3,8,0.265855,0.277205,114.104944,0.333333,0.000901
27605,,7,1,0,1,1,0,1,0,0,0,0,0,0.000901
30477,,7,2,0,2,2,0,2,0,0,0,0,0.5,0.001542
22123,,69,1,1,2,1,1,2,10,0.162295,0.164913,284.143113,0,0.000901
19482,,7,2,0,2,2,0,2,0,0,0,0,0.5,0.000585
4752,,2,2,0,2,2,0,2,0,0,0,0,0.5,0.001132
7514,,7,1,0,1,1,0,1,0,0,0,0,0,0.000951
8215,,148,1,2,3,1,2,3,9,0.227167,0.234566,25975,0,0.000951
9848,,7,1,4,5,1,4,5,8,0.235225,0.24334,153.071681,0.25,0.000951
4753,,2,1,4,5,1,4,5,9,0.220185,0.226936,26071.405927,0.1,0.000951
23958,,7,1,0,1,1,0,1,0,0,0,0,0,0.000951
28992,,7,1,0,1,1,0,1,0,0,0,0,0,0.000951
1819,,16,0,1,1,0,1,1,9,0.211454,0.217211,0,0,0
1820,,16,2,6,8,2,6,8,8,0.268142,0.280341,37651,0.238095,0.000347
11158,,16,2,1,3,2,1,3,9,0.211447,0.217196,25973,0,0.000481
1821,,7,2,13,15,2,13,15,8,0.257376,0.268084,131.694204,0.157143,0.000725
29397,,7,9,1,10,9,1,10,8,0.239167,0.246988,38493.382985,0.011111,0.00193
18047,,292,4,0,4,4,0,4,0,0,0,0,0.083333,0.001425
16213,,7,1,1,2,1,1,2,8,0.237157,0.244711,0,0,0.000916
16348,,7,1,19,20,1,19,20,8,0.288928,0.303344,702.652916,0.184211,0.000916
1823,,73,0,1,1,0,1,1,1,1,1,0,0,0
1824,,73,1,0,1,1,0,1,0,0,0,0,0,0.000168
23902,,39,2,3,5,2,3,5,8,0.239297,0.247522,496.879026,0.083333,0.00058
10033,,16,1,2,3,1,2,3,8,0.234952,0.242126,169.096948,0,0.000278
31352,,16,3,5,8,3,5,8,9,0.215238,0.222223,26581.182164,0.142857,0.000755
29477,,16,1,1,2,1,1,2,9,0.204118,0.209406,33.246748,0,0.000278
2726,,39,1,0,1,1,0,1,0,0,0,0,0,0.000188
21549,,16,2,1,3,2,1,3,8,0.230666,0.23771,1400.221667,0,0.000599
24610,,16,1,2,3,1,2,3,1,1,1,30160.883927,0,0.000431
35359,,16,1,0,1,1,0,1,0,0,0,0,0,0.000431
15890,,36,1,1,2,1,1,2,11,0.159904,0.16241,0,0.5,0.0002
17943,,36,1,1,2,1,1,2,9,0.201302,0.206394,0,0,0.0002
1832,,7,0,1,1,0,1,1,8,0.247779,0.256716,0,0,0
9985,,7,2,1,3,2,1,3,9,0.224574,0.231589,0,1,0.000594
9986,,7,2,2,4,2,2,4,8,0.232033,0.239784,0,1,0.000594
12492,,7,3,6,9,3,6,9,8,0.249791,0.260165,201.536955,0.410714,0.000855
12649,,7,1,1,2,1,1,2,9,0.224574,0.231589,0,1,0.000305
32575,,7,1,0,1,1,0,1,0,0,0,0,0,0.000305
27173,,7,2,2,4,2,2,4,9,0.224852,0.231866,147.493254,0.666667,0.000685
12416,,16,2,3,5,2,3,5,8,0.273681,0.285763,5325.441366,0.1,0.000792
16216,,16,1,1,2,1,1,2,9,0.217911,0.224694,10.19231,0,0.000295
21281,,16,1,0,1,1,0,1,0,0,0,0,0,0.000295
3618,,7,5,10,15,5,10,15,8,0.244773,0.254044,32721.209392,0.166667,0.001588
15719,,7,1,3,4,1,3,4,9,0.233483,0.24244,401.284102,0.5,0.000839
33431,,7,1,0,1,1,0,1,0,0,0,0,0,0.000839
32893,,7,2,2,4,2,2,4,9,0.223253,0.230461,241.32578,0.25,0.001007
32154,,7,2,1,3,2,1,3,9,0.216994,0.223505,36.978394,0,0.001007
8738,,39,2,0,2,2,0,2,0,0,0,0,0,0.000371
22305,,39,1,1,2,1,1,2,11,0.151096,0.15358,0,0,0.000203
16092,,7,1,0,1,1,0,1,0,0,0,0,0,0.00018
4231,,53,2,0,2,2,0,2,0,0,0,0,0,0.000778
21758,,53,1,0,1,1,0,1,0,0,0,0,0,0.00061
18747,,16,3,5,8,3,5,8,8,0.237118,0.246169,27372.011964,0.238095,0.001021
19939,,7,3,1,4,3,1,4,9,0.214178,0.220403,138.964863,0.25,0.001639
32024,,2,1,1,2,1,1,2,10,0.175914,0.179182,25974,0,0.00061
33865,,53,1,0,1,1,0,1,0,0,0,0,0,0.00061
4920,,53,1,5,6,1,5,6,8,0.260261,0.27112,3060.047869,0.033333,0.00061
2453,,32,5,4,9,5,4,9,9,0.2192,0.225965,149.445007,0.261905,0.00107
4791,,32,2,4,6,2,4,6,9,0.219205,0.225983,2.142857,0.5,0.000553
8632,,32,1,0,1,1,0,1,0,0,0,0,0,0.000359
9641,,32,1,1,2,1,1,2,9,0.219187,0.225868,0,0,0.000359
3920,,32,5,3,8,5,3,8,8,0.234519,0.24174,1807.259122,0.166667,0.001122
17667,,32,2,0,2,2,0,2,0,0,0,0,0,0.000527
17334,,32,1,1,2,1,1,2,9,0.219187,0.225868,0,0,0.000359
25090,,32,1,0,1,1,0,1,0,0,0,0,0,0.000359
27469,,32,4,3,7,4,3,7,9,0.219195,0.22593,25977.619048,0.3,0.000901
27899,,32,2,1,3,2,1,3,1,1,1,25976,0.333333,0.000553
28486,,32,1,0,1,1,0,1,0,0,0,0,0,0.000359
27304,,7,2,0,2,2,0,2,0,0,0,0,0,0.000605
31995,,32,1,0,1,1,0,1,0,0,0,0,0,0.000359
33097,,32,1,0,1,1,0,1,0,0,0,0,0,0.000359
3079,,1,1,1,2,1,1,2,8,0.230855,0.238672,0,0.5,0.000185
1848,,7,0,3,3,0,3,3,9,0.200283,0.204693,0,0,0
1849,,2,1,4,5,1,4,5,9,0.201842,0.207049,0,0.4,0.000295
2148,,7,5,6,11,5,6,11,8,0.263947,0.275472,5124.941074,0.232143,0.001331
1851,,16,0,1,1,0,1,1,9,0.217239,0.223768,0,0,0
3579,,16,1,1,2,1,1,2,9,0.228161,0.23566,0,0,0.000665
9597,,16,1,0,1,1,0,1,0,0,0,0,0,0.000665
10212,,67,2,1,3,2,1,3,9,0.218338,0.225147,18980.361733,0,0.000833
20129,,16,1,2,3,1,2,3,9,0.226203,0.233338,13.885026,0,0.000665
24116,,16,1,0,1,1,0,1,0,0,0,0,0,0.000665
24177,,16,1,0,1,1,0,1,0,0,0,0,0,0.000665
10026,,67,2,0,2,2,0,2,0,0,0,0,0,0.000833
27461,,16,1,0,1,1,0,1,0,0,0,0,0,0.000665
29970,,16,1,0,1,1,0,1,0,0,0,0,0,0.000665
24337,,16,4,0,4,4,0,4,0,0,0,0,0.25,0.001842
1857,,7,0,2,2,0,2,2,8,0.229265,0.236705,0,0.5,0
4801,,16,1,1,2,1,1,2,9,0.215768,0.222205,0,0,0.000685
3711,,16,6,3,9,6,3,9,9,0.215786,0.222302,63626.5,0.2,0.001595
7149,,16,1,3,4,1,3,4,9,0.215786,0.222302,0,1,0.000685
17177,,16,2,2,4,2,2,4,10,0.177498,0.1811,1,0.5,0.000908
17279,,16,3,0,3,3,0,3,0,0,0,0,0.166667,0.001037
31848,,16,1,0,1,1,0,1,0,0,0,0,0,0.000685
34324,,16,1,0,1,1,0,1,0,0,0,0,0,0.000685
1859,,1,0,1,1,0,1,1,8,0.232191,0.239323,0,0,0
26511,,1,3,6,9,3,6,9,8,0.241316,0.249955,25975,0.466667,0.00098
8102,,1,5,8,13,5,8,13,8,0.247772,0.257829,1939.276005,0.188889,0.001341
27150,,1,1,0,1,1,0,1,0,0,0,0,0,0.000565
30294,,1,1,0,1,1,0,1,0,0,0,0,0,0.000565
32568,,1,1,0,1,1,0,1,0,0,0,0,0,0.000565
7555,,7,2,0,2,2,0,2,0,0,0,0,0,0.000966
4587,,36,1,2,3,1,2,3,9,0.21158,0.217446,37.82653,0.333333,0.000713
6531,,67,2,3,5,2,3,5,9,0.217891,0.224704,7559.319018,0.083333,0.000475
9025,,67,1,0,1,1,0,1,0,0,0,0,0,0.000198
12073,,67,1,0,1,1,0,1,0,0,0,0,0,0.000198
15579,,67,2,0,2,2,0,2,0,0,0,0,0.5,0.000475
15877,,67,1,0,1,1,0,1,0,0,0,0,0,0.000198
18171,,67,1,0,1,1,0,1,0,0,0,0,0,0.000198
18365,,67,1,0,1,1,0,1,0,0,0,0,0,0.000198
20252,,67,1,0,1,1,0,1,0,0,0,0,0,0.000198
21196,,67,1,0,1,1,0,1,0,0,0,0,0,0.000198
24539,,67,2,0,2,2,0,2,0,0,0,0,0,0.000366
24772,,67,1,0,1,1,0,1,0,0,0,0,0,0.000198
26112,,67,1,0,1,1,0,1,0,0,0,0,0,0.000198
26919,,67,1,0,1,1,0,1,0,0,0,0,0,0.000198
27746,,67,1,0,1,1,0,1,0,0,0,0,0,0.000198
28454,,67,1,0,1,1,0,1,0,0,0,0,0,0.000198
30875,,67,1,0,1,1,0,1,0,0,0,0,0,0.000198
31518,,67,1,0,1,1,0,1,0,0,0,0,0,0.000198
33321,,67,1,0,1,1,0,1,0,0,0,0,0,0.000198
33589,,67,1,0,1,1,0,1,0,0,0,0,0,0.000198
34259,,67,1,0,1,1,0,1,0,0,0,0,0,0.000198
34448,,67,1,0,1,1,0,1,0,0,0,0,0,0.000198
34478,,67,1,0,1,1,0,1,0,0,0,0,0,0.000198
22300,,67,3,1,4,3,1,4,9,0.211073,0.216731,82.906475,0.083333,0.000545
35234,,67,1,0,1,1,0,1,0,0,0,0,0,0.000198
35535,,67,1,0,1,1,0,1,0,0,0,0,0,0.000198
35653,,67,1,0,1,1,0,1,0,0,0,0,0,0.000198
35764,,67,1,0,1,1,0,1,0,0,0,0,0,0.000198
16222,,67,2,0,2,2,0,2,0,0,0,0,0,0.000453
13450,,16,5,9,14,5,9,14,8,0.247093,0.256785,55044.414585,0.102564,0.002379
7178,,7,6,0,6,6,0,6,0,0,0,0,0,0.001388
2002,,7,2,7,9,2,7,9,8,0.249417,0.259134,83.333146,0.214286,0.000899
7347,,7,1,0,1,1,0,1,0,0,0,0,0,0.000601
16718,,7,2,3,5,2,3,5,8,0.269996,0.282463,1039.221924,0.166667,0.000769
23412,,7,1,0,1,1,0,1,0,0,0,0,0,0.000601
31679,,16,1,0,1,1,0,1,0,0,0,0,0,0.000502
1870,,7,0,1,1,0,1,1,8,0.229128,0.236488,0,0,0
1872,,7,0,1,1,0,1,1,8,0.229128,0.236488,0,0,0
2213,,7,1,5,6,1,5,6,9,0.24944,0.259483,54.135888,0.166667,0.000284
5782,,7,1,0,1,1,0,1,0,0,0,0,0,0.000284
10700,,7,1,0,1,1,0,1,0,0,0,0,0,0.000284
7292,,7,4,7,11,4,7,11,8,0.271962,0.283864,3464.869233,0.081818,0.000927
8264,,81,4,15,19,4,15,19,8,0.271081,0.283121,536870.512088,0.108187,0.000927
27353,,7,1,0,1,1,0,1,0,0,0,0,0,0.000284
33491,,7,1,0,1,1,0,1,0,0,0,0,0,0.000284
11879,,8,2,1,3,2,1,3,2,0.666667,0.75,25978,0,0.000452
9507,,7,1,0,1,1,0,1,0,0,0,0,0,0.000714
12635,,7,4,2,6,4,2,6,9,0.238455,0.246954,20253.476793,0.15,0.001575
1962,,7,5,12,17,5,12,17,8,0.250953,0.261184,119324.208306,0.128788,0.001474
20479,,7,1,0,1,1,0,1,0,0,0,0,0,0.000714
22057,,7,1,0,1,1,0,1,0,0,0,0,0,0.000714
29535,,7,1,0,1,1,0,1,0,0,0,0,0,0.000714
28048,,7,1,2,3,1,2,3,9,0.22802,0.235486,0,1,0.000714
34370,,7,1,1,2,1,1,2,9,0.228017,0.23546,0,0,0.000714
30644,,16,3,7,10,3,7,10,8,0.255112,0.26592,25225.501526,0.232143,0.004253
35692,,7,1,0,1,1,0,1,0,0,0,0,0,0.000714
7133,,16,1,2,3,1,2,3,9,0.222259,0.228869,0,1,0.000334
29862,,16,1,0,1,1,0,1,0,0,0,0,0,0.000334
30633,,16,1,0,1,1,0,1,0,0,0,0,0,0.000334
1877,,65,1,2,3,1,2,3,9,0.191907,0.19609,81.828523,0.166667,0.000168
15475,,12,7,0,7,7,0,7,0,0,0,0,0,0.001308
30545,,7,2,0,2,2,0,2,0,0,0,0,0,0.000775
17056,,7,1,1,2,1,1,2,9,0.203877,0.20883,0,0,0.000434
33153,,7,1,0,1,1,0,1,0,0,0,0,0,0.000278
33209,,7,1,0,1,1,0,1,0,0,0,0,0,0.000278
7851,,7,1,2,3,1,2,3,8,0.232724,0.240637,69.807484,0,0.000609
14177,,12,2,3,5,2,3,5,9,0.207289,0.212434,51754.034563,0,0.00082
5046,,7,1,4,5,1,4,5,9,0.228893,0.236335,5536.115075,0.2,0.000581
24715,,7,1,2,3,1,2,3,9,0.219558,0.226332,0,1,0.000581
8651,,36,3,9,12,3,9,12,8,0.264741,0.276654,2127.304934,0.189394,0.00068
4889,,14,1,0,1,1,0,1,0,0,0,0,0,0.000286
18132,,14,1,0,1,1,0,1,0,0,0,0,0,0.000286
15529,,16,1,0,1,1,0,1,0,0,0,0,0,0.000264
21025,,16,1,1,2,1,1,2,8,0.237378,0.246859,126.595781,0,0.000264
13664,,16,3,3,6,3,3,6,8,0.250379,0.261095,1177.558871,0.25,0.00091
1890,,7,1,3,4,1,3,4,8,0.239443,0.247392,1725.090016,0,0.000386
14891,,7,2,0,2,2,0,2,0,0,0,0,0.5,0.000629
4352,,7,5,1,6,5,1,6,9,0.201654,0.207167,18997.067282,0,0.001569
13180,,16,1,0,1,1,0,1,0,0,0,0,0,0.000246
1892,,7,0,1,1,0,1,1,9,0.200066,0.204368,0,0,0
4712,,7,1,0,1,1,0,1,0,0,0,0,0,0.001699
7211,,14,2,0,2,2,0,2,0,0,0,0,0,0.002156
19230,,41,1,1,2,1,1,2,9,0.225461,0.232207,0,0.5,0.001699
9069,,7,3,3,6,3,3,6,9,0.229941,0.237445,995.156277,0.033333,0.005294
28671,,7,1,0,1,1,0,1,0,0,0,0,0,0.001699
10069,,7,2,3,5,2,3,5,8,0.263884,0.274914,49731.693284,0.666667,0.001888
31372,,7,2,6,8,2,6,8,8,0.271159,0.283074,8684.834721,0.238095,0.001877
34120,,7,1,0,1,1,0,1,0,0,0,0,0,0.001699
1894,,7,0,1,1,0,1,1,8,0.265449,0.276753,0,0,0
1895,,7,0,1,1,0,1,1,9,0.224977,0.231842,0,0,0
5138,,39,1,0,1,1,0,1,0,0,0,0,0,0.000178
2580,,39,1,1,2,1,1,2,9,0.205906,0.211637,627.358015,0,0.000178
2613,,7,2,6,8,2,6,8,8,0.252001,0.261746,19197.673518,0.071429,0.000426
3853,,7,1,2,3,1,2,3,9,0.194417,0.199251,1.166667,0,0.000242
15207,,7,1,6,7,1,6,7,8,0.274308,0.286178,3173.3666,0.02381,0.000298
14069,,1,8,2,10,8,2,10,9,0.238827,0.247455,49286.791032,0.033333,0.001626
27678,,1,1,0,1,1,0,1,0,0,0,0,0,0.000298
8149,,7,5,2,7,5,2,7,8,0.262358,0.273554,3225.028591,0.095238,0.001662
26279,,7,1,0,1,1,0,1,0,0,0,0,0,0.00038
16620,,7,1,0,1,1,0,1,0,0,0,0,0,0.000663
25458,,16,1,1,2,1,1,2,8,0.22901,0.236303,0,0.5,0.000663
8567,,7,1,1,2,1,1,2,9,0.20494,0.210024,0,0,0.000237
1911,,74,0,1,1,0,1,1,1,1,1,0,0,0
1912,,74,1,0,1,1,0,1,0,0,0,0,0,0.000168
5115,,7,1,0,1,1,0,1,0,0,0,0,0,0.000902
7949,,7,8,2,10,8,2,10,9,0.217072,0.223515,488.221689,0.194444,0.003149
34152,,7,1,0,1,1,0,1,0,0,0,0,0,0.000902
1914,,7,0,2,2,0,2,2,8,0.231276,0.238818,0,0,0
10941,,7,1,3,4,1,3,4,8,0.26322,0.274461,332.686299,0.333333,0.000355
6548,,7,3,3,6,3,3,6,8,0.234551,0.24304,621.530265,0.45,0.003462
10296,,7,3,6,9,3,6,9,8,0.270477,0.282253,3657.171365,0.069444,0.001354
13884,,7,1,1,2,1,1,2,10,0.171626,0.174648,63.530687,0,0.000614
18697,,1,1,0,1,1,0,1,0,0,0,0,0,0.000388
35519,,1,1,0,1,1,0,1,0,0,0,0,0,0.000388
1924,,7,3,1,4,3,1,4,9,0.209969,0.21519,18978.818603,0.25,0.00178
3321,,7,2,2,4,2,2,4,9,0.224839,0.232026,18850.104125,0.166667,0.000469
4031,,7,1,2,3,1,2,3,9,0.221363,0.227942,25974,0.5,0.000301
19335,,7,1,0,1,1,0,1,0,0,0,0,0,0.000422
31632,,7,1,2,3,1,2,3,9,0.216398,0.222524,0,0.5,0.000422
1926,,7,9,13,22,9,13,22,8,0.275407,0.287704,125375.080267,0.04902,0.001884
10281,,7,3,2,5,3,2,5,9,0.217778,0.223668,1.19824,0.666667,0.000646
3700,,7,3,5,8,3,5,8,8,0.234452,0.243235,18213.454567,0.133333,0.003022
27820,,7,2,0,2,2,0,2,0,0,0,0,1,0.000436
28345,,7,2,1,3,2,1,3,9,0.216807,0.223199,18847.080203,0,0.000382
10495,,7,1,0,1,1,0,1,0,0,0,0,0,0.000337
17366,,7,1,0,1,1,0,1,0,0,0,0,0,0.000241
17159,,7,3,0,3,3,0,3,0,0,0,0,0,0.000907
18966,,7,4,5,9,4,5,9,8,0.252759,0.262778,510.70088,0.232143,0.001222
1933,,7,0,1,1,0,1,1,8,0.262756,0.273466,0,0,0
1935,,12,0,2,2,0,2,2,9,0.215433,0.221805,0,0,0
2748,,12,1,5,6,1,5,6,8,0.272023,0.285153,14980.721205,0.266667,0.000168
9395,,7,1,0,1,1,0,1,0,0,0,0,0,0.000706
10837,,7,1,0,1,1,0,1,0,0,0,0,0,0.000706
16040,,1,2,0,2,2,0,2,0,0,0,0,0,0.000874
23374,,407,1,2,3,1,2,3,8,0.2423,0.250637,25975,0,0.000706
28300,,2,1,4,5,1,4,5,8,0.244831,0.25351,1410.354467,0.416667,0.000706
34237,,7,1,0,1,1,0,1,0,0,0,0,0,0.000706
22179,,7,1,1,2,1,1,2,8,0.242294,0.250601,0,0,0.000706
34911,,7,1,0,1,1,0,1,0,0,0,0,0,0.000706
8341,,69,5,3,8,5,3,8,8,0.233099,0.24145,399.136989,0.52381,0.001144
22629,,12,1,1,2,1,1,2,10,0.164897,0.168024,113.394905,0,0.000233
25568,,7,1,2,3,1,2,3,9,0.226054,0.233039,0,1,0.000233
12253,,7,1,3,4,1,3,4,9,0.231411,0.238763,1887.120844,0,0.000274
1942,,67,0,1,1,0,1,1,9,0.192422,0.196372,0,0,0
1943,,67,2,3,5,2,3,5,8,0.238259,0.245908,18954.554245,0,0.000385
18865,,41,3,1,4,3,1,4,10,0.180924,0.18491,0,0.666667,0.001141
23266,,41,2,0,2,2,0,2,0,0,0,0,1,0.000553
13265,,7,4,1,5,4,1,5,9,0.209702,0.21503,17.295835,0,0.001182
26618,,39,1,1,2,1,1,2,10,0.180927,0.184924,0,0.5,0.000288
1947,,7,0,1,1,0,1,1,9,0.214538,0.220531,0,0,0
26906,,16,1,0,1,1,0,1,0,0,0,0,0,0.000248
35625,,16,1,0,1,1,0,1,0,0,0,0,0,0.000248
3334,,16,2,2,4,2,2,4,8,0.234867,0.243227,0,1,0.001743
11494,,16,1,0,1,1,0,1,0,0,0,0,0,0.000553
13248,,504,3,1,4,3,1,4,1,1,1,25977,0,0.001571
13826,,16,1,2,3,1,2,3,8,0.244167,0.253402,56.439831,0.333333,0.00119
8984,,16,2,1,3,2,1,3,8,0.235817,0.242702,443.560546,0,0.001728
8624,,7,2,3,5,2,3,5,8,0.235428,0.242818,96.160579,0.05,0.001828
20941,,7,1,2,3,1,2,3,8,0.249186,0.259421,83.990892,0,0.00119
20563,,7,10,14,24,10,14,24,8,0.278664,0.292061,56779.526947,0.086957,0.004139
32526,,7,1,0,1,1,0,1,0,0,0,0,0,0.00119
16782,,7,2,2,4,2,2,4,9,0.201027,0.205906,40415.911449,0,0.001414
34178,,7,1,1,2,1,1,2,8,0.231329,0.239423,0,0,0.00119
32674,,7,1,0,1,1,0,1,0,0,0,0,0,0.000359
6721,,7,1,0,1,1,0,1,0,0,0,0,0,0.001066
19093,,12,1,1,2,1,1,2,10,0.18353,0.1874,902.186178,0.5,0.001066
3904,,53,1,1,2,1,1,2,9,0.213577,0.219382,0,1,0.001066
23052,,53,2,0,2,2,0,2,0,0,0,0,1,0.001293
9403,,12,3,1,4,3,1,4,9,0.224759,0.231961,0,0.666667,0.001427
24983,,7,1,0,1,1,0,1,0,0,0,0,0,0.001066
29164,,7,1,0,1,1,0,1,0,0,0,0,0,0.001066
30371,,12,5,0,5,5,0,5,0,0,0,0,0.05,0.001748
12018,,16,7,0,7,7,0,7,0,0,0,0,0.166667,0.001811
6929,,7,2,3,5,2,3,5,9,0.233512,0.241727,18544.374611,0.1,0.000404
9759,,53,1,3,4,1,3,4,9,0.218874,0.225341,194.100121,0,0.000227
28343,,53,1,0,1,1,0,1,0,0,0,0,0,0.000227
7123,,53,1,1,2,1,1,2,9,0.224761,0.23197,0,1,0.000227
1955,,1,0,1,1,0,1,1,9,0.222605,0.230046,0,0,0
1957,,7,0,3,3,0,3,3,8,0.255146,0.265608,0,0.333333,0
32118,,7,1,0,1,1,0,1,0,0,0,0,0,0.000198
35071,,7,1,0,1,1,0,1,0,0,0,0,0,0.000198
34750,,7,1,1,2,1,1,2,9,0.200612,0.205615,0,0,0.000198
12642,,7,1,0,1,1,0,1,0,0,0,0,0,0.000246
3566,,2,1,0,1,1,0,1,0,0,0,0,0,0.000217
5764,,2,2,2,4,2,2,4,9,0.20569,0.211004,0,1,0.000531
8547,,2,3,2,5,3,2,5,8,0.239993,0.247356,356.880307,0.4,0.000782
9944,,2,4,3,7,4,3,7,8,0.24991,0.259157,2614.917088,0.3,0.000967
13927,,2,2,1,3,2,1,3,10,0.180258,0.183811,0,0.5,0.00042
4524,,2,2,0,2,2,0,2,0,0,0,0,1,0.000566
5249,,2,1,2,3,1,2,3,9,0.20569,0.211004,0,1,0.000315
26822,,2,1,1,2,1,1,2,1,1,1,25976,0,0.000315
13297,,7,1,0,1,1,0,1,0,0,0,0,0,0.000186
28319,,2,1,3,4,1,3,4,8,0.233866,0.242039,124.748359,0.333333,0.000186
1969,,7,0,1,1,0,1,1,9,0.214673,0.220515,0,0,0
1970,,16,0,2,2,0,2,2,8,0.262054,0.273181,0,0,0
8568,,7,1,3,4,1,3,4,9,0.220786,0.227442,204.470355,0,0.000856
14462,,7,1,0,1,1,0,1,0,0,0,0,0,0.000856
15962,,7,1,0,1,1,0,1,0,0,0,0,0,0.000856
17186,,36,4,0,4,4,0,4,0,0,0,0,0,0.001456
10059,,53,2,3,5,2,3,5,9,0.220473,0.227395,15960.382463,0.05,0.001058
24454,,7,1,1,2,1,1,2,8,0.229883,0.237475,0,0,0.000856
24457,,7,1,1,2,1,1,2,8,0.229883,0.237475,0,0,0.000856
21219,,7,2,9,11,2,9,11,8,0.269903,0.282061,45069.262276,0.2,0.001024
29469,,7,1,0,1,1,0,1,0,0,0,0,0,0.000856
24528,,7,2,3,5,2,3,5,9,0.232119,0.240093,79.539967,0.166667,0.00126
27636,,7,1,4,5,1,4,5,8,0.235416,0.243708,417.650588,0.166667,0.000856
15248,,7,2,4,6,2,4,6,8,0.237699,0.245438,27793.759619,0,0.001029
3013,,1,1,3,4,1,3,4,8,0.231048,0.239173,25977.129565,0.25,0.000287
12195,,7,1,1,2,1,1,2,8,0.261476,0.272569,0,0.5,0.000287
1974,,7,0,1,1,0,1,1,8,0.262756,0.273466,0,0,0
21503,,7,3,1,4,3,1,4,1,1,1,89.706553,0.166667,0.001033
9999,,7,2,4,6,2,4,6,9,0.221292,0.227998,1467.85234,0.05,0.000851
11961,,7,1,0,1,1,0,1,0,0,0,0,0,0.000225
15863,,7,1,1,2,1,1,2,8,0.242828,0.251832,55.449246,0,0.000225
1981,,7,0,7,7,0,7,7,8,0.274899,0.287709,0,0.380952,0
2007,,16,1,0,1,1,0,1,0,0,0,0,0,0.000648
1984,,7,2,2,4,2,2,4,9,0.210879,0.216616,125.900804,0.333333,0.00043
16265,,7,1,0,1,1,0,1,0,0,0,0,0,0.000214
15903,,16,2,1,3,2,1,3,10,0.186979,0.191127,42.205512,0,0.000449
2578,,7,2,9,11,2,9,11,8,0.275306,0.287445,997.335946,0.118182,0.000948
8399,,7,1,0,1,1,0,1,0,0,0,0,0,0.000646
11528,,7,1,0,1,1,0,1,0,0,0,0,0,0.000646
22752,,7,1,2,3,1,2,3,9,0.228565,0.235891,96.359142,0,0.000646
1988,,7,3,2,5,3,2,5,9,0.202339,0.207021,209.643243,0.05,0.00124
1989,,41,0,1,1,0,1,1,1,1,1,0,0,0
8214,,7,1,0,1,1,0,1,0,0,0,0,0,0.001939
3318,,7,5,15,20,5,15,20,8,0.272229,0.284977,40212.4041,0.176471,0.003506
14484,,7,2,0,2,2,0,2,0,0,0,0,0,0.00215
19860,,7,1,0,1,1,0,1,0,0,0,0,0,0.001939
25139,,7,1,1,2,1,1,2,8,0.26374,0.274627,0,1,0.001939
27927,,7,1,0,1,1,0,1,0,0,0,0,0,0.001939
28071,,7,1,0,1,1,0,1,0,0,0,0,0,0.001939
28802,,7,1,0,1,1,0,1,0,0,0,0,0,0.001939
30663,,7,1,0,1,1,0,1,0,0,0,0,0,0.001939
27815,,7,2,1,3,2,1,3,8,0.235661,0.243091,61.57378,0.333333,0.002152
33289,,7,1,1,2,1,1,2,8,0.243993,0.252834,0,0,0.001939
17380,,7,2,0,2,2,0,2,0,0,0,0,0.5,0.000588
20269,,7,1,1,2,1,1,2,1,1,1,0,0.5,0.000413
1994,,7,0,7,7,0,7,7,8,0.27081,0.28273,0,0.261905,0
19794,,7,2,0,2,2,0,2,0,0,0,0,0,0.00051
30258,,7,1,1,2,1,1,2,8,0.245105,0.253557,0,1,0.000342
19105,,7,4,5,9,4,5,9,9,0.243126,0.252093,959.858833,0.357143,0.001456
28278,,7,1,0,1,1,0,1,0,0,0,0,0,0.000749
13368,,7,4,6,10,4,6,10,8,0.251198,0.2612,52720.75222,0.125,0.002947
31865,,7,1,0,1,1,0,1,0,0,0,0,0,0.000272
1998,,7,0,1,1,0,1,1,1,1,1,0,0,0
9400,,2,3,1,4,3,1,4,9,0.213005,0.218594,37664.6055,0,0.000605
16780,,2,1,0,1,1,0,1,0,0,0,0,0,0.000232
10169,,16,6,9,15,6,9,15,8,0.2522,0.263212,48703.025756,0.042857,0.001281
15750,,7,1,4,5,1,4,5,8,0.246259,0.255701,6.831753,0.35,0.000217
12934,,7,2,6,8,2,6,8,8,0.274828,0.287864,275.142144,0.25,0.000409
13396,,7,1,8,9,1,8,9,8,0.281966,0.294957,1343.381509,0.375,0.000191
31880,,7,2,0,2,2,0,2,0,0,0,0,1,0.000556
32090,,7,1,2,3,1,2,3,9,0.214769,0.220751,25975,0.333333,0.000345
2010,,41,0,1,1,0,1,1,9,0.200659,0.205454,0,0,0
2011,,7,0,1,1,0,1,1,9,0.216226,0.222399,0,0,0
19645,,36,1,1,2,1,1,2,9,0.209299,0.214673,0,0.5,0.000183
9971,,2,1,0,1,1,0,1,0,0,0,0,0,0.000293
14257,,2,2,2,4,2,2,4,10,0.162631,0.165315,25974.5,0.333333,0.000466
9537,,2,2,1,3,2,1,3,9,0.194207,0.198771,60.15143,0,0.000525
10181,,7,5,17,22,5,17,22,8,0.279363,0.293646,85747.423736,0.12619,0.002372
19507,,2,2,0,2,2,0,2,0,0,0,0,0,0.00066
25714,,2,1,0,1,1,0,1,0,0,0,0,0,0.000293
27184,,2,2,0,2,2,0,2,0,0,0,0,0.5,0.000472
8402,,16,14,17,31,14,17,31,8,0.260748,0.272166,250541.390685,0.056667,0.004464
8435,,12,3,2,5,3,2,5,9,0.199181,0.203998,26436.44435,0,0.002688
8644,,16,1,0,1,1,0,1,0,0,0,0,0,0.002044
9026,,16,1,3,4,1,3,4,8,0.237286,0.246089,0,0.833333,0.002044
9273,,16,1,3,4,1,3,4,9,0.235213,0.244551,114.619717,0.666667,0.002044
10430,,16,1,1,2,1,1,2,8,0.23616,0.244719,0,0,0.002044
11326,,16,1,0,1,1,0,1,0,0,0,0,0,0.002044
11872,,16,7,6,13,7,6,13,8,0.251047,0.261894,1999.02813,0.2,0.003591
12257,,16,1,0,1,1,0,1,0,0,0,0,0,0.002044
12753,,16,1,1,2,1,1,2,8,0.228133,0.235522,585.141774,0,0.002044
13382,,16,2,1,3,2,1,3,8,0.23616,0.244719,0,0.5,0.002261
13233,,16,13,7,20,13,7,20,8,0.237858,0.246891,137980.740073,0.090476,0.004478
14281,,16,2,2,4,2,2,4,8,0.236835,0.245541,0,0.833333,0.002237
15681,,16,1,0,1,1,0,1,0,0,0,0,0,0.002044
16693,,41,7,3,10,7,3,10,8,0.247821,0.256678,23819.329165,0.027778,0.004792
15708,,16,1,1,2,1,1,2,8,0.23616,0.244719,0,0,0.002044
17063,,16,3,3,6,3,3,6,8,0.274016,0.286059,2575.529663,0.666667,0.00248
18530,,16,1,2,3,1,2,3,8,0.236362,0.245028,67.57679,0,0.002044
13812,,16,1,1,2,1,1,2,8,0.23616,0.244719,0,0,0.002044
15647,,16,1,1,2,1,1,2,8,0.23616,0.244719,0,0,0.002044
20295,,16,3,2,5,3,2,5,8,0.236163,0.244746,0.5,0.666667,0.002465
20569,,16,2,1,3,2,1,3,9,0.206822,0.212249,0,1,0.002301
22446,,16,2,0,2,2,0,2,0,0,0,0,0.5,0.002212
16233,,16,3,2,5,3,2,5,1,1,1,26810.681005,0,0.00238
15362,,16,1,1,2,1,1,2,8,0.23616,0.244719,0,0,0.002044
23953,,16,1,6,7,1,6,7,8,0.239764,0.249182,11691.738684,0.333333,0.002044
15970,,16,4,4,8,4,4,8,8,0.236193,0.244848,8.027738,0.4,0.002643
30152,,16,1,1,2,1,1,2,8,0.23616,0.244719,0,0,0.002044
17985,,16,1,3,4,1,3,4,8,0.236838,0.245568,0,0.833333,0.002044
31540,,16,1,1,2,1,1,2,8,0.23616,0.244719,0,0,0.002044
33167,,16,2,2,4,2,2,4,8,0.236835,0.245541,0,1,0.002334
29731,,16,4,5,9,4,5,9,8,0.255535,0.267094,28169.800417,0.4,0.003631
34722,,16,1,1,2,1,1,2,8,0.23616,0.244719,0,0,0.002044
4485,,16,1,0,1,1,0,1,0,0,0,0,0,0.001178
7064,,16,1,1,2,1,1,2,8,0.227246,0.234747,0,0,0.001178
7643,,16,2,1,3,2,1,3,8,0.227246,0.234747,0,1,0.001361
5532,,16,1,2,3,1,2,3,8,0.259705,0.271224,912.593999,0.5,0.001178
11130,,16,1,0,1,1,0,1,0,0,0,0,0,0.001178
14552,,16,2,0,2,2,0,2,0,0,0,0,0,0.001351
14578,,67,5,6,11,5,6,11,8,0.233012,0.241381,80737.814091,0.152778,0.002208
17227,,16,1,0,1,1,0,1,0,0,0,0,0,0.001178
19223,,67,12,3,15,12,3,15,9,0.218338,0.225122,145695.660068,0.06044,0.003293
21631,,16,1,5,6,1,5,6,8,0.255604,0.265608,487.897363,0.1,0.001178
21104,,67,12,18,30,12,18,30,8,0.248995,0.259433,639062.67663,0.023333,0.003414
26038,,12,16,14,30,16,14,30,8,0.234245,0.242799,635513.501344,0.01087,0.004022
27218,,16,2,0,2,2,0,2,0,0,0,0,1,0.001396
26306,,67,19,4,23,19,4,23,9,0.211466,0.217693,253852.320633,0.018421,0.004591
29518,,16,1,0,1,1,0,1,0,0,0,0,0,0.001178
31020,,16,1,0,1,1,0,1,0,0,0,0,0,0.001178
31479,,16,1,1,2,1,1,2,9,0.219612,0.225767,32.190677,0,0.001178
5686,,65,3,4,7,3,4,7,8,0.237277,0.245127,29828.278908,0.1,0.000577
2017,,14,0,3,3,0,3,3,8,0.239447,0.247614,0,0,0
14231,,1,2,0,2,2,0,2,0,0,0,0,0,0.000398
2020,,1,0,7,7,0,7,7,8,0.265565,0.277205,0,0.285714,0
12806,,7,1,0,1,1,0,1,0,0,0,0,0,0.000193
17718,,7,1,4,5,1,4,5,8,0.231042,0.238757,26297.992818,0,0.000193
2026,,7,0,1,1,0,1,1,8,0.224983,0.23254,0,0,0
2028,,7,1,0,1,1,0,1,0,0,0,0,0,0.000365
7778,,7,1,5,6,1,5,6,8,0.237918,0.246088,234.595866,0.033333,0.000222
9526,,2,2,0,2,2,0,2,0,0,0,0,0.5,0.000515
7366,,7,1,0,1,1,0,1,0,0,0,0,0,0.000493
11830,,36,1,2,3,1,2,3,9,0.215002,0.221018,193.753303,0.166667,0.000493
6905,,16,1,1,2,1,1,2,9,0.227719,0.235169,0,1,0.000364
2992,,16,1,1,2,1,1,2,9,0.224807,0.232231,100.220485,0,0.000241
5346,,16,5,3,8,5,3,8,8,0.245831,0.255899,6106.514961,0.047619,0.002675
3485,,16,2,5,7,2,5,7,8,0.244738,0.255047,2179.917151,0.166667,0.001136
27763,,16,4,5,9,4,5,9,9,0.229992,0.237806,27172.847071,0.125,0.001114
2038,,41,0,1,1,0,1,1,9,0.205798,0.211371,0,0,0
25965,,41,1,0,1,1,0,1,0,0,0,0,0,0.000217
30865,,41,3,1,4,3,1,4,9,0.193369,0.197527,3.304701,0.333333,0.000801
2750,,16,3,2,5,3,2,5,8,0.240505,0.248721,955.816211,0.35,0.00076
3324,,16,2,2,4,2,2,4,9,0.218252,0.225064,3.471811,0.333333,0.000586
19086,,16,1,0,1,1,0,1,0,0,0,0,0,0.000335
9190,,16,3,1,4,3,1,4,9,0.203232,0.208448,0,0.666667,0.001043
2043,,14,0,1,1,0,1,1,8,0.25615,0.266929,0,0,0
2044,,7,0,4,4,0,4,4,8,0.264446,0.275465,0,0.5,0
13776,,39,2,2,4,2,2,4,9,0.214204,0.220483,1061.411763,0.166667,0.000438
4337,,16,4,5,9,4,5,9,9,0.233318,0.241319,38430.605444,0.089286,0.001012
34227,,16,1,0,1,1,0,1,0,0,0,0,0,0.00039
24062,,2,3,2,5,3,2,5,9,0.193931,0.197946,38.276928,0.666667,0.000881
27105,,2,1,0,1,1,0,1,0,0,0,0,0,0.000229
4769,,14,1,0,1,1,0,1,0,0,0,0,0,0.000211
31102,,7,10,0,10,10,0,10,0,0,0,0,0.055556,0.002145
2052,,7,0,2,2,0,2,2,8,0.245873,0.254056,0,0.5,0
4080,,7,1,1,2,1,1,2,1,1,1,52.800115,0,0.000604
12732,,7,1,0,1,1,0,1,0,0,0,0,0,0.000604
22750,,7,1,0,1,1,0,1,0,0,0,0,0,0.000604
31404,,67,1,0,1,1,0,1,0,0,0,0,0,0.000197
2066,,1,3,6,9,3,6,9,8,0.232388,0.240073,6510.125887,0.4,0.002106
4425,,1,1,0,1,1,0,1,0,0,0,0,0,0.001109
8963,,1,1,0,1,1,0,1,0,0,0,0,0,0.001109
14509,,1,1,0,1,1,0,1,0,0,0,0,0,0.001109
6078,,1,3,3,6,3,3,6,9,0.217674,0.223987,19236.57858,0.25,0.001473
26698,,1,1,0,1,1,0,1,0,0,0,0,0,0.001109
32041,,1,1,0,1,1,0,1,0,0,0,0,0,0.001109
33985,,1,1,0,1,1,0,1,0,0,0,0,0,0.001109
13068,,1,1,0,1,1,0,1,0,0,0,0,0,0.000231
14704,,1,1,0,1,1,0,1,0,0,0,0,0,0.000231
18544,,16,2,2,4,2,2,4,9,0.220771,0.227606,27.325906,0.5,0.000501
27745,,16,1,0,1,1,0,1,0,0,0,0,0,0.000248
32018,,16,1,0,1,1,0,1,0,0,0,0,0,0.000248
6079,,1,5,6,11,5,6,11,8,0.237187,0.245588,22099.339966,0.194444,0.00125
28763,,1,3,0,3,3,0,3,0,0,0,0,0.333333,0.000668
20377,,1,1,2,3,1,2,3,9,0.224002,0.231065,0,1,0.000302
8016,,14,1,0,1,1,0,1,0,0,0,0,0,0.000696
15947,,14,1,1,2,1,1,2,8,0.227463,0.234543,0,0,0.000696
21779,,14,1,0,1,1,0,1,0,0,0,0,0,0.000696
24162,,14,1,0,1,1,0,1,0,0,0,0,0,0.000696
2074,,16,0,1,1,0,1,1,10,0.178808,0.182316,0,0,0
25176,,41,1,4,5,1,4,5,8,0.25893,0.270396,26069.666394,0.15,0.000194
4943,,16,1,1,2,1,1,2,10,0.184889,0.188741,0,0,0.000373
2080,,1,2,3,5,2,3,5,8,0.234861,0.243554,9794.819666,0.25,0.000357
10619,,1,1,1,2,1,1,2,9,0.21932,0.225992,37.499112,0,0.000189
14292,,36,2,2,4,2,2,4,9,0.214,0.220324,25974,0.333333,0.000524
30619,,36,1,0,1,1,0,1,0,0,0,0,0,0.000351
12403,,36,1,1,2,1,1,2,9,0.2008,0.205197,18825.532258,0,0.000181
11889,,7,4,3,7,4,3,7,8,0.248446,0.258051,200.558522,0.166667,0.001392
7472,,53,1,2,3,1,2,3,9,0.191142,0.195303,25989.100172,0,0.000188
2663,,53,1,2,3,1,2,3,9,0.222367,0.229284,182.464933,0,0.000188
30616,,7,1,0,1,1,0,1,0,0,0,0,0,0.000205
4570,,41,1,1,2,1,1,2,9,0.226956,0.23394,0,0,0.000533
2835,,16,2,1,3,2,1,3,9,0.209245,0.214858,0,1,0.00084
12402,,1,3,0,3,3,0,3,0,0,0,0,0,0.000869
12809,,41,1,1,2,1,1,2,9,0.226956,0.23394,0,0,0.000533
2088,,14,3,9,12,3,9,12,8,0.260867,0.272897,115579.992573,0.255556,0.00072
2089,,14,2,0,2,2,0,2,0,0,0,0,0.5,0.000353
3135,,14,1,2,3,1,2,3,9,0.206902,0.212686,25975,0,0.000185
2309,,16,3,7,10,3,7,10,8,0.238951,0.248386,73002.077426,0.071429,0.000835
3891,,16,2,0,2,2,0,2,0,0,0,0,1,0.000669
8154,,16,1,0,1,1,0,1,0,0,0,0,0,0.000479
15810,,16,2,0,2,2,0,2,0,0,0,0,0,0.000672
2336,,16,4,14,18,4,14,18,8,0.261963,0.273592,48704.842257,0.077206,0.001007
21539,,16,1,0,1,1,0,1,0,0,0,0,0,0.000479
18955,,16,4,0,4,4,0,4,0,0,0,0,0.166667,0.00168
20268,,16,1,2,3,1,2,3,9,0.221803,0.229003,32.551707,0,0.000479
18920,,16,3,3,6,3,3,6,8,0.237669,0.245792,1134.796053,0,0.000899
29404,,16,1,0,1,1,0,1,0,0,0,0,0,0.000479
2095,,7,1,1,2,1,1,2,9,0.229021,0.236607,0,0,0.000461
6426,,7,2,5,7,2,5,7,8,0.252123,0.261678,52211.591238,0.066667,0.000629
13466,,41,1,1,2,1,1,2,9,0.232862,0.240484,77.731132,0,0.000461
20035,,7,1,3,4,1,3,4,8,0.241427,0.250124,224.193001,0.166667,0.000461
12758,,7,4,8,12,4,8,12,8,0.25359,0.26322,2206.837724,0.1,0.001607
20036,,7,1,0,1,1,0,1,0,0,0,0,0,0.000461
20038,,7,1,0,1,1,0,1,0,0,0,0,0,0.000461
2097,,7,0,3,3,0,3,3,8,0.26212,0.273341,0,0,0
12989,,7,2,2,4,2,2,4,8,0.236433,0.244961,104.258241,0.333333,0.000509
8025,,16,2,8,10,2,8,10,8,0.268613,0.280787,850.925051,0.166667,0.000733
14503,,7,1,1,2,1,1,2,9,0.234955,0.243882,5.777875,0,0.00041
17520,,7,1,2,3,1,2,3,8,0.250472,0.260301,79.076401,0.5,0.00041
18618,,7,1,3,4,1,3,4,9,0.21727,0.223978,11.238138,0.166667,0.00041
9619,,7,4,3,7,4,3,7,8,0.239629,0.247132,1421.085499,0.071429,0.001032
2101,,7,0,1,1,0,1,1,8,0.24045,0.247995,0,0,0
11022,,53,2,1,3,2,1,3,1,1,1,10724.933491,0,0.000738
24347,,41,5,12,17,5,12,17,8,0.273181,0.286046,114368.675242,0.076923,0.001618
5101,,32,5,8,13,5,8,13,8,0.264232,0.27616,76865.99134,0.060606,0.001344
2778,,16,1,0,1,1,0,1,0,0,0,0,0,0.000324
2110,,2,0,12,12,0,12,12,8,0.23881,0.247325,0,0.128788,0
4501,,2,1,0,1,1,0,1,0,0,0,0,0,0.000168
24376,,2,4,0,4,4,0,4,0,0,0,0,0.25,0.000806
8874,,2,1,2,3,1,2,3,8,0.237918,0.246021,0,1,0.000295
9405,,2,1,4,5,1,4,5,8,0.237924,0.246074,6.85873,0.5,0.000295
22286,,2,1,0,1,1,0,1,0,0,0,0,0,0.000295
33131,,2,1,0,1,1,0,1,0,0,0,0,0,0.000295
33457,,2,1,1,2,1,1,2,9,0.208245,0.21405,0,0,0.000295
3654,,7,3,0,3,3,0,3,0,0,0,0,0.166667,0.001259
3758,,7,1,1,2,1,1,2,8,0.27219,0.283723,0,0.5,0.000367
4438,,16,1,2,3,1,2,3,9,0.224311,0.231079,4.625706,0,0.000367
5370,,7,5,0,5,5,0,5,0,0,0,0,0.05,0.001198
5892,,7,2,0,2,2,0,2,0,0,0,0,0,0.000536
7822,,7,1,0,1,1,0,1,0,0,0,0,0,0.000367
8035,,7,1,0,1,1,0,1,0,0,0,0,0,0.000367
8125,,7,1,2,3,1,2,3,9,0.250622,0.261016,25990.179468,0,0.000367
8141,,7,1,0,1,1,0,1,0,0,0,0,0,0.000367
8614,,7,1,0,1,1,0,1,0,0,0,0,0,0.000367
9334,,12,3,0,3,3,0,3,0,0,0,0,0,0.001384
9661,,7,1,0,1,1,0,1,0,0,0,0,0,0.000367
6561,,53,6,3,9,6,3,9,8,0.263275,0.274154,59862.286499,0.071429,0.001909
10052,,7,2,1,3,2,1,3,1,1,1,25976,0,0.000726
10501,,7,2,0,2,2,0,2,0,0,0,0,0,0.000536
10573,,69,6,7,13,6,7,13,8,0.265155,0.276427,2047.544736,0.054545,0.001867
8460,,7,1,2,3,1,2,3,8,0.26276,0.273494,0.060337,0.333333,0.000367
11007,,7,2,0,2,2,0,2,0,0,0,0,0,0.000726
11045,,7,2,0,2,2,0,2,0,0,0,0,1,0.000591
11229,,7,1,0,1,1,0,1,0,0,0,0,0,0.000367
11539,,7,1,0,1,1,0,1,0,0,0,0,0,0.000367
11682,,7,1,0,1,1,0,1,0,0,0,0,0,0.000367
8303,,7,1,1,2,1,1,2,8,0.261476,0.272569,0,0.5,0.000367
11853,,36,1,1,2,1,1,2,9,0.184372,0.188481,0,0.5,0.000367
12358,,7,1,0,1,1,0,1,0,0,0,0,0,0.000367
9877,,7,2,11,13,2,11,13,8,0.279554,0.292987,309.622716,0.325758,0.000971
12750,,7,1,0,1,1,0,1,0,0,0,0,0,0.000367
13187,,7,1,0,1,1,0,1,0,0,0,0,0,0.000367
13359,,7,1,0,1,1,0,1,0,0,0,0,0,0.000367
14136,,7,1,0,1,1,0,1,0,0,0,0,0,0.000367
14304,,7,1,0,1,1,0,1,0,0,0,0,0,0.000367
14338,,7,1,0,1,1,0,1,0,0,0,0,0,0.000367
14519,,7,1,0,1,1,0,1,0,0,0,0,0,0.000367
7618,,7,5,2,7,5,2,7,8,0.261778,0.272257,20220.676261,0.047619,0.001704
15486,,7,2,0,2,2,0,2,0,0,0,0,0,0.000536
16291,,7,1,0,1,1,0,1,0,0,0,0,0,0.000367
11746,,69,3,5,8,3,5,8,8,0.262453,0.273732,53852.250401,0.119048,0.000815
8847,,7,2,1,3,2,1,3,9,0.226165,0.233248,0,0.333333,0.000726
16576,,7,1,1,2,1,1,2,9,0.188224,0.191809,0.527483,0,0.000367
16602,,7,3,1,4,3,1,4,9,0.209702,0.21503,18828.791929,0,0.000704
17153,,7,1,1,2,1,1,2,8,0.262757,0.273467,0,0.5,0.000367
17984,,67,2,1,3,2,1,3,9,0.221971,0.229198,19295.007911,0,0.000536
7774,,7,1,1,2,1,1,2,8,0.262757,0.273467,0,0.5,0.000367
18357,,7,1,0,1,1,0,1,0,0,0,0,0,0.000367
18405,,7,3,1,4,3,1,4,9,0.209702,0.21503,18831.42551,0,0.000821
19044,,7,1,0,1,1,0,1,0,0,0,0,0,0.000367
19196,,7,1,0,1,1,0,1,0,0,0,0,0,0.000367
16908,,7,1,1,2,1,1,2,10,0.179157,0.182315,0,0.5,0.000367
19855,,7,2,0,2,2,0,2,0,0,0,0,0,0.000726
19883,,7,1,0,1,1,0,1,0,0,0,0,0,0.000367
20108,,7,1,0,1,1,0,1,0,0,0,0,0,0.000367
20124,,7,1,0,1,1,0,1,0,0,0,0,0,0.000367
8584,,16,2,1,3,2,1,3,8,0.24443,0.254489,0,0.5,0.000714
20234,,7,2,0,2,2,0,2,0,0,0,0,0,0.000536
9209,,7,1,1,2,1,1,2,9,0.218197,0.224518,0,0.5,0.000367
13824,,7,6,0,6,6,0,6,0,0,0,0,0.066667,0.001633
21085,,7,1,0,1,1,0,1,0,0,0,0,0,0.000367
21195,,7,1,0,1,1,0,1,0,0,0,0,0,0.000367
21421,,7,2,0,2,2,0,2,0,0,0,0,0,0.000633
21637,,7,1,0,1,1,0,1,0,0,0,0,0,0.000367
15993,,7,2,0,2,2,0,2,0,0,0,0,0,0.000726
2480,,1,1,1,2,1,1,2,1,1,1,2232.592035,0,0.000367
22348,,7,1,0,1,1,0,1,0,0,0,0,0,0.000367
8185,,7,2,0,2,2,0,2,0,0,0,0,0,0.000846
8841,,7,1,3,4,1,3,4,8,0.262779,0.273552,122.609734,0.083333,0.000367
22577,,7,1,0,1,1,0,1,0,0,0,0,0,0.000367
22606,,7,2,0,2,2,0,2,0,0,0,0,0,0.000788
22634,,7,2,1,3,2,1,3,9,0.219727,0.226388,106.119045,0,0.000634
22980,,7,1,1,2,1,1,2,8,0.262757,0.273467,0,0.5,0.000367
22001,,36,1,2,3,1,2,3,8,0.223435,0.230049,15.067145,0.166667,0.000367
23813,,7,1,0,1,1,0,1,0,0,0,0,0,0.000367
24965,,7,1,0,1,1,0,1,0,0,0,0,0,0.000367
25302,,7,1,0,1,1,0,1,0,0,0,0,0,0.000367
25427,,7,1,0,1,1,0,1,0,0,0,0,0,0.000367
9742,,7,8,37,45,8,37,45,8,0.2745,0.288713,643221.689892,0.007198,0.002223
25693,,7,1,0,1,1,0,1,0,0,0,0,0,0.000367
25771,,7,3,0,3,3,0,3,0,0,0,0,0.166667,0.001129
26052,,7,1,0,1,1,0,1,0,0,0,0,0,0.000367
19919,,7,1,6,7,1,6,7,8,0.24553,0.254404,43.797328,0.285714,0.000367
27017,,7,2,0,2,2,0,2,0,0,0,0,0,0.00054
27457,,7,2,0,2,2,0,2,0,0,0,0,0,0.000536
12597,,7,4,2,6,4,2,6,8,0.262764,0.273503,6.020699,0.133333,0.001335
28550,,7,1,0,1,1,0,1,0,0,0,0,0,0.000367
28647,,7,1,0,1,1,0,1,0,0,0,0,0,0.000367
23237,,7,1,4,5,1,4,5,9,0.232279,0.240638,54.778811,0.1,0.000367
7325,,7,2,35,37,2,35,37,7,0.283017,0.298028,3383.970679,0.08254,0.000675
4270,,7,6,9,15,6,9,15,8,0.282257,0.296296,69760.694515,0.095238,0.001517
29539,,7,1,0,1,1,0,1,0,0,0,0,0,0.000367
13220,,7,1,1,2,1,1,2,9,0.222817,0.230118,20.357855,0,0.000367
29956,,7,1,0,1,1,0,1,0,0,0,0,0,0.000367
28090,,41,3,1,4,3,1,4,1,1,1,25977,0,0.000915
29317,,7,1,1,2,1,1,2,9,0.229753,0.236926,3.002339,0,0.000367
30461,,7,1,0,1,1,0,1,0,0,0,0,0,0.000367
30905,,16,2,0,2,2,0,2,0,0,0,0,0,0.001007
30957,,7,5,0,5,5,0,5,0,0,0,0,0.05,0.001593
5129,,7,2,3,5,2,3,5,8,0.240662,0.249878,250.211346,0.1,0.001062
31873,,7,1,1,2,1,1,2,9,0.200066,0.204368,0,0.5,0.000367
31710,,7,2,0,2,2,0,2,0,0,0,0,0.5,0.000807
11789,,7,2,3,5,2,3,5,8,0.260748,0.272084,717.266803,0.25,0.001746
32215,,7,1,0,1,1,0,1,0,0,0,0,0,0.000367
32214,,41,3,0,3,3,0,3,0,0,0,0,0,0.000762
32604,,7,1,1,2,1,1,2,10,0.178304,0.181863,0.450784,0,0.000367
32788,,7,1,2,3,1,2,3,9,0.210248,0.216199,16.682299,0,0.000367
33324,,7,1,0,1,1,0,1,0,0,0,0,0,0.000367
33356,,7,1,0,1,1,0,1,0,0,0,0,0,0.000367
33380,,16,2,0,2,2,0,2,0,0,0,0,0,0.001395
31168,,7,1,1,2,1,1,2,10,0.179157,0.182315,0,0.5,0.000367
14277,,67,2,1,3,2,1,3,8,0.262757,0.273467,0,0.333333,0.000785
32615,,7,1,1,2,1,1,2,1,1,1,25976,0,0.000367
33796,,7,1,0,1,1,0,1,0,0,0,0,0,0.000367
17218,,41,2,9,11,2,9,11,8,0.264017,0.275963,33187.89127,0.2,0.000562
27100,,16,10,6,16,10,6,16,8,0.241059,0.250391,131525.047452,0.065934,0.002579
18088,,7,1,2,3,1,2,3,9,0.221579,0.228707,7.304375,0.166667,0.000367
33958,,7,1,0,1,1,0,1,0,0,0,0,0,0.000367
34006,,7,1,0,1,1,0,1,0,0,0,0,0,0.000367
8182,,16,2,1,3,2,1,3,10,0.183261,0.187029,602.143206,0.166667,0.000804
32297,,7,2,0,2,2,0,2,0,0,0,0,0,0.000654
2136,,7,2,4,6,2,4,6,8,0.266062,0.277399,227.794627,0.133333,0.000788
26019,,7,1,2,3,1,2,3,8,0.262871,0.273627,0,0.5,0.000367
23342,,36,2,0,2,2,0,2,0,0,0,0,0,0.000588
33626,,7,2,0,2,2,0,2,0,0,0,0,0,0.001498
34252,,7,2,1,3,2,1,3,9,0.217137,0.223506,108.686931,0,0.000955
16700,,36,3,2,5,3,2,5,10,0.181962,0.185899,26592.325713,0,0.000715
30385,,7,1,2,3,1,2,3,8,0.261985,0.273237,3.614464,0.5,0.000367
34532,,16,1,2,3,1,2,3,8,0.234571,0.242685,15.404196,0,0.000367
28479,,7,2,1,3,2,1,3,9,0.227896,0.235595,0,0.333333,0.001158
33946,,7,1,5,6,1,5,6,8,0.263253,0.274368,61.008004,0.1,0.000367
35766,,7,1,0,1,1,0,1,0,0,0,0,0,0.000367
2116,,7,0,1,1,0,1,1,9,0.229028,0.236621,0,0,0
4608,,7,1,1,2,1,1,2,9,0.218108,0.224533,14.253129,0,0.000633
2120,,41,0,1,1,0,1,1,9,0.195066,0.199384,0,0,0
2122,,14,0,2,2,0,2,2,9,0.206906,0.212692,0,0.5,0
18415,,7,3,2,5,3,2,5,8,0.233692,0.24205,1171.714455,0.05,0.001085
13658,,41,1,0,1,1,0,1,0,0,0,0,0,0.00025
2130,,14,0,1,1,0,1,1,9,0.217915,0.224606,0,0,0
8280,,7,1,3,4,1,3,4,8,0.264099,0.27566,40.185571,0.5,0.000228
10687,,65,1,9,10,1,9,10,8,0.245527,0.254504,55410.350575,0.144444,0.000301
33925,,16,2,0,2,2,0,2,0,0,0,0,0,0.000506
9835,,1,1,2,3,1,2,3,9,0.221532,0.228384,26066.00094,0,0.000462
22611,,1,1,1,2,1,1,2,8,0.229897,0.236556,0,0,0.000462
2134,,39,0,1,1,0,1,1,9,0.205901,0.211633,0,0,0
2135,,7,0,1,1,0,1,1,8,0.247779,0.256716,0,0,0
20006,,7,6,0,6,6,0,6,0,0,0,0,0.233333,0.001508
11193,,67,2,2,4,2,2,4,8,0.228726,0.23604,134444.304919,0,0.000466
4757,,7,1,0,1,1,0,1,0,0,0,0,0,0.00034
27654,,7,1,0,1,1,0,1,0,0,0,0,0,0.00034
34598,,7,1,0,1,1,0,1,0,0,0,0,0,0.00034
2142,,2,0,1,1,0,1,1,9,0.190875,0.195045,0,0,0
2143,,2,6,2,8,6,2,8,8,0.235891,0.243977,57292.397345,0.095238,0.002033
3241,,14,1,0,1,1,0,1,0,0,0,0,0,0.000305
12006,,14,1,1,2,1,1,2,8,0.256147,0.266926,0,1,0.000305
16825,,14,1,0,1,1,0,1,0,0,0,0,0,0.000305
27358,,14,1,0,1,1,0,1,0,0,0,0,0,0.000305
26447,,7,1,0,1,1,0,1,0,0,0,0,0,0.000334
26449,,7,3,4,7,3,4,7,9,0.213859,0.220023,26097.704105,0.02381,0.000706
10693,,7,4,2,6,4,2,6,8,0.244012,0.252889,26466.120005,0,0.000911
18377,,67,1,0,1,1,0,1,0,0,0,0,0,0.00022
7027,,41,1,1,2,1,1,2,8,0.236957,0.244416,0,1,0.000332
8765,,41,1,0,1,1,0,1,0,0,0,0,0,0.000332
9911,,41,2,2,4,2,2,4,8,0.236963,0.244451,18825,0.25,0.0005
19950,,41,3,0,3,3,0,3,0,0,0,0,0.166667,0.000679
25221,,41,1,6,7,1,6,7,8,0.240051,0.247817,2.053901,0.366667,0.000332
30132,,41,1,2,3,1,2,3,8,0.239687,0.247287,0,1,0.000332
2154,,7,0,4,4,0,4,4,7,0.295878,0.31075,0,0.5,0
2156,,7,0,1,1,0,1,1,8,0.262756,0.273466,0,0,0
4648,,16,1,2,3,1,2,3,8,0.264804,0.275744,0,0.666667,0.000389
4015,,7,1,0,1,1,0,1,0,0,0,0,0,0.000658
5045,,7,2,0,2,2,0,2,0,0,0,0,0,0.00094
11099,,7,4,0,4,4,0,4,0,0,0,0,0.166667,0.003104
32466,,7,1,0,1,1,0,1,0,0,0,0,0,0.000658
4707,,7,1,0,1,1,0,1,0,0,0,0,0,0.000253
17868,,16,1,1,2,1,1,2,9,0.221417,0.228333,34.034536,0,0.000253
15882,,16,3,4,7,3,4,7,9,0.216324,0.223179,20579.964568,0.066667,0.00132
33277,,16,1,1,2,1,1,2,9,0.208114,0.214161,0,0,0.000497
35233,,16,1,0,1,1,0,1,0,0,0,0,0,0.000497
2168,,7,0,1,1,0,1,1,8,0.231928,0.239836,0,0,0
2171,,16,1,0,1,1,0,1,0,0,0,0,0,0.000376
5301,,16,4,2,6,4,2,6,9,0.220298,0.226578,323208.413571,0.15,0.000924
6662,,16,2,2,4,2,2,4,9,0.207942,0.213162,409.988019,0.166667,0.000544
13568,,2,2,5,7,2,5,7,9,0.209308,0.214917,25975,0.533333,0.00051
18324,,2,3,5,8,3,5,8,9,0.209308,0.214917,26.746198,0.7,0.00076
8774,,65,1,0,1,1,0,1,0,0,0,0,0,0.000187
9530,,65,1,0,1,1,0,1,0,0,0,0,0,0.000187
10998,,16,1,0,1,1,0,1,0,0,0,0,0,0.00026
23144,,16,10,2,12,10,2,12,11,0.152944,0.15507,96719.334499,0.166667,0.00187
2180,,14,0,4,4,0,4,4,8,0.260488,0.272258,0,0.5,0
2181,,16,0,1,1,0,1,1,8,0.246659,0.25616,0,0,0
16056,,36,1,0,1,1,0,1,0,0,0,0,0,0.000195
13894,,41,1,0,1,1,0,1,0,0,0,0,0,0.000295
17288,,41,1,0,1,1,0,1,0,0,0,0,0,0.000295
18331,,41,1,1,2,1,1,2,9,0.234732,0.243226,0,1,0.000295
19444,,41,1,3,4,1,3,4,9,0.239812,0.248652,98.230534,0.166667,0.000295
6587,,7,4,2,6,4,2,6,1,1,1,51952,0,0.001615
34554,,16,1,0,1,1,0,1,0,0,0,0,0,0.000606
16793,,16,1,0,1,1,0,1,0,0,0,0,0,0.000509
18711,,16,1,0,1,1,0,1,0,0,0,0,0,0.000509
7663,,2,3,6,9,3,6,9,8,0.239167,0.247565,30748.697757,0.053571,0.001471
23088,,16,1,2,3,1,2,3,8,0.238406,0.246844,300.238904,0.166667,0.000509
30074,,16,2,0,2,2,0,2,0,0,0,0,0,0.001047
31329,,16,1,0,1,1,0,1,0,0,0,0,0,0.000509
23305,,25,2,0,2,2,0,2,0,0,0,0,1,0.000545
14510,,25,2,0,2,2,0,2,0,0,0,0,0,0.000528
6787,,25,2,4,6,2,4,6,1,1,1,103904,0.066667,0.000543
14494,,41,2,1,3,2,1,3,9,0.211904,0.217584,0,0.5,0.000708
17410,,25,1,0,1,1,0,1,0,0,0,0,0,0.000354
19463,,25,1,0,1,1,0,1,0,0,0,0,0,0.000354
26923,,25,2,0,2,2,0,2,0,0,0,0,1,0.000543
27652,,16,2,1,3,2,1,3,9,0.206235,0.211976,26.881313,0,0.000522
23604,,25,2,0,2,2,0,2,0,0,0,0,0,0.00071
30821,,25,1,0,1,1,0,1,0,0,0,0,0,0.000354
8175,,25,4,18,22,4,18,22,8,0.282656,0.296207,239004.419403,0.05,0.000863
34673,,25,1,0,1,1,0,1,0,0,0,0,0,0.000354
6744,,16,2,5,7,2,5,7,8,0.277883,0.29194,2417.717754,0.142857,0.000873
35517,,25,1,0,1,1,0,1,0,0,0,0,0,0.000354
2189,,16,0,1,1,0,1,1,9,0.225957,0.2335,0,0,0
7991,,1,1,0,1,1,0,1,0,0,0,0,0,0.000206
14741,,1,1,3,4,1,3,4,9,0.221534,0.228417,51950,0.166667,0.000206
13848,,7,1,0,1,1,0,1,0,0,0,0,0,0.000684
16107,,7,1,1,2,1,1,2,9,0.217383,0.223682,152.701258,0,0.000684
22190,,7,1,1,2,1,1,2,8,0.251453,0.260348,602.526717,0,0.000684
26520,,7,1,0,1,1,0,1,0,0,0,0,0,0.000684
8251,,7,1,8,9,1,8,9,8,0.263854,0.275475,1913.90479,0.178571,0.000684
32375,,7,1,1,2,1,1,2,9,0.212615,0.21853,0,0,0.000684
13982,,16,1,2,3,1,2,3,8,0.232425,0.240776,0,1,0.000216
15295,,7,1,0,1,1,0,1,0,0,0,0,0,0.000588
22851,,7,1,0,1,1,0,1,0,0,0,0,0,0.000588
17440,,7,2,3,5,2,3,5,8,0.232552,0.239576,549.238277,0.166667,0.000908
30798,,604,1,2,3,1,2,3,9,0.223335,0.230425,25975,0,0.000588
22529,,16,1,3,4,1,3,4,8,0.252932,0.263063,1365.229165,0,0.000588
16845,,7,2,5,7,2,5,7,8,0.267286,0.278865,3210.706423,0.233333,0.000898
23546,,7,1,2,3,1,2,3,9,0.224151,0.231487,299.002509,0.166667,0.000204
27657,,16,1,0,1,1,0,1,0,0,0,0,0,0.000224
13871,,16,1,3,4,1,3,4,9,0.197327,0.201855,26005.489487,0,0.000224
18505,,41,2,1,3,2,1,3,9,0.224223,0.231071,18879.493274,0,0.000446
2751,,7,1,3,4,1,3,4,9,0.226516,0.233704,208.28215,0.083333,0.000173
13293,,16,1,1,2,1,1,2,8,0.272194,0.283726,2820.519815,0,0.000235
25060,,16,2,1,3,2,1,3,10,0.195694,0.200332,87.687638,0,0.000476
22931,,14,1,1,2,1,1,2,9,0.226456,0.233654,171.72579,0,0.000456
16792,,25,2,5,7,2,5,7,8,0.27286,0.284731,1162.747073,0.214286,0.000758
5182,,14,1,1,2,1,1,2,10,0.179227,0.182882,15.531092,0,0.000198
26501,,7,1,3,4,1,3,4,8,0.272135,0.284576,240.671429,0.583333,0.000414
17897,,16,1,1,2,1,1,2,9,0.214331,0.220612,40.417185,0,0.000472
21246,,16,5,5,10,5,5,10,8,0.246059,0.255398,29055.855161,0.033333,0.00124
33672,,16,1,2,3,1,2,3,9,0.220133,0.227194,113.88329,0.333333,0.000472
9673,,7,2,2,4,2,2,4,9,0.216607,0.222512,0,1,0.000533
9672,,7,2,2,4,2,2,4,9,0.216607,0.222512,0,1,0.000533
2210,,75,0,1,1,0,1,1,1,1,1,0,0,0
2211,,75,1,0,1,1,0,1,0,0,0,0,0,0.000168
23126,,1,1,0,1,1,0,1,0,0,0,0,0,0.000226
18728,,1,1,2,3,1,2,3,8,0.231167,0.239116,5.291263,0.666667,0.000226
6731,,16,1,0,1,1,0,1,0,0,0,0,0,0.000263
2217,,14,0,1,1,0,1,1,9,0.217915,0.224606,0,0,0
17964,,7,3,1,4,3,1,4,9,0.203197,0.20799,18847.582498,0,0.000743
26954,,7,1,0,1,1,0,1,0,0,0,0,0,0.000404
22484,,7,1,0,1,1,0,1,0,0,0,0,0,0.000203
5792,,7,1,2,3,1,2,3,8,0.266088,0.277447,381.164625,0.166667,0.000203
2222,,41,1,0,1,1,0,1,0,0,0,0,0,0.000192
5205,,41,1,1,2,1,1,2,8,0.242297,0.250669,0,1,0.000192
12538,,41,1,0,1,1,0,1,0,0,0,0,0,0.000192
13774,,41,1,0,1,1,0,1,0,0,0,0,0,0.000192
14102,,41,1,0,1,1,0,1,0,0,0,0,0,0.000192
3278,,41,2,2,4,2,2,4,8,0.244015,0.253169,18826,0.25,0.00036
15369,,41,1,0,1,1,0,1,0,0,0,0,0,0.000192
18345,,41,1,0,1,1,0,1,0,0,0,0,0,0.000192
28938,,41,1,0,1,1,0,1,0,0,0,0,0,0.000192
30750,,41,1,0,1,1,0,1,0,0,0,0,0,0.000192
31859,,41,1,0,1,1,0,1,0,0,0,0,0,0.000192
14148,,7,1,2,3,1,2,3,8,0.278582,0.291028,513.541819,0.333333,0.000458
32713,,7,1,0,1,1,0,1,0,0,0,0,0,0.000458
3987,,1,1,1,2,1,1,2,8,0.226144,0.233522,0,1,0.000238
10310,,16,2,2,4,2,2,4,9,0.228103,0.235375,127.732831,0.166667,0.000919
2228,,7,0,1,1,0,1,1,8,0.224983,0.23254,0,0,0
17429,,7,1,3,4,1,3,4,9,0.237465,0.246752,26033.421103,0,0.000396
5186,,7,2,3,5,2,3,5,9,0.231073,0.238628,19201.35833,0.15,0.000459
8696,,36,5,5,10,5,5,10,8,0.23748,0.246436,57275.764987,0.138889,0.001392
13198,,16,1,0,1,1,0,1,0,0,0,0,0,0.000181
13691,,16,2,0,2,2,0,2,0,0,0,0,0,0.000349
11244,,16,1,1,2,1,1,2,9,0.222361,0.22922,0,0,0.000181
12260,,16,1,1,2,1,1,2,9,0.218247,0.224659,9.481508,0,0.000181
26611,,16,1,0,1,1,0,1,0,0,0,0,0,0.000181
5136,,2,4,2,6,4,2,6,9,0.222814,0.229181,11998.336328,0.333333,0.000877
14141,,7,3,4,7,3,4,7,8,0.231522,0.239132,2629.037312,0.166667,0.00114
17562,,7,6,6,12,6,6,12,8,0.270007,0.283105,22596.143679,0.222222,0.003976
28610,,12,4,6,10,4,6,10,8,0.263562,0.275328,37303.034536,0.166667,0.000878
2239,,14,0,1,1,0,1,1,9,0.217915,0.224606,0,0,0
2240,,41,1,2,3,1,2,3,9,0.192767,0.197054,18851.148723,0.166667,0.000173
2241,,41,1,3,4,1,3,4,9,0.218822,0.225363,8491.513355,0,0.000173
2242,,14,0,1,1,0,1,1,9,0.20435,0.209739,0,0,0
2244,,7,1,0,1,1,0,1,0,0,0,0,0,0.000184
8865,,7,2,2,4,2,2,4,8,0.238168,0.245965,383.809447,0.166667,0.000705
32408,,14,1,0,1,1,0,1,0,0,0,0,0,0.000205
5961,,16,1,2,3,1,2,3,9,0.22935,0.236567,0,0.5,0.000456
5363,,16,1,1,2,1,1,2,9,0.226481,0.233281,0,0,0.000456
11164,,16,1,2,3,1,2,3,9,0.226486,0.233317,25975,0,0.000456
26551,,16,1,0,1,1,0,1,0,0,0,0,0,0.000456
2249,,36,0,1,1,0,1,1,9,0.215151,0.221458,0,0,0
24907,,7,1,0,1,1,0,1,0,0,0,0,0,0.000289
2252,,7,0,1,1,0,1,1,8,0.224983,0.23254,0,0,0
2254,,7,0,1,1,0,1,1,9,0.223883,0.231045,0,0,0
23995,,1,1,2,3,1,2,3,8,0.228963,0.236708,0,0.666667,0.000232
15363,,14,1,0,1,1,0,1,0,0,0,0,0,0.000191
11376,,14,2,4,6,2,4,6,8,0.25541,0.265826,26207.592583,0.3,0.000423
2257,,7,0,1,1,0,1,1,1,1,1,0,0,0
4471,,1,1,2,3,1,2,3,9,0.217599,0.223566,6.685486,0,0.000213
2261,,1,1,1,2,1,1,2,8,0.230719,0.238685,601.3622,0,0.000329
3798,,7,2,7,9,2,7,9,8,0.260918,0.271782,787.480388,0.160714,0.001
2264,,14,1,1,2,1,1,2,8,0.249084,0.258104,18827,0,0.000168
18514,,67,2,1,3,2,1,3,1,1,1,1173.731664,0,0.000961
2938,,7,2,1,3,2,1,3,9,0.216997,0.223514,68.731842,0.333333,0.000606
8495,,7,1,2,3,1,2,3,9,0.21881,0.225237,14.530863,0,0.000437
4503,,7,1,1,2,1,1,2,9,0.216997,0.223514,0,1,0.000437
7998,,7,1,2,3,1,2,3,9,0.218366,0.224754,16.455592,0,0.000437
31966,,7,1,1,2,1,1,2,10,0.181692,0.185425,38.746743,0.5,0.000437
2269,,2,3,10,13,3,10,13,8,0.279832,0.293557,87511.116587,0.166667,0.000555
21006,,2,1,1,2,1,1,2,8,0.261479,0.272571,0,0.5,0.000183
13145,,2,1,1,2,1,1,2,9,0.216224,0.222548,36.356998,0,0.000183
17437,,7,2,1,3,2,1,3,9,0.231745,0.239906,627.711817,0.166667,0.001133
2272,,7,5,9,14,5,9,14,8,0.259293,0.269964,27242.366292,0.25,0.001467
30613,,7,1,0,1,1,0,1,0,0,0,0,0,0.000198
5100,,7,2,5,7,2,5,7,8,0.252627,0.262919,19082.521235,0.02381,0.000375
15746,,7,1,23,24,1,23,24,7,0.289555,0.303982,29733.950754,0.175725,0.000513
2278,,7,0,1,1,0,1,1,8,0.262756,0.273466,0,0,0
13748,,16,1,1,2,1,1,2,1,1,1,25976,0,0.000234
16514,,7,1,1,2,1,1,2,9,0.225275,0.232487,0,0,0.000258
6379,,16,1,2,3,1,2,3,9,0.222701,0.229345,0.758531,0,0.000607
9320,,1,1,2,3,1,2,3,8,0.230722,0.238712,1,0.333333,0.000232
2285,,36,0,8,8,0,8,8,8,0.26351,0.274644,0,0.267857,0
17732,,16,2,1,3,2,1,3,9,0.197879,0.202253,31.527242,0,0.000487
26331,,16,2,0,2,2,0,2,0,0,0,0,0,0.000416
31573,,41,3,0,3,3,0,3,0,0,0,0,0,0.000575
8542,,41,1,0,1,1,0,1,0,0,0,0,0,0.000379
2291,,76,1,1,2,1,1,2,1,1,1,0,0,0.000173
2292,,76,1,1,2,1,1,2,1,1,1,0,0,0.000173
2293,,7,1,1,2,1,1,2,9,0.223276,0.230186,18825.552381,0,0.000175
16786,,7,2,5,7,2,5,7,8,0.237139,0.245695,29633.24019,0.3,0.001109
18091,,7,1,0,1,1,0,1,0,0,0,0,0,0.000936
27453,,12,51,1,52,51,1,52,1,1,1,18206.80128,0.007164,0.010377
14861,,12,6,9,15,6,9,15,8,0.239306,0.248541,35492.324872,0.142857,0.001853
30933,,7,1,0,1,1,0,1,0,0,0,0,0,0.000936
17051,,1,2,0,2,2,0,2,0,0,0,0,0,0.000609
3419,,53,1,5,6,1,5,6,8,0.266778,0.278737,2699.608488,0.3,0.000412
8475,,7,1,0,1,1,0,1,0,0,0,0,0,0.000362
9685,,7,3,10,13,3,10,13,8,0.27365,0.286884,3573.121618,0.237179,0.000959
19195,,339,2,0,2,2,0,2,0,0,0,0,0,0.00053
2303,,36,1,1,2,1,1,2,9,0.202326,0.206997,0,0,0.000184
17903,,36,1,2,3,1,2,3,8,0.230736,0.238007,26069.578414,0,0.000184
5005,,69,1,3,4,1,3,4,8,0.23927,0.24872,228.559769,0.333333,0.000339
9247,,7,3,1,4,3,1,4,9,0.22249,0.229164,458.238608,0.166667,0.002408
15953,,7,1,0,1,1,0,1,0,0,0,0,0,0.000339
2306,,7,1,6,7,1,6,7,8,0.269197,0.280609,6040.091371,0.166667,0.000173
16909,,7,1,2,3,1,2,3,9,0.220399,0.227036,4.085071,0,0.000503
14839,,7,1,4,5,1,4,5,8,0.235152,0.243406,127.149309,0.5,0.000503
29123,,7,1,0,1,1,0,1,0,0,0,0,0,0.000503
4290,,16,1,1,2,1,1,2,9,0.192868,0.197617,0,0,0.000186
33370,,16,1,0,1,1,0,1,0,0,0,0,0,0.000186
2311,,1,1,0,1,1,0,1,0,0,0,0,0,0.000194
2313,,14,0,1,1,0,1,1,9,0.21208,0.218243,0,0,0
7291,,16,5,0,5,5,0,5,0,0,0,0,0.25,0.002638
11426,,16,6,2,8,6,2,8,9,0.220683,0.227838,371.851632,0.261905,0.003865
7122,,16,1,2,3,1,2,3,9,0.2192,0.225881,2713.358706,0,0.00113
15924,,16,2,3,5,2,3,5,9,0.217217,0.223873,10959.215187,0,0.001341
20230,,16,2,0,2,2,0,2,0,0,0,0,1,0.001637
20958,,16,1,0,1,1,0,1,0,0,0,0,0,0.00113
27963,,16,1,0,1,1,0,1,0,0,0,0,0,0.00113
31898,,16,2,4,6,2,4,6,9,0.235735,0.243495,2835.599976,0,0.001384
8143,,7,1,0,1,1,0,1,0,0,0,0,0,0.000546
2321,,7,0,1,1,0,1,1,9,0.230193,0.238549,0,0,0
18873,,7,3,1,4,3,1,4,9,0.216872,0.222918,99.241111,0.166667,0.000689
15787,,7,1,1,2,1,1,2,9,0.224375,0.231089,0,0,0.000346
22653,,7,1,2,3,1,2,3,9,0.224402,0.231156,0,0.5,0.000346
34251,,7,1,1,2,1,1,2,9,0.216997,0.223514,0,1,0.000346
2325,,7,0,1,1,0,1,1,8,0.262756,0.273466,0,0,0
2328,,1,1,1,2,1,1,2,8,0.228932,0.236642,0,1,0.000203
16002,,7,1,1,2,1,1,2,1,1,1,343.317357,0,0.000432
20213,,7,1,2,3,1,2,3,8,0.238672,0.246229,56.259447,0.333333,0.000432
33814,,7,1,0,1,1,0,1,0,0,0,0,0,0.000432
15680,,7,3,1,4,3,1,4,9,0.203546,0.209059,22397.397997,0.083333,0.000555
2894,,16,1,0,1,1,0,1,0,0,0,0,0,0.000895
5587,,16,1,0,1,1,0,1,0,0,0,0,0,0.000895
6792,,16,1,0,1,1,0,1,0,0,0,0,0,0.000895
11437,,16,2,2,4,2,2,4,8,0.23988,0.248339,431.059385,0.5,0.001083
13777,,16,1,0,1,1,0,1,0,0,0,0,0,0.000895
12443,,16,2,2,4,2,2,4,8,0.236885,0.246415,253.797468,0.333333,0.00138
21603,,16,3,0,3,3,0,3,0,0,0,0,0,0.001232
21892,,16,1,1,2,1,1,2,9,0.220074,0.227045,0,0,0.000895
12370,,16,2,0,2,2,0,2,0,0,0,0,0,0.001063
25501,,16,2,3,5,2,3,5,8,0.228407,0.235919,229.180374,0.25,0.001102
19930,,16,1,2,3,1,2,3,9,0.231762,0.239953,26020.589656,0,0.000286
21643,,16,1,0,1,1,0,1,0,0,0,0,0,0.000286
15326,,16,3,1,4,3,1,4,8,0.229998,0.23682,34154.32898,0,0.000647
30111,,16,1,1,2,1,1,2,9,0.221417,0.228333,0,0.5,0.000286
27718,,16,2,1,3,2,1,3,9,0.221417,0.228333,15.14052,0.166667,0.000454
12258,,36,3,3,6,3,3,6,9,0.221409,0.228644,10173.577411,0.033333,0.000685
2334,,7,0,1,1,0,1,1,1,1,1,0,0,0
2335,,16,0,1,1,0,1,1,9,0.207593,0.213116,0,0,0
22337,,16,1,0,1,1,0,1,0,0,0,0,0,0.00019
12463,,7,2,6,8,2,6,8,8,0.254485,0.26492,952.103377,0.125,0.000479
33454,,7,1,1,2,1,1,2,9,0.223797,0.23047,0,0,0.000311
27468,,12,1,2,3,1,2,3,2,0.75,0.833333,25993.159412,0,0.000311
2338,,77,5,9,14,5,9,14,8,0.246362,0.255794,223977.666667,0,0.000872
2339,,77,1,1,2,1,1,2,1,1,1,25976,0,0.000192
4745,,77,1,1,2,1,1,2,9,0.197667,0.202348,0,0,0.000192
6048,,77,1,1,2,1,1,2,9,0.197667,0.202348,0,0,0.000192
25473,,77,1,1,2,1,1,2,9,0.197667,0.202348,0,0,0.000192
6098,,77,1,0,1,1,0,1,0,0,0,0,0,0.000173
5379,,14,2,10,12,2,10,12,8,0.266035,0.277857,84352.998082,0.068182,0.001467
13740,,16,1,2,3,1,2,3,9,0.219417,0.226264,9.155981,0.166667,0.000377
24381,,16,1,1,2,1,1,2,8,0.239021,0.246298,79.243117,0,0.000377
26855,,16,4,1,5,4,1,5,10,0.189185,0.193344,382.56646,0,0.000966
12357,,7,1,0,1,1,0,1,0,0,0,0,0,0.000461
14853,,7,1,8,9,1,8,9,8,0.249924,0.260305,35.905716,0.178571,0.000461
17622,,7,1,1,2,1,1,2,8,0.235019,0.242973,0,0,0.000461
19397,,7,1,3,4,1,3,4,8,0.259787,0.270422,177.710461,0,0.000461
20999,,7,1,0,1,1,0,1,0,0,0,0,0,0.000461
21880,,7,1,0,1,1,0,1,0,0,0,0,0,0.000461
26301,,7,1,0,1,1,0,1,0,0,0,0,0,0.000461
27496,,7,1,0,1,1,0,1,0,0,0,0,0,0.000461
34575,,7,1,0,1,1,0,1,0,0,0,0,0,0.000461
2344,,65,0,1,1,0,1,1,8,0.234438,0.242011,0,0,0
4105,,2,1,3,4,1,3,4,9,0.220311,0.227405,2564.453895,0.416667,0.000176
11198,,53,1,1,2,1,1,2,1,1,1,25976,0,0.000285
10637,,41,3,1,4,3,1,4,9,0.200368,0.205528,41.913571,0,0.00094
34381,,7,1,1,2,1,1,2,10,0.175811,0.179143,25974,0.5,0.000249
2349,,53,1,5,6,1,5,6,8,0.23668,0.24513,26055.837941,0.066667,0.000191
8522,,53,1,0,1,1,0,1,0,0,0,0,0,0.000173
2351,,7,0,1,1,0,1,1,9,0.221099,0.227296,0,0,0
8879,,1,1,5,6,1,5,6,8,0.253068,0.263818,6.200677,0.35,0.00037
28917,,1,2,2,4,2,2,4,8,0.239901,0.248262,485.730055,0.333333,0.000549
22508,,1,1,2,3,1,2,3,9,0.225775,0.233422,0,1,0.00037
17801,,41,1,0,1,1,0,1,0,0,0,0,0,0.000194
21401,,41,1,2,3,1,2,3,8,0.260939,0.272293,31.298786,0.5,0.000194
32192,,41,1,0,1,1,0,1,0,0,0,0,0,0.000194
2356,,7,1,3,4,1,3,4,9,0.234487,0.242433,91.667489,0.083333,0.000168
2360,,36,1,0,1,1,0,1,0,0,0,0,0,0.000276
3448,,36,1,2,3,1,2,3,9,0.223181,0.230275,18.894566,0.666667,0.000276
9393,,36,1,4,5,1,4,5,8,0.268158,0.279962,570.239989,0.1,0.000276
3630,,36,1,3,4,1,3,4,9,0.223287,0.230459,18.894566,0.666667,0.000276
2358,,7,0,1,1,0,1,1,8,0.233233,0.240201,0,0,0
2359,,1,0,2,2,0,2,2,8,0.230179,0.238322,0,0,0
29612,,7,1,0,1,1,0,1,0,0,0,0,0,0.00023
2363,,7,2,3,5,2,3,5,8,0.247323,0.256053,866.317749,0.1,0.000336
2365,,65,0,2,2,0,2,2,8,0.236847,0.244616,0,0,0
27078,,7,2,1,3,2,1,3,8,0.262753,0.273463,0,0.833333,0.001021
2367,,1,0,2,2,0,2,2,8,0.250076,0.259881,0,0.5,0
2368,,41,0,1,1,0,1,1,8,0.235753,0.244207,0,0,0
2370,,25,0,4,4,0,4,4,8,0.242297,0.25194,0,0.083333,0
9717,,53,2,4,6,2,4,6,8,0.241195,0.250081,2654.333772,0.2,0.000514
20250,,7,1,0,1,1,0,1,0,0,0,0,0,0.0004
6344,,81,10,10,20,10,10,20,9,0.209595,0.215219,653040.751668,0.047794,0.002047
14395,,81,6,7,13,6,7,13,9,0.215835,0.222127,308214.253746,0.090909,0.001304
18982,,81,6,4,10,6,4,10,10,0.177555,0.181111,131147.170864,0.152778,0.001403
19004,,81,5,0,5,5,0,5,0,0,0,0,0.15,0.001193
26583,,7,1,0,1,1,0,1,0,0,0,0,0,0.0004
2378,,7,0,4,4,0,4,4,8,0.264312,0.275812,0,0.083333,0
10135,,7,1,0,1,1,0,1,0,0,0,0,0,0.000168
14835,,16,2,0,2,2,0,2,0,0,0,0,0,0.000897
17920,,16,1,0,1,1,0,1,0,0,0,0,0,0.000522
27804,,16,1,0,1,1,0,1,0,0,0,0,0,0.000522
25467,,36,2,1,3,2,1,3,9,0.2119,0.218052,19098.528827,0.166667,0.000452
9627,,14,1,2,3,1,2,3,8,0.223033,0.229682,44.56397,0,0.000341
26890,,7,1,1,2,1,1,2,9,0.220856,0.227932,37.400192,0,0.000341
13259,,7,2,1,3,2,1,3,9,0.214737,0.220701,0,0.833333,0.00054
22432,,7,1,6,7,1,6,7,8,0.249447,0.258922,26073.030529,0.071429,0.000341
2386,,14,0,1,1,0,1,1,9,0.217915,0.224606,0,0,0
2387,,32,0,1,1,0,1,1,9,0.19972,0.204573,0,0,0
2388,,16,0,1,1,0,1,1,9,0.192354,0.197022,0,0,0
2389,,32,0,1,1,0,1,1,1,1,1,0,0,0
2390,,16,0,1,1,0,1,1,9,0.219293,0.225533,0,0,0
2391,,16,1,3,4,1,3,4,8,0.260636,0.272424,144.321079,0.416667,0.0002
11616,,7,1,1,2,1,1,2,9,0.220468,0.226964,0,0,0.000339
19156,,7,1,1,2,1,1,2,9,0.220468,0.226964,0,0,0.000339
24665,,7,2,0,2,2,0,2,0,0,0,0,0.5,0.000753
30174,,7,2,2,4,2,2,4,8,0.234516,0.241945,18910.872325,0.083333,0.000507
29584,,7,1,1,2,1,1,2,9,0.220468,0.226964,0,0,0.000339
14858,,7,2,1,3,2,1,3,8,0.220722,0.227858,0,1,0.000468
2400,,14,0,1,1,0,1,1,9,0.217915,0.224606,0,0,0
2402,,7,3,1,4,3,1,4,9,0.199213,0.203739,18831.391042,0,0.000695
5340,,7,1,1,2,1,1,2,9,0.214466,0.220651,336.834808,0,0.000652
6939,,7,1,1,2,1,1,2,9,0.224737,0.232043,0,0,0.000652
24673,,7,1,1,2,1,1,2,9,0.193287,0.197616,0,0.5,0.000652
2404,,1,0,1,1,0,1,1,10,0.182136,0.185536,0,0,0
16391,,1,1,3,4,1,3,4,8,0.228993,0.236799,27566.632642,0,0.000197
2933,,16,1,0,1,1,0,1,0,0,0,0,0,0.000279
2408,,12,2,2,4,2,2,4,9,0.224072,0.231353,4377.351512,0.25,0.000341
2410,,16,2,3,5,2,3,5,8,0.225323,0.232268,371.706188,0.15,0.000477
7582,,16,3,3,6,3,3,6,8,0.2443,0.253799,2614.635026,0,0.000567
28573,,16,1,0,1,1,0,1,0,0,0,0,0,0.00019
2412,,1,0,2,2,0,2,2,9,0.22261,0.230081,0,0.5,0
2414,,7,2,9,11,2,9,11,8,0.260265,0.271312,46489.771076,0.111111,0.000347
2415,,12,1,2,3,1,2,3,10,0.164902,0.168052,132.467271,0.166667,0.000178
17988,,41,2,2,4,2,2,4,8,0.236039,0.244372,52829.029197,0,0.000455
2417,,36,1,2,3,1,2,3,8,0.227222,0.234007,27.974771,0.5,0.00038
11626,,36,1,0,1,1,0,1,0,0,0,0,0,0.000339
6538,,36,1,2,3,1,2,3,8,0.227216,0.233993,0,1,0.000339
24224,,36,1,3,4,1,3,4,9,0.211795,0.217749,345.927491,0.333333,0.000339
20390,,16,1,1,2,1,1,2,8,0.246111,0.25505,0,1,0.000205
2421,,16,0,1,1,0,1,1,8,0.246659,0.25616,0,0,0
23194,,7,1,0,1,1,0,1,0,0,0,0,0,0.000279
22583,,16,3,0,3,3,0,3,0,0,0,0,0.5,0.002047
2425,,14,1,2,3,1,2,3,9,0.196198,0.200522,0,1,0.000208
10553,,14,2,1,3,2,1,3,9,0.19619,0.200469,0,1,0.000399
10602,,14,1,2,3,1,2,3,9,0.196192,0.200496,0,1,0.000226
19385,,14,1,0,1,1,0,1,0,0,0,0,0,0.000226
21659,,14,1,0,1,1,0,1,0,0,0,0,0,0.000208
24922,,14,1,0,1,1,0,1,0,0,0,0,0,0.000208
2429,,36,0,1,1,0,1,1,9,0.209524,0.215496,0,0,0
2431,,7,1,12,13,1,12,13,8,0.269812,0.282333,18828,0.102564,0.000168
6682,,7,2,1,3,2,1,3,8,0.221262,0.228206,18827,0.166667,0.000341
21432,,7,1,2,3,1,2,3,8,0.249609,0.258698,26126.46101,0,0.000245
2434,,36,2,0,2,2,0,2,0,0,0,0,0,0.000369
7308,,36,2,2,4,2,2,4,9,0.216016,0.222379,579.214537,0,0.000369
3200,,36,1,4,5,1,4,5,8,0.249245,0.258765,26783.770126,0.05,0.000201
20600,,36,2,3,5,2,3,5,9,0.223192,0.23032,17816.876421,0.2,0.000454
5499,,7,1,0,1,1,0,1,0,0,0,0,0,0.000526
2742,,7,2,1,3,2,1,3,9,0.214642,0.220502,143.936817,0,0.000803
25761,,7,1,0,1,1,0,1,0,0,0,0,0,0.000526
27348,,16,1,1,2,1,1,2,9,0.195829,0.200681,0,0,0.000247
12744,,7,1,0,1,1,0,1,0,0,0,0,0,0.000285
13416,,7,3,2,5,3,2,5,9,0.232279,0.24036,1075.317006,0.05,0.000639
13883,,7,1,0,1,1,0,1,0,0,0,0,0,0.000285
6852,,16,1,0,1,1,0,1,0,0,0,0,0,0.000612
21679,,16,1,1,2,1,1,2,8,0.234102,0.241429,0,0,0.000612
26285,,16,1,1,2,1,1,2,8,0.234102,0.241429,0,0,0.000612
29594,,16,1,0,1,1,0,1,0,0,0,0,0,0.000612
29359,,16,2,1,3,2,1,3,1,1,1,25976,0,0.000832
6356,,7,2,12,14,2,12,14,8,0.281793,0.29601,1757.426167,0.120879,0.00058
9724,,7,4,2,6,4,2,6,9,0.219884,0.226895,1274.078287,0.166667,0.001403
32008,,7,1,0,1,1,0,1,0,0,0,0,0,0.000391
2451,,36,0,1,1,0,1,1,9,0.212104,0.218034,0,0,0
15725,,41,1,0,1,1,0,1,0,0,0,0,0,0.000278
8818,,41,3,2,5,3,2,5,9,0.234741,0.243266,27108.585949,0.4,0.000663
13317,,7,1,0,1,1,0,1,0,0,0,0,0,0.000204
35713,,7,1,0,1,1,0,1,0,0,0,0,0,0.000204
5047,,7,8,0,8,8,0,8,0,0,0,0,0.017857,0.001707
2461,,78,0,1,1,0,1,1,1,1,1,0,0,0
2462,,78,1,0,1,1,0,1,0,0,0,0,0,0.000168
2464,,14,0,1,1,0,1,1,9,0.217613,0.224061,0,0,0
2465,,14,0,2,2,0,2,2,10,0.179303,0.183053,0,0,0
2466,,14,1,1,2,1,1,2,9,0.218454,0.225285,18827,0,0.000168
2504,,14,1,0,1,1,0,1,0,0,0,0,0,0.000168
2468,,7,1,2,3,1,2,3,9,0.227153,0.234279,14.47511,0.333333,0.000213
20369,,7,1,0,1,1,0,1,0,0,0,0,0,0.000449
2470,,32,0,2,2,0,2,2,9,0.222266,0.229404,0,0,0
2471,,32,0,1,1,0,1,1,1,1,1,0,0,0
2472,,16,0,1,1,0,1,1,8,0.240389,0.248209,0,0,0
2473,,1,0,5,5,0,5,5,8,0.241971,0.251015,0,0.35,0
2475,,1,2,1,3,2,1,3,1,1,1,8780.806723,0,0.000935
2476,,1,4,0,4,4,0,4,0,0,0,0,0.083333,0.000712
29935,,7,2,2,4,2,2,4,8,0.263725,0.274642,320.518849,0.166667,0.000549
31891,,7,2,0,2,2,0,2,0,0,0,0,0,0.000431
24633,,586,2,0,2,2,0,2,0,0,0,0,0,0.000689
21250,,69,6,4,10,6,4,10,9,0.200443,0.205433,61786.165897,0,0.001435
2485,,1,0,3,3,0,3,3,9,0.229799,0.237603,0,0.333333,0
20286,,16,2,2,4,2,2,4,9,0.197733,0.20268,46.235165,0.5,0.000523
32439,,16,2,0,2,2,0,2,0,0,0,0,0,0.000385
2487,,7,0,1,1,0,1,1,8,0.262756,0.273466,0,0,0
6618,,1,2,3,5,2,3,5,9,0.211033,0.217306,25979.7,0.3,0.000407
2712,,1,1,3,4,1,3,4,9,0.213241,0.219558,0.666667,0.666667,0.000234
2489,,7,0,1,1,0,1,1,9,0.227396,0.235291,0,0,0
9161,,32,1,2,3,1,2,3,9,0.199002,0.203815,25975,0,0.000269
21984,,32,2,1,3,2,1,3,9,0.198998,0.20378,18826,0,0.000438
2491,,16,0,1,1,0,1,1,8,0.237376,0.246856,0,0,0
18215,,41,2,2,4,2,2,4,8,0.226369,0.233939,375.883092,0.416667,0.00046
29003,,41,1,0,1,1,0,1,0,0,0,0,0,0.000263
7971,,41,1,1,2,1,1,2,1,1,1,25976,0,0.000263
3296,,41,1,1,2,1,1,2,9,0.190867,0.195031,0,0,0.000205
33820,,41,1,0,1,1,0,1,0,0,0,0,0,0.000205
2495,,7,0,3,3,0,3,3,9,0.23894,0.248285,0,0,0
2497,,7,0,4,4,0,4,4,8,0.267008,0.27871,0,0.25,0
2498,,14,0,2,2,0,2,2,8,0.256715,0.267688,0,1,0
8668,,1,1,2,3,1,2,3,8,0.229264,0.237087,0,1,0.000262
13793,,1,1,0,1,1,0,1,0,0,0,0,0,0.000262
19158,,1,1,1,2,1,1,2,9,0.1922,0.19697,0,0,0.000262
19291,,1,1,1,2,1,1,2,9,0.1922,0.19697,0,0,0.000262
25864,,1,1,0,1,1,0,1,0,0,0,0,0,0.000262
25865,,1,1,0,1,1,0,1,0,0,0,0,0,0.000262
25866,,1,1,0,1,1,0,1,0,0,0,0,0,0.000262
25959,,1,1,0,1,1,0,1,0,0,0,0,0,0.000262
2501,,2,0,1,1,0,1,1,1,1,1,0,0,0
2502,,7,0,4,4,0,4,4,8,0.26319,0.274112,0,0.416667,0
21739,,16,2,0,2,2,0,2,0,0,0,0,0,0.000743
26897,,16,1,0,1,1,0,1,0,0,0,0,0,0.000575
30714,,16,1,1,2,1,1,2,10,0.192473,0.19703,0,0,0.000575
22279,,16,3,1,4,3,1,4,10,0.192475,0.197038,132.849689,0.5,0.001273
20422,,16,2,1,3,2,1,3,8,0.234513,0.24306,18933.923438,0,0.000721
26072,,16,1,0,1,1,0,1,0,0,0,0,0,0.000547
26480,,16,1,1,2,1,1,2,9,0.202574,0.208139,0,0,0.000547
2513,,16,0,1,1,0,1,1,8,0.238528,0.246408,0,0,0
13705,,65,2,0,2,2,0,2,0,0,0,0,0,0.00046
2517,,7,0,1,1,0,1,1,9,0.20921,0.214873,0,0,0
23796,,36,1,0,1,1,0,1,0,0,0,0,0,0.000241
2519,,41,0,1,1,0,1,1,8,0.232025,0.239654,0,0,0
2520,,16,0,1,1,0,1,1,8,0.235824,0.242716,0,0,0
6685,,16,1,1,2,1,1,2,9,0.208091,0.213257,1452.920026,0,0.000538
6870,,16,1,0,1,1,0,1,0,0,0,0,0,0.000538
8441,,16,1,0,1,1,0,1,0,0,0,0,0,0.000538
10053,,16,1,1,2,1,1,2,8,0.235817,0.242702,0,0,0.000538
11148,,16,1,1,2,1,1,2,8,0.235817,0.242702,0,0,0.000538
12124,,16,1,0,1,1,0,1,0,0,0,0,0,0.000538
12141,,16,1,0,1,1,0,1,0,0,0,0,0,0.000538
12074,,16,1,1,2,1,1,2,8,0.235817,0.242702,0,0,0.000538
14334,,16,1,1,2,1,1,2,8,0.235817,0.242702,0,0,0.000538
14343,,229,3,2,5,3,2,5,9,0.226192,0.233311,108459.94235,0.05,0.000879
18750,,16,1,0,1,1,0,1,0,0,0,0,0,0.000538
19804,,16,1,0,1,1,0,1,0,0,0,0,0,0.000538
31303,,16,1,1,2,1,1,2,8,0.235817,0.242702,0,0,0.000538
31310,,16,1,0,1,1,0,1,0,0,0,0,0,0.000538
32745,,12,2,0,2,2,0,2,0,0,0,0,0,0.000736
33245,,16,1,0,1,1,0,1,0,0,0,0,0,0.000538
34345,,16,1,0,1,1,0,1,0,0,0,0,0,0.000538
34548,,16,1,0,1,1,0,1,0,0,0,0,0,0.000538
35422,,16,1,1,2,1,1,2,8,0.235817,0.242702,0,0,0.000538
7460,,41,1,3,4,1,3,4,9,0.251866,0.26231,941.006395,0.166667,0.000255
11497,,16,11,14,25,11,14,25,8,0.276296,0.289529,55340.144238,0.119048,0.004877
8886,,16,2,5,7,2,5,7,8,0.237771,0.245561,19866.798936,0.071429,0.000435
19141,,1,11,3,14,11,3,14,9,0.219563,0.226383,34839.122384,0.081818,0.002516
28718,,16,1,1,2,1,1,2,10,0.189153,0.19322,6446.525968,0,0.000557
31969,,36,1,1,2,1,1,2,9,0.190759,0.195322,0,0,0.000295
10813,,7,2,0,2,2,0,2,0,0,0,0,0,0.000437
33844,,7,1,0,1,1,0,1,0,0,0,0,0,0.000253
8949,,16,1,0,1,1,0,1,0,0,0,0,0,0.00037
32826,,16,3,0,3,3,0,3,0,0,0,0,0.333333,0.000736
14718,,7,1,0,1,1,0,1,0,0,0,0,0,0.000386
11478,,7,1,7,8,1,7,8,8,0.261938,0.27283,815.854835,0.333333,0.000812
17928,,1,1,1,2,1,1,2,9,0.186296,0.19034,25970,0,0.000812
2535,,7,0,4,4,0,4,4,8,0.249285,0.258451,0,0.083333,0
17554,,12,3,3,6,3,3,6,8,0.242481,0.251118,26125.354222,0.25,0.002992
2536,,7,0,1,1,0,1,1,9,0.220762,0.22725,0,0,0
11190,,190,1,2,3,1,2,3,9,0.22076,0.227271,25975,0,0.000325
2540,,16,0,1,1,0,1,1,9,0.211863,0.218335,0,0,0
2541,,7,1,8,9,1,8,9,8,0.275082,0.288231,8363.662455,0.125,0.000168
17160,,7,3,1,4,3,1,4,1,1,1,25975,0,0.001378
26099,,7,1,0,1,1,0,1,0,0,0,0,0,0.000173
4787,,16,1,1,2,1,1,2,9,0.224442,0.231453,0,0,0.000598
5941,,16,2,3,5,2,3,5,8,0.233388,0.241168,452.6632,0.25,0.000786
7045,,16,1,0,1,1,0,1,0,0,0,0,0,0.000598
8893,,16,1,0,1,1,0,1,0,0,0,0,0,0.000598
14101,,16,1,1,2,1,1,2,9,0.224442,0.231453,0,0,0.000598
6614,,16,3,6,9,3,6,9,9,0.235231,0.243575,565.372023,0.266667,0.00176
6991,,7,1,2,3,1,2,3,8,0.253798,0.263183,12.222995,0,0.000242
2546,,2,0,1,1,0,1,1,1,1,1,0,0,0
11286,,1,1,0,1,1,0,1,0,0,0,0,0,0.000236
14138,,16,2,0,2,2,0,2,0,0,0,0,0,0.000823
20507,,16,1,0,1,1,0,1,0,0,0,0,0,0.000654
31294,,16,1,1,2,1,1,2,8,0.261476,0.272569,383.791737,0,0.000654
32980,,16,1,1,2,1,1,2,9,0.198884,0.203512,19.867001,0,0.000654
34125,,16,3,1,4,3,1,4,8,0.238144,0.247409,0,0.666667,0.003457
2550,,22,1,1,2,1,1,2,10,0.175504,0.178832,0,0.5,0.000198
2551,,22,4,1,5,4,1,5,9,0.212855,0.218899,18825,0.35,0.000727
2554,,22,2,2,4,2,2,4,9,0.21286,0.218934,2,0.416667,0.00037
2556,,12,0,2,2,0,2,2,8,0.235117,0.243487,0,0,0
12705,,12,2,1,3,2,1,3,9,0.226511,0.233978,19012.621279,0,0.000342
15614,,69,3,12,15,3,12,15,7,0.295653,0.310243,60063.669426,0.166667,0.000641
7890,,7,1,4,5,1,4,5,9,0.247492,0.257408,27.905055,0.083333,0.000228
17916,,14,1,2,3,1,2,3,9,0.213077,0.219206,10.476083,0,0.000344
2559,,14,0,1,1,0,1,1,9,0.217915,0.224606,0,0,0
8588,,32,1,0,1,1,0,1,0,0,0,0,0,0.000324
2566,,65,0,4,4,0,4,4,8,0.237475,0.245744,0,0.666667,0
35601,,16,1,0,1,1,0,1,0,0,0,0,0,0.000219
34378,,7,1,0,1,1,0,1,0,0,0,0,0,0.000256
2570,,1,0,1,1,0,1,1,9,0.221523,0.228343,0,0,0
4740,,1,1,1,2,1,1,2,10,0.172633,0.176004,0,0.5,0.00085
6546,,1,8,7,15,8,7,15,9,0.208645,0.214786,262099.007637,0.037879,0.002212
3572,,1,1,1,2,1,1,2,9,0.221516,0.228329,0,0,0.00085
8920,,16,2,0,2,2,0,2,0,0,0,0,0,0.00107
11717,,1,1,1,2,1,1,2,9,0.221516,0.228329,0,0,0.00085
11633,,1,2,1,3,2,1,3,9,0.221516,0.228329,13984.7928,0,0.001023
13969,,1,2,0,2,2,0,2,0,0,0,0,1,0.001052
14692,,1,1,0,1,1,0,1,0,0,0,0,0,0.00085
12232,,1,1,1,2,1,1,2,9,0.221516,0.228329,0,0,0.00085
7048,,1,4,19,23,4,19,23,8,0.240195,0.250865,367781.124626,0.047368,0.0016
2573,,41,1,3,4,1,3,4,9,0.231982,0.239983,18770.676786,0.083333,0.000168
17635,,7,1,0,1,1,0,1,0,0,0,0,0,0.000424
27474,,12,10,4,14,10,4,14,11,0.144336,0.146282,189531.402881,0.064103,0.002296
28637,,12,3,5,8,3,5,8,8,0.241022,0.249797,71605.129546,0.095238,0.000788
2575,,22,11,5,16,11,5,16,1,1,1,52,0,0.001866
2576,,22,1,0,1,1,0,1,0,0,0,0,0,0.00022
14925,,22,1,0,1,1,0,1,0,0,0,0,0,0.00022
14033,,22,1,1,2,1,1,2,2,0.555556,0.6,0,0,0.00022
21002,,22,1,1,2,1,1,2,2,0.555556,0.6,0,0,0.00022
23044,,22,1,1,2,1,1,2,2,0.555556,0.6,0,0,0.00022
2577,,65,0,2,2,0,2,2,8,0.234441,0.242038,0,1,0
31309,,7,5,0,5,5,0,5,0,0,0,0,0.05,0.001244
2581,,16,1,3,4,1,3,4,9,0.22111,0.228447,485.113681,0.083333,0.000598
7142,,7,2,4,6,2,4,6,8,0.254258,0.263989,71.542228,0.133333,0.000452
8283,,7,1,1,2,1,1,2,8,0.251664,0.260845,0,0.5,0.000262
16838,,7,1,0,1,1,0,1,0,0,0,0,0,0.000262
16428,,7,2,18,20,2,18,20,8,0.260838,0.272669,96748.413954,0.19883,0.000434
20397,,7,2,1,3,2,1,3,9,0.207609,0.212854,0,0.333333,0.000682
4153,,7,3,11,14,3,11,14,8,0.270741,0.283206,22721.661288,0.164835,0.000598
2584,,7,0,2,2,0,2,2,8,0.239258,0.248236,0,1,0
2586,,7,0,3,3,0,3,3,9,0.222881,0.229911,0,0.166667,0
2587,,7,1,2,3,1,2,3,9,0.233209,0.240715,15.656491,0.333333,0.000189
9372,,16,5,3,8,5,3,8,8,0.23075,0.238098,24170.425237,0,0.001607
2589,,2,0,2,2,0,2,2,1,1,1,0,0,0
2591,,39,0,2,2,0,2,2,8,0.261482,0.272603,0,0,0
2592,,7,0,2,2,0,2,2,10,0.184378,0.188027,0,0.5,0
4658,,7,1,0,1,1,0,1,0,0,0,0,0,0.00018
6591,,67,1,1,2,1,1,2,9,0.207141,0.212496,607.637209,0,0.00059
4001,,7,2,1,3,2,1,3,9,0.216775,0.223046,123.539456,0.5,0.000758
6193,,2,1,8,9,1,8,9,9,0.229611,0.237645,28856.314898,0.027778,0.00059
25798,,7,1,1,2,1,1,2,9,0.215526,0.221808,0,0,0.00059
19330,,7,3,2,5,3,2,5,9,0.216665,0.223016,26074.237317,0.1,0.001142
25120,,7,1,3,4,1,3,4,9,0.230553,0.238266,346.221362,0,0.00059
9606,,12,2,0,2,2,0,2,0,0,0,0,0,0.00056
18929,,16,1,0,1,1,0,1,0,0,0,0,0,0.000682
20236,,69,5,4,9,5,4,9,8,0.232494,0.239642,9888.173199,0.4,0.001607
20665,,16,3,2,5,3,2,5,9,0.228829,0.235882,387.683109,0.5,0.001063
24850,,69,3,2,5,3,2,5,8,0.232489,0.239589,0,1,0.001265
20028,,16,2,2,4,2,2,4,9,0.228829,0.235882,8.25159,0.5,0.000864
17948,,16,2,1,3,2,1,3,9,0.220466,0.227386,18999.501009,0,0.000492
2601,,16,1,0,1,1,0,1,0,0,0,0,0,0.000417
8898,,16,1,1,2,1,1,2,8,0.207066,0.212159,0,0,0.000417
4571,,16,4,3,7,4,3,7,8,0.244494,0.254622,22712.144293,0.033333,0.001141
19341,,16,1,1,2,1,1,2,8,0.207066,0.212159,0,0,0.000417
30690,,16,1,0,1,1,0,1,0,0,0,0,0,0.000417
2603,,12,1,9,10,1,9,10,8,0.26319,0.274371,292.243172,0.180556,0.00024
10626,,7,3,2,5,3,2,5,9,0.210565,0.216441,26311.752307,0,0.000854
17545,,12,4,4,8,4,4,8,8,0.24302,0.252015,19562.142534,0.166667,0.00332
31414,,7,1,0,1,1,0,1,0,0,0,0,0,0.000327
13922,,7,1,0,1,1,0,1,0,0,0,0,0,0.000232
2612,,14,0,1,1,0,1,1,12,0.133072,0.134495,0,0,0
2615,,41,0,1,1,0,1,1,8,0.232025,0.239654,0,0,0
5436,,7,3,5,8,3,5,8,8,0.241192,0.249717,28522.125095,0.233333,0.000687
17671,,7,6,10,16,6,10,16,8,0.270551,0.283322,99911.292732,0.133333,0.001208
2618,,7,0,2,2,0,2,2,9,0.225933,0.233431,0,0.5,0
7917,,7,1,2,3,1,2,3,9,0.212901,0.218904,0,1,0.000337
8735,,7,1,0,1,1,0,1,0,0,0,0,0,0.000337
25140,,7,1,0,1,1,0,1,0,0,0,0,0,0.000337
16121,,69,1,0,1,1,0,1,0,0,0,0,0,0.000223
2627,,7,0,1,1,0,1,1,8,0.244345,0.253397,0,0,0
2632,,1,0,22,22,0,22,22,8,0.268403,0.2815,0,0.155844,0
12305,,1,1,2,3,1,2,3,8,0.231432,0.238752,4.220033,0.166667,0.000168
33448,,1,1,0,1,1,0,1,0,0,0,0,0,0.000168
16875,,7,1,0,1,1,0,1,0,0,0,0,0,0.000244
2636,,7,0,1,1,0,1,1,9,0.21249,0.218584,0,0,0
12184,,7,2,0,2,2,0,2,0,0,0,0,0,0.000902
33778,,7,1,0,1,1,0,1,0,0,0,0,0,0.000605
2638,,7,0,2,2,0,2,2,8,0.254216,0.263704,0,0,0
24918,,53,1,3,4,1,3,4,9,0.201348,0.206255,7823.633219,0,0.000588
9632,,16,1,2,3,1,2,3,9,0.228868,0.236902,0,1,0.000202
2642,,1,0,3,3,0,3,3,9,0.214533,0.220821,0,0,0
6888,,7,1,0,1,1,0,1,0,0,0,0,0,0.000268
2645,,7,3,14,17,3,14,17,8,0.266994,0.278723,90336.609182,0.079167,0.000727
6770,,41,4,3,7,4,3,7,9,0.21078,0.216375,45229.943231,0.066667,0.000966
16739,,7,1,0,1,1,0,1,0,0,0,0,0,0.000185
32448,,16,2,0,2,2,0,2,0,0,0,0,0,0.000353
5278,,7,3,3,6,3,3,6,9,0.199398,0.204127,18938.626473,0,0.000729
8970,,22,1,0,1,1,0,1,0,0,0,0,0,0.000307
9809,,16,1,4,5,1,4,5,8,0.243743,0.252206,750.507455,0.3,0.000307
9998,,22,1,0,1,1,0,1,0,0,0,0,0,0.000307
5701,,22,1,1,2,1,1,2,8,0.238234,0.246373,32.358595,0,0.000307
11317,,22,1,0,1,1,0,1,0,0,0,0,0,0.000307
8982,,22,5,3,8,5,3,8,9,0.214049,0.220045,63947.86744,0.033333,0.001102
12973,,22,1,0,1,1,0,1,0,0,0,0,0,0.000307
5665,,22,1,1,2,1,1,2,9,0.223885,0.231047,37.622861,0,0.000307
13370,,22,1,0,1,1,0,1,0,0,0,0,0,0.000307
17262,,22,1,1,2,1,1,2,8,0.233826,0.241427,0,0,0.000307
22481,,22,1,0,1,1,0,1,0,0,0,0,0,0.000307
25982,,22,1,0,1,1,0,1,0,0,0,0,0,0.000307
32197,,22,1,1,2,1,1,2,8,0.257548,0.268692,146.109877,0,0.000307
31092,,1,2,0,2,2,0,2,0,0,0,0,0,0.000486
8745,,36,2,0,2,2,0,2,0,0,0,0,0,0.000394
2654,,7,0,1,1,0,1,1,8,0.247779,0.256716,0,0,0
2657,,41,0,1,1,0,1,1,9,0.195066,0.199384,0,0,0
17157,,7,2,2,4,2,2,4,9,0.228404,0.235909,0.927273,0.666667,0.000643
2928,,14,4,8,12,4,8,12,8,0.258375,0.269883,10743.526751,0.218182,0.000952
2661,,7,0,1,1,0,1,1,8,0.239548,0.247677,0,0,0
2664,,65,0,2,2,0,2,2,8,0.242351,0.250452,0,0,0
2666,,7,0,2,2,0,2,2,9,0.213325,0.219217,0,0,0
2667,,36,1,7,8,1,7,8,8,0.270275,0.283225,1863.802965,0.160714,0.000254
2668,,7,0,2,2,0,2,2,8,0.224142,0.231488,0,0,0
20406,,16,1,1,2,1,1,2,9,0.206086,0.211844,151.720671,0,0.000229
2670,,2,0,1,1,0,1,1,10,0.165823,0.168611,0,0,0
2671,,2,5,4,9,5,4,9,9,0.198775,0.203691,20556.134038,0.071429,0.001315
2672,,7,0,2,2,0,2,2,8,0.250436,0.260171,0,0.5,0
2891,,16,1,4,5,1,4,5,8,0.238189,0.24794,1745.743734,0.1,0.000267
2675,,7,0,9,9,0,9,9,8,0.272149,0.284412,0,0.319444,0
2677,,16,2,2,4,2,2,4,9,0.227134,0.2341,4625.640066,0.166667,0.000347
13455,,16,3,4,7,3,4,7,9,0.23477,0.243534,26587.372662,0.266667,0.000612
27977,,1,1,0,1,1,0,1,0,0,0,0,0,0.000415
2680,,7,1,0,1,1,0,1,0,0,0,0,0,0.000222
2682,,14,1,3,4,1,3,4,8,0.258649,0.269968,18851.135338,0.166667,0.000178
14008,,14,2,1,3,2,1,3,9,0.205499,0.210991,26000.135338,0,0.000355
2683,,7,0,2,2,0,2,2,8,0.252025,0.261289,0,0.5,0
2685,,7,0,3,3,0,3,3,8,0.270278,0.282087,0,0.666667,0
2686,,7,0,1,1,0,1,1,9,0.222352,0.229209,0,0,0
3634,,32,1,0,1,1,0,1,0,0,0,0,0,0.000253
27136,,53,1,0,1,1,0,1,0,0,0,0,0,0.00022
30091,,7,1,0,1,1,0,1,0,0,0,0,0,0.000599
30755,,611,2,0,2,2,0,2,0,0,0,0,0,0.000767
31886,,7,1,0,1,1,0,1,0,0,0,0,0,0.000599
3871,,7,1,0,1,1,0,1,0,0,0,0,0,0.000507
10882,,7,2,0,2,2,0,2,0,0,0,0,0.5,0.001201
20470,,41,2,1,3,2,1,3,9,0.210714,0.216559,27.652568,0.333333,0.001201
28075,,7,1,0,1,1,0,1,0,0,0,0,0,0.000507
21319,,7,4,4,8,4,4,8,8,0.263315,0.274698,248.931881,0.65,0.001837
5218,,16,1,2,3,1,2,3,9,0.225186,0.232184,0,1,0.0003
17623,,16,1,0,1,1,0,1,0,0,0,0,0,0.0003
2698,,7,0,1,1,0,1,1,9,0.220475,0.226978,0,0,0
2700,,16,0,2,2,0,2,2,9,0.218205,0.224558,0,0,0
2701,,16,1,0,1,1,0,1,0,0,0,0,0,0.000168
12767,,32,1,2,3,1,2,3,8,0.241749,0.249878,0,1,0.000206
18567,,32,1,0,1,1,0,1,0,0,0,0,0,0.000206
2703,,7,0,1,1,0,1,1,8,0.262756,0.273466,0,0,0
2705,,7,0,1,1,0,1,1,9,0.212622,0.218545,0,0,0
2706,,7,0,1,1,0,1,1,9,0.220516,0.227424,0,0,0
19755,,7,1,1,2,1,1,2,9,0.2297,0.237709,0,1,0.000721
21835,,16,2,0,2,2,0,2,0,0,0,0,0,0.000917
3339,,7,2,6,8,2,6,8,8,0.240548,0.249487,54112.073214,0.035714,0.000889
19953,,7,1,3,4,1,3,4,9,0.211659,0.217746,17651.353769,0.166667,0.000688
18466,,12,3,0,3,3,0,3,0,0,0,0,0,0.000806
2719,,7,0,2,2,0,2,2,8,0.251486,0.260703,0,0,0
2721,,7,0,1,1,0,1,1,8,0.261475,0.272568,0,0,0
2722,,14,0,1,1,0,1,1,8,0.247395,0.256736,0,0,0
26789,,7,1,0,1,1,0,1,0,0,0,0,0,0.000456
31718,,7,1,0,1,1,0,1,0,0,0,0,0,0.000456
25000,,7,1,1,2,1,1,2,8,0.247064,0.255643,0,0.5,0.000456
20538,,16,2,0,2,2,0,2,0,0,0,0,0,0.000624
32765,,16,3,6,9,3,6,9,8,0.238162,0.246939,121936.363949,0.035714,0.000843
34501,,7,1,0,1,1,0,1,0,0,0,0,0,0.000456
3407,,7,2,3,5,2,3,5,8,0.273015,0.285834,26193.235879,0.1,0.000662
35695,,7,1,0,1,1,0,1,0,0,0,0,0,0.000456
3840,,41,3,4,7,3,4,7,9,0.234773,0.243373,123277.4476,0.1,0.000867
15572,,41,1,0,1,1,0,1,0,0,0,0,0,0.000516
11685,,41,4,5,9,4,5,9,9,0.229487,0.237093,45017.369947,0.089286,0.001422
11310,,41,1,3,4,1,3,4,9,0.239252,0.248202,7.935309,0.666667,0.000516
26935,,41,1,0,1,1,0,1,0,0,0,0,0,0.000516
27118,,41,1,0,1,1,0,1,0,0,0,0,0,0.000516
10193,,41,1,1,2,1,1,2,8,0.257545,0.26869,0,0.5,0.000516
28197,,41,1,0,1,1,0,1,0,0,0,0,0,0.000516
28360,,41,1,0,1,1,0,1,0,0,0,0,0,0.000516
33484,,41,1,0,1,1,0,1,0,0,0,0,0,0.000516
5079,,16,1,0,1,1,0,1,0,0,0,0,0,0.000558
15031,,16,6,1,7,6,1,7,8,0.24443,0.254489,20426.276568,0.166667,0.003404
15608,,16,2,2,4,2,2,4,9,0.222201,0.228871,92.449778,0,0.00066
17068,,7,4,3,7,4,3,7,9,0.237139,0.245362,26446.617,0,0.001007
17149,,7,2,0,2,2,0,2,0,0,0,0,0,0.000413
2741,,7,1,0,1,1,0,1,0,0,0,0,0,0.000194
15390,,41,2,3,5,2,3,5,9,0.22003,0.226263,19422.035181,0,0.000367
13959,,1,2,2,4,2,2,4,9,0.207433,0.212843,19089.961221,0,0.000445
2745,,22,1,2,3,1,2,3,9,0.212892,0.219001,0.709957,0.666667,0.000198
2746,,16,0,1,1,0,1,1,9,0.21914,0.22575,0,0,0
2749,,1,1,2,3,1,2,3,8,0.233087,0.240949,126.188696,0.166667,0.00028
3363,,2,2,3,5,2,3,5,8,0.234443,0.242541,3954.284222,0.1,0.000406
24831,,2,1,0,1,1,0,1,0,0,0,0,0,0.000227
25837,,2,1,1,2,1,1,2,10,0.179979,0.183693,0,0,0.000227
14041,,53,2,4,6,2,4,6,9,0.220546,0.227543,18871.432455,0.05,0.000358
2757,,41,1,0,1,1,0,1,0,0,0,0,0,0.000235
2761,,7,0,9,9,0,9,9,8,0.278863,0.292485,0,0.25,0
10440,,1,2,0,2,2,0,2,0,0,0,0,0,0.000336
13071,,1,3,0,3,3,0,3,0,0,0,0,0.333333,0.000918
16631,,7,1,5,6,1,5,6,8,0.239852,0.247697,25983.718585,0.15,0.000388
24919,,7,2,3,5,2,3,5,8,0.259311,0.269893,51945,0.333333,0.001497
29618,,7,1,0,1,1,0,1,0,0,0,0,0,0.000388
30029,,7,1,2,3,1,2,3,8,0.25898,0.269346,62.082769,0.166667,0.000388
14296,,7,1,2,3,1,2,3,9,0.209268,0.214938,11.393665,0,0.000388
34796,,7,1,0,1,1,0,1,0,0,0,0,0,0.000388
2770,,7,0,1,1,0,1,1,8,0.261475,0.272568,0,0,0
26316,,7,2,2,4,2,2,4,8,0.249655,0.25873,219.766481,0.083333,0.000432
2773,,7,0,1,1,0,1,1,9,0.231745,0.239907,0,0,0
29090,,7,1,0,1,1,0,1,0,0,0,0,0,0.000656
30834,,41,1,3,4,1,3,4,8,0.241035,0.249197,68.972562,0.166667,0.000656
32635,,7,1,1,2,1,1,2,9,0.207104,0.212436,18.957772,0,0.000656
35715,,7,1,0,1,1,0,1,0,0,0,0,0,0.000656
2781,,41,0,1,1,0,1,1,8,0.257544,0.268689,0,0,0
15409,,7,1,0,1,1,0,1,0,0,0,0,0,0.000425
8775,,67,8,4,12,8,4,12,9,0.236279,0.244587,46053.520502,0.272727,0.002246
8367,,36,2,6,8,2,6,8,9,0.253583,0.264526,54167.092816,0.053571,0.000665
13087,,7,2,2,4,2,2,4,8,0.233582,0.241151,155917.54175,0,0.000511
24185,,7,1,0,1,1,0,1,0,0,0,0,0,0.000329
23824,,25,1,2,3,1,2,3,8,0.23242,0.239677,60.998502,0,0.000329
26734,,69,2,2,4,2,2,4,9,0.188596,0.192421,25984.095308,0,0.000545
29191,,7,1,0,1,1,0,1,0,0,0,0,0,0.000329
29491,,7,1,0,1,1,0,1,0,0,0,0,0,0.000329
20553,,7,4,13,17,4,13,17,8,0.254096,0.264078,45704.055004,0.180952,0.000984
11509,,7,1,1,2,1,1,2,9,0.229916,0.237282,0,1,0.000329
5534,,7,3,7,10,3,7,10,8,0.266284,0.27848,19821.820335,0.138889,0.001535
7493,,7,1,0,1,1,0,1,0,0,0,0,0,0.001131
9679,,7,1,1,2,1,1,2,9,0.212541,0.218277,0,0.5,0.001131
12638,,7,1,0,1,1,0,1,0,0,0,0,0,0.001131
31201,,7,1,0,1,1,0,1,0,0,0,0,0,0.001131
23147,,16,2,0,2,2,0,2,0,0,0,0,0.5,0.004209
25056,,1,2,1,3,2,1,3,9,0.221298,0.228374,253.396467,0,0.001056
28249,,16,1,0,1,1,0,1,0,0,0,0,0,0.000849
2788,,7,0,1,1,0,1,1,9,0.226164,0.233246,0,0,0
2794,,36,3,3,6,3,3,6,8,0.262775,0.273536,24732.839513,0.033333,0.000534
2795,,7,0,2,2,0,2,2,8,0.264748,0.275902,0,0.5,0
7875,,7,3,2,5,3,2,5,9,0.240085,0.248711,8.405669,0.583333,0.000845
2799,,1,0,1,1,0,1,1,9,0.1882,0.192499,0,0,0
8106,,7,1,0,1,1,0,1,0,0,0,0,0,0.000694
2803,,16,0,1,1,0,1,1,8,0.244433,0.254493,0,0,0
17386,,16,1,0,1,1,0,1,0,0,0,0,0,0.000225
25502,,16,5,2,7,5,2,7,8,0.241551,0.250037,2574.805777,0.095238,0.001833
29218,,16,1,3,4,1,3,4,8,0.244818,0.253147,238.768805,0.166667,0.000225
15772,,16,6,2,8,6,2,8,8,0.240259,0.248769,19443.346511,0.053571,0.001344
5601,,1,2,2,4,2,2,4,9,0.226595,0.23357,0,1,0.000419
6282,,1,1,0,1,1,0,1,0,0,0,0,0,0.00024
23508,,1,1,1,2,1,1,2,8,0.261476,0.272569,0,0.5,0.00024
5600,,1,2,3,5,2,3,5,8,0.263625,0.274496,3559.556686,0.333333,0.000419
30286,,1,1,0,1,1,0,1,0,0,0,0,0,0.00024
11453,,67,1,1,2,1,1,2,8,0.234943,0.243153,1093.980556,0,0.00018
2810,,7,0,1,1,0,1,1,8,0.261475,0.272568,0,0,0
2811,,41,0,2,2,0,2,2,9,0.210715,0.216584,0,0.5,0
2812,,7,0,5,5,0,5,5,8,0.26637,0.278101,0,0.45,0
16084,,7,2,1,3,2,1,3,8,0.246853,0.256509,56.673294,0,0.000405
28072,,7,2,0,2,2,0,2,0,0,0,0,0.5,0.001579
2820,,12,0,4,4,0,4,4,8,0.240055,0.248455,0,0.5,0
13570,,12,51,6,57,51,6,57,9,0.211395,0.217462,139105.65415,0.024808,0.013304
31727,,20,3,0,3,3,0,3,0,0,0,0,0,0.000539
3094,,14,1,2,3,1,2,3,9,0.224734,0.232222,0,1,0.000379
3435,,14,1,0,1,1,0,1,0,0,0,0,0,0.000379
4684,,14,1,0,1,1,0,1,0,0,0,0,0,0.000379
6262,,14,1,0,1,1,0,1,0,0,0,0,0,0.000379
11090,,14,1,0,1,1,0,1,0,0,0,0,0,0.000379
2825,,7,1,2,3,1,2,3,8,0.248371,0.257093,24.681003,0.333333,0.000441
13724,,7,1,0,1,1,0,1,0,0,0,0,0,0.000441
4893,,7,1,3,4,1,3,4,8,0.264444,0.275445,0,0.5,0.000441
28201,,7,1,2,3,1,2,3,8,0.265289,0.276307,0,0.666667,0.000441
4228,,16,1,1,2,1,1,2,9,0.199303,0.204532,0,0,0.000256
9771,,16,1,0,1,1,0,1,0,0,0,0,0,0.000256
14210,,16,1,0,1,1,0,1,0,0,0,0,0,0.000256
17027,,7,1,0,1,1,0,1,0,0,0,0,0,0.000674
2828,,2,1,3,4,1,3,4,10,0.193951,0.198227,0,0.416667,0.000168
24141,,53,2,0,2,2,0,2,0,0,0,0,0,0.000517
5435,,16,1,2,3,1,2,3,9,0.20925,0.214894,25975,0,0.000307
10208,,16,1,0,1,1,0,1,0,0,0,0,0,0.000307
2837,,16,1,3,4,1,3,4,9,0.222288,0.229662,37650,0.333333,0.000183
7910,,7,4,1,5,4,1,5,10,0.178304,0.181863,18850.088384,0,0.000862
2840,,7,5,12,17,5,12,17,8,0.285065,0.299416,66367.275701,0.095833,0.000992
23180,,7,1,0,1,1,0,1,0,0,0,0,0,0.000193
2841,,7,0,1,1,0,1,1,9,0.246124,0.25571,0,0,0
4530,,7,1,5,6,1,5,6,8,0.263168,0.274039,52087.579484,0.066667,0.000274
16598,,7,1,3,4,1,3,4,8,0.251937,0.262328,1593.990131,0.25,0.000274
27027,,67,1,1,2,1,1,2,9,0.221965,0.229191,0,1,0.000274
2845,,7,1,1,2,1,1,2,11,0.151943,0.153882,0,0,0.000212
2847,,36,1,0,1,1,0,1,0,0,0,0,0,0.000222
14730,,67,1,0,1,1,0,1,0,0,0,0,0,0.000279
15709,,67,1,5,6,1,5,6,9,0.214896,0.221032,1237.786152,0.2,0.000279
16455,,67,1,3,4,1,3,4,9,0.221994,0.229299,267.227682,0,0.000279
21011,,67,2,0,2,2,0,2,0,0,0,0,0,0.0005
21012,,67,2,0,2,2,0,2,0,0,0,0,0,0.0005
2853,,41,0,1,1,0,1,1,8,0.257544,0.268689,0,0,0
2857,,53,0,1,1,0,1,1,9,0.201062,0.205746,0,0,0
4974,,53,1,1,2,1,1,2,9,0.210353,0.216124,192.639582,0,0.000289
29577,,53,1,0,1,1,0,1,0,0,0,0,0,0.000289
2863,,2,1,0,1,1,0,1,0,0,0,0,0,0.000209
2864,,16,0,1,1,0,1,1,9,0.217729,0.224141,0,0,0
2866,,7,0,3,3,0,3,3,8,0.263525,0.274378,0,0.333333,0
3862,,16,1,0,1,1,0,1,0,0,0,0,0,0.000286
19436,,53,3,0,3,3,0,3,0,0,0,0,0.166667,0.000784
3041,,53,2,4,6,2,4,6,8,0.241474,0.250386,2567.049724,0.1,0.000625
2870,,1,0,2,2,0,2,2,9,0.197321,0.202131,0,0,0
2871,,16,0,1,1,0,1,1,8,0.251382,0.261452,0,0,0
11457,,36,4,5,9,4,5,9,8,0.249569,0.259351,83322.482615,0.013889,0.001182
6249,,12,2,1,3,2,1,3,8,0.262757,0.273467,18824,0.166667,0.000447
7840,,12,2,0,2,2,0,2,0,0,0,0,0,0.00052
11885,,12,1,0,1,1,0,1,0,0,0,0,0,0.000279
16726,,12,1,0,1,1,0,1,0,0,0,0,0,0.000279
3692,,14,1,0,1,1,0,1,0,0,0,0,0,0.000187
2877,,14,0,3,3,0,3,3,9,0.219283,0.226156,0,0.5,0
2878,,7,0,1,1,0,1,1,9,0.207104,0.212528,0,0,0
2879,,7,0,1,1,0,1,1,9,0.200066,0.204368,0,0,0
31644,,1,1,0,1,1,0,1,0,0,0,0,0,0.000175
2883,,16,2,1,3,2,1,3,9,0.21773,0.224143,2430.585623,0,0.00042
2886,,16,3,0,3,3,0,3,0,0,0,0,0,0.000689
11488,,16,1,0,1,1,0,1,0,0,0,0,0,0.000284
29231,,16,1,0,1,1,0,1,0,0,0,0,0,0.000284
2888,,65,0,1,1,0,1,1,8,0.236841,0.24458,0,0,0
6806,,16,2,3,5,2,3,5,8,0.241139,0.249835,232.666199,0.666667,0.001156
34435,,16,1,0,1,1,0,1,0,0,0,0,0,0.000818
5744,,16,3,8,11,3,8,11,8,0.245501,0.255649,55513.09178,0.063636,0.000598
13165,,7,1,1,2,1,1,2,9,0.221704,0.228639,0,0,0.000846
15385,,7,1,0,1,1,0,1,0,0,0,0,0,0.000846
19892,,36,6,0,6,6,0,6,0,0,0,0,0.366667,0.002212
22460,,36,7,0,7,7,0,7,0,0,0,0,0,0.001891
9643,,16,1,2,3,1,2,3,9,0.206657,0.212208,0.666667,0.666667,0.000186
32976,,36,4,0,4,4,0,4,0,0,0,0,0,0.000694
24412,,53,1,0,1,1,0,1,0,0,0,0,0,0.000209
5692,,2,1,0,1,1,0,1,0,0,0,0,0,0.000275
2903,,7,1,2,3,1,2,3,9,0.198891,0.203549,70.758375,0,0.000238
5052,,7,1,5,6,1,5,6,8,0.263282,0.274605,3323.635957,0.2,0.000235
22053,,22,1,0,1,1,0,1,0,0,0,0,0,0.000206
12491,,53,1,1,2,1,1,2,10,0.176626,0.180385,25973,0,0.000857
23493,,16,3,0,3,3,0,3,0,0,0,0,0.166667,0.001348
20776,,1,1,3,4,1,3,4,8,0.239331,0.248804,548.974366,0.333333,0.000857
24935,,16,1,0,1,1,0,1,0,0,0,0,0,0.000857
22197,,16,1,1,2,1,1,2,9,0.220174,0.227268,0,1,0.000857
12756,,16,2,4,6,2,4,6,8,0.266518,0.278188,45269.193745,0.066667,0.001025
24476,,16,1,1,2,1,1,2,8,0.227098,0.234279,0,0,0.000857
17134,,16,1,3,4,1,3,4,8,0.228247,0.235784,2336.971298,0,0.000857
3373,,7,1,0,1,1,0,1,0,0,0,0,0,0.000188
2912,,2,7,5,12,7,5,12,9,0.205085,0.210421,57638.102004,0.045455,0.001396
2914,,7,0,3,3,0,3,3,8,0.264209,0.275228,0,0.333333,0
2916,,16,6,17,23,6,17,23,8,0.277567,0.291063,87978.081568,0.1,0.001658
5030,,16,1,1,2,1,1,2,9,0.216715,0.222898,0,1,0.000203
14454,,16,4,2,6,4,2,6,8,0.262124,0.273311,21057.791137,0.2,0.000983
9028,,16,1,1,2,1,1,2,9,0.216712,0.22289,0,0,0.000489
10211,,16,1,0,1,1,0,1,0,0,0,0,0,0.000489
8501,,16,1,1,2,1,1,2,9,0.216712,0.22289,0,0,0.000489
26524,,16,2,3,5,2,3,5,9,0.226909,0.234298,968.568564,0.25,0.000792
27381,,16,1,1,2,1,1,2,8,0.239489,0.247365,306.372735,0,0.000489
32690,,16,1,1,2,1,1,2,9,0.216712,0.22289,0,0,0.000489
2921,,41,0,1,1,0,1,1,9,0.195066,0.199384,0,0,0
2923,,16,0,1,1,0,1,1,8,0.236535,0.24595,0,0,0
2924,,41,1,1,2,1,1,2,8,0.225241,0.232016,18827,0,0.000168
2925,,16,0,1,1,0,1,1,9,0.195125,0.200176,0,0,0
13106,,25,4,2,6,4,2,6,9,0.195792,0.200182,44828.463926,0.05,0.001014
9750,,65,1,0,1,1,0,1,0,0,0,0,0,0.000334
2930,,67,1,0,1,1,0,1,0,0,0,0,0,0.000175
2939,,7,1,2,3,1,2,3,8,0.236312,0.244826,26.962822,0.5,0.000249
5016,,69,2,2,4,2,2,4,8,0.238724,0.246642,44850.302048,0.083333,0.000659
24580,,7,1,0,1,1,0,1,0,0,0,0,0,0.000468
2945,,7,0,1,1,0,1,1,8,0.251523,0.26155,0,0,0
12751,,16,1,0,1,1,0,1,0,0,0,0,0,0.00031
11937,,41,1,2,3,1,2,3,8,0.237675,0.246698,0,0.833333,0.00031
19966,,16,1,0,1,1,0,1,0,0,0,0,0,0.00031
2955,,7,2,2,4,2,2,4,8,0.229261,0.2367,38.622943,0.416667,0.000844
18208,,7,2,0,2,2,0,2,0,0,0,0,0,0.000513
28348,,7,1,0,1,1,0,1,0,0,0,0,0,0.000206
15186,,36,1,1,2,1,1,2,1,1,1,25976,0,0.00019
15498,,36,1,0,1,1,0,1,0,0,0,0,0,0.00019
3166,,16,1,0,1,1,0,1,0,0,0,0,0,0.00033
3180,,16,2,2,4,2,2,4,8,0.240729,0.250231,232.559834,0.333333,0.000587
3190,,16,1,0,1,1,0,1,0,0,0,0,0,0.00033
3199,,16,1,0,1,1,0,1,0,0,0,0,0,0.00033
3206,,16,1,0,1,1,0,1,0,0,0,0,0,0.00033
3212,,16,1,0,1,1,0,1,0,0,0,0,0,0.00033
3214,,16,1,0,1,1,0,1,0,0,0,0,0,0.00033
3222,,16,1,0,1,1,0,1,0,0,0,0,0,0.00033
14185,,7,4,3,7,4,3,7,8,0.263168,0.274647,105.340337,0.333333,0.002945
15095,,16,11,12,23,11,12,23,8,0.230248,0.238398,1306.56121,0.549451,0.002952
15096,,16,9,12,21,9,12,21,8,0.230248,0.238398,0,0.75,0.002553
15097,,16,9,12,21,9,12,21,8,0.230248,0.238398,0,0.75,0.002553
15098,,16,9,13,22,9,13,22,8,0.241455,0.249715,4854.275787,0.634615,0.002553
15099,,16,9,12,21,9,12,21,8,0.230248,0.238398,0,0.75,0.002553
15100,,16,10,0,10,10,0,10,0,0,0,0,1,0.002775
15101,,16,9,12,21,9,12,21,8,0.230248,0.238398,0,0.75,0.002553
15102,,16,10,12,22,10,12,22,8,0.230248,0.238398,1294.488119,0.634615,0.002818
15103,,16,10,0,10,10,0,10,0,0,0,0,1,0.002775
2958,,36,0,1,1,0,1,1,9,0.217963,0.224044,0,0,0
16510,,36,1,0,1,1,0,1,0,0,0,0,0,0.000204
18523,,36,2,2,4,2,2,4,9,0.198981,0.203585,5223.360018,0.25,0.000442
2961,,7,0,1,1,0,1,1,1,1,1,0,0,0
2962,,7,1,2,3,1,2,3,9,0.234739,0.243126,448.854729,0,0.000168
2966,,7,0,6,6,0,6,6,7,0.293896,0.308446,0,0.2,0
32596,,16,1,0,1,1,0,1,0,0,0,0,0,0.000275
32597,,16,1,0,1,1,0,1,0,0,0,0,0,0.000275
32598,,16,1,0,1,1,0,1,0,0,0,0,0,0.000275
9864,,2,4,3,7,4,3,7,10,0.190448,0.194796,2952.131236,0.033333,0.000955
14675,,36,1,2,3,1,2,3,9,0.231759,0.239957,51947,0.333333,0.000275
16298,,36,5,4,9,5,4,9,8,0.265709,0.277445,65022.260255,0.053571,0.001133
5366,,36,18,5,23,18,5,23,8,0.248653,0.258142,30780.224589,0.114286,0.004202
31729,,36,2,1,3,2,1,3,10,0.190288,0.194766,521.480637,0.166667,0.000572
29608,,36,1,1,2,1,1,2,10,0.186372,0.190546,255.90512,0,0.000275
5584,,36,6,5,11,6,5,11,8,0.273566,0.28633,22734.752611,0.233333,0.001542
9352,,36,1,2,3,1,2,3,9,0.231793,0.240004,46742.491209,0.333333,0.000275
2971,,41,1,0,1,1,0,1,0,0,0,0,0,0.0003
18297,,41,3,2,5,3,2,5,9,0.217725,0.223737,0.5,0.666667,0.000653
25234,,41,2,2,4,2,2,4,9,0.217725,0.223737,0,1,0.000483
25981,,41,1,0,1,1,0,1,0,0,0,0,0,0.0003
33095,,41,1,2,3,1,2,3,9,0.217725,0.223737,0,1,0.0003
33639,,41,1,0,1,1,0,1,0,0,0,0,0,0.0003
2974,,14,0,1,1,0,1,1,12,0.133072,0.134495,0,0,0
2975,,7,2,3,5,2,3,5,9,0.239407,0.248237,8463.269717,0.25,0.001073
34199,,7,1,0,1,1,0,1,0,0,0,0,0,0.000222
2977,,79,0,1,1,0,1,1,1,1,1,0,0,0
2978,,79,1,0,1,1,0,1,0,0,0,0,0,0.000168
2981,,7,0,2,2,0,2,2,8,0.261693,0.272869,0,0.5,0
9322,,36,1,0,1,1,0,1,0,0,0,0,0,0.000199
31451,,36,3,0,3,3,0,3,0,0,0,0,0,0.000552
14831,,16,1,1,2,1,1,2,9,0.215744,0.221788,0,0,0.000356
2986,,7,3,0,3,3,0,3,0,0,0,0,0,0.001763
7902,,7,3,2,5,3,2,5,9,0.238612,0.248006,335.935801,0.25,0.003704
2987,,16,0,1,1,0,1,1,9,0.197044,0.201378,0,0,0
15273,,16,1,2,3,1,2,3,8,0.264674,0.275951,1284.760184,0.833333,0.000488
24388,,16,1,1,2,1,1,2,9,0.202971,0.20812,0,0,0.000488
20272,,16,1,0,1,1,0,1,0,0,0,0,0,0.000216
25922,,1,1,4,5,1,4,5,8,0.229577,0.237668,114.132402,0.05,0.000216
2991,,16,0,2,2,0,2,2,9,0.224524,0.232146,0,0,0
17860,,7,1,0,1,1,0,1,0,0,0,0,0,0.000302
35095,,7,1,0,1,1,0,1,0,0,0,0,0,0.000302
15535,,7,1,0,1,1,0,1,0,0,0,0,0,0.000238
10529,,7,2,4,6,2,4,6,8,0.26563,0.276875,1781.530619,0.3,0.002036
2997,,36,1,3,4,1,3,4,8,0.23552,0.243602,18827,0.416667,0.000168
25947,,7,1,2,3,1,2,3,9,0.229683,0.237298,123.035678,0.166667,0.000326
3002,,7,0,1,1,0,1,1,1,1,1,0,0,0
3003,,7,0,2,2,0,2,2,8,0.26344,0.274214,0,0.5,0
3004,,16,0,3,3,0,3,3,8,0.270853,0.283469,0,1,0
3007,,16,1,6,7,1,6,7,8,0.244538,0.254817,286.689238,0.285714,0.00029
9029,,7,2,3,5,2,3,5,8,0.250066,0.259094,57.771175,0.25,0.000827
3011,,36,0,4,4,0,4,4,8,0.262394,0.273839,0,0.333333,0
11656,,1,2,2,4,2,2,4,8,0.232382,0.240499,18066.44735,0.083333,0.000342
16065,,16,1,1,2,1,1,2,10,0.178029,0.181721,0,1,0.000849
12683,,16,1,1,2,1,1,2,8,0.251382,0.261452,0,0.5,0.000849
25207,,16,1,0,1,1,0,1,0,0,0,0,0,0.000849
29145,,16,1,0,1,1,0,1,0,0,0,0,0,0.000849
29162,,16,2,0,2,2,0,2,0,0,0,0,1,0.001084
25708,,16,4,4,8,4,4,8,8,0.245607,0.255391,2134.959838,0.071429,0.001547
6854,,12,1,7,8,1,7,8,8,0.262614,0.274184,326.618353,0.125,0.000297
11239,,7,1,1,2,1,1,2,8,0.239376,0.246968,0,0.5,0.000297
17498,,7,1,0,1,1,0,1,0,0,0,0,0,0.000311
27561,,7,1,0,1,1,0,1,0,0,0,0,0,0.000311
3018,,2,0,2,2,0,2,2,11,0.149388,0.151346,0,0,0
8760,,2,1,1,2,1,1,2,10,0.175609,0.178711,18826,0,0.000168
3021,,16,0,1,1,0,1,1,8,0.251382,0.261452,0,0,0
3022,,80,1,2,3,1,2,3,9,0.226543,0.234061,18828,0,0.000168
3154,,80,1,0,1,1,0,1,0,0,0,0,0,0.000173
21903,,7,2,3,5,2,3,5,8,0.246588,0.255738,0,0.833333,0.003815
17477,,12,19,7,26,19,7,26,10,0.164922,0.168278,125037.810306,0.11413,0.003855
29360,,7,1,0,1,1,0,1,0,0,0,0,0,0.000456
29761,,7,1,9,10,1,9,10,8,0.24721,0.256047,26368.39984,0.055556,0.000456
34897,,7,1,0,1,1,0,1,0,0,0,0,0,0.000456
3024,,80,0,1,1,0,1,1,10,0.184709,0.188711,0,0,0
6492,,16,1,0,1,1,0,1,0,0,0,0,0,0.000785
7623,,16,1,0,1,1,0,1,0,0,0,0,0,0.000785
17513,,16,1,0,1,1,0,1,0,0,0,0,0,0.000785
23764,,16,1,0,1,1,0,1,0,0,0,0,0,0.000785
27057,,16,1,1,2,1,1,2,9,0.213222,0.21981,0,0,0.000785
3028,,16,1,9,10,1,9,10,8,0.273491,0.285882,18838.765734,0.211111,0.000223
31265,,16,1,0,1,1,0,1,0,0,0,0,0,0.000223
31266,,16,1,0,1,1,0,1,0,0,0,0,0,0.000223
22406,,7,1,0,1,1,0,1,0,0,0,0,0,0.000808
24742,,7,1,0,1,1,0,1,0,0,0,0,0,0.000808
3030,,7,0,2,2,0,2,2,8,0.238489,0.24638,0,0,0
3032,,14,0,1,1,0,1,1,8,0.247395,0.256736,0,0,0
26581,,7,1,0,1,1,0,1,0,0,0,0,0,0.000211
3035,,7,1,18,19,1,18,19,8,0.274016,0.286686,2990.058789,0.19883,0.000175
28724,,7,1,0,1,1,0,1,0,0,0,0,0,0.000358
24079,,7,1,6,7,1,6,7,8,0.248394,0.258495,136.521783,0.133333,0.000358
26350,,7,1,0,1,1,0,1,0,0,0,0,0,0.000196
5051,,7,1,1,2,1,1,2,9,0.207903,0.213248,9.379138,0,0.000468
3043,,81,0,3,3,0,3,3,10,0.188589,0.192975,0,0.333333,0
11261,,81,18,8,26,18,8,26,11,0.15251,0.155196,97914.053142,0.102381,0.003335
22165,,81,11,6,17,11,6,17,11,0.152487,0.155037,45349.694572,0.166667,0.00213
3045,,7,2,5,7,2,5,7,8,0.280232,0.293684,281.992494,0.309524,0.000451
8407,,7,1,4,5,1,4,5,8,0.231551,0.239499,26712.330295,0,0.002024
18625,,7,1,0,1,1,0,1,0,0,0,0,0,0.002024
23231,,7,2,0,2,2,0,2,0,0,0,0,0,0.002193
10218,,7,3,1,4,3,1,4,9,0.226462,0.234214,11.282316,0.083333,0.002432
10892,,7,2,1,3,2,1,3,8,0.261476,0.272569,51.448134,0.166667,0.002193
14725,,7,2,1,3,2,1,3,10,0.179143,0.182688,8599.019195,0,0.002193
8689,,7,4,2,6,4,2,6,8,0.26149,0.272611,27998.449086,0.066667,0.002529
5065,,7,2,1,3,2,1,3,9,0.226462,0.234214,6.260417,0.166667,0.002193
9845,,7,3,1,4,3,1,4,8,0.261476,0.272569,865.904679,0.083333,0.002508
25079,,16,2,3,5,2,3,5,9,0.230725,0.238631,9314.390101,0,0.002273
23050,,7,1,3,4,1,3,4,8,0.241093,0.249052,913.087413,0,0.002024
3050,,7,0,1,1,0,1,1,9,0.216594,0.222797,0,0,0
4299,,36,2,5,7,2,5,7,8,0.273423,0.286094,31710.229771,0.119048,0.000583
21642,,7,4,0,4,4,0,4,0,0,0,0,0.166667,0.001964
3053,,67,0,1,1,0,1,1,9,0.209273,0.214623,0,0,0
3054,,14,0,10,10,0,10,10,8,0.244545,0.254059,0,0.122222,0
15433,,7,4,4,8,4,4,8,8,0.248495,0.257894,41613.47094,0.089286,0.000986
3461,,7,1,1,2,1,1,2,8,0.236181,0.243771,0,0,0.000317
8222,,7,4,4,8,4,4,8,9,0.218422,0.22526,45470.456136,0,0.001304
9281,,7,2,4,6,2,4,6,9,0.215709,0.221809,562.541069,0.066667,0.000955
3057,,238,1,1,2,1,1,2,10,0.180043,0.183614,18826,0,0.000199
3058,,12,3,10,13,3,10,13,8,0.263293,0.275036,26958.323291,0.134615,0.00101
8854,,12,1,1,2,1,1,2,8,0.244567,0.253556,104.717775,0,0.000187
3059,,16,1,6,7,1,6,7,8,0.257742,0.269705,305.967893,0.5,0.000506
3060,,65,0,1,1,0,1,1,8,0.236841,0.24458,0,0,0
3062,,82,0,1,1,0,1,1,1,1,1,0,0,0
3063,,82,1,0,1,1,0,1,0,0,0,0,0,0.000168
3066,,7,1,10,11,1,10,11,8,0.280782,0.293893,1622.540103,0.227273,0.000168
3067,,7,0,1,1,0,1,1,8,0.261475,0.272568,0,0,0
12805,,2,2,5,7,2,5,7,9,0.219796,0.226574,12790.249729,0.466667,0.000399
35444,,2,1,2,3,1,2,3,9,0.182874,0.186634,0,1,0.000226
10854,,7,1,2,3,1,2,3,9,0.219809,0.226408,21.491548,0.333333,0.000271
3072,,7,0,1,1,0,1,1,8,0.262756,0.273466,0,0,0
4033,,7,1,2,3,1,2,3,9,0.200813,0.205243,25976.484607,0,0.000198
13088,,16,1,2,3,1,2,3,8,0.220822,0.227624,40.968661,0,0.00024
23378,,16,1,0,1,1,0,1,0,0,0,0,0,0.00024
5146,,16,1,8,9,1,8,9,8,0.246217,0.25501,451.196369,0.071429,0.00024
27632,,16,2,1,3,2,1,3,9,0.231742,0.239902,94.4105,0.333333,0.00112
32117,,16,2,0,2,2,0,2,0,0,0,0,0.5,0.000755
35245,,16,1,0,1,1,0,1,0,0,0,0,0,0.00024
9578,,7,4,7,11,4,7,11,8,0.275472,0.288636,1607.4525,0.3,0.001211
13599,,7,3,8,11,3,8,11,8,0.252671,0.262744,400.947837,0.233333,0.001228
3077,,14,0,1,1,0,1,1,8,0.25615,0.266929,0,0,0
11512,,16,1,0,1,1,0,1,0,0,0,0,0,0.000372
11513,,16,1,0,1,1,0,1,0,0,0,0,0,0.000372
15231,,16,1,0,1,1,0,1,0,0,0,0,0,0.000372
35124,,16,4,28,32,4,28,32,8,0.272493,0.286232,53878.279842,0.021169,0.000877
3081,,16,2,2,4,2,2,4,9,0.226527,0.234048,26188.902393,0,0.000673
8394,,16,1,0,1,1,0,1,0,0,0,0,0,0.000181
10101,,7,5,6,11,5,6,11,8,0.266718,0.278724,8725.011504,0.109091,0.00169
13588,,7,1,2,3,1,2,3,9,0.222909,0.229878,252.976009,0.333333,0.000382
3087,,14,0,1,1,0,1,1,9,0.217915,0.224606,0,0,0
6095,,7,2,0,2,2,0,2,0,0,0,0,0.5,0.00052
17641,,67,1,2,3,1,2,3,9,0.227827,0.235448,0,1,0.000294
16168,,7,1,0,1,1,0,1,0,0,0,0,0,0.000737
3092,,1,0,1,1,0,1,1,9,0.229791,0.237541,0,0,0
12147,,36,1,0,1,1,0,1,0,0,0,0,0,0.00024
3095,,7,0,18,18,0,18,18,8,0.275789,0.289612,0,0.169935,0
3096,,16,0,2,2,0,2,2,8,0.23688,0.245669,0,0,0
3101,,2,2,5,7,2,5,7,9,0.201848,0.207089,94102.945213,0.166667,0.000442
4333,,2,1,1,2,1,1,2,11,0.143819,0.14571,0,0,0.000217
4334,,2,1,0,1,1,0,1,0,0,0,0,0,0.000217
9932,,2,1,0,1,1,0,1,0,0,0,0,0,0.000217
5842,,36,2,5,7,2,5,7,9,0.233336,0.241948,533.730815,0.071429,0.000429
6944,,36,3,1,4,3,1,4,8,0.228868,0.236455,21.920752,0.333333,0.001578
5887,,7,1,1,2,1,1,2,1,1,1,142.745528,0,0.00116
5945,,36,2,7,9,2,7,9,8,0.260146,0.2716,31263.955613,0.089286,0.001343
6945,,7,1,1,2,1,1,2,9,0.222353,0.229211,78.620137,0,0.00116
12956,,7,1,0,1,1,0,1,0,0,0,0,0,0.00116
5862,,36,5,5,10,5,5,10,8,0.265656,0.276785,48628.511528,0.142857,0.001871
15668,,36,2,0,2,2,0,2,0,0,0,0,1,0.001362
23530,,36,1,5,6,1,5,6,8,0.231485,0.239258,25975,0.35,0.00116
11965,,1,1,1,2,1,1,2,9,0.223972,0.230993,23.734601,0,0.00116
28402,,7,1,0,1,1,0,1,0,0,0,0,0,0.00116
3104,,7,0,2,2,0,2,2,8,0.23996,0.248755,0,1,0
5568,,14,1,0,1,1,0,1,0,0,0,0,0,0.000391
7533,,14,1,0,1,1,0,1,0,0,0,0,0,0.000391
11820,,14,2,1,3,2,1,3,9,0.226451,0.23364,174.414053,0,0.000906
12601,,14,2,1,3,2,1,3,9,0.226451,0.23364,0,1,0.000567
14843,,14,1,1,2,1,1,2,9,0.226451,0.23364,0,0,0.000391
21115,,14,1,0,1,1,0,1,0,0,0,0,0,0.000391
22139,,14,1,0,1,1,0,1,0,0,0,0,0,0.000391
22444,,14,1,0,1,1,0,1,0,0,0,0,0,0.000391
15899,,14,1,2,3,1,2,3,9,0.226454,0.233667,0,1,0.000391
25487,,14,1,0,1,1,0,1,0,0,0,0,0,0.000391
27639,,14,1,1,2,1,1,2,9,0.226451,0.23364,0,0,0.000391
28286,,14,1,0,1,1,0,1,0,0,0,0,0,0.000391
28182,,14,1,1,2,1,1,2,9,0.226451,0.23364,0,0,0.000391
26572,,14,1,1,2,1,1,2,9,0.226451,0.23364,0,0,0.000391
34159,,14,1,0,1,1,0,1,0,0,0,0,0,0.000391
35633,,14,1,0,1,1,0,1,0,0,0,0,0,0.000391
3110,,16,0,2,2,0,2,2,8,0.227355,0.234237,0,1,0
3111,,7,0,1,1,0,1,1,8,0.217234,0.223577,0,0,0
3115,,7,0,4,4,0,4,4,8,0.253997,0.263787,0,0.083333,0
3116,,7,4,0,4,4,0,4,0,0,0,0,0.083333,0.001332
3120,,12,1,2,3,1,2,3,9,0.199847,0.205116,40.414745,0.333333,0.000324
3122,,7,0,3,3,0,3,3,8,0.22552,0.232326,0,0.166667,0
6509,,7,1,2,3,1,2,3,8,0.261493,0.272629,3003.301782,0.333333,0.000168
3123,,12,0,4,4,0,4,4,8,0.230283,0.237903,0,0.416667,0
3130,,7,0,2,2,0,2,2,8,0.262936,0.273729,0,0,0
15886,,7,2,1,3,2,1,3,9,0.185525,0.18988,771.344878,0.166667,0.000488
22785,,7,1,0,1,1,0,1,0,0,0,0,0,0.00031
3175,,16,3,2,5,3,2,5,9,0.221829,0.228392,18829.280039,0.55,0.000675
3627,,14,1,0,1,1,0,1,0,0,0,0,0,0.000173
26207,,16,1,0,1,1,0,1,0,0,0,0,0,0.000326
3138,,2,0,1,1,0,1,1,8,0.235883,0.243933,0,0,0
12057,,41,1,0,1,1,0,1,0,0,0,0,0,0.00027
4488,,7,2,7,9,2,7,9,9,0.234023,0.242049,26652.380611,0.071429,0.000866
10773,,7,1,1,2,1,1,2,8,0.238712,0.2466,0,0.5,0.000693
14308,,7,1,0,1,1,0,1,0,0,0,0,0,0.000693
19083,,7,1,2,3,1,2,3,9,0.228735,0.236692,975.300493,0.333333,0.000693
25354,,7,1,0,1,1,0,1,0,0,0,0,0,0.000693
25228,,16,1,2,3,1,2,3,8,0.237435,0.246302,40.693384,0,0.000693
8922,,7,2,3,5,2,3,5,9,0.229322,0.238239,817.212601,0.3,0.000954
33302,,7,1,0,1,1,0,1,0,0,0,0,0,0.000693
3143,,16,0,1,1,0,1,1,9,0.228869,0.236881,0,0,0
10671,,7,1,1,2,1,1,2,8,0.26276,0.27347,0,0.5,0.000223
3149,,7,0,1,1,0,1,1,9,0.229833,0.237605,0,0,0
3152,,36,1,0,1,1,0,1,0,0,0,0,0,0.000451
16493,,36,1,1,2,1,1,2,8,0.237621,0.245065,85.372418,0,0.000451
19376,,36,1,0,1,1,0,1,0,0,0,0,0,0.000451
23069,,36,1,1,2,1,1,2,1,1,1,58.644775,0,0.000451
21725,,36,2,0,2,2,0,2,0,0,0,0,0,0.000619
3153,,7,1,7,8,1,7,8,8,0.249572,0.258969,224.213141,0.142857,0.00018
3177,,12,2,6,8,2,6,8,8,0.241613,0.250695,26025.674461,0.333333,0.000593
7432,,16,1,2,3,1,2,3,8,0.251395,0.261495,25975,0.166667,0.00038
25782,,7,1,1,2,1,1,2,10,0.196452,0.201172,0,0,0.000245
23183,,7,1,4,5,1,4,5,8,0.265226,0.276706,1423.01197,0.2,0.000245
3161,,83,0,1,1,0,1,1,1,1,1,0,0,0
3162,,83,1,0,1,1,0,1,0,0,0,0,0,0.000168
25812,,7,2,0,2,2,0,2,0,0,0,0,0,0.000426
14621,,7,1,4,5,1,4,5,9,0.217363,0.223842,26366.009079,0.166667,0.000345
27400,,7,1,0,1,1,0,1,0,0,0,0,0,0.000345
3168,,67,0,2,2,0,2,2,1,1,1,0,0,0
3169,,67,1,0,1,1,0,1,0,0,0,0,0,0.000168
3171,,84,0,1,1,0,1,1,1,1,1,0,0,0
3172,,84,1,0,1,1,0,1,0,0,0,0,0,0.000168
27659,,7,1,2,3,1,2,3,8,0.238003,0.24618,18.451561,0,0.000599
29342,,7,1,0,1,1,0,1,0,0,0,0,0,0.000599
29954,,7,1,0,1,1,0,1,0,0,0,0,0,0.000599
3174,,16,0,1,1,0,1,1,10,0.181563,0.185103,0,0,0
3176,,14,0,2,2,0,2,2,9,0.214094,0.220571,0,0,0
8343,,7,1,0,1,1,0,1,0,0,0,0,0,0.000195
14940,,7,1,1,2,1,1,2,9,0.210266,0.215839,0,0,0.000217
28199,,7,3,9,12,3,9,12,8,0.269166,0.280924,19270.1814,0.2,0.000564
3182,,16,0,2,2,0,2,2,8,0.268321,0.279964,0,0.5,0
13066,,7,1,0,1,1,0,1,0,0,0,0,0,0.000508
3184,,7,2,6,8,2,6,8,8,0.24577,0.254726,18914.667488,0.214286,0.000341
4169,,41,1,4,5,1,4,5,8,0.232992,0.241125,475.255526,0,0.000238
5992,,7,1,0,1,1,0,1,0,0,0,0,0,0.000238
18019,,7,1,0,1,1,0,1,0,0,0,0,0,0.000238
30819,,7,1,0,1,1,0,1,0,0,0,0,0,0.000238
13618,,7,2,1,3,2,1,3,9,0.200068,0.20437,15.378292,0,0.000826
3187,,41,0,1,1,0,1,1,9,0.195066,0.199384,0,0,0
5056,,7,1,1,2,1,1,2,9,0.215233,0.221459,0,0,0.000325
19786,,7,1,0,1,1,0,1,0,0,0,0,0,0.000325
13650,,7,1,1,2,1,1,2,9,0.215233,0.221459,0,0,0.000325
34682,,7,1,0,1,1,0,1,0,0,0,0,0,0.000325
3192,,16,0,1,1,0,1,1,9,0.240079,0.248614,0,0,0
3194,,16,0,2,2,0,2,2,9,0.206369,0.211365,0,1,0
28600,,16,3,2,5,3,2,5,9,0.194852,0.199379,59.867857,0.5,0.000608
4385,,16,1,2,3,1,2,3,8,0.218176,0.224765,25974,0.5,0.000315
7435,,41,18,14,32,18,14,32,8,0.242356,0.25196,172532.615254,0.049425,0.003739
17368,,36,1,2,3,1,2,3,9,0.220869,0.227976,87.527537,0,0.000173
16417,,7,1,1,2,1,1,2,8,0.242828,0.251832,0,0.5,0.000293
28491,,7,1,1,2,1,1,2,9,0.217838,0.224578,142.034563,0,0.000293
3202,,41,0,2,2,0,2,2,9,0.223946,0.231205,0,0,0
7803,,41,1,4,5,1,4,5,8,0.236785,0.244948,964.99793,0,0.000168
8813,,7,1,1,2,1,1,2,9,0.223287,0.230447,0,0,0.000976
14528,,65,4,3,7,4,3,7,8,0.230844,0.238671,65052.017523,0.05,0.001686
3204,,7,3,3,6,3,3,6,8,0.244354,0.253459,2449.140232,0.066667,0.000666
3205,,7,0,1,1,0,1,1,9,0.224824,0.231856,0,0,0
3207,,7,3,4,7,3,4,7,9,0.220053,0.226955,26329.399025,0.1,0.001103
5432,,7,1,2,3,1,2,3,9,0.217883,0.224571,37.641794,0.166667,0.000188
26320,,7,3,2,5,3,2,5,8,0.24255,0.250916,545.472515,0.35,0.001724
3548,,14,1,0,1,1,0,1,0,0,0,0,0,0.000206
7918,,7,1,0,1,1,0,1,0,0,0,0,0,0.000285
16965,,7,1,0,1,1,0,1,0,0,0,0,0,0.000285
3213,,36,1,6,7,1,6,7,8,0.262852,0.274409,1549.575938,0.357143,0.000246
17816,,16,1,1,2,1,1,2,8,0.27219,0.283723,0,0.5,0.000531
11798,,16,3,5,8,3,5,8,8,0.25216,0.262745,1978.438261,0.142857,0.003523
33055,,16,1,0,1,1,0,1,0,0,0,0,0,0.000531
3223,,16,0,1,1,0,1,1,8,0.236535,0.24595,0,0,0
11888,,7,1,0,1,1,0,1,0,0,0,0,0,0.00036
34736,,7,1,0,1,1,0,1,0,0,0,0,0,0.00036
5368,,16,1,1,2,1,1,2,8,0.251379,0.261448,0,1,0.000299
15294,,1,1,0,1,1,0,1,0,0,0,0,0,0.000502
21161,,1,2,0,2,2,0,2,0,0,0,0,0,0.00067
16866,,16,1,1,2,1,1,2,9,0.203483,0.208648,0,0,0.000434
23268,,16,4,3,7,4,3,7,9,0.203487,0.208701,19016.567852,0.333333,0.001153
23939,,16,1,1,2,1,1,2,9,0.203483,0.208648,0,0,0.000434
23993,,16,2,2,4,2,2,4,9,0.203485,0.208675,0,1,0.000625
24149,,16,2,1,3,2,1,3,10,0.169083,0.172019,0,1,0.000625
17807,,16,2,14,16,2,14,16,7,0.299992,0.315871,36020.078883,0.116667,0.000612
4027,,81,3,2,5,3,2,5,9,0.224791,0.232437,1.700986,0.583333,0.000743
3237,,1,2,3,5,2,3,5,9,0.212354,0.218773,60.096,0.4,0.00039
32447,,1,1,0,1,1,0,1,0,0,0,0,0,0.000189
28117,,7,2,0,2,2,0,2,0,0,0,0,0,0.000575
26526,,36,1,1,2,1,1,2,1,1,1,0.5,0,0.000201
3242,,16,0,1,1,0,1,1,8,0.251382,0.261452,0,0,0
3244,,22,10,2,12,10,2,12,9,0.21286,0.218934,10.071429,0.219697,0.002094
11343,,22,5,2,7,5,2,7,9,0.21286,0.218934,29.045472,0.357143,0.001183
3986,,41,3,10,13,3,10,13,8,0.265417,0.276715,38128.282771,0.1,0.000661
4517,,41,2,1,3,2,1,3,9,0.214078,0.219902,0,1,0.000436
3248,,7,1,0,1,1,0,1,0,0,0,0,0,0.000702
22098,,14,2,0,2,2,0,2,0,0,0,0,0,0.001215
27238,,7,1,0,1,1,0,1,0,0,0,0,0,0.000702
29050,,7,1,3,4,1,3,4,8,0.278121,0.29056,801.685347,0.416667,0.000702
18683,,2,1,0,1,1,0,1,0,0,0,0,0,0.000402
20442,,2,1,1,2,1,1,2,9,0.207057,0.21262,0,0,0.000402
23158,,2,1,3,4,1,3,4,8,0.223422,0.230147,7151.664009,0.166667,0.000402
4598,,7,1,1,2,1,1,2,9,0.209259,0.21489,2.55023,0,0.000241
10567,,7,1,0,1,1,0,1,0,0,0,0,0,0.000241
29586,,7,2,1,3,2,1,3,8,0.233235,0.240203,12.052945,0.166667,0.00044
3254,,36,2,1,3,2,1,3,8,0.235661,0.243091,0,0.5,0.000356
10677,,36,1,0,1,1,0,1,0,0,0,0,0,0.000188
20288,,36,1,0,1,1,0,1,0,0,0,0,0,0.000188
24928,,36,1,0,1,1,0,1,0,0,0,0,0,0.000188
19218,,36,8,4,12,8,4,12,8,0.262317,0.273613,65816.752939,0.072727,0.002261
24769,,36,1,1,2,1,1,2,9,0.187732,0.192249,20.814546,0,0.000188
3255,,7,0,1,1,0,1,1,9,0.224717,0.23191,0,0,0
17975,,16,1,0,1,1,0,1,0,0,0,0,0,0.000303
14715,,22,2,2,4,2,2,4,9,0.21366,0.220145,14148.727686,0.333333,0.000595
21648,,16,1,0,1,1,0,1,0,0,0,0,0,0.000303
23049,,41,1,3,4,1,3,4,8,0.209473,0.215742,79752.126622,0,0.000303
17546,,12,2,4,6,2,4,6,8,0.242938,0.251805,1191.694052,0.3,0.002927
26083,,41,2,4,6,2,4,6,7,0.294083,0.308524,61191.702288,0.15,0.000491
28626,,16,1,0,1,1,0,1,0,0,0,0,0,0.000303
28259,,2,1,2,3,1,2,3,8,0.232984,0.241001,0,0.833333,0.000303
23667,,16,4,1,5,4,1,5,9,0.192909,0.196682,18984.402753,0.1,0.001442
14078,,22,4,3,7,4,3,7,9,0.216919,0.22295,45376.740331,0.1,0.000934
13035,,16,3,2,5,3,2,5,8,0.239422,0.247652,37656.086628,0.05,0.000639
31417,,16,1,0,1,1,0,1,0,0,0,0,0,0.000303
30968,,16,3,3,6,3,3,6,8,0.231141,0.23884,19368.90147,0.133333,0.000667
13343,,16,5,5,10,5,5,10,8,0.255351,0.266777,56622.808165,0.013889,0.001178
31532,,16,1,1,2,1,1,2,8,0.237378,0.246859,25.794648,0,0.000303
33147,,16,1,0,1,1,0,1,0,0,0,0,0,0.000303
33203,,16,1,0,1,1,0,1,0,0,0,0,0,0.000303
25925,,7,1,3,4,1,3,4,9,0.231269,0.238929,705.440317,0,0.000303
13217,,16,2,1,3,2,1,3,10,0.188944,0.193256,146.566548,0,0.000693
29657,,16,3,2,5,3,2,5,9,0.201145,0.206861,18826,0.333333,0.000839
11329,,7,1,6,7,1,6,7,8,0.240321,0.249722,26035.327645,0.166667,0.000232
3259,,69,1,0,1,1,0,1,0,0,0,0,0,0.000492
12788,,69,1,5,6,1,5,6,8,0.225068,0.232134,54417.729889,0.1,0.000492
11703,,69,3,1,4,3,1,4,8,0.224716,0.23155,287.227326,0.333333,0.000841
15966,,69,2,1,3,2,1,3,8,0.224716,0.23155,0,0.5,0.00066
21948,,69,1,0,1,1,0,1,0,0,0,0,0,0.000492
22982,,69,2,2,4,2,2,4,8,0.224718,0.231576,12516.092376,0.5,0.000673
26727,,69,1,1,2,1,1,2,8,0.224716,0.23155,0,0,0.000492
24916,,69,2,2,4,2,2,4,9,0.190416,0.194773,18980.871565,0.166667,0.00066
30498,,69,1,1,2,1,1,2,8,0.224716,0.23155,0,0,0.000492
3260,,7,0,4,4,0,4,4,8,0.272538,0.284141,0,0.333333,0
4516,,7,1,5,6,1,5,6,7,0.297806,0.312958,881.64902,0.433333,0.000168
8267,,7,1,6,7,1,6,7,8,0.255313,0.26579,29502.879455,0.071429,0.000619
11405,,16,1,1,2,1,1,2,8,0.244433,0.254493,0,0.5,0.000325
15379,,16,1,0,1,1,0,1,0,0,0,0,0,0.000325
20276,,41,2,0,2,2,0,2,0,0,0,0,0,0.0005
32426,,16,1,1,2,1,1,2,8,0.237372,0.246852,0,1,0.000325
5795,,81,1,1,2,1,1,2,9,0.191654,0.195714,0,0,0.000238
17389,,81,1,0,1,1,0,1,0,0,0,0,0,0.000184
12721,,16,1,2,3,1,2,3,9,0.200624,0.206138,27.953436,0.166667,0.000346
16527,,16,1,1,2,1,1,2,9,0.211752,0.218046,0,0,0.000346
11369,,16,1,1,2,1,1,2,9,0.218267,0.224869,30.095798,0,0.000346
3266,,7,0,2,2,0,2,2,8,0.264094,0.275068,0,0.5,0
5262,,16,2,3,5,2,3,5,9,0.23109,0.238659,10523.095501,0.3,0.000352
6611,,16,3,0,3,3,0,3,0,0,0,0,0.5,0.000529
3269,,36,0,1,1,0,1,1,9,0.186678,0.190458,0,0,0
3270,,7,0,1,1,0,1,1,8,0.244933,0.25344,0,0,0
3272,,16,0,3,3,0,3,3,8,0.235044,0.242986,0,0,0
3273,,16,1,4,5,1,4,5,8,0.241325,0.249582,584.603186,0.1,0.000168
12955,,25,1,1,2,1,1,2,9,0.208018,0.213609,0,0,0.000319
3275,,7,0,1,1,0,1,1,8,0.248387,0.257168,0,0,0
3277,,41,0,1,1,0,1,1,9,0.19616,0.200764,0,0,0
3524,,16,2,1,3,2,1,3,8,0.234595,0.241737,0,1,0.00089
3282,,16,1,1,2,1,1,2,8,0.234595,0.241737,0,0,0.000712
3523,,16,1,2,3,1,2,3,8,0.234598,0.241764,0,1,0.000712
4527,,2,2,4,6,2,4,6,8,0.243296,0.251647,70773,0.166667,0.000885
7893,,16,3,1,4,3,1,4,8,0.234595,0.241737,0,0.833333,0.001124
8885,,16,1,1,2,1,1,2,8,0.234595,0.241737,0,0,0.000712
12136,,16,1,0,1,1,0,1,0,0,0,0,0,0.000712
16679,,16,1,0,1,1,0,1,0,0,0,0,0,0.000712
17528,,16,1,1,2,1,1,2,8,0.234595,0.241737,0,0,0.000712
18993,,16,1,1,2,1,1,2,8,0.234595,0.241737,0,0,0.000712
4667,,7,1,0,1,1,0,1,0,0,0,0,0,0.000299
6363,,719,2,0,2,2,0,2,0,0,0,0,0,0.00082
9045,,7,2,1,3,2,1,3,9,0.201654,0.207167,0,0.5,0.00082
15025,,7,1,2,3,1,2,3,9,0.214458,0.220901,57.608359,0,0.000651
9844,,2,1,4,5,1,4,5,8,0.237387,0.245215,4041.660464,0.25,0.000651
16439,,7,1,0,1,1,0,1,0,0,0,0,0,0.000651
21236,,7,1,1,2,1,1,2,9,0.225523,0.232474,92.400171,0,0.000651
6666,,7,1,2,3,1,2,3,9,0.232681,0.239877,357.062813,0,0.000651
23679,,7,1,2,3,1,2,3,8,0.261574,0.272709,26473.88047,0,0.00029
29086,,7,1,0,1,1,0,1,0,0,0,0,0,0.00029
23590,,7,2,0,2,2,0,2,0,0,0,0,0,0.000928
3286,,7,0,1,1,0,1,1,9,0.215686,0.221565,0,0,0
12036,,7,1,0,1,1,0,1,0,0,0,0,0,0.000281
3288,,36,0,2,2,0,2,2,9,0.217109,0.223728,0,0.5,0
3386,,69,4,2,6,4,2,6,8,0.233059,0.241313,90.256294,0.4,0.000784
3537,,69,1,0,1,1,0,1,0,0,0,0,0,0.000204
3291,,7,5,19,24,5,19,24,8,0.275992,0.290072,153792.824167,0.094862,0.000929
7616,,67,1,0,1,1,0,1,0,0,0,0,0,0.000198
22621,,67,1,0,1,1,0,1,0,0,0,0,0,0.000198
6132,,118,2,0,2,2,0,2,0,0,0,0,0,0.000361
13622,,41,2,4,6,2,4,6,8,0.257827,0.269097,44817.559047,0.033333,0.000361
20646,,7,1,11,12,1,11,12,8,0.273371,0.285604,26402.137068,0.113636,0.000193
12511,,7,1,0,1,1,0,1,0,0,0,0,0,0.00031
3295,,7,0,1,1,0,1,1,8,0.262756,0.273466,0,0,0
4778,,16,1,0,1,1,0,1,0,0,0,0,0,0.000263
8462,,16,1,4,5,1,4,5,8,0.239279,0.247532,724.915539,0.166667,0.000263
18282,,16,1,1,2,1,1,2,9,0.185897,0.190001,0,0,0.000263
17599,,16,1,1,2,1,1,2,10,0.176,0.179354,0,1,0.000263
11231,,67,1,0,1,1,0,1,0,0,0,0,0,0.000326
12122,,67,1,2,3,1,2,3,9,0.228793,0.237322,0,1,0.000326
12953,,67,1,0,1,1,0,1,0,0,0,0,0,0.000326
20497,,67,3,0,3,3,0,3,0,0,0,0,0.333333,0.000768
21889,,67,1,1,2,1,1,2,10,0.186114,0.190437,35.032603,0,0.000326
11569,,67,2,3,5,2,3,5,8,0.23446,0.241445,0,0.666667,0.000619
21514,,67,3,3,6,3,3,6,9,0.248751,0.258844,19366.505534,0.05,0.000738
10990,,67,2,3,5,2,3,5,9,0.223584,0.230131,26036.286538,0.166667,0.000627
31104,,67,1,0,1,1,0,1,0,0,0,0,0,0.000326
24338,,67,2,0,2,2,0,2,0,0,0,0,0,0.000531
32802,,67,1,1,2,1,1,2,9,0.217614,0.223752,0,1,0.000326
3303,,41,0,1,1,0,1,1,9,0.195066,0.199384,0,0,0
3305,,7,0,1,1,0,1,1,8,0.248761,0.257751,0,0,0
3652,,53,2,2,4,2,2,4,9,0.220548,0.227258,0,1,0.000809
17302,,12,2,0,2,2,0,2,0,0,0,0,0,0.000777
33271,,53,1,2,3,1,2,3,9,0.220662,0.227479,0,1,0.000583
3309,,7,0,2,2,0,2,2,8,0.253579,0.26408,0,0.5,0
3311,,2,0,2,2,0,2,2,10,0.193949,0.198201,0,0.5,0
14213,,7,2,1,3,2,1,3,8,0.224957,0.231307,18826,0.333333,0.00043
14354,,7,1,3,4,1,3,4,8,0.240367,0.248328,726.886722,0.666667,0.002062
8951,,7,3,5,8,3,5,8,8,0.256565,0.266613,545.366141,0.02381,0.000935
26048,,7,3,3,6,3,3,6,9,0.23179,0.23922,0,1,0.000855
30065,,7,1,0,1,1,0,1,0,0,0,0,0,0.000219
19659,,7,2,0,2,2,0,2,0,0,0,0,0,0.001391
25938,,7,1,0,1,1,0,1,0,0,0,0,0,0.000302
3320,,7,2,3,5,2,3,5,8,0.232701,0.239977,106.599147,0.1,0.001017
18284,,7,1,0,1,1,0,1,0,0,0,0,0,0.000423
29124,,7,1,0,1,1,0,1,0,0,0,0,0,0.000423
16960,,7,1,1,2,1,1,2,10,0.182532,0.186246,25974.552381,0,0.000423
3325,,14,0,2,2,0,2,2,8,0.256293,0.267166,0,1,0
3329,,7,0,3,3,0,3,3,9,0.231758,0.239973,0,0.166667,0
21028,,7,1,0,1,1,0,1,0,0,0,0,0,0.000168
3330,,12,1,1,2,1,1,2,9,0.203888,0.209367,99.444064,0,0.000168
16730,,12,1,0,1,1,0,1,0,0,0,0,0,0.000252
23123,,12,1,2,3,1,2,3,8,0.229899,0.237531,166.234773,0,0.000252
18782,,7,1,0,1,1,0,1,0,0,0,0,0,0.000255
3337,,7,1,3,4,1,3,4,8,0.22421,0.230977,650.114878,0.083333,0.000638
11019,,7,2,3,5,2,3,5,8,0.232744,0.240527,616.008786,0.05,0.000446
4569,,7,1,8,9,1,8,9,8,0.270081,0.282181,28050.871081,0.055556,0.000183
3340,,7,1,4,5,1,4,5,9,0.226547,0.233784,18827,0.05,0.000168
3342,,7,0,27,27,0,27,27,8,0.291437,0.307499,0,0.084046,0
5910,,7,5,1,6,5,1,6,9,0.230937,0.238208,19599.627974,0.033333,0.001208
28601,,7,1,1,2,1,1,2,10,0.187619,0.191456,0,0.5,0.000168
21895,,7,1,1,2,1,1,2,8,0.224984,0.232542,7.235893,0,0.000226
31999,,7,2,0,2,2,0,2,0,0,0,0,0,0.000584
24294,,32,1,0,1,1,0,1,0,0,0,0,0,0.000215
3346,,7,0,1,1,0,1,1,8,0.240567,0.248665,0,0,0
3349,,7,0,1,1,0,1,1,9,0.216335,0.222453,0,0,0
3350,,14,0,1,1,0,1,1,8,0.25615,0.266929,0,0,0
27166,,7,1,0,1,1,0,1,0,0,0,0,0,0.000225
3356,,7,0,2,2,0,2,2,9,0.227487,0.234993,0,0.5,0
3357,,7,1,3,4,1,3,4,9,0.214869,0.221011,734.89807,0.166667,0.000168
8574,,7,1,0,1,1,0,1,0,0,0,0,0,0.000203
3360,,65,1,1,2,1,1,2,8,0.236841,0.24458,0,0.5,0.000168
3361,,36,0,2,2,0,2,2,9,0.190207,0.194084,0,0,0
3362,,36,1,1,2,1,1,2,8,0.23485,0.242175,18824,0,0.000168
3364,,7,0,1,1,0,1,1,8,0.223971,0.231195,0,0,0
6502,,1,1,0,1,1,0,1,0,0,0,0,0,0.000224
10106,,1,1,0,1,1,0,1,0,0,0,0,0,0.000224
22894,,1,1,1,2,1,1,2,1,1,1,92.719985,0,0.000224
31897,,1,3,0,3,3,0,3,0,0,0,0,0,0.000748
32217,,1,3,0,3,3,0,3,0,0,0,0,0,0.000748
16318,,16,1,0,1,1,0,1,0,0,0,0,0,0.001066
13150,,16,2,4,6,2,4,6,8,0.236069,0.243876,116.175745,0.266667,0.001359
32289,,16,1,0,1,1,0,1,0,0,0,0,0,0.001066
27930,,7,1,0,1,1,0,1,0,0,0,0,0,0.000974
30864,,7,1,1,2,1,1,2,9,0.192686,0.196685,0,1,0.000974
3369,,14,0,1,1,0,1,1,9,0.217915,0.224606,0,0,0
3484,,7,1,2,3,1,2,3,8,0.264559,0.275666,0,0.666667,0.000216
35450,,7,2,0,2,2,0,2,0,0,0,0,0,0.000632
3375,,16,1,2,3,1,2,3,9,0.220094,0.227105,26487.622424,0,0.000176
30777,,16,1,0,1,1,0,1,0,0,0,0,0,0.000173
3376,,2,0,9,9,0,9,9,8,0.26262,0.274182,0,0.152778,0
3379,,7,0,1,1,0,1,1,9,0.224717,0.23191,0,0,0
3380,,7,0,1,1,0,1,1,9,0.224717,0.23191,0,0,0
3381,,16,0,1,1,0,1,1,9,0.203219,0.20921,0,0,0
30605,,7,1,0,1,1,0,1,0,0,0,0,0,0.000207
3384,,7,0,1,1,0,1,1,9,0.224977,0.231842,0,0,0
3387,,36,0,2,2,0,2,2,8,0.225603,0.232989,0,0,0
29435,,7,1,0,1,1,0,1,0,0,0,0,0,0.000339
7426,,16,1,0,1,1,0,1,0,0,0,0,0,0.000212
8338,,7,1,0,1,1,0,1,0,0,0,0,0,0.00037
9647,,7,1,0,1,1,0,1,0,0,0,0,0,0.00037
5947,,7,1,0,1,1,0,1,0,0,0,0,0,0.000187
5861,,7,1,1,2,1,1,2,8,0.240462,0.248601,0,1,0.000269
9438,,7,1,5,6,1,5,6,8,0.245514,0.254547,26081.574842,0,0.000269
32538,,7,1,0,1,1,0,1,0,0,0,0,0,0.000269
34778,,7,1,0,1,1,0,1,0,0,0,0,0,0.000269
28749,,7,1,0,1,1,0,1,0,0,0,0,0,0.000235
11915,,65,3,2,5,3,2,5,8,0.244783,0.253508,700.706389,0,0.000884
29791,,16,3,5,8,3,5,8,9,0.224338,0.23126,635.148832,0.033333,0.00082
33470,,16,1,1,2,1,1,2,9,0.229177,0.237195,5.568928,0.5,0.000395
35549,,16,1,0,1,1,0,1,0,0,0,0,0,0.000395
6353,,7,1,0,1,1,0,1,0,0,0,0,0,0.000694
7965,,7,1,0,1,1,0,1,0,0,0,0,0,0.000694
8368,,7,1,0,1,1,0,1,0,0,0,0,0,0.000694
3401,,7,0,1,1,0,1,1,9,0.234856,0.243135,0,0,0
3408,,7,1,0,1,1,0,1,0,0,0,0,0,0.000181
3410,,32,0,1,1,0,1,1,8,0.234493,0.242444,0,0,0
3413,,95,5,3,8,5,3,8,8,0.24446,0.254585,94146,0.033333,0.000855
4141,,95,1,1,2,1,1,2,9,0.19644,0.201512,0,0,0.000192
4409,,95,1,2,3,1,2,3,9,0.196445,0.201548,4,0.5,0.000192
5866,,7,1,1,2,1,1,2,8,0.229124,0.236483,0,1,0.000188
15119,,7,1,1,2,1,1,2,8,0.229124,0.236483,0,1,0.000188
11236,,7,2,0,2,2,0,2,0,0,0,0,0,0.000707
16043,,7,1,0,1,1,0,1,0,0,0,0,0,0.000373
21958,,381,2,1,3,2,1,3,1,1,1,25976,0,0.000546
3422,,14,2,0,2,2,0,2,0,0,0,0,0,0.000383
4019,,14,1,0,1,1,0,1,0,0,0,0,0,0.000215
7707,,7,1,2,3,1,2,3,8,0.247184,0.256962,443.796923,0.333333,0.00024
3427,,7,0,1,1,0,1,1,9,0.229833,0.237605,0,0,0
3428,,7,0,11,11,0,11,11,8,0.241781,0.250966,0,0.118182,0
31520,,7,4,3,7,4,3,7,8,0.245095,0.253553,339.976087,0.2,0.002047
3429,,7,1,6,7,1,6,7,8,0.253973,0.264226,516.517753,0.214286,0.000168
21084,,7,1,0,1,1,0,1,0,0,0,0,0,0.000173
3430,,14,1,7,8,1,7,8,8,0.237398,0.245737,317.293337,0.017857,0.000173
3431,,14,1,0,1,1,0,1,0,0,0,0,0,0.000173
3432,,53,2,0,2,2,0,2,0,0,0,0,0,0.000811
5352,,14,1,0,1,1,0,1,0,0,0,0,0,0.000173
29915,,7,1,1,2,1,1,2,9,0.201864,0.206625,0,0,0.000389
8868,,16,1,6,7,1,6,7,8,0.258379,0.270683,286.59903,0.142857,0.000224
3437,,32,0,1,1,0,1,1,1,1,1,0,0,0
11870,,41,1,2,3,1,2,3,1,1,1,27069.42769,0,0.000361
35701,,7,1,0,1,1,0,1,0,0,0,0,0,0.000361
14410,,16,1,0,1,1,0,1,0,0,0,0,0,0.000212
3443,,7,0,1,1,0,1,1,9,0.216305,0.222732,0,0,0
23006,,16,1,2,3,1,2,3,9,0.186647,0.191056,35.5075,0,0.000231
3445,,53,0,3,3,0,3,3,9,0.226897,0.234087,0,0,0
4020,,7,1,0,1,1,0,1,0,0,0,0,0,0.000197
16473,,53,1,1,2,1,1,2,8,0.236246,0.243785,364.432007,0,0.000218
3452,,1,0,2,2,0,2,2,8,0.230727,0.238724,0,0,0
24136,,1,1,0,1,1,0,1,0,0,0,0,0,0.000168
17789,,2,2,2,4,2,2,4,8,0.272268,0.283825,26588.670689,0.083333,0.000688
8821,,7,1,1,2,1,1,2,1,1,1,0,0.5,0.001379
11459,,7,1,0,1,1,0,1,0,0,0,0,0,0.001379
12296,,7,2,0,2,2,0,2,0,0,0,0,0.5,0.001565
12527,,7,3,7,10,3,7,10,8,0.259051,0.269631,20154.914006,0.111111,0.001733
7521,,7,1,4,5,1,4,5,8,0.252234,0.262206,269.465512,0.35,0.001379
20607,,7,1,0,1,1,0,1,0,0,0,0,0,0.001379
22431,,7,2,3,5,2,3,5,8,0.246343,0.254977,29004.96702,0.083333,0.001547
5442,,25,4,1,5,4,1,5,1,1,1,25977,0,0.001918
27172,,7,1,8,9,1,8,9,8,0.278706,0.292113,26161.037399,0.285714,0.001379
11161,,7,2,1,3,2,1,3,9,0.217145,0.223522,19691.113459,0,0.001547
25995,,53,2,2,4,2,2,4,8,0.245117,0.253606,169.36653,0.166667,0.00157
19972,,7,1,9,10,1,9,10,8,0.263415,0.274168,26612.114442,0.083333,0.001379
31512,,7,1,1,2,1,1,2,8,0.245101,0.253548,0,0,0.001379
3455,,7,0,2,2,0,2,2,9,0.200072,0.204408,0,0,0
3456,,7,0,1,1,0,1,1,8,0.265449,0.276753,0,0,0
3457,,7,0,1,1,0,1,1,9,0.214123,0.219985,0,0,0
3458,,1,0,2,2,0,2,2,9,0.233478,0.241636,0,1,0
3459,,7,0,108,108,0,108,108,7,0.326207,0.34762,0,0.09216,0
4241,,12,1,2,3,1,2,3,9,0.187479,0.191849,26.402865,0.333333,0.000168
5950,,7,1,0,1,1,0,1,0,0,0,0,0,0.000168
10561,,7,2,4,6,2,4,6,8,0.242487,0.251579,31.415263,0.2,0.000601
13129,,7,5,0,5,5,0,5,0,0,0,0,0.2,0.001748
3460,,14,0,1,1,0,1,1,10,0.180671,0.1845,0,0,0
3462,,85,0,1,1,0,1,1,1,1,1,0,0,0
3463,,85,2,0,2,2,0,2,0,0,0,0,0,0.000336
3464,,86,0,1,1,0,1,1,1,1,1,0,0,0
3465,,86,1,0,1,1,0,1,0,0,0,0,0,0.000168
3466,,85,0,1,1,0,1,1,1,1,1,0,0,0
3467,,1,0,2,2,0,2,2,9,0.233478,0.241636,0,1,0
3469,,1,0,2,2,0,2,2,9,0.233478,0.241636,0,1,0
3471,,16,0,1,1,0,1,1,9,0.19931,0.204548,0,0,0
3473,,1,0,2,2,0,2,2,9,0.233478,0.241636,0,1,0
3475,,1,0,2,2,0,2,2,9,0.233478,0.241636,0,1,0
6226,,7,1,3,4,1,3,4,8,0.244738,0.254235,196.486204,0,0.00045
26742,,16,1,2,3,1,2,3,9,0.237648,0.246434,0,0.5,0.00045
3477,,16,1,1,2,1,1,2,9,0.211388,0.217135,0,1,0.000175
3478,,7,0,1,1,0,1,1,8,0.261475,0.272568,0,0,0
3479,,7,0,3,3,0,3,3,8,0.262485,0.273508,0,0.833333,0
3480,,1,0,10,10,0,10,10,8,0.254425,0.265733,0,0.044444,0
12650,,1,2,0,2,2,0,2,0,0,0,0,0,0.000336
12773,,1,1,0,1,1,0,1,0,0,0,0,0,0.000168
3481,,7,0,3,3,0,3,3,8,0.253044,0.262781,0,0.5,0
19733,,2,1,0,1,1,0,1,0,0,0,0,0,0.000206
3934,,16,9,1,10,9,1,10,8,0.24443,0.254489,86600.289114,0.044444,0.002055
3488,,32,2,0,2,2,0,2,0,0,0,0,0,0.000388
13649,,7,1,0,1,1,0,1,0,0,0,0,0,0.000267
17786,,7,1,0,1,1,0,1,0,0,0,0,0,0.000267
21233,,16,2,0,2,2,0,2,0,0,0,0,0,0.000471
6323,,7,1,3,4,1,3,4,9,0.229902,0.237933,25975,0.166667,0.000351
6849,,7,1,6,7,1,6,7,8,0.238984,0.247987,119.302045,0.166667,0.000351
7780,,7,3,4,7,3,4,7,8,0.251191,0.260693,22361.341478,0.066667,0.000864
17097,,7,1,1,2,1,1,2,8,0.236751,0.244747,40.107866,0,0.000528
3499,,7,2,9,11,2,9,11,8,0.279388,0.293183,5129.777198,0.163636,0.0006
9946,,16,1,3,4,1,3,4,9,0.214803,0.22106,25975,0.333333,0.000509
9806,,16,3,0,3,3,0,3,0,0,0,0,0.166667,0.000856
10265,,16,2,1,3,2,1,3,9,0.214796,0.220998,0,1,0.000685
3502,,7,1,10,11,1,10,11,8,0.269708,0.282165,12097.340793,0.136364,0.000168
14031,,7,1,0,1,1,0,1,0,0,0,0,0,0.000696
16341,,7,3,0,3,3,0,3,0,0,0,0,0,0.001158
22513,,7,1,0,1,1,0,1,0,0,0,0,0,0.000696
26219,,7,1,0,1,1,0,1,0,0,0,0,0,0.000696
4602,,7,1,3,4,1,3,4,8,0.265282,0.276785,14681.962392,0.25,0.000696
13659,,7,2,1,3,2,1,3,9,0.220758,0.227683,12.751283,0.5,0.001191
3508,,65,0,3,3,0,3,3,9,0.208192,0.213839,0,0.5,0
3510,,16,1,0,1,1,0,1,0,0,0,0,0,0.000589
25241,,16,1,0,1,1,0,1,0,0,0,0,0,0.000589
33435,,16,1,0,1,1,0,1,0,0,0,0,0,0.000589
3512,,65,0,1,1,0,1,1,8,0.234438,0.242011,0,0,0
11530,,7,1,3,4,1,3,4,8,0.258787,0.269257,44.834434,0.166667,0.000249
3515,,7,0,2,2,0,2,2,9,0.214545,0.220571,0,0,0
3516,,1,0,7,7,0,7,7,8,0.274815,0.288107,0,0.452381,0
3518,,7,0,2,2,0,2,2,9,0.239666,0.248619,0,0.5,0
3519,,69,0,1,1,0,1,1,9,0.220966,0.227679,0,0,0
9250,,69,1,1,2,1,1,2,1,1,1,25976,0,0.000415
8511,,2,1,3,4,1,3,4,9,0.219719,0.22636,204.389468,0.083333,0.000415
29320,,69,6,1,7,6,1,7,10,0.180983,0.184627,6226.665758,0.233333,0.002686
29321,,69,1,3,4,1,3,4,9,0.22097,0.227731,0,0.833333,0.000415
32350,,69,4,3,7,4,3,7,9,0.220973,0.22774,56899.18557,0.25,0.000972
31458,,41,1,1,2,1,1,2,8,0.235755,0.244209,670.122749,0,0.000346
3525,,87,0,4,4,0,4,4,1,1,1,0,0,0
3526,,87,1,0,1,1,0,1,0,0,0,0,0,0.000168
3527,,87,1,0,1,1,0,1,0,0,0,0,0,0.000168
3528,,87,1,0,1,1,0,1,0,0,0,0,0,0.000168
3529,,87,1,0,1,1,0,1,0,0,0,0,0,0.000168
3530,,16,0,1,1,0,1,1,9,0.193257,0.197355,0,0,0
3531,,16,1,3,4,1,3,4,8,0.239539,0.247513,18828,0.166667,0.000168
19747,,16,1,0,1,1,0,1,0,0,0,0,0,0.000173
3533,,95,0,1,1,0,1,1,9,0.196447,0.201528,0,0,0
3535,,88,0,1,1,0,1,1,1,1,1,0,0,0
3536,,88,1,0,1,1,0,1,0,0,0,0,0,0.000168
22719,,7,1,1,2,1,1,2,8,0.239407,0.248384,0,1,0.000211
3539,,7,0,3,3,0,3,3,7,0.297256,0.312176,0,1,0
24629,,7,1,0,1,1,0,1,0,0,0,0,0,0.000262
34429,,7,2,0,2,2,0,2,0,0,0,0,0,0.000625
3541,,7,0,1,1,0,1,1,8,0.261475,0.272568,0,0,0
20590,,53,3,0,3,3,0,3,0,0,0,0,0,0.000544
14881,,7,1,1,2,1,1,2,9,0.210803,0.216429,0,0,0.000221
3546,,7,0,1,1,0,1,1,9,0.216871,0.222917,0,0,0
32969,,7,1,0,1,1,0,1,0,0,0,0,0,0.000534
3554,,81,0,2,2,0,2,2,8,0.240398,0.248248,0,0,0
3555,,81,2,0,2,2,0,2,0,0,0,0,0,0.001667
3559,,14,0,1,1,0,1,1,1,1,1,0,0,0
3560,,14,3,0,3,3,0,3,0,0,0,0,0,0.000504
11953,,7,1,0,1,1,0,1,0,0,0,0,0,0.000215
28607,,7,3,33,36,3,33,36,7,0.307544,0.325413,61778.474902,0.149733,0.003967
3562,,7,0,2,2,0,2,2,9,0.230097,0.237671,0,0,0
3567,,7,0,2,2,0,2,2,8,0.237265,0.244985,0,1,0
16167,,1,1,0,1,1,0,1,0,0,0,0,0,0.000286
21795,,1,1,0,1,1,0,1,0,0,0,0,0,0.000286
6405,,1,3,1,4,3,1,4,9,0.191781,0.196063,0,1,0.001259
24243,,1,1,0,1,1,0,1,0,0,0,0,0,0.000286
11113,,1,1,1,2,1,1,2,8,0.230915,0.237941,0,1,0.000286
12170,,7,1,0,1,1,0,1,0,0,0,0,0,0.000279
3573,,1,0,3,3,0,3,3,8,0.226306,0.233867,0,0,0
18413,,1,2,0,2,2,0,2,0,0,0,0,0,0.000336
3575,,1,0,2,2,0,2,2,9,0.196651,0.20126,0,0,0
3577,,36,0,1,1,0,1,1,9,0.194788,0.199185,0,0,0
22729,,36,2,0,2,2,0,2,0,0,0,0,0,0.000384
3582,,113,1,3,4,1,3,4,10,0.172401,0.175422,3,0,0.000173
3583,,113,1,1,2,1,1,2,9,0.208088,0.213254,16715.868219,0,0.000173
5647,,113,1,3,4,1,3,4,9,0.189164,0.192937,2114.131781,0,0.000173
24994,,113,1,0,1,1,0,1,0,0,0,0,0,0.000173
3584,,7,0,10,10,0,10,10,8,0.271431,0.283947,0,0.277778,0
11537,,16,2,0,2,2,0,2,0,0,0,0,0,0.000558
5282,,7,1,1,2,1,1,2,8,0.233232,0.2402,0,0.5,0.000283
7598,,7,1,5,6,1,5,6,8,0.268265,0.280468,249.579824,0.3,0.000455
3592,,7,1,1,2,1,1,2,9,0.238286,0.246732,0,0.5,0.000195
3593,,7,0,3,3,0,3,3,8,0.237808,0.245592,0,0.333333,0
3596,,14,3,2,5,3,2,5,8,0.256227,0.267059,1730.817156,0.1,0.000562
3597,,36,1,2,3,1,2,3,8,0.261836,0.273092,0,1,0.00088
3599,,7,1,1,2,1,1,2,9,0.223336,0.230404,23.710993,0,0.000168
3602,,41,0,1,1,0,1,1,9,0.183842,0.187468,0,0,0
3606,,7,1,2,3,1,2,3,9,0.235508,0.244491,18827,0,0.000168
16518,,7,2,3,5,2,3,5,8,0.267286,0.278702,29623.223388,0.1,0.000346
9268,,7,1,1,2,1,1,2,9,0.220727,0.227056,0,0,0.000459
9353,,16,2,2,4,2,2,4,8,0.251654,0.261754,19553.192919,0,0.001015
19375,,7,2,0,2,2,0,2,0,0,0,0,0,0.001015
30958,,7,1,0,1,1,0,1,0,0,0,0,0,0.000847
21746,,1,1,0,1,1,0,1,0,0,0,0,0,0.000238
3613,,16,0,3,3,0,3,3,8,0.251208,0.261629,0,0,0
3614,,7,0,1,1,0,1,1,8,0.262756,0.273466,0,0,0
3615,,2,0,1,1,0,1,1,8,0.235883,0.243933,0,0,0
8845,,65,1,0,1,1,0,1,0,0,0,0,0,0.000238
16366,,65,1,0,1,1,0,1,0,0,0,0,0,0.000238
8550,,7,3,3,6,3,3,6,8,0.236838,0.245525,754.898706,0.233333,0.000547
14481,,7,4,4,8,4,4,8,9,0.23193,0.24003,25523.835915,0.017857,0.00083
21784,,7,1,0,1,1,0,1,0,0,0,0,0,0.000249
17941,,7,1,1,2,1,1,2,1,1,1,92.337666,0,0.000249
3620,,22,1,3,4,1,3,4,9,0.2129,0.219043,5.065629,0.333333,0.000173
7057,,22,9,2,11,9,2,11,9,0.21286,0.218934,9379.873901,0.1,0.00164
3622,,7,0,1,1,0,1,1,9,0.232094,0.239671,0,0,0
3628,,7,0,1,1,0,1,1,10,0.179156,0.182314,0,0,0
3632,,7,0,1,1,0,1,1,9,0.222889,0.229835,0,0,0
3637,,16,0,1,1,0,1,1,9,0.220268,0.2265,0,0,0
10150,,7,1,0,1,1,0,1,0,0,0,0,0,0.00038
9022,,41,2,8,10,2,8,10,8,0.253983,0.26509,8601.988612,0.041667,0.000586
21790,,7,1,0,1,1,0,1,0,0,0,0,0,0.00038
14702,,16,4,4,8,4,4,8,8,0.249973,0.26013,20089.788387,0.095238,0.001177
3641,,16,0,1,1,0,1,1,8,0.235824,0.242716,0,0,0
9658,,16,1,1,2,1,1,2,10,0.188134,0.192421,0,0,0.00021
29806,,16,1,1,2,1,1,2,9,0.200072,0.204809,3.848883,0,0.000215
9783,,7,1,2,3,1,2,3,9,0.230197,0.238589,10.634544,0.5,0.000486
3656,,1,0,1,1,0,1,1,9,0.18454,0.188492,0,0,0
6563,,14,2,1,3,2,1,3,9,0.201188,0.206418,10.181702,0,0.000782
3659,,67,0,1,1,0,1,1,9,0.188432,0.192789,0,0,0
3937,,16,1,0,1,1,0,1,0,0,0,0,0,0.000182
10656,,7,2,2,4,2,2,4,9,0.228868,0.236396,103.597054,0.5,0.000669
16839,,7,1,0,1,1,0,1,0,0,0,0,0,0.000495
28843,,7,1,0,1,1,0,1,0,0,0,0,0,0.000495
31782,,7,1,0,1,1,0,1,0,0,0,0,0,0.000495
16205,,1,1,0,1,1,0,1,0,0,0,0,0,0.000363
14291,,7,1,0,1,1,0,1,0,0,0,0,0,0.00052
18316,,7,1,0,1,1,0,1,0,0,0,0,0,0.00052
7235,,41,5,9,14,5,9,14,8,0.264336,0.275122,456262.467408,0.065934,0.001243
8406,,65,1,1,2,1,1,2,9,0.208705,0.213751,153.245857,0,0.000586
18825,,67,1,2,3,1,2,3,9,0.226961,0.234505,0,0.5,0.000586
25276,,7,1,0,1,1,0,1,0,0,0,0,0,0.000586
24731,,750,2,1,3,2,1,3,9,0.22273,0.22967,18826,0,0.000754
34299,,7,1,0,1,1,0,1,0,0,0,0,0,0.000586
3677,,16,0,2,2,0,2,2,8,0.25215,0.262311,0,1,0
26139,,1,2,1,3,2,1,3,9,0.190873,0.195251,18825,0.333333,0.000541
33006,,1,1,0,1,1,0,1,0,0,0,0,0,0.000366
35099,,16,1,0,1,1,0,1,0,0,0,0,0,0.00019
18143,,16,1,0,1,1,0,1,0,0,0,0,0,0.000883
3688,,14,0,2,2,0,2,2,9,0.210132,0.21631,0,0,0
3690,,67,0,1,1,0,1,1,9,0.227237,0.234014,0,0,0
3691,,36,1,1,2,1,1,2,9,0.250606,0.260969,0,1,0.000306
27298,,7,1,0,1,1,0,1,0,0,0,0,0,0.000246
3694,,7,0,1,1,0,1,1,9,0.220475,0.226978,0,0,0
3696,,53,1,0,1,1,0,1,0,0,0,0,0,0.000216
3697,,7,0,1,1,0,1,1,9,0.213948,0.21978,0,0,0
3699,,7,0,1,1,0,1,1,8,0.24587,0.25403,0,0,0
3701,,16,0,2,2,0,2,2,9,0.212346,0.218659,0,1,0
4171,,16,5,7,12,5,7,12,8,0.233214,0.240505,145256.168309,0.054545,0.001145
8749,,16,1,3,4,1,3,4,8,0.24296,0.250993,275.681356,0.083333,0.000453
3993,,16,1,1,2,1,1,2,1,1,1,25976,0,0.000453
15247,,16,3,3,6,3,3,6,9,0.213268,0.21988,3034.441434,0.15,0.00101
23935,,16,1,0,1,1,0,1,0,0,0,0,0,0.000453
3703,,67,0,1,1,0,1,1,9,0.198528,0.20427,0,0,0
5897,,67,1,0,1,1,0,1,0,0,0,0,0,0.000232
28788,,67,1,0,1,1,0,1,0,0,0,0,0,0.000232
17081,,16,1,0,1,1,0,1,0,0,0,0,0,0.000222
18719,,16,1,0,1,1,0,1,0,0,0,0,0,0.000222
19400,,16,1,0,1,1,0,1,0,0,0,0,0,0.000222
32053,,16,1,0,1,1,0,1,0,0,0,0,0,0.000222
12729,,32,1,0,1,1,0,1,0,0,0,0,0,0.000254
6947,,32,1,1,2,1,1,2,9,0.19636,0.20079,0,0,0.000254
34067,,32,1,0,1,1,0,1,0,0,0,0,0,0.000254
3861,,1,1,0,1,1,0,1,0,0,0,0,0,0.000293
10149,,1,1,0,1,1,0,1,0,0,0,0,0,0.000293
5360,,41,3,2,5,3,2,5,9,0.225321,0.232289,79463.533507,0.15,0.000679
21589,,1,2,8,10,2,8,10,8,0.277322,0.29054,49122.439818,0.233333,0.000466
31923,,1,1,0,1,1,0,1,0,0,0,0,0,0.000293
35000,,41,2,0,2,2,0,2,0,0,0,0,0,0.000466
17659,,1,3,1,4,3,1,4,9,0.209261,0.214892,18845.269449,0.083333,0.000535
5680,,16,1,2,3,1,2,3,9,0.215773,0.22224,0,1,0.000202
3713,,65,1,1,2,1,1,2,9,0.191547,0.195637,0,0,0.000252
3874,,65,2,0,2,2,0,2,0,0,0,0,0,0.00042
9355,,65,1,1,2,1,1,2,9,0.191547,0.195637,0,0,0.000252
10099,,65,1,1,2,1,1,2,9,0.191547,0.195637,0,0,0.000252
9769,,65,2,3,5,2,3,5,8,0.236906,0.244764,9408,0.5,0.000431
9387,,65,2,4,6,2,4,6,9,0.191555,0.195726,25975.5,0.333333,0.000431
4128,,65,2,1,3,2,1,3,9,0.191547,0.195637,0,1,0.000431
22944,,65,1,1,2,1,1,2,9,0.191547,0.195637,0,0,0.000252
31492,,65,1,0,1,1,0,1,0,0,0,0,0,0.000252
22597,,16,1,0,1,1,0,1,0,0,0,0,0,0.000229
24336,,7,2,5,7,2,5,7,8,0.237615,0.245802,27092.863704,0.047619,0.000693
3716,,7,1,1,2,1,1,2,10,0.175041,0.178425,0,0,0.000202
3718,,7,2,4,6,2,4,6,8,0.248992,0.258328,15940.963047,0.15,0.000385
12552,,7,1,0,1,1,0,1,0,0,0,0,0,0.000197
3721,,7,0,1,1,0,1,1,8,0.245108,0.253561,0,0,0
3722,,7,1,2,3,1,2,3,8,0.266766,0.278003,18827,0.166667,0.000168
10176,,65,1,0,1,1,0,1,0,0,0,0,0,0.000187
20186,,7,1,0,1,1,0,1,0,0,0,0,0,0.000652
3726,,65,0,1,1,0,1,1,9,0.213606,0.219549,0,0,0
3727,,7,0,1,1,0,1,1,8,0.242744,0.250975,0,0,0
3728,,7,0,1,1,0,1,1,9,0.221406,0.228258,0,0,0
10948,,53,1,0,1,1,0,1,0,0,0,0,0,0.000216
15927,,53,1,0,1,1,0,1,0,0,0,0,0,0.000216
3734,,7,0,1,1,0,1,1,8,0.230989,0.238043,0,0,0
4600,,67,1,0,1,1,0,1,0,0,0,0,0,0.000185
13648,,69,1,1,2,1,1,2,9,0.194133,0.198768,0,0,0.000214
3743,,1,1,0,1,1,0,1,0,0,0,0,0,0.000308
3744,,89,0,1,1,0,1,1,1,1,1,0,0,0
3745,,89,1,0,1,1,0,1,0,0,0,0,0,0.000168
3746,,1,1,8,9,1,8,9,8,0.279641,0.292608,15151.543631,0.125,0.0003
10325,,1,2,4,6,2,4,6,8,0.23421,0.242911,26295.644196,0.1,0.000368
31743,,1,2,1,3,2,1,3,10,0.190294,0.19428,0,1,0.000474
21381,,7,3,17,20,3,17,20,8,0.282533,0.297497,447.842805,0.172515,0.000618
19615,,1,1,0,1,1,0,1,0,0,0,0,0,0.0003
19869,,7,1,0,1,1,0,1,0,0,0,0,0,0.000281
4381,,16,1,1,2,1,1,2,9,0.201775,0.206876,17.276508,0,0.000221
3760,,65,0,2,2,0,2,2,8,0.236907,0.244742,0,0.5,0
3761,,67,0,1,1,0,1,1,9,0.221969,0.229196,0,0,0
3766,,65,0,1,1,0,1,1,9,0.191553,0.195654,0,0,0
3768,,90,1,2,3,1,2,3,1,1,1,1,0,0.000173
3769,,90,1,1,2,1,1,2,2,0.666667,0.75,0,0,0.000173
13735,,90,1,0,1,1,0,1,0,0,0,0,0,0.000173
6284,,2,1,0,1,1,0,1,0,0,0,0,0,0.000227
3771,,36,0,1,1,0,1,1,9,0.209524,0.215496,0,0,0
14288,,69,1,3,4,1,3,4,9,0.195187,0.200028,50.488674,0.166667,0.000223
3775,,14,3,3,6,3,3,6,9,0.217742,0.223764,45016.030199,0.05,0.000784
18580,,14,1,1,2,1,1,2,11,0.143376,0.145197,6.157895,0,0.000185
22441,,7,1,0,1,1,0,1,0,0,0,0,0,0.001548
12520,,7,1,6,7,1,6,7,8,0.268291,0.280231,19211.869307,0.1,0.000212
3781,,36,1,4,5,1,4,5,8,0.241149,0.249873,18827,0.15,0.000168
9520,,36,2,1,3,2,1,3,8,0.234847,0.24217,391.819995,0.333333,0.00042
3782,,91,0,2,2,0,2,2,8,0.229899,0.237529,0,0,0
3783,,91,1,0,1,1,0,1,0,0,0,0,0,0.000168
3786,,7,0,1,1,0,1,1,8,0.261475,0.272568,0,0,0
3787,,7,0,1,1,0,1,1,9,0.210346,0.215844,0,0,0
3788,,67,0,2,2,0,2,2,8,0.244212,0.252857,0,0,0
22201,,41,3,3,6,3,3,6,9,0.216016,0.2225,0,1,0.000767
31082,,41,1,7,8,1,7,8,8,0.265555,0.277055,472.853315,0.404762,0.000226
9075,,2,1,3,4,1,3,4,9,0.221183,0.227737,76.121055,0.166667,0.000292
21362,,2,1,0,1,1,0,1,0,0,0,0,0,0.000292
34481,,2,1,1,2,1,1,2,10,0.170191,0.173177,240.314089,0,0.000292
17121,,14,1,1,2,1,1,2,8,0.263621,0.273996,178.2225,0,0.00021
3800,,14,0,1,1,0,1,1,9,0.20395,0.209265,0,0,0
14089,,7,1,3,4,1,3,4,9,0.230917,0.239543,10.29141,0.75,0.00026
3806,,7,0,7,7,0,7,7,8,0.23828,0.247367,0,0.02381,0
3808,,7,5,3,8,5,3,8,8,0.236799,0.244287,45133.568554,0.047619,0.00172
19525,,7,1,1,2,1,1,2,9,0.191465,0.195334,0,1,0.000723
23083,,7,1,0,1,1,0,1,0,0,0,0,0,0.000723
26478,,7,3,0,3,3,0,3,0,0,0,0,0.5,0.001085
28448,,1,1,1,2,1,1,2,9,0.222606,0.230047,72.989412,0,0.000723
17619,,7,1,10,11,1,10,11,8,0.283486,0.296726,382.608435,0.322222,0.000723
16686,,7,1,0,1,1,0,1,0,0,0,0,0,0.0002
3810,,2,0,4,4,0,4,4,9,0.194484,0.198815,0,0.333333,0
3811,,65,0,1,1,0,1,1,9,0.213606,0.219549,0,0,0
3813,,1,1,0,1,1,0,1,0,0,0,0,0,0.00028
3857,,1,1,0,1,1,0,1,0,0,0,0,0,0.00028
9282,,1,2,0,2,2,0,2,0,0,0,0,0.5,0.000476
9356,,1,2,0,2,2,0,2,0,0,0,0,1,0.000454
10240,,1,1,0,1,1,0,1,0,0,0,0,0,0.00028
12695,,1,1,0,1,1,0,1,0,0,0,0,0,0.00028
13502,,1,1,0,1,1,0,1,0,0,0,0,0,0.00028
13555,,1,1,0,1,1,0,1,0,0,0,0,0,0.00028
18228,,1,1,0,1,1,0,1,0,0,0,0,0,0.00028
19269,,1,1,0,1,1,0,1,0,0,0,0,0,0.00028
13710,,1,2,1,3,2,1,3,10,0.190879,0.195803,0,1,0.000472
21244,,1,1,0,1,1,0,1,0,0,0,0,0,0.00028
20987,,1,1,6,7,1,6,7,9,0.204162,0.209838,51950,0.1,0.00028
23090,,1,1,0,1,1,0,1,0,0,0,0,0,0.00028
23510,,1,1,1,2,1,1,2,9,0.204147,0.209687,0,0,0.00028
25032,,1,1,0,1,1,0,1,0,0,0,0,0,0.00028
27203,,1,2,0,2,2,0,2,0,0,0,0,0.5,0.000476
29736,,1,2,0,2,2,0,2,0,0,0,0,1,0.000472
30494,,1,1,0,1,1,0,1,0,0,0,0,0,0.00028
30842,,1,2,0,2,2,0,2,0,0,0,0,1,0.000454
31079,,1,2,0,2,2,0,2,0,0,0,0,1,0.000454
32010,,1,1,0,1,1,0,1,0,0,0,0,0,0.00028
24302,,7,1,1,2,1,1,2,9,0.215489,0.221738,6.024113,0.5,0.000194
32397,,7,1,0,1,1,0,1,0,0,0,0,0,0.000188
3816,,16,0,5,5,0,5,5,9,0.226585,0.234219,0,0,0
3817,,16,1,0,1,1,0,1,0,0,0,0,0,0.000168
25522,,16,1,0,1,1,0,1,0,0,0,0,0,0.000168
3818,,14,0,2,2,0,2,2,9,0.216186,0.222948,0,0,0
20271,,16,2,1,3,2,1,3,9,0.199508,0.204411,18826,0,0.000439
17657,,16,2,2,4,2,2,4,8,0.267967,0.279521,542.377264,0.166667,0.000871
20659,,67,3,0,3,3,0,3,0,0,0,0,0.166667,0.000666
30240,,67,2,0,2,2,0,2,0,0,0,0,1,0.000732
28970,,67,1,4,5,1,4,5,9,0.212282,0.21834,27927.008768,0,0.00032
3827,,41,1,0,1,1,0,1,0,0,0,0,0,0.000369
11309,,41,1,0,1,1,0,1,0,0,0,0,0,0.000369
11978,,41,1,1,2,1,1,2,8,0.227711,0.235098,0,0,0.000369
19030,,53,2,1,3,2,1,3,1,1,1,93.32388,0,0.000537
26655,,41,3,0,3,3,0,3,0,0,0,0,0.666667,0.001101
28720,,41,1,1,2,1,1,2,8,0.227711,0.235098,0,0,0.000369
32318,,67,4,4,8,4,4,8,8,0.251988,0.260975,59370.627605,0,0.001447
28481,,41,1,1,2,1,1,2,8,0.227711,0.235098,0,0,0.000369
25209,,41,2,1,3,2,1,3,8,0.271139,0.283495,6448.702316,0.166667,0.000833
35025,,12,2,3,5,2,3,5,9,0.221501,0.22802,33526.262732,0.083333,0.000542
3828,,2,0,2,2,0,2,2,9,0.221359,0.227924,0,0,0
6421,,7,1,0,1,1,0,1,0,0,0,0,0,0.000492
12441,,7,1,0,1,1,0,1,0,0,0,0,0,0.000492
19559,,7,1,0,1,1,0,1,0,0,0,0,0,0.000492
18724,,7,1,1,2,1,1,2,8,0.262757,0.273467,0,0.5,0.000492
33740,,7,1,0,1,1,0,1,0,0,0,0,0,0.000492
3834,,81,1,1,2,1,1,2,8,0.262764,0.273472,521.738624,0,0.000173
12964,,2,1,0,1,1,0,1,0,0,0,0,0,0.000275
13920,,2,2,2,4,2,2,4,10,0.199635,0.20459,0.333333,0.333333,0.000443
3837,,41,0,1,1,0,1,1,8,0.232025,0.239654,0,0,0
29054,,16,1,0,1,1,0,1,0,0,0,0,0,0.000205
18892,,16,2,5,7,2,5,7,8,0.249028,0.260049,932.80401,0.366667,0.000767
3841,,41,1,0,1,1,0,1,0,0,0,0,0,0.000186
4430,,41,1,3,4,1,3,4,9,0.226198,0.233386,52138.495884,0.083333,0.000186
3842,,32,0,1,1,0,1,1,1,1,1,0,0,0
3845,,7,1,2,3,1,2,3,8,0.24694,0.255931,0.5,0.5,0.000184
3847,,16,0,1,1,0,1,1,8,0.23949,0.247366,0,0,0
3848,,65,0,1,1,0,1,1,10,0.172394,0.175591,0,0,0
3851,,7,0,1,1,0,1,1,9,0.222626,0.229753,0,0,0
10666,,16,2,1,3,2,1,3,8,0.236531,0.245945,131.331135,0.166667,0.000924
33375,,16,1,0,1,1,0,1,0,0,0,0,0,0.000354
8239,,16,2,3,5,2,3,5,8,0.237271,0.246136,64.199258,0.55,0.000683
21902,,16,1,0,1,1,0,1,0,0,0,0,0,0.000414
21419,,16,2,3,5,2,3,5,9,0.235207,0.243193,26466.077436,0.05,0.000582
33186,,16,1,0,1,1,0,1,0,0,0,0,0,0.000414
3864,,14,0,1,1,0,1,1,1,1,1,0,0,0
10980,,16,1,1,2,1,1,2,9,0.205475,0.2112,0,1,0.00027
23965,,16,3,1,4,3,1,4,8,0.244157,0.253362,18825,0.25,0.000676
14007,,16,1,2,3,1,2,3,9,0.20155,0.207254,4.109883,0,0.00027
3868,,7,0,3,3,0,3,3,7,0.29391,0.308413,0,0.333333,0
12173,,65,4,5,9,4,5,9,9,0.217848,0.224547,91809.560458,0,0.000733
3870,,41,1,2,3,1,2,3,8,0.262775,0.273523,8293.51159,0.166667,0.000173
3873,,7,0,1,1,0,1,1,8,0.267429,0.278245,0,0,0
11331,,7,1,1,2,1,1,2,9,0.236549,0.24428,0,0,0.001311
15469,,7,1,0,1,1,0,1,0,0,0,0,0,0.001311
10451,,7,2,2,4,2,2,4,8,0.26279,0.27355,2288.664828,0.25,0.001603
16983,,12,1,1,2,1,1,2,9,0.185524,0.189878,597.610524,0,0.001311
8721,,7,5,4,9,5,4,9,8,0.239453,0.246601,1839.750181,0.119048,0.002227
5104,,2,2,6,8,2,6,8,8,0.24884,0.257543,52353.856994,0.095238,0.001503
25488,,7,1,0,1,1,0,1,0,0,0,0,0,0.001311
26682,,7,1,0,1,1,0,1,0,0,0,0,0,0.001311
27201,,7,1,1,2,1,1,2,10,0.197168,0.201962,0,1,0.001311
28730,,41,2,0,2,2,0,2,0,0,0,0,0,0.001489
32085,,7,1,0,1,1,0,1,0,0,0,0,0,0.001311
18353,,7,2,5,7,2,5,7,8,0.242194,0.250721,4992.452685,0.166667,0.001479
13707,,7,2,1,3,2,1,3,8,0.22397,0.231194,18907.171906,0,0.001479
13253,,7,1,0,1,1,0,1,0,0,0,0,0,0.000218
3881,,1,0,1,1,0,1,1,8,0.242388,0.250662,0,0,0
3883,,16,1,1,2,1,1,2,9,0.197313,0.202197,0,0,0.000237
10422,,16,1,0,1,1,0,1,0,0,0,0,0,0.000237
3885,,16,0,1,1,0,1,1,9,0.215792,0.221921,0,0,0
30825,,25,2,0,2,2,0,2,0,0,0,0,0,0.001423
3887,,16,0,2,2,0,2,2,8,0.264283,0.275957,0,0.5,0
3888,,16,0,2,2,0,2,2,8,0.265652,0.277344,0,0.5,0
30006,,1,1,2,3,1,2,3,8,0.236193,0.244823,44.546616,0.333333,0.000197
30004,,1,1,1,2,1,1,2,8,0.230716,0.238683,0,0.5,0.000197
3896,,36,3,1,4,3,1,4,9,0.218336,0.225143,18928.018841,0.166667,0.000642
3897,,36,0,1,1,0,1,1,10,0.179216,0.182916,0,0,0
3899,,36,1,1,2,1,1,2,10,0.18506,0.189072,0,0,0.000215
3900,,7,1,2,3,1,2,3,9,0.218336,0.224735,51.024554,0,0.000208
5308,,7,1,0,1,1,0,1,0,0,0,0,0,0.000249
3903,,53,0,1,1,0,1,1,9,0.213582,0.219388,0,0,0
7661,,16,1,4,5,1,4,5,8,0.244237,0.253961,278.252769,0.25,0.000326
22213,,16,1,1,2,1,1,2,9,0.209483,0.215081,17.206119,0,0.000326
30606,,16,1,0,1,1,0,1,0,0,0,0,0,0.000326
3909,,65,0,1,1,0,1,1,9,0.189949,0.193954,0,0,0
3912,,16,0,1,1,0,1,1,8,0.218178,0.224744,0,0,0
3913,,81,0,1,1,0,1,1,9,0.19166,0.19573,0,0,0
3914,,16,1,1,2,1,1,2,1,1,1,0,0,0.000195
8326,,7,1,7,8,1,7,8,8,0.237663,0.246159,48.163554,0.238095,0.000411
14626,,12,1,4,5,1,4,5,9,0.204107,0.210193,26043.510397,0.1,0.000411
28284,,67,1,2,3,1,2,3,9,0.211194,0.216931,97.979018,0.166667,0.000411
3918,,1,0,1,1,0,1,1,9,0.229791,0.237541,0,0,0
3919,,16,2,9,11,2,9,11,8,0.2369,0.246063,53913.077851,0.036364,0.000816
10670,,16,1,0,1,1,0,1,0,0,0,0,0,0.000182
12923,,16,2,1,3,2,1,3,8,0.251526,0.261554,19299.327838,0,0.000351
4460,,32,1,0,1,1,0,1,0,0,0,0,0,0.00021
11773,,32,1,0,1,1,0,1,0,0,0,0,0,0.00021
12217,,32,1,0,1,1,0,1,0,0,0,0,0,0.00021
3922,,16,0,1,1,0,1,1,9,0.213228,0.219825,0,0,0
3923,,41,0,1,1,0,1,1,9,0.226185,0.233312,0,0,0
3924,,41,0,2,2,0,2,2,1,1,1,0,0,0
3925,,41,1,0,1,1,0,1,0,0,0,0,0,0.000168
21182,,41,6,0,6,6,0,6,0,0,0,0,0,0.001339
28203,,7,1,0,1,1,0,1,0,0,0,0,0,0.000367
3932,,7,0,1,1,0,1,1,8,0.262756,0.273466,0,0,0
34423,,16,2,1,3,2,1,3,9,0.193673,0.197888,18826,0,0.000384
3936,,16,2,3,5,2,3,5,8,0.239095,0.247025,1037.323837,0.25,0.000346
9891,,16,2,2,4,2,2,4,9,0.225531,0.232244,0,0.5,0.000346
3941,,7,0,3,3,0,3,3,9,0.226894,0.234057,0,0.333333,0
3944,,7,0,1,1,0,1,1,9,0.214101,0.220082,0,0,0
11706,,29,2,2,4,2,2,4,9,0.214448,0.220607,44799,0,0.000506
5213,,7,2,6,8,2,6,8,9,0.236906,0.246161,44931.00769,0.017857,0.000508
3946,,16,0,1,1,0,1,1,8,0.251382,0.261452,0,0,0
3947,,16,2,3,5,2,3,5,8,0.25909,0.270604,20866.842456,0,0.000384
3948,,92,0,1,1,0,1,1,1,1,1,0,0,0
3949,,92,1,0,1,1,0,1,0,0,0,0,0,0.000168
3950,,25,0,1,1,0,1,1,9,0.191866,0.196064,0,0,0
3954,,7,1,0,1,1,0,1,0,0,0,0,0,0.000221
14882,,7,1,1,2,1,1,2,9,0.213386,0.219485,5.333333,0,0.000221
18116,,7,1,0,1,1,0,1,0,0,0,0,0,0.000221
19810,,7,1,1,2,1,1,2,8,0.221264,0.228207,25.804829,0,0.000221
20534,,7,2,3,5,2,3,5,8,0.262753,0.274124,215.756321,0.1,0.000435
7883,,16,1,1,2,1,1,2,8,0.262753,0.273463,65.98781,0.5,0.000615
19732,,16,2,2,4,2,2,4,9,0.227148,0.23401,0,1,0.000852
11768,,7,1,1,2,1,1,2,9,0.19232,0.196984,0,0,0.000694
3962,,7,2,6,8,2,6,8,8,0.268463,0.280791,10693.683733,0.267857,0.000456
8245,,7,5,10,15,5,10,15,8,0.264432,0.276359,75907.023318,0.096154,0.000898
22592,,7,2,0,2,2,0,2,0,0,0,0,0,0.000579
3966,,1,0,2,2,0,2,2,9,0.215881,0.221879,0,0,0
24582,,7,1,1,2,1,1,2,9,0.209842,0.215301,0,0,0.000252
29307,,67,1,0,1,1,0,1,0,0,0,0,0,0.000246
11307,,67,2,3,5,2,3,5,8,0.26401,0.274965,18965.731844,0.2,0.000414
21872,,7,1,0,1,1,0,1,0,0,0,0,0,0.000349
27070,,16,1,0,1,1,0,1,0,0,0,0,0,0.000281
3971,,7,0,3,3,0,3,3,9,0.226909,0.234804,0,0.333333,0
14305,,7,1,0,1,1,0,1,0,0,0,0,0,0.000168
27220,,7,1,0,1,1,0,1,0,0,0,0,0,0.000433
28378,,16,1,2,3,1,2,3,9,0.226634,0.234173,0,1,0.000562
17142,,16,2,0,2,2,0,2,0,0,0,0,0,0.00073
3980,,7,0,1,1,0,1,1,8,0.261475,0.272568,0,0,0
20565,,7,1,0,1,1,0,1,0,0,0,0,0,0.00029
4154,,7,1,0,1,1,0,1,0,0,0,0,0,0.000245
23714,,7,1,0,1,1,0,1,0,0,0,0,0,0.000245
3983,,65,0,1,1,0,1,1,9,0.189963,0.19399,0,0,0
3984,,7,0,1,1,0,1,1,8,0.261475,0.272568,0,0,0
7420,,41,1,0,1,1,0,1,0,0,0,0,0,0.000184
3988,,7,0,3,3,0,3,3,8,0.248784,0.259546,0,0.166667,0
3990,,7,0,3,3,0,3,3,8,0.264094,0.275187,0,0.666667,0
13235,,16,1,1,2,1,1,2,9,0.190223,0.194763,0,0,0.000204
19018,,16,2,1,3,2,1,3,9,0.233266,0.24103,19281.832037,0,0.000381
3994,,16,1,0,1,1,0,1,0,0,0,0,0,0.000176
3995,,7,0,2,2,0,2,2,8,0.239286,0.247129,0,1,0
3996,,7,0,1,1,0,1,1,8,0.261475,0.272568,0,0,0
3998,,14,1,6,7,1,6,7,8,0.260117,0.270896,26628.836213,0,0.000186
7999,,14,1,0,1,1,0,1,0,0,0,0,0,0.000173
3999,,65,0,1,1,0,1,1,10,0.172394,0.175591,0,0,0
4000,,7,0,2,2,0,2,2,9,0.215535,0.22185,0,0.5,0
4002,,7,0,1,1,0,1,1,8,0.262756,0.273466,0,0,0
4005,,7,0,1,1,0,1,1,9,0.193032,0.196903,0,0,0
4006,,7,0,1,1,0,1,1,9,0.200066,0.204368,0,0,0
11062,,7,1,1,2,1,1,2,8,0.26276,0.27347,217.594949,0,0.000174
4009,,14,0,1,1,0,1,1,8,0.25615,0.266929,0,0,0
4011,,16,0,1,1,0,1,1,9,0.22008,0.227059,0,0,0
4013,,7,0,3,3,0,3,3,8,0.232504,0.240736,0,0.333333,0
22121,,41,2,0,2,2,0,2,0,0,0,0,0,0.000416
28016,,41,1,0,1,1,0,1,0,0,0,0,0,0.000181
26030,,65,1,0,1,1,0,1,0,0,0,0,0,0.000207
4025,,7,0,1,1,0,1,1,8,0.238712,0.2466,0,0,0
19668,,7,1,0,1,1,0,1,0,0,0,0,0,0.000202
4030,,16,0,1,1,0,1,1,8,0.234601,0.241751,0,0,0
9024,,7,1,1,2,1,1,2,9,0.22136,0.227915,0,1,0.000174
4034,,7,1,0,1,1,0,1,0,0,0,0,0,0.000173
4036,,7,0,1,1,0,1,1,8,0.223971,0.231195,0,0,0
4038,,16,0,2,2,0,2,2,8,0.236541,0.245985,0,0,0
10311,,41,1,0,1,1,0,1,0,0,0,0,0,0.000228
35544,,16,1,0,1,1,0,1,0,0,0,0,0,0.000233
4042,,7,0,1,1,0,1,1,9,0.226164,0.233246,0,0,0
4043,,16,0,1,1,0,1,1,8,0.251382,0.261452,0,0,0
12845,,7,1,0,1,1,0,1,0,0,0,0,0,0.000231
28884,,16,1,3,4,1,3,4,8,0.265387,0.276595,56.489521,0.166667,0.000613
4507,,14,1,0,1,1,0,1,0,0,0,0,0,0.000236
4049,,12,0,1,1,0,1,1,9,0.216998,0.223279,0,0,0
4050,,7,0,1,1,0,1,1,8,0.265449,0.276753,0,0,0
4051,,41,0,1,1,0,1,1,8,0.236961,0.24442,0,0,0
4053,,7,1,7,8,1,7,8,8,0.265743,0.276948,224.773729,0.089286,0.000175
4054,,7,0,1,1,0,1,1,2,0.666667,0.75,0,0,0
20811,,41,1,1,2,1,1,2,10,0.180357,0.18374,655.514357,0,0.000184
4056,,65,1,2,3,1,2,3,9,0.193996,0.198186,25976.166667,0.166667,0.000201
5646,,65,1,2,3,1,2,3,8,0.23685,0.244618,10073.517284,0.166667,0.000173
4060,,53,0,2,2,0,2,2,9,0.216868,0.223336,0,0,0
4063,,7,1,14,15,1,14,15,8,0.278908,0.292842,50144.11405,0.180952,0.00025
34878,,7,1,0,1,1,0,1,0,0,0,0,0,0.000174
4064,,7,0,1,1,0,1,1,9,0.200066,0.204368,0,0,0
4065,,7,0,6,6,0,6,6,8,0.250386,0.259486,0,0.1,0
4066,,7,1,0,1,1,0,1,0,0,0,0,0,0.000168
6584,,53,6,4,10,6,4,10,8,0.22674,0.234742,89615.345498,0.089286,0.001206
9038,,53,3,2,5,3,2,5,9,0.189238,0.193953,19247.210216,0.05,0.000572
18011,,7,1,5,6,1,5,6,8,0.267542,0.280161,676.394392,0.3,0.000168
15740,,7,2,5,7,2,5,7,8,0.247499,0.256643,18844.591056,0.366667,0.000572
11916,,7,1,1,2,1,1,2,9,0.21965,0.226482,0,0,0.000404
19353,,7,1,2,3,1,2,3,8,0.230578,0.238148,0,1,0.000404
5126,,41,1,0,1,1,0,1,0,0,0,0,0,0.00024
4069,,14,0,1,1,0,1,1,8,0.247395,0.256736,0,0,0
4070,,16,0,3,3,0,3,3,8,0.262777,0.273543,0,0,0
33088,,16,1,1,2,1,1,2,9,0.219439,0.226594,35.558466,0,0.000168
4074,,7,0,7,7,0,7,7,8,0.255614,0.266018,0,0.309524,0
4076,,32,1,3,4,1,3,4,9,0.191605,0.195567,20037.341106,0,0.000617
7317,,32,4,0,4,4,0,4,0,0,0,0,0,0.000703
5391,,7,1,0,1,1,0,1,0,0,0,0,0,0.000497
6962,,7,1,1,2,1,1,2,9,0.210782,0.216631,0,0,0.000497
18557,,7,1,0,1,1,0,1,0,0,0,0,0,0.000497
32039,,7,1,0,1,1,0,1,0,0,0,0,0,0.000497
33012,,7,1,0,1,1,0,1,0,0,0,0,0,0.000497
4079,,7,0,1,1,0,1,1,9,0.20921,0.214873,0,0,0
4081,,16,0,1,1,0,1,1,9,0.216719,0.222904,0,0,0
4082,,14,0,1,1,0,1,1,9,0.222258,0.229364,0,0,0
4084,,14,0,1,1,0,1,1,8,0.25615,0.266929,0,0,0
4089,,1,0,3,3,0,3,3,8,0.229732,0.237638,0,0.166667,0
8028,,1,1,2,3,1,2,3,8,0.240539,0.24934,105.193808,0.666667,0.000446
8540,,16,1,3,4,1,3,4,9,0.228946,0.236649,328.649169,0.25,0.000654
20523,,7,1,1,2,1,1,2,9,0.224571,0.23158,0,0,0.00038
21799,,7,2,5,7,2,5,7,8,0.265103,0.276226,2623.608374,0.333333,0.000561
32817,,7,1,1,2,1,1,2,8,0.238712,0.2466,86.04382,0,0.00038
4098,,16,0,6,6,0,6,6,8,0.250149,0.259787,0,0.733333,0
15561,,16,1,0,1,1,0,1,0,0,0,0,0,0.000368
25498,,16,1,0,1,1,0,1,0,0,0,0,0,0.000368
28261,,16,1,0,1,1,0,1,0,0,0,0,0,0.000368
29640,,16,1,0,1,1,0,1,0,0,0,0,0,0.000368
33516,,16,1,0,1,1,0,1,0,0,0,0,0,0.000368
34161,,16,1,0,1,1,0,1,0,0,0,0,0,0.000368
7904,,1,4,4,8,4,4,8,8,0.229644,0.237538,19760.542331,0.196429,0.000741
4101,,14,1,1,2,1,1,2,9,0.209627,0.215249,0,0.5,0.000173
21380,,14,2,0,2,2,0,2,0,0,0,0,0,0.000504
4106,,2,0,1,1,0,1,1,9,0.209226,0.214674,0,0,0
4109,,7,0,2,2,0,2,2,8,0.231723,0.238658,0,0,0
8938,,7,1,1,2,1,1,2,9,0.18937,0.194091,0,0,0.000196
4112,,14,0,2,2,0,2,2,9,0.221281,0.22839,0,1,0
27824,,1,2,0,2,2,0,2,0,0,0,0,0,0.000376
4116,,41,3,3,6,3,3,6,9,0.205168,0.210781,44827.410308,0.133333,0.000808
12493,,16,5,0,5,5,0,5,0,0,0,0,0.2,0.001072
9339,,16,2,1,3,2,1,3,9,0.18275,0.186473,6.456073,0.5,0.00044
23254,,41,1,5,6,1,5,6,8,0.24945,0.258723,494.693996,0.15,0.000246
32239,,16,1,0,1,1,0,1,0,0,0,0,0,0.000246
7979,,41,3,0,3,3,0,3,0,0,0,0,0.166667,0.000532
6597,,41,2,4,6,2,4,6,8,0.257601,0.268862,19834.380578,0.25,0.000424
4118,,7,0,11,11,0,11,11,8,0.273529,0.286346,0,0.272727,0
15438,,16,1,0,1,1,0,1,0,0,0,0,0,0.000191
23745,,16,2,1,3,2,1,3,9,0.224028,0.231574,0,0.5,0.000371
4121,,65,0,1,1,0,1,1,9,0.195014,0.200132,0,0,0
8426,,67,1,0,1,1,0,1,0,0,0,0,0,0.000197
14259,,67,1,0,1,1,0,1,0,0,0,0,0,0.000197
16934,,67,3,2,5,3,2,5,8,0.229499,0.236983,37711.583481,0.1,0.000533
5153,,7,1,1,2,1,1,2,9,0.222438,0.228746,0,0.5,0.00018
24764,,7,1,0,1,1,0,1,0,0,0,0,0,0.000483
11681,,7,1,2,3,1,2,3,9,0.213261,0.219327,40.265717,0,0.000483
12672,,7,1,3,4,1,3,4,8,0.261534,0.272693,26084.080383,0.166667,0.000483
4135,,95,0,1,1,0,1,1,9,0.196447,0.201528,0,0,0
4518,,36,5,5,10,5,5,10,9,0.235043,0.243249,41046.25059,0.097222,0.001017
10704,,36,1,2,3,1,2,3,9,0.234958,0.243041,0,0.5,0.000298
4142,,14,0,1,1,0,1,1,9,0.204842,0.210277,0,0,0
4143,,93,1,1,2,1,1,2,11,0.151329,0.153503,0,0,0.000173
4144,,93,1,2,3,1,2,3,10,0.178311,0.181906,18827,0,0.000173
30684,,14,4,1,5,4,1,5,10,0.183704,0.187719,37673.827448,0,0.000707
4147,,69,0,1,1,0,1,1,9,0.193733,0.198249,0,0,0
4148,,7,1,1,2,1,1,2,9,0.208098,0.213262,1,0,0.000178
4150,,65,0,2,2,0,2,2,8,0.237457,0.245656,0,1,0
30437,,16,1,2,3,1,2,3,8,0.233275,0.240282,0,0.333333,0.000402
27527,,41,2,0,2,2,0,2,0,0,0,0,0,0.000391
4157,,41,0,2,2,0,2,2,8,0.246272,0.255285,0,1,0
4158,,16,1,4,5,1,4,5,8,0.270662,0.282799,18827,0.4,0.000168
17071,,7,1,2,3,1,2,3,9,0.206618,0.211965,0,0.5,0.000271
4160,,16,0,1,1,0,1,1,8,0.216811,0.22311,0,0,0
19688,,16,1,0,1,1,0,1,0,0,0,0,0,0.000485
8934,,16,2,4,6,2,4,6,9,0.243866,0.252598,390.08707,0.133333,0.000763
21212,,7,1,0,1,1,0,1,0,0,0,0,0,0.000227
26347,,7,2,0,2,2,0,2,0,0,0,0,0,0.00072
32557,,7,1,2,3,1,2,3,8,0.268261,0.279708,272.234411,0.166667,0.000227
4163,,67,0,1,1,0,1,1,8,0.240355,0.248397,0,0,0
4165,,14,0,1,1,0,1,1,8,0.247395,0.256736,0,0,0
4167,,1,4,4,8,4,4,8,8,0.229063,0.236897,52148.797537,0.166667,0.001051
9563,,1,1,1,2,1,1,2,9,0.223975,0.230996,160.189662,0,0.000191
19728,,1,2,2,4,2,2,4,8,0.228946,0.236696,18826,0.166667,0.000359
4168,,22,0,1,1,0,1,1,9,0.21286,0.218905,0,0,0
4170,,7,0,1,1,0,1,1,9,0.214748,0.220754,0,0,0
4172,,16,1,0,1,1,0,1,0,0,0,0,0,0.000195
13623,,16,1,0,1,1,0,1,0,0,0,0,0,0.000195
23163,,16,1,2,3,1,2,3,9,0.212145,0.218606,325.845886,0.333333,0.000195
33506,,16,1,0,1,1,0,1,0,0,0,0,0,0.000195
15883,,7,1,0,1,1,0,1,0,0,0,0,0,0.000196
4176,,53,1,0,1,1,0,1,0,0,0,0,0,0.000269
25286,,53,1,0,1,1,0,1,0,0,0,0,0,0.000269
4177,,7,1,6,7,1,6,7,8,0.263197,0.274709,18827,0.071429,0.000168
26173,,7,2,0,2,2,0,2,0,0,0,0,0,0.000359
8231,,36,1,0,1,1,0,1,0,0,0,0,0,0.000195
5260,,39,2,0,2,2,0,2,0,0,0,0,0,0.000346
4186,,1,0,2,2,0,2,2,9,0.215548,0.222135,0,0,0
7872,,14,1,4,5,1,4,5,8,0.256188,0.267054,134.173778,0.3,0.000244
5928,,7,1,1,2,1,1,2,9,0.216869,0.222916,2.353315,0,0.000467
9090,,14,1,0,1,1,0,1,0,0,0,0,0,0.00018
4194,,16,0,1,1,0,1,1,9,0.213228,0.219825,0,0,0
4195,,65,3,3,6,3,3,6,9,0.202674,0.207984,13032.051495,0.166667,0.000539
5915,,65,2,4,6,2,4,6,9,0.226904,0.234446,2934.759189,0.166667,0.000366
4196,,16,1,2,3,1,2,3,8,0.237387,0.246899,26733.307711,0,0.000337
11598,,16,1,0,1,1,0,1,0,0,0,0,0,0.000175
4197,,16,0,1,1,0,1,1,9,0.215775,0.22222,0,0,0
4198,,81,0,1,1,0,1,1,10,0.183542,0.187607,0,0,0
4201,,7,0,1,1,0,1,1,9,0.233264,0.241028,0,0,0
4202,,36,0,1,1,0,1,1,9,0.215151,0.221458,0,0,0
4203,,14,0,1,1,0,1,1,8,0.25615,0.266929,0,0,0
4205,,16,0,4,4,0,4,4,8,0.239801,0.248217,0,0,0
26939,,16,1,1,2,1,1,2,9,0.2086,0.214377,60.65692,0,0.000168
4206,,25,1,1,2,1,1,2,8,0.234157,0.2421,0,0.5,0.000304
4208,,7,0,2,2,0,2,2,8,0.26276,0.273493,0,0.5,0
8184,,1,1,0,1,1,0,1,0,0,0,0,0,0.000203
4211,,7,0,1,1,0,1,1,8,0.272188,0.283721,0,0,0
4213,,14,0,1,1,0,1,1,9,0.217915,0.224606,0,0,0
7648,,16,1,1,2,1,1,2,8,0.236534,0.245949,10.229476,0,0.000451
30682,,16,3,0,3,3,0,3,0,0,0,0,0,0.001647
4217,,7,0,2,2,0,2,2,9,0.210242,0.215712,0,0.5,0
4219,,14,1,4,5,1,4,5,9,0.227062,0.234738,256.513337,0.3,0.000168
16135,,14,1,0,1,1,0,1,0,0,0,0,0,0.000279
14332,,14,2,2,4,2,2,4,8,0.255389,0.265742,148.244299,0.583333,0.000475
24499,,14,1,0,1,1,0,1,0,0,0,0,0,0.000279
4224,,16,0,1,1,0,1,1,8,0.230667,0.237711,0,0,0
4226,,16,0,1,1,0,1,1,9,0.214155,0.219626,0,0,0
4227,,7,2,4,6,2,4,6,8,0.248709,0.258397,20401.664394,0,0.000341
6301,,7,1,2,3,1,2,3,9,0.225571,0.232458,55.093431,0,0.000178
10865,,41,1,0,1,1,0,1,0,0,0,0,0,0.000356
30266,,41,1,0,1,1,0,1,0,0,0,0,0,0.000356
8726,,36,1,3,4,1,3,4,8,0.264247,0.275869,89.776371,0.416667,0.000356
30199,,7,1,0,1,1,0,1,0,0,0,0,0,0.000292
16083,,16,1,0,1,1,0,1,0,0,0,0,0,0.000388
22004,,16,1,2,3,1,2,3,9,0.203562,0.208544,278.821744,0,0.000388
26534,,16,1,0,1,1,0,1,0,0,0,0,0,0.000388
6039,,16,1,0,1,1,0,1,0,0,0,0,0,0.000509
13730,,16,1,0,1,1,0,1,0,0,0,0,0,0.000509
14147,,16,1,0,1,1,0,1,0,0,0,0,0,0.000509
15284,,16,1,0,1,1,0,1,0,0,0,0,0,0.000509
16068,,16,1,1,2,1,1,2,9,0.203232,0.208448,0,0,0.000509
14318,,16,4,2,6,4,2,6,8,0.244344,0.253514,140.390579,0.466667,0.001089
24921,,16,1,0,1,1,0,1,0,0,0,0,0,0.000509
22071,,16,1,1,2,1,1,2,9,0.203232,0.208448,0,0,0.000509
4239,,7,0,1,1,0,1,1,9,0.207609,0.212853,0,0,0
11948,,16,1,0,1,1,0,1,0,0,0,0,0,0.000233
4243,,7,0,2,2,0,2,2,9,0.228961,0.236378,0,0,0
4244,,7,3,1,4,3,1,4,9,0.216804,0.223195,446.296089,0.166667,0.000709
14073,,7,1,0,1,1,0,1,0,0,0,0,0,0.000252
4246,,7,0,4,4,0,4,4,8,0.268382,0.280256,0,0.5,0
4247,,16,0,1,1,0,1,1,10,0.175756,0.179374,0,0,0
4249,,12,1,1,2,1,1,2,9,0.200068,0.20437,11.917612,0,0.000179
4250,,7,0,5,5,0,5,5,8,0.264283,0.276215,0,0.4,0
4983,,41,1,0,1,1,0,1,0,0,0,0,0,0.000265
25583,,41,1,1,2,1,1,2,9,0.226465,0.234217,90.911701,0,0.000265
4254,,7,0,2,2,0,2,2,8,0.26276,0.273493,0,0.5,0
4257,,14,1,2,3,1,2,3,8,0.247567,0.257036,0,1,0.000513
4398,,1,1,5,6,1,5,6,9,0.23213,0.240421,406.507169,0.033333,0.000513
14664,,14,1,1,2,1,1,2,8,0.239328,0.246807,0,0,0.000513
22544,,14,1,0,1,1,0,1,0,0,0,0,0,0.000513
29671,,14,1,0,1,1,0,1,0,0,0,0,0,0.000513
16629,,14,2,1,3,2,1,3,8,0.247392,0.256732,18826,0.333333,0.000681
30583,,14,1,0,1,1,0,1,0,0,0,0,0,0.000513
30870,,14,2,2,4,2,2,4,9,0.220319,0.227499,2460.63686,0.416667,0.000681
33230,,14,1,2,3,1,2,3,9,0.22629,0.233928,0,1,0.000513
4261,,14,0,1,1,0,1,1,12,0.133072,0.134495,0,0,0
4262,,7,0,1,1,0,1,1,9,0.216871,0.222917,0,0,0
4264,,36,1,6,7,1,6,7,8,0.267373,0.279442,26044.267333,0.119048,0.000298
21765,,36,1,0,1,1,0,1,0,0,0,0,0,0.000298
32324,,36,6,23,29,6,23,29,8,0.244053,0.253309,18907.779756,0.408832,0.001212
8843,,36,1,1,2,1,1,2,9,0.226168,0.23325,11.290774,0,0.000174
4265,,41,0,1,1,0,1,1,10,0.165264,0.167785,0,0,0
25884,,16,1,1,2,1,1,2,8,0.221715,0.228085,0,0,0.000361
27791,,16,1,1,2,1,1,2,8,0.221715,0.228085,0,0,0.000361
17690,,16,1,3,4,1,3,4,9,0.224882,0.232881,26250.466342,0,0.000361
4269,,7,0,1,1,0,1,1,9,0.220134,0.226548,0,0,0
4272,,7,0,1,1,0,1,1,10,0.179156,0.182314,0,0,0
9066,,7,1,3,4,1,3,4,8,0.262438,0.273863,504.257903,0.25,0.000223
20620,,7,1,1,2,1,1,2,9,0.213505,0.219444,0,0,0.000223
4540,,14,1,1,2,1,1,2,8,0.247395,0.256737,20.829226,0,0.000211
4550,,14,1,0,1,1,0,1,0,0,0,0,0,0.000211
4277,,7,0,4,4,0,4,4,7,0.294531,0.309142,0,0.416667,0
4278,,7,3,0,3,3,0,3,0,0,0,0,0.166667,0.001127
4280,,16,0,1,1,0,1,1,9,0.231783,0.240091,0,0,0
4281,,7,0,3,3,0,3,3,7,0.29363,0.308078,0,0.166667,0
12717,,7,1,1,2,1,1,2,9,0.212521,0.218426,0,0,0.000441
4284,,7,0,1,1,0,1,1,9,0.200066,0.204368,0,0,0
4285,,7,0,2,2,0,2,2,9,0.217646,0.223719,0,0,0
4287,,16,2,1,3,2,1,3,8,0.262757,0.273467,21238.634296,0,0.00045
4289,,81,0,2,2,0,2,2,9,0.224797,0.232451,0,1,0
6348,,14,1,0,1,1,0,1,0,0,0,0,0,0.000179
4293,,65,0,1,1,0,1,1,9,0.200492,0.205579,0,0,0
4294,,41,0,2,2,0,2,2,8,0.235117,0.243334,0,1,0
25045,,16,1,0,1,1,0,1,0,0,0,0,0,0.000217
4296,,1,0,1,1,0,1,1,8,0.228936,0.236648,0,0,0
4297,,7,0,3,3,0,3,3,8,0.252532,0.262853,0,0.166667,0
4298,,7,5,2,7,5,2,7,9,0.230228,0.237249,87.413725,0.119048,0.000961
21266,,36,1,0,1,1,0,1,0,0,0,0,0,0.00018
4300,,7,0,1,1,0,1,1,2,0.666667,0.75,0,0,0
10321,,7,2,0,2,2,0,2,0,0,0,0,0,0.000375
4303,,94,0,1,1,0,1,1,1,1,1,0,0,0
4304,,94,1,0,1,1,0,1,0,0,0,0,0,0.000168
4305,,12,0,2,2,0,2,2,8,0.23085,0.238512,0,0,0
25231,,16,2,0,2,2,0,2,0,0,0,0,0,0.000485
8706,,25,5,5,10,5,5,10,9,0.22565,0.232954,6.125,0.472222,0.002014
11967,,25,4,4,8,4,4,8,9,0.225639,0.2329,25976.75,0.366667,0.001729
13047,,25,4,4,8,4,4,8,9,0.225648,0.232927,294.334486,0.533333,0.001755
13965,,25,3,3,6,3,3,6,9,0.225634,0.232865,18825.375,0.3,0.001495
15165,,25,1,2,3,1,2,3,9,0.225631,0.232838,0,1,0.001096
14238,,25,2,3,5,2,3,5,9,0.225675,0.23293,5.56156,0.75,0.001304
16103,,25,14,18,32,14,18,32,9,0.235334,0.244558,22150.750406,0.309524,0.003964
14316,,25,4,3,7,4,3,7,9,0.225683,0.232952,71138.498236,0.166667,0.001677
14105,,25,2,3,5,2,3,5,9,0.225637,0.232874,12978.188356,0.416667,0.001313
16974,,25,9,12,21,9,12,21,8,0.273268,0.28537,66822.786355,0.423077,0.002952
16973,,25,9,9,18,9,9,18,9,0.225669,0.233082,7233.462954,0.651515,0.002897
16982,,25,12,13,25,12,13,25,9,0.22568,0.233188,7248.070097,0.483333,0.003541
16968,,25,6,9,15,6,9,15,9,0.225664,0.233069,12337.585585,0.606061,0.002265
17574,,25,7,2,9,7,2,9,9,0.225672,0.232903,22.654013,0.303571,0.002288
14079,,25,10,14,24,10,14,24,9,0.225685,0.233224,43723.257145,0.345833,0.003081
18603,,25,6,7,13,6,7,13,9,0.215428,0.221424,3242.023374,0.654545,0.002203
19041,,25,3,2,5,3,2,5,9,0.225672,0.232903,18831.516508,0.333333,0.001494
17403,,25,9,7,16,9,7,16,9,0.229515,0.237394,46285.891363,0.126374,0.002943
19007,,25,6,3,9,6,3,9,9,0.22565,0.232914,4.7,0.619048,0.002242
19228,,25,5,7,12,5,7,12,9,0.225664,0.233029,25978.145238,0.569444,0.001998
16967,,25,17,11,28,17,11,28,9,0.225677,0.233144,89706.156208,0.321637,0.004442
24782,,25,1,0,1,1,0,1,0,0,0,0,0,0.001096
27603,,25,2,2,4,2,2,4,9,0.225696,0.232931,1493.318331,0.333333,0.001304
28214,,25,1,0,1,1,0,1,0,0,0,0,0,0.001096
14544,,25,2,1,3,2,1,3,9,0.225629,0.232812,0,1,0.001321
29798,,25,1,0,1,1,0,1,0,0,0,0,0,0.001096
30757,,25,1,0,1,1,0,1,0,0,0,0,0,0.001096
16958,,25,7,11,18,7,11,18,9,0.225672,0.233126,25769.046981,0.472527,0.002368
33327,,25,1,0,1,1,0,1,0,0,0,0,0,0.001096
34041,,25,1,1,2,1,1,2,9,0.225629,0.232812,0,0,0.001096
34781,,25,1,0,1,1,0,1,0,0,0,0,0,0.001096
18027,,7,1,0,1,1,0,1,0,0,0,0,0,0.000269
15744,,14,1,0,1,1,0,1,0,0,0,0,0,0.0002
4313,,16,2,6,8,2,6,8,8,0.249298,0.259426,64231.08334,0.035714,0.000353
23909,,16,1,0,1,1,0,1,0,0,0,0,0,0.000178
4314,,16,1,3,4,1,3,4,9,0.233273,0.241698,232.996627,0.333333,0.000173
17272,,7,1,0,1,1,0,1,0,0,0,0,0,0.000215
12100,,7,1,2,3,1,2,3,9,0.201468,0.206052,4.330436,0,0.000215
35325,,7,1,0,1,1,0,1,0,0,0,0,0,0.000215
4317,,7,0,1,1,0,1,1,1,1,1,0,0,0
4321,,14,0,1,1,0,1,1,8,0.249084,0.258104,0,0,0
11897,,7,1,0,1,1,0,1,0,0,0,0,0,0.000217
23198,,7,1,1,2,1,1,2,9,0.211733,0.217635,0,0,0.000217
4325,,36,0,2,2,0,2,2,9,0.224441,0.23115,0,0,0
4326,,41,0,3,3,0,3,3,8,0.241706,0.249458,0,0.166667,0
13441,,41,2,1,3,2,1,3,1,1,1,25977,0,0.000504
28018,,41,1,0,1,1,0,1,0,0,0,0,0,0.000336
28433,,41,1,3,4,1,3,4,9,0.235478,0.244163,14.18074,0.666667,0.000336
4437,,7,2,1,3,2,1,3,9,0.222254,0.229094,18826,0.333333,0.000959
13866,,36,3,4,7,3,4,7,8,0.240094,0.24903,3625.635695,0.119048,0.001478
18191,,7,1,0,1,1,0,1,0,0,0,0,0,0.000791
16649,,12,16,12,28,16,12,28,9,0.197112,0.202349,227511.093447,0.096014,0.004597
30691,,7,1,0,1,1,0,1,0,0,0,0,0,0.000791
29881,,12,1,1,2,1,1,2,10,0.176245,0.179867,25979.774549,0,0.000791
4330,,16,0,2,2,0,2,2,8,0.261577,0.27273,0,0,0
33494,,7,2,0,2,2,0,2,0,0,0,0,0,0.000406
7860,,16,1,0,1,1,0,1,0,0,0,0,0,0.00068
25363,,16,1,0,1,1,0,1,0,0,0,0,0,0.00068
29115,,16,1,0,1,1,0,1,0,0,0,0,0,0.00068
4336,,14,0,1,1,0,1,1,8,0.25615,0.266929,0,0,0
14200,,16,2,2,4,2,2,4,8,0.244538,0.253812,1597.348008,0.166667,0.000908
33993,,7,1,0,1,1,0,1,0,0,0,0,0,0.000717
4339,,7,0,1,1,0,1,1,8,0.262756,0.273466,0,0,0
13018,,16,3,1,4,3,1,4,9,0.217936,0.22465,18952.432758,0.166667,0.001227
19754,,41,1,1,2,1,1,2,9,0.210714,0.216559,15.870274,0,0.000851
13020,,16,1,1,2,1,1,2,10,0.178942,0.182605,0,1,0.000851
4343,,41,0,1,1,0,1,1,8,0.231378,0.23929,0,0,0
4344,,7,0,1,1,0,1,1,8,0.262756,0.273466,0,0,0
4345,,7,0,1,1,0,1,1,9,0.200066,0.204368,0,0,0
10042,,41,1,0,1,1,0,1,0,0,0,0,0,0.000267
10962,,39,1,1,2,1,1,2,1,1,1,1.5,0,0.000267
4348,,39,0,1,1,0,1,1,12,0.1374,0.139114,0,0,0
13575,,16,1,1,2,1,1,2,8,0.244164,0.253369,0,0.5,0.00019
4351,,7,1,2,3,1,2,3,9,0.22279,0.229313,6.677337,0,0.000337
4354,,7,4,1,5,4,1,5,8,0.233012,0.239898,2816.936279,0.25,0.001132
11480,,7,1,2,3,1,2,3,9,0.214828,0.220837,4.426395,0.333333,0.000604
16032,,16,1,1,2,1,1,2,1,1,1,8.710588,0,0.000604
31036,,625,2,0,2,2,0,2,0,0,0,0,0,0.000772
4359,,16,0,1,1,0,1,1,9,0.215953,0.222223,0,0,0
27743,,16,1,1,2,1,1,2,9,0.196118,0.200615,14.249449,0,0.000351
13843,,7,1,1,2,1,1,2,9,0.223728,0.230677,183.297212,0,0.000232
4365,,65,0,1,1,0,1,1,9,0.213606,0.219549,0,0,0
4368,,36,0,4,4,0,4,4,9,0.223385,0.230844,0,0,0
6147,,36,1,1,2,1,1,2,1,1,1,0.5,0,0.000168
14035,,41,1,0,1,1,0,1,0,0,0,0,0,0.000207
21908,,7,1,6,7,1,6,7,8,0.270178,0.282864,21.205166,0.452381,0.000296
7743,,7,2,1,3,2,1,3,9,0.22565,0.232928,69.225191,0,0.000705
27060,,16,1,0,1,1,0,1,0,0,0,0,0,0.000235
21139,,41,1,2,3,1,2,3,8,0.232423,0.239673,26049.551417,0.166667,0.00041
33273,,41,1,0,1,1,0,1,0,0,0,0,0,0.00041
4379,,7,0,2,2,0,2,2,9,0.195518,0.200379,0,0,0
4856,,16,1,2,3,1,2,3,8,0.237795,0.246737,1084.782918,0.666667,0.000175
29198,,7,1,0,1,1,0,1,0,0,0,0,0,0.000407
31064,,7,1,0,1,1,0,1,0,0,0,0,0,0.000292
4391,,39,0,1,1,0,1,1,10,0.177962,0.181938,0,0,0
4392,,7,0,1,1,0,1,1,9,0.188504,0.192408,0,0,0
4393,,7,0,2,2,0,2,2,8,0.271447,0.283228,0,1,0
4394,,14,0,1,1,0,1,1,8,0.25615,0.266929,0,0,0
4395,,14,0,1,1,0,1,1,9,0.217915,0.224606,0,0,0
4399,,7,0,1,1,0,1,1,9,0.221557,0.228285,0,0,0
4401,,7,0,1,1,0,1,1,9,0.226946,0.234172,0,0,0
5908,,7,1,0,1,1,0,1,0,0,0,0,0,0.00046
16220,,67,1,13,14,1,13,14,8,0.24362,0.252595,178669.081599,0.021978,0.00046
25454,,7,1,0,1,1,0,1,0,0,0,0,0,0.00046
32924,,7,1,1,2,1,1,2,9,0.219484,0.2259,0,0,0.00046
34601,,7,1,0,1,1,0,1,0,0,0,0,0,0.00046
20920,,1,1,2,3,1,2,3,9,0.200247,0.205744,0,0.833333,0.000247
4404,,1,0,1,1,0,1,1,9,0.21102,0.217224,0,0,0
4406,,1,0,3,3,0,3,3,8,0.231805,0.240064,0,0.333333,0
5347,,16,1,12,13,1,12,13,8,0.249153,0.260107,1746.646294,0.068182,0.000195
4447,,95,1,1,2,1,1,2,9,0.196443,0.201521,0,1,0.000173
4410,,14,0,1,1,0,1,1,8,0.25615,0.266929,0,0,0
4413,,1,1,2,3,1,2,3,8,0.231269,0.239423,19184.204234,0.333333,0.000182
31496,,7,1,0,1,1,0,1,0,0,0,0,0,0.000175
34354,,7,1,0,1,1,0,1,0,0,0,0,0,0.000242
10518,,65,1,0,1,1,0,1,0,0,0,0,0,0.000201
12754,,65,2,2,4,2,2,4,8,0.235599,0.242815,4.5,0.5,0.000369
16711,,65,1,0,1,1,0,1,0,0,0,0,0,0.000201
17316,,65,1,2,3,1,2,3,9,0.213648,0.219668,88.698916,0,0.000201
18679,,65,1,1,2,1,1,2,2,0.666667,0.75,51952,0,0.000201
4420,,7,0,1,1,0,1,1,8,0.262756,0.273466,0,0,0
4423,,16,0,2,2,0,2,2,8,0.224452,0.231405,0,0.5,0
4426,,16,0,1,1,0,1,1,8,0.226935,0.234515,0,0,0
4428,,7,0,1,1,0,1,1,9,0.219854,0.226465,0,0,0
20853,,7,1,0,1,1,0,1,0,0,0,0,0,0.00027
28529,,7,1,1,2,1,1,2,9,0.216872,0.222918,0,0.5,0.00027
10376,,41,2,6,8,2,6,8,8,0.251577,0.261315,27301.301022,0.160714,0.000438
4431,,41,1,0,1,1,0,1,0,0,0,0,0,0.000173
4432,,41,1,0,1,1,0,1,0,0,0,0,0,0.000173
4433,,16,0,1,1,0,1,1,9,0.232956,0.241234,0,0,0
8772,,1,3,2,5,3,2,5,8,0.239898,0.248253,18838.977883,0.25,0.001194
9184,,1,1,0,1,1,0,1,0,0,0,0,0,0.000743
9515,,1,1,0,1,1,0,1,0,0,0,0,0,0.000743
16321,,1,1,3,4,1,3,4,8,0.230932,0.238021,641.245877,0.5,0.000743
29440,,1,1,1,2,1,1,2,8,0.230912,0.237933,0,0,0.000743
29587,,1,1,0,1,1,0,1,0,0,0,0,0,0.000743
4435,,7,0,1,1,0,1,1,10,0.179156,0.182314,0,0,0
25155,,16,2,7,9,2,7,9,8,0.245089,0.254376,52408.282587,0.053571,0.000619
35453,,7,1,0,1,1,0,1,0,0,0,0,0,0.000282
33640,,16,2,10,12,2,10,12,9,0.242366,0.251115,26934.686149,0.060606,0.000569
4442,,16,1,6,7,1,6,7,8,0.253675,0.263528,26126.871137,0.166667,0.000173
22556,,16,2,3,5,2,3,5,8,0.247906,0.256803,18867.934913,0.1,0.000341
4443,,36,1,4,5,1,4,5,9,0.22625,0.23339,57.790734,0.1,0.000173
16353,,36,1,1,2,1,1,2,9,0.200862,0.206035,0,0,0.000269
4446,,7,0,1,1,0,1,1,8,0.262756,0.273466,0,0,0
4450,,36,1,6,7,1,6,7,8,0.258987,0.270049,1291.149353,0,0.000255
4451,,7,0,1,1,0,1,1,9,0.210428,0.216026,0,0,0
4454,,1,0,1,1,0,1,1,9,0.200249,0.205725,0,0,0
22191,,16,3,5,8,3,5,8,8,0.253662,0.26442,44799,0.4,0.001543
29140,,16,2,0,2,2,0,2,0,0,0,0,1,0.001375
23669,,16,1,1,2,1,1,2,1,1,1,25976,0,0.000427
18918,,16,1,3,4,1,3,4,9,0.229188,0.236469,26443.573686,0.166667,0.000427
4457,,7,0,1,1,0,1,1,9,0.222142,0.228387,0,0,0
4458,,36,0,3,3,0,3,3,9,0.223188,0.230307,0,0.5,0
26125,,7,3,0,3,3,0,3,0,0,0,0,0,0.000808
4464,,41,1,0,1,1,0,1,0,0,0,0,0,0.000311
4465,,1,0,3,3,0,3,3,9,0.223317,0.230524,0,0.333333,0
4468,,7,0,1,1,0,1,1,8,0.262756,0.273466,0,0,0
18017,,7,1,1,2,1,1,2,9,0.209255,0.214883,4.198413,0.5,0.000262
23948,,16,1,1,2,1,1,2,9,0.219653,0.2262,16.271927,0,0.000226
4479,,16,0,1,1,0,1,1,9,0.202899,0.20872,0,0,0
4481,,7,0,1,1,0,1,1,10,0.179156,0.182314,0,0,0
8937,,7,4,4,8,4,4,8,8,0.264395,0.274912,32879.420584,0.095238,0.000912
31870,,7,1,0,1,1,0,1,0,0,0,0,0,0.000331
24962,,7,1,1,2,1,1,2,9,0.200678,0.205345,63.708581,0,0.000331
14720,,7,1,0,1,1,0,1,0,0,0,0,0,0.000363
16357,,7,2,0,2,2,0,2,0,0,0,0,0,0.000553
31447,,7,1,1,2,1,1,2,8,0.234393,0.241488,0,0,0.000363
19673,,7,1,1,2,1,1,2,8,0.234393,0.241488,0,0,0.000363
9796,,81,1,4,5,1,4,5,8,0.240951,0.249203,52248.433901,0,0.000363
12159,,1,1,0,1,1,0,1,0,0,0,0,0,0.000343
20109,,1,1,0,1,1,0,1,0,0,0,0,0,0.000343
4489,,1,1,3,4,1,3,4,8,0.229692,0.23759,172.296538,0.5,0.000183
12433,,16,3,8,11,3,8,11,8,0.255095,0.265372,5293.401521,0.036364,0.000972
4492,,16,0,1,1,0,1,1,9,0.223681,0.230334,0,0,0
9981,,1,1,6,7,1,6,7,8,0.264786,0.276198,26153.245564,0.309524,0.000241
16041,,1,1,0,1,1,0,1,0,0,0,0,0,0.000241
4495,,7,0,1,1,0,1,1,9,0.246124,0.25571,0,0,0
4499,,14,0,1,1,0,1,1,8,0.25615,0.266929,0,0,0
4500,,7,0,1,1,0,1,1,9,0.214248,0.22021,0,0,0
4502,,7,0,4,4,0,4,4,8,0.264822,0.276003,0,0.583333,0
4505,,1,0,2,2,0,2,2,9,0.224096,0.23157,0,0,0
19588,,14,3,0,3,3,0,3,0,0,0,0,0,0.000568
4509,,7,0,1,1,0,1,1,9,0.211535,0.217158,0,0,0
4511,,7,1,7,8,1,7,8,8,0.251362,0.261556,1648.589605,0.095238,0.000335
30841,,7,1,0,1,1,0,1,0,0,0,0,0,0.000334
13801,,1,1,4,5,1,4,5,9,0.224515,0.232344,610.226749,0.3,0.00031
23906,,7,1,0,1,1,0,1,0,0,0,0,0,0.00031
4523,,16,0,1,1,0,1,1,9,0.225449,0.232111,0,0,0
4525,,7,0,2,2,0,2,2,8,0.23644,0.24362,0,0.5,0
4592,,2,1,1,2,1,1,2,9,0.195688,0.199904,0,0,0.000183
4826,,2,2,0,2,2,0,2,0,0,0,0,0,0.000351
23576,,7,1,0,1,1,0,1,0,0,0,0,0,0.000879
23891,,7,1,3,4,1,3,4,8,0.253545,0.263216,90.653021,0.083333,0.000879
4531,,7,1,0,1,1,0,1,0,0,0,0,0,0.000174
33542,,7,1,2,3,1,2,3,9,0.222972,0.229874,65.546127,0,0.000174
14390,,16,1,4,5,1,4,5,8,0.235017,0.24408,26422.93758,0,0.000646
30179,,1,1,0,1,1,0,1,0,0,0,0,0,0.000206
4536,,16,0,2,2,0,2,2,8,0.225233,0.233255,0,1,0
4538,,7,0,1,1,0,1,1,9,0.224824,0.231856,0,0,0
4542,,1,0,2,2,0,2,2,8,0.231381,0.239341,0,1,0
12381,,7,1,3,4,1,3,4,8,0.243759,0.253057,1378.249296,0.333333,0.000232
4544,,14,0,4,4,0,4,4,8,0.256817,0.267946,0,0.583333,0
4545,,7,0,1,1,0,1,1,8,0.261475,0.272568,0,0,0
4546,,16,0,1,1,0,1,1,9,0.215775,0.22222,0,0,0
4549,,67,2,2,4,2,2,4,2,0.75,0.833333,51955,0.083333,0.000411
29246,,67,1,1,2,1,1,2,1,1,1,25978,0,0.000178
4554,,41,1,4,5,1,4,5,8,0.245427,0.254296,52933.660125,0.2,0.000184
21700,,41,1,3,4,1,3,4,8,0.225019,0.232634,25978.258495,0.083333,0.000173
4559,,7,0,1,1,0,1,1,9,0.198884,0.203512,0,0,0
4560,,41,1,1,2,1,1,2,9,0.217481,0.223922,0,0,0.000499
6023,,41,1,0,1,1,0,1,0,0,0,0,0,0.000499
8826,,41,1,3,4,1,3,4,8,0.236745,0.245377,0,0.5,0.000499
8964,,41,1,0,1,1,0,1,0,0,0,0,0,0.000499
9175,,41,3,2,5,3,2,5,9,0.217483,0.223948,18952.38412,0.166667,0.00084
9894,,41,1,1,2,1,1,2,9,0.217481,0.223922,0,0,0.000499
12198,,41,2,0,2,2,0,2,0,0,0,0,1,0.000685
12790,,41,1,0,1,1,0,1,0,0,0,0,0,0.000499
13689,,41,1,0,1,1,0,1,0,0,0,0,0,0.000499
16217,,41,1,0,1,1,0,1,0,0,0,0,0,0.000499
16260,,41,1,1,2,1,1,2,9,0.217481,0.223922,0,0,0.000499
21101,,41,1,0,1,1,0,1,0,0,0,0,0,0.000499
21149,,41,1,1,2,1,1,2,9,0.217481,0.223922,0,0,0.000499
25059,,41,2,0,2,2,0,2,0,0,0,0,0.5,0.000667
27274,,41,2,3,5,2,3,5,9,0.217393,0.22372,26077.597029,0.2,0.000676
31335,,41,1,1,2,1,1,2,9,0.217481,0.223922,0,0,0.000499
32881,,41,1,0,1,1,0,1,0,0,0,0,0,0.000499
35689,,41,1,0,1,1,0,1,0,0,0,0,0,0.000499
4564,,1,3,1,4,3,1,4,9,0.187841,0.192086,26333.204234,0,0.000518
4565,,14,0,1,1,0,1,1,8,0.247395,0.256736,0,0,0
8657,,16,1,1,2,1,1,2,9,0.216894,0.222718,0,0,0.000306
24663,,7,1,0,1,1,0,1,0,0,0,0,0,0.000173
5420,,16,3,2,5,3,2,5,9,0.22437,0.231409,19302.735739,0,0.001012
4572,,16,1,1,2,1,1,2,10,0.178137,0.181813,15.928571,0.5,0.000188
23967,,14,1,0,1,1,0,1,0,0,0,0,0,0.000338
4580,,7,0,1,1,0,1,1,9,0.238286,0.246733,0,0,0
4583,,41,0,1,1,0,1,1,1,1,1,0,0,0
19582,,16,5,1,6,5,1,6,9,0.224742,0.232056,3640.571698,0.133333,0.001823
4588,,12,1,1,2,1,1,2,9,0.224643,0.231411,254.91074,0,0.000188
23091,,7,2,1,3,2,1,3,9,0.232016,0.240014,18945.242591,0,0.000397
4593,,14,0,1,1,0,1,1,8,0.247395,0.256736,0,0,0
4599,,7,0,2,2,0,2,2,8,0.255576,0.26633,0,1,0
4601,,7,0,10,10,0,10,10,8,0.277582,0.291307,0,0.355556,0
7581,,67,4,2,6,4,2,6,9,0.205625,0.210841,1984.536218,0.25,0.00073
24783,,39,1,1,2,1,1,2,9,0.214063,0.220269,0,0,0.000302
32095,,39,2,0,2,2,0,2,0,0,0,0,0,0.000476
32257,,39,1,0,1,1,0,1,0,0,0,0,0,0.000302
14156,,39,2,3,5,2,3,5,9,0.212031,0.217868,518.741482,0.083333,0.000481
10013,,16,1,3,4,1,3,4,9,0.215031,0.221413,139.992852,0.166667,0.000302
6091,,1,1,8,9,1,8,9,8,0.240299,0.249604,1140.792129,0.236111,0.000186
4610,,7,0,6,6,0,6,6,8,0.239981,0.248384,0,0.5,0
15154,,1,1,0,1,1,0,1,0,0,0,0,0,0.000212
4612,,14,0,2,2,0,2,2,8,0.256265,0.26709,0,0.5,0
4614,,7,0,3,3,0,3,3,8,0.270639,0.282868,0,0.833333,0
4615,,7,0,4,4,0,4,4,8,0.254237,0.264302,0,0.333333,0
7405,,7,1,0,1,1,0,1,0,0,0,0,0,0.000168
4620,,7,0,2,2,0,2,2,8,0.263635,0.274048,0,0.5,0
4625,,14,0,3,3,0,3,3,8,0.231569,0.239718,0,0.333333,0
14658,,16,1,1,2,1,1,2,8,0.244271,0.253703,0,1,0.000255
7412,,16,1,5,6,1,5,6,8,0.239459,0.248707,374.639369,0.233333,0.000532
5092,,16,1,3,4,1,3,4,8,0.249708,0.260634,102.792254,0.833333,0.000532
4630,,7,0,1,1,0,1,1,8,0.262756,0.273466,0,0,0
4631,,7,0,1,1,0,1,1,8,0.215933,0.222034,0,0,0
4632,,36,0,3,3,0,3,3,9,0.226606,0.233349,0,0,0
13426,,7,1,4,5,1,4,5,9,0.235535,0.244367,690.041299,0.2,0.000168
8151,,41,3,0,3,3,0,3,0,0,0,0,0,0.000591
8373,,41,1,1,2,1,1,2,9,0.223044,0.230392,0,1,0.000239
22195,,41,3,2,5,3,2,5,8,0.257954,0.26923,991.692836,0.25,0.001139
18656,,41,2,2,4,2,2,4,8,0.236698,0.245169,19827.212956,0.083333,0.000407
24797,,16,1,0,1,1,0,1,0,0,0,0,0,0.000298
9429,,16,1,0,1,1,0,1,0,0,0,0,0,0.000205
4638,,7,0,1,1,0,1,1,10,0.18324,0.18701,0,0,0
4639,,16,0,1,1,0,1,1,10,0.173496,0.17676,0,0,0
4640,,16,1,1,2,1,1,2,9,0.209905,0.215766,18827,0,0.000168
16944,,12,1,1,2,1,1,2,10,0.177507,0.180765,0,0.5,0.000451
4643,,96,0,1,1,0,1,1,1,1,1,0,0,0
4644,,96,1,0,1,1,0,1,0,0,0,0,0,0.000168
4649,,7,0,1,1,0,1,1,9,0.211006,0.216802,0,0,0
18975,,16,1,0,1,1,0,1,0,0,0,0,0,0.000443
28652,,16,6,4,10,6,4,10,9,0.231727,0.240035,65058.108467,0.071429,0.001395
34221,,16,1,0,1,1,0,1,0,0,0,0,0,0.000443
4654,,7,0,1,1,0,1,1,9,0.224741,0.232186,0,0,0
11419,,7,1,0,1,1,0,1,0,0,0,0,0,0.000208
22961,,41,3,0,3,3,0,3,0,0,0,0,0.166667,0.000658
32177,,41,1,0,1,1,0,1,0,0,0,0,0,0.00027
27991,,16,1,1,2,1,1,2,9,0.197931,0.202615,0,0,0.000397
4665,,7,0,1,1,0,1,1,9,0.222499,0.229441,0,0,0
4666,,16,0,1,1,0,1,1,9,0.230024,0.237286,0,0,0
14874,,7,2,3,5,2,3,5,8,0.24885,0.257947,847.62308,0,0.000495
4672,,7,0,1,1,0,1,1,8,0.262756,0.273466,0,0,0
4673,,16,0,1,1,0,1,1,9,0.229337,0.237191,0,0,0
4675,,7,0,1,1,0,1,1,9,0.231387,0.239068,0,0,0
4677,,7,0,2,2,0,2,2,9,0.206922,0.212678,0,0,0
5678,,14,1,0,1,1,0,1,0,0,0,0,0,0.000189
4686,,41,0,1,1,0,1,1,8,0.225241,0.232016,0,0,0
4688,,53,1,2,3,1,2,3,10,0.178309,0.181903,0,0.333333,0.000638
14694,,16,1,1,2,1,1,2,9,0.198958,0.2037,0,0,0.00022
14402,,16,1,0,1,1,0,1,0,0,0,0,0,0.000362
20140,,16,1,0,1,1,0,1,0,0,0,0,0,0.000362
23918,,16,1,0,1,1,0,1,0,0,0,0,0,0.000362
25172,,16,3,1,4,3,1,4,1,1,1,783.073763,0.5,0.000823
15604,,16,4,4,8,4,4,8,8,0.226934,0.234226,20558.098651,0.071429,0.001669
4692,,7,0,1,1,0,1,1,9,0.229589,0.236925,0,0,0
4693,,36,0,1,1,0,1,1,9,0.21389,0.220139,0,0,0
6238,,36,2,2,4,2,2,4,9,0.211773,0.217643,19298.381122,0,0.001063
4698,,7,0,1,1,0,1,1,9,0.230193,0.238549,0,0,0
4699,,16,1,2,3,1,2,3,8,0.242919,0.251452,29.482798,0.333333,0.000493
4701,,16,1,1,2,1,1,2,9,0.190437,0.194938,29.76952,0,0.000185
21478,,16,1,0,1,1,0,1,0,0,0,0,0,0.000221
22586,,16,1,1,2,1,1,2,8,0.234096,0.24235,1222.330996,0,0.000221
31914,,16,1,0,1,1,0,1,0,0,0,0,0,0.000221
33253,,16,1,1,2,1,1,2,8,0.222151,0.229248,70.71545,0,0.000221
4703,,14,0,1,1,0,1,1,9,0.204842,0.210277,0,0,0
17203,,16,2,1,3,2,1,3,9,0.221829,0.228136,0,0.5,0.000748
19697,,16,1,1,2,1,1,2,9,0.221829,0.228136,0,0,0.00058
20857,,16,1,0,1,1,0,1,0,0,0,0,0,0.00058
26233,,16,2,0,2,2,0,2,0,0,0,0,0,0.000748
28196,,16,1,0,1,1,0,1,0,0,0,0,0,0.00058
4710,,7,0,1,1,0,1,1,9,0.215743,0.22189,0,0,0
4713,,7,0,3,3,0,3,3,9,0.216554,0.22275,0,0.166667,0
33562,,36,1,3,4,1,3,4,8,0.257728,0.268978,1157.30895,0,0.000285
4716,,16,0,1,1,0,1,1,9,0.20473,0.209694,0,0,0
4718,,41,0,2,2,0,2,2,8,0.241877,0.250579,0,0,0
4719,,7,0,4,4,0,4,4,8,0.255133,0.264624,0,0.25,0
4720,,7,2,6,8,2,6,8,8,0.270617,0.282875,843.652401,0.160714,0.000363
4721,,97,0,1,1,0,1,1,1,1,1,0,0,0
4722,,97,1,0,1,1,0,1,0,0,0,0,0,0.000168
4724,,98,0,1,1,0,1,1,1,1,1,0,0,0
4725,,98,1,0,1,1,0,1,0,0,0,0,0,0.000168
19288,,7,5,4,9,5,4,9,8,0.238319,0.246532,39505.920079,0.095238,0.000926
4730,,65,1,0,1,1,0,1,0,0,0,0,0,0.000178
4731,,7,0,2,2,0,2,2,8,0.262896,0.273674,0,0.5,0
4734,,7,0,1,1,0,1,1,10,0.179156,0.182314,0,0,0
4741,,7,0,1,1,0,1,1,1,1,1,0,0,0
4743,,7,0,1,1,0,1,1,9,0.215743,0.222004,0,0,0
4748,,7,2,3,5,2,3,5,8,0.267308,0.279185,20372.607048,0.15,0.000531
5836,,41,1,2,3,1,2,3,9,0.211378,0.217189,302.08912,0,0.000208
35703,,41,2,0,2,2,0,2,0,0,0,0,0,0.000411
15050,,41,1,2,3,1,2,3,9,0.210709,0.216569,0,0.5,0.000999
13665,,16,3,16,19,3,16,19,8,0.284102,0.297677,73358.618728,0.143791,0.001396
17582,,41,1,0,1,1,0,1,0,0,0,0,0,0.000999
12129,,41,4,9,13,4,9,13,9,0.226552,0.233856,334229.094472,0.1,0.001625
19621,,41,1,3,4,1,3,4,9,0.213294,0.21963,0,0.666667,0.000999
27449,,41,1,0,1,1,0,1,0,0,0,0,0,0.000999
27907,,41,1,0,1,1,0,1,0,0,0,0,0,0.000999
30838,,41,2,0,2,2,0,2,0,0,0,0,1,0.001289
30707,,41,1,1,2,1,1,2,9,0.210707,0.216543,0,0,0.000999
28748,,41,2,1,3,2,1,3,9,0.210707,0.216543,0,1,0.001289
33309,,41,1,0,1,1,0,1,0,0,0,0,0,0.000999
34531,,41,1,0,1,1,0,1,0,0,0,0,0,0.000999
15109,,2,2,1,3,2,1,3,8,0.26276,0.27347,40876.439337,0,0.000353
4754,,7,1,5,6,1,5,6,9,0.226157,0.233065,8.808208,0.066667,0.000196
6667,,7,1,1,2,1,1,2,9,0.208234,0.213424,22.872792,0,0.000234
4758,,36,0,4,4,0,4,4,8,0.268466,0.280243,0,0.083333,0
4759,,7,0,3,3,0,3,3,8,0.237146,0.245743,0,0.166667,0
4760,,7,0,1,1,0,1,1,8,0.267661,0.278922,0,0,0
4762,,65,1,2,3,1,2,3,9,0.190491,0.194517,0,1,0.000211
8524,,65,3,1,4,3,1,4,9,0.190489,0.194491,18825,0.5,0.000557
8523,,65,1,1,2,1,1,2,10,0.160012,0.162369,0,1,0.000211
19253,,16,8,3,11,8,3,11,8,0.246343,0.254991,47531.366071,0.190909,0.002023
5717,,7,1,0,1,1,0,1,0,0,0,0,0,0.000522
4772,,99,0,4,4,0,4,4,8,0.262758,0.273935,0,0.166667,0
4773,,99,1,0,1,1,0,1,0,0,0,0,0,0.000168
35735,,99,1,0,1,1,0,1,0,0,0,0,0,0.000168
23093,,1,1,0,1,1,0,1,0,0,0,0,0,0.000215
4776,,1,0,2,2,0,2,2,9,0.22262,0.230112,0,1,0
4781,,7,0,1,1,0,1,1,10,0.171767,0.174838,0,0,0
8337,,16,1,4,5,1,4,5,8,0.23837,0.248122,251.894797,0.083333,0.00026
7434,,41,2,2,4,2,2,4,8,0.240717,0.249126,59648.163698,0.083333,0.00048
25397,,36,1,0,1,1,0,1,0,0,0,0,0,0.00019
4788,,65,0,1,1,0,1,1,8,0.234438,0.242011,0,0,0
4789,,2,0,1,1,0,1,1,9,0.20184,0.206976,0,0,0
4790,,16,0,1,1,0,1,1,9,0.224977,0.23191,0,0,0
4792,,100,0,1,1,0,1,1,1,1,1,0,0,0
4793,,100,1,0,1,1,0,1,0,0,0,0,0,0.000168
4795,,7,0,1,1,0,1,1,10,0.179156,0.182314,0,0,0
4798,,65,0,1,1,0,1,1,9,0.200697,0.205965,0,0,0
4799,,41,0,1,1,0,1,1,9,0.195433,0.199645,0,0,0
6777,,7,2,3,5,2,3,5,9,0.239733,0.24855,18861.942656,0.1,0.000348
4806,,7,1,0,1,1,0,1,0,0,0,0,0,0.000317
28576,,7,1,0,1,1,0,1,0,0,0,0,0,0.000317
35502,,7,1,0,1,1,0,1,0,0,0,0,0,0.000317
6493,,41,1,1,2,1,1,2,1,1,1,17405.510697,0,0.00026
7061,,41,1,4,5,1,4,5,8,0.263455,0.274928,26197.100067,0.05,0.00026
16354,,67,1,1,2,1,1,2,10,0.180934,0.184753,371.236005,0,0.000282
19049,,67,1,2,3,1,2,3,8,0.225329,0.232585,113.490725,0,0.000282
25468,,67,1,0,1,1,0,1,0,0,0,0,0,0.000282
25654,,67,1,0,1,1,0,1,0,0,0,0,0,0.000282
4811,,16,0,1,1,0,1,1,9,0.217729,0.224141,0,0,0
20748,,12,1,2,3,1,2,3,9,0.199849,0.205118,461.307782,0.333333,0.000207
4816,,7,0,1,1,0,1,1,10,0.179156,0.182314,0,0,0
4819,,16,0,2,2,0,2,2,8,0.269968,0.281847,0,1,0
4822,,14,0,1,1,0,1,1,9,0.208683,0.214373,0,0,0
4823,,65,0,3,3,0,3,3,9,0.211836,0.217553,0,0.166667,0
28984,,65,1,0,1,1,0,1,0,0,0,0,0,0.000168
4827,,101,0,1,1,0,1,1,10,0.184456,0.188241,0,0,0
4828,,101,1,1,2,1,1,2,9,0.226164,0.233246,18827,0,0.000168
4830,,102,0,1,1,0,1,1,1,1,1,0,0,0
4831,,102,1,0,1,1,0,1,0,0,0,0,0,0.000168
19157,,16,1,2,3,1,2,3,8,0.239526,0.247468,5.2,0.833333,0.000199
4833,,7,0,1,1,0,1,1,9,0.188504,0.192408,0,0,0
4835,,7,0,2,2,0,2,2,8,0.254632,0.264367,0,0.5,0
23807,,16,1,1,2,1,1,2,9,0.212935,0.218911,0,0,0.000212
9823,,41,2,0,2,2,0,2,0,0,0,0,1,0.000603
26733,,41,1,0,1,1,0,1,0,0,0,0,0,0.000232
4840,,65,0,1,1,0,1,1,9,0.195014,0.200132,0,0,0
4841,,36,0,5,5,0,5,5,8,0.273677,0.286493,0,0.3,0
9887,,36,3,1,4,3,1,4,1,1,1,1,0.166667,0.000504
22280,,36,3,0,3,3,0,3,0,0,0,0,0.333333,0.000518
4846,,7,0,1,1,0,1,1,8,0.24587,0.25403,0,0,0
6264,,36,3,2,5,3,2,5,9,0.231762,0.239968,19007.430744,0.1,0.000705
4850,,7,2,0,2,2,0,2,0,0,0,0,0,0.000448
4851,,7,1,0,1,1,0,1,0,0,0,0,0,0.00026
34822,,7,1,0,1,1,0,1,0,0,0,0,0,0.00026
5505,,7,1,0,1,1,0,1,0,0,0,0,0,0.000515
14778,,7,1,0,1,1,0,1,0,0,0,0,0,0.000515
15532,,7,1,2,3,1,2,3,8,0.236285,0.243372,19.349238,0,0.000515
12739,,7,2,4,6,2,4,6,9,0.222191,0.22916,331.524091,0,0.00069
30521,,7,1,0,1,1,0,1,0,0,0,0,0,0.000515
4857,,16,0,1,1,0,1,1,8,0.234266,0.242061,0,0,0
4858,,14,0,2,2,0,2,2,8,0.252042,0.26197,0,0,0
4864,,103,1,1,2,1,1,2,8,0.262756,0.273466,18827,0,0.000168
21453,,16,1,0,1,1,0,1,0,0,0,0,0,0.000252
4997,,16,1,0,1,1,0,1,0,0,0,0,0,0.000195
4870,,16,0,1,1,0,1,1,8,0.246659,0.25616,0,0,0
12671,,7,1,0,1,1,0,1,0,0,0,0,0,0.000844
31694,,53,1,1,2,1,1,2,9,0.208411,0.213638,0,1,0.000844
4873,,7,0,1,1,0,1,1,9,0.211535,0.217158,0,0,0
4874,,16,0,2,2,0,2,2,9,0.217744,0.224197,0,0.5,0
4877,,16,0,1,1,0,1,1,8,0.218178,0.224744,0,0,0
4878,,103,0,1,1,0,1,1,9,0.20809,0.213256,0,0,0
4879,,7,0,3,3,0,3,3,1,1,1,0,0,0
4880,,7,1,0,1,1,0,1,0,0,0,0,0,0.000168
4881,,7,1,6,7,1,6,7,8,0.252122,0.261859,1074.898472,0.233333,0.000173
15442,,7,1,4,5,1,4,5,8,0.233179,0.240803,198.085329,0.083333,0.000173
4883,,41,0,1,1,0,1,1,8,0.232025,0.239654,0,0,0
17921,,7,4,0,4,4,0,4,0,0,0,0,0,0.000776
4886,,36,2,3,5,2,3,5,8,0.268414,0.280826,3629.13362,0.15,0.000347
4896,,175,1,1,2,1,1,2,9,0.238286,0.246733,18827,0,0.000168
10688,,7,3,3,6,3,3,6,9,0.218622,0.225406,26236.582685,0.15,0.000741
4899,,7,0,1,1,0,1,1,8,0.261475,0.272568,0,0,0
10125,,12,1,3,4,1,3,4,9,0.185544,0.189968,26899.136418,0,0.000184
4902,,7,0,1,1,0,1,1,8,0.234461,0.241677,0,0,0
4908,,7,1,0,1,1,0,1,0,0,0,0,0,0.000402
32255,,7,1,0,1,1,0,1,0,0,0,0,0,0.000402
4910,,16,0,3,3,0,3,3,9,0.243712,0.253075,0,0,0
4916,,2,0,1,1,0,1,1,10,0.1712,0.174433,0,0,0
6326,,32,1,2,3,1,2,3,8,0.236683,0.243999,371.017905,0,0.000292
27161,,7,1,0,1,1,0,1,0,0,0,0,0,0.000267
27192,,7,1,0,1,1,0,1,0,0,0,0,0,0.000267
9064,,7,3,1,4,3,1,4,9,0.20921,0.214874,1.334848,0.083333,0.000807
4919,,14,0,2,2,0,2,2,8,0.256715,0.267688,0,1,0
4922,,16,0,1,1,0,1,1,9,0.211392,0.217141,0,0,0
20475,,1,1,1,2,1,1,2,9,0.200068,0.20437,1.745445,0,0.000292
21668,,32,1,0,1,1,0,1,0,0,0,0,0,0.000296
32094,,32,1,1,2,1,1,2,9,0.220582,0.226779,0,1,0.000296
4928,,7,0,2,2,0,2,2,9,0.232386,0.240229,0,1,0
4929,,16,0,2,2,0,2,2,9,0.234692,0.242877,0,0,0
11463,,32,1,0,1,1,0,1,0,0,0,0,0,0.000228
20092,,32,1,0,1,1,0,1,0,0,0,0,0,0.000228
4934,,2,0,1,1,0,1,1,1,1,1,0,0,0
30549,,32,1,2,3,1,2,3,9,0.220584,0.226805,0,1,0.00022
4939,,7,0,1,1,0,1,1,9,0.216365,0.222585,0,0,0
20115,,7,1,0,1,1,0,1,0,0,0,0,0,0.000252
28246,,2,2,0,2,2,0,2,0,0,0,0,0.5,0.00043
35015,,7,1,2,3,1,2,3,9,0.220215,0.227365,0,0.5,0.00032
27971,,41,1,1,2,1,1,2,10,0.16476,0.167475,0,0,0.000482
21722,,41,1,1,2,1,1,2,10,0.16476,0.167475,0,0,0.000482
30123,,41,1,0,1,1,0,1,0,0,0,0,0,0.000482
31072,,16,1,0,1,1,0,1,0,0,0,0,0,0.000203
6786,,7,3,7,10,3,7,10,8,0.262274,0.272851,1681.212736,0.208333,0.000625
4951,,16,1,4,5,1,4,5,9,0.207692,0.213002,53792.126872,0.25,0.00019
8987,,16,2,2,4,2,2,4,9,0.229205,0.237267,4704.32978,0.166667,0.000351
8986,,16,2,2,4,2,2,4,9,0.202156,0.207739,348.159486,0.166667,0.000351
20112,,36,1,1,2,1,1,2,9,0.187729,0.192244,0,0.5,0.000229
4954,,36,0,3,3,0,3,3,8,0.250619,0.260052,0,0.166667,0
4957,,7,0,3,3,0,3,3,8,0.236603,0.245235,0,0.333333,0
4958,,7,0,1,1,0,1,1,9,0.226164,0.233246,0,0,0
4959,,7,0,1,1,0,1,1,8,0.228875,0.236469,0,0,0
4962,,65,0,1,1,0,1,1,1,1,1,0,0,0
4964,,53,0,3,3,0,3,3,9,0.211572,0.217257,0,0,0
4965,,53,1,0,1,1,0,1,0,0,0,0,0,0.000168
18051,,16,1,0,1,1,0,1,0,0,0,0,0,0.000189
26180,,16,1,0,1,1,0,1,0,0,0,0,0,0.000189
4967,,39,0,1,1,0,1,1,11,0.143502,0.14564,0,0,0
14615,,1,1,0,1,1,0,1,0,0,0,0,0,0.000232
34716,,7,1,4,5,1,4,5,9,0.223208,0.229991,42.192254,0.05,0.000232
31559,,7,1,1,2,1,1,2,9,0.219042,0.225068,14.423026,0,0.00022
4975,,7,0,1,1,0,1,1,9,0.226164,0.233246,0,0,0
23569,,1,1,0,1,1,0,1,0,0,0,0,0,0.000238
4977,,36,0,1,1,0,1,1,9,0.211577,0.217419,0,0,0
4979,,41,0,1,1,0,1,1,10,0.188929,0.193076,0,0,0
4980,,7,0,1,1,0,1,1,9,0.230193,0.238549,0,0,0
4981,,16,0,2,2,0,2,2,8,0.264127,0.275463,0,0.5,0
9365,,41,1,1,2,1,1,2,9,0.221417,0.228554,0,0,0.000695
10667,,41,1,0,1,1,0,1,0,0,0,0,0,0.000695
22505,,41,1,1,2,1,1,2,9,0.221417,0.228554,0,0,0.000695
23846,,41,1,0,1,1,0,1,0,0,0,0,0,0.000695
19061,,41,2,2,4,2,2,4,8,0.258752,0.270131,18950.111063,0.25,0.000864
26959,,41,1,1,2,1,1,2,9,0.221417,0.228554,0,0,0.000695
24170,,41,1,2,3,1,2,3,8,0.259898,0.271569,0,0.833333,0.000695
28260,,41,1,1,2,1,1,2,8,0.257541,0.268685,0,1,0.000695
18632,,41,1,5,6,1,5,6,8,0.259315,0.270894,208.867575,0.45,0.000695
33602,,41,1,2,3,1,2,3,8,0.257954,0.26923,0,1,0.000695
4986,,16,1,3,4,1,3,4,9,0.231729,0.239001,18828,0,0.000168
11958,,16,1,2,3,1,2,3,8,0.236758,0.246276,1291.660415,0.333333,0.000173
24939,,16,3,1,4,3,1,4,1,1,1,25976,0,0.000593
4987,,2,1,1,2,1,1,2,1,1,1,0,0.5,0.000168
4988,,7,0,2,2,0,2,2,8,0.267414,0.278767,0,0.5,0
6705,,16,1,0,1,1,0,1,0,0,0,0,0,0.001148
4990,,81,0,1,1,0,1,1,8,0.227539,0.234069,0,0,0
4991,,104,0,2,2,0,2,2,8,0.256757,0.266745,0,0,0
4992,,104,1,0,1,1,0,1,0,0,0,0,0,0.000168
32994,,7,1,0,1,1,0,1,0,0,0,0,0,0.000196
4994,,16,0,1,1,0,1,1,8,0.251382,0.261452,0,0,0
4995,,16,2,12,14,2,12,14,8,0.252224,0.263392,135530.029545,0.102564,0.002813
4996,,16,1,0,1,1,0,1,0,0,0,0,0,0.000203
6295,,16,1,1,2,1,1,2,8,0.239858,0.247713,23.740966,0,0.000203
13352,,16,1,0,1,1,0,1,0,0,0,0,0,0.000203
32519,,16,3,0,3,3,0,3,0,0,0,0,0,0.000539
4998,,16,1,4,5,1,4,5,8,0.246172,0.257022,800.798933,0.5,0.000173
4999,,16,1,3,4,1,3,4,9,0.22889,0.237171,19.446858,0.333333,0.000173
5000,,7,0,1,1,0,1,1,9,0.200776,0.205542,0,0,0
19054,,41,1,14,15,1,14,15,8,0.276784,0.290332,12320.133736,0.128571,0.000189
8756,,7,1,0,1,1,0,1,0,0,0,0,0,0.000275
5008,,7,0,1,1,0,1,1,9,0.220127,0.227165,0,0,0
5010,,7,2,2,4,2,2,4,8,0.244357,0.25345,20844.29415,0.083333,0.000408
22366,,1,1,1,2,1,1,2,8,0.262757,0.273467,1316.423723,0,0.000365
5015,,7,1,0,1,1,0,1,0,0,0,0,0,0.000238
31835,,7,1,0,1,1,0,1,0,0,0,0,0,0.000238
5017,,69,1,1,2,1,1,2,8,0.238715,0.246603,0,0.5,0.000181
17223,,7,1,3,4,1,3,4,8,0.238412,0.245673,3.887666,0.5,0.000361
31530,,7,1,0,1,1,0,1,0,0,0,0,0,0.000361
26504,,41,1,0,1,1,0,1,0,0,0,0,0,0.000317
5021,,81,5,11,16,5,11,16,8,0.272158,0.284616,30151.856433,0.052381,0.001397
25503,,81,6,5,11,6,5,11,8,0.258226,0.267917,7760.263367,0.066667,0.001295
5023,,7,0,1,1,0,1,1,8,0.262756,0.273466,0,0,0
5025,,7,0,1,1,0,1,1,1,1,1,0,0,0
5027,,7,1,5,6,1,5,6,8,0.24842,0.258232,693.054016,0.066667,0.000216
5031,,105,1,1,2,1,1,2,2,0.571429,0.625,0,0,0.000173
5032,,105,1,4,5,1,4,5,1,1,1,3,0,0.000173
5574,,105,1,0,1,1,0,1,0,0,0,0,0,0.000173
5688,,105,1,0,1,1,0,1,0,0,0,0,0,0.000173
6061,,105,1,0,1,1,0,1,0,0,0,0,0,0.000173
5035,,14,0,1,1,0,1,1,9,0.222258,0.229364,0,0,0
5039,,16,6,7,13,6,7,13,8,0.250632,0.261381,79717.636842,0.1,0.001078
10124,,32,1,1,2,1,1,2,9,0.20406,0.209207,0,0,0.000303
20612,,32,1,1,2,1,1,2,9,0.20406,0.209207,0,0,0.000303
21798,,32,1,0,1,1,0,1,0,0,0,0,0,0.000303
22171,,32,1,0,1,1,0,1,0,0,0,0,0,0.000303
23612,,32,1,0,1,1,0,1,0,0,0,0,0,0.000303
5044,,7,0,5,5,0,5,5,8,0.249851,0.259335,0,0.35,0
5048,,7,0,1,1,0,1,1,1,1,1,0,0,0
5049,,7,0,1,1,0,1,1,1,1,1,0,0,0
5050,,7,0,5,5,0,5,5,9,0.230518,0.23803,0,0.1,0
12035,,7,1,2,3,1,2,3,8,0.261508,0.272645,1598.57685,0.333333,0.000168
18581,,7,1,0,1,1,0,1,0,0,0,0,0,0.000244
24650,,39,1,1,2,1,1,2,9,0.205899,0.211631,81.691699,0,0.000244
5054,,14,0,2,2,0,2,2,8,0.256443,0.267344,0,1,0
5055,,7,0,1,1,0,1,1,9,0.214766,0.220717,0,0,0
5057,,81,0,2,2,0,2,2,8,0.264354,0.27544,0,0.5,0
5060,,36,0,1,1,0,1,1,8,0.22375,0.230857,0,0,0
10978,,36,3,3,6,3,3,6,8,0.262328,0.273554,21770.544555,0.25,0.001243
13037,,36,1,0,1,1,0,1,0,0,0,0,0,0.00088
13712,,36,1,0,1,1,0,1,0,0,0,0,0,0.00088
15973,,36,2,1,3,2,1,3,8,0.261472,0.272564,18910.584148,0.333333,0.001053
16606,,36,1,0,1,1,0,1,0,0,0,0,0,0.00088
17308,,36,1,0,1,1,0,1,0,0,0,0,0,0.00088
18254,,36,1,1,2,1,1,2,9,0.212993,0.219163,0,0,0.00088
29727,,36,1,0,1,1,0,1,0,0,0,0,0,0.00088
10859,,36,4,7,11,4,7,11,9,0.228885,0.237152,5734.023075,0.111111,0.001773
34527,,36,1,0,1,1,0,1,0,0,0,0,0,0.00088
5063,,16,0,1,1,0,1,1,8,0.251382,0.261452,0,0,0
5064,,16,0,1,1,0,1,1,8,0.227034,0.234934,0,0,0
5539,,1,1,0,1,1,0,1,0,0,0,0,0,0.000511
14885,,2,2,1,3,2,1,3,9,0.226301,0.234286,252.498935,0.166667,0.000435
28317,,2,1,3,4,1,3,4,8,0.233059,0.241137,336.70256,0.25,0.000262
35253,,2,1,0,1,1,0,1,0,0,0,0,0,0.000262
5070,,7,1,5,6,1,5,6,8,0.257369,0.267191,52183.364451,0,0.000198
21253,,1,1,0,1,1,0,1,0,0,0,0,0,0.000362
5072,,7,0,2,2,0,2,2,9,0.209713,0.215129,0,0,0
5074,,7,1,5,6,1,5,6,8,0.253494,0.264219,581.502543,0.25,0.000516
5077,,7,1,4,5,1,4,5,8,0.266888,0.278008,124.878752,0.2,0.000177
24811,,7,1,0,1,1,0,1,0,0,0,0,0,0.000334
32680,,7,1,0,1,1,0,1,0,0,0,0,0,0.000334
5081,,41,0,1,1,0,1,1,8,0.234094,0.242348,0,0,0
5082,,7,0,1,1,0,1,1,8,0.262756,0.273466,0,0,0
35410,,7,1,0,1,1,0,1,0,0,0,0,0,0.000317
10348,,16,1,0,1,1,0,1,0,0,0,0,0,0.000261
20118,,16,1,2,3,1,2,3,9,0.209849,0.215925,25975,0,0.000261
6012,,16,1,1,2,1,1,2,8,0.26276,0.27347,645.551537,0,0.000261
5085,,14,0,1,1,0,1,1,9,0.217915,0.224606,0,0,0
5086,,16,0,1,1,0,1,1,10,0.178125,0.181512,0,0,0
5087,,16,1,1,2,1,1,2,9,0.216719,0.222904,18827,0,0.000168
5088,,7,0,2,2,0,2,2,8,0.264313,0.275897,0,1,0
10796,,16,1,3,4,1,3,4,8,0.241443,0.249645,26000.949182,0,0.000298
23384,,16,1,6,7,1,6,7,8,0.242026,0.250769,202.475285,0.133333,0.000298
5091,,41,0,2,2,0,2,2,9,0.200074,0.20441,0,0,0
5095,,12,0,3,3,0,3,3,9,0.226177,0.23367,0,0.166667,0
11927,,12,6,2,8,6,2,8,9,0.189278,0.193658,2957.532279,0.178571,0.00113
5096,,14,0,1,1,0,1,1,8,0.25615,0.266929,0,0,0
5097,,16,0,1,1,0,1,1,9,0.228869,0.236881,0,0,0
5099,,7,0,1,1,0,1,1,9,0.201686,0.206763,0,0,0
20411,,32,2,1,3,2,1,3,9,0.213597,0.219437,0,0.5,0.000511
17907,,2,1,0,1,1,0,1,0,0,0,0,0,0.00019
34626,,2,1,0,1,1,0,1,0,0,0,0,0,0.00019
5105,,14,0,2,2,0,2,2,9,0.207522,0.212856,0,0,0
7229,,7,1,0,1,1,0,1,0,0,0,0,0,0.000274
6201,,7,3,7,10,3,7,10,8,0.25659,0.266332,26278.595102,0.180556,0.000956
11345,,7,1,1,2,1,1,2,9,0.210436,0.216014,23.651308,0,0.000274
13946,,36,1,2,3,1,2,3,10,0.190296,0.194806,332.711713,0,0.000274
14427,,12,2,0,2,2,0,2,0,0,0,0,0.5,0.000484
15618,,12,2,0,2,2,0,2,0,0,0,0,0,0.000476
5111,,7,0,5,5,0,5,5,8,0.268946,0.280815,0,0.4,0
5112,,7,0,1,1,0,1,1,9,0.230938,0.238209,0,0,0
5979,,53,3,3,6,3,3,6,8,0.263106,0.273914,44911.045919,0.066667,0.001086
5114,,7,0,1,1,0,1,1,8,0.262756,0.273466,0,0,0
22590,,16,1,2,3,1,2,3,8,0.217848,0.224323,0,1,0.000674
31213,,16,1,0,1,1,0,1,0,0,0,0,0,0.000674
5119,,7,0,36,36,0,36,36,7,0.297907,0.314258,0,0.157937,0
35589,,7,1,0,1,1,0,1,0,0,0,0,0,0.000168
5120,,2,0,1,1,0,1,1,8,0.235883,0.243933,0,0,0
32676,,41,1,5,6,1,5,6,8,0.248535,0.258246,26461.215462,0,0.000219
33018,,41,1,0,1,1,0,1,0,0,0,0,0,0.000219
13754,,7,1,3,4,1,3,4,9,0.244389,0.253518,26222.254303,0.083333,0.000237
17147,,41,3,4,7,3,4,7,8,0.240235,0.248192,78.059068,0.35,0.000645
5123,,16,0,2,2,0,2,2,8,0.239395,0.246815,0,0,0
5124,,16,0,1,1,0,1,1,8,0.230972,0.237602,0,0,0
5125,,41,0,1,1,0,1,1,8,0.236961,0.24442,0,0,0
26590,,16,1,0,1,1,0,1,0,0,0,0,0,0.000323
10247,,7,1,0,1,1,0,1,0,0,0,0,0,0.000438
5130,,12,0,3,3,0,3,3,9,0.211451,0.217086,0,0,0
5131,,12,4,6,10,4,6,10,9,0.22767,0.235202,107302.053809,0,0.000766
5132,,12,4,6,10,4,6,10,8,0.266789,0.278316,46734.518363,0.055556,0.000775
5133,,12,1,2,3,1,2,3,9,0.185532,0.189921,84.737324,0,0.000168
7337,,12,1,2,3,1,2,3,9,0.214497,0.220649,26141.282322,0,0.000188
18616,,12,1,0,1,1,0,1,0,0,0,0,0,0.000188
17193,,276,3,0,3,3,0,3,0,0,0,0,0,0.000715
5173,,16,1,0,1,1,0,1,0,0,0,0,0,0.00036
11410,,1,1,2,3,1,2,3,9,0.21061,0.216778,164.834145,0.166667,0.00036
5143,,7,0,1,1,0,1,1,8,0.231335,0.239437,0,0,0
18890,,16,1,2,3,1,2,3,8,0.257643,0.268265,247.604306,0.166667,0.000333
5148,,7,1,1,2,1,1,2,9,0.218103,0.224526,0,1,0.000277
5149,,65,0,2,2,0,2,2,8,0.237457,0.245656,0,1,0
5150,,1,0,1,1,0,1,1,9,0.199705,0.204961,0,0,0
5151,,16,0,1,1,0,1,1,8,0.234108,0.241443,0,0,0
5155,,16,0,2,2,0,2,2,8,0.249173,0.258506,0,1,0
12549,,7,1,1,2,1,1,2,10,0.190701,0.194777,0,0,0.000201
5157,,7,0,2,2,0,2,2,9,0.228101,0.23562,0,0.5,0
21814,,7,1,0,1,1,0,1,0,0,0,0,0,0.000208
10120,,7,1,1,2,1,1,2,9,0.215199,0.221687,1.685535,0,0.000454
29613,,7,1,1,2,1,1,2,9,0.217501,0.223831,0,0,0.0003
18082,,7,1,3,4,1,3,4,8,0.231445,0.238957,0,0.333333,0.0003
5172,,7,0,1,1,0,1,1,9,0.222069,0.228832,0,0,0
26018,,7,5,9,14,5,9,14,8,0.262926,0.27439,229.643734,0.386364,0.002263
33618,,25,1,1,2,1,1,2,9,0.204091,0.209064,0,0,0.000212
5180,,7,0,1,1,0,1,1,9,0.23711,0.245258,0,0,0
5181,,16,0,1,1,0,1,1,8,0.251382,0.261452,0,0,0
5185,,36,1,1,2,1,1,2,9,0.184235,0.188098,18827,0,0.000168
5187,,16,1,1,2,1,1,2,9,0.215775,0.22222,0,0.5,0.000168
5188,,7,0,1,1,0,1,1,8,0.262756,0.273466,0,0,0
5189,,41,0,1,1,0,1,1,9,0.195066,0.199384,0,0,0
5191,,12,1,7,8,1,7,8,8,0.243192,0.25244,755.708802,0.178571,0.000174
5192,,7,0,1,1,0,1,1,9,0.225053,0.231413,0,0,0
5193,,7,0,2,2,0,2,2,8,0.261671,0.272812,0,0,0
5195,,16,0,1,1,0,1,1,9,0.213887,0.219963,0,0,0
34263,,16,1,0,1,1,0,1,0,0,0,0,0,0.000376
5197,,16,0,1,1,0,1,1,9,0.198365,0.203655,0,0,0
5199,,16,0,7,7,0,7,7,8,0.247773,0.257102,0,0.047619,0
5201,,16,0,2,2,0,2,2,9,0.20317,0.208411,0,0,0
12616,,16,1,2,3,1,2,3,8,0.234523,0.243104,4458.78639,0.166667,0.000168
5202,,39,1,3,4,1,3,4,1,1,1,12976.579636,0,0.000178
5204,,16,0,3,3,0,3,3,9,0.221455,0.228755,0,0,0
5206,,14,0,2,2,0,2,2,12,0.133078,0.134542,0,0,0
5208,,16,0,1,1,0,1,1,9,0.217903,0.22441,0,0,0
24150,,7,1,2,3,1,2,3,9,0.221311,0.227873,0,1,0.000362
5211,,7,0,1,1,0,1,1,9,0.20921,0.214873,0,0,0
7296,,36,1,0,1,1,0,1,0,0,0,0,0,0.000383
19439,,7,1,0,1,1,0,1,0,0,0,0,0,0.000179
23848,,41,3,1,4,3,1,4,9,0.194024,0.198332,37700.215547,0,0.000523
5216,,65,0,2,2,0,2,2,8,0.236851,0.24462,0,0.5,0
5217,,7,0,1,1,0,1,1,9,0.231745,0.239907,0,0,0
21760,,16,1,2,3,1,2,3,8,0.233649,0.242059,0,1,0.000223
28790,,16,1,0,1,1,0,1,0,0,0,0,0,0.000223
5221,,65,0,3,3,0,3,3,9,0.202315,0.208375,0,0.333333,0
7151,,65,1,3,4,1,3,4,8,0.237098,0.244957,3186.001149,0.083333,0.000168
5222,,14,0,2,2,0,2,2,9,0.226586,0.234761,0,0,0
15074,,16,3,1,4,3,1,4,8,0.234262,0.242056,0,0.666667,0.001013
26172,,16,3,5,8,3,5,8,8,0.236877,0.245421,148.854717,0.553571,0.00099
35127,,16,2,1,3,2,1,3,9,0.203261,0.208511,78.497099,0,0.000595
5224,,7,0,1,1,0,1,1,9,0.222431,0.229647,0,0,0
5225,,53,3,2,5,3,2,5,9,0.20428,0.209534,152.623153,0,0.000555
6605,,53,1,0,1,1,0,1,0,0,0,0,0,0.000197
33412,,53,1,0,1,1,0,1,0,0,0,0,0,0.000197
5229,,16,0,2,2,0,2,2,8,0.231646,0.238358,0,0,0
15563,,7,1,1,2,1,1,2,9,0.219261,0.225506,0,0.5,0.000191
5237,,7,1,5,6,1,5,6,8,0.263455,0.27492,1196.741772,0.166667,0.000241
5240,,7,0,2,2,0,2,2,8,0.25715,0.268037,0,0.5,0
5244,,16,1,0,1,1,0,1,0,0,0,0,0,0.000193
5247,,7,0,1,1,0,1,1,8,0.238229,0.245889,0,0,0
5248,,7,0,1,1,0,1,1,8,0.261475,0.272568,0,0,0
5257,,12,0,4,4,0,4,4,9,0.223029,0.230394,0,0.5,0
31452,,7,3,0,3,3,0,3,0,0,0,0,0,0.000697
5265,,22,1,18,19,1,18,19,9,0.213127,0.219775,18833,0.055556,0.000168
7322,,22,5,4,9,5,4,9,9,0.212908,0.219129,19355.92362,0.152778,0.000969
13387,,22,4,1,5,4,1,5,9,0.212855,0.218899,0,0.35,0.000812
8608,,22,2,1,3,2,1,3,9,0.21286,0.218905,0,0.333333,0.000341
13374,,22,1,1,2,1,1,2,9,0.21286,0.218905,0,0.5,0.000173
12979,,22,2,0,2,2,0,2,0,0,0,0,0,0.000341
12448,,22,8,1,9,8,1,9,10,0.175585,0.179024,14.508942,0.055556,0.001397
10220,,22,3,1,4,3,1,4,10,0.176056,0.179586,9,0,0.000519
11964,,22,1,3,4,1,3,4,9,0.225841,0.233145,1240.876697,0.166667,0.000173
13213,,22,2,4,6,2,4,6,9,0.212877,0.219023,32175.106201,0.266667,0.000464
8324,,22,2,1,3,2,1,3,9,0.212858,0.218903,0,0.5,0.000352
9624,,22,1,1,2,1,1,2,9,0.21286,0.218905,0,0.5,0.000173
5266,,7,0,2,2,0,2,2,9,0.227654,0.234695,0,0.5,0
5267,,7,0,1,1,0,1,1,9,0.200066,0.204368,0,0,0
5269,,7,0,1,1,0,1,1,9,0.204047,0.209112,0,0,0
5273,,7,0,1,1,0,1,1,9,0.205125,0.209995,0,0,0
5274,,14,0,1,1,0,1,1,10,0.18462,0.188856,0,0,0
5283,,7,0,16,16,0,16,16,8,0.276847,0.290682,0,0.216667,0
34884,,41,1,0,1,1,0,1,0,0,0,0,0,0.00028
5288,,7,0,1,1,0,1,1,8,0.262756,0.273466,0,0,0
13043,,16,2,1,3,2,1,3,9,0.212117,0.218408,0,0.5,0.000928
18332,,16,1,0,1,1,0,1,0,0,0,0,0,0.000759
22244,,16,1,1,2,1,1,2,9,0.212117,0.218408,0,0,0.000759
33221,,16,9,9,18,9,9,18,9,0.234999,0.243669,81026.585555,0.045455,0.002288
5292,,7,0,1,1,0,1,1,8,0.261475,0.272568,0,0,0
5293,,106,0,1,1,0,1,1,1,1,1,0,0,0
5294,,106,1,0,1,1,0,1,0,0,0,0,0,0.000168
21744,,7,1,0,1,1,0,1,0,0,0,0,0,0.000251
21079,,7,3,0,3,3,0,3,0,0,0,0,0,0.00084
5296,,7,0,1,1,0,1,1,9,0.226164,0.233246,0,0,0
11588,,7,1,1,2,1,1,2,9,0.224979,0.231843,61.87127,0,0.000339
27162,,53,2,0,2,2,0,2,0,0,0,0,0,0.000573
8101,,14,1,0,1,1,0,1,0,0,0,0,0,0.000197
5302,,7,0,3,3,0,3,3,8,0.245153,0.253899,0,0.333333,0
5303,,7,0,2,2,0,2,2,8,0.24198,0.250553,0,1,0
5304,,7,0,1,1,0,1,1,9,0.216325,0.222422,0,0,0
12501,,16,1,2,3,1,2,3,8,0.241102,0.249622,44.498188,0,0.000368
5307,,25,0,1,1,0,1,1,8,0.234155,0.242097,0,0,0
5310,,7,0,1,1,0,1,1,8,0.244345,0.253397,0,0,0
5311,,36,1,1,2,1,1,2,8,0.225838,0.233103,26.742287,0,0.000168
12536,,65,1,0,1,1,0,1,0,0,0,0,0,0.000388
15415,,65,1,0,1,1,0,1,0,0,0,0,0,0.000388
5315,,7,0,1,1,0,1,1,9,0.21247,0.218226,0,0,0
5316,,7,0,2,2,0,2,2,9,0.218251,0.224612,0,0,0
5317,,1,0,2,2,0,2,2,9,0.214957,0.221394,0,0,0
5319,,7,0,1,1,0,1,1,8,0.255022,0.264509,0,0,0
5320,,41,0,1,1,0,1,1,8,0.226676,0.234633,0,0,0
17749,,7,3,9,12,3,9,12,8,0.257355,0.2687,36981.466034,0.090909,0.000974
8135,,7,1,1,2,1,1,2,9,0.218549,0.224673,0,0,0.000549
18972,,7,1,1,2,1,1,2,10,0.178304,0.181863,3.617853,0,0.000549
35685,,7,1,0,1,1,0,1,0,0,0,0,0,0.000549
5322,,16,0,1,1,0,1,1,8,0.240389,0.248209,0,0,0
20368,,7,1,0,1,1,0,1,0,0,0,0,0,0.000265
28986,,67,2,0,2,2,0,2,0,0,0,0,0,0.00046
5952,,2,2,2,4,2,2,4,9,0.218194,0.224537,56.528893,0,0.00069
33474,,7,2,0,2,2,0,2,0,0,0,0,0,0.000454
22926,,7,1,2,3,1,2,3,1,1,1,7.243005,0,0.000265
5326,,16,0,3,3,0,3,3,8,0.235294,0.24304,0,0,0
28142,,16,1,1,2,1,1,2,9,0.203599,0.209022,23.287273,0,0.000168
5327,,7,0,1,1,0,1,1,9,0.218317,0.224658,0,0,0
5329,,39,0,1,1,0,1,1,1,1,1,0,0,0
5335,,32,0,2,2,0,2,2,9,0.221647,0.228035,0,0,0
5336,,32,2,2,4,2,2,4,8,0.263647,0.274546,23799.699093,0,0.000336
5343,,7,0,6,6,0,6,6,8,0.257238,0.267615,0,0.166667,0
5345,,1,2,0,2,2,0,2,0,0,0,0,0,0.00037
7162,,1,2,1,3,2,1,3,9,0.186803,0.190935,0,0.5,0.000455
17098,,16,2,2,4,2,2,4,8,0.242475,0.251083,158.026604,0.333333,0.002798
5350,,16,1,4,5,1,4,5,8,0.264927,0.275985,1172.830312,0.416667,0.000215
5353,,32,0,1,1,0,1,1,9,0.219194,0.225882,0,0,0
5354,,7,0,1,1,0,1,1,1,1,1,0,0,0
19856,,7,1,0,1,1,0,1,0,0,0,0,0,0.00024
5357,,32,0,1,1,0,1,1,1,1,1,0,0,0
5362,,7,0,2,2,0,2,2,8,0.246944,0.255935,0,1,0
5365,,32,0,1,1,0,1,1,1,1,1,0,0,0
5367,,7,0,1,1,0,1,1,8,0.262756,0.273466,0,0,0
5369,,7,0,1,1,0,1,1,9,0.213284,0.219286,0,0,0
23243,,7,1,0,1,1,0,1,0,0,0,0,0,0.000315
5372,,16,1,11,12,1,11,12,7,0.305982,0.322643,10434.377124,0.390909,0.000173
8078,,16,1,2,3,1,2,3,8,0.239292,0.247142,0,0.5,0.000173
5373,,14,0,1,1,0,1,1,9,0.212636,0.218626,0,0,0
5375,,7,1,1,2,1,1,2,9,0.224968,0.231923,0,0,0.000401
26810,,7,1,0,1,1,0,1,0,0,0,0,0,0.000401
32666,,7,1,1,2,1,1,2,9,0.224968,0.231923,0,0,0.000401
34620,,7,1,1,2,1,1,2,9,0.224968,0.231923,0,0,0.000401
34621,,7,1,1,2,1,1,2,9,0.224968,0.231923,0,0,0.000401
34622,,7,1,1,2,1,1,2,9,0.224968,0.231923,0,0,0.000401
34623,,7,1,1,2,1,1,2,9,0.224968,0.231923,0,0,0.000401
34624,,7,1,0,1,1,0,1,0,0,0,0,0,0.000401
26537,,7,1,1,2,1,1,2,9,0.22137,0.227572,0,1,0.000401
5377,,7,0,1,1,0,1,1,8,0.233279,0.241109,0,0,0
5440,,7,2,3,5,2,3,5,8,0.23407,0.242116,632.219437,0.1,0.000523
5381,,14,0,4,4,0,4,4,8,0.25112,0.26138,0,0,0
5382,,14,1,0,1,1,0,1,0,0,0,0,0,0.000168
13911,,7,1,0,1,1,0,1,0,0,0,0,0,0.000425
28381,,7,1,0,1,1,0,1,0,0,0,0,0,0.000425
24087,,7,1,2,3,1,2,3,9,0.219948,0.22651,7.530363,0,0.000425
31867,,7,1,0,1,1,0,1,0,0,0,0,0,0.000425
10533,,7,5,3,8,5,3,8,8,0.268215,0.279651,695.542158,0.309524,0.002254
5385,,12,2,3,5,2,3,5,8,0.242512,0.251286,782.705914,0.2,0.000361
5387,,7,0,1,1,0,1,1,8,0.238404,0.246059,0,0,0
5388,,7,0,1,1,0,1,1,10,0.178303,0.181862,0,0,0
9151,,41,1,1,2,1,1,2,9,0.202974,0.207934,66.51248,0,0.000511
12740,,7,1,1,2,1,1,2,9,0.232678,0.24045,0,0,0.000511
16057,,7,1,0,1,1,0,1,0,0,0,0,0,0.000511
12387,,16,1,1,2,1,1,2,9,0.199731,0.205081,9.688063,0,0.000511
34973,,16,1,3,4,1,3,4,8,0.236814,0.245062,11953.142875,0,0.000511
15941,,16,1,0,1,1,0,1,0,0,0,0,0,0.000182
5393,,14,0,1,1,0,1,1,9,0.204839,0.210273,0,0,0
23649,,41,2,0,2,2,0,2,0,0,0,0,0,0.000398
5398,,65,0,1,1,0,1,1,9,0.195014,0.200132,0,0,0
5399,,7,0,1,1,0,1,1,1,1,1,0,0,0
5400,,7,0,1,1,0,1,1,8,0.263278,0.27399,0,0,0
5401,,7,0,1,1,0,1,1,9,0.226164,0.233246,0,0,0
8477,,16,1,2,3,1,2,3,10,0.191838,0.196417,20.810933,0,0.000233
23173,,16,1,1,2,1,1,2,10,0.191646,0.196168,0,0,0.000233
5404,,16,0,1,1,0,1,1,9,0.22008,0.227059,0,0,0
5405,,7,0,1,1,0,1,1,8,0.252153,0.261614,0,0,0
5407,,7,0,2,2,0,2,2,8,0.245524,0.254851,0,0,0
5409,,1,0,3,3,0,3,3,9,0.188965,0.193214,0,0.166667,0
7299,,1,2,2,4,2,2,4,8,0.228945,0.236688,23780.347933,0,0.000336
23311,,36,1,0,1,1,0,1,0,0,0,0,0,0.000219
5413,,16,0,3,3,0,3,3,9,0.211399,0.217609,0,0,0
5414,,16,1,0,1,1,0,1,0,0,0,0,0,0.000168
6950,,14,1,0,1,1,0,1,0,0,0,0,0,0.000254
8161,,14,1,3,4,1,3,4,8,0.256782,0.267789,0,0.833333,0.000254
5417,,7,0,1,1,0,1,1,9,0.229134,0.236663,0,0,0
5422,,16,0,2,2,0,2,2,9,0.225673,0.233103,0,0,0
5425,,7,0,1,1,0,1,1,9,0.210116,0.215602,0,0,0
5429,,7,0,3,3,0,3,3,8,0.241564,0.249584,0,0.166667,0
5430,,81,0,2,2,0,2,2,9,0.224797,0.232451,0,1,0
5431,,22,8,1,9,8,1,9,9,0.212855,0.218899,37651,0.152778,0.001458
17682,,22,10,7,17,10,7,17,9,0.21439,0.221121,21402.037834,0.142857,0.002072
19074,,22,1,1,2,1,1,2,9,0.212855,0.218899,0,1,0.000196
30726,,22,2,2,4,2,2,4,9,0.212892,0.219001,0,0.75,0.000488
24866,,16,1,0,1,1,0,1,0,0,0,0,0,0.000174
22986,,7,2,3,5,2,3,5,9,0.219238,0.22568,447.537835,0.083333,0.000352
5438,,7,1,1,2,1,1,2,9,0.225856,0.233197,2992.267383,0,0.000173
13831,,25,1,0,1,1,0,1,0,0,0,0,0,0.000198
20503,,25,1,0,1,1,0,1,0,0,0,0,0,0.000198
10732,,25,1,1,2,1,1,2,7,0.293555,0.307957,502.714717,0,0.000198
24911,,25,1,0,1,1,0,1,0,0,0,0,0,0.000198
23542,,25,1,1,2,1,1,2,1,1,1,0,0,0.000201
5444,,7,0,3,3,0,3,3,8,0.253757,0.263544,0,0,0
5445,,2,0,2,2,0,2,2,8,0.261642,0.272776,0,0,0
5447,,2,0,2,2,0,2,2,8,0.229178,0.236765,0,0.5,0
15571,,41,1,2,3,1,2,3,8,0.234542,0.241825,42.565458,0.5,0.000202
5451,,107,0,2,2,0,2,2,9,0.226173,0.233287,0,0,0
28464,,107,2,0,2,2,0,2,0,0,0,0,0,0.000336
5452,,7,0,1,1,0,1,1,9,0.230193,0.238549,0,0,0
5457,,1,3,1,4,3,1,4,9,0.225591,0.232932,19500.399549,0,0.000585
31963,,7,1,2,3,1,2,3,8,0.243142,0.251492,62.50864,0,0.000261
6993,,12,2,0,2,2,0,2,0,0,0,0,0,0.000443
5459,,108,0,1,1,0,1,1,1,1,1,0,0,0
5460,,108,1,0,1,1,0,1,0,0,0,0,0,0.000168
5464,,109,0,1,1,0,1,1,1,1,1,0,0,0
5465,,109,1,0,1,1,0,1,0,0,0,0,0,0.000168
5466,,1,0,2,2,0,2,2,8,0.242398,0.250702,0,0,0
20599,,1,1,0,1,1,0,1,0,0,0,0,0,0.000168
5467,,16,0,1,1,0,1,1,8,0.234266,0.242061,0,0,0
5468,,7,0,1,1,0,1,1,8,0.234991,0.243288,0,0,0
5469,,7,0,3,3,0,3,3,8,0.243394,0.251906,0,0.5,0
5471,,16,0,2,2,0,2,2,8,0.236636,0.245361,0,0,0
5475,,65,0,1,1,0,1,1,9,0.194323,0.198649,0,0,0
5476,,7,0,2,2,0,2,2,8,0.245223,0.253921,0,0,0
35479,,2,1,0,1,1,0,1,0,0,0,0,0,0.00022
5479,,7,1,5,6,1,5,6,9,0.234626,0.242889,18828,0.033333,0.000168
5522,,249,2,0,2,2,0,2,0,0,0,0,0,0.000341
27915,,36,1,0,1,1,0,1,0,0,0,0,0,0.000188
13360,,36,1,6,7,1,6,7,8,0.230344,0.238123,85.529928,0.333333,0.000188
5482,,7,0,1,1,0,1,1,9,0.207609,0.212853,0,0,0
5483,,1,0,1,1,0,1,1,8,0.242388,0.250662,0,0,0
7858,,16,1,0,1,1,0,1,0,0,0,0,0,0.000217
10016,,16,2,10,12,2,10,12,8,0.241892,0.251604,79310.973027,0.054545,0.00043
27980,,16,2,0,2,2,0,2,0,0,0,0,0,0.000446
30710,,16,1,0,1,1,0,1,0,0,0,0,0,0.000217
32563,,16,1,2,3,1,2,3,8,0.237023,0.244737,1157.456594,0,0.000217
33753,,16,1,1,2,1,1,2,9,0.216075,0.222285,138.590116,0,0.000217
35486,,16,1,0,1,1,0,1,0,0,0,0,0,0.000217
5485,,110,0,1,1,0,1,1,9,0.20809,0.213256,0,0,0
5486,,110,1,1,2,1,1,2,8,0.262756,0.273466,18827,0,0.000168
16593,,7,2,0,2,2,0,2,0,0,0,0,0.5,0.000493
8989,,7,1,5,6,1,5,6,8,0.272908,0.285144,1338.495328,0.166667,0.000319
17748,,7,1,1,2,1,1,2,8,0.262757,0.273467,0,0.5,0.000319
5491,,16,2,3,5,2,3,5,9,0.229829,0.238006,1543.045331,0.083333,0.000421
13900,,16,4,0,4,4,0,4,0,0,0,0,0.083333,0.001487
15743,,16,1,0,1,1,0,1,0,0,0,0,0,0.000239
5493,,7,0,2,2,0,2,2,9,0.234219,0.24277,0,1,0
5494,,16,0,3,3,0,3,3,8,0.237604,0.246137,0,0,0
7519,,2,1,0,1,1,0,1,0,0,0,0,0,0.000181
5496,,7,0,5,5,0,5,5,8,0.23192,0.239652,0,0.2,0
5498,,7,0,1,1,0,1,1,9,0.231745,0.239907,0,0,0
5502,,7,0,1,1,0,1,1,9,0.224977,0.231842,0,0,0
5503,,14,1,2,3,1,2,3,8,0.26308,0.273885,3297.288404,0.166667,0.000271
5504,,7,1,3,4,1,3,4,9,0.236252,0.244718,132.195864,0,0.000216
5506,,7,0,5,5,0,5,5,8,0.255791,0.265914,0,0.05,0
5508,,1,2,5,7,2,5,7,8,0.231042,0.2392,97149.212597,0.02381,0.000361
5509,,1,1,0,1,1,0,1,0,0,0,0,0,0.000178
9716,,1,1,1,2,1,1,2,8,0.230719,0.238685,0,0.5,0.000178
14455,,1,1,0,1,1,0,1,0,0,0,0,0,0.000178
5513,,16,0,2,2,0,2,2,8,0.230986,0.23881,0,0,0
5514,,7,0,13,13,0,13,13,8,0.270247,0.282757,0,0.307692,0
5515,,1,0,1,1,0,1,1,9,0.187611,0.191833,0,0,0
25272,,7,1,0,1,1,0,1,0,0,0,0,0,0.000342
34569,,69,1,0,1,1,0,1,0,0,0,0,0,0.00023
5520,,7,0,1,1,0,1,1,1,1,1,0,0,0
5521,,7,3,0,3,3,0,3,0,0,0,0,0,0.000529
5523,,16,0,3,3,0,3,3,8,0.245036,0.254914,0,0.333333,0
22052,,16,1,1,2,1,1,2,2,0.666667,0.75,2,0,0.000168
5524,,12,1,3,4,1,3,4,9,0.227502,0.235417,0,0.416667,0.000192
15245,,7,1,0,1,1,0,1,0,0,0,0,0,0.000229
10921,,7,2,4,6,2,4,6,8,0.268268,0.280358,505.883528,0.266667,0.000403
5526,,36,0,1,1,0,1,1,9,0.218312,0.224902,0,0,0
5527,,7,0,6,6,0,6,6,8,0.264183,0.275236,0,0.166667,0
5528,,1,1,3,4,1,3,4,9,0.205318,0.210526,324.659105,0.166667,0.000168
5529,,7,0,1,1,0,1,1,9,0.20921,0.214873,0,0,0
5530,,16,0,2,2,0,2,2,8,0.231958,0.239028,0,0,0
7839,,16,1,0,1,1,0,1,0,0,0,0,0,0.000168
5531,,16,0,1,1,0,1,1,9,0.222702,0.229324,0,0,0
5535,,7,0,1,1,0,1,1,10,0.190046,0.19433,0,0,0
5536,,7,0,1,1,0,1,1,9,0.199181,0.204001,0,0,0
5537,,7,0,1,1,0,1,1,9,0.209608,0.214994,0,0,0
5541,,16,0,1,1,0,1,1,10,0.192799,0.197346,0,0,0
15589,,7,1,0,1,1,0,1,0,0,0,0,0,0.000317
31853,,7,1,1,2,1,1,2,9,0.238286,0.246732,5.370662,0,0.000317
5543,,7,1,1,2,1,1,2,8,0.261476,0.272569,0,0.5,0.000428
5544,,22,3,1,4,3,1,4,9,0.212855,0.218899,0,0.333333,0.00054
5545,,32,0,2,2,0,2,2,1,1,1,0,0,0
29591,,32,1,0,1,1,0,1,0,0,0,0,0,0.000168
5547,,65,0,2,2,0,2,2,9,0.189959,0.194006,0,0.5,0
5549,,7,1,6,7,1,6,7,8,0.266099,0.277571,25982.751492,0.190476,0.000493
31114,,7,1,0,1,1,0,1,0,0,0,0,0,0.000176
6229,,65,2,0,2,2,0,2,0,0,0,0,0.5,0.000364
6228,,65,1,1,2,1,1,2,1,1,1,0,0.5,0.000191
9849,,65,1,0,1,1,0,1,0,0,0,0,0,0.000191
17324,,16,2,0,2,2,0,2,0,0,0,0,0,0.000367
5553,,16,0,2,2,0,2,2,9,0.227193,0.234271,0,0,0
5555,,53,0,1,1,0,1,1,8,0.228597,0.235212,0,0,0
31150,,2,1,0,1,1,0,1,0,0,0,0,0,0.000244
5558,,7,0,1,1,0,1,1,9,0.214766,0.220717,0,0,0
5559,,16,0,1,1,0,1,1,9,0.228869,0.236881,0,0,0
5560,,16,0,1,1,0,1,1,9,0.220826,0.22761,0,0,0
5561,,7,0,1,1,0,1,1,8,0.262756,0.273466,0,0,0
5562,,7,0,1,1,0,1,1,8,0.248761,0.257751,0,0,0
5563,,111,0,1,1,0,1,1,1,1,1,0,0,0
5564,,111,2,0,2,2,0,2,0,0,0,0,0,0.000344
5566,,7,0,2,2,0,2,2,8,0.231267,0.238123,0,0.5,0
5572,,1,1,0,1,1,0,1,0,0,0,0,0,0.000254
5575,,7,0,1,1,0,1,1,9,0.210358,0.21613,0,0,0
5576,,32,0,2,2,0,2,2,1,1,1,0,0,0
13569,,32,1,0,1,1,0,1,0,0,0,0,0,0.000168
5577,,16,0,1,1,0,1,1,8,0.216811,0.22311,0,0,0
5578,,7,0,1,1,0,1,1,9,0.219616,0.22591,0,0,0
8371,,16,1,4,5,1,4,5,8,0.25504,0.266104,278.660062,0.166667,0.000459
15780,,16,1,1,2,1,1,2,9,0.197659,0.202005,37.481043,0,0.000459
12093,,16,2,8,10,2,8,10,8,0.267529,0.279251,26511.0616,0.152778,0.000627
34427,,16,2,2,4,2,2,4,8,0.235475,0.243649,107.815298,0.333333,0.000639
5581,,14,0,1,1,0,1,1,9,0.196196,0.200485,0,0,0
5582,,16,0,1,1,0,1,1,8,0.234108,0.241443,0,0,0
5583,,7,0,1,1,0,1,1,8,0.227429,0.234822,0,0,0
5585,,7,0,1,1,0,1,1,10,0.179156,0.182314,0,0,0
5586,,22,0,1,1,0,1,1,9,0.21286,0.218905,0,0,0
5589,,7,0,1,1,0,1,1,8,0.244564,0.253553,0,0,0
5592,,7,0,1,1,0,1,1,8,0.262756,0.273466,0,0,0
5593,,25,0,1,1,0,1,1,8,0.234155,0.242097,0,0,0
5595,,32,0,2,2,0,2,2,8,0.234502,0.242488,0,1,0
5596,,16,0,1,1,0,1,1,8,0.251382,0.261452,0,0,0
26585,,36,1,0,1,1,0,1,0,0,0,0,0,0.000534
23054,,36,2,5,7,2,5,7,9,0.238394,0.247823,44924.586785,0.133333,0.000702
8020,,36,1,2,3,1,2,3,9,0.215346,0.22144,26415.060477,0,0.000534
10648,,36,3,1,4,3,1,4,9,0.223181,0.229596,22.713275,0.166667,0.000892
5602,,7,0,3,3,0,3,3,8,0.229589,0.237192,0,0.666667,0
5603,,7,0,1,1,0,1,1,9,0.195727,0.200675,0,0,0
5604,,14,0,1,1,0,1,1,8,0.25615,0.266929,0,0,0
5606,,14,0,1,1,0,1,1,8,0.25615,0.266929,0,0,0
5607,,36,0,4,4,0,4,4,8,0.245156,0.253375,0,0.25,0
5610,,14,0,1,1,0,1,1,8,0.25615,0.266929,0,0,0
5611,,14,0,1,1,0,1,1,8,0.25615,0.266929,0,0,0
5612,,14,0,1,1,0,1,1,8,0.25615,0.266929,0,0,0
5613,,41,0,1,1,0,1,1,9,0.214084,0.219917,0,0,0
5616,,112,0,1,1,0,1,1,1,1,1,0,0,0
5617,,112,1,0,1,1,0,1,0,0,0,0,0,0.000168
5620,,67,2,0,2,2,0,2,0,0,0,0,0,0.000383
5622,,22,0,4,4,0,4,4,9,0.212909,0.219084,0,0.25,0
5623,,16,1,1,2,1,1,2,9,0.232956,0.241234,18827,0,0.000168
5625,,7,0,1,1,0,1,1,9,0.217683,0.224105,0,0,0
5626,,65,0,1,1,0,1,1,9,0.195014,0.200132,0,0,0
5629,,7,0,3,3,0,3,3,8,0.2593,0.270371,0,0,0
5630,,16,0,1,1,0,1,1,9,0.203661,0.20898,0,0,0
5632,,16,0,1,1,0,1,1,8,0.236535,0.24595,0,0,0
5633,,1,0,1,1,0,1,1,8,0.228936,0.236648,0,0,0
5637,,41,0,1,1,0,1,1,11,0.148308,0.150337,0,0,0
5638,,41,1,2,3,1,2,3,10,0.174124,0.177423,18828,0.166667,0.000168
23408,,41,1,3,4,1,3,4,9,0.210822,0.216757,37652,0.333333,0.000173
5639,,14,0,1,1,0,1,1,8,0.25615,0.266929,0,0,0
15333,,36,1,0,1,1,0,1,0,0,0,0,0,0.000286
14856,,36,1,1,2,1,1,2,9,0.213534,0.219295,0,0,0.000286
5644,,7,0,1,1,0,1,1,8,0.263621,0.273995,0,0,0
5648,,113,1,1,2,1,1,2,8,0.233233,0.240201,20938.131781,0,0.000173
14699,,113,1,0,1,1,0,1,0,0,0,0,0,0.000173
5651,,67,0,2,2,0,2,2,9,0.229999,0.237831,0,0,0
28295,,67,2,0,2,2,0,2,0,0,0,0,0.5,0.000411
5654,,41,0,1,1,0,1,1,9,0.195066,0.199384,0,0,0
13744,,7,2,2,4,2,2,4,9,0.227494,0.234656,197.547934,0.083333,0.000581
5656,,81,0,1,1,0,1,1,9,0.19166,0.19573,0,0,0
5659,,65,0,8,8,0,8,8,8,0.267431,0.279999,0,0.089286,0
5660,,65,1,0,1,1,0,1,0,0,0,0,0,0.000168
5914,,65,1,0,1,1,0,1,0,0,0,0,0,0.000168
5663,,7,0,4,4,0,4,4,7,0.29976,0.314869,0,0.333333,0
5664,,7,0,1,1,0,1,1,8,0.252153,0.261614,0,0,0
5666,,14,0,2,2,0,2,2,8,0.231321,0.238992,0,0,0
7834,,53,3,4,7,3,4,7,8,0.262852,0.273691,26961.405424,0.166667,0.000557
13074,,7,1,1,2,1,1,2,8,0.228432,0.234975,0,0,0.000927
18188,,12,4,4,8,4,4,8,9,0.207508,0.21334,2836.974677,0.02381,0.001787
12494,,14,2,3,5,2,3,5,9,0.223709,0.230871,27774.894162,0,0.001112
5673,,7,0,1,1,0,1,1,8,0.232406,0.239626,0,0,0
5675,,7,1,4,5,1,4,5,8,0.236285,0.243604,25984.181232,0.05,0.000493
5679,,7,0,1,1,0,1,1,8,0.228134,0.235523,0,0,0
31730,,53,1,0,1,1,0,1,0,0,0,0,0,0.000188
31705,,53,3,1,4,3,1,4,10,0.188046,0.19216,0,1,0.000778
5687,,16,0,1,1,0,1,1,9,0.206445,0.21192,0,0,0
5689,,7,0,1,1,0,1,1,1,1,1,0,0,0
5690,,114,0,1,1,0,1,1,1,1,1,0,0,0
5691,,114,1,0,1,1,0,1,0,0,0,0,0,0.000168
5693,,7,0,1,1,0,1,1,9,0.230483,0.238015,0,0,0
28427,,7,1,1,2,1,1,2,8,0.231306,0.23793,50.138235,0,0.000327
5696,,41,0,1,1,0,1,1,9,0.211371,0.217148,0,0,0
5697,,41,0,1,1,0,1,1,9,0.211371,0.217148,0,0,0
5698,,41,0,1,1,0,1,1,9,0.211371,0.217148,0,0,0
7063,,7,4,2,6,4,2,6,8,0.230465,0.238008,19053.937423,0,0.001022
5703,,7,0,1,1,0,1,1,9,0.214766,0.220717,0,0,0
6687,,12,1,2,3,1,2,3,9,0.199849,0.205118,14.778924,0.333333,0.000189
7750,,7,2,6,8,2,6,8,8,0.2733,0.285937,633.327106,0.196429,0.00048
5708,,32,0,1,1,0,1,1,1,1,1,0,0,0
5709,,1,0,1,1,0,1,1,8,0.230717,0.238683,0,0,0
5710,,22,0,1,1,0,1,1,9,0.21286,0.218905,0,0,0
5714,,1,0,1,1,0,1,1,9,0.222605,0.230046,0,0,0
26896,,7,1,0,1,1,0,1,0,0,0,0,0,0.000176
5718,,7,0,1,1,0,1,1,7,0.293553,0.307954,0,0,0
5720,,36,0,3,3,0,3,3,8,0.254,0.264602,0,0.166667,0
5722,,1,0,2,2,0,2,2,9,0.214222,0.219953,0,0,0
5724,,7,0,1,1,0,1,1,9,0.221229,0.22782,0,0,0
5726,,7,0,1,1,0,1,1,9,0.226164,0.233246,0,0,0
8423,,7,1,0,1,1,0,1,0,0,0,0,0,0.000221
5731,,22,0,1,1,0,1,1,9,0.21286,0.218905,0,0,0
5732,,14,0,2,2,0,2,2,8,0.247421,0.25681,0,0,0
5733,,14,0,2,2,0,2,2,8,0.256153,0.266956,0,1,0
10461,,41,1,1,2,1,1,2,9,0.209364,0.214909,0,0,0.000227
34799,,41,1,0,1,1,0,1,0,0,0,0,0,0.000227
5736,,7,0,1,1,0,1,1,9,0.226164,0.233246,0,0,0
5739,,1,1,3,4,1,3,4,8,0.230736,0.238769,69.232093,0.083333,0.000638
5740,,1,0,1,1,0,1,1,8,0.230717,0.238683,0,0,0
5742,,7,1,4,5,1,4,5,9,0.214997,0.221286,51.120869,0,0.000185
6895,,1,1,0,1,1,0,1,0,0,0,0,0,0.000204
16781,,16,1,3,4,1,3,4,9,0.221579,0.228854,13.125076,0.166667,0.000183
29293,,16,1,0,1,1,0,1,0,0,0,0,0,0.000183
6811,,16,1,2,3,1,2,3,9,0.227692,0.234908,179.165656,0.333333,0.000182
33477,,53,1,0,1,1,0,1,0,0,0,0,0,0.000182
31333,,7,1,0,1,1,0,1,0,0,0,0,0,0.000229
5750,,36,1,2,3,1,2,3,8,0.251698,0.262228,160.171681,0,0.000638
5751,,7,0,3,3,0,3,3,8,0.269649,0.281549,0,0.333333,0
5752,,7,1,0,1,1,0,1,0,0,0,0,0,0.000168
5758,,41,0,1,1,0,1,1,10,0.163408,0.165944,0,0,0
5759,,41,1,3,4,1,3,4,9,0.195315,0.199699,18827,0.333333,0.000168
5761,,7,0,1,1,0,1,1,8,0.236188,0.243784,0,0,0
5762,,69,0,1,1,0,1,1,9,0.188054,0.192248,0,0,0
5766,,7,0,6,6,0,6,6,8,0.266826,0.278854,0,0.266667,0
5767,,7,0,4,4,0,4,4,9,0.234041,0.242109,0,0,0
5774,,115,1,2,3,1,2,3,1,1,1,51952,0,0.000502
5775,,115,1,0,1,1,0,1,0,0,0,0,0,0.000176
6346,,115,1,0,1,1,0,1,0,0,0,0,0,0.000176
19620,,14,1,0,1,1,0,1,0,0,0,0,0,0.000286
5779,,16,0,2,2,0,2,2,9,0.21838,0.225038,0,0,0
16074,,16,1,0,1,1,0,1,0,0,0,0,0,0.000196
5784,,36,0,3,3,0,3,3,8,0.26337,0.274251,0,0.333333,0
14984,,1,1,0,1,1,0,1,0,0,0,0,0,0.000249
13153,,36,1,3,4,1,3,4,1,1,1,77928,0,0.000187
5789,,36,0,1,1,0,1,1,9,0.218761,0.22523,0,0,0
27458,,12,5,3,8,5,3,8,10,0.168649,0.171597,195367.105286,0.107143,0.000919
5798,,65,0,2,2,0,2,2,8,0.237286,0.244867,0,0.5,0
5801,,7,0,1,1,0,1,1,9,0.226681,0.233517,0,0,0
5806,,41,0,1,1,0,1,1,9,0.217487,0.223937,0,0,0
5810,,65,0,2,2,0,2,2,9,0.208178,0.213777,0,1,0
5813,,7,0,1,1,0,1,1,9,0.226164,0.233246,0,0,0
5814,,16,0,1,1,0,1,1,9,0.215262,0.221613,0,0,0
5815,,41,0,1,1,0,1,1,9,0.195066,0.199384,0,0,0
5816,,7,0,1,1,0,1,1,10,0.191285,0.195691,0,0,0
22943,,16,1,0,1,1,0,1,0,0,0,0,0,0.00021
5819,,7,0,1,1,0,1,1,9,0.209772,0.215183,0,0,0
5822,,36,0,1,1,0,1,1,1,1,1,0,0,0
5823,,65,0,1,1,0,1,1,8,0.236841,0.24458,0,0,0
5825,,16,0,1,1,0,1,1,8,0.251382,0.261452,0,0,0
5826,,53,0,1,1,0,1,1,9,0.192763,0.197168,0,0,0
5828,,1,0,4,4,0,4,4,8,0.242124,0.250217,0,0,0
5829,,7,2,5,7,2,5,7,8,0.26805,0.279706,20433.164442,0.119048,0.000336
9713,,1,1,2,3,1,2,3,8,0.228941,0.236683,264.615712,0,0.000168
5833,,7,0,1,1,0,1,1,8,0.233882,0.2414,0,0,0
5835,,25,1,2,3,1,2,3,9,0.191229,0.195397,18827,0,0.000173
8683,,25,1,1,2,1,1,2,10,0.160532,0.162972,0,0,0.000173
22705,,41,4,0,4,4,0,4,0,0,0,0,0,0.000808
9253,,7,1,0,1,1,0,1,0,0,0,0,0,0.000217
5839,,7,0,1,1,0,1,1,8,0.255022,0.264509,0,0,0
5841,,1,1,0,1,1,0,1,0,0,0,0,0,0.000348
8545,,1,2,1,3,2,1,3,1,1,1,25976,0,0.000521
15180,,1,1,1,2,1,1,2,9,0.212224,0.218236,0,0,0.000348
21456,,1,1,1,2,1,1,2,9,0.212224,0.218236,0,0,0.000348
21830,,1,1,0,1,1,0,1,0,0,0,0,0,0.000348
5845,,7,0,5,5,0,5,5,8,0.249871,0.259542,0,0.05,0
5847,,67,0,2,2,0,2,2,8,0.24386,0.252572,0,0.5,0
5851,,7,0,2,2,0,2,2,8,0.25708,0.26758,0,1,0
5852,,2,0,6,6,0,6,6,9,0.201857,0.207125,0,0.233333,0
5883,,2,1,4,5,1,4,5,9,0.201853,0.207078,1.5,0.45,0.000168
5856,,7,0,2,2,0,2,2,9,0.216233,0.222261,0,0,0
5858,,7,0,1,1,0,1,1,9,0.216325,0.222422,0,0,0
20354,,36,1,2,3,1,2,3,8,0.228876,0.236499,0,1,0.000202
5864,,14,0,1,1,0,1,1,9,0.217915,0.224606,0,0,0
25706,,16,2,0,2,2,0,2,0,0,0,0,0,0.000447
25476,,16,1,1,2,1,1,2,11,0.160582,0.16321,25974,0,0.00025
5869,,16,0,1,1,0,1,1,8,0.238528,0.246408,0,0,0
5871,,1,0,2,2,0,2,2,8,0.250033,0.260373,0,0,0
14941,,7,1,1,2,1,1,2,9,0.201511,0.206451,0,0,0.000314
5874,,53,1,1,2,1,1,2,10,0.16943,0.17248,0,0,0.000193
9414,,53,1,0,1,1,0,1,0,0,0,0,0,0.000193
5876,,16,1,6,7,1,6,7,8,0.255226,0.266899,1445.666192,0.119048,0.000179
5880,,53,2,1,3,2,1,3,9,0.214507,0.221384,705.216718,0,0.000406
5884,,7,0,1,1,0,1,1,9,0.198884,0.203512,0,0,0
5886,,7,1,0,1,1,0,1,0,0,0,0,0,0.000332
8117,,7,1,0,1,1,0,1,0,0,0,0,0,0.000332
24987,,7,1,0,1,1,0,1,0,0,0,0,0,0.000332
14460,,7,2,1,3,2,1,3,9,0.212169,0.218093,12.515523,0,0.000623
5889,,7,0,1,1,0,1,1,10,0.166724,0.169221,0,0,0
5896,,65,0,1,1,0,1,1,8,0.234438,0.242011,0,0,0
5898,,116,0,1,1,0,1,1,1,1,1,0,0,0
5899,,116,2,0,2,2,0,2,0,0,0,0,0,0.000348
5900,,7,0,2,2,0,2,2,8,0.243454,0.252061,0,1,0
5901,,16,0,3,3,0,3,3,8,0.241121,0.250856,0,0.666667,0
5903,,1,0,1,1,0,1,1,9,0.186292,0.190332,0,0,0
12738,,2,2,1,3,2,1,3,10,0.177866,0.181549,0,0.5,0.000446
6122,,7,1,2,3,1,2,3,8,0.263522,0.274405,88.517965,0.166667,0.000395
14032,,7,1,1,2,1,1,2,9,0.228715,0.235716,0,0,0.000395
14284,,7,4,1,5,4,1,5,1,1,1,1.681144,0.5,0.001466
16368,,7,1,0,1,1,0,1,0,0,0,0,0,0.000395
20575,,7,1,0,1,1,0,1,0,0,0,0,0,0.000395
5907,,7,1,2,3,1,2,3,8,0.264796,0.27606,10.970428,0.5,0.000168
5909,,1,0,1,1,0,1,1,9,0.193129,0.197584,0,0,0
5911,,7,0,1,1,0,1,1,9,0.221081,0.227768,0,0,0
25666,,16,1,1,2,1,1,2,8,0.238153,0.247425,446.069794,0,0.000227
5917,,16,2,1,3,2,1,3,9,0.196553,0.201295,177.702949,0.333333,0.00037
10365,,41,2,0,2,2,0,2,0,0,0,0,0,0.000398
5924,,7,0,1,1,0,1,1,1,1,1,0,0,0
7236,,14,1,2,3,1,2,3,8,0.24757,0.25704,56.654164,0.333333,0.000205
32025,,16,1,0,1,1,0,1,0,0,0,0,0,0.000192
5929,,67,0,3,3,0,3,3,8,0.262778,0.273546,0,0.166667,0
5930,,16,0,1,1,0,1,1,8,0.22523,0.233228,0,0,0
5931,,7,0,1,1,0,1,1,9,0.190043,0.194312,0,0,0
8127,,7,1,0,1,1,0,1,0,0,0,0,0,0.00034
10271,,2,1,1,2,1,1,2,9,0.199769,0.204788,2889.915438,0,0.00034
5933,,7,0,1,1,0,1,1,8,0.23532,0.242676,0,0,0
21015,,16,2,3,5,2,3,5,9,0.234113,0.24187,864.338386,0.45,0.000472
31922,,16,1,1,2,1,1,2,10,0.170634,0.173775,0,0,0.000225
5939,,7,0,1,1,0,1,1,9,0.231199,0.238812,0,0,0
13093,,14,1,2,3,1,2,3,9,0.220784,0.227554,0,1,0.000271
13201,,14,1,0,1,1,0,1,0,0,0,0,0,0.000271
8961,,7,1,0,1,1,0,1,0,0,0,0,0,0.000246
26508,,7,3,1,4,3,1,4,1,1,1,25976,0,0.000588
9630,,36,1,0,1,1,0,1,0,0,0,0,0,0.000187
14722,,7,1,2,3,1,2,3,9,0.200074,0.20441,1.148117,0,0.00023
14115,,67,1,0,1,1,0,1,0,0,0,0,0,0.000316
19731,,67,1,1,2,1,1,2,9,0.198612,0.203358,0,0,0.000316
5951,,14,1,1,2,1,1,2,8,0.25615,0.266929,0,0.5,0.000168
7987,,25,2,1,3,2,1,3,9,0.218189,0.224502,149.519653,0,0.000613
22897,,16,1,0,1,1,0,1,0,0,0,0,0,0.000425
31030,,16,1,0,1,1,0,1,0,0,0,0,0,0.000425
5954,,16,0,1,1,0,1,1,8,0.251382,0.261452,0,0,0
5955,,7,0,2,2,0,2,2,8,0.235626,0.243943,0,1,0
5956,,41,0,1,1,0,1,1,8,0.225241,0.232016,0,0,0
5958,,7,0,1,1,0,1,1,9,0.204675,0.209511,0,0,0
5962,,16,0,1,1,0,1,1,9,0.221572,0.228332,0,0,0
5963,,7,0,1,1,0,1,1,7,0.293553,0.307954,0,0,0
5964,,41,0,3,3,0,3,3,8,0.241499,0.249777,0,0,0
5969,,7,0,1,1,0,1,1,8,0.238229,0.245889,0,0,0
5971,,7,0,1,1,0,1,1,1,1,1,0,0,0
5972,,7,0,11,11,0,11,11,7,0.305648,0.320887,0,0.263636,0
18493,,53,1,3,4,1,3,4,9,0.235584,0.243922,10096.071185,0,0.000403
5975,,16,1,5,6,1,5,6,9,0.215808,0.222524,492.633679,0.2,0.000186
5976,,7,0,6,6,0,6,6,8,0.252042,0.263235,0,0.066667,0
5977,,1,4,4,8,4,4,8,8,0.238051,0.245738,38729.79219,0.035714,0.000769
33736,,53,1,0,1,1,0,1,0,0,0,0,0,0.000188
5980,,16,1,4,5,1,4,5,8,0.248302,0.259143,221.535727,0.1,0.000289
5981,,12,0,1,1,0,1,1,9,0.208199,0.213456,0,0,0
5982,,12,3,7,10,3,7,10,8,0.262929,0.2739,56493,0.022222,0.000504
11468,,12,2,0,2,2,0,2,0,0,0,0,0,0.00035
20199,,12,1,1,2,1,1,2,9,0.211252,0.216723,74.964762,0,0.000182
26220,,12,1,0,1,1,0,1,0,0,0,0,0,0.000182
27578,,12,1,0,1,1,0,1,0,0,0,0,0,0.000182
8430,,69,7,8,15,7,8,15,8,0.233116,0.241592,37778.175398,0.21978,0.001402
8350,,69,2,5,7,2,5,7,8,0.233108,0.241512,3284.223014,0.4,0.000495
15782,,69,3,1,4,3,1,4,9,0.199752,0.204954,18826,0.166667,0.000688
15809,,7,1,3,4,1,3,4,8,0.255417,0.266106,1190.579223,0.5,0.000322
15693,,69,4,5,9,4,5,9,8,0.233116,0.241534,3296.603967,0.428571,0.000872
8505,,69,8,3,11,8,3,11,8,0.23311,0.241481,18845.188095,0.388889,0.001644
21768,,69,1,1,2,1,1,2,9,0.189037,0.19335,0,1,0.000322
21783,,69,3,1,4,3,1,4,9,0.199752,0.204954,0,0.5,0.000675
21820,,69,2,4,6,2,4,6,9,0.201261,0.206533,26016.917724,0.25,0.000495
21934,,69,6,2,8,6,2,8,8,0.233096,0.241424,18908.589628,0.285714,0.001206
21822,,69,1,4,5,1,4,5,8,0.233102,0.241477,0,0.583333,0.000322
8360,,69,2,1,3,2,1,3,8,0.233053,0.241278,0,0.833333,0.000501
21821,,69,2,0,2,2,0,2,0,0,0,0,1,0.000501
5985,,16,0,1,1,0,1,1,8,0.236535,0.24595,0,0,0
7079,,7,2,1,3,2,1,3,9,0.210372,0.216202,13.650702,0.166667,0.000396
5987,,7,0,1,1,0,1,1,9,0.223394,0.230421,0,0,0
5991,,22,1,0,1,1,0,1,0,0,0,0,0,0.00028
33101,,22,2,1,3,2,1,3,9,0.214039,0.219974,18713.449757,0,0.000448
9039,,16,1,0,1,1,0,1,0,0,0,0,0,0.000207
5997,,7,0,1,1,0,1,1,8,0.245115,0.253395,0,0,0
15422,,16,1,0,1,1,0,1,0,0,0,0,0,0.000224
32009,,16,2,0,2,2,0,2,0,0,0,0,0,0.000392
6000,,7,0,1,1,0,1,1,10,0.183574,0.187416,0,0,0
6001,,7,0,1,1,0,1,1,10,0.191021,0.195265,0,0,0
28710,,7,3,5,8,3,5,8,9,0.239901,0.248971,3.446736,0.452381,0.001344
34836,,731,4,0,4,4,0,4,0,0,0,0,0,0.001103
6007,,7,0,1,1,0,1,1,10,0.191021,0.195265,0,0,0
6008,,7,3,6,9,3,6,9,8,0.263371,0.274978,27733.504355,0.111111,0.000816
18521,,7,1,4,5,1,4,5,9,0.230237,0.237305,18.296492,0,0.000185
6009,,7,0,4,4,0,4,4,8,0.24842,0.257884,0,0.25,0
6010,,7,0,2,2,0,2,2,8,0.245668,0.253873,0,0,0
6015,,7,0,1,1,0,1,1,9,0.232094,0.239671,0,0,0
6016,,36,0,2,2,0,2,2,8,0.225846,0.233147,0,0.5,0
6018,,36,1,1,2,1,1,2,8,0.26276,0.27347,796.955367,0,0.000192
6021,,67,1,0,1,1,0,1,0,0,0,0,0,0.000205
19917,,67,2,0,2,2,0,2,0,0,0,0,0,0.000374
14131,,67,2,5,7,2,5,7,8,0.234803,0.241927,43324.126285,0.1,0.000374
6024,,1,0,1,1,0,1,1,10,0.188285,0.19193,0,0,0
6025,,1,0,1,1,0,1,1,10,0.188285,0.19193,0,0,0
25428,,16,1,0,1,1,0,1,0,0,0,0,0,0.000364
6032,,14,0,1,1,0,1,1,9,0.217701,0.22415,0,0,0
6033,,16,0,1,1,0,1,1,9,0.224355,0.231354,0,0,0
6034,,117,1,1,2,1,1,2,1,1,1,0,0,0.000173
6035,,117,1,1,2,1,1,2,1,1,1,0,0,0.000173
15287,,7,1,0,1,1,0,1,0,0,0,0,0,0.000361
27208,,16,1,1,2,1,1,2,9,0.202026,0.207543,4.157336,0,0.000235
29870,,41,2,0,2,2,0,2,0,0,0,0,0,0.000767
6043,,1,1,1,2,1,1,2,1,1,1,41.061711,0,0.000329
6045,,1,0,4,4,0,4,4,8,0.236758,0.244745,0,0.166667,0
22548,,16,1,2,3,1,2,3,9,0.229448,0.237413,25975,0.166667,0.000226
6054,,7,1,0,1,1,0,1,0,0,0,0,0,0.000194
30986,,1,1,0,1,1,0,1,0,0,0,0,0,0.000253
6057,,27,1,1,2,1,1,2,9,0.207364,0.212769,18827,0,0.000168
6060,,65,0,1,1,0,1,1,9,0.195014,0.200132,0,0,0
6067,,7,0,15,15,0,15,15,8,0.282391,0.296849,0,0.371429,0
6068,,16,0,2,2,0,2,2,8,0.247835,0.258553,0,0,0
20078,,7,1,0,1,1,0,1,0,0,0,0,0,0.00021
6433,,7,2,2,4,2,2,4,9,0.219791,0.226152,24.148973,0,0.000393
34915,,7,1,1,2,1,1,2,9,0.205038,0.210234,0,0.5,0.00021
6076,,53,1,3,4,1,3,4,8,0.258393,0.268847,26216.842655,0.166667,0.000178
6077,,53,1,0,1,1,0,1,0,0,0,0,0,0.000173
6080,,7,0,1,1,0,1,1,9,0.239963,0.248532,0,0,0
6081,,22,1,3,4,1,3,4,9,0.212905,0.219049,2.73359,0.416667,0.000168
6082,,22,1,3,4,1,3,4,9,0.212898,0.219034,0.5,0.583333,0.000173
6086,,7,0,1,1,0,1,1,9,0.222889,0.229835,0,0,0
6089,,16,3,4,7,3,4,7,8,0.241226,0.251002,64483.156411,0.033333,0.000585
21923,,16,1,0,1,1,0,1,0,0,0,0,0,0.000183
6093,,7,0,1,1,0,1,1,9,0.215946,0.221647,0,0,0
6094,,41,0,2,2,0,2,2,9,0.195904,0.200506,0,0,0
6097,,41,0,1,1,0,1,1,9,0.208038,0.213477,0,0,0
6101,,7,0,1,1,0,1,1,8,0.262756,0.273466,0,0,0
6104,,0,1,1,2,1,1,2,9,0.223511,0.230581,18827,0,0.000168
6105,,16,0,1,1,0,1,1,10,0.186157,0.190231,0,0,0
6106,,16,0,2,2,0,2,2,9,0.220083,0.227086,0,0.5,0
6108,,65,0,1,1,0,1,1,8,0.236841,0.24458,0,0,0
6110,,7,0,1,1,0,1,1,10,0.179156,0.182314,0,0,0
6111,,1,0,1,1,0,1,1,9,0.208947,0.214795,0,0,0
6115,,7,1,1,2,1,1,2,8,0.244564,0.253553,2543.484119,0,0.000173
6118,,41,0,1,1,0,1,1,9,0.200659,0.205454,0,0,0
12693,,7,1,6,7,1,6,7,8,0.269297,0.281633,12.45536,0.261905,0.000448
6121,,16,0,1,1,0,1,1,8,0.237376,0.246856,0,0,0
6123,,7,0,1,1,0,1,1,9,0.21129,0.216968,0,0,0
6124,,7,3,5,8,3,5,8,8,0.267879,0.279895,20031.28945,0.166667,0.000998
6125,,16,0,10,10,0,10,10,8,0.263366,0.275443,0,0.133333,0
20448,,16,2,1,3,2,1,3,1,1,1,25976,0,0.000524
15505,,7,1,0,1,1,0,1,0,0,0,0,0,0.000473
6128,,7,0,24,24,0,24,24,8,0.287615,0.303885,0,0.362319,0
6129,,65,0,1,1,0,1,1,1,1,1,0,0,0
6130,,16,0,1,1,0,1,1,9,0.217239,0.223768,0,0,0
6131,,579,0,2,2,0,2,2,9,0.215199,0.221247,0,0,0
6178,,579,2,0,2,2,0,2,0,0,0,0,0,0.000336
6133,,7,0,1,1,0,1,1,9,0.233264,0.241028,0,0,0
6134,,118,0,1,1,0,1,1,1,1,1,0,0,0
6135,,36,0,1,1,0,1,1,9,0.200098,0.20505,0,0,0
6136,,7,0,2,2,0,2,2,9,0.215728,0.221768,0,0.5,0
10621,,7,1,0,1,1,0,1,0,0,0,0,0,0.000226
7200,,133,1,2,3,1,2,3,9,0.213864,0.219762,25975,0,0.000226
19417,,7,1,0,1,1,0,1,0,0,0,0,0,0.000226
19220,,16,2,1,3,2,1,3,8,0.226877,0.233704,22.210681,0,0.001518
19888,,16,2,7,9,2,7,9,8,0.247457,0.257868,1341.978768,0.285714,0.000749
21409,,16,1,0,1,1,0,1,0,0,0,0,0,0.000515
22320,,16,2,2,4,2,2,4,9,0.224482,0.231683,32.533043,0.5,0.000739
19887,,16,13,10,23,13,10,23,8,0.250719,0.261629,269965.146758,0.0625,0.002654
32233,,16,1,1,2,1,1,2,9,0.221409,0.228317,0,0,0.000515
19873,,16,2,4,6,2,4,6,8,0.226912,0.234331,211.934423,0.3,0.000913
6141,,7,0,1,1,0,1,1,9,0.213347,0.219369,0,0,0
6143,,22,1,1,2,1,1,2,9,0.212855,0.218899,0,1,0.000292
6145,,7,0,2,2,0,2,2,9,0.217434,0.223807,0,0.5,0
6148,,32,0,1,1,0,1,1,9,0.202563,0.207588,0,0,0
6149,,41,0,1,1,0,1,1,9,0.188332,0.192326,0,0,0
13012,,7,1,0,1,1,0,1,0,0,0,0,0,0.000266
17869,,7,1,0,1,1,0,1,0,0,0,0,0,0.000266
33056,,7,1,1,2,1,1,2,9,0.204884,0.209778,0,0,0.000266
6153,,32,1,4,5,1,4,5,8,0.271411,0.283549,18827,0.15,0.000168
13897,,32,3,0,3,3,0,3,0,0,0,0,0.333333,0.001392
6154,,36,0,2,2,0,2,2,8,0.262701,0.274126,0,1,0
6155,,14,0,1,1,0,1,1,9,0.217915,0.224606,0,0,0
6158,,7,0,1,1,0,1,1,8,0.244933,0.25344,0,0,0
21888,,7,1,0,1,1,0,1,0,0,0,0,0,0.000253
6162,,119,0,1,1,0,1,1,1,1,1,0,0,0
6163,,119,1,0,1,1,0,1,0,0,0,0,0,0.000168
6165,,32,0,1,1,0,1,1,1,1,1,0,0,0
30119,,36,1,0,1,1,0,1,0,0,0,0,0,0.000198
31159,,16,1,1,2,1,1,2,9,0.209898,0.215751,0,0,0.000498
6168,,7,0,1,1,0,1,1,9,0.192248,0.19644,0,0,0
6170,,7,1,2,3,1,2,3,8,0.253908,0.263776,3932.021037,0,0.000168
6171,,7,0,2,2,0,2,2,8,0.240199,0.248205,0,1,0
6173,,36,0,2,2,0,2,2,8,0.236378,0.243887,0,0,0
26240,,1,1,0,1,1,0,1,0,0,0,0,0,0.000196
6177,,7,0,3,3,0,3,3,9,0.225676,0.233003,0,0.166667,0
6179,,1,0,1,1,0,1,1,9,0.21102,0.217224,0,0,0
6180,,7,0,2,2,0,2,2,9,0.225012,0.232302,0,0.5,0
6181,,22,1,1,2,1,1,2,9,0.212858,0.218903,0,0.5,0.000173
24959,,36,2,3,5,2,3,5,9,0.22243,0.229739,19518.351943,0,0.00049
32186,,36,1,0,1,1,0,1,0,0,0,0,0,0.000306
6183,,7,1,7,8,1,7,8,8,0.263006,0.274344,246.987338,0.232143,0.000217
6185,,7,0,1,1,0,1,1,9,0.218596,0.22517,0,0,0
6186,,16,0,1,1,0,1,1,10,0.180648,0.184385,0,0,0
6187,,16,1,1,2,1,1,2,9,0.220464,0.227385,18827,0,0.000168
6188,,7,0,1,1,0,1,1,8,0.231316,0.238143,0,0,0
11427,,16,2,0,2,2,0,2,0,0,0,0,0,0.000356
15380,,16,2,3,5,2,3,5,8,0.242835,0.252132,1010.528777,0.1,0.000449
25456,,16,2,0,2,2,0,2,0,0,0,0,0,0.000372
25483,,2,3,2,5,3,2,5,8,0.261494,0.272614,26355.868338,0.083333,0.000535
6194,,7,0,1,1,0,1,1,9,0.21519,0.221205,0,0,0
6199,,7,0,1,1,0,1,1,9,0.223026,0.229757,0,0,0
17519,,7,2,12,14,2,12,14,8,0.271127,0.283494,28575.055387,0.153846,0.000669
22043,,7,1,0,1,1,0,1,0,0,0,0,0,0.000187
34083,,7,1,0,1,1,0,1,0,0,0,0,0,0.000234
10483,,16,1,1,2,1,1,2,1,1,1,3.5,0,0.000259
14894,,16,1,0,1,1,0,1,0,0,0,0,0,0.001166
16014,,16,2,2,4,2,2,4,9,0.226296,0.234297,0,1,0.001354
18657,,16,1,1,2,1,1,2,9,0.226293,0.23427,0,0,0.001166
21662,,16,1,0,1,1,0,1,0,0,0,0,0,0.001166
12197,,16,2,4,6,2,4,6,8,0.252261,0.262593,906.959118,0.5,0.001354
23696,,16,1,0,1,1,0,1,0,0,0,0,0,0.001166
26776,,16,1,1,2,1,1,2,9,0.226293,0.23427,0,0,0.001166
31653,,16,1,1,2,1,1,2,9,0.226293,0.23427,0,0,0.001166
32083,,16,1,0,1,1,0,1,0,0,0,0,0,0.001166
35617,,16,1,0,1,1,0,1,0,0,0,0,0,0.001166
6212,,25,0,1,1,0,1,1,9,0.192204,0.196531,0,0,0
6213,,14,0,1,1,0,1,1,8,0.25615,0.266929,0,0,0
6214,,41,2,4,6,2,4,6,8,0.234987,0.243357,2977.520311,0.2,0.000417
17711,,1,1,0,1,1,0,1,0,0,0,0,0,0.000226
6219,,1,0,1,1,0,1,1,8,0.230717,0.238683,0,0,0
6222,,7,0,3,3,0,3,3,8,0.266857,0.278261,0,0.333333,0
6225,,7,0,1,1,0,1,1,9,0.226164,0.233246,0,0,0
6227,,1,0,1,1,0,1,1,9,0.222605,0.230046,0,0,0
13551,,7,1,3,4,1,3,4,8,0.251924,0.261349,200.118257,0.5,0.000216
6234,,36,2,9,11,2,9,11,8,0.252833,0.26267,37656,0.036364,0.000336
14226,,36,1,0,1,1,0,1,0,0,0,0,0,0.000177
6236,,16,0,1,1,0,1,1,8,0.218178,0.224744,0,0,0
6239,,7,0,1,1,0,1,1,8,0.222815,0.22996,0,0,0
6240,,16,0,1,1,0,1,1,9,0.224856,0.232784,0,0,0
6242,,7,0,1,1,0,1,1,8,0.262756,0.273466,0,0,0
13303,,16,1,2,3,1,2,3,8,0.246143,0.25513,0,1,0.000408
17395,,16,2,1,3,2,1,3,9,0.197661,0.202271,0,0.5,0.000576
35611,,16,1,0,1,1,0,1,0,0,0,0,0,0.000408
6245,,7,0,1,1,0,1,1,9,0.215286,0.221367,0,0,0
6247,,65,0,1,1,0,1,1,10,0.177906,0.181155,0,0,0
6248,,65,1,1,2,1,1,2,9,0.216395,0.222301,18827,0,0.000168
6250,,7,0,1,1,0,1,1,9,0.234953,0.24388,0,0,0
6251,,12,0,3,3,0,3,3,9,0.208107,0.213339,0,0,0
6252,,120,0,1,1,0,1,1,1,1,1,0,0,0
6253,,120,1,0,1,1,0,1,0,0,0,0,0,0.000168
6257,,22,1,3,4,1,3,4,10,0.175598,0.179115,26178.978539,0.083333,0.000292
7274,,22,1,0,1,1,0,1,0,0,0,0,0,0.000292
9298,,22,1,3,4,1,3,4,8,0.24569,0.255045,18808.208382,0.5,0.000292
8585,,22,3,2,5,3,2,5,9,0.212889,0.218992,18826,0.416667,0.000767
12072,,22,1,1,2,1,1,2,9,0.212855,0.218899,0,1,0.000292
9611,,22,1,2,3,1,2,3,9,0.21286,0.218934,381.650291,0.5,0.000292
12875,,22,1,1,2,1,1,2,9,0.212855,0.218899,0,1,0.000292
13282,,22,1,1,2,1,1,2,9,0.212855,0.218899,0,1,0.000292
13413,,22,3,1,4,3,1,4,1,1,1,2,0.166667,0.000651
13418,,22,1,0,1,1,0,1,0,0,0,0,0,0.000292
13019,,22,1,4,5,1,4,5,9,0.212875,0.219018,6329.970612,0.25,0.000292
13953,,22,3,3,6,3,3,6,9,0.212884,0.218992,18846.5,0.5,0.000778
14529,,22,1,0,1,1,0,1,0,0,0,0,0,0.000292
14742,,22,4,0,4,4,0,4,0,0,0,0,0.166667,0.000861
11547,,22,2,4,6,2,4,6,9,0.212945,0.21913,219.228539,0.35,0.000511
15089,,22,1,0,1,1,0,1,0,0,0,0,0,0.000292
10054,,22,1,1,2,1,1,2,9,0.212855,0.218899,0,1,0.000292
8483,,22,1,2,3,1,2,3,9,0.21286,0.218934,204.228539,0.333333,0.000292
14610,,22,1,1,2,1,1,2,9,0.212855,0.218899,0,1,0.000292
16683,,22,1,0,1,1,0,1,0,0,0,0,0,0.000292
17418,,22,1,0,1,1,0,1,0,0,0,0,0,0.000292
17450,,22,1,0,1,1,0,1,0,0,0,0,0,0.000292
17788,,22,1,0,1,1,0,1,0,0,0,0,0,0.000292
8327,,22,1,2,3,1,2,3,9,0.21286,0.218934,128.150126,0.5,0.000292
13954,,22,2,1,3,2,1,3,10,0.175521,0.17886,0,0.5,0.000477
18219,,22,1,4,5,1,4,5,9,0.213665,0.220198,23.735949,0.583333,0.000292
19824,,22,1,0,1,1,0,1,0,0,0,0,0,0.000292
19381,,22,1,2,3,1,2,3,9,0.183801,0.188445,0,0.5,0.000292
9719,,22,4,3,7,4,3,7,9,0.213662,0.220171,19227.532557,0.233333,0.000815
20504,,22,1,1,2,1,1,2,9,0.212855,0.218899,0,1,0.000292
20714,,22,1,0,1,1,0,1,0,0,0,0,0,0.000292
10221,,22,3,3,6,3,3,6,9,0.213665,0.22018,44852.951351,0.25,0.000647
16943,,22,1,1,2,1,1,2,9,0.212855,0.218899,0,1,0.000292
21720,,22,1,0,1,1,0,1,0,0,0,0,0,0.000292
18992,,22,2,0,2,2,0,2,0,0,0,0,0.5,0.000476
20967,,22,2,2,4,2,2,4,9,0.212935,0.219059,0,0.833333,0.000511
7445,,22,1,1,2,1,1,2,1,1,1,204.228539,0,0.000292
23201,,22,1,0,1,1,0,1,0,0,0,0,0,0.000292
24314,,22,1,0,1,1,0,1,0,0,0,0,0,0.000292
27386,,22,1,0,1,1,0,1,0,0,0,0,0,0.000292
21422,,22,1,1,2,1,1,2,9,0.212855,0.218899,0,1,0.000292
9169,,69,1,1,2,1,1,2,1,1,1,80.708318,0,0.000292
25047,,22,3,4,7,3,4,7,8,0.216794,0.22322,76337.065612,0.1,0.000893
10324,,22,1,0,1,1,0,1,0,0,0,0,0,0.000174
6258,,16,0,2,2,0,2,2,8,0.244535,0.252835,0,0,0
14563,,41,2,1,3,2,1,3,9,0.223427,0.23046,3029.199107,0,0.000465
20966,,41,2,2,4,2,2,4,8,0.257548,0.268716,1418.069042,0.25,0.001049
25861,,41,1,1,2,1,1,2,9,0.223427,0.23046,0,0,0.000291
11363,,16,1,1,2,1,1,2,9,0.218617,0.225112,0,0,0.000224
13887,,16,2,0,2,2,0,2,0,0,0,0,0,0.000392
31703,,16,1,0,1,1,0,1,0,0,0,0,0,0.000214
15034,,7,2,2,4,2,2,4,9,0.192846,0.196829,7.525655,0.166667,0.0004
30048,,7,1,2,3,1,2,3,8,0.238186,0.246913,112.850405,0,0.000211
6267,,121,0,1,1,0,1,1,1,1,1,0,0,0
6268,,121,1,0,1,1,0,1,0,0,0,0,0,0.000168
6269,,7,0,2,2,0,2,2,8,0.241713,0.249502,0,0.5,0
6271,,2,0,4,4,0,4,4,9,0.215916,0.221927,0,0.083333,0
6272,,65,0,1,1,0,1,1,9,0.195014,0.200132,0,0,0
6279,,7,0,1,1,0,1,1,8,0.262756,0.273466,0,0,0
6281,,1,0,1,1,0,1,1,9,0.194919,0.199683,0,0,0
6283,,69,0,1,1,0,1,1,9,0.188054,0.192248,0,0,0
13344,,7,1,5,6,1,5,6,8,0.272548,0.284186,5.610628,0.25,0.000197
27432,,7,1,0,1,1,0,1,0,0,0,0,0,0.000197
6288,,122,0,1,1,0,1,1,1,1,1,0,0,0
6289,,122,1,0,1,1,0,1,0,0,0,0,0,0.000168
6290,,22,0,1,1,0,1,1,9,0.21286,0.218905,0,0,0
6291,,36,0,1,1,0,1,1,10,0.190562,0.194838,0,0,0
6294,,7,0,1,1,0,1,1,8,0.262756,0.273466,0,0,0
6297,,123,0,1,1,0,1,1,1,1,1,0,0,0
6298,,123,1,0,1,1,0,1,0,0,0,0,0,0.000168
6300,,7,0,15,15,0,15,15,8,0.276343,0.289752,0,0.219048,0
6304,,36,0,3,3,0,3,3,8,0.262705,0.27417,0,0.666667,0
15956,,12,3,3,6,3,3,6,8,0.242478,0.251109,8.485202,0.35,0.003006
15988,,7,1,0,1,1,0,1,0,0,0,0,0,0.002624
16296,,12,1,2,3,1,2,3,8,0.242553,0.251184,0,1,0.002624
17233,,12,1,2,3,1,2,3,8,0.242472,0.251074,0,0.5,0.002624
17343,,7,1,5,6,1,5,6,8,0.266797,0.278736,38.02459,0.5,0.002624
17543,,7,1,0,1,1,0,1,0,0,0,0,0,0.002624
17544,,7,1,0,1,1,0,1,0,0,0,0,0,0.002624
17444,,7,1,1,2,1,1,2,8,0.242469,0.251047,0,0,0.002624
17296,,7,1,2,3,1,2,3,8,0.242506,0.251117,0,1,0.002624
17547,,12,2,4,6,2,4,6,8,0.263467,0.275251,27134.489176,0.25,0.002827
17548,,7,1,1,2,1,1,2,8,0.242469,0.251047,0,0,0.002624
17461,,12,1,3,4,1,3,4,8,0.242634,0.251349,0,0.666667,0.002624
17549,,7,1,1,2,1,1,2,8,0.242469,0.251047,0,0,0.002624
17550,,7,1,0,1,1,0,1,0,0,0,0,0,0.002624
17551,,7,1,1,2,1,1,2,8,0.242469,0.251047,0,0,0.002624
17552,,12,1,3,4,1,3,4,8,0.243029,0.251713,215.85401,0.333333,0.002624
17553,,12,1,4,5,1,4,5,8,0.244037,0.25321,499.529864,0.25,0.002624
16026,,7,2,2,4,2,2,4,8,0.242475,0.251083,193.754949,0.333333,0.00287
17555,,7,1,1,2,1,1,2,8,0.242469,0.251047,0,0,0.002624
17556,,12,2,3,5,2,3,5,8,0.242478,0.251109,2,0.833333,0.002964
17557,,245,1,2,3,1,2,3,8,0.242475,0.251083,25975,0,0.002624
17558,,12,1,4,5,1,4,5,8,0.264061,0.276082,239.673711,0.416667,0.002624
17559,,7,2,2,4,2,2,4,8,0.263452,0.27518,18826,0.333333,0.002792
16657,,12,2,5,7,2,5,7,8,0.264069,0.276117,1513.148994,0.266667,0.002792
17560,,7,1,1,2,1,1,2,8,0.242469,0.251047,0,0,0.002624
17561,,12,1,5,6,1,5,6,8,0.243026,0.252051,239.673711,0.4,0.002624
17067,,7,7,4,11,7,4,11,8,0.263599,0.275417,20077.392382,0.208333,0.004075
17563,,12,6,1,7,6,1,7,8,0.242469,0.251047,18826,0.266667,0.003724
18924,,7,1,1,2,1,1,2,8,0.242469,0.251047,0,0,0.002624
20217,,7,1,0,1,1,0,1,0,0,0,0,0,0.002624
19069,,7,1,1,2,1,1,2,8,0.242469,0.251047,0,0,0.002624
20900,,7,1,1,2,1,1,2,8,0.242469,0.251047,0,0,0.002624
21375,,7,1,2,3,1,2,3,8,0.242691,0.251378,28.754712,0.5,0.002624
19246,,12,2,2,4,2,2,4,8,0.242475,0.251083,0,1,0.002831
19280,,12,3,1,4,3,1,4,8,0.242469,0.251047,0,0.833333,0.003173
18934,,7,2,2,4,2,2,4,9,0.226677,0.23366,645.586324,0.333333,0.002792
19202,,12,27,9,36,27,9,36,8,0.263592,0.275516,94802.383045,0.070968,0.008825
17297,,12,1,3,4,1,3,4,8,0.242478,0.251109,0,0.5,0.002624
10018,,7,1,3,4,1,3,4,8,0.263308,0.274567,26030.272802,0.166667,0.002624
23568,,7,1,0,1,1,0,1,0,0,0,0,0,0.002624
18126,,7,1,4,5,1,4,5,8,0.248145,0.257275,0,0.416667,0.002624
18247,,7,2,2,4,2,2,4,9,0.227785,0.23529,281.251403,0.25,0.003241
24163,,12,3,0,3,3,0,3,0,0,0,0,0.666667,0.003023
24176,,7,1,1,2,1,1,2,8,0.242469,0.251047,0,0,0.002624
24332,,7,1,0,1,1,0,1,0,0,0,0,0,0.002624
24407,,7,2,1,3,2,1,3,8,0.242469,0.251047,0,0.5,0.003034
19248,,12,1,2,3,1,2,3,8,0.242475,0.251083,0,1,0.002624
19256,,7,1,2,3,1,2,3,8,0.263452,0.27518,0,1,0.002624
24980,,7,1,0,1,1,0,1,0,0,0,0,0,0.002624
19310,,7,1,1,2,1,1,2,8,0.242469,0.251047,0,0,0.002624
19247,,7,2,2,4,2,2,4,8,0.263452,0.27518,467.546359,0.333333,0.002882
25210,,7,4,3,7,4,3,7,8,0.242932,0.25177,191.878259,0.333333,0.003626
25417,,7,4,5,9,4,5,9,8,0.245931,0.255107,113.505805,0.428571,0.003909
21974,,7,2,1,3,2,1,3,8,0.242469,0.251047,0,0.5,0.002792
27700,,7,1,0,1,1,0,1,0,0,0,0,0,0.002624
28015,,7,2,1,3,2,1,3,8,0.242469,0.251047,0,1,0.002824
29011,,7,2,1,3,2,1,3,9,0.222495,0.229436,0,0.666667,0.002821
33686,,7,2,0,2,2,0,2,0,0,0,0,0.5,0.003448
34937,,7,3,2,5,3,2,5,8,0.242907,0.251133,634.458664,0.15,0.004044
6307,,7,0,1,1,0,1,1,1,1,1,0,0,0
13182,,81,1,1,2,1,1,2,9,0.210234,0.215614,0,0,0.000236
30848,,81,1,1,2,1,1,2,9,0.210234,0.215614,0,0,0.000236
6311,,7,2,8,10,2,8,10,8,0.247463,0.25692,938.528043,0.1,0.000847
9930,,7,1,0,1,1,0,1,0,0,0,0,0,0.000453
26920,,7,1,0,1,1,0,1,0,0,0,0,0,0.000453
33909,,41,1,1,2,1,1,2,9,0.210259,0.215706,0,0,0.000283
6315,,36,0,5,5,0,5,5,9,0.238078,0.247036,0,0.4,0
6318,,7,2,3,5,2,3,5,8,0.27126,0.28404,14420.548963,0.05,0.000402
20039,,16,2,2,4,2,2,4,2,0.75,0.833333,143.052921,0.083333,0.000407
20312,,16,2,1,3,2,1,3,1,1,1,278.592039,0.166667,0.000412
31555,,16,1,0,1,1,0,1,0,0,0,0,0,0.000234
6319,,1,0,5,5,0,5,5,9,0.229123,0.236978,0,1,0
6322,,16,0,1,1,0,1,1,8,0.244433,0.254493,0,0,0
14452,,7,1,0,1,1,0,1,0,0,0,0,0,0.000175
6327,,7,0,12,12,0,12,12,7,0.301813,0.317612,0,0.25,0
17074,,7,1,5,6,1,5,6,8,0.266656,0.278292,12.452685,0.233333,0.000168
6334,,7,2,8,10,2,8,10,8,0.245616,0.254471,96874.109139,0.142857,0.000418
14803,,7,2,0,2,2,0,2,0,0,0,0,1,0.000423
15790,,7,1,3,4,1,3,4,9,0.225089,0.232369,65.474336,0.333333,0.000245
26223,,7,1,0,1,1,0,1,0,0,0,0,0,0.000245
32923,,7,1,0,1,1,0,1,0,0,0,0,0,0.000245
16435,,7,1,1,2,1,1,2,9,0.197187,0.201607,0,0,0.000178
17239,,7,1,0,1,1,0,1,0,0,0,0,0,0.000178
12481,,7,1,1,2,1,1,2,9,0.208617,0.214053,0,1,0.000178
6337,,7,0,2,2,0,2,2,8,0.265386,0.2767,0,0.5,0
16548,,16,2,2,4,2,2,4,8,0.236951,0.24443,1280.017131,0.166667,0.000496
6339,,81,0,1,1,0,1,1,9,0.19166,0.19573,0,0,0
6342,,14,0,1,1,0,1,1,9,0.209727,0.215495,0,0,0
6345,,81,1,3,4,1,3,4,10,0.17331,0.176509,141.428254,0.333333,0.000219
7387,,81,1,0,1,1,0,1,0,0,0,0,0,0.000219
10568,,81,3,2,5,3,2,5,9,0.214965,0.220954,145254.00806,0.1,0.000698
10729,,81,14,4,18,14,4,18,10,0.177116,0.180723,177470.84324,0.141667,0.002833
10901,,81,6,7,13,6,7,13,10,0.17335,0.176747,108946.57635,0.113636,0.001209
24007,,81,1,1,2,1,1,2,12,0.132309,0.133876,249.911308,0,0.000219
24313,,81,2,4,6,2,4,6,11,0.150889,0.153296,12889.184224,0.2,0.000403
26162,,81,1,1,2,1,1,2,10,0.173278,0.176345,0,0,0.000219
24107,,81,3,3,6,3,3,6,10,0.177624,0.18123,31535.657052,0.1,0.000565
11262,,81,7,3,10,7,3,10,11,0.150514,0.152824,84.26809,0.392857,0.001455
6347,,36,2,2,4,2,2,4,8,0.251157,0.261506,2935.207986,0.333333,0.000353
6350,,7,0,1,1,0,1,1,8,0.224983,0.23254,0,0,0
18533,,65,1,0,1,1,0,1,0,0,0,0,0,0.000205
6357,,7,0,3,3,0,3,3,8,0.265289,0.276264,0,0,0
6359,,16,0,2,2,0,2,2,9,0.202439,0.20771,0,0,0
6361,,7,0,1,1,0,1,1,9,0.214751,0.220935,0,0,0
6364,,16,0,1,1,0,1,1,9,0.228869,0.236881,0,0,0
6365,,7,3,5,8,3,5,8,8,0.268119,0.280388,88331.670675,0.214286,0.000984
17604,,283,1,2,3,1,2,3,9,0.211438,0.217267,25975,0,0.000187
8111,,7,1,0,1,1,0,1,0,0,0,0,0,0.000206
6371,,16,0,1,1,0,1,1,9,0.219293,0.225533,0,0,0
6372,,65,0,3,3,0,3,3,8,0.237161,0.245029,0,0.333333,0
21541,,1,1,1,2,1,1,2,9,0.186985,0.191371,0,0,0.000313
7485,,7,1,4,5,1,4,5,9,0.232955,0.240864,32.576174,0.3,0.000331
32124,,81,1,0,1,1,0,1,0,0,0,0,0,0.000215
33027,,81,1,0,1,1,0,1,0,0,0,0,0,0.000215
8640,,7,4,12,16,4,12,16,8,0.272272,0.285324,50020.509131,0.10989,0.000843
6381,,7,0,1,1,0,1,1,9,0.20921,0.214873,0,0,0
13411,,1,2,1,3,2,1,3,8,0.242384,0.250657,18826,0.333333,0.000362
6383,,16,0,1,1,0,1,1,8,0.237376,0.246856,0,0,0
6384,,7,0,1,1,0,1,1,8,0.220725,0.227864,0,0,0
6385,,7,0,1,1,0,1,1,9,0.22971,0.237607,0,0,0
6386,,7,0,1,1,0,1,1,9,0.208314,0.213516,0,0,0
6388,,14,0,1,1,0,1,1,9,0.217701,0.22415,0,0,0
6390,,7,0,1,1,0,1,1,9,0.226264,0.233982,0,0,0
6391,,124,0,1,1,0,1,1,1,1,1,0,0,0
6392,,124,1,0,1,1,0,1,0,0,0,0,0,0.000168
6393,,16,0,1,1,0,1,1,8,0.232987,0.241273,0,0,0
6395,,14,0,1,1,0,1,1,12,0.133072,0.134495,0,0,0
6397,,16,0,1,1,0,1,1,9,0.195986,0.200205,0,0,0
6398,,7,0,2,2,0,2,2,9,0.214555,0.220525,0,0,0
6400,,125,0,1,1,0,1,1,2,0.666667,0.75,0,0,0
6401,,125,1,1,2,1,1,2,1,1,1,1,0,0.000168
9130,,125,1,0,1,1,0,1,0,0,0,0,0,0.000173
6403,,7,0,2,2,0,2,2,8,0.26276,0.273493,0,0.5,0
29422,,1,1,0,1,1,0,1,0,0,0,0,0,0.000231
15617,,16,1,0,1,1,0,1,0,0,0,0,0,0.000256
32586,,7,1,0,1,1,0,1,0,0,0,0,0,0.000401
6408,,32,0,3,3,0,3,3,8,0.23447,0.241553,0,0,0
6410,,41,0,1,1,0,1,1,1,1,1,0,0,0
6415,,41,0,2,2,0,2,2,8,0.239596,0.248951,0,0,0
6420,,32,0,2,2,0,2,2,8,0.233106,0.239975,0,1,0
6422,,7,0,1,1,0,1,1,9,0.200066,0.204368,0,0,0
6424,,16,1,1,2,1,1,2,9,0.226505,0.233974,64.782766,0,0.000197
6425,,16,0,1,1,0,1,1,9,0.218196,0.224517,0,0,0
22703,,7,1,3,4,1,3,4,8,0.250326,0.259541,26057.377394,0.25,0.000181
6427,,16,0,1,1,0,1,1,9,0.199559,0.204562,0,0,0
21864,,397,2,0,2,2,0,2,0,0,0,0,0,0.000395
27957,,7,1,0,1,1,0,1,0,0,0,0,0,0.000227
33903,,7,1,2,3,1,2,3,9,0.224357,0.231496,1.491782,0.333333,0.000227
22356,,7,3,6,9,3,6,9,8,0.243851,0.252037,2277.238637,0.214286,0.000607
8663,,32,1,0,1,1,0,1,0,0,0,0,0,0.000175
10425,,32,1,0,1,1,0,1,0,0,0,0,0,0.000175
6435,,16,0,1,1,0,1,1,8,0.251382,0.261452,0,0,0
6437,,16,0,1,1,0,1,1,9,0.221849,0.228601,0,0,0
6439,,2,0,2,2,0,2,2,8,0.235482,0.243008,0,0,0
6441,,7,0,1,1,0,1,1,8,0.240484,0.248319,0,0,0
18839,,688,2,0,2,2,0,2,0,0,0,0,0,0.000363
6443,,16,0,3,3,0,3,3,8,0.253661,0.264024,0,0.5,0
6445,,16,1,2,3,1,2,3,9,0.187068,0.191123,8592.063108,0,0.000237
6446,,7,0,6,6,0,6,6,8,0.251422,0.261051,0,0.233333,0
6447,,7,1,0,1,1,0,1,0,0,0,0,0,0.000168
13572,,65,1,0,1,1,0,1,0,0,0,0,0,0.000194
14396,,16,2,1,3,2,1,3,9,0.223927,0.230697,12.785653,0,0.000749
6452,,7,0,1,1,0,1,1,8,0.262756,0.273466,0,0,0
6453,,7,0,8,8,0,8,8,8,0.265808,0.277148,0,0.232143,0
6454,,7,1,0,1,1,0,1,0,0,0,0,0,0.000168
6456,,7,0,1,1,0,1,1,9,0.22971,0.237607,0,0,0
6458,,7,0,1,1,0,1,1,8,0.262756,0.273466,0,0,0
29500,,16,2,6,8,2,6,8,9,0.22452,0.232057,19976.07513,0.053571,0.000341
6471,,7,0,1,1,0,1,1,8,0.234991,0.243288,0,0,0
6473,,36,1,3,4,1,3,4,8,0.225318,0.232124,28.148413,0.333333,0.000336
14361,,36,3,1,4,3,1,4,9,0.21658,0.222872,38.014953,0.166667,0.000704
23199,,36,1,2,3,1,2,3,9,0.216585,0.222907,0,1,0.000336
34971,,36,1,1,2,1,1,2,9,0.21658,0.222872,0,0,0.000336
35134,,36,1,0,1,1,0,1,0,0,0,0,0,0.000336
6476,,7,0,1,1,0,1,1,9,0.218122,0.224516,0,0,0
23159,,41,1,1,2,1,1,2,9,0.21052,0.216382,0,0.5,0.000211
6478,,39,0,2,2,0,2,2,9,0.220966,0.228242,0,0,0
6479,,16,0,1,1,0,1,1,9,0.215775,0.22222,0,0,0
28614,,16,1,1,2,1,1,2,9,0.200847,0.205513,0,0,0.000242
6481,,16,0,1,1,0,1,1,9,0.221831,0.228371,0,0,0
6482,,53,0,1,1,0,1,1,1,1,1,0,0,0
6483,,53,2,0,2,2,0,2,0,0,0,0,0,0.000806
27284,,7,1,1,2,1,1,2,10,0.178302,0.181861,0,0.5,0.000403
6487,,7,1,3,4,1,3,4,9,0.236817,0.245118,25978.438834,0.083333,0.00042
6488,,67,0,1,1,0,1,1,10,0.178452,0.182062,0,0,0
6585,,67,2,3,5,2,3,5,10,0.178452,0.182116,70773,0,0.000503
12128,,67,1,0,1,1,0,1,0,0,0,0,0,0.000335
13316,,67,1,0,1,1,0,1,0,0,0,0,0,0.000335
14039,,67,1,1,2,1,1,2,1,1,1,93.645296,0,0.000335
16275,,67,2,0,2,2,0,2,0,0,0,0,0.5,0.000512
18743,,67,10,1,11,10,1,11,10,0.178445,0.182045,0,0.111111,0.001939
20533,,67,1,0,1,1,0,1,0,0,0,0,0,0.000335
20775,,67,10,0,10,10,0,10,0,0,0,0,0.111111,0.001939
20545,,67,10,1,11,10,1,11,8,0.262757,0.273467,284520.131406,0.090909,0.001939
15510,,67,10,2,12,10,2,12,8,0.261661,0.272841,229439.358821,0.090909,0.001939
6494,,16,0,2,2,0,2,2,8,0.262958,0.273773,0,0,0
25450,,16,1,0,1,1,0,1,0,0,0,0,0,0.00027
6497,,16,0,2,2,0,2,2,8,0.241921,0.25016,0,0,0
6498,,7,0,3,3,0,3,3,8,0.248436,0.257877,0,0.333333,0
8386,,7,1,1,2,1,1,2,8,0.233061,0.241286,73.244834,0,0.000177
6505,,16,0,2,2,0,2,2,9,0.225094,0.231743,0,0,0
9107,,16,1,0,1,1,0,1,0,0,0,0,0,0.000168
6506,,7,0,8,8,0,8,8,8,0.269323,0.281377,0,0.285714,0
6507,,53,0,1,1,0,1,1,9,0.191448,0.195588,0,0,0
6508,,7,0,1,1,0,1,1,9,0.23711,0.245258,0,0,0
6510,,7,0,1,1,0,1,1,9,0.23711,0.245258,0,0,0
6514,,7,0,1,1,0,1,1,8,0.233681,0.240561,0,0,0
6519,,32,1,0,1,1,0,1,0,0,0,0,0,0.000191
6520,,7,0,3,3,0,3,3,9,0.215,0.221339,0,0,0
34642,,7,1,0,1,1,0,1,0,0,0,0,0,0.000168
6521,,53,1,1,2,1,1,2,10,0.166721,0.169207,13.379168,0,0.000173
6522,,14,0,1,1,0,1,1,8,0.25615,0.266929,0,0,0
6524,,7,0,1,1,0,1,1,9,0.221359,0.227716,0,0,0
6525,,41,1,1,2,1,1,2,10,0.164779,0.167503,0,0,0.000178
6526,,41,2,5,7,2,5,7,9,0.197286,0.202062,80648.266963,0,0.000356
30017,,41,1,0,1,1,0,1,0,0,0,0,0,0.000178
6528,,1,2,1,3,2,1,3,1,1,1,25976,0,0.000434
17765,,1,3,2,5,3,2,5,10,0.183577,0.187702,18965.385235,0.083333,0.000629
27456,,1,1,0,1,1,0,1,0,0,0,0,0,0.000261
33895,,1,2,0,2,2,0,2,0,0,0,0,1,0.000445
34515,,1,1,0,1,1,0,1,0,0,0,0,0,0.000261
26643,,1,1,0,1,1,0,1,0,0,0,0,0,0.000179
6530,,7,0,1,1,0,1,1,9,0.222499,0.229441,0,0,0
11014,,67,2,3,5,2,3,5,8,0.272316,0.283891,44088.73527,0,0.00041
6532,,126,0,1,1,0,1,1,1,1,1,0,0,0
6533,,126,1,0,1,1,0,1,0,0,0,0,0,0.000168
6534,,127,0,1,1,0,1,1,9,0.20253,0.207165,0,0,0
6536,,1,1,8,9,1,8,9,8,0.268973,0.281107,18827,0.097222,0.000168
6776,,16,1,0,1,1,0,1,0,0,0,0,0,0.000189
6539,,7,0,1,1,0,1,1,9,0.206708,0.212248,0,0,0
6540,,7,0,1,1,0,1,1,9,0.227844,0.235164,0,0,0
6541,,7,0,1,1,0,1,1,8,0.244564,0.253553,0,0,0
6543,,16,0,1,1,0,1,1,9,0.224449,0.231468,0,0,0
6545,,1,5,2,7,5,2,7,10,0.17263,0.176015,75303,0.033333,0.000887
9410,,1,3,2,5,3,2,5,8,0.228501,0.236078,24476.449998,0.1,0.000642
15263,,1,1,0,1,1,0,1,0,0,0,0,0,0.000214
14639,,1,1,2,3,1,2,3,10,0.183529,0.187561,81.455719,0,0.000214
6550,,1,0,1,1,0,1,1,9,0.189959,0.194703,0,0,0
14311,,16,1,3,4,1,3,4,8,0.239501,0.247436,46.240062,0.333333,0.000199
8096,,7,1,0,1,1,0,1,0,0,0,0,0,0.000279
6553,,7,0,3,3,0,3,3,9,0.200077,0.204443,0,0,0
6555,,67,0,1,1,0,1,1,9,0.195862,0.200216,0,0,0
6556,,67,0,2,2,0,2,2,8,0.229195,0.236984,0,0,0
8228,,41,1,1,2,1,1,2,9,0.205612,0.210926,0,0.5,0.00018
9613,,41,1,0,1,1,0,1,0,0,0,0,0,0.00018
10180,,41,1,0,1,1,0,1,0,0,0,0,0,0.00018
6559,,7,0,4,4,0,4,4,8,0.273444,0.28527,0,0.166667,0
29590,,7,1,0,1,1,0,1,0,0,0,0,0,0.000455
6564,,7,0,1,1,0,1,1,8,0.255022,0.264509,0,0,0
6565,,16,0,2,2,0,2,2,8,0.246662,0.256187,0,1,0
6567,,16,0,1,1,0,1,1,9,0.211236,0.217155,0,0,0
6572,,16,0,1,1,0,1,1,9,0.206285,0.211808,0,0,0
6575,,7,0,1,1,0,1,1,9,0.223235,0.230055,0,0,0
35595,,16,1,0,1,1,0,1,0,0,0,0,0,0.00025
6580,,2,0,1,1,0,1,1,8,0.235818,0.243199,0,0,0
15869,,36,1,2,3,1,2,3,9,0.219527,0.226178,7.171118,0.333333,0.000266
6583,,53,3,1,4,3,1,4,9,0.184833,0.189027,18872.839325,0,0.000535
15702,,67,2,0,2,2,0,2,0,0,0,0,0,0.000348
20922,,67,1,0,1,1,0,1,0,0,0,0,0,0.00018
8030,,7,1,0,1,1,0,1,0,0,0,0,0,0.000196
35294,,7,1,0,1,1,0,1,0,0,0,0,0,0.000196
6589,,22,1,0,1,1,0,1,0,0,0,0,0,0.000185
6590,,7,1,2,3,1,2,3,8,0.238827,0.24678,644.513944,0,0.000201
19009,,69,1,2,3,1,2,3,9,0.188055,0.192281,26048.647758,0.166667,0.00041
11862,,69,2,4,6,2,4,6,10,0.185919,0.190035,44910.779448,0,0.000578
14325,,7,1,1,2,1,1,2,8,0.239919,0.247233,47.028954,0,0.00041
6593,,7,0,10,10,0,10,10,8,0.267688,0.27989,0,0.311111,0
6595,,7,0,1,1,0,1,1,8,0.261475,0.272568,0,0,0
6599,,7,1,8,9,1,8,9,8,0.25113,0.26113,2603.826311,0.180556,0.000168
13306,,16,1,1,2,1,1,2,9,0.224917,0.232148,0,1,0.00043
27628,,16,2,2,4,2,2,4,9,0.213708,0.21981,18.42162,0,0.000587
10256,,16,2,4,6,2,4,6,8,0.259698,0.271027,1779.691163,0.066667,0.000462
6606,,16,0,6,6,0,6,6,8,0.254743,0.264928,0,0.133333,0
17892,,7,2,2,4,2,2,4,8,0.251285,0.261595,6656.17889,0.083333,0.000358
13151,,16,1,1,2,1,1,2,9,0.217795,0.223794,0,0,0.000331
6610,,16,0,3,3,0,3,3,10,0.187731,0.191777,0,0.5,0
26075,,16,3,2,5,3,2,5,9,0.223414,0.230539,1521.45398,0,0.001231
26177,,16,3,2,5,3,2,5,9,0.235116,0.243302,37.711522,0.5,0.001384
26295,,16,3,5,8,3,5,8,8,0.237675,0.246312,144.997054,0.533333,0.001352
6616,,7,0,2,2,0,2,2,8,0.242307,0.25065,0,0,0
6617,,65,0,1,1,0,1,1,9,0.195014,0.200132,0,0,0
6619,,1,1,4,5,1,4,5,9,0.213364,0.219737,50.789261,0.4,0.000178
27429,,7,2,2,4,2,2,4,9,0.223943,0.231224,0,1,0.000793
6621,,16,0,1,1,0,1,1,9,0.231783,0.240091,0,0,0
6622,,41,0,4,4,0,4,4,9,0.236841,0.245901,0,0,0
31895,,36,3,2,5,3,2,5,9,0.21652,0.223075,352.530015,0.05,0.000531
6623,,16,0,1,1,0,1,1,8,0.251382,0.261452,0,0,0
30424,,16,1,1,2,1,1,2,8,0.261479,0.272571,1854.377407,0,0.00022
6627,,16,1,2,3,1,2,3,9,0.205884,0.211569,32.92717,0,0.000178
6628,,16,2,9,11,2,9,11,8,0.239843,0.248289,48444.130849,0.033333,0.000347
9442,,7,1,0,1,1,0,1,0,0,0,0,0,0.000435
9181,,7,1,0,1,1,0,1,0,0,0,0,0,0.00021
6633,,41,0,1,1,0,1,1,8,0.231378,0.23929,0,0,0
6887,,16,1,0,1,1,0,1,0,0,0,0,0,0.000368
6636,,16,0,1,1,0,1,1,8,0.246114,0.255055,0,0,0
6638,,7,0,2,2,0,2,2,8,0.231651,0.238489,0,1,0
6640,,7,0,2,2,0,2,2,7,0.293603,0.308046,0,0.5,0
6641,,7,0,1,1,0,1,1,8,0.230435,0.237929,0,0,0
6642,,7,0,1,1,0,1,1,9,0.246124,0.25571,0,0,0
6644,,36,0,9,9,0,9,9,8,0.27062,0.283102,0,0.333333,0
6645,,41,0,1,1,0,1,1,1,1,1,0,0,0
6647,,12,0,3,3,0,3,3,9,0.216052,0.222847,0,0.333333,0
6648,,69,1,1,2,1,1,2,9,0.220966,0.227679,18827,0,0.000168
6649,,16,0,1,1,0,1,1,9,0.215775,0.22222,0,0,0
6650,,16,0,1,1,0,1,1,9,0.217239,0.223768,0,0,0
6652,,41,0,1,1,0,1,1,9,0.214084,0.219917,0,0,0
6653,,41,0,2,2,0,2,2,8,0.257554,0.268727,0,0,0
6654,,41,1,0,1,1,0,1,0,0,0,0,0,0.000168
6655,,16,0,1,1,0,1,1,8,0.230667,0.237711,0,0,0
6656,,7,0,2,2,0,2,2,8,0.248499,0.258152,0,0.5,0
6657,,7,3,14,17,3,14,17,8,0.279173,0.292329,137215.140636,0.05,0.000516
16550,,7,1,0,1,1,0,1,0,0,0,0,0,0.000182
25763,,7,1,0,1,1,0,1,0,0,0,0,0,0.000182
32392,,7,1,0,1,1,0,1,0,0,0,0,0,0.000182
33607,,7,1,0,1,1,0,1,0,0,0,0,0,0.000182
35023,,7,1,2,3,1,2,3,9,0.235743,0.243937,22.540036,0,0.000182
6659,,7,0,2,2,0,2,2,8,0.260924,0.271095,0,0.5,0
16185,,7,1,0,1,1,0,1,0,0,0,0,0,0.000368
20162,,7,1,0,1,1,0,1,0,0,0,0,0,0.000368
6663,,16,0,1,1,0,1,1,9,0.213579,0.219742,0,0,0
6668,,7,0,1,1,0,1,1,9,0.217741,0.224266,0,0,0
6674,,7,0,1,1,0,1,1,8,0.244933,0.25344,0,0,0
6675,,16,0,1,1,0,1,1,9,0.219903,0.226625,0,0,0
6676,,16,0,1,1,0,1,1,9,0.219883,0.226442,0,0,0
6677,,16,0,2,2,0,2,2,8,0.249298,0.25855,0,0,0
6679,,7,0,1,1,0,1,1,1,1,1,0,0,0
6680,,7,0,3,3,0,3,3,8,0.254546,0.264674,0,0,0
6681,,36,0,3,3,0,3,3,8,0.234932,0.242368,0,0.333333,0
6684,,12,0,3,3,0,3,3,8,0.262156,0.273475,0,0,0
6686,,7,0,1,1,0,1,1,8,0.239365,0.2474,0,0,0
21600,,1,1,1,2,1,1,2,1,1,1,0,0.5,0.000216
6691,,7,0,1,1,0,1,1,8,0.231851,0.238751,0,0,0
6693,,7,0,18,18,0,18,18,8,0.279764,0.294209,0,0.183007,0
6695,,22,0,2,2,0,2,2,9,0.212867,0.218949,0,0.5,0
6697,,65,0,2,2,0,2,2,1,1,1,0,0,0
6698,,65,2,0,2,2,0,2,0,0,0,0,0,0.000537
10109,,65,1,0,1,1,0,1,0,0,0,0,0,0.000168
6700,,7,0,1,1,0,1,1,8,0.230757,0.238159,0,0,0
6702,,7,0,1,1,0,1,1,9,0.213347,0.219369,0,0,0
6703,,14,0,1,1,0,1,1,8,0.247395,0.256736,0,0,0
6707,,7,0,4,4,0,4,4,8,0.269488,0.281258,0,0.333333,0
6708,,67,0,2,2,0,2,2,9,0.201203,0.206014,0,0.5,0
6712,,7,0,1,1,0,1,1,9,0.210952,0.216698,0,0,0
6715,,12,0,3,3,0,3,3,8,0.262437,0.273862,0,0.333333,0
6717,,7,0,1,1,0,1,1,8,0.261475,0.272568,0,0,0
6720,,36,2,0,2,2,0,2,0,0,0,0,1,0.000459
12323,,36,12,15,27,12,15,27,9,0.195159,0.199957,608175.5,0.040936,0.002168
12102,,36,4,0,4,4,0,4,0,0,0,0,0,0.000859
21876,,7,1,0,1,1,0,1,0,0,0,0,0,0.000298
26909,,7,1,0,1,1,0,1,0,0,0,0,0,0.000298
25317,,16,1,2,3,1,2,3,9,0.230674,0.239181,131.682549,0.166667,0.000298
6723,,69,0,1,1,0,1,1,10,0.180985,0.184622,0,0,0
6727,,7,0,4,4,0,4,4,9,0.229584,0.237355,0,0.333333,0
6734,,81,0,1,1,0,1,1,9,0.197236,0.20195,0,0,0
9562,,53,1,2,3,1,2,3,8,0.236487,0.244767,435.270745,0,0.000217
24311,,1,1,5,6,1,5,6,8,0.253908,0.264387,889.593368,0.1,0.000217
8385,,41,2,0,2,2,0,2,0,0,0,0,0,0.000877
16810,,7,1,4,5,1,4,5,8,0.27332,0.285178,5.22201,0.35,0.000493
16431,,7,3,1,4,3,1,4,8,0.240388,0.247695,11.049221,0.25,0.000975
21578,,7,4,13,17,4,13,17,8,0.28469,0.29938,27110.004433,0.241667,0.001027
25918,,7,2,2,4,2,2,4,9,0.226002,0.233072,233740.923047,0,0.003852
6742,,16,1,0,1,1,0,1,0,0,0,0,0,0.000194
6743,,7,0,1,1,0,1,1,9,0.200066,0.204368,0,0,0
6750,,7,1,2,3,1,2,3,9,0.221229,0.228018,1,0.166667,0.000168
6751,,7,0,1,1,0,1,1,9,0.231745,0.239907,0,0,0
6756,,67,0,1,1,0,1,1,9,0.226957,0.234476,0,0,0
6758,,7,2,1,3,2,1,3,9,0.232871,0.240708,14.745292,0.166667,0.000365
6759,,32,0,1,1,0,1,1,9,0.194701,0.198851,0,0,0
6760,,14,0,1,1,0,1,1,8,0.247395,0.256736,0,0,0
6762,,16,0,1,1,0,1,1,9,0.229181,0.2372,0,0,0
6763,,36,0,4,4,0,4,4,8,0.264116,0.275969,0,0.75,0
7414,,7,1,1,2,1,1,2,10,0.186072,0.19009,0,0,0.000189
22804,,7,1,0,1,1,0,1,0,0,0,0,0,0.000189
6766,,7,0,1,1,0,1,1,8,0.229128,0.236488,0,0,0
6767,,41,0,2,2,0,2,2,8,0.246272,0.255285,0,1,0
6768,,7,0,1,1,0,1,1,8,0.248761,0.257751,0,0,0
6769,,14,0,1,1,0,1,1,8,0.247395,0.256736,0,0,0
27794,,41,1,0,1,1,0,1,0,0,0,0,0,0.00019
6771,,53,0,3,3,0,3,3,8,0.235833,0.244172,0,0,0
6774,,7,0,1,1,0,1,1,9,0.203725,0.20865,0,0,0
6778,,7,0,1,1,0,1,1,9,0.226164,0.233246,0,0,0
6780,,7,0,1,1,0,1,1,8,0.235978,0.24347,0,0,0
6782,,12,0,2,2,0,2,2,9,0.230046,0.237328,0,0,0
8863,,7,3,7,10,3,7,10,8,0.245828,0.255202,37795.921147,0.069444,0.000572
6784,,32,2,3,5,2,3,5,9,0.2406,0.24931,58377.026208,0.25,0.000487
16836,,32,3,1,4,3,1,4,9,0.209013,0.214696,20817.686917,0.083333,0.00052
6785,,7,0,1,1,0,1,1,9,0.199945,0.204782,0,0,0
6788,,25,1,0,1,1,0,1,0,0,0,0,0,0.00018
6845,,25,1,0,1,1,0,1,0,0,0,0,0,0.00018
7043,,25,1,0,1,1,0,1,0,0,0,0,0,0.00018
7298,,25,1,0,1,1,0,1,0,0,0,0,0,0.00018
6789,,2,0,1,1,0,1,1,1,1,1,0,0,0
6790,,7,1,2,3,1,2,3,9,0.234783,0.242756,355.129543,0,0.000168
16905,,16,1,0,1,1,0,1,0,0,0,0,0,0.000232
6794,,7,0,1,1,0,1,1,9,0.193032,0.196903,0,0,0
6795,,128,0,1,1,0,1,1,1,1,1,0,0,0
6796,,128,1,0,1,1,0,1,0,0,0,0,0,0.000168
8482,,1,3,0,3,3,0,3,0,0,0,0,0,0.000642
10912,,41,1,0,1,1,0,1,0,0,0,0,0,0.000297
14294,,41,1,1,2,1,1,2,8,0.251453,0.260348,1281.842074,0,0.000297
16383,,41,1,0,1,1,0,1,0,0,0,0,0,0.000297
19338,,41,1,0,1,1,0,1,0,0,0,0,0,0.000297
20433,,41,3,1,4,3,1,4,1,1,1,25977,0,0.000638
20940,,41,3,0,3,3,0,3,0,0,0,0,0.166667,0.000787
21299,,41,3,1,4,3,1,4,9,0.194975,0.199494,9062.950729,0.166667,0.000648
34392,,41,2,0,2,2,0,2,0,0,0,0,0,0.000473
35183,,67,2,0,2,2,0,2,0,0,0,0,0,0.000483
25073,,36,2,0,2,2,0,2,0,0,0,0,0,0.00037
26750,,36,1,0,1,1,0,1,0,0,0,0,0,0.000202
6800,,67,0,1,1,0,1,1,9,0.216107,0.222464,0,0,0
6801,,7,0,1,1,0,1,1,9,0.234953,0.24388,0,0,0
24258,,7,2,0,2,2,0,2,0,0,0,0,0,0.000515
6804,,7,0,1,1,0,1,1,8,0.24587,0.25403,0,0,0
6805,,7,0,1,1,0,1,1,8,0.261475,0.272568,0,0,0
22029,,41,2,1,3,2,1,3,9,0.214441,0.220553,104.019601,0.333333,0.000464
6810,,16,0,2,2,0,2,2,8,0.264253,0.275173,0,0.5,0
6814,,41,1,14,15,1,14,15,8,0.272839,0.286098,18827,0.1,0.000168
6815,,7,0,2,2,0,2,2,8,0.263311,0.274129,0,1,0
6816,,41,1,3,4,1,3,4,8,0.23437,0.242798,4189.825125,0.166667,0.000183
10966,,7,1,1,2,1,1,2,9,0.218528,0.22492,0,0,0.000264
20175,,7,1,0,1,1,0,1,0,0,0,0,0,0.000264
27019,,7,1,0,1,1,0,1,0,0,0,0,0,0.000264
6820,,7,0,2,2,0,2,2,9,0.198889,0.203547,0,0,0
16237,,16,1,0,1,1,0,1,0,0,0,0,0,0.000224
30106,,16,1,1,2,1,1,2,8,0.230663,0.237706,0,1,0.000224
6823,,67,0,1,1,0,1,1,9,0.196072,0.200677,0,0,0
6824,,7,0,1,1,0,1,1,8,0.244564,0.253553,0,0,0
6825,,7,0,1,1,0,1,1,8,0.256747,0.266706,0,0,0
6827,,7,0,1,1,0,1,1,8,0.250206,0.259013,0,0,0
6828,,41,0,1,1,0,1,1,9,0.195066,0.199384,0,0,0
8417,,41,1,3,4,1,3,4,8,0.237846,0.24631,0,0.833333,0.000217
6832,,16,0,1,1,0,1,1,8,0.232249,0.239663,0,0,0
6833,,7,0,1,1,0,1,1,9,0.226946,0.234172,0,0,0
6834,,53,0,2,2,0,2,2,9,0.212126,0.217841,0,0,0
9241,,7,1,4,5,1,4,5,8,0.249685,0.259031,56.527736,0.1,0.000195
15131,,7,1,2,3,1,2,3,9,0.222432,0.229236,16.786769,0.166667,0.000195
18692,,67,1,0,1,1,0,1,0,0,0,0,0,0.000175
34956,,67,1,0,1,1,0,1,0,0,0,0,0,0.000175
8325,,36,2,1,3,2,1,3,1,1,1,24.000456,0,0.000453
19951,,36,1,1,2,1,1,2,9,0.216192,0.222521,0,0,0.00028
24879,,16,3,2,5,3,2,5,8,0.240014,0.247958,20223.918183,0,0.000649
32281,,36,1,0,1,1,0,1,0,0,0,0,0,0.00028
22802,,36,1,2,3,1,2,3,8,0.235019,0.242463,0,1,0.00028
6838,,25,0,1,1,0,1,1,9,0.191866,0.196064,0,0,0
6839,,14,0,1,1,0,1,1,8,0.25615,0.266929,0,0,0
10674,,7,1,0,1,1,0,1,0,0,0,0,0,0.000445
6842,,16,0,2,2,0,2,2,9,0.251053,0.26149,0,0.5,0
6843,,16,0,1,1,0,1,1,8,0.240389,0.248209,0,0,0
6847,,7,0,1,1,0,1,1,1,1,1,0,0,0
6850,,7,0,1,1,0,1,1,1,1,1,0,0,0
6851,,14,0,2,2,0,2,2,8,0.260095,0.27172,0,1,0
6855,,41,0,5,5,0,5,5,8,0.273708,0.286671,0,0.3,0
6856,,7,0,1,1,0,1,1,1,1,1,0,0,0
6857,,16,0,1,1,0,1,1,8,0.240389,0.248209,0,0,0
6859,,7,0,1,1,0,1,1,9,0.231387,0.239068,0,0,0
6861,,7,0,1,1,0,1,1,9,0.224741,0.232186,0,0,0
6862,,67,0,30,30,0,30,30,8,0.270498,0.283672,0,0.106897,0
27143,,67,1,0,1,1,0,1,0,0,0,0,0,0.000168
25500,,67,4,2,6,4,2,6,2,0.75,0.833333,25990.842922,0,0.000734
31274,,67,1,0,1,1,0,1,0,0,0,0,0,0.000168
31275,,67,1,0,1,1,0,1,0,0,0,0,0,0.000168
35568,,67,1,0,1,1,0,1,0,0,0,0,0,0.000168
6866,,14,0,1,1,0,1,1,9,0.214423,0.220695,0,0,0
12682,,16,1,0,1,1,0,1,0,0,0,0,0,0.000204
30344,,16,1,0,1,1,0,1,0,0,0,0,0,0.000204
35459,,16,1,1,2,1,1,2,10,0.183337,0.187356,0,0,0.000204
10695,,7,2,2,4,2,2,4,9,0.22243,0.229668,18825.5,0.5,0.000401
6873,,36,0,4,4,0,4,4,8,0.2289,0.236141,0,0.25,0
6876,,16,0,1,1,0,1,1,2,0.666667,0.75,0,0,0
6877,,1,0,3,3,0,3,3,8,0.229195,0.237049,0,0.5,0
6878,,7,0,1,1,0,1,1,9,0.207609,0.212853,0,0,0
6880,,1,0,1,1,0,1,1,8,0.230853,0.23867,0,0,0
6881,,41,0,3,3,0,3,3,8,0.223165,0.230111,0,0,0
9802,,41,1,1,2,1,1,2,9,0.221424,0.228568,369.144902,0,0.000168
6883,,36,0,2,2,0,2,2,8,0.236348,0.244349,0,0,0
6884,,16,0,1,1,0,1,1,9,0.203544,0.209057,0,0,0
6886,,7,0,1,1,0,1,1,9,0.226164,0.233246,0,0,0
6891,,16,0,2,2,0,2,2,9,0.204897,0.209737,0,0,0
6892,,53,0,1,1,0,1,1,9,0.206357,0.211863,0,0,0
6893,,7,0,1,1,0,1,1,9,0.218723,0.225117,0,0,0
6894,,41,0,1,1,0,1,1,9,0.195066,0.199384,0,0,0
15986,,1,4,0,4,4,0,4,0,0,0,0,0.083333,0.000844
6899,,2,1,1,2,1,1,2,1,1,1,0,0.5,0.000168
16221,,67,3,2,5,3,2,5,2,0.75,0.833333,26007.830941,0.083333,0.000538
6902,,7,0,3,3,0,3,3,9,0.226164,0.233022,0,0.333333,0
6903,,65,0,1,1,0,1,1,9,0.195014,0.200132,0,0,0
6906,,7,0,2,2,0,2,2,9,0.193875,0.197944,0,0,0
6908,,36,0,1,1,0,1,1,9,0.214812,0.220782,0,0,0
6909,,65,0,1,1,0,1,1,8,0.235576,0.242737,0,0,0
6910,,129,0,1,1,0,1,1,1,1,1,0,0,0
6911,,129,1,0,1,1,0,1,0,0,0,0,0,0.000168
6912,,16,0,2,2,0,2,2,9,0.224473,0.231915,0,1,0
20663,,16,1,0,1,1,0,1,0,0,0,0,0,0.000218
6922,,53,0,1,1,0,1,1,9,0.212691,0.218392,0,0,0
6928,,36,0,3,3,0,3,3,9,0.22181,0.228941,0,0,0
6930,,7,0,4,4,0,4,4,8,0.253938,0.264521,0,0.083333,0
6933,,41,0,2,2,0,2,2,8,0.225244,0.232042,0,1,0
6934,,1,0,3,3,0,3,3,8,0.237011,0.246316,0,0,0
6936,,14,0,1,1,0,1,1,8,0.25615,0.266929,0,0,0
6937,,14,0,1,1,0,1,1,8,0.25615,0.266929,0,0,0
17281,,7,2,0,2,2,0,2,0,0,0,0,1,0.000735
7613,,7,1,3,4,1,3,4,9,0.228213,0.235447,1854.492375,0,0.000809
6943,,67,1,1,2,1,1,2,8,0.240354,0.248397,18840.351588,0,0.000244
6948,,7,0,3,3,0,3,3,9,0.228359,0.23561,0,0,0
15146,,7,2,6,8,2,6,8,8,0.238349,0.245904,26160.019631,0,0.000379
8209,,7,1,10,11,1,10,11,8,0.256993,0.267504,26488.841562,0.118182,0.00021
6952,,16,1,2,3,1,2,3,9,0.229967,0.237214,179.010665,0,0.001255
6954,,16,0,1,1,0,1,1,8,0.227253,0.234761,0,0,0
6955,,7,0,1,1,0,1,1,9,0.200066,0.204368,0,0,0
6957,,7,0,1,1,0,1,1,8,0.232,0.238882,0,0,0
6958,,1,0,1,1,0,1,1,1,1,1,0,0,0
6959,,7,0,2,2,0,2,2,8,0.256247,0.266221,0,0,0
6960,,7,0,2,2,0,2,2,8,0.26567,0.277025,0,1,0
6961,,1,0,1,1,0,1,1,1,1,1,0,0,0
6963,,7,0,1,1,0,1,1,9,0.222815,0.230116,0,0,0
6964,,65,0,1,1,0,1,1,9,0.193993,0.198155,0,0,0
6966,,7,0,2,2,0,2,2,8,0.263828,0.274284,0,0,0
6967,,41,0,1,1,0,1,1,9,0.200659,0.205454,0,0,0
6968,,41,0,3,3,0,3,3,8,0.254302,0.264013,0,0,0
6969,,7,0,1,1,0,1,1,9,0.225592,0.232933,0,0,0
6970,,131,0,1,1,0,1,1,1,1,1,0,0,0
6971,,131,1,0,1,1,0,1,0,0,0,0,0,0.000168
6972,,2,1,2,3,1,2,3,8,0.224038,0.23104,354.821452,0.166667,0.000168
19161,,41,1,0,1,1,0,1,0,0,0,0,0,0.000205
7941,,7,1,0,1,1,0,1,0,0,0,0,0,0.000232
6975,,36,1,1,2,1,1,2,8,0.22375,0.230857,18827,0,0.000168
6976,,1,0,3,3,0,3,3,8,0.23791,0.246365,0,0,0
9734,,65,1,0,1,1,0,1,0,0,0,0,0,0.000178
9841,,65,1,0,1,1,0,1,0,0,0,0,0,0.000178
14539,,7,1,2,3,1,2,3,8,0.231562,0.239388,285.915441,0,0.00029
23293,,7,1,1,2,1,1,2,9,0.202777,0.207807,0,0,0.00029
6979,,7,0,3,3,0,3,3,9,0.217716,0.224299,0,0.166667,0
21666,,69,1,0,1,1,0,1,0,0,0,0,0,0.000298
6984,,7,0,1,1,0,1,1,9,0.225524,0.232475,0,0,0
6987,,65,0,1,1,0,1,1,8,0.236841,0.24458,0,0,0
6988,,36,0,1,1,0,1,1,9,0.211577,0.217419,0,0,0
6990,,14,0,1,1,0,1,1,9,0.20395,0.209263,0,0,0
6995,,7,0,1,1,0,1,1,9,0.222499,0.229441,0,0,0
6997,,1,5,1,6,5,1,6,8,0.228938,0.236649,94129,0,0.000852
6998,,16,0,1,1,0,1,1,9,0.230024,0.237286,0,0,0
6999,,7,2,7,9,2,7,9,8,0.276285,0.288628,37655,0.222222,0.000336
11859,,7,1,3,4,1,3,4,8,0.276778,0.289129,413.119642,0.5,0.000177
7000,,16,0,1,1,0,1,1,8,0.239859,0.247713,0,0,0
7001,,16,1,6,7,1,6,7,8,0.253555,0.26421,18829,0.142857,0.000168
7002,,16,1,1,2,1,1,2,8,0.251382,0.261452,0,0.5,0.000173
7777,,16,1,1,2,1,1,2,8,0.251382,0.261452,0,0.5,0.000173
10398,,7,1,2,3,1,2,3,9,0.215947,0.221677,0.166667,0.333333,0.000222
7004,,7,0,2,2,0,2,2,8,0.265009,0.275902,0,0.5,0
32489,,7,1,0,1,1,0,1,0,0,0,0,0,0.000225
7014,,81,0,1,1,0,1,1,9,0.224787,0.232402,0,0,0
13535,,41,1,0,1,1,0,1,0,0,0,0,0,0.000226
7018,,7,0,2,2,0,2,2,8,0.235632,0.243997,0,1,0
10045,,16,1,0,1,1,0,1,0,0,0,0,0,0.000177
7029,,7,1,0,1,1,0,1,0,0,0,0,0,0.00024
7030,,36,0,3,3,0,3,3,9,0.250839,0.261314,0,0,0
7031,,32,0,1,1,0,1,1,8,0.234493,0.242444,0,0,0
7705,,22,1,2,3,1,2,3,9,0.212863,0.218938,2550.905741,0.333333,0.000208
7033,,2,0,1,1,0,1,1,9,0.186281,0.190308,0,0,0
12798,,1,1,1,2,1,1,2,8,0.228938,0.236649,0,0.5,0.000192
12022,,7,1,1,2,1,1,2,9,0.222814,0.230115,90.397168,0,0.000302
22934,,7,1,1,2,1,1,2,9,0.200164,0.204719,28.514542,0.5,0.000302
24674,,7,1,0,1,1,0,1,0,0,0,0,0,0.000302
29866,,7,1,2,3,1,2,3,9,0.204171,0.209451,15.366404,0,0.000302
9882,,7,1,1,2,1,1,2,9,0.239959,0.248528,0,1,0.000316
9902,,7,1,0,1,1,0,1,0,0,0,0,0,0.000316
7039,,7,0,3,3,0,3,3,8,0.26445,0.275578,0,0.666667,0
7041,,7,0,2,2,0,2,2,9,0.189597,0.193696,0,0,0
7042,,16,0,1,1,0,1,1,8,0.251382,0.261452,0,0,0
11042,,16,1,0,1,1,0,1,0,0,0,0,0,0.000283
7669,,1,1,0,1,1,0,1,0,0,0,0,0,0.000196
11793,,1,1,0,1,1,0,1,0,0,0,0,0,0.000196
15262,,1,2,0,2,2,0,2,0,0,0,0,0,0.000373
16440,,1,2,0,2,2,0,2,0,0,0,0,0,0.000364
16546,,1,1,0,1,1,0,1,0,0,0,0,0,0.000196
19898,,1,1,0,1,1,0,1,0,0,0,0,0,0.000196
24700,,1,1,0,1,1,0,1,0,0,0,0,0,0.000196
34570,,1,1,3,4,1,3,4,8,0.234157,0.242688,262.111253,0.416667,0.000196
7050,,36,0,2,2,0,2,2,9,0.211636,0.217664,0,0,0
7276,,36,1,0,1,1,0,1,0,0,0,0,0,0.000168
7054,,7,0,3,3,0,3,3,9,0.216497,0.222306,0,0.166667,0
16971,,7,1,0,1,1,0,1,0,0,0,0,0,0.000168
22754,,67,1,2,3,1,2,3,8,0.240354,0.248419,0.5,0.5,0.000177
22593,,7,1,2,3,1,2,3,8,0.254784,0.264508,207.482888,0.5,0.000289
27685,,41,1,0,1,1,0,1,0,0,0,0,0,0.000174
24276,,7,2,0,2,2,0,2,0,0,0,0,0,0.000687
29909,,7,2,0,2,2,0,2,0,0,0,0,0,0.001608
7065,,7,0,1,1,0,1,1,9,0.210597,0.215958,0,0,0
7066,,41,0,3,3,0,3,3,8,0.272895,0.284706,0,0.5,0
7069,,7,0,1,1,0,1,1,9,0.193032,0.196903,0,0,0
7072,,7,0,1,1,0,1,1,10,0.179803,0.183122,0,0,0
7073,,36,0,1,1,0,1,1,9,0.186678,0.190458,0,0,0
7074,,7,0,1,1,0,1,1,1,1,1,0,0,0
7075,,132,0,2,2,0,2,2,9,0.227405,0.235332,0,0,0
7076,,132,1,0,1,1,0,1,0,0,0,0,0,0.000168
7081,,7,1,0,1,1,0,1,0,0,0,0,0,0.000178
7083,,7,0,3,3,0,3,3,9,0.231151,0.238734,0,0,0
7084,,81,0,2,2,0,2,2,9,0.224797,0.232451,0,1,0
7085,,7,0,1,1,0,1,1,10,0.178333,0.181768,0,0,0
7086,,7,0,1,1,0,1,1,8,0.261475,0.272568,0,0,0
7088,,22,0,1,1,0,1,1,10,0.175505,0.178831,0,0,0
7089,,36,0,1,1,0,1,1,8,0.22375,0.230857,0,0,0
7090,,65,0,1,1,0,1,1,8,0.236841,0.24458,0,0,0
7091,,7,0,2,2,0,2,2,8,0.228212,0.23624,0,0.5,0
7092,,14,0,1,1,0,1,1,8,0.25615,0.266929,0,0,0
18154,,7,1,1,2,1,1,2,8,0.251661,0.260841,0,1,0.000196
7101,,41,0,2,2,0,2,2,8,0.237499,0.2459,0,1,0
7103,,16,0,1,1,0,1,1,9,0.217729,0.224141,0,0,0
7104,,7,0,1,1,0,1,1,8,0.262756,0.273466,0,0,0
7106,,7,0,2,2,0,2,2,9,0.220189,0.226761,0,0.5,0
7108,,7,0,3,3,0,3,3,8,0.243712,0.252167,0,0,0
7112,,12,1,2,3,1,2,3,9,0.224777,0.232019,34.424702,0.333333,0.000188
7113,,25,0,4,4,0,4,4,8,0.249041,0.258044,0,0,0
15710,,25,1,2,3,1,2,3,9,0.218158,0.224971,39.869034,0,0.000168
23235,,16,1,1,2,1,1,2,9,0.210936,0.216692,0,0,0.00021
21834,,16,2,3,5,2,3,5,8,0.227615,0.235305,0,0.833333,0.000393
16798,,16,3,3,6,3,3,6,8,0.227615,0.235305,18826,0.416667,0.000556
7116,,7,0,2,2,0,2,2,9,0.207291,0.212685,0,0,0
7117,,16,0,1,1,0,1,1,9,0.214113,0.220172,0,0,0
7119,,1,0,1,1,0,1,1,8,0.228936,0.236648,0,0,0
7120,,7,1,1,2,1,1,2,1,1,1,18.963468,0,0.000358
7125,,67,0,7,7,0,7,7,8,0.227426,0.234111,0,0,0
18587,,67,1,0,1,1,0,1,0,0,0,0,0,0.000168
18588,,67,1,0,1,1,0,1,0,0,0,0,0,0.000168
18589,,67,1,0,1,1,0,1,0,0,0,0,0,0.000168
15833,,12,1,5,6,1,5,6,8,0.248968,0.257772,226.344709,0.233333,0.000257
30234,,16,1,0,1,1,0,1,0,0,0,0,0,0.000257
7128,,7,0,1,1,0,1,1,9,0.226164,0.233246,0,0,0
7129,,7,0,1,1,0,1,1,8,0.261475,0.272568,0,0,0
7131,,16,0,1,1,0,1,1,9,0.224454,0.231835,0,0,0
21277,,53,1,0,1,1,0,1,0,0,0,0,0,0.000235
23687,,53,1,0,1,1,0,1,0,0,0,0,0,0.000235
7134,,16,1,4,5,1,4,5,8,0.249917,0.259155,53033.160412,0.25,0.000189
7137,,53,0,1,1,0,1,1,9,0.212691,0.218392,0,0,0
24835,,7,1,0,1,1,0,1,0,0,0,0,0,0.000245
24023,,426,2,1,3,2,1,3,1,1,1,25977,0,0.000413
7139,,16,0,1,1,0,1,1,9,0.218624,0.225127,0,0,0
7140,,16,0,1,1,0,1,1,9,0.225449,0.232754,0,0,0
7143,,7,0,1,1,0,1,1,9,0.213284,0.219286,0,0,0
7145,,7,0,1,1,0,1,1,9,0.224765,0.231975,0,0,0
7146,,65,0,1,1,0,1,1,9,0.213606,0.219549,0,0,0
7147,,7,0,1,1,0,1,1,8,0.263278,0.27399,0,0,0
7148,,14,0,1,1,0,1,1,8,0.25615,0.266929,0,0,0
7150,,16,2,7,9,2,7,9,8,0.251278,0.26131,38510.030205,0,0.00043
7152,,14,0,1,1,0,1,1,8,0.25615,0.266929,0,0,0
7153,,14,0,1,1,0,1,1,8,0.25615,0.266929,0,0,0
7156,,7,0,1,1,0,1,1,8,0.261475,0.272568,0,0,0
7157,,36,0,3,3,0,3,3,9,0.217545,0.224049,0,1,0
7159,,7,0,1,1,0,1,1,9,0.189796,0.194288,0,0,0
7164,,2,1,0,1,1,0,1,0,0,0,0,0,0.000194
16497,,2,1,0,1,1,0,1,0,0,0,0,0,0.000194
7165,,16,0,1,1,0,1,1,9,0.224977,0.23191,0,0,0
7167,,16,0,1,1,0,1,1,8,0.227253,0.234761,0,0,0
7169,,7,0,1,1,0,1,1,9,0.232685,0.240463,0,0,0
7170,,16,0,9,9,0,9,9,8,0.272946,0.285656,0,0.208333,0
7171,,7,0,8,8,0,8,8,8,0.269146,0.281511,0,0.535714,0
7172,,65,0,1,1,0,1,1,8,0.236841,0.24458,0,0,0
7174,,16,0,1,1,0,1,1,8,0.236535,0.24595,0,0,0
12333,,69,1,1,2,1,1,2,9,0.218455,0.224515,0,0,0.000319
22832,,69,1,0,1,1,0,1,0,0,0,0,0,0.000319
12807,,69,1,1,2,1,1,2,9,0.218455,0.224515,0,0,0.000319
10450,,12,4,1,5,4,1,5,9,0.185518,0.189862,4197.813458,0.166667,0.00389
11525,,12,1,0,1,1,0,1,0,0,0,0,0,0.003301
12661,,12,2,0,2,2,0,2,0,0,0,0,1,0.003621
13384,,12,1,1,2,1,1,2,9,0.185518,0.189862,0,0,0.003301
13837,,12,5,7,12,5,7,12,10,0.180024,0.184058,56413.708836,0.151515,0.005071
15884,,12,3,2,5,3,2,5,9,0.185652,0.190063,3.698352,0.666667,0.004642
14128,,12,1,2,3,1,2,3,9,0.199841,0.2051,0,1,0.003301
18306,,12,1,0,1,1,0,1,0,0,0,0,0,0.003301
18806,,12,1,0,1,1,0,1,0,0,0,0,0,0.003301
19604,,12,1,2,3,1,2,3,9,0.195408,0.200093,25975,0.333333,0.003301
21310,,12,9,6,15,9,6,15,9,0.203842,0.209771,45947.631618,0.209091,0.005948
24441,,12,6,3,9,6,3,9,9,0.187471,0.191841,41341.464157,0.196429,0.00455
27405,,12,2,4,6,2,4,6,9,0.189391,0.193865,36.945132,0.35,0.003469
30069,,12,1,4,5,1,4,5,9,0.20515,0.210758,10025.254834,0.5,0.003301
29686,,12,2,2,4,2,2,4,9,0.199841,0.2051,0,0.666667,0.003469
7182,,7,1,0,1,1,0,1,0,0,0,0,0,0.000227
7184,,7,0,1,1,0,1,1,8,0.261475,0.272568,0,0,0
7185,,1,0,2,2,0,2,2,8,0.262043,0.273272,0,0,0
7187,,16,0,2,2,0,2,2,8,0.257968,0.2683,0,0,0
7190,,7,0,3,3,0,3,3,9,0.215693,0.222428,0,0.166667,0
7191,,7,0,1,1,0,1,1,8,0.221262,0.228206,0,0,0
7192,,16,0,1,1,0,1,1,8,0.251382,0.261452,0,0,0
7195,,1,1,3,4,1,3,4,8,0.243252,0.251086,494.6855,0.166667,0.000638
7196,,7,0,1,1,0,1,1,10,0.185376,0.189285,0,0,0
7199,,7,0,1,1,0,1,1,8,0.226185,0.232941,0,0,0
32193,,133,1,0,1,1,0,1,0,0,0,0,0,0.000174
7202,,67,1,0,1,1,0,1,0,0,0,0,0,0.00032
22084,,7,1,0,1,1,0,1,0,0,0,0,0,0.000241
7204,,7,1,2,3,1,2,3,8,0.262851,0.273593,18827,0.333333,0.000168
7205,,39,0,3,3,0,3,3,9,0.201107,0.206616,0,0.166667,0
7206,,14,0,1,1,0,1,1,8,0.247395,0.256736,0,0,0
14480,,36,1,2,3,1,2,3,8,0.272245,0.283809,4974.045519,0.166667,0.000184
7210,,7,0,2,2,0,2,2,8,0.272772,0.284532,0,0,0
7212,,7,0,1,1,0,1,1,8,0.262756,0.273466,0,0,0
7213,,65,0,1,1,0,1,1,8,0.234438,0.242011,0,0,0
7215,,67,1,0,1,1,0,1,0,0,0,0,0,0.000207
18110,,67,1,0,1,1,0,1,0,0,0,0,0,0.000207
7216,,16,0,1,1,0,1,1,9,0.209471,0.215166,0,0,0
7222,,134,0,1,1,0,1,1,1,1,1,0,0,0
7223,,134,1,0,1,1,0,1,0,0,0,0,0,0.000168
7224,,65,0,1,1,0,1,1,8,0.236841,0.24458,0,0,0
20567,,7,1,0,1,1,0,1,0,0,0,0,0,0.000191
7231,,41,0,1,1,0,1,1,8,0.225241,0.232016,0,0,0
16229,,7,1,11,12,1,11,12,8,0.283545,0.297259,14.956717,0.136364,0.000358
24348,,7,1,0,1,1,0,1,0,0,0,0,0,0.000358
7233,,16,0,1,1,0,1,1,8,0.235824,0.242716,0,0,0
7234,,41,0,1,1,0,1,1,9,0.20908,0.214243,0,0,0
7239,,2,0,1,1,0,1,1,10,0.182361,0.186382,0,0,0
7240,,2,1,3,4,1,3,4,9,0.223021,0.230588,18827,0.166667,0.000168
23332,,36,1,0,1,1,0,1,0,0,0,0,0,0.000238
25466,,36,1,1,2,1,1,2,10,0.174852,0.178263,69.475848,0.5,0.000238
16104,,16,1,0,1,1,0,1,0,0,0,0,0,0.00025
27075,,16,1,0,1,1,0,1,0,0,0,0,0,0.000365
7250,,7,0,1,1,0,1,1,8,0.236262,0.244204,0,0,0
7253,,41,1,0,1,1,0,1,0,0,0,0,0,0.00018
7254,,41,0,2,2,0,2,2,8,0.241548,0.249319,0,0,0
7256,,16,1,1,2,1,1,2,9,0.21771,0.223672,0,0,0.000215
18622,,16,1,0,1,1,0,1,0,0,0,0,0,0.000215
18958,,16,1,0,1,1,0,1,0,0,0,0,0,0.000215
19166,,16,1,0,1,1,0,1,0,0,0,0,0,0.000215
21825,,16,1,0,1,1,0,1,0,0,0,0,0,0.000215
19885,,16,1,1,2,1,1,2,9,0.21771,0.223672,0,0,0.000215
7257,,2,0,9,9,0,9,9,8,0.254515,0.264927,0,0.111111,0
7258,,7,0,1,1,0,1,1,1,1,1,0,0,0
34101,,16,1,0,1,1,0,1,0,0,0,0,0,0.001003
7261,,16,0,2,2,0,2,2,8,0.239758,0.249238,0,1,0
15212,,16,1,1,2,1,1,2,9,0.223975,0.231305,0,0,0.000541
15620,,16,1,1,2,1,1,2,9,0.223975,0.231305,0,0,0.000541
16498,,16,1,0,1,1,0,1,0,0,0,0,0,0.000541
13902,,16,2,1,3,2,1,3,9,0.223975,0.231305,0,1,0.000804
29002,,16,1,1,2,1,1,2,9,0.223975,0.231305,0,0,0.000541
32242,,16,1,1,2,1,1,2,9,0.223975,0.231305,0,0,0.000541
7264,,7,1,1,2,1,1,2,8,0.224675,0.231294,0,0,0.000611
12030,,7,1,1,2,1,1,2,7,0.293551,0.307953,1352.711484,0.5,0.000611
23780,,7,1,0,1,1,0,1,0,0,0,0,0,0.000611
7385,,2,3,6,9,3,6,9,8,0.253433,0.263996,63848.494209,0.035714,0.000948
7266,,1,0,1,1,0,1,1,8,0.228936,0.236648,0,0,0
7267,,135,1,3,4,1,3,4,1,1,1,3,0,0.000168
7268,,135,1,0,1,1,0,1,0,0,0,0,0,0.000173
10906,,135,1,0,1,1,0,1,0,0,0,0,0,0.000173
21652,,135,1,0,1,1,0,1,0,0,0,0,0,0.000173
7269,,69,0,3,3,0,3,3,8,0.233112,0.241478,0,0.666667,0
11546,,69,1,2,3,1,2,3,8,0.233103,0.241437,0,0.666667,0.000168
7270,,7,0,1,1,0,1,1,8,0.235105,0.243285,0,0,0
10272,,53,1,0,1,1,0,1,0,0,0,0,0,0.000638
10589,,53,1,1,2,1,1,2,8,0.247792,0.25846,33.799094,0,0.000638
10591,,53,1,0,1,1,0,1,0,0,0,0,0,0.000638
10593,,53,1,0,1,1,0,1,0,0,0,0,0,0.000638
10594,,53,1,0,1,1,0,1,0,0,0,0,0,0.000638
10779,,53,1,1,2,1,1,2,1,1,1,25976,0,0.000638
11567,,53,1,0,1,1,0,1,0,0,0,0,0,0.000638
11991,,53,2,4,6,2,4,6,9,0.220937,0.228235,26363.964613,0.05,0.00085
12763,,7,2,3,5,2,3,5,8,0.241995,0.250283,845.367439,0.05,0.000806
13110,,53,1,0,1,1,0,1,0,0,0,0,0,0.000638
13515,,53,1,0,1,1,0,1,0,0,0,0,0,0.000638
13516,,53,1,0,1,1,0,1,0,0,0,0,0,0.000638
12327,,1,1,3,4,1,3,4,9,0.21367,0.219953,53.172428,0.166667,0.000638
14465,,53,1,0,1,1,0,1,0,0,0,0,0,0.000638
16181,,53,1,0,1,1,0,1,0,0,0,0,0,0.000638
17131,,53,2,0,2,2,0,2,0,0,0,0,0,0.000806
17132,,53,1,0,1,1,0,1,0,0,0,0,0,0.000638
18076,,53,1,1,2,1,1,2,9,0.227172,0.235197,12.47203,0,0.000638
18239,,53,1,0,1,1,0,1,0,0,0,0,0,0.000638
18240,,53,1,0,1,1,0,1,0,0,0,0,0,0.000638
18241,,53,1,0,1,1,0,1,0,0,0,0,0,0.000638
18242,,53,1,0,1,1,0,1,0,0,0,0,0,0.000638
19238,,53,2,0,2,2,0,2,0,0,0,0,0,0.000806
19527,,53,1,0,1,1,0,1,0,0,0,0,0,0.000638
20025,,53,1,0,1,1,0,1,0,0,0,0,0,0.000638
21030,,53,1,0,1,1,0,1,0,0,0,0,0,0.000638
21357,,53,1,0,1,1,0,1,0,0,0,0,0,0.000638
21358,,53,1,1,2,1,1,2,8,0.265447,0.27675,0,1,0.000638
21359,,53,1,0,1,1,0,1,0,0,0,0,0,0.000638
21360,,53,1,0,1,1,0,1,0,0,0,0,0,0.000638
21361,,53,1,0,1,1,0,1,0,0,0,0,0,0.000638
21845,,53,1,0,1,1,0,1,0,0,0,0,0,0.000638
21846,,53,1,0,1,1,0,1,0,0,0,0,0,0.000638
21847,,53,1,0,1,1,0,1,0,0,0,0,0,0.000638
21848,,16,1,1,2,1,1,2,9,0.229336,0.23719,32.519278,0,0.000638
21849,,7,1,5,6,1,5,6,8,0.267536,0.279294,193.23212,0.466667,0.000638
21850,,53,1,0,1,1,0,1,0,0,0,0,0,0.000638
22273,,53,1,0,1,1,0,1,0,0,0,0,0,0.000638
23016,,53,1,0,1,1,0,1,0,0,0,0,0,0.000638
23017,,53,1,0,1,1,0,1,0,0,0,0,0,0.000638
23018,,53,1,0,1,1,0,1,0,0,0,0,0,0.000638
23019,,53,1,0,1,1,0,1,0,0,0,0,0,0.000638
23020,,53,1,0,1,1,0,1,0,0,0,0,0,0.000638
23021,,53,1,0,1,1,0,1,0,0,0,0,0,0.000638
23245,,53,1,0,1,1,0,1,0,0,0,0,0,0.000638
23246,,53,1,0,1,1,0,1,0,0,0,0,0,0.000638
23247,,53,1,0,1,1,0,1,0,0,0,0,0,0.000638
23248,,53,1,0,1,1,0,1,0,0,0,0,0,0.000638
23249,,53,1,0,1,1,0,1,0,0,0,0,0,0.000638
23250,,53,1,0,1,1,0,1,0,0,0,0,0,0.000638
23386,,53,1,0,1,1,0,1,0,0,0,0,0,0.000638
23460,,53,1,0,1,1,0,1,0,0,0,0,0,0.000638
23461,,53,1,0,1,1,0,1,0,0,0,0,0,0.000638
14988,,16,1,2,3,1,2,3,9,0.211257,0.21676,27.409366,0.166667,0.000638
23587,,53,1,0,1,1,0,1,0,0,0,0,0,0.000638
23588,,53,1,0,1,1,0,1,0,0,0,0,0,0.000638
23589,,53,1,0,1,1,0,1,0,0,0,0,0,0.000638
23591,,53,1,1,2,1,1,2,10,0.178304,0.181863,0,0.5,0.000638
23592,,53,1,0,1,1,0,1,0,0,0,0,0,0.000638
24011,,53,1,0,1,1,0,1,0,0,0,0,0,0.000638
24008,,53,2,0,2,2,0,2,0,0,0,0,1,0.000854
24097,,53,1,0,1,1,0,1,0,0,0,0,0,0.000638
24098,,53,1,0,1,1,0,1,0,0,0,0,0,0.000638
24099,,53,1,0,1,1,0,1,0,0,0,0,0,0.000638
24553,,53,3,0,3,3,0,3,0,0,0,0,0,0.001603
24554,,53,2,0,2,2,0,2,0,0,0,0,1,0.000854
25121,,53,1,0,1,1,0,1,0,0,0,0,0,0.000638
25449,,53,1,0,1,1,0,1,0,0,0,0,0,0.000638
26001,,53,1,0,1,1,0,1,0,0,0,0,0,0.000638
26769,,53,1,0,1,1,0,1,0,0,0,0,0,0.000638
27635,,53,1,0,1,1,0,1,0,0,0,0,0,0.000638
23791,,16,3,5,8,3,5,8,8,0.259147,0.270244,964.772888,0.375,0.003918
27764,,53,1,0,1,1,0,1,0,0,0,0,0,0.000638
12099,,53,1,3,4,1,3,4,9,0.217775,0.224071,25985.269036,0.083333,0.000638
28165,,53,1,0,1,1,0,1,0,0,0,0,0,0.000638
28166,,53,1,0,1,1,0,1,0,0,0,0,0,0.000638
28167,,53,1,0,1,1,0,1,0,0,0,0,0,0.000638
28200,,53,1,0,1,1,0,1,0,0,0,0,0,0.000638
20456,,53,3,0,3,3,0,3,0,0,0,0,0,0.001394
29265,,53,1,0,1,1,0,1,0,0,0,0,0,0.000638
18953,,36,1,2,3,1,2,3,9,0.213592,0.219567,345.111065,0,0.000638
23161,,41,2,0,2,2,0,2,0,0,0,0,0,0.000811
28552,,2,3,3,6,3,3,6,8,0.233007,0.241058,52485.691217,0.25,0.002584
21950,,53,3,0,3,3,0,3,0,0,0,0,0,0.000974
30699,,53,1,0,1,1,0,1,0,0,0,0,0,0.000638
30786,,53,1,0,1,1,0,1,0,0,0,0,0,0.000638
31135,,53,1,0,1,1,0,1,0,0,0,0,0,0.000638
31933,,53,1,2,3,1,2,3,8,0.246853,0.256533,0,0.5,0.000638
31934,,12,2,1,3,2,1,3,1,1,1,39.489027,0,0.000806
33149,,53,1,0,1,1,0,1,0,0,0,0,0,0.000638
33450,,53,1,0,1,1,0,1,0,0,0,0,0,0.000638
35312,,53,1,0,1,1,0,1,0,0,0,0,0,0.000638
29202,,7,3,15,18,3,15,18,8,0.287714,0.302818,83654.817997,0.220833,0.001154
7272,,7,0,1,1,0,1,1,9,0.208367,0.213881,0,0,0
7273,,2,0,1,1,0,1,1,8,0.235883,0.243933,0,0,0
7277,,7,0,1,1,0,1,1,8,0.223971,0.231195,0,0,0
7278,,7,0,1,1,0,1,1,8,0.236752,0.244747,0,0,0
11802,,1,2,16,18,2,16,18,8,0.269104,0.280814,239005.2505,0.033333,0.000468
7281,,41,0,3,3,0,3,3,8,0.238976,0.247685,0,0.166667,0
7282,,14,1,1,2,1,1,2,10,0.186151,0.190316,0,0.5,0.000168
7283,,14,2,3,5,2,3,5,9,0.228717,0.236641,37656,0.05,0.000341
19904,,14,1,0,1,1,0,1,0,0,0,0,0,0.000178
7284,,67,0,1,1,0,1,1,1,1,1,0,0,0
22883,,37,2,0,2,2,0,2,0,0,0,0,0,0.000378
7286,,7,0,1,1,0,1,1,8,0.262756,0.273466,0,0,0
7287,,136,0,1,1,0,1,1,1,1,1,0,0,0
7288,,136,1,0,1,1,0,1,0,0,0,0,0,0.000168
7289,,65,1,8,9,1,8,9,8,0.275778,0.288129,658.997082,0.041667,0.000168
27925,,65,1,0,1,1,0,1,0,0,0,0,0,0.000173
34062,,65,1,0,1,1,0,1,0,0,0,0,0,0.000173
7294,,16,0,1,1,0,1,1,8,0.251382,0.261452,0,0,0
7295,,7,0,3,3,0,3,3,7,0.293676,0.308181,0,0.166667,0
7297,,16,0,1,1,0,1,1,1,1,1,0,0,0
32109,,1,1,0,1,1,0,1,0,0,0,0,0,0.000177
7300,,1,0,1,1,0,1,1,9,0.186302,0.190356,0,0,0
7301,,16,0,4,4,0,4,4,8,0.244526,0.253756,0,0.333333,0
7302,,1,0,2,2,0,2,2,8,0.230928,0.237987,0,0,0
7303,,1,2,0,2,2,0,2,0,0,0,0,0,0.000336
7309,,7,0,3,3,0,3,3,8,0.248906,0.257518,0,0.166667,0
7311,,7,1,4,5,1,4,5,9,0.23784,0.246317,28.149229,0.05,0.000183
12127,,7,1,0,1,1,0,1,0,0,0,0,0,0.000186
7313,,16,0,1,1,0,1,1,8,0.251382,0.261452,0,0,0
7315,,7,0,1,1,0,1,1,9,0.239538,0.247501,0,0,0
7318,,32,0,1,1,0,1,1,1,1,1,0,0,0
7319,,7,0,1,1,0,1,1,8,0.243014,0.252183,0,0,0
7321,,22,0,2,2,0,2,2,10,0.175581,0.179068,0,0,0
24031,,65,10,14,24,10,14,24,9,0.209927,0.216324,91831.883241,0.093074,0.001875
30909,,16,1,1,2,1,1,2,9,0.192503,0.197349,134.571312,0,0.000238
16784,,16,1,1,2,1,1,2,9,0.206455,0.211839,0,0,0.000339
20512,,16,1,0,1,1,0,1,0,0,0,0,0,0.000339
19612,,16,2,1,3,2,1,3,1,1,1,0,0.5,0.000519
19611,,16,2,1,3,2,1,3,1,1,1,0,0.5,0.000519
34261,,16,1,0,1,1,0,1,0,0,0,0,0,0.000339
7326,,7,0,1,1,0,1,1,9,0.222352,0.229209,0,0,0
7330,,36,0,1,1,0,1,1,9,0.211904,0.218058,0,0,0
10696,,41,1,1,2,1,1,2,9,0.208573,0.213845,0,0,0.000211
7333,,7,0,1,1,0,1,1,9,0.2229,0.230213,0,0,0
20618,,2,1,0,1,1,0,1,0,0,0,0,0,0.000206
7335,,7,0,1,1,0,1,1,9,0.193032,0.196903,0,0,0
7336,,32,0,1,1,0,1,1,9,0.213511,0.219556,0,0,0
11482,,12,1,0,1,1,0,1,0,0,0,0,0,0.000173
7338,,32,0,2,2,0,2,2,8,0.234499,0.242479,0,1,0
7339,,1,0,3,3,0,3,3,8,0.241332,0.250287,0,0.333333,0
7341,,137,0,1,1,0,1,1,1,1,1,0,0,0
7342,,137,1,0,1,1,0,1,0,0,0,0,0,0.000168
7343,,12,0,2,2,0,2,2,9,0.239277,0.247393,0,0,0
7345,,16,0,2,2,0,2,2,8,0.239929,0.247843,0,0.5,0
7346,,16,0,3,3,0,3,3,8,0.247077,0.257047,0,0,0
7348,,7,0,2,2,0,2,2,9,0.237571,0.246138,0,0,0
18192,,7,1,3,4,1,3,4,8,0.243007,0.251853,96.355164,0.25,0.00021
7353,,2,0,7,7,0,7,7,9,0.223511,0.231303,0,0.333333,0
7355,,7,0,1,1,0,1,1,9,0.196381,0.200972,0,0,0
7356,,1,0,2,2,0,2,2,9,0.222902,0.230239,0,1,0
7357,,7,0,1,1,0,1,1,9,0.224765,0.231975,0,0,0
11002,,2,2,1,3,2,1,3,9,0.221269,0.227893,18953.73989,0,0.000372
20164,,14,1,2,3,1,2,3,8,0.239889,0.24778,413.175266,0,0.000204
7361,,7,0,1,1,0,1,1,9,0.21871,0.225204,0,0,0
7362,,138,0,2,2,0,2,2,9,0.211263,0.216928,0,0,0
7364,,138,1,0,1,1,0,1,0,0,0,0,0,0.000168
35649,,7,1,0,1,1,0,1,0,0,0,0,0,0.000199
7367,,36,0,3,3,0,3,3,9,0.221419,0.227818,0,0.166667,0
7369,,7,0,1,1,0,1,1,9,0.228173,0.235417,0,0,0
7372,,81,0,1,1,0,1,1,9,0.224787,0.232402,0,0,0
7373,,1,0,1,1,0,1,1,8,0.228936,0.236648,0,0,0
7374,,7,0,2,2,0,2,2,8,0.241716,0.250547,0,1,0
7375,,32,0,2,2,0,2,2,8,0.234502,0.242488,0,1,0
7377,,16,0,1,1,0,1,1,8,0.246659,0.25616,0,0,0
7379,,65,0,1,1,0,1,1,8,0.235576,0.242737,0,0,0
14135,,2,1,1,2,1,1,2,1,1,1,25976,0,0.000198
7382,,1,0,1,1,0,1,1,10,0.187309,0.191351,0,0,0
7383,,139,0,1,1,0,1,1,1,1,1,0,0,0
7384,,139,1,0,1,1,0,1,0,0,0,0,0,0.000168
26078,,2,1,2,3,1,2,3,8,0.232992,0.24101,535.758902,0.333333,0.000187
7386,,16,0,1,1,0,1,1,9,0.210874,0.217038,0,0,0
7395,,65,1,2,3,1,2,3,9,0.212864,0.218648,7.272985,0.333333,0.000168
7398,,36,0,1,1,0,1,1,9,0.182848,0.18665,0,0,0
9371,,16,1,1,2,1,1,2,8,0.236734,0.244299,0,0,0.001025
26536,,16,1,0,1,1,0,1,0,0,0,0,0,0.001025
26722,,16,1,1,2,1,1,2,8,0.236734,0.244299,0,0,0.001025
29318,,16,2,0,2,2,0,2,0,0,0,0,1,0.001288
29332,,16,4,2,6,4,2,6,8,0.236748,0.244357,18826,0.416667,0.001647
29516,,16,7,1,8,7,1,8,8,0.236734,0.244299,20271.335286,0.380952,0.002224
29592,,16,3,6,9,3,6,9,8,0.265203,0.277187,14630.617895,0.25,0.001385
30450,,16,2,5,7,2,5,7,8,0.236859,0.244549,3.657623,0.65,0.001288
30949,,16,3,0,3,3,0,3,0,0,0,0,1,0.001493
29768,,16,1,1,2,1,1,2,8,0.236734,0.244299,0,0,0.001025
7401,,36,0,1,1,0,1,1,9,0.211577,0.217419,0,0,0
7407,,16,0,1,1,0,1,1,9,0.219293,0.225533,0,0,0
7408,,41,0,1,1,0,1,1,9,0.188349,0.192388,0,0,0
7411,,1,0,1,1,0,1,1,8,0.228936,0.236648,0,0,0
7417,,7,0,1,1,0,1,1,8,0.232,0.238882,0,0,0
7419,,7,0,1,1,0,1,1,8,0.234059,0.241902,0,0,0
7421,,16,0,1,1,0,1,1,9,0.218439,0.22522,0,0,0
7422,,25,4,2,6,4,2,6,10,0.169318,0.17208,89597,0.066667,0.000913
7423,,25,1,0,1,1,0,1,0,0,0,0,0,0.000189
26259,,25,1,1,2,1,1,2,9,0.20382,0.208634,56472,0.5,0.000189
7424,,7,0,1,1,0,1,1,9,0.200066,0.204368,0,0,0
7425,,1,0,1,1,0,1,1,9,0.215765,0.222077,0,0,0
28157,,16,1,0,1,1,0,1,0,0,0,0,0,0.000219
32122,,16,1,0,1,1,0,1,0,0,0,0,0,0.000219
18783,,16,2,1,3,2,1,3,2,0.666667,0.75,12.957119,0,0.000387
26673,,16,1,0,1,1,0,1,0,0,0,0,0,0.000175
8137,,41,4,5,9,4,5,9,9,0.234911,0.24359,12133.072899,0.233333,0.000909
19060,,16,2,1,3,2,1,3,9,0.201503,0.20655,0,1,0.000519
30708,,41,1,1,2,1,1,2,9,0.234735,0.24323,0,0.5,0.00026
33649,,41,1,0,1,1,0,1,0,0,0,0,0,0.00026
7436,,65,0,1,1,0,1,1,9,0.190154,0.194142,0,0,0
7438,,22,0,1,1,0,1,1,9,0.21286,0.218905,0,0,0
7439,,142,1,1,2,1,1,2,9,0.231503,0.239091,18827,0,0.000168
7442,,16,0,1,1,0,1,1,8,0.246114,0.255055,0,0,0
29022,,7,2,0,2,2,0,2,0,0,0,0,0,0.000424
7446,,22,4,0,4,4,0,4,0,0,0,0,0,0.000726
29064,,7,1,0,1,1,0,1,0,0,0,0,0,0.000214
11189,,7,1,0,1,1,0,1,0,0,0,0,0,0.000197
31262,,7,1,0,1,1,0,1,0,0,0,0,0,0.000197
7450,,7,0,1,1,0,1,1,9,0.222431,0.229647,0,0,0
7451,,7,1,2,3,1,2,3,9,0.216548,0.222767,83.72775,0.166667,0.000235
7452,,16,0,1,1,0,1,1,9,0.196335,0.201108,0,0,0
7454,,16,0,1,1,0,1,1,8,0.244433,0.254493,0,0,0
7456,,7,0,2,2,0,2,2,9,0.227547,0.234834,0,0,0
7457,,14,0,1,1,0,1,1,8,0.247395,0.256736,0,0,0
7458,,7,0,1,1,0,1,1,9,0.222736,0.229684,0,0,0
7459,,7,0,1,1,0,1,1,1,1,1,0,0,0
21424,,7,1,1,2,1,1,2,8,0.235661,0.243091,0,1,0.000214
7462,,7,0,3,3,0,3,3,8,0.263628,0.274048,0,0.333333,0
7468,,77,0,1,1,0,1,1,9,0.197673,0.202364,0,0,0
7470,,7,0,1,1,0,1,1,8,0.261475,0.272568,0,0,0
7471,,7,0,1,1,0,1,1,8,0.261475,0.272568,0,0,0
7473,,16,0,1,1,0,1,1,9,0.217271,0.223468,0,0,0
7475,,16,0,2,2,0,2,2,8,0.240398,0.248253,0,1,0
7478,,16,1,6,7,1,6,7,8,0.245999,0.255495,8264.837881,0.033333,0.000173
7479,,16,1,2,3,1,2,3,9,0.206309,0.212062,11.544793,0,0.000173
13014,,16,1,0,1,1,0,1,0,0,0,0,0,0.000173
8045,,16,1,1,2,1,1,2,8,0.244161,0.253367,413.571137,0,0.000173
8526,,7,1,0,1,1,0,1,0,0,0,0,0,0.000284
7482,,7,0,1,1,0,1,1,9,0.192523,0.196612,0,0,0
7483,,14,0,1,1,0,1,1,8,0.247395,0.256736,0,0,0
21942,,41,1,1,2,1,1,2,9,0.187903,0.192032,0,0,0.000194
7486,,16,0,1,1,0,1,1,8,0.234266,0.242061,0,0,0
7490,,1,0,2,2,0,2,2,8,0.233328,0.241691,0,0,0
7491,,140,0,1,1,0,1,1,1,1,1,0,0,0
7492,,140,1,0,1,1,0,1,0,0,0,0,0,0.000168
13249,,1,1,0,1,1,0,1,0,0,0,0,0,0.000324
7497,,14,1,1,2,1,1,2,8,0.22747,0.234557,18827,0,0.000168
7501,,67,0,2,2,0,2,2,9,0.215013,0.221318,0,0,0
7502,,67,1,5,6,1,5,6,9,0.220724,0.228529,701.405201,0.233333,0.000181
7505,,141,0,1,1,0,1,1,1,1,1,0,0,0
7506,,141,1,0,1,1,0,1,0,0,0,0,0,0.000168
7509,,41,0,1,1,0,1,1,9,0.217487,0.223937,0,0,0
7511,,7,0,3,3,0,3,3,8,0.2662,0.277043,0,0,0
32326,,7,1,0,1,1,0,1,0,0,0,0,0,0.000344
7516,,7,0,1,1,0,1,1,1,1,1,0,0,0
7517,,7,0,5,5,0,5,5,8,0.273794,0.28654,0,0.3,0
9226,,16,1,2,3,1,2,3,8,0.235491,0.242634,25.155987,0,0.000168
18499,,7,1,1,2,1,1,2,9,0.212155,0.217684,0,0,0.000338
11521,,16,4,10,14,4,10,14,7,0.301699,0.317585,60503.127647,0.131868,0.000958
7524,,7,0,1,1,0,1,1,9,0.216485,0.222238,0,0,0
7527,,7,0,1,1,0,1,1,1,1,1,0,0,0
7528,,41,0,3,3,0,3,3,9,0.216599,0.223139,0,0.166667,0
7532,,14,0,1,1,0,1,1,8,0.247395,0.256736,0,0,0
7536,,7,0,1,1,0,1,1,9,0.231745,0.239907,0,0,0
7537,,69,0,2,2,0,2,2,9,0.203434,0.208409,0,0,0
7539,,41,0,1,1,0,1,1,8,0.257544,0.268689,0,0,0
7541,,7,0,1,1,0,1,1,9,0.214494,0.22018,0,0,0
7542,,16,0,1,1,0,1,1,8,0.236535,0.24595,0,0,0
34119,,16,1,0,1,1,0,1,0,0,0,0,0,0.000266
7544,,16,0,1,1,0,1,1,9,0.220464,0.227385,0,0,0
7545,,7,0,1,1,0,1,1,9,0.226463,0.234215,0,0,0
19941,,16,1,1,2,1,1,2,1,1,1,0.5,0,0.000185
7548,,7,0,1,1,0,1,1,8,0.261475,0.272568,0,0,0
7549,,2,0,1,1,0,1,1,1,1,1,0,0,0
7551,,16,1,1,2,1,1,2,10,0.176829,0.18025,0,0,0.000173
7552,,16,1,2,3,1,2,3,9,0.214811,0.221054,18827,0,0.000173
7588,,16,5,6,11,5,6,11,8,0.24734,0.258013,38405.162833,0.47619,0.000958
7586,,16,5,5,10,5,5,10,8,0.244627,0.254832,34203.004807,0.533333,0.000958
7642,,16,3,4,7,3,4,7,9,0.198306,0.203667,25971,0.833333,0.000607
7556,,7,0,1,1,0,1,1,8,0.239365,0.2474,0,0,0
7557,,7,0,1,1,0,1,1,8,0.262756,0.273466,0,0,0
7559,,12,0,2,2,0,2,2,9,0.214435,0.220741,0,0,0
7560,,1,0,1,1,0,1,1,8,0.230717,0.238683,0,0,0
7561,,7,0,1,1,0,1,1,8,0.244564,0.253553,0,0,0
15765,,16,1,0,1,1,0,1,0,0,0,0,0,0.000246
7566,,7,0,1,1,0,1,1,9,0.222431,0.229647,0,0,0
31695,,7,1,1,2,1,1,2,9,0.216732,0.22282,0,0,0.000273
7569,,7,1,3,4,1,3,4,8,0.262898,0.273707,18827,0.166667,0.000173
11914,,7,1,1,2,1,1,2,9,0.208173,0.213366,0,0,0.000173
7573,,36,1,1,2,1,1,2,9,0.233266,0.24103,28.583364,0,0.000181
20508,,36,1,0,1,1,0,1,0,0,0,0,0,0.000181
7577,,16,0,1,1,0,1,1,9,0.198296,0.203574,0,0,0
7578,,16,0,1,1,0,1,1,9,0.198296,0.203574,0,0,0
7579,,14,0,1,1,0,1,1,9,0.214423,0.220695,0,0,0
7580,,7,0,1,1,0,1,1,9,0.216686,0.223215,0,0,0
10491,,7,1,4,5,1,4,5,8,0.256293,0.266363,449.104857,0.25,0.00019
7584,,7,0,2,2,0,2,2,8,0.263385,0.274204,0,0,0
7587,,16,4,3,7,4,3,7,9,0.203568,0.208748,51976.10165,0.666667,0.000743
7591,,16,1,8,9,1,8,9,8,0.255587,0.266158,35953.700674,0.357143,0.000188
7590,,14,0,1,1,0,1,1,8,0.25615,0.266929,0,0,0
7658,,16,1,0,1,1,0,1,0,0,0,0,0,0.000173
7596,,14,0,1,1,0,1,1,8,0.25615,0.266929,0,0,0
7599,,16,0,5,5,0,5,5,8,0.259172,0.269392,0,0.3,0
20664,,16,1,1,2,1,1,2,10,0.195696,0.200334,0,0.5,0.000209
7601,,7,0,1,1,0,1,1,9,0.222499,0.229441,0,0,0
12292,,7,1,1,2,1,1,2,8,0.261479,0.272571,0,0.5,0.000291
35332,,7,1,0,1,1,0,1,0,0,0,0,0,0.000291
7604,,53,1,3,4,1,3,4,8,0.26286,0.273674,26600.715061,0.083333,0.000325
10753,,53,1,0,1,1,0,1,0,0,0,0,0,0.000175
7605,,7,0,1,1,0,1,1,9,0.198081,0.202585,0,0,0
7608,,7,0,1,1,0,1,1,9,0.207609,0.212853,0,0,0
7610,,1,0,2,2,0,2,2,8,0.229022,0.236784,0,0.5,0
7614,,53,2,4,6,2,4,6,8,0.273193,0.285014,54755.027108,0.066667,0.000374
13290,,67,2,0,2,2,0,2,0,0,0,0,0,0.000358
11102,,2,1,2,3,1,2,3,9,0.201507,0.206586,11073.402304,0,0.000259
20462,,16,1,0,1,1,0,1,0,0,0,0,0,0.000259
27571,,16,1,0,1,1,0,1,0,0,0,0,0,0.000259
7644,,41,3,2,5,3,2,5,8,0.231556,0.239535,41757.963395,0,0.000559
7620,,16,0,2,2,0,2,2,8,0.230101,0.237742,0,0,0
30341,,16,1,0,1,1,0,1,0,0,0,0,0,0.000168
7621,,32,1,2,3,1,2,3,9,0.207305,0.212715,3.5,0,0.000177
7625,,14,0,1,1,0,1,1,8,0.25615,0.266929,0,0,0
29907,,53,1,0,1,1,0,1,0,0,0,0,0,0.0003
35473,,53,1,0,1,1,0,1,0,0,0,0,0,0.0003
7631,,16,0,1,1,0,1,1,8,0.246659,0.25616,0,0,0
7633,,7,0,1,1,0,1,1,9,0.231745,0.239907,0,0,0
15698,,53,1,0,1,1,0,1,0,0,0,0,0,0.000325
19390,,53,1,0,1,1,0,1,0,0,0,0,0,0.000325
32577,,53,1,0,1,1,0,1,0,0,0,0,0,0.000325
32801,,53,1,1,2,1,1,2,9,0.21188,0.21784,0,0,0.000325
7638,,7,0,2,2,0,2,2,9,0.226697,0.233626,0,0,0
7639,,16,0,1,1,0,1,1,9,0.22602,0.233288,0,0,0
8225,,1,1,4,5,1,4,5,8,0.238479,0.24681,25988.741064,0.05,0.000181
23046,,41,1,0,1,1,0,1,0,0,0,0,0,0.000209
7650,,16,0,2,2,0,2,2,9,0.220208,0.226347,0,0,0
11268,,16,1,1,2,1,1,2,9,0.23711,0.245258,1264.158847,0,0.000168
23483,,7,1,0,1,1,0,1,0,0,0,0,0,0.000187
31721,,7,1,0,1,1,0,1,0,0,0,0,0,0.000187
33463,,7,1,0,1,1,0,1,0,0,0,0,0,0.000187
10989,,7,1,2,3,1,2,3,9,0.185525,0.189905,35.529098,0.166667,0.000187
33329,,7,2,0,2,2,0,2,0,0,0,0,0,0.000567
13768,,36,1,1,2,1,1,2,9,0.216582,0.22288,0,1,0.0002
7654,,1,0,2,2,0,2,2,8,0.238259,0.246433,0,1,0
7656,,22,2,5,7,2,5,7,9,0.213679,0.220264,118.583262,0.238095,0.000351
7662,,16,0,2,2,0,2,2,9,0.22318,0.229493,0,1,0
26745,,2,1,0,1,1,0,1,0,0,0,0,0,0.000192
7664,,41,0,1,1,0,1,1,9,0.232863,0.240485,0,0,0
7668,,16,1,4,5,1,4,5,8,0.264478,0.27508,18828,0,0.000173
31745,,16,1,1,2,1,1,2,9,0.209162,0.214256,0,0,0.000173
7670,,7,0,1,1,0,1,1,8,0.231137,0.237861,0,0,0
7672,,32,0,1,1,0,1,1,9,0.213511,0.219556,0,0,0
7673,,16,0,3,3,0,3,3,8,0.251668,0.260704,0,0.166667,0
7674,,16,0,2,2,0,2,2,8,0.233978,0.241249,0,0,0
7675,,16,0,1,1,0,1,1,9,0.217239,0.223768,0,0,0
7676,,67,0,5,5,0,5,5,9,0.233551,0.242402,0,0.25,0
7678,,16,0,2,2,0,2,2,8,0.242679,0.251155,0,0,0
7679,,7,0,1,1,0,1,1,9,0.229833,0.237605,0,0,0
14795,,16,1,0,1,1,0,1,0,0,0,0,0,0.000339
15227,,16,2,2,4,2,2,4,8,0.253399,0.26394,2.866087,0.583333,0.000761
7683,,7,0,1,1,0,1,1,8,0.224983,0.23254,0,0,0
7687,,7,0,1,1,0,1,1,9,0.192523,0.196612,0,0,0
7688,,142,0,1,1,0,1,1,10,0.187992,0.191991,0,0,0
7689,,16,0,2,2,0,2,2,8,0.234444,0.242761,0,1,0
7693,,1,0,1,1,0,1,1,9,0.211927,0.217794,0,0,0
13767,,16,1,1,2,1,1,2,9,0.21002,0.216039,0,0,0.000398
7695,,7,0,5,5,0,5,5,8,0.2696,0.28199,0,0.35,0
7696,,7,0,1,1,0,1,1,9,0.224639,0.231408,0,0,0
18124,,67,2,2,4,2,2,4,9,0.211859,0.217372,566.768299,0,0.000499
7700,,2,0,3,3,0,3,3,9,0.201844,0.20703,0,0.333333,0
7701,,16,0,1,1,0,1,1,8,0.234601,0.241751,0,0,0
7702,,22,0,1,1,0,1,1,1,1,1,0,0,0
7704,,2,0,1,1,0,1,1,9,0.190875,0.195045,0,0,0
7706,,7,0,3,3,0,3,3,9,0.22477,0.231358,0,0.166667,0
7708,,16,0,1,1,0,1,1,8,0.247792,0.25846,0,0,0
7709,,16,0,1,1,0,1,1,9,0.227599,0.234697,0,0,0
7711,,7,0,1,1,0,1,1,8,0.265449,0.276753,0,0,0
7712,,16,0,1,1,0,1,1,8,0.233638,0.242002,0,0,0
7715,,41,0,1,1,0,1,1,10,0.169558,0.172331,0,0,0
7717,,41,0,1,1,0,1,1,9,0.217729,0.223726,0,0,0
7719,,7,0,3,3,0,3,3,8,0.249854,0.258964,0,0.5,0
7721,,67,0,3,3,0,3,3,9,0.229982,0.237853,0,0.333333,0
7723,,36,0,1,1,0,1,1,10,0.180933,0.184752,0,0,0
7726,,16,1,1,2,1,1,2,9,0.21205,0.218131,0,1,0.00024
7729,,67,0,3,3,0,3,3,8,0.233818,0.241837,0,0,0
12895,,67,2,2,4,2,2,4,9,0.234735,0.243252,484.368713,0.333333,0.000374
7730,,16,0,1,1,0,1,1,9,0.228869,0.236881,0,0,0
7734,,16,0,1,1,0,1,1,8,0.251382,0.261452,0,0,0
7735,,7,1,4,5,1,4,5,8,0.280197,0.293209,18827,0.1,0.000168
7736,,408,1,1,2,1,1,2,1,1,1,1,0,0.000168
7737,,408,1,0,1,1,0,1,0,0,0,0,0,0.000173
7739,,22,0,1,1,0,1,1,9,0.21286,0.218905,0,0,0
7744,,67,0,1,1,0,1,1,9,0.233244,0.243883,0,0,0
7746,,16,0,1,1,0,1,1,8,0.251382,0.261452,0,0,0
27512,,41,1,0,1,1,0,1,0,0,0,0,0,0.000252
30528,,41,4,1,5,4,1,5,9,0.193367,0.197518,6.823344,0.166667,0.000915
7752,,1,0,1,1,0,1,1,9,0.222605,0.230046,0,0,0
7754,,14,0,1,1,0,1,1,8,0.247395,0.256736,0,0,0
7756,,7,1,4,5,1,4,5,8,0.257721,0.26809,18827,0.2,0.000168
7758,,65,0,1,1,0,1,1,8,0.236841,0.24458,0,0,0
7759,,7,1,8,9,1,8,9,8,0.27195,0.284695,2010.155008,0.152778,0.000197
7761,,7,0,1,1,0,1,1,9,0.226164,0.233246,0,0,0
7762,,7,0,1,1,0,1,1,8,0.236262,0.244204,0,0,0
7763,,36,1,3,4,1,3,4,8,0.241824,0.251696,2061.668081,0.166667,0.000193
17321,,16,2,1,3,2,1,3,10,0.171161,0.174203,70774.615581,0,0.00036
7765,,65,0,1,1,0,1,1,9,0.213606,0.219549,0,0,0
11815,,7,2,5,7,2,5,7,8,0.264942,0.277018,26638.302555,0.266667,0.000585
7767,,7,0,1,1,0,1,1,8,0.262756,0.273466,0,0,0
7768,,16,0,1,1,0,1,1,9,0.218269,0.224871,0,0,0
27350,,67,3,1,4,3,1,4,1,1,1,25978,0,0.000562
7770,,7,0,1,1,0,1,1,9,0.200066,0.204368,0,0,0
7775,,16,1,1,2,1,1,2,9,0.218206,0.224461,13013.407359,0,0.000168
10257,,16,1,0,1,1,0,1,0,0,0,0,0,0.000175
7782,,7,0,1,1,0,1,1,9,0.226164,0.233246,0,0,0
7783,,7,0,4,4,0,4,4,8,0.255188,0.264791,0,0.166667,0
7784,,7,1,0,1,1,0,1,0,0,0,0,0,0.000168
7790,,7,0,2,2,0,2,2,8,0.264446,0.275551,0,1,0
23556,,7,1,0,1,1,0,1,0,0,0,0,0,0.00037
7792,,7,0,1,1,0,1,1,9,0.224297,0.231274,0,0,0
7793,,16,2,3,5,2,3,5,9,0.251281,0.261774,6518.781954,0.083333,0.000559
7795,,67,1,0,1,1,0,1,0,0,0,0,0,0.000173
24211,,67,1,0,1,1,0,1,0,0,0,0,0,0.000173
35139,,67,1,0,1,1,0,1,0,0,0,0,0,0.000173
7798,,16,0,3,3,0,3,3,9,0.182551,0.18629,0,0,0
7799,,16,1,0,1,1,0,1,0,0,0,0,0,0.000168
7800,,16,0,1,1,0,1,1,9,0.217442,0.223573,0,0,0
7802,,16,0,1,1,0,1,1,9,0.223331,0.229923,0,0,0
7804,,7,0,1,1,0,1,1,8,0.23999,0.247696,0,0,0
7808,,7,0,1,1,0,1,1,9,0.21129,0.217018,0,0,0
7809,,7,0,1,1,0,1,1,9,0.218596,0.22517,0,0,0
7812,,14,0,1,1,0,1,1,8,0.25615,0.266929,0,0,0
7814,,7,0,1,1,0,1,1,9,0.215082,0.221433,0,0,0
18425,,16,1,0,1,1,0,1,0,0,0,0,0,0.000307
28161,,16,1,0,1,1,0,1,0,0,0,0,0,0.000307
7817,,143,0,1,1,0,1,1,1,1,1,0,0,0
7818,,143,1,0,1,1,0,1,0,0,0,0,0,0.000168
19528,,67,1,1,2,1,1,2,8,0.251241,0.260027,6465.586758,0,0.000175
7820,,16,0,2,2,0,2,2,8,0.239027,0.248723,0,0,0
7823,,81,0,1,1,0,1,1,9,0.224787,0.232402,0,0,0
7827,,16,0,1,1,0,1,1,9,0.225449,0.232754,0,0,0
7828,,7,0,1,1,0,1,1,8,0.262756,0.273466,0,0,0
7830,,16,1,2,3,1,2,3,9,0.1933,0.198118,18828,0,0.000168
8048,,16,1,0,1,1,0,1,0,0,0,0,0,0.000173
7831,,16,0,2,2,0,2,2,9,0.227511,0.235297,0,1,0
7833,,36,0,1,1,0,1,1,9,0.211904,0.218058,0,0,0
7836,,7,0,1,1,0,1,1,8,0.261475,0.272568,0,0,0
7838,,7,0,2,2,0,2,2,9,0.187136,0.19135,0,1,0
7841,,16,0,1,1,0,1,1,8,0.23949,0.247366,0,0,0
7842,,7,0,1,1,0,1,1,8,0.261475,0.272568,0,0,0
7844,,53,1,0,1,1,0,1,0,0,0,0,0,0.000184
7845,,7,0,21,21,0,21,21,8,0.273995,0.287088,0,0.188095,0
34801,,16,2,0,2,2,0,2,0,0,0,0,0,0.000565
32478,,39,1,0,1,1,0,1,0,0,0,0,0,0.000214
7853,,7,0,1,1,0,1,1,8,0.229889,0.237489,0,0,0
7854,,7,0,1,1,0,1,1,8,0.229889,0.237489,0,0,0
7855,,7,0,1,1,0,1,1,8,0.229889,0.237489,0,0,0
7857,,16,0,4,4,0,4,4,8,0.244621,0.2547,0,0.416667,0
7861,,36,0,1,1,0,1,1,9,0.192698,0.197189,0,0,0
15592,,36,2,1,3,2,1,3,9,0.199735,0.204609,18892.265343,0.166667,0.00038
15593,,36,1,1,2,1,1,2,10,0.166491,0.169301,0,0.5,0.000207
15623,,36,2,0,2,2,0,2,0,0,0,0,0,0.000375
7865,,7,0,1,1,0,1,1,9,0.223196,0.229761,0,0,0
7866,,7,0,1,1,0,1,1,9,0.209152,0.214723,0,0,0
7869,,7,0,1,1,0,1,1,9,0.207609,0.212853,0,0,0
19581,,7,1,0,1,1,0,1,0,0,0,0,0,0.00019
7876,,7,0,1,1,0,1,1,9,0.222352,0.229209,0,0,0
7877,,41,2,2,4,2,2,4,8,0.245386,0.253809,35.998897,0.166667,0.000903
7878,,81,0,1,1,0,1,1,9,0.224787,0.232402,0,0,0
7879,,16,0,1,1,0,1,1,8,0.23897,0.247046,0,0,0
16206,,61,1,0,1,1,0,1,0,0,0,0,0,0.000185
7884,,7,0,1,1,0,1,1,10,0.178303,0.181862,0,0,0
24670,,7,1,1,2,1,1,2,9,0.239959,0.248528,0,1,0.000335
25263,,14,2,2,4,2,2,4,9,0.239968,0.248567,28036.683632,0.25,0.000503
7892,,7,0,1,1,0,1,1,8,0.261475,0.272568,0,0,0
7895,,16,0,1,1,0,1,1,8,0.230667,0.237711,0,0,0
17276,,16,1,1,2,1,1,2,8,0.239486,0.247361,0,1,0.000204
7900,,7,0,1,1,0,1,1,8,0.239365,0.2474,0,0,0
7901,,36,0,3,3,0,3,3,8,0.234127,0.242468,0,0,0
33409,,36,1,0,1,1,0,1,0,0,0,0,0,0.000168
14754,,1,1,0,1,1,0,1,0,0,0,0,0,0.000193
7906,,144,0,1,1,0,1,1,10,0.183711,0.187405,0,0,0
7907,,144,1,2,3,1,2,3,9,0.225045,0.231925,18827,0.333333,0.000168
7908,,7,0,1,1,0,1,1,9,0.234953,0.24388,0,0,0
7909,,7,1,4,5,1,4,5,8,0.268974,0.281134,60.733621,0.35,0.000413
23865,,1,1,2,3,1,2,3,9,0.214275,0.220887,4214.499957,0.166667,0.000181
23129,,53,1,0,1,1,0,1,0,0,0,0,0,0.000227
32544,,53,1,1,2,1,1,2,9,0.196153,0.200469,0,0,0.000227
7922,,7,0,8,8,0,8,8,8,0.247473,0.25729,0,0.071429,0
7924,,7,1,6,7,1,6,7,8,0.269238,0.281211,18827,0.285714,0.000168
7925,,7,0,1,1,0,1,1,9,0.224481,0.231705,0,0,0
7926,,7,0,2,2,0,2,2,9,0.216494,0.222492,0,0,0
7928,,7,0,1,1,0,1,1,9,0.195506,0.200323,0,0,0
7929,,7,0,5,5,0,5,5,8,0.266392,0.277995,0,0.4,0
7931,,41,1,1,2,1,1,2,9,0.210098,0.215693,0,0,0.000265
9340,,41,1,1,2,1,1,2,9,0.210098,0.215693,0,0,0.000265
32570,,41,1,1,2,1,1,2,9,0.210098,0.215693,0,0,0.000265
7933,,22,0,1,1,0,1,1,9,0.21286,0.218905,0,0,0
7934,,7,0,2,2,0,2,2,8,0.265352,0.27603,0,1,0
8791,,22,1,0,1,1,0,1,0,0,0,0,0,0.000201
7938,,41,0,1,1,0,1,1,9,0.215008,0.221296,0,0,0
7939,,16,0,1,1,0,1,1,9,0.216719,0.222904,0,0,0
7943,,7,0,1,1,0,1,1,10,0.179156,0.182314,0,0,0
7944,,7,0,1,1,0,1,1,9,0.20245,0.207286,0,0,0
7945,,16,2,4,6,2,4,6,8,0.268345,0.279457,12765.191007,0.233333,0.000367
7947,,65,0,1,1,0,1,1,9,0.213606,0.219549,0,0,0
33406,,7,2,0,2,2,0,2,0,0,0,0,0,0.000406
7952,,7,0,3,3,0,3,3,7,0.293938,0.308424,0,0.166667,0
9364,,7,1,0,1,1,0,1,0,0,0,0,0,0.000332
9457,,7,1,0,1,1,0,1,0,0,0,0,0,0.000332
34632,,12,3,0,3,3,0,3,0,0,0,0,0.166667,0.000534
7958,,67,2,1,3,2,1,3,10,0.179393,0.182793,37917.630892,0,0.000348
7961,,7,0,4,4,0,4,4,8,0.242207,0.250839,0,0,0
7962,,7,1,3,4,1,3,4,8,0.263533,0.275314,176.180567,0.25,0.000214
7964,,7,0,1,1,0,1,1,10,0.191021,0.195265,0,0,0
7966,,7,0,1,1,0,1,1,8,0.247064,0.255642,0,0,0
7967,,7,0,2,2,0,2,2,9,0.232927,0.240592,0,0,0
7969,,65,0,2,2,0,2,2,9,0.213608,0.219575,0,0.5,0
7970,,7,1,1,2,1,1,2,9,0.225596,0.232937,18.307218,0,0.000185
7972,,41,1,0,1,1,0,1,0,0,0,0,0,0.000174
7974,,41,1,2,3,1,2,3,8,0.239632,0.247229,9480.825885,0,0.000202
7977,,7,0,1,1,0,1,1,10,0.182409,0.186162,0,0,0
7978,,41,0,2,2,0,2,2,1,1,1,0,0,0
7980,,7,0,1,1,0,1,1,10,0.182409,0.186162,0,0,0
7981,,7,0,1,1,0,1,1,1,1,1,0,0,0
13790,,7,2,0,2,2,0,2,0,0,0,0,0,0.001002
19193,,7,3,0,3,3,0,3,0,0,0,0,0.833333,0.001469
12977,,7,5,12,17,5,12,17,8,0.274516,0.288177,27873.769419,0.247619,0.00309
7988,,41,0,3,3,0,3,3,9,0.23547,0.244141,0,0.5,0
7992,,7,1,2,3,1,2,3,9,0.216057,0.222274,1,0.333333,0.000168
7993,,7,0,1,1,0,1,1,10,0.182409,0.186162,0,0,0
7994,,7,0,1,1,0,1,1,10,0.182409,0.186162,0,0,0
26036,,16,1,1,2,1,1,2,10,0.188948,0.193261,18.05962,0,0.000271
7996,,7,0,2,2,0,2,2,8,0.26287,0.273626,0,0.5,0
7997,,16,0,2,2,0,2,2,8,0.249081,0.259208,0,1,0
8001,,7,0,1,1,0,1,1,8,0.262756,0.273466,0,0,0
8002,,65,1,1,2,1,1,2,1,1,1,1,0,0.000168
8003,,7,0,1,1,0,1,1,9,0.226264,0.233982,0,0,0
8005,,22,2,1,3,2,1,3,9,0.21286,0.218905,18977.949189,0,0.000336
8007,,7,0,1,1,0,1,1,9,0.219921,0.22604,0,0,0
8008,,7,0,1,1,0,1,1,8,0.231316,0.238143,0,0,0
8009,,16,0,2,2,0,2,2,8,0.230675,0.237755,0,1,0
8010,,16,0,5,5,0,5,5,8,0.256376,0.267419,0,0.3,0
8013,,7,1,8,9,1,8,9,8,0.26509,0.276851,6576.183454,0.208333,0.000168
15989,,7,1,0,1,1,0,1,0,0,0,0,0,0.000173
8015,,65,0,1,1,0,1,1,1,1,1,0,0,0
19460,,12,1,0,1,1,0,1,0,0,0,0,0,0.000188
8018,,7,0,1,1,0,1,1,8,0.262756,0.273466,0,0,0
8019,,7,0,1,1,0,1,1,9,0.220178,0.227274,0,0,0
8021,,36,1,0,1,1,0,1,0,0,0,0,0,0.000177
8022,,22,0,1,1,0,1,1,10,0.17551,0.178839,0,0,0
8023,,65,0,1,1,0,1,1,9,0.213606,0.219549,0,0,0
14749,,12,2,0,2,2,0,2,0,0,0,0,0,0.000562
8029,,32,0,1,1,0,1,1,1,1,1,0,0,0
8034,,16,0,1,1,0,1,1,9,0.186196,0.190551,0,0,0
8036,,7,0,1,1,0,1,1,9,0.226164,0.233246,0,0,0
33102,,7,1,0,1,1,0,1,0,0,0,0,0,0.000295
8043,,7,0,1,1,0,1,1,8,0.261475,0.272568,0,0,0
8047,,7,0,3,3,0,3,3,8,0.274051,0.285926,0,0,0
8049,,1,0,2,2,0,2,2,8,0.230918,0.238772,0,1,0
8050,,7,0,4,4,0,4,4,8,0.244961,0.254012,0,0,0
16716,,65,1,0,1,1,0,1,0,0,0,0,0,0.000207
13603,,16,1,0,1,1,0,1,0,0,0,0,0,0.000192
8056,,65,0,1,1,0,1,1,9,0.189936,0.193893,0,0,0
8057,,7,0,1,1,0,1,1,8,0.261475,0.272568,0,0,0
8058,,53,0,4,4,0,4,4,9,0.221873,0.229015,0,0.166667,0
8059,,14,2,5,7,2,5,7,8,0.247711,0.25727,80764.978732,0.066667,0.000376
8736,,14,1,0,1,1,0,1,0,0,0,0,0,0.000178
9262,,14,1,0,1,1,0,1,0,0,0,0,0,0.000178
11433,,14,2,4,6,2,4,6,8,0.260687,0.272525,3566.350444,0.35,0.000346
8060,,41,0,5,5,0,5,5,8,0.261981,0.273746,0,0.5,0
8065,,22,1,3,4,1,3,4,10,0.175594,0.179103,5505.4366,0.166667,0.000198
8066,,22,2,0,2,2,0,2,0,0,0,0,0.5,0.000371
8067,,16,0,1,1,0,1,1,9,0.232956,0.241234,0,0,0
8068,,16,0,3,3,0,3,3,9,0.190521,0.194793,0,0,0
19015,,16,1,0,1,1,0,1,0,0,0,0,0,0.000168
8070,,16,0,1,1,0,1,1,9,0.219196,0.225231,0,0,0
8071,,7,0,2,2,0,2,2,9,0.233383,0.241213,0,0.5,0
8072,,7,0,2,2,0,2,2,8,0.262003,0.27324,0,0,0
8074,,7,1,0,1,1,0,1,0,0,0,0,0,0.000218
8075,,7,0,1,1,0,1,1,9,0.215743,0.22189,0,0,0
8076,,41,0,1,1,0,1,1,9,0.188591,0.192384,0,0,0
8077,,41,2,1,3,2,1,3,8,0.232411,0.23963,18826,0.166667,0.000344
8942,,2,1,5,6,1,5,6,8,0.235992,0.24426,1.366667,0.5,0.000295
14143,,2,2,4,6,2,4,6,9,0.210648,0.216445,9.896429,0.416667,0.000505
8082,,41,0,2,2,0,2,2,8,0.257554,0.268727,0,0,0
10857,,41,2,0,2,2,0,2,0,0,0,0,0,0.000336
12540,,1,2,1,3,2,1,3,9,0.187446,0.191239,1.720229,0,0.000343
8085,,14,0,1,1,0,1,1,8,0.219698,0.225869,0,0,0
8086,,7,0,1,1,0,1,1,9,0.223156,0.230196,0,0,0
19181,,16,1,5,6,1,5,6,8,0.232425,0.240838,20.399438,0.466667,0.000235
8089,,16,0,1,1,0,1,1,8,0.232418,0.240737,0,0,0
8090,,67,0,3,3,0,3,3,8,0.240371,0.248473,0,0,0
12349,,67,1,0,1,1,0,1,0,0,0,0,0,0.000168
8091,,7,0,3,3,0,3,3,8,0.264844,0.276476,0,0.833333,0
32928,,41,1,2,3,1,2,3,9,0.21783,0.224221,0,0.5,0.00059
8095,,7,0,1,1,0,1,1,8,0.261475,0.272568,0,0,0
8097,,1,0,3,3,0,3,3,8,0.243281,0.251728,0,0,0
8098,,7,0,1,1,0,1,1,8,0.230757,0.238159,0,0,0
8099,,7,0,1,1,0,1,1,9,0.214494,0.22018,0,0,0
8100,,16,0,1,1,0,1,1,10,0.174914,0.178564,0,0,0
8103,,14,0,2,2,0,2,2,8,0.242139,0.250453,0,0,0
8105,,16,0,3,3,0,3,3,8,0.239947,0.249556,0,0.666667,0
8110,,32,0,3,3,0,3,3,8,0.262771,0.273537,0,0,0
8112,,16,0,3,3,0,3,3,9,0.195498,0.200199,0,0,0
19908,,16,1,0,1,1,0,1,0,0,0,0,0,0.000168
30654,,16,1,0,1,1,0,1,0,0,0,0,0,0.000168
8115,,145,0,1,1,0,1,1,1,1,1,0,0,0
8116,,145,1,0,1,1,0,1,0,0,0,0,0,0.000168
8118,,2,0,1,1,0,1,1,9,0.190866,0.19502,0,0,0
8122,,16,1,3,4,1,3,4,7,0.294775,0.309416,5441.666834,0.166667,0.000168
8123,,53,0,1,1,0,1,1,9,0.220297,0.227161,0,0,0
10121,,53,1,0,1,1,0,1,0,0,0,0,0,0.000516
11114,,53,1,0,1,1,0,1,0,0,0,0,0,0.000516
11995,,53,2,1,3,2,1,3,9,0.22029,0.227146,18825,0.5,0.000694
13119,,53,1,0,1,1,0,1,0,0,0,0,0,0.000516
12422,,53,4,1,5,4,1,5,9,0.22029,0.227146,37652,0.083333,0.001026
13332,,53,4,2,6,4,2,6,9,0.220295,0.227182,44799,0.25,0.001044
13693,,53,1,1,2,1,1,2,9,0.22029,0.227146,0,0,0.000516
13169,,53,1,2,3,1,2,3,9,0.220295,0.227182,25975,0,0.000516
13172,,53,1,1,2,1,1,2,9,0.22029,0.227146,0,0,0.000516
14753,,53,1,0,1,1,0,1,0,0,0,0,0,0.000516
14818,,53,1,1,2,1,1,2,9,0.22029,0.227146,0,0,0.000516
14920,,53,1,1,2,1,1,2,9,0.22029,0.227146,0,0,0.000516
12901,,53,2,3,5,2,3,5,9,0.220301,0.227217,25975,0.333333,0.000684
17734,,53,2,2,4,2,2,4,9,0.220293,0.227173,0,1,0.000699
12239,,53,2,2,4,2,2,4,9,0.220293,0.227173,0,1,0.000699
13060,,53,3,2,5,3,2,5,9,0.220295,0.227182,25974,0.333333,0.000858
18335,,53,1,0,1,1,0,1,0,0,0,0,0,0.000516
19136,,53,1,0,1,1,0,1,0,0,0,0,0,0.000516
19067,,53,1,1,2,1,1,2,9,0.22029,0.227146,0,0,0.000516
13171,,53,1,1,2,1,1,2,9,0.22029,0.227146,0,0,0.000516
11224,,53,1,1,2,1,1,2,9,0.22029,0.227146,0,0,0.000516
21674,,53,1,0,1,1,0,1,0,0,0,0,0,0.000516
19324,,53,1,2,3,1,2,3,9,0.220295,0.227182,0,1,0.000516
17179,,53,1,1,2,1,1,2,10,0.180526,0.18424,0,1,0.000516
26267,,53,2,3,5,2,3,5,8,0.267993,0.279056,12150.998162,0.333333,0.000699
28944,,53,2,2,4,2,2,4,9,0.224887,0.231814,0,1,0.000699
28339,,7,1,0,1,1,0,1,0,0,0,0,0,0.000175
8126,,36,0,1,1,0,1,1,8,0.22375,0.230857,0,0,0
8130,,7,0,4,4,0,4,4,8,0.273732,0.28609,0,0.583333,0
8132,,7,1,4,5,1,4,5,8,0.26468,0.275732,37656,0.05,0.000173
29346,,7,1,2,3,1,2,3,9,0.227234,0.234894,158.741789,0.166667,0.000173
19368,,1,1,1,2,1,1,2,9,0.209955,0.215393,0,0,0.000256
19423,,1,1,1,2,1,1,2,9,0.209955,0.215393,0,0,0.000256
24761,,1,1,0,1,1,0,1,0,0,0,0,0,0.000256
8136,,7,0,4,4,0,4,4,8,0.268088,0.279851,0,0.666667,0
9919,,41,2,2,4,2,2,4,9,0.195825,0.200608,0,1,0.000492
8138,,16,0,1,1,0,1,1,8,0.234266,0.242061,0,0,0
8139,,53,0,2,2,0,2,2,8,0.262767,0.273506,0,0,0
8140,,7,0,4,4,0,4,4,9,0.218417,0.224868,0,0.083333,0
17180,,7,1,2,3,1,2,3,9,0.189277,0.193656,110.569557,0.166667,0.000168
8142,,7,1,2,3,1,2,3,9,0.223504,0.230039,18825,0.166667,0.000184
8144,,146,0,2,2,0,2,2,9,0.23712,0.245298,0,0,0
9485,,146,1,0,1,1,0,1,0,0,0,0,0,0.000168
8147,,7,0,1,1,0,1,1,9,0.226897,0.234639,0,0,0
8148,,7,0,2,2,0,2,2,8,0.238946,0.247283,0,0.5,0
8150,,16,0,3,3,0,3,3,9,0.239076,0.247822,0,0.5,0
8152,,16,0,6,6,0,6,6,8,0.254608,0.265406,0,0.266667,0
8155,,7,0,1,1,0,1,1,8,0.262756,0.273466,0,0,0
9748,,442,2,1,3,2,1,3,9,0.213597,0.219437,18826,0,0.000482
33809,,7,1,0,1,1,0,1,0,0,0,0,0,0.000314
8158,,540,1,1,2,1,1,2,1,1,1,1,0,0.000168
8159,,540,1,0,1,1,0,1,0,0,0,0,0,0.000173
8162,,7,1,2,3,1,2,3,8,0.263021,0.273379,0,0.5,0.00111
8166,,7,1,1,2,1,1,2,8,0.234516,0.243062,400.362152,0,0.000189
8168,,16,3,7,10,3,7,10,8,0.281182,0.294171,39526.925763,0.177778,0.001115
8169,,16,0,1,1,0,1,1,8,0.246659,0.25616,0,0,0
8170,,53,0,4,4,0,4,4,8,0.22501,0.232667,0,0.5,0
8171,,41,0,4,4,0,4,4,9,0.235839,0.244021,0,0.25,0
8176,,25,1,0,1,1,0,1,0,0,0,0,0,0.000189
9137,,25,1,1,2,1,1,2,1,1,1,25976,0,0.000189
9967,,25,1,0,1,1,0,1,0,0,0,0,0,0.000189
15896,,25,1,2,3,1,2,3,9,0.220375,0.226544,25975,0,0.000189
20457,,25,2,1,3,2,1,3,8,0.265454,0.276757,253.82221,0.166667,0.000357
8177,,69,0,3,3,0,3,3,9,0.222876,0.230129,0,0.666667,0
8178,,147,0,2,2,0,2,2,10,0.175438,0.178525,0,0,0
8179,,147,1,0,1,1,0,1,0,0,0,0,0,0.000168
8180,,16,0,1,1,0,1,1,9,0.218196,0.224517,0,0,0
8181,,1,0,2,2,0,2,2,9,0.22266,0.230177,0,1,0
8186,,41,0,2,2,0,2,2,8,0.242307,0.251132,0,1,0
8187,,7,0,1,1,0,1,1,9,0.227484,0.234423,0,0,0
14917,,16,1,1,2,1,1,2,9,0.20825,0.213985,0,0,0.000285
15393,,16,1,1,2,1,1,2,9,0.20825,0.213985,0,0,0.000285
31549,,16,1,1,2,1,1,2,9,0.20825,0.213985,0,0,0.000285
32528,,16,1,0,1,1,0,1,0,0,0,0,0,0.000285
8192,,41,0,2,2,0,2,2,9,0.187179,0.190871,0,0.5,0
9982,,41,5,3,8,5,3,8,8,0.230268,0.237219,84137.738907,0.071429,0.001441
8195,,16,0,2,2,0,2,2,8,0.246666,0.256196,0,1,0
23841,,41,2,0,2,2,0,2,0,0,0,0,0,0.000342
8198,,16,1,2,3,1,2,3,9,0.22188,0.229116,3.433796,0.166667,0.000168
8200,,7,0,2,2,0,2,2,7,0.296797,0.311587,0,1,0
8201,,16,0,1,1,0,1,1,8,0.233638,0.242002,0,0,0
8204,,41,0,1,1,0,1,1,8,0.231378,0.23929,0,0,0
8205,,7,0,5,5,0,5,5,8,0.247707,0.257063,0,0.1,0
9797,,81,2,1,3,2,1,3,10,0.184942,0.18873,25974.093478,0,0.000343
8207,,12,0,2,2,0,2,2,8,0.261504,0.272643,0,0,0
11941,,16,1,2,3,1,2,3,9,0.231317,0.23944,138.31415,0,0.000269
28414,,148,1,0,1,1,0,1,0,0,0,0,0,0.000181
8216,,14,0,1,1,0,1,1,1,1,1,0,0,0
8218,,16,0,1,1,0,1,1,8,0.251382,0.261452,0,0,0
8219,,41,0,3,3,0,3,3,8,0.256279,0.266566,0,0.333333,0
8221,,7,0,4,4,0,4,4,8,0.244389,0.253376,0,0.166667,0
10154,,7,1,0,1,1,0,1,0,0,0,0,0,0.000193
34335,,1,1,0,1,1,0,1,0,0,0,0,0,0.000173
8227,,7,0,1,1,0,1,1,9,0.235167,0.243063,0,0,0
19935,,2,1,0,1,1,0,1,0,0,0,0,0,0.000212
28049,,2,1,0,1,1,0,1,0,0,0,0,0,0.000212
8235,,7,0,6,6,0,6,6,8,0.265209,0.276468,0,0.266667,0
9267,,7,1,1,2,1,1,2,9,0.196147,0.200643,1,0,0.000168
8236,,7,0,1,1,0,1,1,9,0.228697,0.235899,0,0,0
26474,,7,1,2,3,1,2,3,8,0.24444,0.25304,24.215782,0.666667,0.000216
15601,,16,1,3,4,1,3,4,9,0.237175,0.246294,205.015684,0,0.000263
8241,,7,0,1,1,0,1,1,9,0.188298,0.192636,0,0,0
8243,,7,0,1,1,0,1,1,10,0.179156,0.182314,0,0,0
22632,,7,1,2,3,1,2,3,8,0.265548,0.276901,731.908319,0.333333,0.000192
13529,,7,1,5,6,1,5,6,8,0.252573,0.263215,427.312324,0.15,0.000192
28357,,7,1,0,1,1,0,1,0,0,0,0,0,0.000211
12113,,16,1,1,2,1,1,2,9,0.206916,0.212456,0,0,0.000301
14164,,16,1,1,2,1,1,2,9,0.206916,0.212456,0,0,0.000301
22915,,16,1,1,2,1,1,2,9,0.206916,0.212456,0,0,0.000301
18448,,81,1,0,1,1,0,1,0,0,0,0,0,0.000194
29013,,41,1,0,1,1,0,1,0,0,0,0,0,0.000235
15703,,1,2,3,5,2,3,5,9,0.210902,0.216414,18825,0.25,0.000539
17459,,1,3,0,3,3,0,3,0,0,0,0,0.333333,0.000703
33854,,1,1,0,1,1,0,1,0,0,0,0,0,0.000355
8258,,1,0,2,2,0,2,2,8,0.238235,0.246397,0,1,0
8259,,36,0,1,1,0,1,1,9,0.18424,0.188106,0,0,0
8260,,36,1,1,2,1,1,2,8,0.225838,0.233103,18827,0,0.000168
28020,,523,2,0,2,2,0,2,0,0,0,0,0,0.000354
8270,,25,1,0,1,1,0,1,0,0,0,0,0,0.000302
8274,,25,1,0,1,1,0,1,0,0,0,0,0,0.000302
8278,,25,1,2,3,1,2,3,9,0.208598,0.213944,4.896656,0.166667,0.000302
9014,,25,1,0,1,1,0,1,0,0,0,0,0,0.000302
9015,,25,1,0,1,1,0,1,0,0,0,0,0,0.000302
10935,,25,1,0,1,1,0,1,0,0,0,0,0,0.000302
12647,,25,1,1,2,1,1,2,9,0.20675,0.212122,0,0,0.000302
15738,,25,1,0,1,1,0,1,0,0,0,0,0,0.000302
19170,,25,1,0,1,1,0,1,0,0,0,0,0,0.000302
32507,,25,1,0,1,1,0,1,0,0,0,0,0,0.000302
16108,,81,12,13,25,12,13,25,10,0.173382,0.176974,306288.499592,0.109524,0.002393
21587,,81,8,7,15,8,7,15,11,0.147796,0.150141,289412.8902,0.044872,0.001427
22448,,81,4,3,7,4,3,7,11,0.15248,0.15494,18834.182258,0.3,0.00076
31097,,81,2,0,2,2,0,2,0,0,0,0,0,0.000358
24328,,81,5,3,8,5,3,8,11,0.147774,0.149952,29381.887762,0.160714,0.000913
35657,,81,1,0,1,1,0,1,0,0,0,0,0,0.00019
31561,,7,1,0,1,1,0,1,0,0,0,0,0,0.000256
8268,,7,1,2,3,1,2,3,8,0.253051,0.263061,0,0.5,0.000177
8269,,41,0,1,1,0,1,1,8,0.257544,0.268689,0,0,0
8271,,7,0,1,1,0,1,1,10,0.190625,0.19526,0,0,0
8272,,81,0,2,2,0,2,2,9,0.224797,0.232451,0,1,0
8273,,16,0,1,1,0,1,1,9,0.225957,0.2335,0,0,0
8276,,7,0,1,1,0,1,1,8,0.262756,0.273466,0,0,0
8279,,7,0,2,2,0,2,2,8,0.272452,0.284046,0,0,0
8285,,25,0,1,1,0,1,1,11,0.144807,0.146536,0,0,0
8286,,16,0,1,1,0,1,1,11,0.153491,0.155642,0,0,0
8287,,12,0,1,1,0,1,1,9,0.204877,0.209719,0,0,0
30570,,12,2,0,2,2,0,2,0,0,0,0,0,0.000581
8290,,7,0,1,1,0,1,1,8,0.263278,0.27399,0,0,0
8293,,7,0,1,1,0,1,1,9,0.218863,0.225419,0,0,0
8297,,41,0,1,1,0,1,1,9,0.234736,0.243231,0,0,0
16623,,16,1,0,1,1,0,1,0,0,0,0,0,0.000235
11187,,36,3,2,5,3,2,5,8,0.26212,0.273297,4075.819125,0.15,0.000547
8306,,16,0,3,3,0,3,3,9,0.223553,0.230349,0,0.166667,0
8309,,41,0,2,2,0,2,2,9,0.23316,0.240893,0,1,0
8310,,53,0,4,4,0,4,4,9,0.235526,0.244925,0,0,0
8311,,7,0,1,1,0,1,1,8,0.224983,0.23254,0,0,0
8312,,81,0,1,1,0,1,1,9,0.19166,0.19573,0,0,0
8314,,65,0,3,3,0,3,3,8,0.23445,0.242078,0,0.5,0
8315,,65,1,1,2,1,1,2,8,0.234438,0.242011,0,0.5,0.000168
8316,,16,0,2,2,0,2,2,9,0.217254,0.223824,0,0,0
10359,,16,1,1,2,1,1,2,1,1,1,1,0,0.000168
9821,,7,1,1,2,1,1,2,9,0.221402,0.228253,0,1,0.000217
18006,,65,1,0,1,1,0,1,0,0,0,0,0,0.000187
8321,,65,0,1,1,0,1,1,9,0.195014,0.200132,0,0,0
8323,,36,0,1,1,0,1,1,9,0.219926,0.226711,0,0,0
10298,,14,1,3,4,1,3,4,9,0.209457,0.215567,0,0.5,0.000201
20243,,14,1,0,1,1,0,1,0,0,0,0,0,0.000201
24105,,14,1,0,1,1,0,1,0,0,0,0,0,0.000201
8330,,22,0,1,1,0,1,1,9,0.21286,0.218905,0,0,0
8332,,22,0,1,1,0,1,1,9,0.21286,0.218905,0,0,0
8334,,16,0,1,1,0,1,1,9,0.231783,0.240091,0,0,0
8340,,16,0,1,1,0,1,1,9,0.208019,0.213884,0,0,0
27423,,16,1,1,2,1,1,2,9,0.225591,0.232932,80.543166,0,0.000362
8348,,16,0,1,1,0,1,1,9,0.217729,0.224141,0,0,0
8352,,5,0,2,2,0,2,2,8,0.225785,0.232654,0,0,0
8353,,5,1,0,1,1,0,1,0,0,0,0,0,0.000168
8354,,65,0,1,1,0,1,1,2,0.666667,0.75,0,0,0
9941,,7,1,2,3,1,2,3,8,0.264626,0.276211,134.128793,0.333333,0.001798
15607,,7,1,0,1,1,0,1,0,0,0,0,0,0.001798
17463,,41,2,0,2,2,0,2,0,0,0,0,0,0.002038
8783,,41,3,1,4,3,1,4,8,0.235749,0.244202,3077.020104,0.25,0.00221
19037,,7,1,0,1,1,0,1,0,0,0,0,0,0.001798
19219,,7,1,0,1,1,0,1,0,0,0,0,0,0.001798
20264,,7,1,0,1,1,0,1,0,0,0,0,0,0.001798
22350,,7,1,0,1,1,0,1,0,0,0,0,0,0.001798
33787,,686,2,0,2,2,0,2,0,0,0,0,0,0.001966
8357,,7,0,1,1,0,1,1,9,0.229752,0.236924,0,0,0
8358,,7,0,1,1,0,1,1,9,0.229752,0.236924,0,0,0
8359,,7,0,1,1,0,1,1,1,1,1,0,0,0
8362,,149,0,2,2,0,2,2,8,0.235674,0.243136,0,0,0
20589,,149,1,0,1,1,0,1,0,0,0,0,0,0.000168
8363,,16,0,1,1,0,1,1,8,0.251382,0.261452,0,0,0
12586,,36,1,0,1,1,0,1,0,0,0,0,0,0.000181
22808,,36,1,0,1,1,0,1,0,0,0,0,0,0.000181
8369,,7,0,1,1,0,1,1,8,0.24587,0.25403,0,0,0
8372,,7,1,5,6,1,5,6,8,0.266597,0.278196,26591.568773,0.1,0.000311
8375,,32,0,1,1,0,1,1,9,0.202563,0.207588,0,0,0
8377,,22,1,3,4,1,3,4,9,0.212877,0.219,38959,0.333333,0.000198
8780,,22,1,1,2,1,1,2,9,0.212855,0.218899,0,1,0.000198
8781,,22,2,6,8,2,6,8,9,0.212894,0.219111,44469.226643,0.160714,0.00037
9203,,22,1,0,1,1,0,1,0,0,0,0,0,0.000198
16729,,67,1,0,1,1,0,1,0,0,0,0,0,0.000184
8379,,7,0,1,1,0,1,1,8,0.23625,0.244472,0,0,0
8380,,16,0,1,1,0,1,1,9,0.218196,0.224517,0,0,0
8381,,7,0,1,1,0,1,1,9,0.215636,0.22161,0,0,0
11920,,7,1,1,2,1,1,2,1,1,1,0,0.5,0.000188
8383,,81,0,1,1,0,1,1,9,0.191664,0.195747,0,0,0
8389,,65,0,1,1,0,1,1,9,0.190154,0.194142,0,0,0
8390,,41,0,5,5,0,5,5,8,0.249467,0.259035,0,0,0
8391,,7,0,1,1,0,1,1,9,0.222889,0.229835,0,0,0
8392,,7,0,1,1,0,1,1,10,0.182409,0.186162,0,0,0
8395,,7,0,1,1,0,1,1,9,0.207609,0.212853,0,0,0
8396,,16,0,1,1,0,1,1,8,0.246114,0.255055,0,0,0
8397,,41,0,1,1,0,1,1,8,0.257544,0.268689,0,0,0
17616,,1,1,1,2,1,1,2,10,0.161728,0.164253,25974,0.5,0.000221
18666,,1,1,0,1,1,0,1,0,0,0,0,0,0.000221
13596,,1,2,2,4,2,2,4,9,0.192929,0.197269,44799,0,0.000411
20489,,1,3,1,4,3,1,4,9,0.218037,0.224799,19489.724157,0.083333,0.000557
35181,,1,1,0,1,1,0,1,0,0,0,0,0,0.000221
8401,,7,0,2,2,0,2,2,8,0.265472,0.276811,0,0.5,0
19823,,16,1,3,4,1,3,4,8,0.236641,0.24535,0,1,0.000257
20991,,16,1,0,1,1,0,1,0,0,0,0,0,0.000257
21170,,16,1,0,1,1,0,1,0,0,0,0,0,0.000257
22383,,16,1,0,1,1,0,1,0,0,0,0,0,0.000257
22868,,16,1,1,2,1,1,2,9,0.206822,0.212249,0,0,0.000257
33208,,16,1,2,3,1,2,3,9,0.207282,0.212771,0,1,0.000257
8404,,36,0,1,1,0,1,1,9,0.21389,0.220139,0,0,0
33427,,7,1,1,2,1,1,2,8,0.223972,0.231197,145.991229,0,0.00019
8408,,65,0,1,1,0,1,1,8,0.236841,0.24458,0,0,0
8409,,16,0,1,1,0,1,1,8,0.251382,0.261452,0,0,0
14822,,36,2,1,3,2,1,3,9,0.20808,0.213618,298.63442,0,0.000542
31668,,36,1,2,3,1,2,3,9,0.207932,0.21343,25974.6,0.166667,0.000276
25931,,36,1,2,3,1,2,3,9,0.213735,0.22001,19.631225,0.166667,0.000276
8414,,7,0,1,1,0,1,1,9,0.193032,0.196903,0,0,0
8418,,150,0,1,1,0,1,1,1,1,1,0,0,0
8419,,150,1,0,1,1,0,1,0,0,0,0,0,0.000168
8424,,7,0,2,2,0,2,2,9,0.212749,0.218765,0,0,0
8425,,41,0,1,1,0,1,1,8,0.225241,0.232016,0,0,0
8427,,7,0,2,2,0,2,2,9,0.229019,0.236525,0,0,0
8429,,7,0,2,2,0,2,2,8,0.263296,0.274723,0,0.5,0
8431,,16,0,1,1,0,1,1,10,0.177494,0.181046,0,0,0
8432,,16,0,1,1,0,1,1,10,0.177494,0.181046,0,0,0
8433,,67,0,1,1,0,1,1,2,0.6,0.666667,0,0,0
8434,,41,0,1,1,0,1,1,9,0.217487,0.223937,0,0,0
17769,,12,1,0,1,1,0,1,0,0,0,0,0,0.000206
8436,,7,0,1,1,0,1,1,8,0.263621,0.273995,0,0,0
8440,,41,1,0,1,1,0,1,0,0,0,0,0,0.000384
8811,,41,1,1,2,1,1,2,10,0.179795,0.183093,30.592894,0,0.000384
9170,,41,1,0,1,1,0,1,0,0,0,0,0,0.000384
11087,,41,1,0,1,1,0,1,0,0,0,0,0,0.000384
14971,,41,1,2,3,1,2,3,8,0.262212,0.272635,3522.627826,0.166667,0.000384
15132,,41,1,1,2,1,1,2,8,0.230242,0.237133,0,0,0.000384
15030,,41,2,2,4,2,2,4,8,0.232403,0.239488,2348.92035,0.166667,0.001104
23373,,41,1,0,1,1,0,1,0,0,0,0,0,0.000384
24227,,41,1,1,2,1,1,2,8,0.230242,0.237133,0,0,0.000384
28666,,41,1,0,1,1,0,1,0,0,0,0,0,0.000384
32705,,41,1,0,1,1,0,1,0,0,0,0,0,0.000384
30650,,41,1,1,2,1,1,2,10,0.17342,0.176686,311.263608,0,0.000384
8443,,7,0,1,1,0,1,1,10,0.166256,0.168972,0,0,0
8445,,7,0,2,2,0,2,2,8,0.262357,0.273572,0,0,0
8448,,69,0,1,1,0,1,1,9,0.189055,0.193414,0,0,0
11502,,7,1,0,1,1,0,1,0,0,0,0,0,0.000287
8454,,16,0,1,1,0,1,1,8,0.246114,0.255055,0,0,0
8455,,53,0,1,1,0,1,1,9,0.220297,0.227161,0,0,0
8456,,65,0,3,3,0,3,3,9,0.196456,0.202065,0,0,0
8461,,7,0,6,6,0,6,6,8,0.265873,0.277247,0,0.5,0
8464,,7,0,1,1,0,1,1,9,0.199921,0.204514,0,0,0
8466,,25,1,4,5,1,4,5,7,0.297757,0.312803,34833.090525,0.2,0.000184
8467,,25,1,0,1,1,0,1,0,0,0,0,0,0.000173
8468,,7,0,1,1,0,1,1,9,0.230193,0.238549,0,0,0
8469,,14,1,1,2,1,1,2,9,0.208091,0.213257,1,0,0.000168
8472,,151,0,1,1,0,1,1,1,1,1,0,0,0
8473,,151,1,0,1,1,0,1,0,0,0,0,0,0.000168
8476,,7,0,1,1,0,1,1,9,0.204919,0.209983,0,0,0
8478,,2,0,1,1,0,1,1,1,1,1,0,0,0
8479,,7,0,1,1,0,1,1,8,0.23999,0.247696,0,0,0
8480,,7,0,1,1,0,1,1,9,0.216644,0.223009,0,0,0
8481,,1,0,5,5,0,5,5,10,0.17306,0.176392,0,0,0
12409,,1,1,0,1,1,0,1,0,0,0,0,0,0.000168
19383,,1,3,2,5,3,2,5,9,0.209219,0.214914,56481,0,0.000504
20757,,1,1,0,1,1,0,1,0,0,0,0,0,0.000168
35564,,41,1,0,1,1,0,1,0,0,0,0,0,0.00021
8485,,152,0,1,1,0,1,1,1,1,1,0,0,0
8486,,152,1,0,1,1,0,1,0,0,0,0,0,0.000168
8490,,14,4,7,11,4,7,11,9,0.24021,0.249076,65961.674484,0.25,0.00085
18462,,14,2,8,10,2,8,10,9,0.219157,0.226053,39325.809277,0.232143,0.000504
22396,,14,6,5,11,6,5,11,8,0.275274,0.288368,38401.23366,0.291667,0.001215
30170,,14,3,0,3,3,0,3,0,0,0,0,0,0.000525
31548,,14,2,6,8,2,6,8,9,0.242378,0.25118,594.426235,0.452381,0.000369
34700,,14,1,1,2,1,1,2,9,0.202694,0.207578,0,1,0.000189
8492,,7,0,1,1,0,1,1,8,0.265449,0.276753,0,0,0
8493,,53,1,5,6,1,5,6,8,0.247061,0.256529,3742.223964,0.3,0.000168
16286,,53,1,1,2,1,1,2,9,0.189936,0.194248,2,0,0.000173
8496,,22,0,1,1,0,1,1,9,0.21286,0.218905,0,0,0
8497,,41,0,3,3,0,3,3,8,0.226376,0.233971,0,0.666667,0
8499,,67,1,1,2,1,1,2,1,1,1,1,0,0.000168
8500,,67,2,0,2,2,0,2,0,0,0,0,0,0.000341
12033,,7,1,0,1,1,0,1,0,0,0,0,0,0.000193
14947,,7,2,1,3,2,1,3,9,0.201511,0.20594,16.71882,0,0.000366
8504,,7,0,1,1,0,1,1,8,0.248325,0.257194,0,0,0
8506,,7,0,2,2,0,2,2,8,0.262885,0.273688,0,0,0
8507,,16,0,1,1,0,1,1,8,0.244433,0.254493,0,0,0
8508,,7,0,2,2,0,2,2,8,0.249645,0.258649,0,1,0
8509,,16,0,1,1,0,1,1,8,0.251382,0.261452,0,0,0
8512,,41,0,2,2,0,2,2,10,0.172473,0.175734,0,0.5,0
8729,,41,1,2,3,1,2,3,10,0.172467,0.175717,1,0.166667,0.000168
8514,,41,0,6,6,0,6,6,9,0.235444,0.244207,0,0.433333,0
8816,,41,1,2,3,1,2,3,9,0.203335,0.20858,0,0.5,0.000168
8515,,41,0,2,2,0,2,2,9,0.235176,0.243717,0,1,0
8516,,7,0,1,1,0,1,1,9,0.204426,0.209527,0,0,0
8517,,65,2,5,7,2,5,7,9,0.191551,0.195653,2065.998333,0.533333,0.000543
8518,,65,3,7,10,3,7,10,9,0.191555,0.195706,41028.898333,0.25,0.000659
9120,,65,28,18,46,28,18,46,9,0.208779,0.214611,1089952.26512,0.053977,0.00508
9222,,65,14,4,18,14,4,18,9,0.191551,0.195622,45682.863756,0.202206,0.002667
9221,,65,7,4,11,7,4,11,10,0.172736,0.175974,44799.25,0.333333,0.001385
8532,,65,1,0,1,1,0,1,0,0,0,0,0,0.000184
10405,,65,14,4,18,14,4,18,10,0.172725,0.175935,24.5,0.225,0.002725
14991,,65,2,0,2,2,0,2,0,0,0,0,0,0.000364
8520,,16,0,1,1,0,1,1,8,0.233638,0.242002,0,0,0
8527,,7,0,1,1,0,1,1,1,1,1,0,0,0
8528,,65,0,1,1,0,1,1,8,0.236841,0.24458,0,0,0
8529,,32,0,1,1,0,1,1,1,1,1,0,0,0
8530,,16,0,1,1,0,1,1,9,0.230024,0.237286,0,0,0
8531,,69,0,1,1,0,1,1,9,0.189055,0.193414,0,0,0
8533,,67,0,1,1,0,1,1,10,0.181768,0.185669,0,0,0
8536,,41,1,1,2,1,1,2,9,0.200657,0.205452,219.300982,0,0.003359
8538,,65,0,1,1,0,1,1,9,0.211784,0.217425,0,0,0
8541,,16,0,1,1,0,1,1,9,0.224355,0.231354,0,0,0
8543,,41,0,4,4,0,4,4,9,0.235426,0.244122,0,0.666667,0
8544,,1,1,1,2,1,1,2,1,1,1,0,0,0.000179
8546,,7,0,1,1,0,1,1,8,0.23999,0.247696,0,0,0
8548,,7,0,1,1,0,1,1,8,0.239368,0.247149,0,0,0
18736,,16,1,3,4,1,3,4,9,0.222659,0.230197,35.388081,0,0.000188
8552,,7,0,1,1,0,1,1,8,0.233287,0.240487,0,0,0
8554,,16,0,1,1,0,1,1,9,0.207707,0.213381,0,0,0
10172,,41,1,0,1,1,0,1,0,0,0,0,0,0.000414
15306,,41,1,0,1,1,0,1,0,0,0,0,0,0.000414
17792,,41,1,0,1,1,0,1,0,0,0,0,0,0.000414
23455,,41,2,0,2,2,0,2,0,0,0,0,1,0.000794
8558,,584,1,1,2,1,1,2,8,0.236244,0.243783,18827,0,0.000168
8561,,36,0,2,2,0,2,2,10,0.180356,0.18412,0,0,0
8562,,7,0,3,3,0,3,3,8,0.246098,0.255846,0,0,0
31900,,7,1,1,2,1,1,2,9,0.226106,0.233167,0,0,0.000225
8569,,22,0,1,1,0,1,1,1,1,1,0,0,0
18002,,7,1,0,1,1,0,1,0,0,0,0,0,0.000173
15925,,7,2,3,5,2,3,5,8,0.263415,0.274204,2.287321,0.583333,0.000367
24266,,7,1,0,1,1,0,1,0,0,0,0,0,0.000192
13222,,41,1,0,1,1,0,1,0,0,0,0,0,0.000239
26917,,16,1,1,2,1,1,2,9,0.227598,0.235178,19.368984,0,0.000212
8581,,41,0,1,1,0,1,1,9,0.195066,0.199384,0,0,0
8582,,16,1,4,5,1,4,5,8,0.238286,0.246508,53034.532295,0,0.000178
24029,,16,1,0,1,1,0,1,0,0,0,0,0,0.000173
35435,,16,1,0,1,1,0,1,0,0,0,0,0,0.000173
8583,,7,0,1,1,0,1,1,8,0.262756,0.273466,0,0,0
8586,,14,0,1,1,0,1,1,8,0.247395,0.256736,0,0,0
8590,,7,0,2,2,0,2,2,8,0.247395,0.256111,0,0.5,0
18923,,58,1,0,1,1,0,1,0,0,0,0,0,0.000178
18751,,7,1,1,2,1,1,2,9,0.200066,0.204368,0,0.5,0.00042
18781,,7,1,0,1,1,0,1,0,0,0,0,0,0.00042
18872,,7,1,2,3,1,2,3,9,0.223319,0.230667,0.66602,0.166667,0.00042
9062,,7,1,1,2,1,1,2,10,0.179157,0.182315,0,0.5,0.00042
19357,,7,1,0,1,1,0,1,0,0,0,0,0,0.00042
19431,,7,2,0,2,2,0,2,0,0,0,0,0.5,0.000838
20581,,7,1,0,1,1,0,1,0,0,0,0,0,0.00042
20834,,7,1,0,1,1,0,1,0,0,0,0,0,0.00042
21538,,12,1,2,3,1,2,3,8,0.255406,0.26568,82.265938,0.166667,0.00042
22223,,7,1,0,1,1,0,1,0,0,0,0,0,0.00042
22512,,12,1,1,2,1,1,2,1,1,1,677.280058,0,0.00042
23919,,7,1,0,1,1,0,1,0,0,0,0,0,0.00042
24894,,7,1,0,1,1,0,1,0,0,0,0,0,0.00042
24958,,7,1,0,1,1,0,1,0,0,0,0,0,0.00042
25144,,7,1,0,1,1,0,1,0,0,0,0,0,0.00042
25145,,7,1,0,1,1,0,1,0,0,0,0,0,0.00042
22493,,7,1,1,2,1,1,2,8,0.236252,0.244475,8.818079,0,0.00042
26575,,7,1,0,1,1,0,1,0,0,0,0,0,0.00042
27036,,7,1,0,1,1,0,1,0,0,0,0,0,0.00042
9383,,12,1,10,11,1,10,11,8,0.259751,0.270731,55.536468,0.081818,0.00042
27545,,7,1,0,1,1,0,1,0,0,0,0,0,0.00042
27728,,7,1,1,2,1,1,2,9,0.228476,0.235727,0,0.5,0.00042
24469,,12,1,3,4,1,3,4,8,0.263533,0.27445,1.190379,0.166667,0.00042
27489,,12,4,2,6,4,2,6,12,0.126133,0.127434,37657.909161,0.1,0.000977
28910,,7,1,1,2,1,1,2,8,0.242475,0.251061,0,0.5,0.00042
29423,,7,1,0,1,1,0,1,0,0,0,0,0,0.00042
29449,,7,2,0,2,2,0,2,0,0,0,0,0.5,0.000838
30751,,7,1,0,1,1,0,1,0,0,0,0,0,0.00042
31454,,7,1,1,2,1,1,2,1,1,1,372.799528,0,0.00042
33595,,7,1,0,1,1,0,1,0,0,0,0,0,0.00042
33377,,12,1,2,3,1,2,3,10,0.17751,0.180803,31.267308,0.166667,0.00042
8596,,7,0,2,2,0,2,2,10,0.196311,0.201102,0,0,0
8599,,7,1,2,3,1,2,3,8,0.261631,0.272806,996.803279,0.333333,0.000168
10471,,16,2,0,2,2,0,2,0,0,0,0,0,0.000366
8603,,32,0,1,1,0,1,1,1,1,1,0,0,0
8609,,7,0,2,2,0,2,2,8,0.233545,0.241612,0,0.5,0
8610,,81,0,2,2,0,2,2,9,0.224797,0.232451,0,1,0
8611,,7,0,7,7,0,7,7,8,0.242704,0.251545,0,0,0
8615,,16,0,1,1,0,1,1,8,0.222153,0.229249,0,0,0
8616,,16,0,1,1,0,1,1,9,0.216318,0.222799,0,0,0
8617,,1,0,1,1,0,1,1,8,0.230717,0.238683,0,0,0
8619,,1,0,1,1,0,1,1,8,0.230717,0.238683,0,0,0
8621,,7,0,1,1,0,1,1,9,0.226164,0.233246,0,0,0
8622,,7,0,1,1,0,1,1,10,0.179156,0.182314,0,0,0
8625,,7,0,11,11,0,11,11,8,0.262635,0.27402,0,0.081818,0
8627,,1,0,1,1,0,1,1,9,0.187829,0.192073,0,0,0
8630,,7,0,3,3,0,3,3,9,0.220413,0.22762,0,0,0
8633,,7,0,1,1,0,1,1,8,0.254062,0.263563,0,0,0
8635,,16,0,2,2,0,2,2,9,0.233774,0.241057,0,1,0
8636,,16,0,2,2,0,2,2,8,0.247174,0.256728,0,0,0
8637,,22,0,1,1,0,1,1,9,0.21286,0.218905,0,0,0
21141,,7,1,2,3,1,2,3,8,0.243375,0.251303,4.185462,0.166667,0.000189
8643,,7,0,1,1,0,1,1,8,0.220725,0.227864,0,0,0
8645,,7,0,1,1,0,1,1,8,0.24045,0.247995,0,0,0
8647,,7,0,1,1,0,1,1,9,0.21002,0.215689,0,0,0
8648,,14,0,1,1,0,1,1,9,0.217915,0.224606,0,0,0
34517,,7,2,1,3,2,1,3,8,0.230753,0.238153,518.108373,0.333333,0.000617
8654,,7,0,1,1,0,1,1,9,0.228697,0.235899,0,0,0
8655,,41,0,1,1,0,1,1,8,0.257544,0.268689,0,0,0
8658,,1,0,1,1,0,1,1,8,0.238232,0.246371,0,0,0
8660,,7,0,1,1,0,1,1,8,0.232564,0.240768,0,0,0
8661,,7,0,1,1,0,1,1,1,1,1,0,0,0
8662,,16,0,1,1,0,1,1,9,0.195481,0.200114,0,0,0
8665,,67,0,2,2,0,2,2,1,1,1,0,0,0
16174,,67,1,0,1,1,0,1,0,0,0,0,0,0.000168
8667,,7,0,1,1,0,1,1,8,0.262756,0.273466,0,0,0
8670,,69,0,4,4,0,4,4,8,0.231905,0.239829,0,0,0
8671,,16,1,1,2,1,1,2,1,1,1,0,0.5,0.000175
8672,,16,2,0,2,2,0,2,0,0,0,0,0.5,0.000348
16017,,41,1,3,4,1,3,4,9,0.216637,0.222761,51990.209958,0,0.000206
29950,,7,1,0,1,1,0,1,0,0,0,0,0,0.000177
8675,,7,0,2,2,0,2,2,9,0.204144,0.20965,0,0,0
8676,,7,0,1,1,0,1,1,9,0.212759,0.218522,0,0,0
8681,,16,0,2,2,0,2,2,9,0.220802,0.227745,0,0,0
8682,,16,1,1,2,1,1,2,9,0.223331,0.229923,332.121162,0,0.000168
8685,,7,0,1,1,0,1,1,9,0.227396,0.235291,0,0,0
8686,,1,0,2,2,0,2,2,8,0.231145,0.239364,0,1,0
18402,,7,1,0,1,1,0,1,0,0,0,0,0,0.000204
8690,,7,0,1,1,0,1,1,8,0.254062,0.263563,0,0,0
8692,,16,0,1,1,0,1,1,8,0.230667,0.237711,0,0,0
8719,,36,1,4,5,1,4,5,9,0.210622,0.216542,25984.415311,0.083333,0.000197
16137,,485,3,0,3,3,0,3,0,0,0,0,0,0.000599
8700,,7,1,3,4,1,3,4,8,0.246191,0.254438,5.775603,0.083333,0.000168
15964,,53,1,0,1,1,0,1,0,0,0,0,0,0.00018
8705,,7,0,1,1,0,1,1,10,0.179867,0.183178,0,0,0
8712,,7,0,1,1,0,1,1,9,0.208593,0.214177,0,0,0
8713,,7,0,1,1,0,1,1,9,0.220501,0.227103,0,0,0
14080,,7,1,2,3,1,2,3,8,0.247064,0.256767,0,1,0.000255
8715,,14,0,1,1,0,1,1,1,1,1,0,0,0
8717,,16,0,1,1,0,1,1,8,0.240389,0.248209,0,0,0
26493,,36,1,0,1,1,0,1,0,0,0,0,0,0.000173
27346,,41,1,0,1,1,0,1,0,0,0,0,0,0.000371
8722,,14,0,1,1,0,1,1,8,0.22747,0.234557,0,0,0
8723,,41,0,1,1,0,1,1,9,0.210266,0.215721,0,0,0
8728,,36,1,2,3,1,2,3,8,0.232365,0.238903,92.192045,0.166667,0.00019
22322,,36,1,2,3,1,2,3,8,0.225734,0.233166,227.429426,0,0.00019
8730,,41,1,0,1,1,0,1,0,0,0,0,0,0.000173
33127,,7,1,0,1,1,0,1,0,0,0,0,0,0.000338
8733,,41,0,1,1,0,1,1,10,0.190114,0.194496,0,0,0
8737,,41,0,1,1,0,1,1,9,0.205609,0.210924,0,0,0
8741,,7,0,1,1,0,1,1,8,0.24685,0.256506,0,0,0
8747,,153,0,1,1,0,1,1,1,1,1,0,0,0
8748,,153,1,0,1,1,0,1,0,0,0,0,0,0.000168
22169,,7,1,0,1,1,0,1,0,0,0,0,0,0.00019
8751,,16,1,1,2,1,1,2,9,0.199185,0.203981,12.96492,0,0.00018
24701,,16,1,0,1,1,0,1,0,0,0,0,0,0.000412
8757,,16,0,2,2,0,2,2,8,0.249715,0.260661,0,1,0
8759,,7,0,1,1,0,1,1,9,0.208593,0.214177,0,0,0
11095,,25,1,0,1,1,0,1,0,0,0,0,0,0.00023
17890,,25,1,0,1,1,0,1,0,0,0,0,0,0.00023
8763,,7,0,2,2,0,2,2,8,0.264205,0.275138,0,1,0
8764,,7,0,1,1,0,1,1,9,0.226406,0.233591,0,0,0
12391,,2,1,0,1,1,0,1,0,0,0,0,0,0.000223
12309,,2,2,2,4,2,2,4,9,0.190879,0.195086,44799,0,0.000396
8768,,7,0,1,1,0,1,1,8,0.248302,0.257867,0,0,0
8771,,67,0,1,1,0,1,1,9,0.207627,0.213,0,0,0
31231,,7,1,1,2,1,1,2,9,0.213954,0.22035,0,0,0.000392
32147,,7,1,1,2,1,1,2,1,1,1,22.417937,0,0.000392
23933,,67,3,0,3,3,0,3,0,0,0,0,0.166667,0.000558
8776,,65,0,1,1,0,1,1,9,0.213606,0.219549,0,0,0
8777,,65,0,1,1,0,1,1,9,0.195014,0.200132,0,0,0
8782,,7,0,1,1,0,1,1,10,0.196307,0.201066,0,0,0
8785,,7,0,1,1,0,1,1,8,0.231137,0.237861,0,0,0
22116,,7,1,0,1,1,0,1,0,0,0,0,0,0.000186
8788,,7,0,5,5,0,5,5,8,0.230948,0.238749,0,0.1,0
8789,,7,1,0,1,1,0,1,0,0,0,0,0,0.000168
8790,,7,0,4,4,0,4,4,7,0.297782,0.312679,0,0.416667,0
8794,,7,0,1,1,0,1,1,9,0.207902,0.213248,0,0,0
8796,,16,0,1,1,0,1,1,10,0.173217,0.176348,0,0,0
26351,,16,1,0,1,1,0,1,0,0,0,0,0,0.000183
25643,,7,1,1,2,1,1,2,10,0.187415,0.191572,0,0,0.000189
8802,,14,0,1,1,0,1,1,9,0.222258,0.229364,0,0,0
8803,,14,0,1,1,0,1,1,9,0.217915,0.224606,0,0,0
8804,,7,0,8,8,0,8,8,8,0.276262,0.28934,0,0.517857,0
8805,,16,0,2,2,0,2,2,9,0.227996,0.235575,0,1,0
8806,,7,0,1,1,0,1,1,8,0.248302,0.257867,0,0,0
8808,,7,0,1,1,0,1,1,8,0.23532,0.242676,0,0,0
8810,,16,0,1,1,0,1,1,8,0.239859,0.247713,0,0,0
8817,,41,0,2,2,0,2,2,9,0.203335,0.20858,0,0.5,0
9162,,41,1,1,2,1,1,2,9,0.234735,0.24323,0,0.5,0.000184
22674,,7,1,1,2,1,1,2,8,0.248761,0.257751,22.430368,0,0.000299
8822,,7,0,1,1,0,1,1,9,0.225592,0.232933,0,0,0
12575,,7,2,6,8,2,6,8,8,0.242247,0.250665,52966.533044,0.071429,0.000444
8824,,16,0,3,3,0,3,3,8,0.234751,0.243168,0,0.333333,0
8825,,16,1,0,1,1,0,1,0,0,0,0,0,0.000168
8827,,7,0,3,3,0,3,3,9,0.238389,0.246454,0,0.166667,0
8837,,7,0,1,1,0,1,1,9,0.226164,0.233246,0,0,0
8838,,41,0,2,2,0,2,2,8,0.235771,0.243964,0,0,0
8839,,41,0,2,2,0,2,2,8,0.233632,0.241466,0,0.5,0
29448,,7,1,0,1,1,0,1,0,0,0,0,0,0.000184
10381,,7,1,2,3,1,2,3,8,0.250043,0.25993,4.513568,0.5,0.000186
8848,,7,0,2,2,0,2,2,8,0.249038,0.257854,0,0,0
8850,,16,0,1,1,0,1,1,9,0.222702,0.229324,0,0,0
8852,,7,0,1,1,0,1,1,8,0.265449,0.276753,0,0,0
8856,,154,0,1,1,0,1,1,1,1,1,0,0,0
8857,,154,1,0,1,1,0,1,0,0,0,0,0,0.000168
8858,,7,0,1,1,0,1,1,9,0.19212,0.196187,0,0,0
8859,,7,1,4,5,1,4,5,8,0.237796,0.245671,18827,0.1,0.000168
34696,,7,1,0,1,1,0,1,0,0,0,0,0,0.000196
8864,,7,0,1,1,0,1,1,9,0.197329,0.20201,0,0,0
8866,,7,0,1,1,0,1,1,9,0.197329,0.20201,0,0,0
11260,,65,3,3,6,3,3,6,8,0.235761,0.243129,64746.01068,0.2,0.000602
22911,,65,1,0,1,1,0,1,0,0,0,0,0,0.000196
27805,,65,1,0,1,1,0,1,0,0,0,0,0,0.000196
28404,,65,1,0,1,1,0,1,0,0,0,0,0,0.000196
8869,,14,0,1,1,0,1,1,8,0.25615,0.266929,0,0,0
8870,,7,0,1,1,0,1,1,9,0.206138,0.211377,0,0,0
8871,,7,0,2,2,0,2,2,9,0.224264,0.230484,0,0,0
8876,,53,0,1,1,0,1,1,10,0.180535,0.184256,0,0,0
8877,,53,1,1,2,1,1,2,9,0.220297,0.227161,18827,0,0.000168
8878,,7,0,2,2,0,2,2,9,0.214795,0.220987,0,0.5,0
8880,,7,0,1,1,0,1,1,9,0.214494,0.22018,0,0,0
8882,,7,0,5,5,0,5,5,8,0.237856,0.246651,0,0,0
13328,,7,1,0,1,1,0,1,0,0,0,0,0,0.000168
8889,,7,0,1,1,0,1,1,9,0.229833,0.237605,0,0,0
8890,,16,0,1,1,0,1,1,8,0.246659,0.25616,0,0,0
8896,,16,0,1,1,0,1,1,8,0.234266,0.242061,0,0,0
8897,,7,0,1,1,0,1,1,8,0.261475,0.272568,0,0,0
8899,,65,0,1,1,0,1,1,8,0.235576,0.242737,0,0,0
13750,,1,5,0,5,5,0,5,0,0,0,0,0,0.0009
8903,,81,0,1,1,0,1,1,9,0.224787,0.232402,0,0,0
8906,,16,0,4,4,0,4,4,8,0.252156,0.262364,0,0.666667,0
8908,,7,0,2,2,0,2,2,8,0.262771,0.273519,0,0.5,0
8909,,7,0,2,2,0,2,2,8,0.229463,0.236997,0,1,0
8910,,39,0,5,5,0,5,5,11,0.143516,0.145802,0,0.3,0
8911,,7,0,1,1,0,1,1,8,0.272188,0.283721,0,0,0
8915,,7,0,1,1,0,1,1,8,0.262756,0.273466,0,0,0
8917,,36,0,2,2,0,2,2,9,0.218342,0.225175,0,1,0
9977,,7,1,1,2,1,1,2,8,0.228846,0.235463,0,0,0.000402
8926,,41,0,2,2,0,2,2,9,0.200712,0.205583,0,0,0
10987,,53,3,2,5,3,2,5,9,0.183736,0.18781,26076.661412,0.05,0.000593
8929,,39,0,2,2,0,2,2,2,0.666667,0.75,0,0,0
12338,,14,1,0,1,1,0,1,0,0,0,0,0,0.000228
13805,,14,1,0,1,1,0,1,0,0,0,0,0,0.000228
8932,,22,0,1,1,0,1,1,8,0.244107,0.25274,0,0,0
8933,,65,0,1,1,0,1,1,9,0.213606,0.219549,0,0,0
8936,,36,0,1,1,0,1,1,9,0.218249,0.224837,0,0,0
8943,,16,0,2,2,0,2,2,8,0.236621,0.245287,0,1,0
8945,,7,0,1,1,0,1,1,8,0.235664,0.243096,0,0,0
8946,,7,0,1,1,0,1,1,9,0.224765,0.231975,0,0,0
14597,,14,1,0,1,1,0,1,0,0,0,0,0,0.000314
8952,,1,0,1,1,0,1,1,9,0.229791,0.237541,0,0,0
8956,,7,0,2,2,0,2,2,8,0.246776,0.256442,0,0.5,0
8957,,41,1,6,7,1,6,7,8,0.257744,0.269077,18831,0.071429,0.000168
15135,,41,1,0,1,1,0,1,0,0,0,0,0,0.000173
17449,,41,1,0,1,1,0,1,0,0,0,0,0,0.000173
21656,,41,1,0,1,1,0,1,0,0,0,0,0,0.000173
14290,,41,1,2,3,1,2,3,8,0.257555,0.268728,2,0.166667,0.000173
30104,,14,1,0,1,1,0,1,0,0,0,0,0,0.000181
8960,,69,0,1,1,0,1,1,9,0.209881,0.215267,0,0,0
8962,,16,0,2,2,0,2,2,9,0.236669,0.245235,0,0,0
21681,,16,1,0,1,1,0,1,0,0,0,0,0,0.000168
22964,,16,2,2,4,2,2,4,1,1,1,51953,0,0.000373
8966,,7,0,1,1,0,1,1,8,0.261475,0.272568,0,0,0
25405,,41,1,0,1,1,0,1,0,0,0,0,0,0.000225
8968,,7,0,25,25,0,25,25,8,0.279764,0.293529,0,0.145,0
8969,,16,0,3,3,0,3,3,8,0.239535,0.247508,0,1,0
8974,,7,0,1,1,0,1,1,9,0.187134,0.191324,0,0,0
8975,,7,0,1,1,0,1,1,8,0.261475,0.272568,0,0,0
10831,,67,6,4,10,6,4,10,9,0.224477,0.232139,2720.690109,0.486111,0.001416
16161,,67,1,0,1,1,0,1,0,0,0,0,0,0.000221
8979,,32,0,1,1,0,1,1,9,0.202563,0.207588,0,0,0
8981,,1,0,2,2,0,2,2,8,0.238464,0.246697,0,0,0
13038,,22,2,2,4,2,2,4,9,0.214046,0.220018,1,0.5,0.000363
8985,,7,0,1,1,0,1,1,1,1,1,0,0,0
8991,,2,0,1,1,0,1,1,9,0.215099,0.221134,0,0,0
8992,,1,0,2,2,0,2,2,9,0.194478,0.199458,0,0.5,0
8995,,16,0,1,1,0,1,1,8,0.251382,0.261452,0,0,0
9001,,1,2,2,4,2,2,4,8,0.228938,0.236673,18826.5,0.25,0.000342
9004,,155,0,1,1,0,1,1,1,1,1,0,0,0
9005,,155,1,0,1,1,0,1,0,0,0,0,0,0.000168
9006,,7,0,1,1,0,1,1,8,0.261475,0.272568,0,0,0
9009,,14,0,1,1,0,1,1,9,0.208683,0.214373,0,0,0
9012,,7,0,1,1,0,1,1,9,0.226897,0.234639,0,0,0
9013,,7,0,2,2,0,2,2,8,0.262951,0.274297,0,1,0
9017,,7,0,3,3,0,3,3,8,0.239996,0.247399,0,0.166667,0
9018,,14,0,2,2,0,2,2,9,0.219465,0.225948,0,0.5,0
12637,,41,2,1,3,2,1,3,9,0.234732,0.243226,0,0.666667,0.000644
9020,,7,0,1,1,0,1,1,9,0.209259,0.214889,0,0,0
32763,,41,1,1,2,1,1,2,9,0.207502,0.21325,31.504176,0,0.000261
33706,,41,1,0,1,1,0,1,0,0,0,0,0,0.000261
9031,,7,0,4,4,0,4,4,8,0.250963,0.261247,0,0.5,0
9034,,7,0,1,1,0,1,1,9,0.221878,0.228823,0,0,0
9035,,25,0,1,1,0,1,1,9,0.225635,0.232826,0,0,0
9036,,7,0,1,1,0,1,1,9,0.220127,0.227165,0,0,0
9037,,53,0,1,1,0,1,1,10,0.159133,0.161899,0,0,0
9040,,16,0,1,1,0,1,1,9,0.221836,0.22815,0,0,0
9041,,156,0,1,1,0,1,1,1,1,1,0,0,0
9042,,156,1,0,1,1,0,1,0,0,0,0,0,0.000168
9043,,16,0,1,1,0,1,1,8,0.234601,0.241751,0,0,0
9044,,7,0,2,2,0,2,2,9,0.201662,0.207209,0,1,0
9046,,7,0,1,1,0,1,1,9,0.226164,0.233246,0,0,0
16722,,1,1,0,1,1,0,1,0,0,0,0,0,0.000226
18175,,16,4,0,4,4,0,4,0,0,0,0,0.25,0.001723
9048,,36,0,1,1,0,1,1,10,0.160671,0.163033,0,0,0
12205,,36,2,5,7,2,5,7,8,0.23205,0.239916,80988.826276,0,0.000422
9050,,16,0,1,1,0,1,1,9,0.224977,0.23191,0,0,0
9053,,41,0,1,1,0,1,1,8,0.225241,0.232016,0,0,0
9054,,7,0,2,2,0,2,2,9,0.227475,0.234842,0,0,0
9055,,16,0,1,1,0,1,1,9,0.219883,0.226442,0,0,0
27848,,41,1,0,1,1,0,1,0,0,0,0,0,0.000196
9059,,7,0,1,1,0,1,1,9,0.232872,0.240708,0,0,0
9060,,36,0,2,2,0,2,2,8,0.237976,0.245364,0,0,0
9061,,7,0,1,1,0,1,1,8,0.262756,0.273466,0,0,0
35191,,16,1,0,1,1,0,1,0,0,0,0,0,0.000187
9067,,16,0,1,1,0,1,1,8,0.231948,0.238988,0,0,0
9068,,7,0,1,1,0,1,1,9,0.198884,0.203512,0,0,0
9071,,41,0,2,2,0,2,2,8,0.261482,0.272603,0,0,0
9072,,7,0,1,1,0,1,1,9,0.193032,0.196903,0,0,0
9074,,7,0,3,3,0,3,3,9,0.231671,0.239427,0,0,0
9080,,16,0,1,1,0,1,1,8,0.21785,0.224416,0,0,0
9081,,16,0,1,1,0,1,1,8,0.226935,0.234515,0,0,0
9082,,32,0,1,1,0,1,1,1,1,1,0,0,0
9085,,67,1,2,3,1,2,3,1,1,1,26006.861972,0,0.000182
24122,,67,1,1,2,1,1,2,1,1,1,28.861972,0,0.000182
19736,,67,1,0,1,1,0,1,0,0,0,0,0,0.000173
9087,,36,0,2,2,0,2,2,9,0.230291,0.238186,0,0,0
9088,,16,0,3,3,0,3,3,9,0.216943,0.223935,0,0,0
9657,,16,1,4,5,1,4,5,8,0.235785,0.243721,272.286408,0.05,0.000201
13324,,16,2,3,5,2,3,5,8,0.22626,0.23368,51952.526823,0.583333,0.000374
9091,,16,0,1,1,0,1,1,9,0.213228,0.219825,0,0,0
19179,,16,1,2,3,1,2,3,8,0.239489,0.247388,0,1,0.000198
31692,,16,1,0,1,1,0,1,0,0,0,0,0,0.000207
9094,,7,0,3,3,0,3,3,8,0.238743,0.246379,0,0,0
25334,,7,1,5,6,1,5,6,7,0.293722,0.308285,6904.628371,0.333333,0.000168
9099,,7,0,1,1,0,1,1,8,0.253959,0.263295,0,0,0
9100,,7,0,1,1,0,1,1,8,0.251238,0.260024,0,0,0
9103,,7,0,1,1,0,1,1,8,0.262756,0.273466,0,0,0
9106,,7,0,1,1,0,1,1,8,0.244564,0.253553,0,0,0
9108,,16,1,1,2,1,1,2,8,0.236534,0.245949,0,0.5,0.000213
9109,,22,2,1,3,2,1,3,9,0.212855,0.218899,0,0.5,0.000353
9111,,1,0,1,1,0,1,1,9,0.202561,0.207875,0,0,0
9112,,7,0,1,1,0,1,1,1,1,1,0,0,0
9117,,7,0,1,1,0,1,1,8,0.239167,0.246988,0,0,0
9119,,36,0,1,1,0,1,1,9,0.19051,0.194431,0,0,0
9121,,65,1,1,2,1,1,2,10,0.172541,0.175542,0,1,0.000304
9836,,65,5,6,11,5,6,11,8,0.263242,0.274077,411200.27122,0.388889,0.001022
10183,,65,2,0,2,2,0,2,0,0,0,0,1,0.000543
9813,,65,2,9,11,2,9,11,9,0.208536,0.214069,138440.554438,0.222222,0.000477
11120,,65,3,4,7,3,4,7,9,0.208508,0.213879,0,0.7,0.000673
10202,,65,2,6,8,2,6,8,9,0.208515,0.213941,31810.333333,0.261905,0.000479
9956,,65,1,8,9,1,8,9,9,0.208522,0.214003,38952.083333,0.428571,0.000304
11068,,65,1,7,8,1,7,8,10,0.172743,0.176062,51946,0.357143,0.000304
10583,,65,3,3,6,3,3,6,10,0.172733,0.175938,1.716667,0.75,0.000717
9386,,65,4,1,5,4,1,5,9,0.190664,0.194407,3397.219127,0.3,0.000831
14282,,65,1,0,1,1,0,1,0,0,0,0,0,0.000304
13783,,65,1,2,3,1,2,3,10,0.172725,0.175899,0,1,0.000304
9123,,7,0,2,2,0,2,2,8,0.234838,0.24194,0,0,0
9125,,7,0,1,1,0,1,1,9,0.207792,0.213259,0,0,0
9126,,7,2,3,5,2,3,5,8,0.262281,0.273654,18978.232981,0.05,0.000409
9127,,7,0,1,1,0,1,1,9,0.223394,0.230421,0,0,0
9128,,32,0,1,1,0,1,1,1,1,1,0,0,0
9129,,2,0,1,1,0,1,1,9,0.219675,0.226242,0,0,0
9131,,16,0,1,1,0,1,1,8,0.244161,0.253367,0,0,0
9132,,157,0,1,1,0,1,1,1,1,1,0,0,0
9133,,157,1,0,1,1,0,1,0,0,0,0,0,0.000168
9138,,25,1,0,1,1,0,1,0,0,0,0,0,0.000173
9140,,41,1,0,1,1,0,1,0,0,0,0,0,0.000176
9142,,16,0,1,1,0,1,1,8,0.23897,0.247046,0,0,0
9143,,16,0,1,1,0,1,1,10,0.17834,0.181565,0,0,0
9146,,65,0,1,1,0,1,1,9,0.195014,0.200132,0,0,0
9147,,7,0,1,1,0,1,1,10,0.183522,0.187536,0,0,0
9148,,36,0,1,1,0,1,1,9,0.21834,0.225148,0,0,0
9149,,7,0,1,1,0,1,1,8,0.230955,0.238384,0,0,0
9150,,2,0,1,1,0,1,1,1,1,1,0,0,0
9157,,16,0,1,1,0,1,1,8,0.251382,0.261452,0,0,0
33187,,32,1,0,1,1,0,1,0,0,0,0,0,0.000174
9163,,7,0,1,1,0,1,1,9,0.233264,0.241028,0,0,0
35317,,14,1,0,1,1,0,1,0,0,0,0,0,0.000258
35408,,14,1,0,1,1,0,1,0,0,0,0,0,0.000258
35706,,14,1,0,1,1,0,1,0,0,0,0,0,0.000258
9166,,7,0,1,1,0,1,1,9,0.238286,0.246733,0,0,0
9168,,16,0,1,1,0,1,1,10,0.17834,0.181565,0,0,0
9453,,7,1,2,3,1,2,3,8,0.23013,0.238103,43.385728,0,0.000182
9172,,1,0,1,1,0,1,1,9,0.184604,0.188637,0,0,0
9173,,16,0,1,1,0,1,1,9,0.217159,0.223483,0,0,0
9174,,16,0,2,2,0,2,2,9,0.207992,0.213922,0,0.5,0
9176,,16,0,2,2,0,2,2,9,0.219202,0.225266,0,0,0
35727,,16,1,0,1,1,0,1,0,0,0,0,0,0.000208
9480,,7,1,1,2,1,1,2,9,0.222298,0.22883,28.571621,0,0.000191
9187,,65,0,1,1,0,1,1,9,0.213606,0.219549,0,0,0
34476,,16,1,0,1,1,0,1,0,0,0,0,0,0.00019
9191,,41,0,1,1,0,1,1,9,0.234736,0.243231,0,0,0
9193,,16,0,1,1,0,1,1,9,0.224337,0.231339,0,0,0
9194,,158,0,1,1,0,1,1,1,1,1,0,0,0
9195,,158,1,0,1,1,0,1,0,0,0,0,0,0.000168
19932,,53,1,2,3,1,2,3,10,0.181399,0.185218,25974,0,0.000185
9202,,7,0,2,2,0,2,2,8,0.238531,0.246375,0,0,0
9205,,16,2,6,8,2,6,8,8,0.263976,0.275254,18923.426304,0.053571,0.00047
9206,,16,0,2,2,0,2,2,8,0.247353,0.256638,0,1,0
9207,,41,0,3,3,0,3,3,9,0.234786,0.243358,0,0.166667,0
9984,,41,4,4,8,4,4,8,10,0.190965,0.195578,18846.279249,0,0.000682
26680,,41,1,1,2,1,1,2,9,0.234736,0.243231,0,0.5,0.000168
9215,,159,1,1,2,1,1,2,1,1,1,0,0,0.000173
9216,,159,1,1,2,1,1,2,1,1,1,0,0,0.000173
15595,,41,1,1,2,1,1,2,9,0.214571,0.220692,0,0,0.000273
16559,,41,1,0,1,1,0,1,0,0,0,0,0,0.000273
33808,,41,1,0,1,1,0,1,0,0,0,0,0,0.000273
34176,,41,1,0,1,1,0,1,0,0,0,0,0,0.000273
9220,,7,0,1,1,0,1,1,8,0.236188,0.243784,0,0,0
13459,,65,1,2,3,1,2,3,10,0.172724,0.17589,0,0.833333,0.000204
15057,,65,5,0,5,5,0,5,0,0,0,0,0.05,0.000922
9223,,7,0,1,1,0,1,1,9,0.197754,0.202253,0,0,0
9227,,2,0,2,2,0,2,2,9,0.217918,0.224633,0,0.5,0
13454,,41,8,3,11,8,3,11,10,0.170448,0.17369,85560.770876,0,0.001431
10366,,41,1,1,2,1,1,2,9,0.186396,0.19029,0,0,0.000228
9229,,7,0,1,1,0,1,1,9,0.209259,0.214889,0,0,0
9230,,16,0,2,2,0,2,2,8,0.229075,0.236869,0,0.5,0
9232,,41,0,1,1,0,1,1,9,0.221424,0.228568,0,0,0
23504,,7,1,6,7,1,6,7,8,0.260853,0.271401,23.52787,0.366667,0.000213
28475,,7,1,2,3,1,2,3,8,0.22815,0.235569,25993.835449,0,0.000213
34898,,12,6,0,6,6,0,6,0,0,0,0,0,0.001102
9235,,7,0,1,1,0,1,1,8,0.261475,0.272568,0,0,0
9236,,16,0,1,1,0,1,1,9,0.225449,0.232754,0,0,0
9237,,7,0,1,1,0,1,1,9,0.200066,0.204368,0,0,0
9238,,7,0,1,1,0,1,1,9,0.231156,0.238915,0,0,0
9240,,16,0,12,12,0,12,12,8,0.263787,0.277056,0,0.075758,0
9242,,7,0,1,1,0,1,1,8,0.244453,0.252822,0,0,0
9243,,7,0,1,1,0,1,1,8,0.233542,0.241585,0,0,0
9249,,2,0,1,1,0,1,1,9,0.191341,0.195302,0,0,0
10426,,69,1,0,1,1,0,1,0,0,0,0,0,0.000175
9251,,65,1,1,2,1,1,2,9,0.194258,0.198553,0,0,0.000178
9252,,65,2,5,7,2,5,7,8,0.241088,0.249584,37657,0.166667,0.000341
11654,,65,1,0,1,1,0,1,0,0,0,0,0,0.000178
9254,,7,0,2,2,0,2,2,9,0.218598,0.225283,0,0,0
9255,,16,0,4,4,0,4,4,8,0.248204,0.258728,0,0.416667,0
9256,,2,0,1,1,0,1,1,9,0.219675,0.226242,0,0,0
9257,,65,1,2,3,1,2,3,10,0.160767,0.16317,25975,0.166667,0.000179
9529,,65,1,0,1,1,0,1,0,0,0,0,0,0.000173
9258,,7,0,1,1,0,1,1,8,0.234143,0.241206,0,0,0
9259,,14,0,1,1,0,1,1,8,0.25615,0.266929,0,0,0
32905,,7,1,0,1,1,0,1,0,0,0,0,0,0.000194
9263,,7,0,1,1,0,1,1,9,0.200066,0.204368,0,0,0
9265,,22,0,3,3,0,3,3,9,0.212873,0.218982,0,0.166667,0
11812,,22,1,0,1,1,0,1,0,0,0,0,0,0.000168
9266,,16,0,1,1,0,1,1,9,0.22008,0.227059,0,0,0
27372,,1,1,1,2,1,1,2,9,0.215267,0.221162,0,0,0.000215
9270,,22,0,1,1,0,1,1,11,0.149306,0.151353,0,0,0
9271,,16,0,1,1,0,1,1,8,0.226935,0.234515,0,0,0
13398,,53,1,0,1,1,0,1,0,0,0,0,0,0.000264
29357,,53,5,1,6,5,1,6,9,0.214906,0.220633,0,0.55,0.001162
31616,,53,1,0,1,1,0,1,0,0,0,0,0,0.000264
31123,,53,4,5,9,4,5,9,9,0.21562,0.221507,86.152002,0.75,0.000983
34241,,53,2,0,2,2,0,2,0,0,0,0,1,0.00059
9274,,41,0,1,1,0,1,1,9,0.217487,0.223937,0,0,0
9275,,7,0,1,1,0,1,1,8,0.234991,0.243288,0,0,0
9276,,41,0,1,1,0,1,1,9,0.221424,0.228568,0,0,0
9277,,160,0,1,1,0,1,1,1,1,1,0,0,0
9278,,160,1,0,1,1,0,1,0,0,0,0,0,0.000168
17577,,22,1,0,1,1,0,1,0,0,0,0,0,0.000199
9284,,7,0,1,1,0,1,1,8,0.244345,0.253397,0,0,0
18741,,41,1,1,2,1,1,2,9,0.234955,0.243882,71.831078,0,0.000533
23138,,41,1,1,2,1,1,2,8,0.229127,0.236278,0,0,0.000533
24187,,41,1,1,2,1,1,2,8,0.261476,0.272569,0,0.5,0.000533
14515,,41,1,1,2,1,1,2,8,0.229127,0.236278,0,0,0.000533
28560,,41,1,0,1,1,0,1,0,0,0,0,0,0.000533
28695,,41,1,0,1,1,0,1,0,0,0,0,0,0.000533
29061,,41,2,0,2,2,0,2,0,0,0,0,0,0.000701
29023,,41,1,2,3,1,2,3,8,0.230553,0.237867,0,1,0.000533
33806,,41,2,2,4,2,2,4,8,0.22913,0.236305,0,1,0.000714
33807,,41,2,2,4,2,2,4,8,0.22913,0.236305,0,1,0.000714
9287,,7,0,4,4,0,4,4,9,0.237481,0.245668,0,0,0
9288,,22,0,1,1,0,1,1,1,1,1,0,0,0
9289,,36,0,1,1,0,1,1,9,0.197449,0.202467,0,0,0
9290,,14,0,2,2,0,2,2,8,0.25624,0.267076,0,1,0
9291,,16,0,1,1,0,1,1,9,0.219883,0.226442,0,0,0
9292,,14,0,1,1,0,1,1,8,0.247395,0.256736,0,0,0
9293,,16,0,1,1,0,1,1,8,0.236535,0.24595,0,0,0
9294,,16,0,3,3,0,3,3,9,0.234956,0.243364,0,0.166667,0
9295,,41,1,1,2,1,1,2,9,0.234736,0.243231,3861.353674,0,0.000168
9296,,16,0,3,3,0,3,3,9,0.247304,0.257188,0,0.333333,0
9299,,2,0,4,4,0,4,4,10,0.193959,0.19827,0,0.25,0
17275,,2,1,1,2,1,1,2,10,0.193947,0.198174,0,0.5,0.000168
9300,,7,0,2,2,0,2,2,8,0.266426,0.277953,0,0.5,0
19614,,16,1,0,1,1,0,1,0,0,0,0,0,0.000236
9303,,7,0,1,1,0,1,1,8,0.262756,0.273466,0,0,0
9304,,14,0,1,1,0,1,1,1,1,1,0,0,0
9305,,1,0,2,2,0,2,2,8,0.228939,0.236674,0,1,0
9306,,53,0,1,1,0,1,1,9,0.220297,0.227161,0,0,0
9309,,22,0,2,2,0,2,2,9,0.212896,0.219007,0,1,0
9311,,41,0,1,1,0,1,1,10,0.182004,0.185493,0,0,0
9312,,1,0,2,2,0,2,2,8,0.250946,0.260084,0,0,0
9313,,36,0,1,1,0,1,1,9,0.215451,0.221476,0,0,0
9316,,161,0,1,1,0,1,1,1,1,1,0,0,0
9317,,161,1,0,1,1,0,1,0,0,0,0,0,0.000168
9319,,41,0,2,2,0,2,2,8,0.258684,0.270214,0,0.5,0
9323,,67,0,1,1,0,1,1,1,1,1,0,0,0
9324,,7,0,2,2,0,2,2,7,0.293562,0.30799,0,0.5,0
9325,,7,0,1,1,0,1,1,9,0.209849,0.215316,0,0,0
9326,,16,0,1,1,0,1,1,8,0.235179,0.242605,0,0,0
9327,,41,0,3,3,0,3,3,9,0.239158,0.248079,0,0.833333,0
9328,,41,0,1,1,0,1,1,8,0.242301,0.250673,0,0,0
9329,,1,0,2,2,0,2,2,8,0.238522,0.246785,0,1,0
9330,,67,0,2,2,0,2,2,9,0.188434,0.192816,0,0.5,0
30243,,53,1,1,2,1,1,2,9,0.223274,0.230184,74.376036,0,0.000209
15892,,67,1,0,1,1,0,1,0,0,0,0,0,0.000274
12624,,67,1,3,4,1,3,4,9,0.215798,0.222089,588.306738,0,0.000274
30857,,67,1,1,2,1,1,2,10,0.174562,0.17797,62.002262,0,0.000274
27783,,16,2,0,2,2,0,2,0,0,0,0,0,0.000656
9337,,7,0,1,1,0,1,1,8,0.262756,0.273466,0,0,0
9344,,7,0,3,3,0,3,3,8,0.279411,0.292155,0,1,0
9345,,7,0,1,1,0,1,1,8,0.261475,0.272568,0,0,0
9348,,67,0,4,4,0,4,4,9,0.204788,0.210053,0,0,0
9349,,67,1,0,1,1,0,1,0,0,0,0,0,0.000168
9351,,67,2,2,4,2,2,4,9,0.210431,0.216037,4625.963503,0.166667,0.000477
26281,,67,3,1,4,3,1,4,8,0.26276,0.27347,21535.890748,0,0.000554
17624,,36,2,2,4,2,2,4,9,0.211907,0.218092,26724.097535,0.083333,0.000353
34942,,16,5,5,10,5,5,10,8,0.253436,0.262953,34110.87823,0.066667,0.001934
9358,,16,0,1,1,0,1,1,8,0.235824,0.242716,0,0,0
9359,,7,0,1,1,0,1,1,9,0.222431,0.229647,0,0,0
9361,,7,0,2,2,0,2,2,9,0.227919,0.235675,0,0,0
9362,,7,0,1,1,0,1,1,9,0.21231,0.218222,0,0,0
9363,,2,0,1,1,0,1,1,8,0.235883,0.243933,0,0,0
9368,,7,0,1,1,0,1,1,8,0.233287,0.240487,0,0,0
9369,,7,0,1,1,0,1,1,9,0.224297,0.231274,0,0,0
9375,,7,0,1,1,0,1,1,8,0.246941,0.255908,0,0,0
9377,,7,0,1,1,0,1,1,9,0.224867,0.231892,0,0,0
9378,,1,0,1,1,0,1,1,8,0.230918,0.237946,0,0,0
9379,,7,0,1,1,0,1,1,8,0.262756,0.273466,0,0,0
9381,,12,0,1,1,0,1,1,9,0.185524,0.189879,0,0,0
9382,,1,0,1,1,0,1,1,8,0.226147,0.233528,0,0,0
9384,,12,0,2,2,0,2,2,9,0.229698,0.237466,0,0.5,0
9385,,7,0,1,1,0,1,1,8,0.262756,0.273466,0,0,0
23561,,65,1,0,1,1,0,1,0,0,0,0,0,0.000179
9388,,7,0,1,1,0,1,1,9,0.219898,0.226413,0,0,0
9389,,7,1,13,14,1,13,14,9,0.239669,0.249361,26530.171673,0.166667,0.000535
35077,,7,1,0,1,1,0,1,0,0,0,0,0,0.000177
9391,,7,0,3,3,0,3,3,8,0.233441,0.241846,0,0.5,0
9398,,16,0,1,1,0,1,1,9,0.217802,0.223808,0,0,0
9399,,7,0,1,1,0,1,1,8,0.251664,0.260845,0,0,0
9402,,12,1,4,5,1,4,5,9,0.224783,0.232079,814.430872,0.333333,0.000188
21573,,12,2,0,2,2,0,2,0,0,0,0,0,0.00035
9406,,14,0,1,1,0,1,1,8,0.239334,0.24682,0,0,0
9407,,7,0,1,1,0,1,1,8,0.262756,0.273466,0,0,0
9408,,7,0,5,5,0,5,5,8,0.255181,0.265095,0,0.05,0
9409,,12,1,3,4,1,3,4,8,0.240284,0.248176,66.629671,0.083333,0.000168
9413,,53,0,1,1,0,1,1,9,0.220297,0.227161,0,0,0
9415,,7,0,1,1,0,1,1,10,0.17543,0.178481,0,0,0
9416,,2,0,1,1,0,1,1,9,0.219675,0.226242,0,0,0
13173,,32,1,2,3,1,2,3,8,0.234551,0.242531,0,1,0.000245
26602,,32,1,2,3,1,2,3,9,0.191269,0.195645,3.868107,0,0.000245
16777,,41,2,0,2,2,0,2,0,0,0,0,0.5,0.000392
9423,,41,2,1,3,2,1,3,9,0.234738,0.243233,3233.497535,0.166667,0.000384
9424,,7,0,1,1,0,1,1,8,0.23941,0.248389,0,0,0
9426,,1,0,1,1,0,1,1,9,0.208947,0.214795,0,0,0
9430,,16,0,1,1,0,1,1,8,0.234514,0.24306,0,0,0
9433,,41,0,1,1,0,1,1,1,1,1,0,0,0
32442,,41,1,0,1,1,0,1,0,0,0,0,0,0.000237
27923,,41,3,2,5,3,2,5,9,0.21107,0.2171,19007.900099,0,0.000573
9437,,36,0,2,2,0,2,2,9,0.224262,0.23076,0,0.5,0
17382,,7,1,0,1,1,0,1,0,0,0,0,0,0.000174
9440,,16,0,1,1,0,1,1,9,0.215953,0.222223,0,0,0
9441,,7,0,1,1,0,1,1,9,0.230193,0.238549,0,0,0
9444,,14,0,1,1,0,1,1,8,0.247395,0.256736,0,0,0
9445,,1,0,1,1,0,1,1,9,0.222605,0.230046,0,0,0
9448,,7,0,1,1,0,1,1,8,0.23125,0.238068,0,0,0
9449,,41,0,1,1,0,1,1,1,1,1,0,0,0
9451,,65,0,2,2,0,2,2,9,0.213608,0.219575,0,1,0
9452,,7,0,1,1,0,1,1,8,0.248433,0.25796,0,0,0
9454,,7,0,4,4,0,4,4,8,0.249725,0.25889,0,0.166667,0
9458,,36,1,2,3,1,2,3,9,0.232083,0.239787,18827,0,0.000168
15347,,7,1,1,2,1,1,2,9,0.231745,0.239906,0,0.5,0.000616
25736,,36,1,0,1,1,0,1,0,0,0,0,0,0.000616
26222,,36,1,0,1,1,0,1,0,0,0,0,0,0.000616
26676,,36,4,1,5,4,1,5,9,0.209564,0.215317,30.120199,0.4,0.001483
9461,,16,1,0,1,1,0,1,0,0,0,0,0,0.000183
9462,,7,0,3,3,0,3,3,9,0.232518,0.240627,0,0,0
9464,,7,0,2,2,0,2,2,9,0.210784,0.216465,0,0.5,0
9466,,7,0,4,4,0,4,4,8,0.271866,0.284031,0,0.5,0
9467,,12,0,2,2,0,2,2,9,0.216218,0.222617,0,0,0
9473,,16,0,1,1,0,1,1,9,0.213224,0.219265,0,0,0
9474,,16,0,3,3,0,3,3,9,0.221836,0.228424,0,0.666667,0
9476,,1,0,1,1,0,1,1,1,1,1,0,0,0
9478,,41,0,1,1,0,1,1,9,0.188027,0.192185,0,0,0
9479,,16,0,1,1,0,1,1,8,0.236535,0.24595,0,0,0
9482,,7,0,1,1,0,1,1,9,0.224027,0.230383,0,0,0
9484,,2,0,1,1,0,1,1,8,0.235818,0.243199,0,0,0
9487,,7,0,1,1,0,1,1,1,1,1,0,0,0
31488,,7,1,2,3,1,2,3,9,0.222514,0.229487,25990.06846,0,0.000192
9490,,1,0,1,1,0,1,1,8,0.228936,0.236648,0,0,0
9492,,7,0,1,1,0,1,1,9,0.222352,0.229209,0,0,0
30915,,16,1,0,1,1,0,1,0,0,0,0,0,0.000216
32602,,16,1,0,1,1,0,1,0,0,0,0,0,0.000216
9499,,7,0,4,4,0,4,4,8,0.265491,0.276732,0,0.083333,0
9502,,7,0,1,1,0,1,1,10,0.178303,0.181862,0,0,0
9506,,41,0,1,1,0,1,1,9,0.234736,0.243231,0,0,0
9508,,41,0,1,1,0,1,1,10,0.174094,0.1772,0,0,0
9509,,16,1,2,3,1,2,3,8,0.230018,0.236671,607.321951,0,0.000168
9512,,67,0,3,3,0,3,3,1,1,1,0,0,0
9513,,14,0,2,2,0,2,2,8,0.256153,0.266956,0,1,0
9581,,36,2,2,4,2,2,4,10,0.182935,0.186809,0,1,0.000383
9518,,36,0,1,1,0,1,1,9,0.189597,0.193994,0,0,0
17414,,36,1,0,1,1,0,1,0,0,0,0,0,0.000248
9521,,16,0,1,1,0,1,1,9,0.201777,0.206878,0,0,0
14441,,7,1,0,1,1,0,1,0,0,0,0,0,0.000376
31654,,7,1,1,2,1,1,2,8,0.231924,0.239831,185.053523,0.5,0.000192
9531,,7,0,7,7,0,7,7,8,0.265221,0.276564,0,0.214286,0
9533,,7,0,1,1,0,1,1,9,0.220001,0.226414,0,0,0
9536,,65,0,1,1,0,1,1,8,0.236841,0.24458,0,0,0
9542,,7,0,1,1,0,1,1,9,0.206883,0.212054,0,0,0
9545,,65,0,1,1,0,1,1,1,1,1,0,0,0
25976,,7,1,1,2,1,1,2,10,0.174585,0.177699,25974,0.5,0.000239
9550,,71,0,1,1,0,1,1,1,1,1,0,0,0
9551,,71,0,1,1,0,1,1,1,1,1,0,0,0
9553,,7,0,1,1,0,1,1,9,0.221643,0.227961,0,0,0
9554,,162,0,1,1,0,1,1,1,1,1,0,0,0
9555,,162,1,0,1,1,0,1,0,0,0,0,0,0.000168
9556,,7,0,2,2,0,2,2,9,0.226889,0.234079,0,0,0
9557,,7,0,1,1,0,1,1,9,0.214189,0.220211,0,0,0
14723,,7,1,5,6,1,5,6,8,0.266752,0.278575,1234.902955,0.133333,0.000242
33278,,16,1,0,1,1,0,1,0,0,0,0,0,0.000174
9565,,65,0,2,2,0,2,2,9,0.241171,0.249623,0,0,0
9566,,7,1,1,2,1,1,2,8,0.233056,0.241282,67.870698,0,0.000308
26491,,12,3,0,3,3,0,3,0,0,0,0,0,0.000775
9568,,53,0,2,2,0,2,2,8,0.243627,0.253027,0,0,0
9569,,7,0,13,13,0,13,13,8,0.277157,0.290938,0,0.24359,0
9570,,7,0,1,1,0,1,1,8,0.224345,0.231026,0,0,0
9571,,7,0,1,1,0,1,1,9,0.214614,0.220847,0,0,0
19684,,7,1,1,2,1,1,2,9,0.235466,0.24292,0,0,0.002186
12264,,7,5,6,11,5,6,11,8,0.256059,0.266023,44881.196219,0.180556,0.004133
17137,,16,1,2,3,1,2,3,9,0.236626,0.244277,872.646171,0,0.002186
25478,,16,2,0,2,2,0,2,0,0,0,0,0,0.002372
24741,,7,4,2,6,4,2,6,8,0.25904,0.269419,783.341732,0.416667,0.003766
9574,,53,0,1,1,0,1,1,9,0.184082,0.188191,0,0,0
9575,,65,0,1,1,0,1,1,9,0.195014,0.200132,0,0,0
9577,,7,0,1,1,0,1,1,9,0.224824,0.231856,0,0,0
9579,,7,0,1,1,0,1,1,8,0.225373,0.231994,0,0,0
9583,,22,0,3,3,0,3,3,8,0.263798,0.27472,0,0.5,0
9585,,7,0,4,4,0,4,4,8,0.259532,0.269825,0,0.333333,0
9590,,65,0,1,1,0,1,1,8,0.236841,0.24458,0,0,0
20521,,41,2,0,2,2,0,2,0,0,0,0,0.5,0.000398
9593,,16,0,5,5,0,5,5,8,0.257153,0.268433,0,0.3,0
13727,,16,1,2,3,1,2,3,9,0.207666,0.213403,3.992647,0.166667,0.000168
9594,,163,0,1,1,0,1,1,1,1,1,0,0,0
9595,,163,2,0,2,2,0,2,0,0,0,0,0,0.000336
9596,,163,0,1,1,0,1,1,1,1,1,0,0,0
9600,,41,1,0,1,1,0,1,0,0,0,0,0,0.000201
9601,,32,0,1,1,0,1,1,9,0.219194,0.225882,0,0,0
9602,,164,1,1,2,1,1,2,1,1,1,0,0,0.000173
9603,,164,1,1,2,1,1,2,1,1,1,0,0,0.000173
9604,,7,0,10,10,0,10,10,8,0.250742,0.259877,0,0.055556,0
9605,,7,1,0,1,1,0,1,0,0,0,0,0,0.000168
9607,,41,0,1,1,0,1,1,9,0.217651,0.224244,0,0,0
9616,,1,0,1,1,0,1,1,8,0.230918,0.237946,0,0,0
9618,,65,0,1,1,0,1,1,9,0.213606,0.219549,0,0,0
9620,,7,0,1,1,0,1,1,8,0.231239,0.238193,0,0,0
9621,,2,0,2,2,0,2,2,8,0.229178,0.236765,0,0,0
9623,,14,0,1,1,0,1,1,8,0.25615,0.266929,0,0,0
14153,,14,1,0,1,1,0,1,0,0,0,0,0,0.000198
9631,,16,0,1,1,0,1,1,8,0.236535,0.24595,0,0,0
9633,,7,0,1,1,0,1,1,9,0.198223,0.202608,0,0,0
23985,,69,2,1,3,2,1,3,10,0.180201,0.18363,3074.734759,0,0.000805
9637,,7,0,1,1,0,1,1,1,1,1,0,0,0
9638,,7,0,3,3,0,3,3,8,0.250296,0.259418,0,1,0
9639,,16,1,4,5,1,4,5,9,0.230821,0.238822,66520.863189,0,0.00034
10110,,16,2,6,8,2,6,8,8,0.279999,0.293513,48758.806904,0.190476,0.000347
15309,,16,2,0,2,2,0,2,0,0,0,0,0,0.000349
20379,,16,2,1,3,2,1,3,10,0.183763,0.18739,0,0.5,0.000425
9644,,36,0,2,2,0,2,2,11,0.164108,0.166915,0,0.5,0
14689,,16,1,1,2,1,1,2,9,0.190585,0.194815,0,0,0.000188
9648,,7,0,4,4,0,4,4,10,0.184169,0.188221,0,0,0
9653,,25,1,1,2,1,1,2,9,0.203817,0.208625,0,0,0.000404
9867,,25,1,0,1,1,0,1,0,0,0,0,0,0.000404
17441,,25,1,0,1,1,0,1,0,0,0,0,0,0.000404
26216,,25,1,0,1,1,0,1,0,0,0,0,0,0.000404
26283,,25,1,1,2,1,1,2,8,0.239486,0.247361,0,1,0.000404
26724,,25,1,0,1,1,0,1,0,0,0,0,0,0.000404
26183,,25,1,1,2,1,1,2,8,0.239486,0.247361,0,1,0.000404
28289,,25,1,0,1,1,0,1,0,0,0,0,0,0.000404
23134,,25,1,1,2,1,1,2,9,0.194854,0.198966,0,1,0.000404
17019,,25,4,4,8,4,4,8,8,0.242004,0.250075,44815.450896,0.4,0.001037
26902,,25,2,2,4,2,2,4,10,0.174279,0.177485,52330.27304,0.166667,0.000582
26117,,25,2,1,3,2,1,3,9,0.203817,0.208625,18826,0,0.000572
34639,,25,1,0,1,1,0,1,0,0,0,0,0,0.000404
9654,,7,0,1,1,0,1,1,8,0.238712,0.2466,0,0,0
9659,,7,0,5,5,0,5,5,8,0.24545,0.255135,0,0.05,0
9660,,1,0,1,1,0,1,1,9,0.190326,0.194689,0,0,0
9663,,7,0,2,2,0,2,2,9,0.20443,0.209711,0,0,0
9664,,16,0,4,4,0,4,4,8,0.262367,0.27369,0,0.083333,0
17104,,16,1,0,1,1,0,1,0,0,0,0,0,0.000168
9665,,7,0,1,1,0,1,1,8,0.251238,0.260024,0,0,0
9667,,7,0,1,1,0,1,1,9,0.23711,0.245258,0,0,0
9671,,16,0,1,1,0,1,1,9,0.226517,0.234006,0,0,0
9674,,53,0,1,1,0,1,1,9,0.211763,0.217801,0,0,0
9676,,7,0,1,1,0,1,1,9,0.212987,0.218723,0,0,0
9677,,7,0,1,1,0,1,1,7,0.293553,0.307954,0,0,0
9684,,12,0,3,3,0,3,3,8,0.234827,0.242283,0,0.333333,0
9689,,65,0,1,1,0,1,1,9,0.191553,0.195654,0,0,0
9691,,16,0,1,1,0,1,1,8,0.236167,0.244733,0,0,0
9696,,16,0,1,1,0,1,1,8,0.239859,0.247713,0,0,0
18199,,7,1,0,1,1,0,1,0,0,0,0,0,0.000206
22445,,16,1,1,2,1,1,2,10,0.187899,0.192294,0,0,0.000254
19627,,16,7,7,14,7,7,14,8,0.253129,0.263274,230046.324204,0.044872,0.001911
10415,,67,4,4,8,4,4,8,9,0.221269,0.227979,66258.345839,0.047619,0.00082
18368,,7,1,2,3,1,2,3,8,0.262764,0.273503,19.209565,0.166667,0.000242
9705,,41,0,1,1,0,1,1,9,0.198465,0.203618,0,0,0
28456,,7,1,0,1,1,0,1,0,0,0,0,0,0.000182
9709,,16,0,1,1,0,1,1,9,0.229337,0.237191,0,0,0
9710,,16,0,1,1,0,1,1,1,1,1,0,0,0
9712,,7,0,1,1,0,1,1,9,0.228697,0.235899,0,0,0
9714,,16,0,1,1,0,1,1,9,0.232956,0.241234,0,0,0
9715,,16,0,1,1,0,1,1,9,0.226599,0.233916,0,0,0
24750,,41,1,0,1,1,0,1,0,0,0,0,0,0.00029
9722,,165,0,1,1,0,1,1,1,1,1,0,0,0
9723,,165,1,0,1,1,0,1,0,0,0,0,0,0.000168
23736,,16,1,1,2,1,1,2,9,0.210495,0.216302,1114.300026,0,0.000179
12132,,41,1,0,1,1,0,1,0,0,0,0,0,0.000196
25086,,41,1,0,1,1,0,1,0,0,0,0,0,0.000196
9727,,1,0,1,1,0,1,1,9,0.195577,0.200582,0,0,0
9974,,168,1,1,2,1,1,2,1,1,1,25976,0,0.00021
12999,,7,2,1,3,2,1,3,10,0.183188,0.187013,18885.474061,0,0.000409
9729,,7,0,1,1,0,1,1,9,0.218246,0.223961,0,0,0
9730,,16,0,1,1,0,1,1,9,0.198315,0.203192,0,0,0
9731,,22,0,1,1,0,1,1,10,0.17553,0.178882,0,0,0
9733,,16,0,1,1,0,1,1,9,0.230024,0.237286,0,0,0
9735,,9,0,1,1,0,1,1,2,0.666667,0.75,0,0,0
9739,,7,0,2,2,0,2,2,8,0.249854,0.258824,0,1,0
9741,,1,0,2,2,0,2,2,9,0.224862,0.231946,0,0,0
9743,,7,3,0,3,3,0,3,0,0,0,0,0,0.001052
11657,,7,1,0,1,1,0,1,0,0,0,0,0,0.000216
13138,,7,1,0,1,1,0,1,0,0,0,0,0,0.000216
13164,,7,1,0,1,1,0,1,0,0,0,0,0,0.000216
13349,,7,1,0,1,1,0,1,0,0,0,0,0,0.000216
13373,,7,1,0,1,1,0,1,0,0,0,0,0,0.000216
13392,,7,1,0,1,1,0,1,0,0,0,0,0,0.000216
14170,,7,1,0,1,1,0,1,0,0,0,0,0,0.000216
15238,,7,1,0,1,1,0,1,0,0,0,0,0,0.000216
18354,,7,1,0,1,1,0,1,0,0,0,0,0,0.000216
18489,,7,1,0,1,1,0,1,0,0,0,0,0,0.000216
14204,,7,2,2,4,2,2,4,9,0.230268,0.237153,18901.850274,0,0.000384
18828,,7,1,0,1,1,0,1,0,0,0,0,0,0.000216
18859,,7,1,0,1,1,0,1,0,0,0,0,0,0.000216
19117,,7,1,0,1,1,0,1,0,0,0,0,0,0.000216
19167,,7,1,0,1,1,0,1,0,0,0,0,0,0.000216
19367,,7,1,0,1,1,0,1,0,0,0,0,0,0.000216
19722,,7,1,0,1,1,0,1,0,0,0,0,0,0.000216
19760,,7,1,0,1,1,0,1,0,0,0,0,0,0.000216
9745,,7,0,4,4,0,4,4,8,0.240586,0.248561,0,0.083333,0
13779,,7,1,4,5,1,4,5,9,0.223572,0.230325,46.388037,0,0.000168
9746,,1,0,6,6,0,6,6,8,0.229674,0.237738,0,0.166667,0
16230,,1,1,0,1,1,0,1,0,0,0,0,0,0.000168
10715,,485,2,2,4,2,2,4,9,0.197642,0.202218,25993.594432,0,0.000446
9751,,16,0,1,1,0,1,1,8,0.246659,0.25616,0,0,0
9752,,67,0,1,1,0,1,1,9,0.226957,0.234476,0,0,0
9753,,7,0,1,1,0,1,1,8,0.229192,0.23578,0,0,0
9755,,7,0,1,1,0,1,1,8,0.23893,0.247221,0,0,0
10460,,7,2,1,3,2,1,3,9,0.216393,0.222483,159.779166,0,0.000485
14019,,16,1,9,10,1,9,10,8,0.248384,0.258108,37461.540799,0.25,0.000317
18672,,16,1,1,2,1,1,2,9,0.220481,0.227268,0,0,0.000317
21105,,16,1,0,1,1,0,1,0,0,0,0,0,0.000317
26817,,16,1,0,1,1,0,1,0,0,0,0,0,0.000317
9760,,16,1,3,4,1,3,4,9,0.22826,0.236259,236.845203,0,0.000173
23562,,16,1,2,3,1,2,3,9,0.227749,0.235242,178.838807,0,0.000173
9761,,16,0,1,1,0,1,1,8,0.246659,0.25616,0,0,0
9765,,16,0,1,1,0,1,1,9,0.228869,0.236881,0,0,0
9766,,7,0,1,1,0,1,1,9,0.219757,0.225839,0,0,0
9768,,16,3,4,7,3,4,7,9,0.218544,0.225092,524.911011,0.233333,0.000651
11398,,7,2,2,4,2,2,4,9,0.2174,0.22396,11.580069,0.333333,0.000468
9773,,16,0,1,1,0,1,1,9,0.219196,0.225231,0,0,0
24826,,14,1,2,3,1,2,3,8,0.247395,0.256759,0,1,0.000288
9776,,7,0,1,1,0,1,1,9,0.218863,0.225419,0,0,0
9777,,36,0,1,1,0,1,1,9,0.208203,0.213399,0,0,0
22289,,7,1,0,1,1,0,1,0,0,0,0,0,0.000287
34283,,7,1,0,1,1,0,1,0,0,0,0,0,0.000287
9779,,14,0,1,1,0,1,1,8,0.247395,0.256736,0,0,0
9780,,41,0,1,1,0,1,1,9,0.221424,0.228568,0,0,0
9785,,36,0,1,1,0,1,1,9,0.215151,0.221458,0,0,0
9786,,7,0,1,1,0,1,1,8,0.230955,0.238384,0,0,0
9788,,12,0,3,3,0,3,3,9,0.201779,0.207121,0,0.5,0
9789,,7,1,10,11,1,10,11,8,0.25001,0.260065,15910.299311,0.109091,0.000168
9793,,16,0,1,1,0,1,1,8,0.251382,0.261452,0,0,0
9794,,223,1,1,2,1,1,2,8,0.231069,0.237878,18827,0,0.000168
20275,,7,1,0,1,1,0,1,0,0,0,0,0,0.000444
31756,,7,1,0,1,1,0,1,0,0,0,0,0,0.000444
18280,,81,1,2,3,1,2,3,9,0.22689,0.234008,18825.093478,0.166667,0.000178
9800,,65,0,1,1,0,1,1,9,0.208155,0.213697,0,0,0
17904,,16,1,0,1,1,0,1,0,0,0,0,0,0.000213
9804,,1,0,3,3,0,3,3,8,0.228325,0.235411,0,0,0
9808,,1,0,1,1,0,1,1,9,0.197684,0.202368,0,0,0
18548,,2,1,0,1,1,0,1,0,0,0,0,0,0.000179
25482,,2,2,1,3,2,1,3,9,0.207291,0.212652,0,0.5,0.000362
11119,,65,1,0,1,1,0,1,0,0,0,0,0,0.000179
13267,,65,1,3,4,1,3,4,10,0.172733,0.175957,0.5,0.333333,0.000179
14125,,65,1,0,1,1,0,1,0,0,0,0,0,0.000179
11420,,1,1,2,3,1,2,3,9,0.209898,0.215823,0,0.5,0.000312
32027,,1,1,1,2,1,1,2,9,0.209896,0.215796,0,0,0.000312
32576,,1,3,0,3,3,0,3,0,0,0,0,0.5,0.00067
13904,,41,3,2,5,3,2,5,10,0.167488,0.170507,78058.177169,0.05,0.000574
24401,,16,1,0,1,1,0,1,0,0,0,0,0,0.000237
9825,,2,0,1,1,0,1,1,1,1,1,0,0,0
9826,,7,0,1,1,0,1,1,8,0.248761,0.257751,0,0,0
9827,,1,0,4,4,0,4,4,8,0.241679,0.25002,0,0.25,0
9829,,166,0,4,4,0,4,4,1,1,1,0,0,0
9830,,166,1,0,1,1,0,1,0,0,0,0,0,0.000168
10384,,166,1,0,1,1,0,1,0,0,0,0,0,0.000168
10385,,166,1,0,1,1,0,1,0,0,0,0,0,0.000168
10386,,166,1,0,1,1,0,1,0,0,0,0,0,0.000168
9831,,41,0,1,1,0,1,1,8,0.257544,0.268689,0,0,0
9832,,16,0,1,1,0,1,1,8,0.244275,0.253708,0,0,0
9833,,41,0,1,1,0,1,1,9,0.19097,0.195426,0,0,0
9834,,36,0,1,1,0,1,1,9,0.215483,0.221599,0,0,0
24506,,1,1,1,2,1,1,2,8,0.234516,0.243062,498.476619,0,0.000176
9838,,7,0,1,1,0,1,1,9,0.214323,0.220605,0,0,0
9846,,7,0,2,2,0,2,2,9,0.223291,0.230481,0,0,0
9850,,7,0,1,1,0,1,1,9,0.195469,0.200515,0,0,0
9851,,7,0,5,5,0,5,5,8,0.255496,0.26549,0,0.1,0
9853,,16,0,1,1,0,1,1,9,0.210874,0.217038,0,0,0
9854,,16,0,3,3,0,3,3,8,0.236639,0.245349,0,0.333333,0
9855,,53,0,1,1,0,1,1,9,0.220297,0.227161,0,0,0
9859,,65,0,1,1,0,1,1,8,0.236841,0.24458,0,0,0
19740,,14,1,1,2,1,1,2,2,0.666667,0.75,0,0,0.000241
9862,,16,0,1,1,0,1,1,8,0.234514,0.24306,0,0,0
9863,,7,0,1,1,0,1,1,10,0.184455,0.18824,0,0,0
9865,,65,0,1,1,0,1,1,9,0.195014,0.200132,0,0,0
16555,,7,1,0,1,1,0,1,0,0,0,0,0,0.000422
16599,,7,2,1,3,2,1,3,8,0.240033,0.247684,8.550572,0.5,0.001532
17119,,7,1,2,3,1,2,3,8,0.24839,0.257195,0,0.5,0.000422
19617,,7,1,0,1,1,0,1,0,0,0,0,0,0.000422
15331,,7,2,2,4,2,2,4,9,0.238271,0.246022,26.284628,0.25,0.00059
20155,,7,3,2,5,3,2,5,9,0.241523,0.249758,48.422729,0.35,0.000758
22515,,7,1,0,1,1,0,1,0,0,0,0,0,0.000422
10614,,41,4,5,9,4,5,9,8,0.26593,0.277733,71792.733781,0.107143,0.000931
26091,,7,1,1,2,1,1,2,8,0.257707,0.267945,0,0.5,0.000422
26376,,7,1,0,1,1,0,1,0,0,0,0,0,0.000422
29421,,7,1,0,1,1,0,1,0,0,0,0,0,0.000422
33585,,7,1,0,1,1,0,1,0,0,0,0,0,0.000422
9875,,14,0,1,1,0,1,1,9,0.1952,0.200058,0,0,0
9879,,7,0,1,1,0,1,1,9,0.222352,0.229209,0,0,0
9880,,65,0,1,1,0,1,1,8,0.236841,0.24458,0,0,0
9881,,2,1,1,2,1,1,2,9,0.213454,0.219376,18825,0,0.000178
9883,,7,0,1,1,0,1,1,9,0.226463,0.234215,0,0,0
9884,,7,0,1,1,0,1,1,1,1,1,0,0,0
9885,,41,0,1,1,0,1,1,1,1,1,0,0,0
9888,,7,0,1,1,0,1,1,9,0.198884,0.203512,0,0,0
9889,,36,0,3,3,0,3,3,1,1,1,0,0.166667,0
9890,,7,0,1,1,0,1,1,9,0.215092,0.220741,0,0,0
9892,,7,0,1,1,0,1,1,8,0.261475,0.272568,0,0,0
28606,,14,2,4,6,2,4,6,8,0.23409,0.241522,275.046691,0.2,0.000421
9895,,53,0,1,1,0,1,1,9,0.220297,0.227161,0,0,0
9896,,41,0,1,1,0,1,1,9,0.234736,0.243231,0,0,0
16044,,16,1,2,3,1,2,3,9,0.22104,0.22739,0,0.5,0.000664
17138,,16,1,0,1,1,0,1,0,0,0,0,0,0.000664
15920,,16,1,1,2,1,1,2,9,0.221038,0.227363,0,0,0.000664
22609,,16,1,0,1,1,0,1,0,0,0,0,0,0.000664
34084,,16,1,0,1,1,0,1,0,0,0,0,0,0.000664
9899,,7,0,2,2,0,2,2,8,0.226023,0.233739,0,1,0
9901,,36,0,1,1,0,1,1,8,0.22375,0.230857,0,0,0
9904,,7,3,1,4,3,1,4,9,0.221077,0.227763,3.546097,0.25,0.000609
9907,,7,0,1,1,0,1,1,8,0.233287,0.240189,0,0,0
9909,,7,0,1,1,0,1,1,9,0.225592,0.232933,0,0,0
9910,,7,0,1,1,0,1,1,8,0.252153,0.261614,0,0,0
9912,,7,0,2,2,0,2,2,8,0.251988,0.261427,0,0,0
9913,,2,0,4,4,0,4,4,9,0.194544,0.198865,0,0.25,0
9915,,7,0,1,1,0,1,1,9,0.228964,0.236007,0,0,0
9917,,7,0,1,1,0,1,1,8,0.234991,0.243288,0,0,0
9918,,16,0,1,1,0,1,1,8,0.232249,0.239663,0,0,0
9920,,41,0,2,2,0,2,2,9,0.195831,0.200624,0,1,0
9921,,7,0,1,1,0,1,1,9,0.20921,0.214873,0,0,0
9922,,7,0,3,3,0,3,3,9,0.232234,0.240709,0,0,0
15502,,36,1,0,1,1,0,1,0,0,0,0,0,0.000187
9926,,16,0,1,1,0,1,1,9,0.230024,0.237286,0,0,0
9927,,7,0,1,1,0,1,1,8,0.261475,0.272568,0,0,0
9928,,167,0,1,1,0,1,1,1,1,1,0,0,0
9929,,167,1,0,1,1,0,1,0,0,0,0,0,0.000168
9933,,7,0,1,1,0,1,1,8,0.236001,0.244609,0,0,0
9936,,16,0,2,2,0,2,2,9,0.216082,0.222957,0,0,0
9937,,16,0,1,1,0,1,1,9,0.226297,0.233852,0,0,0
9940,,41,0,7,7,0,7,7,8,0.266524,0.278074,0,0.261905,0
9943,,16,0,1,1,0,1,1,9,0.225849,0.233205,0,0,0
10352,,16,1,0,1,1,0,1,0,0,0,0,0,0.000176
9947,,7,0,6,6,0,6,6,8,0.234576,0.243023,0,0.033333,0
11749,,7,1,0,1,1,0,1,0,0,0,0,0,0.000168
9948,,7,0,11,11,0,11,11,8,0.267806,0.279821,0,0.272727,0
9949,,41,0,6,6,0,6,6,8,0.256366,0.267216,0,0.533333,0
9950,,7,0,1,1,0,1,1,8,0.262756,0.273466,0,0,0
9951,,36,0,1,1,0,1,1,2,0.666667,0.75,0,0,0
9953,,16,0,1,1,0,1,1,8,0.240389,0.248209,0,0,0
9954,,7,0,1,1,0,1,1,8,0.234569,0.242416,0,0,0
10574,,65,1,4,5,1,4,5,10,0.172736,0.175974,0.5,0.5,0.000175
9957,,7,0,1,1,0,1,1,8,0.262756,0.273466,0,0,0
9958,,7,0,1,1,0,1,1,9,0.200066,0.204368,0,0,0
9959,,7,0,1,1,0,1,1,8,0.233233,0.240201,0,0,0
9960,,7,0,1,1,0,1,1,9,0.219316,0.225988,0,0,0
9961,,16,0,1,1,0,1,1,9,0.228869,0.236881,0,0,0
9964,,14,0,1,1,0,1,1,8,0.247395,0.256736,0,0,0
9968,,53,0,1,1,0,1,1,9,0.216853,0.223281,0,0,0
9969,,16,0,1,1,0,1,1,8,0.244275,0.253708,0,0,0
10881,,168,1,0,1,1,0,1,0,0,0,0,0,0.000173
9978,,16,2,2,4,2,2,4,8,0.238551,0.246457,46278.799604,0.166667,0.000359
13077,,16,1,2,3,1,2,3,8,0.238718,0.246647,20.385368,0.5,0.000178
9979,,22,0,2,2,0,2,2,9,0.212864,0.21894,0,0.5,0
11434,,41,1,1,2,1,1,2,9,0.187171,0.190828,0,0,0.000199
9983,,41,1,2,3,1,2,3,9,0.23477,0.243304,11312.415112,0,0.000187
11522,,67,3,0,3,3,0,3,0,0,0,0,0,0.000528
20142,,41,1,2,3,1,2,3,9,0.23477,0.243304,11312.415112,0,0.000187
9988,,16,0,1,1,0,1,1,8,0.23949,0.247366,0,0,0
9989,,16,0,1,1,0,1,1,8,0.236167,0.244733,0,0,0
9990,,169,0,1,1,0,1,1,1,1,1,0,0,0
9991,,169,1,0,1,1,0,1,0,0,0,0,0,0.000168
9992,,7,1,4,5,1,4,5,8,0.227992,0.235291,18828,0,0.000168
9993,,7,1,0,1,1,0,1,0,0,0,0,0,0.000173
9994,,7,0,1,1,0,1,1,8,0.235314,0.242651,0,0,0
9995,,1,0,1,1,0,1,1,1,1,1,0,0,0
9996,,65,0,2,2,0,2,2,8,0.236853,0.244623,0,0,0
19814,,67,1,0,1,1,0,1,0,0,0,0,0,0.000415
20120,,67,1,2,3,1,2,3,9,0.221968,0.229217,0,0.833333,0.000415
31263,,67,1,1,2,1,1,2,9,0.221965,0.229191,0,1,0.000415
31129,,67,1,2,3,1,2,3,9,0.224119,0.231646,0,1,0.000415
32423,,67,1,0,1,1,0,1,0,0,0,0,0,0.000415
34290,,67,1,0,1,1,0,1,0,0,0,0,0,0.000415
35138,,67,1,0,1,1,0,1,0,0,0,0,0,0.000415
22147,,14,1,0,1,1,0,1,0,0,0,0,0,0.0002
10003,,7,0,11,11,0,11,11,8,0.271795,0.28457,0,0.145455,0
10004,,2,0,4,4,0,4,4,8,0.244224,0.253314,0,0,0
10007,,7,0,1,1,0,1,1,10,0.175434,0.178494,0,0,0
10008,,1,0,1,1,0,1,1,8,0.250023,0.260333,0,0,0
10009,,16,0,1,1,0,1,1,9,0.224921,0.232154,0,0,0
10010,,7,0,2,2,0,2,2,9,0.212068,0.218079,0,0,0
10012,,7,0,1,1,0,1,1,8,0.23125,0.238068,0,0,0
13271,,16,1,0,1,1,0,1,0,0,0,0,0,0.000179
18089,,16,1,2,3,1,2,3,10,0.180981,0.184533,25982.900968,0,0.000179
12118,,16,1,0,1,1,0,1,0,0,0,0,0,0.000213
13608,,16,1,0,1,1,0,1,0,0,0,0,0,0.000213
25166,,16,1,0,1,1,0,1,0,0,0,0,0,0.000213
10019,,7,1,0,1,1,0,1,0,0,0,0,0,0.0002
10021,,1,0,2,2,0,2,2,8,0.264469,0.276083,0,1,0
10022,,170,0,4,4,0,4,4,9,0.185694,0.189653,0,0,0
10023,,170,1,0,1,1,0,1,0,0,0,0,0,0.000168
10241,,170,1,0,1,1,0,1,0,0,0,0,0,0.000168
11963,,170,1,0,1,1,0,1,0,0,0,0,0,0.000168
10027,,14,0,2,2,0,2,2,10,0.186159,0.190359,0,0.5,0
10028,,1,0,2,2,0,2,2,8,0.236431,0.244535,0,0.5,0
10031,,65,0,1,1,0,1,1,9,0.213606,0.219549,0,0,0
10038,,41,0,5,5,0,5,5,8,0.261958,0.273701,0,0.4,0
10039,,41,1,2,3,1,2,3,8,0.235111,0.243321,0.666667,0.5,0.000168
10041,,16,1,2,3,1,2,3,8,0.263681,0.274169,5812.725221,0,0.000222
25021,,16,1,1,2,1,1,2,1,1,1,1,0,0.000222
26395,,16,7,4,11,7,4,11,9,0.221594,0.228468,36.947364,0.180556,0.001553
10047,,7,0,4,4,0,4,4,8,0.230809,0.238688,0,0.083333,0
10833,,7,1,0,1,1,0,1,0,0,0,0,0,0.000168
10048,,36,0,1,1,0,1,1,9,0.219332,0.226151,0,0,0
10050,,171,0,1,1,0,1,1,1,1,1,0,0,0
10051,,171,1,0,1,1,0,1,0,0,0,0,0,0.000168
10953,,7,1,0,1,1,0,1,0,0,0,0,0,0.000182
10056,,16,0,2,2,0,2,2,9,0.214805,0.221039,0,0.5,0
10057,,7,0,1,1,0,1,1,9,0.216913,0.223155,0,0,0
10060,,53,2,0,2,2,0,2,0,0,0,0,0,0.000367
10062,,16,1,1,2,1,1,2,9,0.196436,0.201112,18830.783137,0,0.000194
10064,,12,0,2,2,0,2,2,9,0.217008,0.223327,0,0,0
10065,,7,0,1,1,0,1,1,9,0.21519,0.221205,0,0,0
10070,,7,0,1,1,0,1,1,9,0.231897,0.239409,0,0,0
17215,,41,5,5,10,5,5,10,9,0.215297,0.221751,3658.529862,0.357143,0.001105
10076,,41,0,1,1,0,1,1,8,0.231378,0.23929,0,0,0
10078,,22,0,1,1,0,1,1,2,0.545455,0.583333,0,0,0
10079,,7,0,1,1,0,1,1,8,0.261475,0.272568,0,0,0
10081,,7,0,1,1,0,1,1,1,1,1,0,0,0
10083,,7,0,3,3,0,3,3,8,0.263724,0.274986,0,0.333333,0
10087,,41,0,1,1,0,1,1,9,0.187177,0.190845,0,0,0
10091,,7,0,1,1,0,1,1,9,0.225524,0.232475,0,0,0
10092,,41,0,1,1,0,1,1,9,0.234736,0.243231,0,0,0
10094,,7,0,1,1,0,1,1,1,1,1,0,0,0
10095,,7,0,1,1,0,1,1,8,0.261475,0.272568,0,0,0
10096,,7,0,1,1,0,1,1,1,1,1,0,0,0
10097,,2,0,1,1,0,1,1,1,1,1,0,0,0
10102,,172,0,1,1,0,1,1,1,1,1,0,0,0
10103,,172,1,0,1,1,0,1,0,0,0,0,0,0.000168
14643,,16,1,1,2,1,1,2,8,0.232414,0.240732,0,1,0.000358
18748,,16,2,6,8,2,6,8,9,0.214742,0.220937,3685.504719,0.119048,0.000526
14070,,7,1,0,1,1,0,1,0,0,0,0,0,0.000225
11581,,16,1,1,2,1,1,2,9,0.218752,0.224966,0,0,0.000178
10111,,16,0,5,5,0,5,5,8,0.265749,0.27712,0,0.45,0
10112,,65,0,1,1,0,1,1,9,0.189943,0.193924,0,0,0
10114,,7,0,1,1,0,1,1,9,0.232872,0.240708,0,0,0
10116,,7,0,2,2,0,2,2,9,0.231131,0.23955,0,1,0
10117,,53,0,1,1,0,1,1,9,0.220297,0.227161,0,0,0
10119,,16,0,1,1,0,1,1,8,0.233638,0.242002,0,0,0
10122,,7,0,1,1,0,1,1,10,0.179156,0.182314,0,0,0
10123,,16,0,2,2,0,2,2,9,0.221687,0.228925,0,0,0
16404,,12,1,0,1,1,0,1,0,0,0,0,0,0.000173
10130,,1,0,2,2,0,2,2,8,0.238964,0.246826,0,0.5,0
11794,,7,1,2,3,1,2,3,9,0.21893,0.22529,0,0.333333,0.000177
30433,,7,1,1,2,1,1,2,9,0.201294,0.206163,51964.724545,0,0.000177
10132,,7,0,1,1,0,1,1,9,0.226897,0.234639,0,0,0
10134,,7,0,1,1,0,1,1,9,0.238286,0.246733,0,0,0
10136,,7,1,2,3,1,2,3,8,0.238637,0.246027,138.900255,0.333333,0.000168
14961,,53,1,1,2,1,1,2,9,0.214906,0.220633,0,0,0.000325
19727,,53,1,1,2,1,1,2,9,0.214906,0.220633,0,0,0.000325
21661,,53,1,0,1,1,0,1,0,0,0,0,0,0.000325
22758,,53,1,1,2,1,1,2,10,0.188048,0.192169,0,1,0.000325
29715,,53,3,5,8,3,5,8,9,0.234525,0.24264,2112.969963,0.3,0.000701
30888,,53,2,2,4,2,2,4,9,0.215568,0.221349,0,0.833333,0.000533
30985,,53,2,2,4,2,2,4,9,0.214909,0.220659,0.25,0.666667,0.00051
33335,,53,3,6,9,3,6,9,9,0.215622,0.221534,26058.003233,0.433333,0.000724
34240,,53,1,0,1,1,0,1,0,0,0,0,0,0.000325
30854,,53,3,3,6,3,3,6,9,0.215613,0.221445,0,0.916667,0.000724
35309,,53,1,0,1,1,0,1,0,0,0,0,0,0.000325
35673,,53,1,0,1,1,0,1,0,0,0,0,0,0.000325
10142,,7,0,1,1,0,1,1,9,0.207609,0.212853,0,0,0
10143,,7,0,1,1,0,1,1,9,0.21519,0.221205,0,0,0
10144,,12,0,3,3,0,3,3,9,0.2311,0.238909,0,0.666667,0
10147,,14,0,1,1,0,1,1,9,0.225039,0.232567,0,0,0
10151,,7,0,1,1,0,1,1,8,0.23089,0.237744,0,0,0
10153,,12,0,1,1,0,1,1,9,0.216998,0.223279,0,0,0
10157,,7,0,1,1,0,1,1,9,0.226164,0.233246,0,0,0
12925,,7,1,0,1,1,0,1,0,0,0,0,0,0.000226
12926,,7,1,0,1,1,0,1,0,0,0,0,0,0.000226
12927,,7,1,0,1,1,0,1,0,0,0,0,0,0.000226
12929,,7,1,0,1,1,0,1,0,0,0,0,0,0.000226
22628,,7,1,0,1,1,0,1,0,0,0,0,0,0.000226
10159,,173,0,2,2,0,2,2,10,0.179811,0.183165,0,0,0
13287,,173,1,0,1,1,0,1,0,0,0,0,0,0.000168
24123,,36,1,1,2,1,1,2,1,1,1,236.074157,0,0.000266
27425,,36,1,0,1,1,0,1,0,0,0,0,0,0.000266
14806,,1,1,0,1,1,0,1,0,0,0,0,0,0.000235
10165,,12,0,2,2,0,2,2,9,0.188037,0.192623,0,0,0
10167,,7,0,1,1,0,1,1,8,0.230224,0.237765,0,0,0
10168,,7,0,1,1,0,1,1,8,0.224819,0.231434,0,0,0
24632,,16,1,0,1,1,0,1,0,0,0,0,0,0.000199
10175,,7,0,1,1,0,1,1,8,0.261475,0.272568,0,0,0
10179,,7,0,1,1,0,1,1,9,0.225922,0.23323,0,0,0
28051,,527,3,0,3,3,0,3,0,0,0,0,0,0.000543
10184,,2,0,2,2,0,2,2,10,0.177878,0.181609,0,0,0
10185,,16,0,1,1,0,1,1,8,0.232249,0.239663,0,0,0
10187,,25,0,2,2,0,2,2,9,0.225644,0.232867,0,0,0
10188,,25,1,0,1,1,0,1,0,0,0,0,0,0.000168
10191,,16,0,2,2,0,2,2,8,0.2484,0.258014,0,0,0
10192,,16,0,1,1,0,1,1,8,0.236535,0.24595,0,0,0
10196,,174,0,1,1,0,1,1,1,1,1,0,0,0
10197,,174,1,0,1,1,0,1,0,0,0,0,0,0.000168
10200,,7,0,2,2,0,2,2,8,0.245376,0.254277,0,0,0
10204,,16,1,1,2,1,1,2,8,0.221506,0.227956,0,0,0.00057
11787,,16,3,1,4,3,1,4,8,0.221506,0.227956,0,0.5,0.000926
12343,,16,1,0,1,1,0,1,0,0,0,0,0,0.00057
14521,,16,2,1,3,2,1,3,8,0.221506,0.227956,0,1,0.000747
12775,,16,1,2,3,1,2,3,8,0.221508,0.227982,0,1,0.00057
15891,,16,1,3,4,1,3,4,8,0.221514,0.228018,25975,0.333333,0.00057
10205,,14,1,5,6,1,5,6,8,0.26069,0.272549,0.774777,0.466667,0.000168
10207,,1,0,1,1,0,1,1,8,0.238232,0.246371,0,0,0
10213,,7,0,1,1,0,1,1,8,0.244564,0.253553,0,0,0
31516,,7,3,1,4,3,1,4,9,0.214319,0.220599,40209.179422,0.166667,0.000719
32081,,2,1,0,1,1,0,1,0,0,0,0,0,0.000293
10219,,16,0,1,1,0,1,1,8,0.238528,0.246408,0,0,0
14918,,22,1,3,4,1,3,4,9,0.212867,0.218974,1,0.166667,0.000184
10224,,7,0,1,1,0,1,1,9,0.226507,0.233208,0,0,0
10225,,16,0,1,1,0,1,1,9,0.219196,0.225231,0,0,0
10226,,65,0,2,2,0,2,2,8,0.236851,0.24462,0,0.5,0
10227,,65,1,1,2,1,1,2,8,0.236841,0.24458,0,0.5,0.000168
10228,,175,0,1,1,0,1,1,10,0.192441,0.196798,0,0,0
10234,,36,0,1,1,0,1,1,9,0.218761,0.22523,0,0,0
10235,,7,0,1,1,0,1,1,9,0.226164,0.233246,0,0,0
10238,,41,0,1,1,0,1,1,8,0.257544,0.268689,0,0,0
10239,,16,0,2,2,0,2,2,8,0.25215,0.262311,0,1,0
10242,,7,0,1,1,0,1,1,9,0.220127,0.227165,0,0,0
10248,,7,0,1,1,0,1,1,9,0.215232,0.221161,0,0,0
10250,,22,0,2,2,0,2,2,9,0.212941,0.219074,0,0.5,0
10251,,7,0,2,2,0,2,2,8,0.251937,0.261222,0,0,0
10254,,176,0,1,1,0,1,1,1,1,1,0,0,0
10255,,176,1,0,1,1,0,1,0,0,0,0,0,0.000168
10260,,53,0,1,1,0,1,1,9,0.220459,0.227318,0,0,0
10261,,41,0,2,2,0,2,2,8,0.237101,0.244615,0,0,0
10262,,7,0,1,1,0,1,1,9,0.226164,0.233246,0,0,0
18973,,16,1,0,1,1,0,1,0,0,0,0,0,0.001149
32723,,41,1,0,1,1,0,1,0,0,0,0,0,0.000234
10273,,41,0,1,1,0,1,1,8,0.232025,0.239654,0,0,0
10274,,12,0,5,5,0,5,5,8,0.248682,0.258036,0,0.3,0
10776,,12,1,1,2,1,1,2,8,0.247779,0.256716,0,0.5,0.000168
11839,,16,1,2,3,1,2,3,9,0.221305,0.228689,95.260212,0,0.00024
10276,,41,0,2,2,0,2,2,9,0.205281,0.210879,0,0,0
23450,,41,3,2,5,3,2,5,9,0.215559,0.221896,1138.616258,0,0.000509
10277,,7,0,5,5,0,5,5,9,0.233247,0.241444,0,0.25,0
10279,,7,0,11,11,0,11,11,8,0.265617,0.2771,0,0.118182,0
25398,,7,1,0,1,1,0,1,0,0,0,0,0,0.000168
10282,,32,1,1,2,1,1,2,9,0.216485,0.222512,19.597862,0,0.000173
10283,,14,0,1,1,0,1,1,1,1,1,0,0,0
10285,,7,0,2,2,0,2,2,8,0.249295,0.259094,0,0.5,0
10287,,16,1,1,2,1,1,2,8,0.233634,0.241997,0,1,0.000203
10288,,16,0,3,3,0,3,3,8,0.222947,0.229864,0,0.333333,0
10290,,16,0,1,1,0,1,1,9,0.228527,0.235985,0,0,0
10292,,16,0,1,1,0,1,1,8,0.230667,0.237711,0,0,0
10295,,16,0,3,3,0,3,3,9,0.22554,0.232285,0,0.666667,0
10297,,7,0,1,1,0,1,1,8,0.261475,0.272568,0,0,0
10300,,7,0,1,1,0,1,1,9,0.198884,0.203512,0,0,0
10308,,41,1,1,2,1,1,2,1,1,1,0,0.5,0.000182
11582,,41,2,0,2,2,0,2,0,0,0,0,0.5,0.000355
10309,,7,0,1,1,0,1,1,10,0.179274,0.182963,0,0,0
10313,,1,1,0,1,1,0,1,0,0,0,0,0,0.000377
25292,,1,1,1,2,1,1,2,10,0.160283,0.162849,427.692752,0.5,0.000377
10314,,7,0,1,1,0,1,1,8,0.229405,0.236983,0,0,0
10315,,16,0,2,2,0,2,2,9,0.227404,0.235191,0,0,0
10316,,16,0,1,1,0,1,1,8,0.237376,0.246856,0,0,0
10318,,53,0,2,2,0,2,2,9,0.216527,0.223051,0,0,0
10320,,7,0,5,5,0,5,5,8,0.265757,0.277406,0,0.25,0
13279,,1,2,3,5,2,3,5,9,0.236671,0.244525,19465.120119,0,0.000346
10327,,7,1,0,1,1,0,1,0,0,0,0,0,0.000243
34869,,7,1,0,1,1,0,1,0,0,0,0,0,0.000243
10328,,177,0,2,2,0,2,2,1,1,1,0,0,0
10329,,177,1,0,1,1,0,1,0,0,0,0,0,0.000168
10330,,177,1,0,1,1,0,1,0,0,0,0,0,0.000168
10333,,7,0,2,2,0,2,2,8,0.261479,0.272594,0,0.5,0
10334,,7,0,1,1,0,1,1,7,0.293553,0.307954,0,0,0
10335,,16,0,1,1,0,1,1,8,0.244161,0.253367,0,0,0
10336,,41,0,1,1,0,1,1,9,0.234736,0.243231,0,0,0
10340,,7,1,3,4,1,3,4,9,0.221528,0.228388,18827,0.333333,0.000168
10341,,7,0,1,1,0,1,1,8,0.248325,0.257194,0,0,0
10342,,41,0,1,1,0,1,1,8,0.257544,0.268689,0,0,0
10343,,41,0,1,1,0,1,1,1,1,1,0,0,0
10344,,7,0,1,1,0,1,1,1,1,1,0,0,0
10345,,7,0,4,4,0,4,4,9,0.221537,0.228429,0,0.333333,0
34889,,7,1,0,1,1,0,1,0,0,0,0,0,0.000168
10346,,16,0,1,1,0,1,1,8,0.240389,0.248209,0,0,0
10347,,7,0,1,1,0,1,1,9,0.226164,0.233246,0,0,0
10349,,7,0,2,2,0,2,2,9,0.209452,0.214982,0,0.5,0
10351,,7,0,1,1,0,1,1,9,0.226164,0.233246,0,0,0
10353,,7,0,1,1,0,1,1,9,0.226042,0.233215,0,0,0
10355,,7,0,3,3,0,3,3,9,0.228533,0.235349,0,0,0
15007,,16,1,0,1,1,0,1,0,0,0,0,0,0.000297
11335,,16,1,0,1,1,0,1,0,0,0,0,0,0.000173
10360,,7,0,1,1,0,1,1,8,0.255022,0.264509,0,0,0
10361,,7,0,1,1,0,1,1,9,0.216594,0.222797,0,0,0
10362,,7,0,1,1,0,1,1,8,0.237205,0.244512,0,0,0
10363,,16,0,1,1,0,1,1,9,0.214802,0.221012,0,0,0
26781,,22,1,0,1,1,0,1,0,0,0,0,0,0.000307
10369,,16,0,1,1,0,1,1,8,0.231948,0.238988,0,0,0
22435,,41,1,0,1,1,0,1,0,0,0,0,0,0.000178
10379,,22,0,1,1,0,1,1,9,0.21286,0.218905,0,0,0
10380,,7,0,1,1,0,1,1,8,0.237622,0.245065,0,0,0
10382,,7,1,1,2,1,1,2,9,0.207609,0.212854,0.3,0,0.000322
10387,,36,1,1,2,1,1,2,9,0.22603,0.232679,154.090103,0,0.000173
24358,,67,1,0,1,1,0,1,0,0,0,0,0,0.000189
10390,,36,0,8,8,0,8,8,8,0.282222,0.296339,0,0.232143,0
10392,,7,0,1,1,0,1,1,9,0.229134,0.236663,0,0,0
10393,,16,0,1,1,0,1,1,8,0.232418,0.240737,0,0,0
10394,,7,0,3,3,0,3,3,8,0.244754,0.253559,0,0.333333,0
10395,,16,0,1,1,0,1,1,9,0.219196,0.225231,0,0,0
31455,,36,1,0,1,1,0,1,0,0,0,0,0,0.000358
31855,,36,1,0,1,1,0,1,0,0,0,0,0,0.000358
10403,,16,0,1,1,0,1,1,8,0.230091,0.237701,0,0,0
10404,,7,0,1,1,0,1,1,9,0.215198,0.221686,0,0,0
10406,,69,0,1,1,0,1,1,9,0.188054,0.192248,0,0,0
10409,,16,0,1,1,0,1,1,8,0.246659,0.25616,0,0,0
10410,,65,0,1,1,0,1,1,9,0.208155,0.213697,0,0,0
10411,,41,0,1,1,0,1,1,8,0.257544,0.268689,0,0,0
10413,,65,0,1,1,0,1,1,9,0.195014,0.200132,0,0,0
10414,,41,0,1,1,0,1,1,8,0.257544,0.268689,0,0,0
21416,,67,1,2,3,1,2,3,10,0.181183,0.184811,0,0.5,0.000189
10416,,16,0,1,1,0,1,1,8,0.235179,0.242605,0,0,0
10417,,7,0,2,2,0,2,2,8,0.239645,0.247575,0,0,0
10423,,7,0,1,1,0,1,1,1,1,1,0,0,0
20615,,15,1,1,2,1,1,2,8,0.227249,0.233744,0,0,0.00023
10427,,178,0,2,2,0,2,2,8,0.261485,0.272606,0,0,0
10428,,178,1,0,1,1,0,1,0,0,0,0,0,0.000168
10429,,69,0,2,2,0,2,2,8,0.262028,0.273199,0,0,0
10431,,16,0,1,1,0,1,1,9,0.230024,0.237286,0,0,0
10432,,41,0,3,3,0,3,3,8,0.256314,0.267723,0,0.166667,0
10434,,7,0,1,1,0,1,1,8,0.263278,0.27399,0,0,0
10436,,39,0,2,2,0,2,2,1,1,1,0,0,0
10437,,16,0,3,3,0,3,3,8,0.24458,0.253366,0,0.666667,0
10438,,41,0,2,2,0,2,2,9,0.231969,0.239079,0,0,0
22127,,41,1,3,4,1,3,4,8,0.270588,0.282346,3901.173381,0,0.000168
10439,,7,0,1,1,0,1,1,9,0.215353,0.221419,0,0,0
10443,,25,0,1,1,0,1,1,10,0.194761,0.199416,0,0,0
10445,,16,0,2,2,0,2,2,8,0.252647,0.26295,0,0.5,0
10446,,7,0,1,1,0,1,1,8,0.240465,0.248606,0,0,0
10447,,16,0,2,2,0,2,2,9,0.227966,0.235597,0,0,0
10449,,7,0,1,1,0,1,1,8,0.247779,0.256716,0,0,0
10452,,7,0,5,5,0,5,5,8,0.245524,0.254308,0,0.2,0
10453,,1,0,1,1,0,1,1,8,0.238232,0.246371,0,0,0
10454,,65,0,1,1,0,1,1,8,0.235576,0.242737,0,0,0
10455,,7,0,3,3,0,3,3,9,0.21838,0.225018,0,0,0
10456,,16,0,1,1,0,1,1,9,0.231783,0.240091,0,0,0
10457,,22,0,1,1,0,1,1,9,0.21286,0.218905,0,0,0
10459,,7,0,9,9,0,9,9,8,0.267428,0.279052,0,0.097222,0
10467,,7,1,0,1,1,0,1,0,0,0,0,0,0.000168
34769,,7,1,0,1,1,0,1,0,0,0,0,0,0.000237
10465,,53,0,4,4,0,4,4,8,0.26351,0.274413,0,0.083333,0
10466,,7,0,1,1,0,1,1,8,0.239067,0.246889,0,0,0
13311,,69,1,1,2,1,1,2,8,0.23211,0.239028,0,0,0.000632
13302,,69,3,2,5,3,2,5,8,0.232165,0.239123,0,0.916667,0.001032
14569,,69,3,0,3,3,0,3,0,0,0,0,0.833333,0.001032
15597,,69,5,5,10,5,5,10,8,0.236392,0.243749,12106.295536,0.380952,0.001407
19764,,69,9,11,20,9,11,20,8,0.259644,0.270865,63135.520775,0.079167,0.00209
22021,,69,1,0,1,1,0,1,0,0,0,0,0,0.000632
22690,,69,3,5,8,3,5,8,8,0.243114,0.2514,365.041558,0.366667,0.001032
10470,,16,0,6,6,0,6,6,8,0.229701,0.238212,0,0.133333,0
17839,,16,2,2,4,2,2,4,8,0.244338,0.252635,5642.661243,0.333333,0.000369
10473,,25,0,2,2,0,2,2,9,0.220384,0.226563,0,0,0
10476,,16,0,1,1,0,1,1,8,0.236535,0.24595,0,0,0
10481,,16,0,1,1,0,1,1,8,0.232249,0.239663,0,0,0
10482,,7,0,1,1,0,1,1,8,0.263006,0.273325,0,0,0
10484,,179,1,2,3,1,2,3,8,0.233066,0.241323,18827,0,0.000173
35168,,179,1,1,2,1,1,2,9,0.189015,0.193291,0,0,0.000173
10485,,41,0,1,1,0,1,1,1,1,1,0,0,0
10486,,16,0,1,1,0,1,1,8,0.251382,0.261452,0,0,0
10487,,7,0,1,1,0,1,1,9,0.226158,0.232969,0,0,0
10488,,41,0,1,1,0,1,1,9,0.195066,0.199384,0,0,0
18477,,65,1,1,2,1,1,2,8,0.234434,0.242006,0,1,0.000182
10494,,16,0,1,1,0,1,1,9,0.214802,0.221012,0,0,0
10992,,1,1,2,3,1,2,3,9,0.222711,0.230228,5.550908,0.666667,0.000205
10504,,16,0,3,3,0,3,3,8,0.250376,0.260396,0,0.333333,0
10506,,53,1,2,3,1,2,3,9,0.220295,0.227182,0,1,0.000187
10507,,7,0,3,3,0,3,3,8,0.262818,0.27359,0,0.166667,0
30965,,7,1,0,1,1,0,1,0,0,0,0,0,0.000168
10509,,67,0,3,3,0,3,3,9,0.222166,0.229515,0,0.333333,0
10512,,1,0,1,1,0,1,1,8,0.230853,0.23867,0,0,0
10515,,1,0,2,2,0,2,2,9,0.222618,0.230103,0,0,0
10516,,1,2,3,5,2,3,5,8,0.230719,0.238731,376.4648,0.333333,0.000364
10519,,41,0,2,2,0,2,2,8,0.261708,0.27288,0,0,0
24975,,16,1,0,1,1,0,1,0,0,0,0,0,0.000858
24104,,16,1,1,2,1,1,2,9,0.224026,0.231565,0,0,0.000858
25451,,16,1,2,3,1,2,3,9,0.224031,0.2316,20370.090337,0.5,0.000858
25915,,16,1,1,2,1,1,2,9,0.224026,0.231565,0,0,0.000858
32571,,16,1,1,2,1,1,2,9,0.224026,0.231565,0,0,0.000858
10521,,1,0,1,1,0,1,1,8,0.238232,0.246371,0,0,0
10522,,16,0,1,1,0,1,1,9,0.196469,0.201551,0,0,0
13090,,16,1,0,1,1,0,1,0,0,0,0,0,0.000327
10524,,36,0,3,3,0,3,3,9,0.226528,0.2335,0,0.166667,0
10525,,22,0,1,1,0,1,1,10,0.176317,0.17961,0,0,0
10535,,7,0,1,1,0,1,1,9,0.220733,0.22707,0,0,0
10542,,16,0,1,1,0,1,1,9,0.226297,0.233852,0,0,0
10543,,65,0,2,2,0,2,2,9,0.217961,0.224328,0,0,0
10545,,7,0,1,1,0,1,1,8,0.243485,0.252685,0,0,0
25111,,7,1,0,1,1,0,1,0,0,0,0,0,0.0002
25112,,7,1,0,1,1,0,1,0,0,0,0,0,0.0002
25113,,7,1,0,1,1,0,1,0,0,0,0,0,0.0002
25114,,7,1,0,1,1,0,1,0,0,0,0,0,0.0002
10547,,41,0,1,1,0,1,1,9,0.234736,0.243231,0,0,0
10548,,7,0,3,3,0,3,3,8,0.244196,0.253138,0,0.333333,0
10549,,7,1,0,1,1,0,1,0,0,0,0,0,0.000168
10551,,7,0,5,5,0,5,5,8,0.232392,0.240217,0,0.4,0
10552,,7,1,1,2,1,1,2,9,0.196321,0.200756,0,0.5,0.000246
10555,,41,0,3,3,0,3,3,11,0.147802,0.149897,0,0.166667,0
10556,,1,0,1,1,0,1,1,8,0.230918,0.237946,0,0,0
10558,,12,0,1,1,0,1,1,8,0.21622,0.221853,0,0,0
10559,,12,1,6,7,1,6,7,7,0.275853,0.28795,18827,0.071429,0.000168
10562,,65,0,2,2,0,2,2,8,0.237565,0.24494,0,0,0
10563,,7,0,1,1,0,1,1,8,0.262756,0.273466,0,0,0
10564,,16,0,1,1,0,1,1,8,0.236535,0.24595,0,0,0
18102,,81,1,0,1,1,0,1,0,0,0,0,0,0.000185
35468,,16,1,0,1,1,0,1,0,0,0,0,0,0.000198
10572,,7,0,1,1,0,1,1,9,0.213511,0.219459,0,0,0
10576,,25,0,1,1,0,1,1,8,0.234155,0.242097,0,0,0
21202,,16,1,1,2,1,1,2,10,0.186708,0.190748,0,0,0.000226
27094,,16,1,1,2,1,1,2,10,0.186708,0.190748,0,0,0.000226
10579,,41,0,2,2,0,2,2,8,0.225408,0.232225,0,1,0
10580,,41,0,1,1,0,1,1,10,0.190143,0.194563,0,0,0
10582,,16,0,3,3,0,3,3,9,0.231398,0.239838,0,0,0
10585,,7,0,1,1,0,1,1,8,0.237958,0.246963,0,0,0
10586,,41,0,1,1,0,1,1,11,0.153901,0.156012,0,0,0
10587,,16,0,1,1,0,1,1,8,0.236767,0.24412,0,0,0
35654,,16,1,0,1,1,0,1,0,0,0,0,0,0.000262
10595,,16,0,17,17,0,17,17,8,0.277338,0.290868,0,0.125,0
10596,,16,1,1,2,1,1,2,8,0.227253,0.234761,40.845377,0,0.000168
10597,,16,1,0,1,1,0,1,0,0,0,0,0,0.000168
10600,,180,0,1,1,0,1,1,1,1,1,0,0,0
10601,,180,1,0,1,1,0,1,0,0,0,0,0,0.000168
10603,,7,0,1,1,0,1,1,8,0.246941,0.255908,0,0,0
10604,,81,0,3,3,0,3,3,8,0.236669,0.244794,0,0,0
10608,,81,0,2,2,0,2,2,8,0.251499,0.260448,0,0,0
10611,,181,0,2,2,0,2,2,1,1,1,0,0,0
10612,,181,1,0,1,1,0,1,0,0,0,0,0,0.000168
10849,,181,1,0,1,1,0,1,0,0,0,0,0,0.000168
31775,,41,1,1,2,1,1,2,9,0.210069,0.215665,0,0,0.00019
13206,,12,1,0,1,1,0,1,0,0,0,0,0,0.001173
13432,,12,1,0,1,1,0,1,0,0,0,0,0,0.001173
18384,,12,2,1,3,2,1,3,8,0.233235,0.240203,2479.609715,0,0.001341
21808,,12,3,5,8,3,5,8,9,0.20187,0.207618,19530.720847,0.404762,0.001527
18350,,12,4,2,6,4,2,6,10,0.173585,0.177047,153.181324,0.2,0.00176
25463,,12,1,0,1,1,0,1,0,0,0,0,0,0.001173
25738,,12,1,1,2,1,1,2,9,0.18552,0.189871,0,1,0.001173
24942,,12,3,2,5,3,2,5,9,0.187473,0.191833,0,0.75,0.001853
27335,,12,1,0,1,1,0,1,0,0,0,0,0,0.001173
30664,,12,1,1,2,1,1,2,10,0.167966,0.171141,0,1,0.001173
27953,,12,2,4,6,2,4,6,8,0.261759,0.273038,53017.515892,0.1,0.004532
20928,,41,1,1,2,1,1,2,10,0.167451,0.170275,0,0,0.000206
10625,,7,0,1,1,0,1,1,9,0.212939,0.218795,0,0,0
21897,,53,1,1,2,1,1,2,9,0.214512,0.221389,864.535913,0,0.000186
10628,,32,0,1,1,0,1,1,9,0.200601,0.20557,0,0,0
16490,,16,1,0,1,1,0,1,0,0,0,0,0,0.000333
10630,,41,0,1,1,0,1,1,8,0.230249,0.237146,0,0,0
10634,,7,1,3,4,1,3,4,8,0.266009,0.27749,0,0.583333,0.000673
15138,,7,1,1,2,1,1,2,8,0.252674,0.26192,0,0,0.000673
22409,,7,2,2,4,2,2,4,9,0.238778,0.246737,18827.2991,0.25,0.000928
10635,,16,0,1,1,0,1,1,8,0.246659,0.25616,0,0,0
10636,,1,0,1,1,0,1,1,1,1,1,0,0,0
10640,,22,0,1,1,0,1,1,9,0.21286,0.218905,0,0,0
10641,,7,0,1,1,0,1,1,8,0.224983,0.23254,0,0,0
10642,,16,0,1,1,0,1,1,8,0.246659,0.25616,0,0,0
10646,,7,0,1,1,0,1,1,9,0.239963,0.248532,0,0,0
10650,,7,1,0,1,1,0,1,0,0,0,0,0,0.000287
10652,,41,0,1,1,0,1,1,9,0.234736,0.243231,0,0,0
10653,,14,0,1,1,0,1,1,8,0.22747,0.234557,0,0,0
10654,,16,0,2,2,0,2,2,8,0.248476,0.258283,0,0.5,0
10657,,7,0,1,1,0,1,1,9,0.196368,0.201154,0,0,0
10658,,65,1,1,2,1,1,2,9,0.189949,0.193954,1.5,0,0.000168
10660,,1,0,1,1,0,1,1,8,0.230918,0.237946,0,0,0
10661,,7,0,1,1,0,1,1,8,0.251523,0.26155,0,0,0
10663,,7,0,1,1,0,1,1,9,0.20921,0.214873,0,0,0
18155,,67,5,1,6,5,1,6,1,1,1,11.932063,0.1,0.000897
28314,,67,2,3,5,2,3,5,8,0.240536,0.248722,4693.58159,0.3,0.000378
10668,,182,0,1,1,0,1,1,1,1,1,0,0,0
10669,,182,1,0,1,1,0,1,0,0,0,0,0,0.000168
10675,,67,0,1,1,0,1,1,10,0.17939,0.182791,0,0,0
34417,,16,1,0,1,1,0,1,0,0,0,0,0,0.000265
10679,,53,0,1,1,0,1,1,9,0.220297,0.227161,0,0,0
10681,,7,0,1,1,0,1,1,10,0.173356,0.176347,0,0,0
10682,,16,0,2,2,0,2,2,8,0.24997,0.259897,0,0.5,0
10683,,7,0,1,1,0,1,1,8,0.262756,0.273466,0,0,0
10685,,41,0,2,2,0,2,2,8,0.237499,0.2459,0,1,0
13240,,16,2,0,2,2,0,2,0,0,0,0,0,0.000376
22782,,16,1,0,1,1,0,1,0,0,0,0,0,0.000204
28942,,16,1,0,1,1,0,1,0,0,0,0,0,0.000204
15378,,65,1,0,1,1,0,1,0,0,0,0,0,0.000174
24126,,65,3,1,4,3,1,4,8,0.236847,0.244584,18826,0.166667,0.00051
26850,,7,1,1,2,1,1,2,9,0.239965,0.248535,893.674161,0,0.000185
10738,,16,1,0,1,1,0,1,0,0,0,0,0,0.000186
10691,,16,0,1,1,0,1,1,8,0.251382,0.261452,0,0,0
10692,,7,0,8,8,0,8,8,8,0.263259,0.27431,0,0.160714,0
29485,,7,1,0,1,1,0,1,0,0,0,0,0,0.000189
11370,,41,2,3,5,2,3,5,8,0.254695,0.264559,3108.821232,0,0.000357
10698,,7,0,1,1,0,1,1,8,0.253935,0.263546,0,0,0
29550,,7,1,1,2,1,1,2,9,0.21392,0.219893,0,0,0.000319
10702,,36,0,3,3,0,3,3,8,0.240588,0.248758,0,0.166667,0
10703,,7,0,1,1,0,1,1,9,0.20921,0.214873,0,0,0
10705,,16,0,1,1,0,1,1,9,0.196857,0.201227,0,0,0
10714,,7,0,1,1,0,1,1,8,0.262756,0.273466,0,0,0
18646,,485,2,0,2,2,0,2,0,0,0,0,0,0.000347
10718,,16,1,0,1,1,0,1,0,0,0,0,0,0.000252
19407,,16,2,0,2,2,0,2,0,0,0,0,0.5,0.000421
30206,,16,1,0,1,1,0,1,0,0,0,0,0,0.000252
10720,,65,0,1,1,0,1,1,8,0.236841,0.24458,0,0,0
10721,,7,0,4,4,0,4,4,8,0.263698,0.274701,0,0.25,0
10723,,41,10,12,22,10,12,22,8,0.245411,0.254745,349982.025738,0.017544,0.001785
10898,,41,1,0,1,1,0,1,0,0,0,0,0,0.000216
10816,,1,1,2,3,1,2,3,9,0.200736,0.205428,179.721906,0,0.000216
12140,,41,1,0,1,1,0,1,0,0,0,0,0,0.000216
13076,,41,1,0,1,1,0,1,0,0,0,0,0,0.000216
12711,,41,1,1,2,1,1,2,9,0.197055,0.201682,0,0,0.000216
13580,,41,1,0,1,1,0,1,0,0,0,0,0,0.000216
14413,,41,4,2,6,4,2,6,9,0.197059,0.201717,38298.18969,0,0.000739
10724,,7,0,1,1,0,1,1,8,0.262756,0.273466,0,0,0
10725,,7,0,1,1,0,1,1,9,0.235473,0.242933,0,0,0
10726,,7,0,4,4,0,4,4,8,0.231378,0.239332,0,0.5,0
10727,,183,1,3,4,1,3,4,1,1,1,2,0,0.000173
10728,,183,1,0,1,1,0,1,0,0,0,0,0,0.000173
24968,,183,1,0,1,1,0,1,0,0,0,0,0,0.000173
19759,,183,1,1,2,1,1,2,2,0.6,0.666667,0,0,0.000173
15085,,81,6,8,14,6,8,14,11,0.152497,0.155135,17195.787625,0.305556,0.001307
30665,,81,1,0,1,1,0,1,0,0,0,0,0,0.00024
10730,,7,0,2,2,0,2,2,9,0.234739,0.243126,0,0,0
10731,,81,0,1,1,0,1,1,11,0.150473,0.15264,0,0,0
10733,,1,0,1,1,0,1,1,8,0.228936,0.236648,0,0,0
10734,,36,0,2,2,0,2,2,8,0.217996,0.224062,0,0,0
10735,,32,0,1,1,0,1,1,1,1,1,0,0,0
14411,,16,2,2,4,2,2,4,9,0.219953,0.22643,0,1,0.000533
14977,,16,2,4,6,2,4,6,9,0.219958,0.226483,51949,0.25,0.000533
18609,,16,1,0,1,1,0,1,0,0,0,0,0,0.000353
17059,,16,2,4,6,2,4,6,8,0.253651,0.264156,2160.791749,0.15,0.000573
33777,,16,1,1,2,1,1,2,9,0.219945,0.226386,0,0,0.000353
10737,,7,0,1,1,0,1,1,8,0.248325,0.257194,0,0,0
32855,,41,2,0,2,2,0,2,0,0,0,0,0.5,0.000479
10742,,7,0,1,1,0,1,1,9,0.229028,0.236621,0,0,0
10743,,7,0,1,1,0,1,1,9,0.18263,0.186401,0,0,0
10744,,16,0,1,1,0,1,1,8,0.236167,0.244733,0,0,0
10745,,7,0,1,1,0,1,1,9,0.222431,0.229647,0,0,0
10747,,16,0,1,1,0,1,1,9,0.221836,0.22815,0,0,0
10748,,7,0,1,1,0,1,1,9,0.222499,0.229441,0,0,0
10749,,16,0,1,1,0,1,1,8,0.234601,0.241751,0,0,0
31141,,56,1,0,1,1,0,1,0,0,0,0,0,0.0002
10756,,16,0,1,1,0,1,1,9,0.215951,0.221597,0,0,0
10758,,25,0,1,1,0,1,1,9,0.213332,0.219326,0,0,0
10759,,7,0,1,1,0,1,1,8,0.262756,0.273466,0,0,0
10762,,7,0,1,1,0,1,1,9,0.225651,0.232929,0,0,0
10769,,7,1,2,3,1,2,3,8,0.240219,0.248389,18825,0.166667,0.000178
10770,,36,0,1,1,0,1,1,9,0.211768,0.217605,0,0,0
10772,,67,1,1,2,1,1,2,9,0.229833,0.237605,6963.002889,0,0.000168
13394,,16,1,1,2,1,1,2,1,1,1,6.13655,0,0.000214
10777,,7,0,1,1,0,1,1,9,0.197466,0.201771,0,0,0
10778,,25,0,1,1,0,1,1,8,0.234155,0.242097,0,0,0
26287,,53,1,0,1,1,0,1,0,0,0,0,0,0.000178
10780,,7,0,3,3,0,3,3,8,0.238918,0.24695,0,0.5,0
10781,,1,0,1,1,0,1,1,8,0.214587,0.220453,0,0,0
12808,,7,1,1,2,1,1,2,8,0.252678,0.261929,0,1,0.000311
16634,,67,1,4,5,1,4,5,8,0.217679,0.224184,26073.274829,0,0.000272
10784,,16,0,2,2,0,2,2,8,0.235913,0.244553,0,0.5,0
28213,,16,2,1,3,2,1,3,9,0.191049,0.195453,0,0.5,0.000423
10789,,7,0,2,2,0,2,2,9,0.229371,0.23701,0,1,0
10791,,41,0,1,1,0,1,1,9,0.210713,0.216558,0,0,0
10795,,25,0,1,1,0,1,1,9,0.214878,0.220568,0,0,0
19189,,16,1,0,1,1,0,1,0,0,0,0,0,0.000174
10798,,1,0,1,1,0,1,1,9,0.187688,0.191925,0,0,0
10799,,7,0,1,1,0,1,1,10,0.18308,0.187088,0,0,0
10800,,65,0,3,3,0,3,3,8,0.234456,0.242096,0,0.333333,0
10802,,7,0,1,1,0,1,1,1,1,1,0,0,0
10806,,7,0,1,1,0,1,1,1,1,1,0,0,0
10807,,184,0,1,1,0,1,1,1,1,1,0,0,0
10808,,184,1,0,1,1,0,1,0,0,0,0,0,0.000168
10809,,16,0,1,1,0,1,1,9,0.189813,0.193697,0,0,0
10811,,16,0,2,2,0,2,2,8,0.249599,0.258766,0,1,0
10812,,7,0,3,3,0,3,3,8,0.23776,0.246113,0,0.166667,0
10814,,16,0,2,2,0,2,2,8,0.222873,0.229949,0,0,0
10817,,16,0,1,1,0,1,1,9,0.203588,0.208667,0,0,0
10818,,41,0,1,1,0,1,1,8,0.257544,0.268689,0,0,0
10820,,7,0,1,1,0,1,1,9,0.20921,0.214873,0,0,0
10821,,7,0,6,6,0,6,6,8,0.252352,0.262046,0,0.433333,0
10822,,7,0,2,2,0,2,2,9,0.230376,0.237982,0,0,0
10823,,7,0,1,1,0,1,1,9,0.227426,0.23419,0,0,0
10825,,36,0,1,1,0,1,1,8,0.22375,0.230857,0,0,0
22613,,16,1,0,1,1,0,1,0,0,0,0,0,0.000177
10827,,41,0,1,1,0,1,1,10,0.161496,0.164257,0,0,0
10830,,41,0,2,2,0,2,2,9,0.206,0.211698,0,0,0
19725,,41,33,6,39,33,6,39,9,0.210933,0.216997,695651.833149,0.012605,0.005644
10835,,67,0,1,1,0,1,1,2,0.666667,0.75,0,0,0
10836,,67,1,1,2,1,1,2,1,1,1,1,0,0.000168
10838,,7,0,1,1,0,1,1,9,0.200066,0.204368,0,0,0
10841,,16,1,4,5,1,4,5,8,0.274932,0.288001,137.320859,0.25,0.000358
10843,,7,0,23,23,0,23,23,8,0.288691,0.303975,0,0.128458,0
10848,,16,0,1,1,0,1,1,9,0.225085,0.231702,0,0,0
10850,,7,0,1,1,0,1,1,9,0.20749,0.212706,0,0,0
10851,,1,1,2,3,1,2,3,8,0.238909,0.246948,1306.098228,0.333333,0.000168
10853,,7,0,1,1,0,1,1,9,0.218122,0.224516,0,0,0
10855,,41,0,1,1,0,1,1,9,0.214084,0.219917,0,0,0
10856,,41,0,2,2,0,2,2,8,0.262766,0.273505,0,0,0
10864,,41,0,1,1,0,1,1,8,0.236961,0.24442,0,0,0
10866,,7,0,1,1,0,1,1,8,0.239167,0.246988,0,0,0
10867,,7,0,1,1,0,1,1,8,0.230955,0.238384,0,0,0
10869,,7,0,2,2,0,2,2,8,0.264796,0.27606,0,1,0
10870,,41,1,2,3,1,2,3,8,0.258492,0.269959,561.904254,0.333333,0.0002
10871,,16,0,1,1,0,1,1,8,0.251382,0.261452,0,0,0
10872,,25,0,3,3,0,3,3,9,0.21711,0.223552,0,0,0
12460,,25,1,0,1,1,0,1,0,0,0,0,0,0.000168
13105,,25,2,0,2,2,0,2,0,0,0,0,0,0.000359
10873,,7,0,1,1,0,1,1,8,0.253959,0.263295,0,0,0
10874,,7,0,1,1,0,1,1,9,0.227168,0.234544,0,0,0
10875,,16,0,1,1,0,1,1,8,0.244433,0.254493,0,0,0
10876,,7,0,1,1,0,1,1,8,0.220725,0.227864,0,0,0
10877,,12,0,1,1,0,1,1,9,0.214812,0.220722,0,0,0
10883,,16,0,1,1,0,1,1,9,0.226657,0.233753,0,0,0
10885,,16,0,3,3,0,3,3,9,0.209645,0.215431,0,0,0
10886,,22,0,1,1,0,1,1,9,0.196738,0.201165,0,0,0
22866,,22,1,1,2,1,1,2,9,0.196731,0.201149,0,0,0.000258
10888,,10,0,1,1,0,1,1,1,1,1,0,0,0
14054,,16,1,2,3,1,2,3,8,0.243863,0.252655,0,1,0.000555
16581,,16,1,1,2,1,1,2,8,0.232822,0.23992,0,0,0.000555
22174,,16,2,2,4,2,2,4,8,0.236344,0.243864,423.457174,0.166667,0.000723
10890,,7,0,1,1,0,1,1,8,0.262756,0.273466,0,0,0
10891,,7,0,1,1,0,1,1,8,0.226185,0.232941,0,0,0
10893,,16,0,1,1,0,1,1,8,0.234266,0.242061,0,0,0
14772,,41,3,1,4,3,1,4,9,0.209781,0.215658,0,0.666667,0.001187
24821,,81,2,3,5,2,3,5,12,0.132344,0.134116,22.916667,0.15,0.000377
27440,,81,1,0,1,1,0,1,0,0,0,0,0,0.000199
30550,,81,1,0,1,1,0,1,0,0,0,0,0,0.000199
10902,,7,2,2,4,2,2,4,9,0.189962,0.194038,745.818532,0.166667,0.000705
10904,,16,0,1,1,0,1,1,10,0.188449,0.192861,0,0,0
10908,,7,0,1,1,0,1,1,8,0.224717,0.231687,0,0,0
10909,,1,0,1,1,0,1,1,8,0.228936,0.236648,0,0,0
10911,,16,0,1,1,0,1,1,1,1,1,0,0,0
10914,,14,1,4,5,1,4,5,8,0.247688,0.25724,18827,0.166667,0.000173
22549,,14,1,1,2,1,1,2,9,0.19852,0.203273,0,0,0.000173
10916,,65,0,1,1,0,1,1,9,0.213606,0.219549,0,0,0
10917,,7,1,2,3,1,2,3,8,0.245143,0.253643,5.071755,0.666667,0.000191
10919,,22,0,1,1,0,1,1,9,0.21286,0.218905,0,0,0
10923,,41,0,2,2,0,2,2,9,0.210715,0.216584,0,0.5,0
10929,,7,0,2,2,0,2,2,8,0.239046,0.246925,0,0,0
10930,,7,0,1,1,0,1,1,9,0.198884,0.203512,0,0,0
17588,,7,2,3,5,2,3,5,8,0.239164,0.247617,37.876414,0.333333,0.000398
10932,,7,0,1,1,0,1,1,9,0.198461,0.20316,0,0,0
10934,,14,0,1,1,0,1,1,9,0.216335,0.222572,0,0,0
10936,,12,0,1,1,0,1,1,1,1,1,0,0,0
10937,,12,0,1,1,0,1,1,1,1,1,0,0,0
10938,,16,0,1,1,0,1,1,9,0.222778,0.22953,0,0,0
13574,,7,1,0,1,1,0,1,0,0,0,0,0,0.000251
10943,,7,0,2,2,0,2,2,8,0.245838,0.254734,0,1,0
10946,,41,0,1,1,0,1,1,9,0.226963,0.233954,0,0,0
10949,,41,0,1,1,0,1,1,9,0.234736,0.243231,0,0,0
10950,,7,0,2,2,0,2,2,9,0.201371,0.206323,0,0.5,0
10951,,12,0,4,4,0,4,4,9,0.212382,0.218961,0,0.25,0
10956,,16,0,1,1,0,1,1,8,0.232418,0.240737,0,0,0
10957,,7,0,2,2,0,2,2,9,0.226175,0.233299,0,0.5,0
10958,,7,0,1,1,0,1,1,9,0.216542,0.222727,0,0,0
10959,,16,0,2,2,0,2,2,9,0.231296,0.23846,0,0.5,0
10963,,1,0,1,1,0,1,1,9,0.222605,0.230046,0,0,0
10964,,39,0,1,1,0,1,1,1,1,1,0,0,0
10965,,16,0,1,1,0,1,1,9,0.199183,0.203979,0,0,0
10967,,41,0,1,1,0,1,1,1,1,1,0,0,0
10969,,7,0,1,1,0,1,1,9,0.235473,0.242933,0,0,0
10972,,7,0,6,6,0,6,6,8,0.240226,0.250167,0,0.133333,0
10974,,65,0,1,1,0,1,1,8,0.236841,0.24458,0,0,0
10975,,16,0,3,3,0,3,3,8,0.242008,0.250415,0,0.333333,0
10976,,65,0,1,1,0,1,1,8,0.235576,0.242737,0,0,0
10979,,14,0,2,2,0,2,2,8,0.249153,0.258898,0,1,0
10982,,12,0,2,2,0,2,2,9,0.185526,0.189906,0,0.5,0
10983,,1,0,1,1,0,1,1,9,0.192963,0.197351,0,0,0
10984,,1,0,2,2,0,2,2,8,0.230865,0.238719,0,1,0
10986,,7,0,1,1,0,1,1,9,0.22101,0.227171,0,0,0
11086,,53,2,4,6,2,4,6,8,0.225084,0.232737,28380.948671,0.2,0.000351
10988,,12,0,1,1,0,1,1,1,1,1,0,0,0
10991,,185,1,2,3,1,2,3,9,0.214775,0.220759,18827,0,0.000173
21874,,185,1,1,2,1,1,2,10,0.176804,0.180089,0,0,0.000173
10993,,12,0,3,3,0,3,3,9,0.199849,0.205142,0,0.5,0
10995,,1,0,1,1,0,1,1,8,0.230717,0.238683,0,0,0
10996,,7,0,1,1,0,1,1,8,0.23992,0.247233,0,0,0
10997,,12,0,3,3,0,3,3,9,0.235488,0.243009,0,0,0
35505,,12,1,0,1,1,0,1,0,0,0,0,0,0.000168
10999,,12,0,3,3,0,3,3,8,0.253668,0.263407,0,0.166667,0
11000,,12,0,2,2,0,2,2,9,0.185526,0.189906,0,0.5,0
11001,,41,0,2,2,0,2,2,8,0.231054,0.238594,0,1,0
11003,,7,0,6,6,0,6,6,8,0.262637,0.274079,0,0,0
31770,,7,1,0,1,1,0,1,0,0,0,0,0,0.000168
33768,,7,1,0,1,1,0,1,0,0,0,0,0,0.000168
11004,,12,0,2,2,0,2,2,10,0.164899,0.168058,0,0,0
11005,,12,0,1,1,0,1,1,1,1,1,0,0,0
11006,,12,0,1,1,0,1,1,1,1,1,0,0,0
11008,,12,0,3,3,0,3,3,9,0.246311,0.256013,0,0,0
11009,,16,0,1,1,0,1,1,9,0.215121,0.221624,0,0,0
11011,,16,0,1,1,0,1,1,9,0.20578,0.211261,0,0,0
20047,,7,2,0,2,2,0,2,0,0,0,0,0.5,0.000973
23096,,12,1,7,8,1,7,8,8,0.236347,0.244731,5096.092888,0.285714,0.000758
25797,,7,1,0,1,1,0,1,0,0,0,0,0,0.000758
18403,,297,1,2,3,1,2,3,1,1,1,51952,0,0.000758
22301,,67,1,0,1,1,0,1,0,0,0,0,0,0.000178
11017,,16,0,1,1,0,1,1,8,0.234266,0.242061,0,0,0
11021,,53,0,2,2,0,2,2,9,0.215082,0.221252,0,0,0
11024,,12,0,3,3,0,3,3,9,0.199849,0.205142,0,0.5,0
11025,,12,0,1,1,0,1,1,1,1,1,0,0,0
11026,,7,0,1,1,0,1,1,9,0.207284,0.212645,0,0,0
11027,,36,0,1,1,0,1,1,10,0.180353,0.184084,0,0,0
11028,,7,0,1,1,0,1,1,9,0.231745,0.239907,0,0,0
11031,,65,0,1,1,0,1,1,8,0.236841,0.24458,0,0,0
11032,,12,0,1,1,0,1,1,1,1,1,0,0,0
11035,,16,0,1,1,0,1,1,8,0.235824,0.242716,0,0,0
11038,,65,1,2,3,1,2,3,8,0.235586,0.242777,765.299005,0,0.000168
11039,,65,1,0,1,1,0,1,0,0,0,0,0,0.000173
11043,,7,0,4,4,0,4,4,8,0.243309,0.25142,0,0.083333,0
11044,,67,0,4,4,0,4,4,9,0.213044,0.219282,0,0.166667,0
23614,,67,1,1,2,1,1,2,9,0.202263,0.207249,32.031336,0,0.000168
11046,,16,8,4,12,8,4,12,10,0.180556,0.184068,233030.334499,0.166667,0.001452
31617,,16,10,2,12,10,2,12,11,0.152944,0.15507,28237.5,0.177778,0.001779
32791,,16,2,3,5,2,3,5,11,0.152945,0.155097,9412.5,0.583333,0.000375
11047,,7,0,2,2,0,2,2,8,0.249467,0.25914,0,1,0
11051,,36,0,1,1,0,1,1,9,0.218761,0.22523,0,0,0
11054,,36,0,1,1,0,1,1,9,0.218761,0.22523,0,0,0
11056,,186,0,1,1,0,1,1,1,1,1,0,0,0
11057,,186,1,0,1,1,0,1,0,0,0,0,0,0.000168
11061,,65,1,0,1,1,0,1,0,0,0,0,0,0.000369
16551,,65,1,1,2,1,1,2,9,0.217949,0.224278,0,0,0.000369
19685,,65,1,0,1,1,0,1,0,0,0,0,0,0.000369
21272,,65,1,1,2,1,1,2,9,0.217949,0.224278,0,0,0.000369
22466,,65,1,0,1,1,0,1,0,0,0,0,0,0.000369
11063,,7,0,1,1,0,1,1,9,0.239538,0.247501,0,0,0
11064,,12,0,2,2,0,2,2,9,0.185526,0.189906,0,0.5,0
11065,,12,0,2,2,0,2,2,9,0.185526,0.189906,0,0.5,0
11066,,7,0,5,5,0,5,5,8,0.256066,0.265952,0,0.2,0
11067,,16,0,1,1,0,1,1,9,0.232941,0.240927,0,0,0
12144,,65,2,4,6,2,4,6,10,0.172738,0.175982,18826,0.333333,0.000343
14990,,65,2,0,2,2,0,2,0,0,0,0,0.5,0.000352
11070,,1,0,2,2,0,2,2,9,0.209422,0.215337,0,0.5,0
11071,,7,0,1,1,0,1,1,9,0.222431,0.229647,0,0,0
11072,,16,0,1,1,0,1,1,9,0.216719,0.222904,0,0,0
11074,,7,0,1,1,0,1,1,9,0.22971,0.237607,0,0,0
11078,,7,0,1,1,0,1,1,9,0.200066,0.204368,0,0,0
11079,,41,0,1,1,0,1,1,9,0.234736,0.243231,0,0,0
11080,,7,0,1,1,0,1,1,9,0.239963,0.248532,0,0,0
19120,,7,1,2,3,1,2,3,8,0.247786,0.256751,15.211549,0.166667,0.000313
29312,,7,1,0,1,1,0,1,0,0,0,0,0,0.000313
11083,,7,0,1,1,0,1,1,9,0.222352,0.229209,0,0,0
11084,,187,0,1,1,0,1,1,1,1,1,0,0,0
11085,,187,1,0,1,1,0,1,0,0,0,0,0,0.000168
11097,,16,0,1,1,0,1,1,9,0.185792,0.189794,0,0,0
24820,,16,1,0,1,1,0,1,0,0,0,0,0,0.000251
11100,,16,0,1,1,0,1,1,8,0.23897,0.247046,0,0,0
11101,,16,0,1,1,0,1,1,9,0.192872,0.197718,0,0,0
24021,,2,3,0,3,3,0,3,0,0,0,0,0,0.000535
19782,,16,2,4,6,2,4,6,8,0.232897,0.241397,10717.183839,0.366667,0.000408
11105,,65,0,1,1,0,1,1,9,0.213606,0.219549,0,0,0
11106,,7,0,1,1,0,1,1,1,1,1,0,0,0
11109,,39,0,1,1,0,1,1,1,1,1,0,0,0
11110,,16,0,1,1,0,1,1,8,0.246659,0.25616,0,0,0
11115,,188,0,1,1,0,1,1,1,1,1,0,0,0
11116,,188,1,0,1,1,0,1,0,0,0,0,0,0.000168
11121,,12,1,7,8,1,7,8,9,0.200454,0.206029,18827,0.178571,0.000168
11122,,7,0,1,1,0,1,1,9,0.222499,0.229441,0,0,0
11124,,1,0,1,1,0,1,1,10,0.183581,0.187692,0,0,0
11126,,7,0,1,1,0,1,1,8,0.262756,0.273466,0,0,0
11128,,65,0,1,1,0,1,1,9,0.194264,0.198569,0,0,0
11133,,7,0,2,2,0,2,2,8,0.260542,0.272181,0,0.5,0
11134,,2,0,1,1,0,1,1,8,0.235883,0.243933,0,0,0
11135,,7,0,1,1,0,1,1,9,0.233264,0.241028,0,0,0
11139,,81,0,1,1,0,1,1,10,0.173284,0.176362,0,0,0
11140,,7,0,1,1,0,1,1,9,0.220127,0.227165,0,0,0
11141,,1,0,1,1,0,1,1,8,0.242388,0.250662,0,0,0
11142,,7,0,1,1,0,1,1,9,0.212293,0.218053,0,0,0
11146,,41,0,3,3,0,3,3,8,0.238238,0.245857,0,0.166667,0
11149,,7,0,1,1,0,1,1,8,0.227127,0.233591,0,0,0
11151,,189,1,1,2,1,1,2,1,1,1,0,0,0.000173
11152,,189,1,1,2,1,1,2,1,1,1,0,0,0.000173
11153,,41,0,1,1,0,1,1,8,0.257544,0.268689,0,0,0
11154,,7,0,2,2,0,2,2,8,0.251573,0.261647,0,0.5,0
11156,,7,0,1,1,0,1,1,9,0.223511,0.230581,0,0,0
11160,,7,0,1,1,0,1,1,10,0.178413,0.181892,0,0,0
11162,,16,0,1,1,0,1,1,8,0.222226,0.228739,0,0,0
11163,,65,0,1,1,0,1,1,9,0.217956,0.224292,0,0,0
12746,,16,1,0,1,1,0,1,0,0,0,0,0,0.000176
19456,,12,1,0,1,1,0,1,0,0,0,0,0,0.00032
19483,,12,2,0,2,2,0,2,0,0,0,0,0,0.000488
19679,,12,1,0,1,1,0,1,0,0,0,0,0,0.00032
23348,,12,1,0,1,1,0,1,0,0,0,0,0,0.00032
23400,,12,1,0,1,1,0,1,0,0,0,0,0,0.00032
24082,,12,1,0,1,1,0,1,0,0,0,0,0,0.00032
11167,,81,0,1,1,0,1,1,9,0.224787,0.232402,0,0,0
11408,,7,1,3,4,1,3,4,8,0.240336,0.248879,10.170028,0.5,0.000258
11170,,7,0,1,1,0,1,1,9,0.20921,0.214873,0,0,0
11171,,7,0,1,1,0,1,1,8,0.239167,0.246988,0,0,0
11172,,7,0,1,1,0,1,1,1,1,1,0,0,0
11173,,16,0,2,2,0,2,2,8,0.247505,0.257413,0,0,0
11174,,16,0,1,1,0,1,1,9,0.231783,0.240091,0,0,0
12413,,7,1,0,1,1,0,1,0,0,0,0,0,0.000226
11176,,7,0,1,1,0,1,1,9,0.192226,0.196858,0,0,0
11177,,7,0,2,2,0,2,2,9,0.228997,0.236556,0,0,0
11180,,16,2,1,3,2,1,3,8,0.231947,0.238987,1732.074927,0.333333,0.003108
11181,,53,0,1,1,0,1,1,9,0.220297,0.227161,0,0,0
11182,,7,0,1,1,0,1,1,8,0.23893,0.247221,0,0,0
11184,,16,0,1,1,0,1,1,9,0.201455,0.206503,0,0,0
21100,,190,1,0,1,1,0,1,0,0,0,0,0,0.000174
11192,,65,0,3,3,0,3,3,8,0.237155,0.244993,0,0.166667,0
11194,,7,0,1,1,0,1,1,9,0.200066,0.204368,0,0,0
11196,,7,0,1,1,0,1,1,10,0.19324,0.19784,0,0,0
11197,,7,0,2,2,0,2,2,8,0.235011,0.243425,0,0,0
11199,,53,1,0,1,1,0,1,0,0,0,0,0,0.000174
11201,,41,0,2,2,0,2,2,8,0.263706,0.274129,0,0.5,0
11203,,16,0,1,1,0,1,1,9,0.215792,0.221921,0,0,0
11204,,7,0,1,1,0,1,1,8,0.244345,0.253397,0,0,0
11205,,16,0,1,1,0,1,1,9,0.229337,0.237191,0,0,0
27441,,7,1,1,2,1,1,2,1,1,1,4.166667,0,0.000237
11210,,7,0,2,2,0,2,2,8,0.246863,0.255848,0,0,0
17030,,7,1,2,3,1,2,3,9,0.201305,0.205967,25979.188241,0.166667,0.000244
27076,,7,1,1,2,1,1,2,9,0.196053,0.200509,0,0,0.000183
35714,,7,1,0,1,1,0,1,0,0,0,0,0,0.000183
11218,,16,0,1,1,0,1,1,8,0.251382,0.261452,0,0,0
11221,,7,0,1,1,0,1,1,10,0.179156,0.182314,0,0,0
11222,,41,0,1,1,0,1,1,9,0.217487,0.223937,0,0,0
11223,,7,0,1,1,0,1,1,9,0.218893,0.225422,0,0,0
11225,,7,0,1,1,0,1,1,8,0.261475,0.272568,0,0,0
11227,,7,0,1,1,0,1,1,9,0.212775,0.218697,0,0,0
11230,,7,0,1,1,0,1,1,9,0.200368,0.205306,0,0,0
11232,,16,0,1,1,0,1,1,9,0.227687,0.23488,0,0,0
11233,,7,0,1,1,0,1,1,9,0.223394,0.230421,0,0,0
11234,,191,0,2,2,0,2,2,1,1,1,0,0,0
23698,,191,2,0,2,2,0,2,0,0,0,0,0,0.000336
15775,,41,1,0,1,1,0,1,0,0,0,0,0,0.000195
11238,,7,0,1,1,0,1,1,8,0.261475,0.272568,0,0,0
11240,,7,0,1,1,0,1,1,8,0.261475,0.272568,0,0,0
11245,,7,0,1,1,0,1,1,8,0.262756,0.273466,0,0,0
11247,,7,0,3,3,0,3,3,8,0.248459,0.257156,0,0.333333,0
11248,,69,0,2,2,0,2,2,8,0.23112,0.239088,0,0.5,0
11249,,16,1,1,2,1,1,2,8,0.234108,0.241443,18827,0,0.000168
11250,,16,0,1,1,0,1,1,9,0.227654,0.235503,0,0,0
11251,,41,0,1,1,0,1,1,8,0.232025,0.239654,0,0,0
11252,,7,0,1,1,0,1,1,9,0.224027,0.230383,0,0,0
11254,,16,0,1,1,0,1,1,9,0.22883,0.235861,0,0,0
11255,,16,0,1,1,0,1,1,8,0.251382,0.261452,0,0,0
11256,,36,0,1,1,0,1,1,10,0.190562,0.194838,0,0,0
11257,,7,0,7,7,0,7,7,8,0.268302,0.280138,0,0.285714,0
11259,,16,0,1,1,0,1,1,9,0.228167,0.235675,0,0,0
14394,,81,3,5,8,3,5,8,10,0.177587,0.181223,37761.538147,0.333333,0.000657
28794,,81,2,0,2,2,0,2,0,0,0,0,0.5,0.000429
11264,,16,0,2,2,0,2,2,9,0.209608,0.215965,0,0,0
32716,,16,1,0,1,1,0,1,0,0,0,0,0,0.000168
15281,,192,1,1,2,1,1,2,8,0.229124,0.236483,0,1,0.000182
16568,,192,1,0,1,1,0,1,0,0,0,0,0,0.000182
29648,,192,1,0,1,1,0,1,0,0,0,0,0,0.000182
11267,,7,0,1,1,0,1,1,9,0.233264,0.241028,0,0,0
11269,,16,0,1,1,0,1,1,8,0.251382,0.261452,0,0,0
11270,,32,1,2,3,1,2,3,1,1,1,4,0,0.000173
11271,,193,1,1,2,1,1,2,1,1,1,0,0,0.000173
11272,,193,1,1,2,1,1,2,1,1,1,0,0,0.000173
11274,,41,1,1,2,1,1,2,8,0.23138,0.239292,324.938628,0,0.000249
11275,,12,0,4,4,0,4,4,8,0.236621,0.245183,0,0.166667,0
11276,,7,0,1,1,0,1,1,9,0.207293,0.21267,0,0,0
11277,,41,0,1,1,0,1,1,9,0.207147,0.212822,0,0,0
11278,,7,0,1,1,0,1,1,8,0.262756,0.273466,0,0,0
11279,,7,0,4,4,0,4,4,8,0.264755,0.275877,0,0.25,0
11282,,16,0,2,2,0,2,2,8,0.239435,0.248517,0,0.5,0
11283,,53,0,1,1,0,1,1,9,0.220297,0.227161,0,0,0
11284,,7,0,1,1,0,1,1,8,0.265449,0.276753,0,0,0
11285,,7,0,1,1,0,1,1,8,0.251664,0.260845,0,0,0
14761,,16,1,0,1,1,0,1,0,0,0,0,0,0.002422
14470,,16,3,2,5,3,2,5,8,0.23815,0.247445,63625,0,0.002758
23814,,16,1,3,4,1,3,4,8,0.272009,0.283766,2269.623206,0.333333,0.002422
27376,,16,2,0,2,2,0,2,0,0,0,0,1,0.00264
26307,,16,2,2,4,2,2,4,9,0.224641,0.232346,562.787394,0.166667,0.002682
28855,,16,1,0,1,1,0,1,0,0,0,0,0,0.002422
29918,,16,1,2,3,1,2,3,8,0.241793,0.250376,573.356798,0,0.002422
30250,,16,1,2,3,1,2,3,8,0.274652,0.287406,8011.04139,0.5,0.002422
29521,,16,2,0,2,2,0,2,0,0,0,0,1,0.003108
28874,,16,3,4,7,3,4,7,8,0.238174,0.247551,1104.232861,0.6,0.00302
30796,,16,1,0,1,1,0,1,0,0,0,0,0,0.002422
30867,,16,1,1,2,1,1,2,9,0.206231,0.211969,0,1,0.002422
31217,,16,1,0,1,1,0,1,0,0,0,0,0,0.002422
31446,,16,3,3,6,3,3,6,8,0.238162,0.247498,25974,0.666667,0.003281
31361,,16,3,1,4,3,1,4,9,0.20124,0.206559,0,1,0.003488
24733,,16,1,5,6,1,5,6,8,0.254619,0.265506,5136.560114,0.25,0.002422
33449,,16,1,0,1,1,0,1,0,0,0,0,0,0.002422
33685,,16,2,0,2,2,0,2,0,0,0,0,1,0.002618
33666,,16,1,2,3,1,2,3,8,0.238147,0.247436,0,0.5,0.002422
30775,,16,2,1,3,2,1,3,8,0.238144,0.247409,0,0.5,0.00259
13966,,36,1,19,20,1,19,20,8,0.226858,0.234238,113251.964064,0.028947,0.000297
13260,,36,7,4,11,7,4,11,9,0.234999,0.24372,94829.445163,0.054545,0.001329
11291,,7,0,1,1,0,1,1,9,0.225592,0.232933,0,0,0
11292,,41,1,1,2,1,1,2,1,1,1,1,0,0.000168
11293,,41,1,0,1,1,0,1,0,0,0,0,0,0.000173
11295,,7,0,1,1,0,1,1,8,0.228875,0.236469,0,0,0
26761,,16,1,0,1,1,0,1,0,0,0,0,0,0.000686
28875,,16,2,0,2,2,0,2,0,0,0,0,0.5,0.000894
29677,,16,1,1,2,1,1,2,9,0.206229,0.211961,0,0,0.000686
11297,,16,0,1,1,0,1,1,8,0.244433,0.254493,0,0,0
11302,,65,0,1,1,0,1,1,1,1,1,0,0,0
11306,,67,0,1,1,0,1,1,9,0.208876,0.214129,0,0,0
11308,,67,0,1,1,0,1,1,1,1,1,0,0,0
11311,,12,0,2,2,0,2,2,9,0.20344,0.208181,0,0.5,0
11312,,12,1,2,3,1,2,3,9,0.212975,0.218772,515.235142,0.166667,0.000168
29326,,7,1,0,1,1,0,1,0,0,0,0,0,0.000188
11315,,67,0,1,1,0,1,1,9,0.221969,0.229196,0,0,0
11316,,1,2,5,7,2,5,7,8,0.266352,0.278086,46815.83118,0.1,0.000348
27537,,1,1,1,2,1,1,2,9,0.210332,0.215904,0,0,0.000178
12438,,7,1,1,2,1,1,2,9,0.187631,0.191564,0,0,0.000209
31282,,7,1,1,2,1,1,2,1,1,1,0.5,0,0.000206
33159,,7,1,1,2,1,1,2,9,0.231505,0.239093,47.097717,0,0.000173
11332,,7,0,1,1,0,1,1,9,0.236556,0.244293,0,0,0
11333,,7,0,2,2,0,2,2,8,0.252319,0.261825,0,0.5,0
12595,,16,1,0,1,1,0,1,0,0,0,0,0,0.000207
27055,,16,1,0,1,1,0,1,0,0,0,0,0,0.000207
32650,,16,1,0,1,1,0,1,0,0,0,0,0,0.000207
11337,,7,0,1,1,0,1,1,9,0.236556,0.244293,0,0,0
11339,,41,0,1,1,0,1,1,8,0.257544,0.268689,0,0,0
11342,,16,1,2,3,1,2,3,8,0.234283,0.242117,18829,0,0.000173
11346,,7,0,2,2,0,2,2,8,0.262068,0.273224,0,1,0
11347,,7,0,1,1,0,1,1,9,0.199731,0.204756,0,0,0
11349,,14,1,0,1,1,0,1,0,0,0,0,0,0.000633
22860,,14,2,4,6,2,4,6,8,0.249582,0.259426,6.07026,0.75,0.001002
23169,,14,2,1,3,2,1,3,8,0.236751,0.244734,0,1,0.000829
22760,,14,1,3,4,1,3,4,8,0.23886,0.247034,0,1,0.000633
24300,,14,1,0,1,1,0,1,0,0,0,0,0,0.000633
24356,,14,1,1,2,1,1,2,8,0.247392,0.256732,0,1,0.000633
24787,,14,1,0,1,1,0,1,0,0,0,0,0,0.000633
28304,,14,2,5,7,2,5,7,8,0.274032,0.286597,2095.830639,0.333333,0.001722
30263,,14,1,2,3,1,2,3,8,0.253453,0.263983,0,0.666667,0.000633
11350,,1,0,1,1,0,1,1,8,0.230686,0.237852,0,0,0
11351,,16,0,1,1,0,1,1,9,0.231783,0.240091,0,0,0
11352,,7,0,2,2,0,2,2,8,0.261555,0.272695,0,0.5,0
11353,,16,0,1,1,0,1,1,8,0.233638,0.242002,0,0,0
11355,,7,0,1,1,0,1,1,8,0.230955,0.238384,0,0,0
11356,,22,0,2,2,0,2,2,9,0.233531,0.24133,0,0,0
11357,,32,0,1,1,0,1,1,8,0.232907,0.239721,0,0,0
11358,,69,4,7,11,4,7,11,8,0.233125,0.241596,63711.512138,0.288889,0.000718
11649,,69,1,1,2,1,1,2,9,0.189054,0.193405,0,0,0.000187
11686,,69,2,1,3,2,1,3,9,0.199756,0.204967,0,0.5,0.000386
11359,,39,0,1,1,0,1,1,1,1,1,0,0,0
11362,,16,0,1,1,0,1,1,9,0.224856,0.232784,0,0,0
11364,,7,0,1,1,0,1,1,9,0.202589,0.207926,0,0,0
11365,,7,1,4,5,1,4,5,8,0.25359,0.264042,25.722377,0.05,0.000358
11367,,7,0,2,2,0,2,2,8,0.269573,0.281947,0,0.5,0
11368,,7,0,1,1,0,1,1,8,0.261475,0.272568,0,0,0
11372,,7,0,1,1,0,1,1,9,0.235473,0.242933,0,0,0
11373,,16,1,1,2,1,1,2,8,0.234826,0.242215,0,1,0.000206
11374,,41,0,9,9,0,9,9,8,0.273521,0.285762,0,0.083333,0
11375,,25,0,1,1,0,1,1,10,0.194761,0.199416,0,0,0
11377,,14,1,0,1,1,0,1,0,0,0,0,0,0.000179
11379,,7,0,2,2,0,2,2,9,0.226207,0.233757,0,0,0
11380,,7,1,2,3,1,2,3,9,0.188821,0.192933,26079.231379,0,0.001089
28004,,7,1,0,1,1,0,1,0,0,0,0,0,0.000182
28100,,41,1,0,1,1,0,1,0,0,0,0,0,0.000178
11386,,39,0,1,1,0,1,1,1,1,1,0,0,0
11387,,67,0,2,2,0,2,2,9,0.227819,0.235469,0,1,0
11388,,1,0,1,1,0,1,1,8,0.242388,0.250662,0,0,0
11389,,7,0,5,5,0,5,5,7,0.293892,0.308469,0,0.4,0
11390,,194,0,1,1,0,1,1,1,1,1,0,0,0
11391,,194,1,0,1,1,0,1,0,0,0,0,0,0.000168
11392,,7,0,1,1,0,1,1,9,0.226164,0.233246,0,0,0
11393,,36,0,1,1,0,1,1,9,0.209905,0.215222,0,0,0
11394,,1,0,1,1,0,1,1,8,0.230686,0.237852,0,0,0
11396,,16,0,1,1,0,1,1,9,0.218269,0.224871,0,0,0
11397,,16,0,1,1,0,1,1,9,0.218269,0.224871,0,0,0
34030,,69,1,0,1,1,0,1,0,0,0,0,0,0.000182
11402,,16,0,1,1,0,1,1,8,0.226935,0.234515,0,0,0
11404,,16,0,1,1,0,1,1,9,0.225449,0.232754,0,0,0
11406,,16,0,1,1,0,1,1,9,0.218269,0.224871,0,0,0
11412,,14,0,146,146,0,146,146,7,0.309213,0.330765,0,0.025272,0
11413,,7,1,3,4,1,3,4,9,0.248581,0.258846,18.465976,0.25,0.000168
11980,,14,1,0,1,1,0,1,0,0,0,0,0,0.000168
12337,,14,1,0,1,1,0,1,0,0,0,0,0,0.000168
12400,,14,1,0,1,1,0,1,0,0,0,0,0,0.000168
12420,,14,1,0,1,1,0,1,0,0,0,0,0,0.000168
12499,,14,1,0,1,1,0,1,0,0,0,0,0,0.000168
12679,,14,1,0,1,1,0,1,0,0,0,0,0,0.000168
12728,,14,1,0,1,1,0,1,0,0,0,0,0,0.000168
13056,,14,2,3,5,2,3,5,8,0.257351,0.268391,61.981704,0.45,0.000426
13713,,14,1,0,1,1,0,1,0,0,0,0,0,0.000168
13821,,14,1,0,1,1,0,1,0,0,0,0,0,0.000168
13734,,14,1,1,2,1,1,2,9,0.219388,0.22606,0,0.5,0.000168
13896,,14,1,0,1,1,0,1,0,0,0,0,0,0.000168
13971,,16,2,0,2,2,0,2,0,0,0,0,0,0.000348
14339,,14,1,0,1,1,0,1,0,0,0,0,0,0.000168
14498,,14,1,0,1,1,0,1,0,0,0,0,0,0.000168
14850,,14,2,0,2,2,0,2,0,0,0,0,0,0.000384
11414,,41,0,1,1,0,1,1,8,0.230249,0.237146,0,0,0
11415,,16,0,1,1,0,1,1,8,0.236167,0.244733,0,0,0
11416,,2,0,2,2,0,2,2,9,0.224305,0.23151,0,0,0
11417,,16,0,1,1,0,1,1,9,0.216065,0.222896,0,0,0
16219,,14,1,0,1,1,0,1,0,0,0,0,0,0.000204
11422,,16,0,1,1,0,1,1,8,0.251382,0.261452,0,0,0
11423,,7,0,5,5,0,5,5,8,0.258357,0.268844,0,0.25,0
27584,,7,1,3,4,1,3,4,9,0.223325,0.230706,31.801401,0,0.000168
11424,,16,0,1,1,0,1,1,9,0.218269,0.224871,0,0,0
11425,,36,0,1,1,0,1,1,9,0.208139,0.213323,0,0,0
27945,,7,1,1,2,1,1,2,9,0.226462,0.234214,8.871329,0,0.000428
11429,,22,0,1,1,0,1,1,9,0.21286,0.218905,0,0,0
11430,,11,1,1,2,1,1,2,9,0.205917,0.211466,18827,0,0.000168
11432,,11,0,1,1,0,1,1,10,0.170763,0.173896,0,0,0
11435,,32,0,1,1,0,1,1,2,0.666667,0.75,0,0,0
11436,,59,0,1,1,0,1,1,1,1,1,0,0,0
11439,,7,0,1,1,0,1,1,8,0.224819,0.231434,0,0,0
11440,,1,0,4,4,0,4,4,9,0.214627,0.220952,0,0,0
11441,,1,1,0,1,1,0,1,0,0,0,0,0,0.000168
11443,,2,0,1,1,0,1,1,9,0.209226,0.214674,0,0,0
11446,,195,0,1,1,0,1,1,2,0.666667,0.75,0,0,0
11447,,195,2,1,3,2,1,3,1,1,1,1,0,0.000341
13626,,195,1,1,2,1,1,2,1,1,1,0,0,0.000178
11448,,22,0,1,1,0,1,1,9,0.21286,0.218905,0,0,0
11450,,16,0,1,1,0,1,1,8,0.23949,0.247366,0,0,0
25783,,67,2,3,5,2,3,5,9,0.194137,0.198468,77925,0.083333,0.000394
28017,,67,1,0,1,1,0,1,0,0,0,0,0,0.000226
31057,,67,1,0,1,1,0,1,0,0,0,0,0,0.000226
11454,,16,0,1,1,0,1,1,8,0.244433,0.254493,0,0,0
11455,,16,0,1,1,0,1,1,8,0.236167,0.244733,0,0,0
17722,,36,1,2,3,1,2,3,9,0.228946,0.236641,534.788327,0,0.000192
11460,,1,0,1,1,0,1,1,9,0.214646,0.22062,0,0,0
11462,,16,0,1,1,0,1,1,9,0.19576,0.200829,0,0,0
11465,,7,0,1,1,0,1,1,10,0.178303,0.181862,0,0,0
11472,,41,0,1,1,0,1,1,1,1,1,0,0,0
11473,,7,0,2,2,0,2,2,9,0.240699,0.24969,0,1,0
11475,,16,0,2,2,0,2,2,8,0.262694,0.273961,0,0.5,0
11479,,7,0,7,7,0,7,7,9,0.227643,0.234976,0,0.071429,0
11481,,16,0,1,1,0,1,1,8,0.236167,0.244733,0,0,0
11487,,16,0,2,2,0,2,2,8,0.243416,0.253374,0,1,0
11489,,16,0,1,1,0,1,1,9,0.224567,0.23193,0,0,0
11490,,32,0,2,2,0,2,2,8,0.267433,0.278272,0,0.5,0
11492,,1,0,1,1,0,1,1,8,0.230853,0.23867,0,0,0
11493,,7,0,2,2,0,2,2,8,0.264328,0.275212,0,1,0
11496,,7,1,0,1,1,0,1,0,0,0,0,0,0.000195
11573,,7,1,0,1,1,0,1,0,0,0,0,0,0.000195
11500,,7,0,4,4,0,4,4,8,0.244393,0.252793,0,0.25,0
11504,,41,0,1,1,0,1,1,8,0.227767,0.235137,0,0,0
11506,,196,0,1,1,0,1,1,10,0.177427,0.180667,0,0,0
11507,,196,1,1,2,1,1,2,9,0.215686,0.221565,18827,0,0.000168
11508,,22,0,1,1,0,1,1,9,0.21286,0.218905,0,0,0
12044,,7,1,3,4,1,3,4,9,0.227414,0.234329,28.966488,0.5,0.00029
11511,,7,0,1,1,0,1,1,9,0.212622,0.218545,0,0,0
11515,,32,1,2,3,1,2,3,10,0.194076,0.198586,22100.881741,0.166667,0.000183
11516,,7,0,1,1,0,1,1,9,0.224379,0.231258,0,0,0
11517,,7,0,1,1,0,1,1,8,0.240785,0.248809,0,0,0
11518,,16,0,1,1,0,1,1,9,0.196791,0.201133,0,0,0
26759,,16,2,0,2,2,0,2,0,0,0,0,0,0.000773
17767,,16,1,2,3,1,2,3,7,0.293693,0.308119,10141.731945,0.5,0.000605
11520,,2,0,1,1,0,1,1,1,1,1,0,0,0
23522,,16,1,0,1,1,0,1,0,0,0,0,0,0.00019
11524,,7,0,1,1,0,1,1,9,0.229704,0.237714,0,0,0
11526,,7,0,1,1,0,1,1,8,0.248761,0.257751,0,0,0
32406,,65,1,1,2,1,1,2,9,0.196118,0.2007,0,0,0.00026
11534,,197,0,2,2,0,2,2,9,0.238296,0.246773,0,0,0
22500,,197,1,0,1,1,0,1,0,0,0,0,0,0.000168
27828,,7,1,0,1,1,0,1,0,0,0,0,0,0.000179
11538,,7,0,1,1,0,1,1,8,0.262756,0.273466,0,0,0
11540,,198,0,1,1,0,1,1,1,1,1,0,0,0
11541,,198,1,0,1,1,0,1,0,0,0,0,0,0.000168
11748,,16,1,1,2,1,1,2,9,0.192304,0.196803,0,0,0.000323
11543,,16,0,2,2,0,2,2,9,0.219685,0.22641,0,0,0
25860,,14,1,0,1,1,0,1,0,0,0,0,0,0.000204
11549,,16,0,1,1,0,1,1,8,0.251382,0.261452,0,0,0
11551,,7,0,1,1,0,1,1,9,0.218107,0.224532,0,0,0
11552,,7,0,1,1,0,1,1,9,0.230193,0.238549,0,0,0
11553,,199,0,1,1,0,1,1,10,0.171307,0.174434,0,0,0
11554,,199,1,1,2,1,1,2,9,0.206708,0.212248,18827,0,0.000168
11560,,16,0,1,1,0,1,1,8,0.246114,0.255055,0,0,0
11562,,16,1,0,1,1,0,1,0,0,0,0,0,0.000175
11563,,36,0,1,1,0,1,1,9,0.182969,0.186816,0,0,0
11564,,7,0,5,5,0,5,5,8,0.227415,0.235125,0,0.1,0
11565,,1,0,3,3,0,3,3,9,0.212224,0.218201,0,0,0
14746,,7,1,0,1,1,0,1,0,0,0,0,0,0.000951
15105,,12,2,2,4,2,2,4,9,0.199847,0.205116,574.867762,0.25,0.001153
11568,,7,0,1,1,0,1,1,8,0.262756,0.273466,0,0,0
11571,,7,0,5,5,0,5,5,8,0.257516,0.26758,0,0.15,0
11572,,36,0,4,4,0,4,4,8,0.226033,0.233497,0,0.416667,0
11574,,7,0,2,2,0,2,2,8,0.261493,0.272625,0,0.5,0
11576,,7,0,1,1,0,1,1,1,1,1,0,0,0
11577,,7,0,1,1,0,1,1,8,0.262756,0.273466,0,0,0
11578,,16,0,1,1,0,1,1,8,0.23897,0.247046,0,0,0
11579,,16,0,1,1,0,1,1,8,0.2284,0.235296,0,0,0
14348,,16,6,4,10,6,4,10,8,0.273296,0.28507,55131.942703,0.111111,0.001582
16592,,16,1,0,1,1,0,1,0,0,0,0,0,0.000628
18195,,16,1,0,1,1,0,1,0,0,0,0,0,0.000628
18583,,16,1,0,1,1,0,1,0,0,0,0,0,0.000628
20496,,16,1,1,2,1,1,2,8,0.228393,0.235282,0,0,0.000628
22008,,16,1,0,1,1,0,1,0,0,0,0,0,0.000628
22089,,16,1,0,1,1,0,1,0,0,0,0,0,0.000628
23595,,16,1,0,1,1,0,1,0,0,0,0,0,0.000628
25236,,16,1,0,1,1,0,1,0,0,0,0,0,0.000628
27409,,16,1,0,1,1,0,1,0,0,0,0,0,0.000628
13918,,16,2,2,4,2,2,4,8,0.243677,0.25238,392.413878,0.5,0.000796
27638,,16,2,0,2,2,0,2,0,0,0,0,1,0.000806
18067,,16,1,1,2,1,1,2,8,0.228393,0.235282,0,0,0.000628
30212,,16,1,1,2,1,1,2,8,0.228393,0.235282,0,0,0.000628
27637,,16,1,2,3,1,2,3,8,0.228396,0.235309,0,0.5,0.000628
16986,,16,1,1,2,1,1,2,8,0.228393,0.235282,0,0,0.000628
29439,,16,1,2,3,1,2,3,8,0.228927,0.235923,41.590953,0,0.000628
32588,,16,1,0,1,1,0,1,0,0,0,0,0,0.000628
11583,,7,0,1,1,0,1,1,8,0.262756,0.273466,0,0,0
11586,,22,0,1,1,0,1,1,9,0.21286,0.218905,0,0,0
11589,,1,0,1,1,0,1,1,8,0.230717,0.238683,0,0,0
13096,,16,1,1,2,1,1,2,9,0.226653,0.233748,0,1,0.000185
11591,,7,0,2,2,0,2,2,8,0.267966,0.279519,0,1,0
11592,,36,0,1,1,0,1,1,9,0.215151,0.221458,0,0,0
11593,,25,4,3,7,4,3,7,8,0.240036,0.248009,83378.864931,0,0.000702
11594,,25,1,0,1,1,0,1,0,0,0,0,0,0.000187
11595,,16,0,2,2,0,2,2,8,0.23617,0.244759,0,1,0
11597,,16,0,1,1,0,1,1,10,0.188141,0.191967,0,0,0
11599,,7,0,1,1,0,1,1,8,0.241251,0.248887,0,0,0
11603,,7,1,3,4,1,3,4,8,0.265292,0.276638,18827,0,0.000168
11604,,16,0,4,4,0,4,4,8,0.250602,0.261688,0,0.416667,0
11605,,7,0,1,1,0,1,1,10,0.183633,0.187494,0,0,0
11606,,65,0,3,3,0,3,3,9,0.231774,0.239995,0,0,0
26254,,65,3,0,3,3,0,3,0,0,0,0,0,0.000524
26255,,65,3,0,3,3,0,3,0,0,0,0,0,0.000524
11608,,200,0,1,1,0,1,1,1,1,1,0,0,0
11609,,200,1,0,1,1,0,1,0,0,0,0,0,0.000168
11610,,7,0,1,1,0,1,1,9,0.216325,0.222422,0,0,0
11611,,16,0,1,1,0,1,1,8,0.237376,0.246856,0,0,0
11612,,14,0,1,1,0,1,1,9,0.185324,0.189097,0,0,0
11617,,16,0,1,1,0,1,1,9,0.190507,0.19471,0,0,0
11618,,7,0,2,2,0,2,2,8,0.234698,0.24219,0,0,0
11621,,41,0,1,1,0,1,1,9,0.221424,0.228568,0,0,0
11622,,36,0,2,2,0,2,2,9,0.213035,0.219279,0,0.5,0
11625,,2,0,1,1,0,1,1,9,0.197937,0.202473,0,0,0
22526,,41,1,1,2,1,1,2,8,0.231374,0.239285,0,1,0.00023
25159,,41,1,0,1,1,0,1,0,0,0,0,0,0.00023
11985,,41,1,1,2,1,1,2,9,0.217652,0.224245,177.906509,0,0.00023
11628,,36,0,1,1,0,1,1,9,0.211627,0.217622,0,0,0
32823,,7,1,0,1,1,0,1,0,0,0,0,0,0.000198
11631,,16,0,1,1,0,1,1,8,0.234514,0.24306,0,0,0
11632,,14,0,1,1,0,1,1,8,0.247395,0.256736,0,0,0
11634,,36,0,1,1,0,1,1,9,0.211627,0.217622,0,0,0
11639,,16,0,2,2,0,2,2,9,0.231296,0.23846,0,0,0
22826,,16,1,0,1,1,0,1,0,0,0,0,0,0.000235
27726,,16,1,1,2,1,1,2,9,0.216573,0.223316,0,1,0.000235
11643,,7,0,1,1,0,1,1,10,0.200283,0.205389,0,0,0
11644,,7,0,14,14,0,14,14,8,0.260942,0.272697,0,0.093407,0
11645,,16,0,1,1,0,1,1,1,1,1,0,0,0
11646,,16,2,0,2,2,0,2,0,0,0,0,0,0.000406
11651,,36,4,4,8,4,4,8,8,0.262277,0.273575,22131.953634,0.071429,0.002027
11652,,201,0,1,1,0,1,1,1,1,1,0,0,0
11653,,201,1,0,1,1,0,1,0,0,0,0,0,0.000168
11655,,41,0,1,1,0,1,1,8,0.235753,0.244207,0,0,0
11662,,69,0,2,2,0,2,2,8,0.233103,0.241437,0,1,0
11663,,16,0,1,1,0,1,1,8,0.246659,0.25616,0,0,0
11664,,16,0,1,1,0,1,1,10,0.188176,0.192528,0,0,0
11666,,7,0,1,1,0,1,1,1,1,1,0,0,0
11669,,2,1,1,2,1,1,2,9,0.194532,0.19877,126.630331,0,0.000297
16953,,41,8,2,10,8,2,10,9,0.192574,0.196603,97374.00476,0.053571,0.00151
11671,,7,0,1,1,0,1,1,9,0.235473,0.242933,0,0,0
11672,,65,0,1,1,0,1,1,8,0.236841,0.24458,0,0,0
11673,,7,0,1,1,0,1,1,10,0.175604,0.178854,0,0,0
20436,,41,2,0,2,2,0,2,0,0,0,0,0.5,0.000608
11675,,41,0,1,1,0,1,1,9,0.205609,0.210924,0,0,0
11678,,7,0,1,1,0,1,1,1,1,1,0,0,0
11679,,32,0,1,1,0,1,1,9,0.202563,0.207588,0,0,0
11684,,7,1,5,6,1,5,6,8,0.245883,0.255109,18827,0.1,0.000168
29390,,41,2,0,2,2,0,2,0,0,0,0,0,0.000363
11687,,7,0,1,1,0,1,1,8,0.263278,0.27399,0,0,0
11688,,65,0,1,1,0,1,1,9,0.213606,0.219549,0,0,0
11690,,7,0,1,1,0,1,1,10,0.174837,0.178037,0,0,0
11692,,1,0,1,1,0,1,1,8,0.242388,0.250662,0,0,0
17428,,16,1,1,2,1,1,2,8,0.234262,0.242056,0,1,0.000445
11695,,202,0,1,1,0,1,1,9,0.207286,0.212647,0,0,0
11696,,202,1,1,2,1,1,2,8,0.261475,0.272568,18827,0,0.000168
11697,,7,0,1,1,0,1,1,8,0.232406,0.239626,0,0,0
11699,,16,0,2,2,0,2,2,9,0.230981,0.238309,0,0,0
11700,,16,0,2,2,0,2,2,8,0.238054,0.245689,0,1,0
11701,,41,0,1,1,0,1,1,8,0.257544,0.268689,0,0,0
11702,,36,0,1,1,0,1,1,9,0.215382,0.221492,0,0,0
29446,,29,1,1,2,1,1,2,10,0.176583,0.179966,0,0,0.000179
11707,,1,0,2,2,0,2,2,9,0.211932,0.218601,0,0,0
11708,,25,0,1,1,0,1,1,9,0.225635,0.232826,0,0,0
11710,,203,0,1,1,0,1,1,1,1,1,0,0,0
11711,,203,2,0,2,2,0,2,0,0,0,0,0,0.000336
11712,,7,1,2,3,1,2,3,9,0.230271,0.237287,53.475293,0.166667,0.000209
11713,,7,0,1,1,0,1,1,8,0.2336,0.240852,0,0,0
11715,,1,0,1,1,0,1,1,9,0.223974,0.230994,0,0,0
11716,,41,0,1,1,0,1,1,9,0.203992,0.208642,0,0,0
11718,,16,0,1,1,0,1,1,9,0.209622,0.215251,0,0,0
11719,,7,0,1,1,0,1,1,9,0.207609,0.212853,0,0,0
11720,,65,0,2,2,0,2,2,9,0.213608,0.219575,0,1,0
11722,,237,0,3,3,0,3,3,9,0.206228,0.21181,0,0,0
11723,,237,2,0,2,2,0,2,0,0,0,0,0,0.000336
11724,,53,0,2,2,0,2,2,9,0.226071,0.233896,0,0,0
11725,,7,0,1,1,0,1,1,8,0.242826,0.251829,0,0,0
11726,,7,0,1,1,0,1,1,9,0.199038,0.203888,0,0,0
11732,,53,0,1,1,0,1,1,9,0.220297,0.227161,0,0,0
11733,,7,0,24,24,0,24,24,8,0.270775,0.283761,0,0.030797,0
11735,,36,0,1,1,0,1,1,1,1,1,0,0,0
11738,,7,0,6,6,0,6,6,8,0.27013,0.282216,0,0.266667,0
11740,,16,0,1,1,0,1,1,9,0.206242,0.211786,0,0,0
11741,,7,0,2,2,0,2,2,9,0.223069,0.229895,0,0,0
11742,,16,0,1,1,0,1,1,8,0.237376,0.246856,0,0,0
22039,,7,1,1,2,1,1,2,9,0.215292,0.221419,0,1,0.000174
15759,,69,1,3,4,1,3,4,9,0.232799,0.240891,65.906101,0.166667,0.000186
34050,,69,2,0,2,2,0,2,0,0,0,0,1,0.000359
11751,,16,0,1,1,0,1,1,8,0.234514,0.24306,0,0,0
11753,,67,0,3,3,0,3,3,9,0.22041,0.226612,0,0,0
11755,,1,0,1,1,0,1,1,9,0.222216,0.229086,0,0,0
11756,,67,0,1,1,0,1,1,1,1,1,0,0,0
11758,,7,0,1,1,0,1,1,1,1,1,0,0,0
11760,,7,0,2,2,0,2,2,8,0.262954,0.27374,0,0.5,0
11761,,1,0,1,1,0,1,1,9,0.214952,0.221358,0,0,0
11762,,7,0,2,2,0,2,2,8,0.243996,0.253058,0,0.5,0
11763,,16,0,1,1,0,1,1,9,0.231783,0.240091,0,0,0
11765,,65,0,1,1,0,1,1,8,0.236841,0.24458,0,0,0
11766,,16,0,1,1,0,1,1,9,0.217091,0.223468,0,0,0
11771,,14,0,1,1,0,1,1,8,0.22747,0.234557,0,0,0
11772,,7,2,8,10,2,8,10,8,0.280679,0.293653,5627.666357,0.177778,0.000342
11774,,67,1,1,2,1,1,2,8,0.240354,0.248397,545.368801,0,0.000174
11776,,7,0,1,1,0,1,1,8,0.248387,0.257168,0,0,0
11777,,7,1,3,4,1,3,4,9,0.232517,0.240196,64.316268,0.166667,0.000314
11778,,16,0,1,1,0,1,1,9,0.199733,0.205084,0,0,0
11779,,7,0,1,1,0,1,1,9,0.229028,0.236621,0,0,0
11783,,7,0,1,1,0,1,1,8,0.261475,0.272568,0,0,0
11785,,7,0,1,1,0,1,1,8,0.261475,0.272568,0,0,0
11791,,7,0,1,1,0,1,1,8,0.262756,0.273466,0,0,0
24705,,16,1,1,2,1,1,2,8,0.238524,0.246403,0,1,0.000181
11795,,7,0,2,2,0,2,2,8,0.267414,0.278767,0,0.5,0
16326,,16,1,1,2,1,1,2,9,0.196143,0.201096,0,0,0.000216
23263,,16,1,0,1,1,0,1,0,0,0,0,0,0.000216
11799,,7,0,1,1,0,1,1,8,0.262756,0.273466,0,0,0
11801,,7,0,1,1,0,1,1,9,0.223048,0.230398,0,0,0
31085,,1,1,0,1,1,0,1,0,0,0,0,0,0.000179
31086,,1,1,0,1,1,0,1,0,0,0,0,0,0.000179
31087,,1,1,0,1,1,0,1,0,0,0,0,0,0.000179
31088,,1,1,0,1,1,0,1,0,0,0,0,0,0.000179
31090,,1,1,0,1,1,0,1,0,0,0,0,0,0.000179
31091,,1,1,0,1,1,0,1,0,0,0,0,0,0.000179
31093,,1,1,0,1,1,0,1,0,0,0,0,0,0.000179
31094,,1,1,0,1,1,0,1,0,0,0,0,0,0.000179
31095,,1,1,0,1,1,0,1,0,0,0,0,0,0.000179
11803,,41,1,2,3,1,2,3,9,0.231777,0.239981,6.843613,0,0.000168
11804,,16,0,1,1,0,1,1,8,0.23949,0.247366,0,0,0
11805,,16,0,3,3,0,3,3,8,0.248952,0.25921,0,0.333333,0
21480,,16,1,0,1,1,0,1,0,0,0,0,0,0.000168
11806,,7,0,4,4,0,4,4,9,0.236043,0.244182,0,0.25,0
11807,,16,0,2,2,0,2,2,8,0.240955,0.249298,0,0.5,0
11810,,7,0,1,1,0,1,1,9,0.217981,0.22396,0,0,0
11814,,41,0,1,1,0,1,1,8,0.257544,0.268689,0,0,0
32340,,7,1,0,1,1,0,1,0,0,0,0,0,0.000181
11816,,7,0,1,1,0,1,1,9,0.238286,0.246733,0,0,0
11817,,53,0,1,1,0,1,1,9,0.220297,0.227161,0,0,0
11819,,69,0,1,1,0,1,1,9,0.189051,0.193382,0,0,0
11822,,65,0,1,1,0,1,1,9,0.208155,0.213697,0,0,0
16610,,7,4,7,11,4,7,11,8,0.265881,0.27776,1686.174152,0.209091,0.001163
18064,,14,1,1,2,1,1,2,8,0.247392,0.256732,0,1,0.000378
30855,,14,1,0,1,1,0,1,0,0,0,0,0,0.000378
34472,,14,1,0,1,1,0,1,0,0,0,0,0,0.000378
11828,,7,0,1,1,0,1,1,8,0.23999,0.247696,0,0,0
13752,,16,3,3,6,3,3,6,9,0.214568,0.220923,19667.196532,0,0.000598
30156,,16,1,1,2,1,1,2,9,0.190585,0.19498,12.398513,0,0.000261
11831,,7,0,1,1,0,1,1,8,0.261475,0.272568,0,0,0
11832,,16,0,1,1,0,1,1,8,0.251382,0.261452,0,0,0
11834,,41,0,3,3,0,3,3,8,0.250113,0.259264,0,0.166667,0
11835,,1,0,2,2,0,2,2,8,0.248404,0.257272,0,0,0
11836,,7,0,6,6,0,6,6,8,0.273345,0.28608,0,0.166667,0
17864,,7,1,0,1,1,0,1,0,0,0,0,0,0.000168
11837,,16,0,1,1,0,1,1,8,0.23949,0.247366,0,0,0
11840,,7,0,1,1,0,1,1,9,0.214766,0.220717,0,0,0
11841,,16,0,4,4,0,4,4,8,0.262661,0.273217,0,0,0
11843,,7,0,1,1,0,1,1,8,0.246941,0.255908,0,0,0
11844,,1,0,2,2,0,2,2,9,0.232297,0.240521,0,0,0
11845,,204,0,1,1,0,1,1,1,1,1,0,0,0
11846,,204,1,0,1,1,0,1,0,0,0,0,0,0.000168
11847,,7,0,1,1,0,1,1,9,0.226164,0.233246,0,0,0
11849,,7,0,1,1,0,1,1,8,0.262756,0.273466,0,0,0
11850,,7,0,5,5,0,5,5,7,0.301865,0.31697,0,0.7,0
11851,,7,0,1,1,0,1,1,9,0.219898,0.226413,0,0,0
11857,,7,0,1,1,0,1,1,1,1,1,0,0,0
11861,,69,0,1,1,0,1,1,11,0.156779,0.159209,0,0,0
19499,,69,1,0,1,1,0,1,0,0,0,0,0,0.00018
11863,,16,0,1,1,0,1,1,9,0.219685,0.226136,0,0,0
11868,,67,0,3,3,0,3,3,9,0.195872,0.200291,0,0,0
11869,,16,0,1,1,0,1,1,9,0.217716,0.223687,0,0,0
11871,,41,1,0,1,1,0,1,0,0,0,0,0,0.000175
11875,,22,1,3,4,1,3,4,9,0.212909,0.219062,1.73359,0.333333,0.000168
12216,,22,2,1,3,2,1,3,1,1,1,2,0.166667,0.000341
11876,,36,0,1,1,0,1,1,9,0.185017,0.189215,0,0,0
11877,,41,0,1,1,0,1,1,9,0.211575,0.217218,0,0,0
11878,,8,0,1,1,0,1,1,3,0.5,0.611111,0,0,0
23648,,8,1,1,2,1,1,2,1,1,1,2,0,0.000179
11881,,36,0,1,1,0,1,1,9,0.21389,0.220139,0,0,0
35242,,16,1,0,1,1,0,1,0,0,0,0,0,0.000219
11883,,7,0,7,7,0,7,7,8,0.272677,0.285103,0,0.261905,0
11886,,7,0,1,1,0,1,1,9,0.214474,0.220598,0,0,0
11890,,7,0,3,3,0,3,3,8,0.244246,0.253512,0,0.833333,0
11891,,16,0,1,1,0,1,1,8,0.236167,0.244733,0,0,0
24682,,36,2,0,2,2,0,2,0,0,0,0,0,0.000361
11894,,32,0,2,2,0,2,2,1,1,1,0,0,0
15032,,1,1,0,1,1,0,1,0,0,0,0,0,0.000188
21711,,1,1,1,2,1,1,2,10,0.165372,0.168383,0,0,0.000188
11902,,7,0,1,1,0,1,1,9,0.209089,0.214662,0,0,0
11904,,53,0,2,2,0,2,2,1,1,1,0,0,0
11905,,53,1,0,1,1,0,1,0,0,0,0,0,0.000168
11906,,69,1,1,2,1,1,2,9,0.22243,0.229646,4336.493877,0,0.000175
11909,,7,0,6,6,0,6,6,8,0.237562,0.245079,0,0.033333,0
11910,,7,0,1,1,0,1,1,9,0.226164,0.233246,0,0,0
11918,,16,0,1,1,0,1,1,8,0.234514,0.24306,0,0,0
14752,,16,1,0,1,1,0,1,0,0,0,0,0,0.000334
11922,,65,0,2,2,0,2,2,9,0.195022,0.200175,0,0,0
11923,,65,1,0,1,1,0,1,0,0,0,0,0,0.000168
11925,,67,1,3,4,1,3,4,9,0.220864,0.227778,18827,0.25,0.000168
24814,,67,3,0,3,3,0,3,0,0,0,0,0.166667,0.000509
15020,,12,1,0,1,1,0,1,0,0,0,0,0,0.000694
18325,,12,2,0,2,2,0,2,0,0,0,0,0,0.00087
21696,,12,3,9,12,3,9,12,9,0.200843,0.206394,101440.631986,0.136364,0.001047
22551,,12,3,0,3,3,0,3,0,0,0,0,0,0.001066
28870,,12,1,2,3,1,2,3,10,0.169337,0.172632,26650.818969,0,0.000694
28276,,12,3,2,5,3,2,5,10,0.178019,0.181443,44878.870798,0,0.001031
29106,,12,1,1,2,1,1,2,10,0.1775,0.180747,0,0,0.000694
11929,,7,0,1,1,0,1,1,8,0.262756,0.273466,0,0,0
11930,,7,0,1,1,0,1,1,8,0.243014,0.252183,0,0,0
11931,,22,0,12,12,0,12,12,9,0.21294,0.219347,0,0.090909,0
11932,,36,1,4,5,1,4,5,8,0.242276,0.250757,18829,0,0.000168
26004,,36,1,0,1,1,0,1,0,0,0,0,0,0.000173
29534,,36,1,0,1,1,0,1,0,0,0,0,0,0.000173
11933,,7,0,1,1,0,1,1,8,0.262756,0.273466,0,0,0
11936,,7,1,0,1,1,0,1,0,0,0,0,0,0.000226
32503,,652,1,1,2,1,1,2,1,1,1,25976,0,0.000226
11939,,7,0,1,1,0,1,1,8,0.248325,0.257194,0,0,0
11940,,36,0,1,1,0,1,1,2,0.6,0.666667,0,0,0
11943,,7,0,1,1,0,1,1,8,0.244345,0.253397,0,0,0
11946,,7,0,1,1,0,1,1,9,0.234856,0.243135,0,0,0
11949,,7,0,1,1,0,1,1,8,0.220256,0.226693,0,0,0
21621,,16,1,2,3,1,2,3,8,0.229482,0.236926,364.832339,0.166667,0.000543
11955,,7,0,1,1,0,1,1,9,0.216392,0.222482,0,0,0
11957,,16,0,2,2,0,2,2,9,0.242729,0.251761,0,1,0
11959,,41,0,1,1,0,1,1,9,0.226185,0.233312,0,0,0
11962,,7,0,1,1,0,1,1,9,0.231745,0.239907,0,0,0
34806,,25,2,0,2,2,0,2,0,0,0,0,0,0.000366
11968,,7,0,1,1,0,1,1,10,0.183194,0.18703,0,0,0
11970,,7,0,2,2,0,2,2,9,0.222279,0.228834,0,0,0
11972,,53,0,1,1,0,1,1,9,0.210097,0.215625,0,0,0
11975,,7,0,1,1,0,1,1,9,0.194574,0.199133,0,0,0
11976,,12,0,3,3,0,3,3,9,0.189286,0.193701,0,0.5,0
11977,,16,0,1,1,0,1,1,9,0.227687,0.23488,0,0,0
11979,,16,0,1,1,0,1,1,9,0.224921,0.232154,0,0,0
11981,,16,0,2,2,0,2,2,8,0.244164,0.253393,0,0.5,0
11983,,53,0,1,1,0,1,1,9,0.220297,0.227161,0,0,0
11986,,41,0,1,1,0,1,1,1,1,1,0,0,0
11987,,41,2,0,2,2,0,2,0,0,0,0,0,0.000359
11988,,16,0,2,2,0,2,2,9,0.206661,0.212215,0,1,0
11989,,7,0,1,1,0,1,1,10,0.179156,0.182314,0,0,0
11990,,12,0,4,4,0,4,4,9,0.224728,0.231907,0,0.25,0
22756,,53,1,0,1,1,0,1,0,0,0,0,0,0.000183
11992,,12,0,2,2,0,2,2,10,0.17803,0.181468,0,0.5,0
11994,,53,0,1,1,0,1,1,9,0.220297,0.227161,0,0,0
11997,,12,0,2,2,0,2,2,10,0.17803,0.181468,0,0.5,0
11998,,22,0,2,2,0,2,2,10,0.175594,0.179076,0,0,0
28170,,7,2,0,2,2,0,2,0,0,0,0,0,0.000354
12002,,205,0,1,1,0,1,1,1,1,1,0,0,0
12003,,205,1,0,1,1,0,1,0,0,0,0,0,0.000168
12004,,16,0,1,1,0,1,1,8,0.251382,0.261452,0,0,0
12005,,7,0,1,1,0,1,1,8,0.244345,0.253397,0,0,0
12007,,7,0,1,1,0,1,1,8,0.262756,0.273466,0,0,0
12008,,65,0,3,3,0,3,3,8,0.235688,0.242961,0,0.166667,0
12009,,16,0,1,1,0,1,1,8,0.251382,0.261452,0,0,0
12010,,69,0,1,1,0,1,1,9,0.18906,0.193422,0,0,0
12011,,16,1,2,3,1,2,3,8,0.247825,0.258529,18823,0,0.000173
22020,,16,1,2,3,1,2,3,9,0.198624,0.203968,4,0,0.000173
12014,,7,0,1,1,0,1,1,9,0.218596,0.22517,0,0,0
12015,,65,0,1,1,0,1,1,9,0.195014,0.200132,0,0,0
12017,,7,0,1,1,0,1,1,8,0.262756,0.273466,0,0,0
12020,,16,0,3,3,0,3,3,8,0.243394,0.252102,0,0,0
12021,,7,0,1,1,0,1,1,8,0.237667,0.245207,0,0,0
12023,,16,0,2,2,0,2,2,8,0.232579,0.240046,0,0,0
12024,,203,0,1,1,0,1,1,1,1,1,0,0,0
12026,,7,0,4,4,0,4,4,8,0.279208,0.291833,0,0.583333,0
12027,,2,0,3,3,0,3,3,9,0.195402,0.199811,0,0.166667,0
12034,,7,0,2,2,0,2,2,8,0.245745,0.254338,0,0.5,0
12037,,16,0,1,1,0,1,1,8,0.240389,0.248209,0,0,0
12039,,14,0,1,1,0,1,1,9,0.226458,0.233655,0,0,0
12045,,7,0,1,1,0,1,1,8,0.261475,0.272568,0,0,0
12046,,206,0,1,1,0,1,1,1,1,1,0,0,0
12047,,206,1,0,1,1,0,1,0,0,0,0,0,0.000168
12049,,81,0,1,1,0,1,1,9,0.191664,0.195747,0,0,0
12050,,7,0,12,12,0,12,12,8,0.271772,0.284319,0,0.242424,0
12051,,41,0,1,1,0,1,1,9,0.197061,0.201698,0,0,0
12052,,7,0,1,1,0,1,1,9,0.224695,0.230994,0,0,0
12053,,7,0,5,5,0,5,5,8,0.247558,0.256984,0,0.3,0
12054,,7,2,7,9,2,7,9,8,0.253463,0.264034,192.632412,0.25,0.000352
32939,,16,1,0,1,1,0,1,0,0,0,0,0,0.000192
18204,,12,2,0,2,2,0,2,0,0,0,0,0,0.000864
12810,,16,2,5,7,2,5,7,9,0.227189,0.235044,45003.180581,0.133333,0.000577
12060,,7,0,1,1,0,1,1,9,0.216779,0.223052,0,0,0
12063,,1,0,1,1,0,1,1,9,0.209669,0.21504,0,0,0
12065,,7,0,1,1,0,1,1,9,0.209608,0.214994,0,0,0
12066,,16,0,2,2,0,2,2,8,0.225319,0.23224,0,0.5,0
12068,,16,1,0,1,1,0,1,0,0,0,0,0,0.000215
16831,,39,1,2,3,1,2,3,9,0.220947,0.2277,63.241688,0,0.000215
17409,,16,1,1,2,1,1,2,9,0.214158,0.220527,0,0,0.000215
12070,,7,0,1,1,0,1,1,9,0.216871,0.222917,0,0,0
12075,,7,0,2,2,0,2,2,9,0.231757,0.23996,0,0.5,0
12077,,67,1,0,1,1,0,1,0,0,0,0,0,0.000183
12078,,7,0,15,15,0,15,15,8,0.252711,0.263508,0,0.095238,0
14776,,7,1,2,3,1,2,3,9,0.212099,0.217833,1.5,0,0.000168
16999,,7,1,0,1,1,0,1,0,0,0,0,0,0.000168
12083,,7,1,1,2,1,1,2,9,0.215304,0.221313,0,0,0.0002
12084,,16,1,1,2,1,1,2,9,0.209599,0.215923,18827,0,0.000168
12085,,16,0,1,1,0,1,1,8,0.244275,0.253708,0,0,0
12087,,16,0,1,1,0,1,1,8,0.236167,0.244733,0,0,0
12090,,53,0,1,1,0,1,1,9,0.220297,0.227161,0,0,0
18408,,16,1,0,1,1,0,1,0,0,0,0,0,0.000181
12094,,7,0,3,3,0,3,3,8,0.245434,0.253977,0,0.333333,0
12096,,7,0,1,1,0,1,1,9,0.234452,0.242464,0,0,0
12097,,7,0,1,1,0,1,1,9,0.200798,0.205195,0,0,0
20896,,53,1,1,2,1,1,2,9,0.210245,0.215763,79.135529,0,0.000178
12101,,36,0,1,1,0,1,1,1,1,1,0,0,0
12103,,7,0,1,1,0,1,1,1,1,1,0,0,0
12104,,36,0,1,1,0,1,1,9,0.211904,0.218058,0,0,0
12105,,7,0,1,1,0,1,1,8,0.236262,0.244204,0,0,0
12106,,16,0,1,1,0,1,1,8,0.246114,0.255055,0,0,0
12107,,7,0,1,1,0,1,1,9,0.188223,0.191808,0,0,0
12108,,7,0,1,1,0,1,1,9,0.209259,0.214889,0,0,0
12109,,7,0,1,1,0,1,1,9,0.209259,0.214889,0,0,0
12110,,7,0,1,1,0,1,1,8,0.244564,0.253553,0,0,0
12114,,16,0,1,1,0,1,1,8,0.236167,0.244733,0,0,0
12116,,7,0,1,1,0,1,1,8,0.262756,0.273466,0,0,0
12119,,1,0,1,1,0,1,1,9,0.229791,0.237541,0,0,0
12121,,65,0,1,1,0,1,1,8,0.235576,0.242737,0,0,0
12125,,7,0,1,1,0,1,1,9,0.218122,0.224516,0,0,0
12130,,41,1,0,1,1,0,1,0,0,0,0,0,0.000197
15527,,41,1,0,1,1,0,1,0,0,0,0,0,0.000197
12133,,207,0,1,1,0,1,1,1,1,1,0,0,0
12134,,207,1,0,1,1,0,1,0,0,0,0,0,0.000168
12135,,16,0,2,2,0,2,2,8,0.240693,0.249028,0,0,0
12139,,7,0,3,3,0,3,3,9,0.239429,0.248554,0,0,0
33091,,1,1,0,1,1,0,1,0,0,0,0,0,0.000234
12143,,67,1,2,3,1,2,3,10,0.178472,0.182132,18827,0.166667,0.000168
12145,,7,0,1,1,0,1,1,1,1,1,0,0,0
12146,,7,0,1,1,0,1,1,9,0.226389,0.233867,0,0,0
12150,,16,0,3,3,0,3,3,8,0.244611,0.253995,0,0.5,0
12151,,16,0,3,3,0,3,3,8,0.22801,0.23576,0,0.333333,0
12153,,7,0,1,1,0,1,1,9,0.234953,0.24388,0,0,0
12155,,41,0,1,1,0,1,1,8,0.236961,0.24442,0,0,0
12156,,12,0,1,1,0,1,1,10,0.177506,0.180764,0,0,0
12158,,7,0,1,1,0,1,1,8,0.253935,0.263546,0,0,0
12160,,1,0,1,1,0,1,1,10,0.166844,0.16995,0,0,0
30088,,1,1,0,1,1,0,1,0,0,0,0,0,0.00018
12162,,2,0,1,1,0,1,1,8,0.235883,0.243933,0,0,0
12163,,53,1,1,2,1,1,2,9,0.2008,0.205197,0.840484,0,0.000191
18041,,53,2,0,2,2,0,2,0,0,0,0,0,0.000464
12165,,7,0,2,2,0,2,2,9,0.22048,0.227116,0,0.5,0
12166,,25,0,1,1,0,1,1,8,0.234155,0.242097,0,0,0
12168,,7,0,1,1,0,1,1,9,0.233264,0.241028,0,0,0
12169,,2,0,1,1,0,1,1,9,0.194532,0.19877,0,0,0
12171,,41,0,3,3,0,3,3,9,0.195476,0.199889,0,0.166667,0
12172,,2,1,1,2,1,1,2,9,0.190875,0.195045,338.069125,0,0.000168
12912,,41,1,1,2,1,1,2,9,0.195066,0.199384,0,0.5,0.000168
12176,,16,0,1,1,0,1,1,8,0.251382,0.261452,0,0,0
12180,,53,1,1,2,1,1,2,1,1,1,0,0,0.000189
12181,,32,0,5,5,0,5,5,9,0.221988,0.229204,0,0.25,0
12182,,7,0,1,1,0,1,1,9,0.221928,0.228393,0,0,0
12183,,7,0,1,1,0,1,1,8,0.233056,0.241283,0,0,0
12186,,7,0,1,1,0,1,1,1,1,1,0,0,0
12189,,16,0,2,2,0,2,2,8,0.230669,0.237737,0,0.5,0
12196,,16,0,1,1,0,1,1,9,0.202356,0.207619,0,0,0
12200,,16,0,2,2,0,2,2,9,0.217445,0.223599,0,0.5,0
12203,,53,0,1,1,0,1,1,9,0.210252,0.215802,0,0,0
12204,,36,0,1,1,0,1,1,1,1,1,0,0,0
12206,,7,0,1,1,0,1,1,8,0.261475,0.272568,0,0,0
12207,,16,0,6,6,0,6,6,8,0.262411,0.273669,0,0.166667,0
13702,,16,1,0,1,1,0,1,0,0,0,0,0,0.000168
12209,,7,0,1,1,0,1,1,8,0.248761,0.257751,0,0,0
12211,,7,0,1,1,0,1,1,8,0.272188,0.283721,0,0,0
12212,,36,0,1,1,0,1,1,9,0.208263,0.213764,0,0,0
12213,,41,0,1,1,0,1,1,8,0.257544,0.268689,0,0,0
12214,,7,0,1,1,0,1,1,9,0.207609,0.212853,0,0,0
12218,,16,0,1,1,0,1,1,8,0.244433,0.254493,0,0,0
12220,,7,0,1,1,0,1,1,9,0.234953,0.24388,0,0,0
12221,,7,0,1,1,0,1,1,8,0.262756,0.273466,0,0,0
12222,,12,0,3,3,0,3,3,9,0.199856,0.205158,0,0.5,0
12223,,12,1,1,2,1,1,2,9,0.185524,0.189879,0,0.5,0.000168
12226,,53,0,3,3,0,3,3,8,0.261058,0.272572,0,0,0
12227,,41,0,1,1,0,1,1,9,0.202054,0.207081,0,0,0
12229,,16,0,1,1,0,1,1,8,0.236167,0.244733,0,0,0
12230,,12,0,6,6,0,6,6,8,0.262256,0.273677,0,0.2,0
15944,,12,2,3,5,2,3,5,9,0.185548,0.189983,6,0.15,0.000341
15943,,12,1,5,6,1,5,6,9,0.19041,0.195158,2.95,0.233333,0.000168
12234,,7,0,1,1,0,1,1,8,0.262756,0.273466,0,0,0
12236,,7,0,1,1,0,1,1,9,0.220186,0.226735,0,0,0
12237,,16,0,1,1,0,1,1,8,0.238528,0.246408,0,0,0
12238,,7,0,1,1,0,1,1,8,0.242407,0.250861,0,0,0
12240,,7,0,1,1,0,1,1,8,0.219703,0.226184,0,0,0
12242,,7,0,1,1,0,1,1,9,0.200066,0.204368,0,0,0
18606,,7,1,0,1,1,0,1,0,0,0,0,0,0.000358
18491,,7,1,8,9,1,8,9,8,0.278582,0.291699,26031.913191,0.125,0.000358
19565,,7,2,0,2,2,0,2,0,0,0,0,0,0.000527
20298,,7,1,0,1,1,0,1,0,0,0,0,0,0.000358
20954,,7,1,0,1,1,0,1,0,0,0,0,0,0.000358
21213,,7,2,1,3,2,1,3,9,0.209702,0.21503,18826.202615,0,0.000527
20389,,7,2,1,3,2,1,3,8,0.244344,0.253397,0,0.333333,0.000527
23380,,7,1,0,1,1,0,1,0,0,0,0,0,0.000358
23757,,7,1,0,1,1,0,1,0,0,0,0,0,0.000358
20163,,7,2,0,2,2,0,2,0,0,0,0,0,0.000527
24677,,7,1,0,1,1,0,1,0,0,0,0,0,0.000358
25598,,7,1,0,1,1,0,1,0,0,0,0,0,0.000358
26591,,7,1,0,1,1,0,1,0,0,0,0,0,0.000358
17799,,7,1,1,2,1,1,2,8,0.27219,0.283723,0,0.5,0.000358
28951,,7,1,0,1,1,0,1,0,0,0,0,0,0.000358
29257,,568,2,0,2,2,0,2,0,0,0,0,0,0.000527
31804,,7,1,1,2,1,1,2,9,0.226165,0.233248,0,0.5,0.000358
32474,,7,1,0,1,1,0,1,0,0,0,0,0,0.000358
25344,,454,1,1,2,1,1,2,1,1,1,25976,0,0.000358
34132,,7,2,0,2,2,0,2,0,0,0,0,0,0.000527
12603,,7,1,3,4,1,3,4,8,0.239727,0.248889,4.462749,0.083333,0.000358
12419,,16,1,0,1,1,0,1,0,0,0,0,0,0.00019
26571,,81,1,2,3,1,2,3,9,0.224785,0.232423,18825,0.5,0.000184
12248,,1,0,2,2,0,2,2,8,0.255552,0.266488,0,0,0
12249,,7,0,1,1,0,1,1,8,0.239554,0.247876,0,0,0
12255,,7,0,1,1,0,1,1,8,0.261475,0.272568,0,0,0
12256,,7,0,2,2,0,2,2,8,0.235638,0.243037,0,0.5,0
12259,,7,0,1,1,0,1,1,9,0.221413,0.227908,0,0,0
12262,,7,0,1,1,0,1,1,9,0.198884,0.203512,0,0,0
12263,,7,0,2,2,0,2,2,8,0.244704,0.253537,0,1,0
22725,,7,1,0,1,1,0,1,0,0,0,0,0,0.000226
12266,,7,0,1,1,0,1,1,9,0.222352,0.229209,0,0,0
12267,,53,0,1,1,0,1,1,9,0.220312,0.226978,0,0,0
12268,,16,0,1,1,0,1,1,8,0.2284,0.235296,0,0,0
12270,,2,0,1,1,0,1,1,8,0.235883,0.243933,0,0,0
12271,,41,1,4,5,1,4,5,9,0.205304,0.210964,61574.571546,0,0.000207
14937,,41,1,0,1,1,0,1,0,0,0,0,0,0.000173
12987,,41,3,0,3,3,0,3,0,0,0,0,0,0.00051
12272,,7,0,1,1,0,1,1,8,0.233126,0.241238,0,0,0
12273,,16,0,1,1,0,1,1,1,1,1,0,0,0
12276,,65,0,1,1,0,1,1,9,0.195014,0.200132,0,0,0
12277,,7,0,1,1,0,1,1,8,0.265449,0.276753,0,0,0
12279,,16,2,4,6,2,4,6,9,0.232704,0.241347,18900.286357,0.25,0.000352
12281,,7,0,1,1,0,1,1,9,0.226406,0.233591,0,0,0
12282,,7,0,1,1,0,1,1,8,0.255022,0.264509,0,0,0
12283,,1,0,1,1,0,1,1,10,0.182136,0.185536,0,0,0
12285,,7,0,2,2,0,2,2,8,0.241044,0.248943,0,1,0
12288,,7,0,1,1,0,1,1,9,0.208945,0.21425,0,0,0
12289,,16,0,1,1,0,1,1,9,0.228167,0.235675,0,0,0
12290,,7,0,1,1,0,1,1,8,0.238712,0.2466,0,0,0
12291,,16,0,2,2,0,2,2,8,0.243914,0.252232,0,0,0
12293,,7,0,1,1,0,1,1,1,1,1,0,0,0
12294,,7,0,1,1,0,1,1,9,0.222934,0.229638,0,0,0
12299,,53,0,1,1,0,1,1,9,0.220297,0.227161,0,0,0
12302,,67,2,3,5,2,3,5,9,0.221989,0.22928,56214.369108,0,0.000346
14271,,67,1,1,2,1,1,2,10,0.181664,0.185547,0,0,0.000178
12303,,7,0,1,1,0,1,1,8,0.220725,0.227864,0,0,0
12308,,2,1,1,2,1,1,2,10,0.160285,0.162745,0,0,0.000178
12312,,16,0,3,3,0,3,3,9,0.231375,0.239327,0,0.166667,0
20617,,65,1,1,2,1,1,2,9,0.195755,0.20003,0,0,0.000298
12314,,65,0,3,3,0,3,3,8,0.238486,0.246663,0,0,0
26034,,1,1,2,3,1,2,3,8,0.258078,0.269384,0,0.5,0.000329
14635,,1,1,2,3,1,2,3,8,0.242904,0.251217,218.833495,0.333333,0.000329
28853,,1,2,2,4,2,2,4,9,0.219561,0.226356,0,1,0.000556
22503,,1,1,2,3,1,2,3,9,0.219561,0.226356,0,1,0.000329
31325,,1,1,0,1,1,0,1,0,0,0,0,0,0.000329
22955,,1,1,2,3,1,2,3,10,0.180043,0.183766,25974,0.333333,0.000329
14636,,1,2,2,4,2,2,4,9,0.222325,0.229746,217.130026,0.166667,0.000504
14099,,1,1,1,2,1,1,2,10,0.166844,0.16995,22.860499,0,0.000329
35034,,1,1,0,1,1,0,1,0,0,0,0,0,0.000329
14249,,1,1,4,5,1,4,5,8,0.233744,0.242123,54543.669538,0.05,0.000329
34558,,1,1,1,2,1,1,2,8,0.262757,0.273467,0,0.5,0.000329
24555,,1,2,1,3,2,1,3,9,0.18783,0.192074,18847.322701,0,0.000554
15176,,1,1,6,7,1,6,7,8,0.256887,0.267348,759.694116,0.266667,0.000329
12317,,14,0,1,1,0,1,1,8,0.247395,0.256736,0,0,0
12318,,7,0,1,1,0,1,1,9,0.233264,0.241028,0,0,0
12319,,16,0,1,1,0,1,1,8,0.23949,0.247366,0,0,0
12320,,41,0,1,1,0,1,1,8,0.257544,0.268689,0,0,0
12321,,7,0,1,1,0,1,1,8,0.261475,0.272568,0,0,0
12322,,41,0,1,1,0,1,1,9,0.209751,0.215152,0,0,0
12324,,36,7,2,9,7,2,9,10,0.163295,0.166007,25103.333333,0.214286,0.001266
13008,,36,1,0,1,1,0,1,0,0,0,0,0,0.000226
13838,,36,1,0,1,1,0,1,0,0,0,0,0,0.000226
13839,,36,3,3,6,3,3,6,11,0.140378,0.142139,25975.5,0.5,0.000601
14023,,36,1,0,1,1,0,1,0,0,0,0,0,0.000226
14530,,36,2,0,2,2,0,2,0,0,0,0,0.5,0.000394
13512,,36,2,1,3,2,1,3,10,0.163293,0.165972,6274.333333,0.5,0.00041
14531,,36,1,2,3,1,2,3,10,0.163294,0.165998,0,1,0.000226
14697,,36,2,1,3,2,1,3,10,0.163293,0.165972,0,0.5,0.000394
14901,,36,2,0,2,2,0,2,0,0,0,0,0.5,0.000394
15015,,36,1,1,2,1,1,2,10,0.163293,0.165972,0,0,0.000226
15695,,36,1,2,3,1,2,3,10,0.163294,0.165998,0,1,0.000226
15600,,36,2,1,3,2,1,3,10,0.163293,0.165972,0,0.5,0.000394
12325,,53,0,1,1,0,1,1,9,0.220297,0.227161,0,0,0
12326,,16,0,1,1,0,1,1,9,0.226488,0.233295,0,0,0
12328,,16,0,1,1,0,1,1,8,0.23949,0.247366,0,0,0
12330,,1,0,1,1,0,1,1,8,0.230853,0.23867,0,0,0
12334,,16,0,1,1,0,1,1,8,0.234514,0.24306,0,0,0
12336,,67,2,2,4,2,2,4,9,0.221989,0.229245,63704.427468,0,0.000347
30235,,67,2,0,2,2,0,2,0,0,0,0,0,0.00035
12339,,7,0,3,3,0,3,3,8,0.234417,0.241851,0,0.666667,0
12345,,41,0,1,1,0,1,1,8,0.257544,0.268689,0,0,0
12346,,16,0,1,1,0,1,1,8,0.233638,0.242002,0,0,0
12347,,16,0,1,1,0,1,1,8,0.247792,0.25846,0,0,0
12348,,16,0,1,1,0,1,1,9,0.203239,0.208464,0,0,0
27668,,7,1,0,1,1,0,1,0,0,0,0,0,0.000246
12362,,7,0,11,11,0,11,11,8,0.270869,0.282867,0,0.163636,0
12363,,7,2,0,2,2,0,2,0,0,0,0,0,0.000377
12365,,7,0,1,1,0,1,1,9,0.225524,0.231867,0,0,0
12366,,16,0,1,1,0,1,1,8,0.233638,0.242002,0,0,0
12367,,7,0,1,1,0,1,1,8,0.237164,0.244724,0,0,0
12369,,16,0,1,1,0,1,1,1,1,1,0,0,0
33682,,16,1,0,1,1,0,1,0,0,0,0,0,0.000281
12375,,16,0,1,1,0,1,1,9,0.200358,0.205797,0,0,0
12377,,12,15,5,20,15,5,20,10,0.164935,0.168285,17112.522847,0.154412,0.004525
19024,,12,16,7,23,16,7,23,10,0.164939,0.168347,65942.517379,0.144737,0.003112
23014,,12,4,1,5,4,1,5,11,0.141574,0.143587,1171.801417,0.5,0.00245
18475,,12,13,15,28,13,15,28,10,0.180745,0.185349,161466.10766,0.106667,0.004126
23621,,12,20,1,21,20,1,21,10,0.16489,0.168005,93639.372831,0.131579,0.005538
27539,,12,4,6,10,4,6,10,10,0.164903,0.168173,77924.42619,0.196429,0.002399
27265,,12,7,4,11,7,4,11,10,0.1649,0.16812,34827.532939,0.222222,0.002988
24676,,12,11,2,13,11,2,13,11,0.141555,0.143523,44828.404942,0.189394,0.003711
20773,,12,24,3,27,24,3,27,11,0.141565,0.143597,142631.148803,0.059783,0.005992
31306,,12,2,2,4,2,2,4,10,0.164926,0.168179,0,0.666667,0.001922
35032,,12,2,0,2,2,0,2,0,0,0,0,1,0.001962
34600,,12,2,0,2,2,0,2,0,0,0,0,0.5,0.001922
23938,,12,2,1,3,2,1,3,10,0.16489,0.168005,0,1,0.001978
24070,,12,1,1,2,1,1,2,10,0.16489,0.168005,0,0,0.001754
27221,,12,1,1,2,1,1,2,10,0.16489,0.168005,0,0,0.001754
12379,,16,0,1,1,0,1,1,8,0.227034,0.234934,0,0,0
18995,,404,2,0,2,2,0,2,0,0,0,0,0,0.000415
12382,,7,0,4,4,0,4,4,8,0.251907,0.262462,0,0.5,0
15918,,36,1,1,2,1,1,2,8,0.223751,0.230858,0,0.5,0.000414
17017,,53,1,1,2,1,1,2,9,0.191448,0.195588,86.900138,0,0.000414
18515,,7,1,0,1,1,0,1,0,0,0,0,0,0.000414
22889,,7,1,0,1,1,0,1,0,0,0,0,0,0.000414
21867,,7,1,2,3,1,2,3,8,0.24226,0.250836,139.94327,0.166667,0.000414
23554,,7,1,0,1,1,0,1,0,0,0,0,0,0.000414
24832,,7,1,0,1,1,0,1,0,0,0,0,0,0.000414
30501,,7,1,0,1,1,0,1,0,0,0,0,0,0.000414
32372,,7,1,0,1,1,0,1,0,0,0,0,0,0.000414
32688,,7,1,0,1,1,0,1,0,0,0,0,0,0.000414
32717,,7,1,0,1,1,0,1,0,0,0,0,0,0.000414
31370,,7,2,1,3,2,1,3,9,0.222495,0.229436,0,0.666667,0.003773
28817,,67,1,1,2,1,1,2,9,0.199367,0.204463,1844.425949,0,0.000414
29721,,7,1,3,4,1,3,4,8,0.265476,0.276839,467.08955,0.25,0.000414
35327,,22,1,1,2,1,1,2,8,0.244107,0.25274,731.329144,0,0.000414
35512,,7,1,0,1,1,0,1,0,0,0,0,0,0.000414
35626,,7,1,0,1,1,0,1,0,0,0,0,0,0.000414
12386,,7,0,2,2,0,2,2,8,0.231205,0.239011,0,0,0
12389,,7,0,1,1,0,1,1,9,0.23059,0.238105,0,0,0
12392,,16,0,1,1,0,1,1,8,0.232418,0.240737,0,0,0
24526,,7,1,3,4,1,3,4,8,0.247652,0.257028,64.838771,0.583333,0.000215
12395,,7,0,1,1,0,1,1,9,0.190916,0.19482,0,0,0
12398,,7,0,1,1,0,1,1,8,0.229128,0.236488,0,0,0
12401,,7,0,1,1,0,1,1,9,0.23711,0.245258,0,0,0
12404,,7,0,22,22,0,22,22,8,0.266776,0.27924,0,0.056277,0
31498,,7,1,2,3,1,2,3,9,0.227522,0.23499,15.99069,0.166667,0.000168
26692,,16,2,2,4,2,2,4,9,0.227411,0.235338,26332.170423,0,0.000388
12405,,14,0,2,2,0,2,2,9,0.225045,0.232602,0,0.5,0
12406,,7,0,1,1,0,1,1,8,0.262756,0.273466,0,0,0
12411,,41,1,1,2,1,1,2,9,0.208855,0.214733,621.684296,0,0.001089
12414,,16,0,3,3,0,3,3,8,0.246401,0.255044,0,1,0
12415,,7,0,1,1,0,1,1,10,0.183194,0.18703,0,0,0
35263,,16,1,0,1,1,0,1,0,0,0,0,0,0.000242
12424,,7,0,1,1,0,1,1,9,0.223394,0.230421,0,0,0
26304,,14,1,0,1,1,0,1,0,0,0,0,0,0.000201
12428,,67,0,1,1,0,1,1,1,1,1,0,0,0
23239,,554,2,0,2,2,0,2,0,0,0,0,0,0.00049
28803,,7,1,0,1,1,0,1,0,0,0,0,0,0.000322
12434,,7,0,1,1,0,1,1,8,0.262756,0.273466,0,0,0
29133,,1,1,0,1,1,0,1,0,0,0,0,0,0.000328
12439,,2,0,2,2,0,2,2,9,0.213453,0.2194,0,1,0
12442,,7,0,1,1,0,1,1,8,0.229128,0.236488,0,0,0
12450,,7,0,1,1,0,1,1,8,0.225373,0.231994,0,0,0
12454,,7,0,1,1,0,1,1,8,0.224717,0.231687,0,0,0
12456,,16,0,1,1,0,1,1,9,0.224454,0.231835,0,0,0
12458,,7,0,1,1,0,1,1,8,0.24587,0.25403,0,0,0
12459,,7,0,1,1,0,1,1,9,0.200066,0.204368,0,0,0
12461,,7,0,1,1,0,1,1,9,0.214766,0.220717,0,0,0
12464,,7,0,1,1,0,1,1,8,0.235656,0.242713,0,0,0
12465,,12,0,2,2,0,2,2,9,0.185528,0.189914,0,0,0
12466,,7,2,6,8,2,6,8,8,0.268785,0.280869,27990.154754,0.196429,0.000352
12468,,53,0,2,2,0,2,2,9,0.22319,0.23058,0,0,0
17705,,7,1,0,1,1,0,1,0,0,0,0,0,0.000953
19641,,67,1,4,5,1,4,5,8,0.239176,0.248113,194.164578,0.05,0.000953
24586,,67,1,0,1,1,0,1,0,0,0,0,0,0.000195
27855,,67,1,0,1,1,0,1,0,0,0,0,0,0.000195
27933,,67,1,0,1,1,0,1,0,0,0,0,0,0.000195
30273,,67,3,0,3,3,0,3,0,0,0,0,0,0.000532
31284,,67,1,0,1,1,0,1,0,0,0,0,0,0.000195
31832,,67,1,0,1,1,0,1,0,0,0,0,0,0.000195
33344,,67,1,0,1,1,0,1,0,0,0,0,0,0.000195
33949,,67,1,0,1,1,0,1,0,0,0,0,0,0.000195
34021,,67,1,0,1,1,0,1,0,0,0,0,0,0.000195
15867,,67,1,1,2,1,1,2,1,1,1,6.167532,0,0.000195
35262,,67,1,0,1,1,0,1,0,0,0,0,0,0.000195
12473,,7,0,1,1,0,1,1,9,0.228129,0.235344,0,0,0
29952,,7,1,2,3,1,2,3,9,0.223457,0.229962,37.29917,0,0.000207
12477,,41,0,1,1,0,1,1,9,0.197061,0.201698,0,0,0
12478,,7,0,1,1,0,1,1,9,0.222352,0.229209,0,0,0
12479,,1,0,2,2,0,2,2,8,0.230689,0.237879,0,1,0
12480,,16,0,1,1,0,1,1,9,0.219196,0.225231,0,0,0
12482,,65,0,4,4,0,4,4,8,0.26163,0.272808,0,0.166667,0
29556,,65,1,2,3,1,2,3,8,0.261522,0.272645,1,0.166667,0.000168
12483,,22,0,1,1,0,1,1,9,0.21286,0.218905,0,0,0
12484,,7,0,2,2,0,2,2,9,0.238924,0.248233,0,0,0
12485,,1,0,1,1,0,1,1,1,1,1,0,0,0
12486,,1,0,4,4,0,4,4,8,0.23074,0.238797,0,0.166667,0
16948,,16,2,1,3,2,1,3,9,0.214346,0.219865,445.872977,0,0.001292
12489,,7,0,1,1,0,1,1,9,0.229589,0.236925,0,0,0
17456,,53,2,1,3,2,1,3,9,0.214507,0.221384,19007.006197,0,0.000348
29774,,14,1,0,1,1,0,1,0,0,0,0,0,0.000185
12495,,208,0,2,2,0,2,2,10,0.179164,0.182357,0,0,0
12829,,208,1,0,1,1,0,1,0,0,0,0,0,0.000168
12496,,7,0,1,1,0,1,1,10,0.179156,0.182314,0,0,0
12497,,1,0,1,1,0,1,1,9,0.211958,0.217896,0,0,0
12500,,7,0,1,1,0,1,1,8,0.230955,0.238384,0,0,0
12502,,7,1,2,3,1,2,3,8,0.265701,0.277052,47.267264,0.333333,0.000324
12503,,32,0,2,2,0,2,2,8,0.245191,0.254302,0,1,0
12505,,16,0,1,1,0,1,1,9,0.213579,0.219742,0,0,0
12507,,7,0,2,2,0,2,2,9,0.216911,0.223295,0,0,0
12509,,7,0,1,1,0,1,1,1,1,1,0,0,0
12512,,7,0,1,1,0,1,1,8,0.261475,0.272568,0,0,0
12513,,7,0,1,1,0,1,1,9,0.23711,0.245258,0,0,0
12516,,209,0,1,1,0,1,1,1,1,1,0,0,0
12517,,209,1,0,1,1,0,1,0,0,0,0,0,0.000168
12519,,7,0,12,12,0,12,12,8,0.276011,0.289309,0,0.318182,0
12524,,7,1,9,10,1,9,10,8,0.280788,0.294893,6279.299781,0.311111,0.000198
13166,,25,1,1,2,1,1,2,8,0.234151,0.242093,0,1,0.000191
12526,,7,0,1,1,0,1,1,8,0.262756,0.273466,0,0,0
12528,,7,1,5,6,1,5,6,8,0.249288,0.259134,18827,0.066667,0.000168
12530,,16,1,0,1,1,0,1,0,0,0,0,0,0.000197
13242,,16,1,1,2,1,1,2,10,0.171055,0.174281,0,0,0.000197
24656,,16,2,3,5,2,3,5,8,0.237837,0.247385,117252.440184,0.05,0.000365
12801,,7,1,0,1,1,0,1,0,0,0,0,0,0.000216
24887,,7,1,0,1,1,0,1,0,0,0,0,0,0.000216
25401,,7,1,0,1,1,0,1,0,0,0,0,0,0.000216
26246,,7,1,0,1,1,0,1,0,0,0,0,0,0.000216
26624,,7,1,0,1,1,0,1,0,0,0,0,0,0.000216
27119,,7,1,0,1,1,0,1,0,0,0,0,0,0.000216
27343,,7,1,0,1,1,0,1,0,0,0,0,0,0.000216
27588,,7,1,0,1,1,0,1,0,0,0,0,0,0.000216
28756,,7,1,0,1,1,0,1,0,0,0,0,0,0.000216
22391,,7,1,1,2,1,1,2,9,0.202513,0.207277,0,0.5,0.000216
30245,,7,1,0,1,1,0,1,0,0,0,0,0,0.000216
30246,,7,1,0,1,1,0,1,0,0,0,0,0,0.000216
30259,,7,1,0,1,1,0,1,0,0,0,0,0,0.000216
21475,,7,1,2,3,1,2,3,8,0.266431,0.277845,11.349288,0.333333,0.000216
30694,,7,1,0,1,1,0,1,0,0,0,0,0,0.000216
30695,,7,1,0,1,1,0,1,0,0,0,0,0,0.000216
30816,,7,1,0,1,1,0,1,0,0,0,0,0,0.000216
30871,,7,1,0,1,1,0,1,0,0,0,0,0,0.000216
30877,,7,1,0,1,1,0,1,0,0,0,0,0,0.000216
30895,,7,1,0,1,1,0,1,0,0,0,0,0,0.000216
30896,,7,1,0,1,1,0,1,0,0,0,0,0,0.000216
30897,,7,1,0,1,1,0,1,0,0,0,0,0,0.000216
30898,,7,1,0,1,1,0,1,0,0,0,0,0,0.000216
30899,,7,1,0,1,1,0,1,0,0,0,0,0,0.000216
30902,,7,1,0,1,1,0,1,0,0,0,0,0,0.000216
30929,,7,1,0,1,1,0,1,0,0,0,0,0,0.000216
31170,,7,1,0,1,1,0,1,0,0,0,0,0,0.000216
31313,,761,2,0,2,2,0,2,0,0,0,0,0,0.000384
31856,,7,1,0,1,1,0,1,0,0,0,0,0,0.000216
25156,,449,1,1,2,1,1,2,1,1,1,25975,0,0.000216
33365,,7,1,0,1,1,0,1,0,0,0,0,0,0.000216
33726,,7,1,0,1,1,0,1,0,0,0,0,0,0.000216
33727,,7,1,0,1,1,0,1,0,0,0,0,0,0.000216
33910,,7,1,0,1,1,0,1,0,0,0,0,0,0.000216
33911,,7,1,0,1,1,0,1,0,0,0,0,0,0.000216
21548,,7,1,2,3,1,2,3,8,0.239944,0.247697,8.72437,0.333333,0.000216
33912,,7,1,0,1,1,0,1,0,0,0,0,0,0.000216
29707,,12,1,2,3,1,2,3,9,0.199849,0.205118,48.465363,0.333333,0.000216
33913,,7,1,0,1,1,0,1,0,0,0,0,0,0.000216
34167,,7,1,0,1,1,0,1,0,0,0,0,0,0.000216
13406,,7,1,1,2,1,1,2,1,1,1,10.687006,0,0.000216
33338,,7,4,2,6,4,2,6,9,0.226103,0.233804,24.584525,0.2,0.001148
29480,,7,1,4,5,1,4,5,9,0.226609,0.234552,1234.247866,0.1,0.000216
20469,,16,2,1,3,2,1,3,1,1,1,25976,0,0.000351
12537,,65,0,1,1,0,1,1,8,0.234438,0.242011,0,0,0
12539,,41,0,1,1,0,1,1,8,0.231378,0.23929,0,0,0
12543,,7,0,1,1,0,1,1,10,0.163409,0.16644,0,0,0
25887,,7,1,1,2,1,1,2,9,0.20412,0.209624,945.55501,0.5,0.000186
12546,,7,0,1,1,0,1,1,8,0.229128,0.236488,0,0,0
12548,,7,2,3,5,2,3,5,8,0.257777,0.268088,5638.864903,0.05,0.000358
12550,,7,0,1,1,0,1,1,9,0.226897,0.234639,0,0,0
18912,,81,2,0,2,2,0,2,0,0,0,0,0,0.000362
12557,,7,0,1,1,0,1,1,9,0.218178,0.224552,0,0,0
12559,,7,0,1,1,0,1,1,9,0.234856,0.243135,0,0,0
12564,,7,0,1,1,0,1,1,9,0.222689,0.230064,0,0,0
12566,,16,0,1,1,0,1,1,9,0.217359,0.223994,0,0,0
12567,,16,0,1,1,0,1,1,8,0.236535,0.24595,0,0,0
12569,,7,1,1,2,1,1,2,9,0.236556,0.244293,380.200834,0,0.000168
12571,,16,0,2,2,0,2,2,8,0.247675,0.257308,0,0.5,0
19607,,444,1,2,3,1,2,3,9,0.201667,0.206899,26036.140161,0,0.000649
12573,,7,0,4,4,0,4,4,8,0.24696,0.25601,0,0.25,0
19561,,7,1,0,1,1,0,1,0,0,0,0,0,0.000168
12574,,7,0,1,1,0,1,1,9,0.210959,0.216513,0,0,0
12576,,7,1,3,4,1,3,4,9,0.225691,0.232228,44.972914,0.166667,0.000179
28423,,7,1,0,1,1,0,1,0,0,0,0,0,0.000179
12580,,65,0,1,1,0,1,1,9,0.195014,0.200132,0,0,0
12582,,7,0,1,1,0,1,1,8,0.240465,0.248606,0,0,0
12587,,49,0,1,1,0,1,1,1,1,1,0,0,0
12589,,81,0,1,1,0,1,1,9,0.209098,0.214435,0,0,0
12590,,7,0,1,1,0,1,1,8,0.251523,0.26155,0,0,0
12592,,7,0,1,1,0,1,1,9,0.235473,0.242933,0,0,0
12593,,7,0,2,2,0,2,2,9,0.230286,0.238219,0,0.5,0
12594,,7,0,3,3,0,3,3,8,0.250017,0.259359,0,0.5,0
12598,,41,0,1,1,0,1,1,9,0.234736,0.243231,0,0,0
23677,,69,1,1,2,1,1,2,9,0.191625,0.196366,0,0,0.000193
12602,,41,0,3,3,0,3,3,9,0.210911,0.216994,0,0.833333,0
12604,,7,0,1,1,0,1,1,8,0.247064,0.255642,0,0,0
12605,,41,0,2,2,0,2,2,10,0.168791,0.171576,0,0,0
12606,,41,0,2,2,0,2,2,9,0.21754,0.224054,0,0,0
12608,,7,1,0,1,1,0,1,0,0,0,0,0,0.000231
12609,,7,0,1,1,0,1,1,1,1,1,0,0,0
12610,,7,0,2,2,0,2,2,9,0.23557,0.244567,0,0.5,0
12611,,36,0,2,2,0,2,2,8,0.244669,0.253722,0,0,0
12615,,14,0,3,3,0,3,3,8,0.260621,0.272413,0,1,0
12617,,2,0,1,1,0,1,1,1,1,1,0,0,0
12618,,16,0,1,1,0,1,1,8,0.230091,0.237701,0,0,0
12620,,16,0,1,1,0,1,1,10,0.180643,0.184377,0,0,0
12622,,41,0,2,2,0,2,2,10,0.19085,0.195119,0,1,0
12627,,16,0,1,1,0,1,1,8,0.236535,0.24595,0,0,0
12628,,36,0,1,1,0,1,1,9,0.216278,0.22219,0,0,0
12629,,7,0,1,1,0,1,1,9,0.200066,0.204368,0,0,0
12630,,67,0,1,1,0,1,1,9,0.211205,0.216853,0,0,0
12631,,16,0,5,5,0,5,5,9,0.219921,0.226901,0,0,0
23832,,16,1,0,1,1,0,1,0,0,0,0,0,0.000168
21990,,16,1,1,2,1,1,2,9,0.227448,0.235151,548.929933,0,0.000168
12632,,210,0,1,1,0,1,1,1,1,1,0,0,0
12633,,210,1,0,1,1,0,1,0,0,0,0,0,0.000168
12634,,14,0,2,2,0,2,2,10,0.192558,0.19697,0,0,0
12636,,16,0,1,1,0,1,1,9,0.226657,0.233753,0,0,0
12639,,7,0,1,1,0,1,1,8,0.262756,0.273466,0,0,0
12640,,41,0,1,1,0,1,1,8,0.257544,0.268689,0,0,0
12652,,16,0,1,1,0,1,1,9,0.197305,0.202165,0,0,0
12654,,7,0,3,3,0,3,3,8,0.232912,0.241007,0,0.333333,0
12655,,1,0,2,2,0,2,2,8,0.238909,0.246948,0,1,0
12657,,1,0,1,1,0,1,1,9,0.222605,0.230046,0,0,0
12658,,16,1,1,2,1,1,2,8,0.240389,0.248209,18827,0,0.000168
12659,,16,0,1,1,0,1,1,10,0.184553,0.188803,0,0,0
23557,,16,1,1,2,1,1,2,10,0.184547,0.188786,0,0,0.00023
12663,,7,0,1,1,0,1,1,9,0.198884,0.203512,0,0,0
12664,,7,0,11,11,0,11,11,8,0.281671,0.294671,0,0.190909,0
21439,,7,1,0,1,1,0,1,0,0,0,0,0,0.000168
12666,,2,0,1,1,0,1,1,9,0.190881,0.195067,0,0,0
21554,,7,1,2,3,1,2,3,9,0.197896,0.20264,13.821227,0,0.000238
12668,,7,0,1,1,0,1,1,8,0.251523,0.26155,0,0,0
12670,,41,0,1,1,0,1,1,1,1,1,0,0,0
16369,,7,1,0,1,1,0,1,0,0,0,0,0,0.000176
12674,,7,0,1,1,0,1,1,8,0.261475,0.272568,0,0,0
12675,,14,0,3,3,0,3,3,8,0.249851,0.259576,0,0.5,0
12681,,7,0,1,1,0,1,1,8,0.244453,0.252822,0,0,0
12684,,16,0,1,1,0,1,1,9,0.193226,0.197302,0,0,0
12686,,7,0,1,1,0,1,1,8,0.261475,0.272568,0,0,0
12687,,22,0,1,1,0,1,1,10,0.175532,0.17889,0,0,0
12689,,7,0,2,2,0,2,2,8,0.265757,0.27693,0,0.5,0
33518,,7,1,0,1,1,0,1,0,0,0,0,0,0.000188
12691,,7,0,1,1,0,1,1,8,0.230345,0.238007,0,0,0
12694,,44,0,1,1,0,1,1,1,1,1,0,0,0
28237,,7,1,0,1,1,0,1,0,0,0,0,0,0.000264
12697,,7,0,1,1,0,1,1,9,0.222124,0.228778,0,0,0
12698,,16,0,2,2,0,2,2,9,0.20118,0.206122,0,0,0
12699,,14,0,1,1,0,1,1,1,1,1,0,0,0
12701,,16,1,4,5,1,4,5,8,0.24888,0.259799,3110.802348,0,0.000639
12703,,14,0,7,7,0,7,7,8,0.237856,0.245789,0,0.047619,0
20938,,7,1,3,4,1,3,4,8,0.220169,0.226938,566.410356,0.083333,0.000345
12706,,7,0,3,3,0,3,3,8,0.2541,0.264894,0,0.5,0
12712,,211,0,2,2,0,2,2,10,0.179164,0.182357,0,0,0
12713,,211,1,0,1,1,0,1,0,0,0,0,0,0.000168
12714,,14,0,1,1,0,1,1,8,0.25615,0.266929,0,0,0
12715,,7,0,1,1,0,1,1,8,0.24587,0.25403,0,0,0
12716,,41,0,2,2,0,2,2,8,0.221296,0.228312,0,0,0
23922,,41,2,0,2,2,0,2,0,0,0,0,0,0.000458
27694,,41,1,0,1,1,0,1,0,0,0,0,0,0.00029
12719,,7,0,1,1,0,1,1,9,0.227605,0.234943,0,0,0
12720,,7,0,1,1,0,1,1,8,0.262756,0.273466,0,0,0
12725,,7,0,1,1,0,1,1,9,0.22391,0.230514,0,0,0
12726,,7,1,2,3,1,2,3,8,0.269956,0.282414,1694.301602,0.333333,0.000168
12730,,212,0,1,1,0,1,1,1,1,1,0,0,0
12731,,212,1,0,1,1,0,1,0,0,0,0,0,0.000168
12741,,7,0,1,1,0,1,1,8,0.262756,0.273466,0,0,0
12743,,266,1,1,2,1,1,2,8,0.239167,0.246988,18827,0,0.000168
12745,,41,0,1,1,0,1,1,9,0.197061,0.201698,0,0,0
12748,,213,0,2,2,0,2,2,8,0.253945,0.263585,0,0,0
12749,,213,1,0,1,1,0,1,0,0,0,0,0,0.000168
24320,,7,1,1,2,1,1,2,9,0.227896,0.235595,85.674378,0,0.000299
35583,,16,1,0,1,1,0,1,0,0,0,0,0,0.000185
12757,,22,0,2,2,0,2,2,9,0.212864,0.21894,0,0.5,0
12759,,7,0,4,4,0,4,4,9,0.236755,0.24479,0,0.333333,0
12760,,7,0,1,1,0,1,1,9,0.224867,0.231892,0,0,0
12762,,1,0,1,1,0,1,1,8,0.250023,0.260333,0,0,0
12765,,81,0,3,3,0,3,3,9,0.235682,0.244366,0,0.166667,0
12766,,65,0,2,2,0,2,2,8,0.237457,0.245656,0,1,0
29000,,7,1,0,1,1,0,1,0,0,0,0,0,0.000206
12771,,7,0,1,1,0,1,1,8,0.261475,0.272568,0,0,0
12772,,41,0,1,1,0,1,1,9,0.234736,0.243231,0,0,0
12774,,65,0,1,1,0,1,1,9,0.195014,0.200132,0,0,0
12777,,16,0,4,4,0,4,4,8,0.239024,0.24777,0,0.166667,0
12778,,16,0,1,1,0,1,1,9,0.202978,0.208136,0,0,0
12779,,53,0,1,1,0,1,1,9,0.208309,0.213508,0,0,0
12780,,7,0,1,1,0,1,1,8,0.248761,0.257751,0,0,0
12781,,53,0,1,1,0,1,1,9,0.220297,0.227161,0,0,0
12783,,7,0,1,1,0,1,1,8,0.262756,0.273466,0,0,0
12872,,56,2,1,3,2,1,3,10,0.17196,0.174997,25974,0.5,0.000378
14012,,56,1,2,3,1,2,3,9,0.207669,0.213086,0,0.5,0.000204
12785,,7,0,1,1,0,1,1,9,0.207286,0.212648,0,0,0
12786,,7,0,2,2,0,2,2,9,0.234862,0.24317,0,0,0
14662,,69,1,0,1,1,0,1,0,0,0,0,0,0.000176
29742,,69,1,0,1,1,0,1,0,0,0,0,0,0.000176
33073,,69,2,0,2,2,0,2,0,0,0,0,0,0.000404
12789,,7,0,1,1,0,1,1,9,0.2229,0.230213,0,0,0
12791,,7,0,1,1,0,1,1,9,0.209587,0.214961,0,0,0
12793,,36,0,1,1,0,1,1,9,0.211627,0.217622,0,0,0
12795,,7,0,3,3,0,3,3,8,0.2253,0.23219,0,0.166667,0
12796,,65,0,1,1,0,1,1,1,1,1,0,0,0
12797,,41,0,3,3,0,3,3,8,0.249559,0.259363,0,0.666667,0
12800,,16,0,4,4,0,4,4,8,0.267481,0.279149,0,0.25,0
23030,,16,1,1,2,1,1,2,9,0.226657,0.233753,0,0.5,0.000168
12802,,214,0,2,2,0,2,2,9,0.231755,0.239947,0,0,0
12803,,214,1,0,1,1,0,1,0,0,0,0,0,0.000168
12811,,16,1,0,1,1,0,1,0,0,0,0,0,0.00018
12812,,36,0,2,2,0,2,2,8,0.239058,0.246358,0,1,0
12814,,41,0,1,1,0,1,1,8,0.234094,0.242348,0,0,0
12815,,36,0,3,3,0,3,3,8,0.240748,0.248708,0,0.166667,0
12816,,7,0,1,1,0,1,1,8,0.236262,0.244204,0,0,0
12817,,65,0,1,1,0,1,1,9,0.208155,0.213697,0,0,0
12818,,1,0,1,1,0,1,1,9,0.192206,0.196986,0,0,0
12820,,7,0,1,1,0,1,1,8,0.262756,0.273466,0,0,0
12823,,12,0,1,1,0,1,1,9,0.185524,0.189879,0,0,0
12825,,41,0,1,1,0,1,1,1,1,1,0,0,0
12827,,56,1,1,2,1,1,2,9,0.207666,0.21306,18825,0.5,0.000178
16079,,12,13,4,17,13,4,17,10,0.164903,0.168133,194274.191705,0.119048,0.002503
12830,,36,0,2,2,0,2,2,8,0.264305,0.275737,0,0.5,0
12831,,41,0,1,1,0,1,1,8,0.231378,0.23929,0,0,0
12832,,7,0,3,3,0,3,3,8,0.2193,0.22575,0,0,0
17183,,7,1,1,2,1,1,2,9,0.196729,0.201349,14.173862,0,0.000168
12833,,41,0,1,1,0,1,1,8,0.235753,0.244207,0,0,0
12834,,16,0,1,1,0,1,1,8,0.231948,0.238988,0,0,0
12836,,22,0,1,1,0,1,1,9,0.21286,0.218905,0,0,0
12838,,14,0,1,1,0,1,1,8,0.247395,0.256736,0,0,0
33360,,16,1,0,1,1,0,1,0,0,0,0,0,0.000179
12841,,16,1,1,2,1,1,2,9,0.209396,0.215479,0,0,0.000281
14236,,16,1,0,1,1,0,1,0,0,0,0,0,0.000281
23476,,16,1,1,2,1,1,2,9,0.209396,0.215479,0,0,0.000281
24304,,16,1,0,1,1,0,1,0,0,0,0,0,0.000281
22114,,16,1,1,2,1,1,2,9,0.209396,0.215479,0,0,0.000281
29565,,16,1,1,2,1,1,2,9,0.209396,0.215479,0,0,0.000281
12843,,7,0,1,1,0,1,1,8,0.230108,0.238119,0,0,0
12847,,7,0,1,1,0,1,1,9,0.216823,0.223028,0,0,0
12849,,16,0,1,1,0,1,1,11,0.153491,0.155642,0,0,0
12851,,7,0,1,1,0,1,1,9,0.216181,0.222565,0,0,0
12852,,12,0,1,1,0,1,1,10,0.168625,0.171488,0,0,0
26978,,12,1,0,1,1,0,1,0,0,0,0,0,0.000652
12854,,16,0,2,2,0,2,2,8,0.245658,0.254914,0,0,0
12856,,53,0,2,2,0,2,2,10,0.175398,0.178593,0,0,0
12858,,65,0,3,3,0,3,3,8,0.237736,0.246014,0,0.666667,0
12859,,7,0,1,1,0,1,1,9,0.219577,0.226317,0,0,0
12860,,7,0,1,1,0,1,1,1,1,1,0,0,0
12862,,16,0,1,1,0,1,1,8,0.23897,0.247046,0,0,0
13167,,12,2,1,3,2,1,3,10,0.193117,0.197471,0,1,0.000499
12867,,7,0,1,1,0,1,1,8,0.262756,0.273466,0,0,0
12869,,41,0,1,1,0,1,1,10,0.190844,0.195075,0,0,0
12871,,7,0,1,1,0,1,1,8,0.245108,0.253561,0,0,0
27426,,16,1,2,3,1,2,3,8,0.227241,0.234533,0,1,0.000239
33082,,16,1,0,1,1,0,1,0,0,0,0,0,0.000239
12877,,36,0,3,3,0,3,3,9,0.22319,0.230316,0,0.333333,0
12880,,7,0,1,1,0,1,1,9,0.224158,0.230723,0,0,0
12881,,7,1,1,2,1,1,2,9,0.232872,0.240708,205.848117,0,0.000168
12884,,36,0,1,1,0,1,1,9,0.215483,0.221599,0,0,0
12886,,16,0,1,1,0,1,1,8,0.239859,0.247713,0,0,0
12887,,7,0,1,1,0,1,1,9,0.200066,0.204368,0,0,0
26227,,7,1,0,1,1,0,1,0,0,0,0,0,0.000185
12889,,16,0,1,1,0,1,1,9,0.219196,0.225231,0,0,0
12890,,16,0,1,1,0,1,1,9,0.214269,0.220459,0,0,0
13680,,12,1,0,1,1,0,1,0,0,0,0,0,0.000203
23617,,12,4,1,5,4,1,5,10,0.164658,0.167549,86.35922,0.083333,0.000831
12892,,16,0,1,1,0,1,1,9,0.219196,0.225231,0,0,0
12894,,7,0,2,2,0,2,2,9,0.222843,0.230145,0,0,0
16970,,7,1,4,5,1,4,5,8,0.236615,0.244697,689.29344,0.05,0.000168
12898,,36,0,3,3,0,3,3,9,0.235052,0.243684,0,0.333333,0
12900,,7,0,1,1,0,1,1,8,0.239554,0.247876,0,0,0
13170,,53,1,2,3,1,2,3,9,0.220295,0.227182,0.5,0.666667,0.000182
12902,,67,0,7,7,0,7,7,8,0.26712,0.279217,0,0.119048,0
14468,,67,1,1,2,1,1,2,10,0.177709,0.181183,1,0,0.000168
28351,,67,1,1,2,1,1,2,9,0.200066,0.204368,2.454193,0,0.000168
12903,,69,0,5,5,0,5,5,8,0.253548,0.263472,0,0.1,0
13513,,69,1,1,2,1,1,2,9,0.220966,0.227679,0,0.5,0.000168
12904,,16,0,1,1,0,1,1,8,0.23897,0.247046,0,0,0
12906,,7,0,1,1,0,1,1,9,0.210588,0.2161,0,0,0
12908,,7,0,2,2,0,2,2,8,0.270476,0.282133,0,1,0
12909,,16,0,1,1,0,1,1,8,0.236767,0.24412,0,0,0
12911,,7,0,1,1,0,1,1,8,0.236752,0.244747,0,0,0
15538,,7,1,0,1,1,0,1,0,0,0,0,0,0.000261
12915,,7,0,2,2,0,2,2,9,0.207302,0.21271,0,0,0
12918,,215,1,1,2,1,1,2,1,1,1,0,0,0.000178
12919,,215,2,1,3,2,1,3,1,1,1,1,0,0.000341
12921,,7,0,2,2,0,2,2,8,0.263035,0.273819,0,1,0
12922,,16,0,1,1,0,1,1,9,0.200984,0.205964,0,0,0
12931,,7,0,1,1,0,1,1,9,0.226946,0.234172,0,0,0
18628,,41,2,1,3,2,1,3,1,1,1,25977,0.166667,0.000384
28962,,41,1,1,2,1,1,2,10,0.193361,0.197915,0,0,0.000185
12936,,53,0,5,5,0,5,5,9,0.240273,0.248459,0,0,0
12937,,53,1,0,1,1,0,1,0,0,0,0,0,0.000168
35371,,53,1,0,1,1,0,1,0,0,0,0,0,0.000168
12940,,7,0,1,1,0,1,1,8,0.248387,0.257168,0,0,0
12942,,7,0,3,3,0,3,3,8,0.241986,0.250264,0,0.666667,0
12944,,7,0,1,1,0,1,1,7,0.293553,0.307954,0,0,0
12946,,16,0,3,3,0,3,3,8,0.23743,0.244927,0,0,0
12949,,41,1,0,1,1,0,1,0,0,0,0,0,0.000179
17603,,41,1,2,3,1,2,3,9,0.211804,0.217563,34.149289,0,0.000179
12950,,1,0,1,1,0,1,1,9,0.223974,0.230994,0,0,0
12951,,16,0,1,1,0,1,1,9,0.222009,0.229646,0,0,0
23647,,493,2,0,2,2,0,2,0,0,0,0,0,0.000412
12957,,41,0,2,2,0,2,2,8,0.257562,0.268737,0,1,0
12960,,16,0,2,2,0,2,2,9,0.235014,0.243805,0,1,0
12961,,25,0,1,1,0,1,1,9,0.214954,0.220677,0,0,0
12962,,53,0,1,1,0,1,1,9,0.215053,0.221273,0,0,0
12963,,32,0,1,1,0,1,1,8,0.234493,0.242444,0,0,0
12967,,36,0,1,1,0,1,1,9,0.223111,0.229961,0,0,0
12968,,36,0,1,1,0,1,1,9,0.223111,0.229961,0,0,0
12969,,16,0,1,1,0,1,1,8,0.251382,0.261452,0,0,0
32162,,41,1,1,2,1,1,2,10,0.164359,0.167126,5.911892,0,0.000188
19145,,7,1,0,1,1,0,1,0,0,0,0,0,0.000601
12976,,7,0,1,1,0,1,1,9,0.214189,0.219658,0,0,0
21629,,7,1,2,3,1,2,3,8,0.23389,0.241057,384.114333,0,0.000215
12982,,16,0,1,1,0,1,1,9,0.218446,0.22478,0,0,0
12985,,2,0,1,1,0,1,1,10,0.180264,0.183827,0,0,0
12986,,41,0,2,2,0,2,2,9,0.205266,0.21084,0,0,0
12988,,36,0,4,4,0,4,4,8,0.23637,0.244014,0,0.083333,0
33128,,36,1,1,2,1,1,2,1,1,1,1,0,0.000168
24230,,16,1,1,2,1,1,2,1,1,1,0,0,0.000182
12991,,16,0,1,1,0,1,1,8,0.227034,0.234934,0,0,0
12992,,7,0,1,1,0,1,1,9,0.21491,0.22074,0,0,0
12993,,7,0,1,1,0,1,1,8,0.220725,0.227864,0,0,0
12994,,67,0,1,1,0,1,1,1,1,1,0,0,0
13000,,14,0,1,1,0,1,1,9,0.225039,0.232567,0,0,0
13001,,7,0,2,2,0,2,2,8,0.242829,0.251855,0,0.5,0
13002,,7,2,4,6,2,4,6,9,0.228605,0.235714,37654,0.2,0.000336
13003,,7,0,1,1,0,1,1,9,0.250609,0.260973,0,0,0
13004,,7,0,1,1,0,1,1,9,0.207609,0.212853,0,0,0
29569,,67,1,1,2,1,1,2,9,0.219489,0.225913,18825,0,0.000175
13007,,7,0,1,1,0,1,1,9,0.225592,0.232933,0,0,0
13009,,16,0,1,1,0,1,1,8,0.251382,0.261452,0,0,0
13011,,7,0,2,2,0,2,2,9,0.214165,0.220301,0,0,0
13016,,65,0,1,1,0,1,1,9,0.208155,0.213697,0,0,0
13021,,16,0,1,1,0,1,1,8,0.246659,0.25616,0,0,0
13022,,7,0,1,1,0,1,1,9,0.224765,0.231975,0,0,0
13028,,36,0,1,1,0,1,1,9,0.21834,0.225148,0,0,0
13030,,7,0,9,9,0,9,9,9,0.240321,0.250269,0,0.041667,0
13032,,7,0,1,1,0,1,1,8,0.248761,0.257751,0,0,0
13033,,41,0,2,2,0,2,2,8,0.257548,0.268715,0,0.5,0
13034,,7,0,2,2,0,2,2,8,0.263197,0.274094,0,1,0
13036,,16,0,2,2,0,2,2,9,0.218208,0.224586,0,1,0
14216,,7,1,2,3,1,2,3,9,0.200142,0.204722,18825,0,0.000197
13040,,16,0,1,1,0,1,1,9,0.212123,0.218423,0,0,0
13041,,16,0,1,1,0,1,1,10,0.184553,0.188803,0,0,0
13042,,16,0,1,1,0,1,1,9,0.231783,0.240091,0,0,0
13045,,16,0,1,1,0,1,1,8,0.226935,0.234515,0,0,0
13046,,36,0,1,1,0,1,1,9,0.190765,0.195338,0,0,0
13048,,216,0,1,1,0,1,1,1,1,1,0,0,0
13049,,216,1,0,1,1,0,1,0,0,0,0,0,0.000168
33572,,36,1,0,1,1,0,1,0,0,0,0,0,0.00021
13051,,7,0,3,3,0,3,3,8,0.267973,0.279554,0,0.333333,0
13053,,7,0,1,1,0,1,1,9,0.226463,0.234215,0,0,0
13059,,7,0,2,2,0,2,2,8,0.253129,0.262444,0,0,0
13061,,25,0,1,1,0,1,1,9,0.225635,0.232826,0,0,0
13062,,7,0,6,6,0,6,6,8,0.277906,0.290946,0,0.466667,0
13063,,1,0,1,1,0,1,1,8,0.230686,0.237852,0,0,0
13064,,7,0,1,1,0,1,1,9,0.229028,0.236621,0,0,0
13070,,41,0,1,1,0,1,1,9,0.234736,0.243231,0,0,0
13075,,41,0,1,1,0,1,1,8,0.230249,0.237146,0,0,0
13079,,7,0,3,3,0,3,3,8,0.241208,0.249423,0,0.333333,0
13080,,7,0,2,2,0,2,2,9,0.228087,0.235713,0,0.5,0
13081,,7,0,1,1,0,1,1,8,0.261475,0.272568,0,0,0
13085,,16,1,1,2,1,1,2,9,0.220082,0.227061,133.468825,0,0.00028
13089,,16,0,2,2,0,2,2,8,0.220829,0.227638,0,0,0
13091,,7,0,1,1,0,1,1,9,0.211653,0.217282,0,0,0
13095,,65,0,1,1,0,1,1,9,0.200697,0.205965,0,0,0
13100,,41,0,1,1,0,1,1,8,0.257544,0.268689,0,0,0
13102,,7,0,7,7,0,7,7,8,0.238519,0.247155,0,0.119048,0
13103,,7,0,2,2,0,2,2,8,0.248571,0.258018,0,0.5,0
13108,,7,0,1,1,0,1,1,9,0.212176,0.218108,0,0,0
13109,,16,0,1,1,0,1,1,9,0.229337,0.237191,0,0,0
13112,,16,0,2,2,0,2,2,8,0.229123,0.236852,0,0,0
13114,,2,0,4,4,0,4,4,8,0.235177,0.243403,0,0.083333,0
22857,,2,1,0,1,1,0,1,0,0,0,0,0,0.000168
13115,,2,0,3,3,0,3,3,8,0.252288,0.261516,0,0.166667,0
13116,,7,0,1,1,0,1,1,8,0.251664,0.260845,0,0,0
13118,,7,1,0,1,1,0,1,0,0,0,0,0,0.000253
13122,,7,0,3,3,0,3,3,8,0.242923,0.251327,0,0,0
13123,,7,0,1,1,0,1,1,10,0.179156,0.182314,0,0,0
13125,,36,0,2,2,0,2,2,8,0.262943,0.273709,0,0.5,0
13127,,7,0,1,1,0,1,1,9,0.206294,0.211443,0,0,0
13128,,7,0,1,1,0,1,1,9,0.216305,0.222488,0,0,0
13130,,16,0,2,2,0,2,2,8,0.221286,0.227858,0,0,0
13131,,7,0,1,1,0,1,1,8,0.262756,0.273466,0,0,0
13132,,7,0,1,1,0,1,1,8,0.262756,0.273466,0,0,0
13133,,16,0,1,1,0,1,1,8,0.226935,0.234515,0,0,0
13134,,7,0,1,1,0,1,1,9,0.200066,0.204368,0,0,0
13135,,16,0,2,2,0,2,2,8,0.225884,0.232875,0,0,0
26388,,2,1,2,3,1,2,3,9,0.198553,0.203059,11.390337,0,0.00026
13140,,16,0,1,1,0,1,1,9,0.213224,0.219265,0,0,0
13141,,65,0,1,1,0,1,1,9,0.217956,0.224292,0,0,0
13143,,7,0,1,1,0,1,1,9,0.202037,0.206891,0,0,0
13144,,7,0,1,1,0,1,1,9,0.224977,0.231842,0,0,0
13146,,217,0,1,1,0,1,1,1,1,1,0,0,0
13147,,217,1,0,1,1,0,1,0,0,0,0,0,0.000168
32513,,16,1,1,2,1,1,2,9,0.224801,0.232224,0,1,0.000352
13154,,36,1,0,1,1,0,1,0,0,0,0,0,0.000173
19695,,36,1,0,1,1,0,1,0,0,0,0,0,0.000173
24080,,36,1,0,1,1,0,1,0,0,0,0,0,0.000173
13156,,7,0,1,1,0,1,1,1,1,1,0,0,0
13158,,218,0,1,1,0,1,1,1,1,1,0,0,0
13159,,218,1,0,1,1,0,1,0,0,0,0,0,0.000168
13161,,14,0,1,1,0,1,1,9,0.22031,0.227442,0,0,0
13168,,7,0,2,2,0,2,2,8,0.262976,0.273811,0,1,0
13333,,53,1,0,1,1,0,1,0,0,0,0,0,0.000178
13174,,16,0,1,1,0,1,1,8,0.236167,0.244733,0,0,0
13175,,12,0,3,3,0,3,3,9,0.213144,0.219722,0,0.333333,0
13178,,7,0,1,1,0,1,1,9,0.234452,0.242464,0,0,0
13183,,14,0,1,1,0,1,1,8,0.249084,0.258104,0,0,0
13185,,219,0,1,1,0,1,1,1,1,1,0,0,0
13186,,219,1,0,1,1,0,1,0,0,0,0,0,0.000168
13188,,7,0,1,1,0,1,1,9,0.239538,0.247501,0,0,0
13191,,1,0,3,3,0,3,3,1,1,1,0,0,0
29724,,1,1,0,1,1,0,1,0,0,0,0,0,0.000168
13195,,7,0,1,1,0,1,1,8,0.262756,0.273466,0,0,0
13196,,12,1,7,8,1,7,8,9,0.231842,0.240153,70.76697,0.303571,0.000325
13197,,25,0,1,1,0,1,1,9,0.225635,0.232826,0,0,0
13199,,16,0,1,1,0,1,1,9,0.217359,0.223994,0,0,0
13200,,7,2,7,9,2,7,9,8,0.267178,0.27903,18847.356154,0.222222,0.000336
13202,,7,1,11,12,1,11,12,8,0.26833,0.280417,26564.768261,0.106061,0.000189
13203,,7,1,0,1,1,0,1,0,0,0,0,0,0.000173
13204,,1,0,1,1,0,1,1,8,0.228936,0.236648,0,0,0
13208,,16,0,1,1,0,1,1,9,0.199428,0.204336,0,0,0
13209,,7,0,6,6,0,6,6,8,0.235267,0.24384,0,0.033333,0
13212,,7,0,1,1,0,1,1,9,0.216392,0.222482,0,0,0
13214,,41,0,1,1,0,1,1,9,0.192124,0.196403,0,0,0
13215,,12,0,1,1,0,1,1,9,0.185524,0.189879,0,0,0
13218,,7,0,1,1,0,1,1,8,0.262756,0.273466,0,0,0
13219,,16,0,3,3,0,3,3,8,0.228889,0.236461,0,0,0
13221,,39,0,1,1,0,1,1,1,1,1,0,0,0
13226,,7,0,1,1,0,1,1,11,0.161015,0.163674,0,0,0
13227,,7,0,1,1,0,1,1,9,0.197998,0.202451,0,0,0
13229,,67,0,1,1,0,1,1,8,0.240355,0.248397,0,0,0
13230,,22,0,1,1,0,1,1,9,0.21286,0.218905,0,0,0
13231,,16,0,1,1,0,1,1,8,0.244433,0.254493,0,0,0
13232,,7,0,3,3,0,3,3,8,0.246869,0.25578,0,0.166667,0
22715,,16,1,1,2,1,1,2,9,0.192155,0.196736,0,0,0.000254
20653,,16,1,2,3,1,2,3,8,0.236187,0.244795,0,1,0.000254
35746,,16,1,0,1,1,0,1,0,0,0,0,0,0.000254
13234,,7,0,2,2,0,2,2,8,0.23959,0.247432,0,0,0
13236,,36,0,1,1,0,1,1,9,0.218312,0.224902,0,0,0
13237,,65,0,1,1,0,1,1,8,0.234438,0.242011,0,0,0
13239,,16,0,5,5,0,5,5,9,0.227311,0.234921,0,0.25,0
18586,,7,1,0,1,1,0,1,0,0,0,0,0,0.000654
20996,,7,1,2,3,1,2,3,8,0.266118,0.277607,18.677869,0.5,0.000654
13243,,7,0,1,1,0,1,1,8,0.261475,0.272568,0,0,0
19831,,16,1,4,5,1,4,5,8,0.254722,0.265676,84.943751,0.333333,0.000305
29234,,504,1,0,1,1,0,1,0,0,0,0,0,0.000193
13254,,7,0,4,4,0,4,4,8,0.249851,0.25886,0,0.083333,0
13256,,16,0,1,1,0,1,1,8,0.251382,0.261452,0,0,0
13257,,16,0,1,1,0,1,1,8,0.23949,0.247366,0,0,0
13261,,16,0,1,1,0,1,1,9,0.186196,0.190551,0,0,0
13262,,2,0,3,3,0,3,3,7,0.293846,0.30836,0,0.5,0
23087,,7,2,0,2,2,0,2,0,0,0,0,0,0.000418
13266,,7,0,106,106,0,106,106,7,0.304822,0.325019,0,0.054627,0
14261,,7,1,1,2,1,1,2,1,1,1,0.034483,0,0.000168
19838,,7,1,0,1,1,0,1,0,0,0,0,0,0.000168
24770,,7,1,0,1,1,0,1,0,0,0,0,0,0.000168
20208,,7,1,1,2,1,1,2,8,0.236752,0.244747,0,0.5,0.000168
16482,,69,1,2,3,1,2,3,8,0.263842,0.274589,22.569646,0.333333,0.000168
30007,,7,1,0,1,1,0,1,0,0,0,0,0,0.000168
30008,,7,1,0,1,1,0,1,0,0,0,0,0,0.000168
30872,,1,1,7,8,1,7,8,8,0.269685,0.282478,25.592179,0.303571,0.000168
13268,,7,0,1,1,0,1,1,9,0.230193,0.238549,0,0,0
13269,,67,0,1,1,0,1,1,9,0.208091,0.213257,0,0,0
13272,,7,0,1,1,0,1,1,9,0.188594,0.192926,0,0,0
13273,,16,0,1,1,0,1,1,9,0.224977,0.23191,0,0,0
13274,,7,0,1,1,0,1,1,9,0.20994,0.215431,0,0,0
13275,,7,0,2,2,0,2,2,9,0.23226,0.239702,0,1,0
13276,,25,0,1,1,0,1,1,8,0.226534,0.233342,0,0,0
13277,,16,0,3,3,0,3,3,8,0.246153,0.25517,0,1,0
13280,,16,1,2,3,1,2,3,9,0.206493,0.211916,63625.615581,0,0.000178
14875,,16,1,0,1,1,0,1,0,0,0,0,0,0.000173
13283,,7,0,1,1,0,1,1,9,0.220001,0.226414,0,0,0
13286,,36,0,1,1,0,1,1,9,0.216278,0.22219,0,0,0
20367,,16,2,0,2,2,0,2,0,0,0,0,0.5,0.000403
13294,,7,0,5,5,0,5,5,9,0.237056,0.245469,0,0,0
13295,,16,0,1,1,0,1,1,9,0.224355,0.231354,0,0,0
13296,,7,0,2,2,0,2,2,8,0.266921,0.27899,0,1,0
13298,,16,0,1,1,0,1,1,8,0.239859,0.247713,0,0,0
13299,,65,0,1,1,0,1,1,8,0.234438,0.242011,0,0,0
13300,,16,0,1,1,0,1,1,1,1,1,0,0,0
13304,,16,0,1,1,0,1,1,8,0.244433,0.254493,0,0,0
13305,,16,0,2,2,0,2,2,8,0.236621,0.245287,0,1,0
13308,,7,0,1,1,0,1,1,9,0.200066,0.204368,0,0,0
13309,,220,1,1,2,1,1,2,10,0.173357,0.176348,18828,0,0.000168
13310,,220,1,1,2,1,1,2,9,0.209701,0.215029,37654,0,0.000173
13312,,65,0,1,1,0,1,1,8,0.236841,0.24458,0,0,0
13313,,81,0,1,1,0,1,1,9,0.224787,0.232402,0,0,0
13314,,7,0,3,3,0,3,3,8,0.25496,0.265305,0,0.5,0
13315,,7,0,2,2,0,2,2,8,0.26448,0.275475,0,1,0
13318,,41,0,1,1,0,1,1,9,0.197061,0.201698,0,0,0
13319,,7,0,1,1,0,1,1,8,0.262756,0.273466,0,0,0
13320,,1,0,1,1,0,1,1,9,0.223974,0.230994,0,0,0
13322,,22,0,1,1,0,1,1,9,0.21286,0.218905,0,0,0
13323,,7,0,3,3,0,3,3,8,0.232524,0.239879,0,0.666667,0
28807,,16,1,5,6,1,5,6,8,0.234361,0.243146,26412.826638,0.1,0.000178
13325,,16,0,2,2,0,2,2,9,0.212305,0.218257,0,0,0
15083,,7,1,9,10,1,9,10,8,0.263326,0.275071,52018.725143,0.236111,0.000214
13327,,7,0,2,2,0,2,2,8,0.242625,0.251005,0,0,0
13329,,41,0,1,1,0,1,1,9,0.232863,0.240485,0,0,0
23811,,53,1,1,2,1,1,2,9,0.220293,0.227155,0,1,0.000192
13334,,16,0,1,1,0,1,1,9,0.197937,0.202631,0,0,0
13336,,7,0,1,1,0,1,1,9,0.219316,0.225988,0,0,0
13340,,16,0,1,1,0,1,1,8,0.235824,0.242716,0,0,0
13341,,16,0,2,2,0,2,2,8,0.253942,0.264527,0,0,0
13342,,1,0,2,2,0,2,2,9,0.207243,0.212998,0,1,0
14975,,16,1,1,2,1,1,2,9,0.203412,0.208917,0,0,0.000195
13345,,16,0,1,1,0,1,1,9,0.213579,0.219742,0,0,0
13347,,7,0,1,1,0,1,1,8,0.233233,0.240201,0,0,0
13348,,7,1,4,5,1,4,5,8,0.242531,0.25086,25977.184444,0.3,0.000221
13350,,67,0,2,2,0,2,2,8,0.262767,0.273506,0,0,0
13353,,16,0,1,1,0,1,1,10,0.195678,0.200464,0,0,0
13355,,7,0,1,1,0,1,1,1,1,1,0,0,0
13356,,221,0,1,1,0,1,1,1,1,1,0,0,0
13357,,221,1,0,1,1,0,1,0,0,0,0,0,0.000168
13358,,7,1,2,3,1,2,3,8,0.248161,0.256755,445.317148,0,0.000168
13361,,36,0,1,1,0,1,1,9,0.21834,0.225148,0,0,0
13362,,7,0,6,6,0,6,6,8,0.27099,0.283451,0,0.266667,0
13363,,16,0,1,1,0,1,1,9,0.199515,0.204427,0,0,0
13365,,7,0,1,1,0,1,1,9,0.211285,0.217016,0,0,0
13367,,16,0,1,1,0,1,1,8,0.232829,0.239934,0,0,0
13369,,7,1,4,5,1,4,5,8,0.228194,0.236278,26041.818299,0.15,0.000211
22352,,7,1,0,1,1,0,1,0,0,0,0,0,0.000173
13371,,7,0,1,1,0,1,1,9,0.214123,0.219985,0,0,0
13376,,25,2,2,4,2,2,4,9,0.225639,0.232865,0.861111,0.666667,0.000419
13379,,7,0,2,2,0,2,2,8,0.262951,0.274297,0,1,0
13385,,7,0,1,1,0,1,1,9,0.21791,0.224128,0,0,0
13386,,41,0,1,1,0,1,1,9,0.205253,0.210794,0,0,0
13389,,36,0,1,1,0,1,1,9,0.186995,0.191243,0,0,0
13393,,7,0,1,1,0,1,1,9,0.215254,0.221272,0,0,0
13395,,16,0,1,1,0,1,1,9,0.210874,0.217038,0,0,0
13399,,14,0,2,2,0,2,2,8,0.256715,0.267688,0,1,0
13400,,14,0,2,2,0,2,2,8,0.256715,0.267688,0,1,0
13401,,16,0,1,1,0,1,1,9,0.200588,0.206224,0,0,0
13402,,14,0,2,2,0,2,2,8,0.256715,0.267688,0,1,0
13403,,41,0,1,1,0,1,1,9,0.197061,0.201698,0,0,0
13405,,14,0,2,2,0,2,2,8,0.256715,0.267688,0,1,0
13408,,1,0,1,1,0,1,1,9,0.201604,0.206959,0,0,0
13409,,7,0,1,1,0,1,1,10,0.178867,0.182209,0,0,0
13410,,41,0,1,1,0,1,1,9,0.232863,0.240485,0,0,0
13412,,41,0,1,1,0,1,1,9,0.221424,0.228568,0,0,0
13414,,36,0,1,1,0,1,1,10,0.163298,0.165989,0,0,0
13415,,2,0,2,2,0,2,2,9,0.21968,0.226278,0,1,0
13417,,7,0,1,1,0,1,1,1,1,1,0,0,0
31522,,32,1,0,1,1,0,1,0,0,0,0,0,0.000197
13421,,16,0,1,1,0,1,1,9,0.218439,0.22522,0,0,0
13739,,41,1,0,1,1,0,1,0,0,0,0,0,0.000217
13428,,7,0,16,16,0,16,16,8,0.274033,0.287223,0,0.170833,0
14825,,7,1,0,1,1,0,1,0,0,0,0,0,0.000168
13429,,41,0,5,5,0,5,5,8,0.221294,0.228374,0,0.2,0
13433,,14,0,2,2,0,2,2,8,0.256715,0.267688,0,1,0
13434,,14,0,2,2,0,2,2,8,0.256715,0.267688,0,1,0
13435,,14,0,2,2,0,2,2,8,0.256715,0.267688,0,1,0
13436,,7,0,3,3,0,3,3,10,0.178877,0.182289,0,0,0
13437,,14,0,2,2,0,2,2,8,0.256715,0.267688,0,1,0
13438,,16,0,1,1,0,1,1,9,0.213705,0.219854,0,0,0
13439,,14,0,2,2,0,2,2,8,0.256715,0.267688,0,1,0
13440,,7,0,1,1,0,1,1,9,0.20914,0.214807,0,0,0
14329,,41,1,0,1,1,0,1,0,0,0,0,0,0.000179
13442,,41,0,1,1,0,1,1,8,0.236961,0.24442,0,0,0
13443,,1,0,3,3,0,3,3,8,0.232409,0.240573,0,0.5,0
13444,,16,0,2,2,0,2,2,8,0.240524,0.249928,0,1,0
13447,,7,0,14,14,0,14,14,8,0.273756,0.28644,0,0.17033,0
17165,,7,2,1,3,2,1,3,1,1,1,1,0,0.00036
13448,,7,0,1,1,0,1,1,9,0.200066,0.204368,0,0,0
13449,,7,0,1,1,0,1,1,8,0.233233,0.240201,0,0,0
15356,,2,2,1,3,2,1,3,1,1,1,10.26129,0,0.000375
13451,,41,1,3,4,1,3,4,9,0.210893,0.216935,0,0.666667,0.000719
13452,,41,4,3,7,4,3,7,9,0.235814,0.243937,9742.289227,0.233333,0.001247
13576,,41,2,1,3,2,1,3,9,0.209781,0.215658,0,1,0.000913
13453,,65,0,1,1,0,1,1,9,0.217956,0.224292,0,0,0
15559,,41,1,4,5,1,4,5,9,0.205452,0.211131,30356.946255,0,0.000207
13457,,16,0,1,1,0,1,1,9,0.198304,0.203062,0,0,0
13458,,7,0,1,1,0,1,1,1,1,1,0,0,0
14327,,41,4,1,5,4,1,5,9,0.209781,0.215658,0,0.333333,0.001235
15490,,41,1,2,3,1,2,3,9,0.209791,0.215707,283.190794,0,0.000719
15972,,41,1,2,3,1,2,3,9,0.210888,0.216899,0,1,0.000719
15268,,41,1,1,2,1,1,2,9,0.209781,0.215658,0,0,0.000719
16282,,41,2,2,4,2,2,4,9,0.209786,0.215694,1,0.666667,0.000899
16814,,41,1,0,1,1,0,1,0,0,0,0,0,0.000719
16998,,41,1,0,1,1,0,1,0,0,0,0,0,0.000719
17115,,41,1,0,1,1,0,1,0,0,0,0,0,0.000719
19434,,41,1,1,2,1,1,2,9,0.209781,0.215658,0,0,0.000719
21445,,41,1,1,2,1,1,2,9,0.209781,0.215658,0,0,0.000719
22667,,41,1,1,2,1,1,2,9,0.209781,0.215658,0,0,0.000719
23319,,41,2,1,3,2,1,3,9,0.209781,0.215658,0,1,0.000899
23527,,41,1,0,1,1,0,1,0,0,0,0,0,0.000719
24128,,41,1,0,1,1,0,1,0,0,0,0,0,0.000719
24359,,41,1,1,2,1,1,2,9,0.209781,0.215658,0,0,0.000719
24479,,41,1,0,1,1,0,1,0,0,0,0,0,0.000719
25178,,41,1,0,1,1,0,1,0,0,0,0,0,0.000719
25220,,41,1,0,1,1,0,1,0,0,0,0,0,0.000719
25311,,41,1,1,2,1,1,2,9,0.209781,0.215658,0,0,0.000719
23185,,41,1,4,5,1,4,5,9,0.209788,0.215738,0,0.5,0.000719
25780,,41,1,0,1,1,0,1,0,0,0,0,0,0.000719
25801,,41,1,0,1,1,0,1,0,0,0,0,0,0.000719
25848,,41,1,0,1,1,0,1,0,0,0,0,0,0.000719
26074,,41,1,0,1,1,0,1,0,0,0,0,0,0.000719
26152,,41,1,0,1,1,0,1,0,0,0,0,0,0.000719
26421,,41,1,1,2,1,1,2,9,0.209781,0.215658,0,0,0.000719
26650,,41,1,0,1,1,0,1,0,0,0,0,0,0.000719
26718,,41,1,0,1,1,0,1,0,0,0,0,0,0.000719
27022,,41,1,1,2,1,1,2,9,0.209781,0.215658,0,0,0.000719
27031,,41,1,0,1,1,0,1,0,0,0,0,0,0.000719
27148,,41,1,0,1,1,0,1,0,0,0,0,0,0.000719
27864,,41,1,0,1,1,0,1,0,0,0,0,0,0.000719
28141,,41,1,2,3,1,2,3,9,0.209784,0.215685,0,1,0.000719
28556,,41,1,0,1,1,0,1,0,0,0,0,0,0.000719
28864,,41,1,0,1,1,0,1,0,0,0,0,0,0.000719
28877,,41,1,0,1,1,0,1,0,0,0,0,0,0.000719
28039,,41,1,1,2,1,1,2,9,0.209781,0.215658,0,0,0.000719
28175,,41,1,1,2,1,1,2,9,0.209781,0.215658,0,0,0.000719
30421,,41,1,1,2,1,1,2,9,0.209781,0.215658,0,0,0.000719
30803,,41,1,0,1,1,0,1,0,0,0,0,0,0.000719
32951,,41,1,0,1,1,0,1,0,0,0,0,0,0.000719
13818,,41,2,2,4,2,2,4,9,0.209786,0.215694,18826,0.333333,0.000888
33648,,41,1,0,1,1,0,1,0,0,0,0,0,0.000719
34296,,41,1,0,1,1,0,1,0,0,0,0,0,0.000719
35246,,41,1,0,1,1,0,1,0,0,0,0,0,0.000719
35732,,41,1,0,1,1,0,1,0,0,0,0,0,0.000719
13461,,16,0,3,3,0,3,3,9,0.233972,0.242357,0,0,0
19875,,16,1,0,1,1,0,1,0,0,0,0,0,0.000168
13463,,7,0,6,6,0,6,6,8,0.238728,0.246296,0,0.033333,0
13464,,7,1,0,1,1,0,1,0,0,0,0,0,0.000168
13465,,41,0,1,1,0,1,1,10,0.191907,0.196436,0,0,0
13469,,22,0,1,1,0,1,1,9,0.21286,0.218905,0,0,0
13471,,32,1,3,4,1,3,4,8,0.236838,0.244844,26217.108281,0,0.000219
13472,,16,0,1,1,0,1,1,8,0.234266,0.242061,0,0,0
13473,,16,0,1,1,0,1,1,8,0.23949,0.247366,0,0,0
13475,,14,0,2,2,0,2,2,8,0.256715,0.267688,0,1,0
15560,,16,1,0,1,1,0,1,0,0,0,0,0,0.000412
15558,,16,1,1,2,1,1,2,8,0.229989,0.236804,0,0,0.000412
27555,,41,2,3,5,2,3,5,9,0.221628,0.229244,18907.659324,0.1,0.000585
13477,,222,0,1,1,0,1,1,1,1,1,0,0,0
13478,,222,1,0,1,1,0,1,0,0,0,0,0,0.000168
13479,,16,0,2,2,0,2,2,8,0.277517,0.290179,0,0.5,0
13480,,14,0,2,2,0,2,2,8,0.256715,0.267688,0,1,0
13481,,16,0,1,1,0,1,1,10,0.171061,0.174299,0,0,0
13482,,14,0,2,2,0,2,2,8,0.256715,0.267688,0,1,0
17114,,16,1,2,3,1,2,3,9,0.225027,0.232208,123.244505,0,0.000211
13485,,16,0,1,1,0,1,1,8,0.226935,0.234515,0,0,0
13486,,16,0,3,3,0,3,3,8,0.24202,0.250999,0,0,0
13488,,67,0,1,1,0,1,1,1,1,1,0,0,0
13489,,2,0,1,1,0,1,1,10,0.181187,0.184765,0,0,0
13490,,53,0,1,1,0,1,1,9,0.201062,0.205746,0,0,0
13491,,81,0,1,1,0,1,1,9,0.224787,0.232402,0,0,0
13493,,16,0,2,2,0,2,2,9,0.219539,0.225948,0,0.5,0
13494,,14,0,1,1,0,1,1,8,0.247395,0.256736,0,0,0
13495,,1,0,2,2,0,2,2,9,0.188918,0.193254,0,0,0
13496,,223,0,1,1,0,1,1,9,0.187706,0.19132,0,0,0
13498,,7,0,5,5,0,5,5,8,0.251214,0.261481,0,0.15,0
13500,,41,0,1,1,0,1,1,8,0.227718,0.235112,0,0,0
13501,,16,0,1,1,0,1,1,9,0.217041,0.222899,0,0,0
27156,,16,1,0,1,1,0,1,0,0,0,0,0,0.000506
30188,,16,1,0,1,1,0,1,0,0,0,0,0,0.000506
13508,,7,1,0,1,1,0,1,0,0,0,0,0,0.000587
17274,,7,1,0,1,1,0,1,0,0,0,0,0,0.000587
21671,,7,1,0,1,1,0,1,0,0,0,0,0,0.000587
26999,,7,1,0,1,1,0,1,0,0,0,0,0,0.000587
27996,,7,1,0,1,1,0,1,0,0,0,0,0,0.000587
29788,,7,1,1,2,1,1,2,9,0.20235,0.207218,4162.408431,0,0.000587
32486,,7,1,1,2,1,1,2,1,1,1,385.341274,0,0.000587
33399,,7,1,0,1,1,0,1,0,0,0,0,0,0.000587
33419,,7,1,0,1,1,0,1,0,0,0,0,0,0.000587
33842,,7,1,0,1,1,0,1,0,0,0,0,0,0.000587
13510,,16,0,1,1,0,1,1,8,0.23949,0.247366,0,0,0
13511,,7,0,2,2,0,2,2,8,0.263072,0.273902,0,0.5,0
13514,,16,0,1,1,0,1,1,8,0.234601,0.241751,0,0,0
13517,,14,0,2,2,0,2,2,8,0.256715,0.267688,0,1,0
31972,,16,2,4,6,2,4,6,9,0.226421,0.2339,202.910159,0.05,0.000372
13520,,7,0,1,1,0,1,1,9,0.215686,0.221565,0,0,0
13521,,7,0,2,2,0,2,2,8,0.238265,0.245508,0,1,0
13523,,7,1,0,1,1,0,1,0,0,0,0,0,0.000256
13524,,65,0,1,1,0,1,1,9,0.213606,0.219549,0,0,0
13525,,41,0,1,1,0,1,1,9,0.234736,0.243231,0,0,0
13526,,7,0,1,1,0,1,1,8,0.245108,0.253561,0,0,0
13527,,16,0,1,1,0,1,1,8,0.251382,0.261452,0,0,0
13528,,65,0,1,1,0,1,1,8,0.234438,0.242011,0,0,0
13530,,2,0,2,2,0,2,2,8,0.235839,0.243264,0,1,0
13531,,225,1,2,3,1,2,3,1,1,1,1,0.166667,0.000168
13532,,225,2,0,2,2,0,2,0,0,0,0,0.5,0.000341
18439,,225,1,0,1,1,0,1,0,0,0,0,0,0.000173
13536,,41,0,1,1,0,1,1,9,0.204804,0.210198,0,0,0
13538,,7,0,1,1,0,1,1,1,1,1,0,0,0
14577,,41,1,1,2,1,1,2,9,0.221433,0.227975,0,0,0.000422
30623,,41,1,0,1,1,0,1,0,0,0,0,0,0.000422
13541,,7,0,1,1,0,1,1,9,0.229028,0.236621,0,0,0
13544,,16,0,7,7,0,7,7,8,0.252745,0.263288,0,0.047619,0
24536,,16,1,0,1,1,0,1,0,0,0,0,0,0.000168
13545,,36,1,1,2,1,1,2,9,0.195108,0.199475,151.532056,0,0.000219
13546,,7,0,2,2,0,2,2,8,0.271693,0.284063,0,1,0
13547,,12,0,6,6,0,6,6,9,0.223132,0.230384,0,0.266667,0
13549,,16,0,1,1,0,1,1,8,0.234514,0.24306,0,0,0
13550,,41,0,1,1,0,1,1,8,0.236961,0.24442,0,0,0
13552,,1,0,1,1,0,1,1,10,0.174253,0.177675,0,0,0
13554,,7,0,1,1,0,1,1,8,0.262756,0.273466,0,0,0
13556,,7,0,2,2,0,2,2,8,0.262995,0.273751,0,1,0
13557,,224,0,2,2,0,2,2,1,1,1,0,0,0
13558,,224,1,0,1,1,0,1,0,0,0,0,0,0.000168
32831,,224,1,0,1,1,0,1,0,0,0,0,0,0.000168
13561,,16,0,2,2,0,2,2,8,0.233319,0.241433,0,0,0
13562,,53,0,1,1,0,1,1,9,0.220297,0.227161,0,0,0
13567,,7,0,2,2,0,2,2,8,0.248696,0.258487,0,0,0
16800,,2,1,0,1,1,0,1,0,0,0,0,0,0.000179
18879,,12,1,0,1,1,0,1,0,0,0,0,0,0.000466
13571,,65,0,1,1,0,1,1,8,0.236841,0.24458,0,0,0
13573,,22,0,2,2,0,2,2,9,0.213666,0.22016,0,1,0
13579,,225,0,2,2,0,2,2,2,0.75,0.833333,0,0.5,0
13582,,7,0,1,1,0,1,1,9,0.216499,0.222589,0,0,0
13583,,7,0,1,1,0,1,1,8,0.234397,0.241643,0,0,0
13584,,7,0,1,1,0,1,1,8,0.234397,0.241643,0,0,0
13586,,65,0,1,1,0,1,1,10,0.172726,0.175872,0,0,0
13770,,7,1,0,1,1,0,1,0,0,0,0,0,0.00111
21559,,7,1,0,1,1,0,1,0,0,0,0,0,0.00111
22511,,7,1,0,1,1,0,1,0,0,0,0,0,0.00111
29244,,7,1,0,1,1,0,1,0,0,0,0,0,0.00111
26779,,7,1,3,4,1,3,4,8,0.27704,0.290079,0,0.833333,0.00111
31140,,7,1,0,1,1,0,1,0,0,0,0,0,0.00111
32301,,7,1,0,1,1,0,1,0,0,0,0,0,0.00111
32977,,7,1,0,1,1,0,1,0,0,0,0,0,0.00111
13590,,7,0,1,1,0,1,1,9,0.210266,0.216003,0,0,0
13592,,41,0,1,1,0,1,1,11,0.147794,0.149815,0,0,0
13593,,7,0,2,2,0,2,2,8,0.248771,0.25779,0,0,0
31583,,7,1,1,2,1,1,2,7,0.293553,0.307954,2698.855714,0,0.000168
13597,,1,1,0,1,1,0,1,0,0,0,0,0,0.000178
13598,,25,0,1,1,0,1,1,8,0.226534,0.233342,0,0,0
13600,,1,0,1,1,0,1,1,9,0.209249,0.214871,0,0,0
13601,,7,0,1,1,0,1,1,8,0.24587,0.25403,0,0,0
13604,,25,0,1,1,0,1,1,9,0.225635,0.232826,0,0,0
13605,,7,0,1,1,0,1,1,8,0.23941,0.248389,0,0,0
13606,,7,0,1,1,0,1,1,9,0.211292,0.217136,0,0,0
13607,,2,0,1,1,0,1,1,8,0.235883,0.243933,0,0,0
13609,,7,0,1,1,0,1,1,8,0.262756,0.273466,0,0,0
13610,,41,0,1,1,0,1,1,8,0.257544,0.268689,0,0,0
13611,,32,0,1,1,0,1,1,1,1,1,0,0,0
13612,,41,0,1,1,0,1,1,9,0.189768,0.194199,0,0,0
13613,,41,3,5,8,3,5,8,8,0.234202,0.24281,43573.010735,0,0.000514
13614,,1,0,1,1,0,1,1,9,0.222605,0.230046,0,0,0
13615,,41,0,1,1,0,1,1,9,0.197236,0.201881,0,0,0
13617,,7,1,19,20,1,19,20,7,0.304889,0.321634,26046.499127,0.355263,0.000336
14243,,7,1,0,1,1,0,1,0,0,0,0,0,0.000175
13619,,41,0,3,3,0,3,3,8,0.240946,0.249119,0,0.333333,0
13620,,16,0,1,1,0,1,1,9,0.203855,0.209554,0,0,0
13621,,41,0,1,1,0,1,1,9,0.204987,0.210426,0,0,0
21293,,41,1,0,1,1,0,1,0,0,0,0,0,0.000178
13624,,7,0,1,1,0,1,1,9,0.201412,0.206511,0,0,0
13628,,7,0,2,2,0,2,2,8,0.262028,0.273132,0,0.5,0
13631,,16,0,2,2,0,2,2,10,0.170915,0.174129,0,0,0
25650,,16,2,0,2,2,0,2,0,0,0,0,0,0.000336
13632,,7,0,1,1,0,1,1,9,0.218107,0.224532,0,0,0
13633,,7,0,2,2,0,2,2,9,0.227352,0.234832,0,1,0
13634,,16,0,1,1,0,1,1,9,0.231783,0.240091,0,0,0
22433,,1,2,1,3,2,1,3,8,0.242384,0.250657,0,0.5,0.000357
13636,,7,0,2,2,0,2,2,9,0.228333,0.235566,0,0.5,0
13637,,226,0,1,1,0,1,1,10,0.188152,0.192417,0,0,0
13638,,226,1,1,2,1,1,2,9,0.231745,0.239907,18827,0,0.000168
13640,,41,0,2,2,0,2,2,9,0.239152,0.248044,0,1,0
13644,,16,0,1,1,0,1,1,8,0.247792,0.25846,0,0,0
13645,,7,0,1,1,0,1,1,9,0.222431,0.229647,0,0,0
13651,,16,0,1,1,0,1,1,9,0.224856,0.232784,0,0,0
13655,,7,0,1,1,0,1,1,8,0.242826,0.251829,0,0,0
13657,,65,0,1,1,0,1,1,9,0.195014,0.200132,0,0,0
13660,,7,0,1,1,0,1,1,9,0.211842,0.21746,0,0,0
13661,,56,0,1,1,0,1,1,9,0.207671,0.213066,0,0,0
14252,,7,1,2,3,1,2,3,9,0.223818,0.23043,772.421008,0.5,0.001072
27602,,7,1,3,4,1,3,4,8,0.225826,0.232737,157.146503,0.166667,0.001072
33611,,2,1,0,1,1,0,1,0,0,0,0,0,0.00018
13671,,7,1,3,4,1,3,4,9,0.226593,0.233817,150.62718,0.083333,0.000199
13672,,7,0,1,1,0,1,1,8,0.272188,0.283721,0,0,0
13674,,7,1,1,2,1,1,2,9,0.211291,0.216913,0,0,0.000357
13675,,25,0,1,1,0,1,1,8,0.226534,0.233342,0,0,0
13676,,7,0,1,1,0,1,1,8,0.255022,0.264509,0,0,0
13678,,227,0,2,2,0,2,2,8,0.248771,0.25779,0,0,0
13679,,227,1,0,1,1,0,1,0,0,0,0,0,0.000168
13681,,16,0,1,1,0,1,1,8,0.236167,0.244733,0,0,0
13683,,65,0,2,2,0,2,2,9,0.213608,0.219575,0,1,0
13684,,7,0,1,1,0,1,1,9,0.210437,0.216033,0,0,0
13685,,16,0,1,1,0,1,1,9,0.221831,0.228371,0,0,0
13686,,16,0,1,1,0,1,1,9,0.227687,0.23488,0,0,0
13688,,16,0,1,1,0,1,1,9,0.232941,0.240927,0,0,0
13690,,41,0,1,1,0,1,1,10,0.193004,0.197542,0,0,0
13692,,16,0,1,1,0,1,1,9,0.21182,0.218077,0,0,0
17639,,16,1,0,1,1,0,1,0,0,0,0,0,0.000234
29363,,7,1,1,2,1,1,2,9,0.196487,0.201026,57.712598,0,0.000234
27421,,16,2,0,2,2,0,2,0,0,0,0,0,0.000402
13695,,446,1,1,2,1,1,2,1,1,1,1,0,0.000168
13696,,446,1,0,1,1,0,1,0,0,0,0,0,0.000173
13697,,1,0,4,4,0,4,4,8,0.265715,0.277452,0,0.083333,0
33804,,1,1,0,1,1,0,1,0,0,0,0,0,0.000168
13698,,228,0,1,1,0,1,1,1,1,1,0,0,0
13699,,228,2,0,2,2,0,2,0,0,0,0,0,0.000336
13701,,7,0,1,1,0,1,1,9,0.21491,0.22074,0,0,0
13704,,41,0,1,1,0,1,1,9,0.209387,0.215068,0,0,0
14780,,16,1,0,1,1,0,1,0,0,0,0,0,0.000437
15108,,16,1,2,3,1,2,3,8,0.23252,0.239518,0,1,0.000437
13715,,16,1,1,2,1,1,2,8,0.23897,0.247046,18827,0,0.000168
13717,,16,0,1,1,0,1,1,9,0.213228,0.219825,0,0,0
13718,,41,0,2,2,0,2,2,9,0.202065,0.207125,0,0,0
13719,,67,0,1,1,0,1,1,9,0.189644,0.193772,0,0,0
13720,,67,1,3,4,1,3,4,8,0.234013,0.241958,18828,0,0.000168
21734,,67,1,2,3,1,2,3,8,0.24037,0.248442,1114.61921,0,0.000173
13722,,41,0,2,2,0,2,2,10,0.178872,0.182249,0,0,0
13728,,7,0,1,1,0,1,1,10,0.179156,0.182314,0,0,0
13731,,7,0,1,1,0,1,1,10,0.179156,0.182314,0,0,0
13732,,7,0,1,1,0,1,1,8,0.265449,0.276753,0,0,0
13737,,16,0,1,1,0,1,1,9,0.211758,0.218061,0,0,0
13738,,16,0,1,1,0,1,1,9,0.226657,0.233753,0,0,0
13743,,7,0,1,1,0,1,1,10,0.179156,0.182314,0,0,0
25067,,36,1,0,1,1,0,1,0,0,0,0,0,0.000185
33583,,36,2,1,3,2,1,3,1,1,1,0,0.5,0.000363
33584,,36,2,1,3,2,1,3,1,1,1,0,0.5,0.000363
13747,,7,0,1,1,0,1,1,8,0.238404,0.246059,0,0,0
17925,,16,1,0,1,1,0,1,0,0,0,0,0,0.000174
13751,,41,0,1,1,0,1,1,9,0.202973,0.207933,0,0,0
13753,,65,0,1,1,0,1,1,8,0.236841,0.24458,0,0,0
18793,,7,2,4,6,2,4,6,8,0.243731,0.252263,436.410972,0.1,0.000342
13755,,7,0,3,3,0,3,3,8,0.23752,0.245055,0,0.333333,0
13756,,1,0,2,2,0,2,2,9,0.206552,0.211899,0,0,0
13757,,7,0,1,1,0,1,1,9,0.232771,0.240328,0,0,0
13759,,16,0,1,1,0,1,1,8,0.236167,0.244733,0,0,0
13760,,7,0,1,1,0,1,1,8,0.272188,0.283721,0,0,0
13761,,1,1,1,2,1,1,2,10,0.173495,0.17678,0,0,0.000173
13762,,1,1,2,3,1,2,3,9,0.209911,0.215853,18827,0,0.000173
13763,,16,0,1,1,0,1,1,8,0.226935,0.234515,0,0,0
13765,,7,0,1,1,0,1,1,9,0.220127,0.227165,0,0,0
13766,,7,0,2,2,0,2,2,8,0.265472,0.276811,0,0.5,0
13771,,16,0,1,1,0,1,1,9,0.22341,0.230056,0,0,0
13773,,53,0,2,2,0,2,2,9,0.220302,0.227196,0,1,0
13775,,41,0,2,2,0,2,2,9,0.201518,0.206608,0,0,0
13778,,7,0,1,1,0,1,1,9,0.208448,0.213756,0,0,0
13782,,7,0,1,1,0,1,1,8,0.231335,0.239437,0,0,0
13784,,7,0,1,1,0,1,1,9,0.229134,0.236663,0,0,0
13785,,16,0,5,5,0,5,5,8,0.268819,0.280726,0,0.55,0
13786,,41,0,1,1,0,1,1,9,0.234736,0.243231,0,0,0
13787,,7,0,1,1,0,1,1,8,0.261475,0.272568,0,0,0
13788,,1,0,1,1,0,1,1,9,0.222605,0.230046,0,0,0
13789,,7,0,4,4,0,4,4,9,0.235558,0.243754,0,0,0
13791,,22,0,5,5,0,5,5,9,0.213681,0.220261,0,0.2,0
13792,,41,0,1,1,0,1,1,8,0.257544,0.268689,0,0,0
13796,,229,1,1,2,1,1,2,11,0.155744,0.158025,25974,0.5,0.000186
13797,,229,1,1,2,1,1,2,10,0.184471,0.188264,18825,0.5,0.000173
13798,,7,0,1,1,0,1,1,9,0.219613,0.225769,0,0,0
13800,,65,0,1,1,0,1,1,9,0.194778,0.199187,0,0,0
13803,,7,0,1,1,0,1,1,8,0.247064,0.255642,0,0,0
13807,,7,0,2,2,0,2,2,8,0.261482,0.272603,0,0,0
13809,,7,0,1,1,0,1,1,9,0.222352,0.229209,0,0,0
19603,,65,1,0,1,1,0,1,0,0,0,0,0,0.000201
13814,,2,0,1,1,0,1,1,8,0.235883,0.243933,0,0,0
13816,,7,0,1,1,0,1,1,8,0.262756,0.273466,0,0,0
13817,,7,0,1,1,0,1,1,8,0.263743,0.27463,0,0,0
13819,,230,0,1,1,0,1,1,10,0.173599,0.176592,0,0,0
13820,,230,2,1,3,2,1,3,9,0.210055,0.215398,18850.099688,0,0.000336
13822,,41,0,2,2,0,2,2,8,0.269956,0.282414,0,1,0
13823,,7,0,2,2,0,2,2,8,0.23186,0.238791,0,0,0
19616,,16,1,0,1,1,0,1,0,0,0,0,0,0.000188
13827,,7,0,2,2,0,2,2,9,0.22893,0.236292,0,0,0
22309,,16,1,2,3,1,2,3,9,0.219435,0.226093,0,1,0.000261
13829,,7,0,1,1,0,1,1,9,0.227171,0.235195,0,0,0
13832,,7,0,1,1,0,1,1,9,0.217081,0.223378,0,0,0
14075,,16,1,5,6,1,5,6,8,0.245092,0.25566,580.861613,0.3,0.00094
14306,,32,6,1,7,6,1,7,8,0.245844,0.255042,19361.160725,0.233333,0.001942
14682,,32,1,0,1,1,0,1,0,0,0,0,0,0.00094
14608,,7,8,37,45,8,37,45,7,0.306997,0.324531,139292.618369,0.115152,0.002227
14630,,32,10,18,28,10,18,28,8,0.271268,0.284305,92316.041305,0.091667,0.002769
14763,,32,1,1,2,1,1,2,8,0.245844,0.255042,0,0,0.00094
13968,,32,1,1,2,1,1,2,8,0.245844,0.255042,0,0,0.00094
14769,,32,2,0,2,2,0,2,0,0,0,0,0.5,0.00113
14777,,32,1,0,1,1,0,1,0,0,0,0,0,0.00094
14799,,32,3,8,11,3,8,11,8,0.262871,0.273962,3510.998417,0.211111,0.001388
14836,,32,1,0,1,1,0,1,0,0,0,0,0,0.00094
14948,,32,1,1,2,1,1,2,8,0.245844,0.255042,0,0,0.00094
14275,,32,2,2,4,2,2,4,8,0.251281,0.260866,232.965652,0.666667,0.001219
15016,,32,1,2,3,1,2,3,8,0.239328,0.247525,182.344236,0.333333,0.00094
14978,,32,7,1,8,7,1,8,9,0.216276,0.222189,56582.270464,0.160714,0.002046
15064,,32,1,0,1,1,0,1,0,0,0,0,0,0.00094
15078,,32,1,0,1,1,0,1,0,0,0,0,0,0.00094
15217,,32,1,0,1,1,0,1,0,0,0,0,0,0.00094
15299,,32,1,0,1,1,0,1,0,0,0,0,0,0.00094
15375,,32,2,0,2,2,0,2,0,0,0,0,1,0.001137
15621,,32,4,9,13,4,9,13,8,0.249348,0.258966,16960.384121,0.212121,0.001509
15791,,32,1,0,1,1,0,1,0,0,0,0,0,0.00094
15769,,32,3,1,4,3,1,4,10,0.177825,0.181076,0,0.5,0.001322
15825,,32,1,2,3,1,2,3,8,0.245847,0.255069,0,1,0.00094
15913,,32,2,0,2,2,0,2,0,0,0,0,1,0.001219
15942,,32,5,6,11,5,6,11,8,0.252163,0.261448,40020.166904,0.181818,0.001743
15335,,32,1,1,2,1,1,2,8,0.245844,0.255042,0,0,0.00094
16278,,32,1,2,3,1,2,3,9,0.202171,0.20714,411.232849,0.166667,0.00094
16474,,32,2,0,2,2,0,2,0,0,0,0,0,0.001113
16590,,32,3,3,6,3,3,6,8,0.246549,0.255994,18859.156428,0.25,0.001387
17375,,32,4,1,5,4,1,5,8,0.245844,0.255042,0,0.666667,0.001638
17708,,32,7,5,12,7,5,12,8,0.246365,0.255822,65217.30578,0.155556,0.002022
17707,,32,1,3,4,1,3,4,9,0.197684,0.202485,0,0.5,0.00094
16747,,32,4,3,7,4,3,7,8,0.245854,0.255104,12679.112346,0.3,0.001597
17909,,32,1,0,1,1,0,1,0,0,0,0,0,0.00094
17704,,32,5,1,6,5,1,6,8,0.245844,0.255042,6644.127885,0.3,0.001818
18516,,32,1,2,3,1,2,3,8,0.267929,0.278846,0,0.5,0.00094
18715,,32,3,0,3,3,0,3,0,0,0,0,0.5,0.001299
18786,,32,2,0,2,2,0,2,0,0,0,0,0.5,0.00113
18980,,32,4,2,6,4,2,6,8,0.245995,0.255296,4.163897,0.833333,0.001657
14631,,32,4,1,5,4,1,5,8,0.245844,0.255042,0,0.75,0.001636
18198,,32,2,1,3,2,1,3,8,0.245844,0.255042,8667.457011,0,0.001108
18427,,32,2,5,7,2,5,7,8,0.24807,0.257139,10157.542989,0.3,0.001108
19292,,32,1,0,1,1,0,1,0,0,0,0,0,0.00094
19682,,32,1,0,1,1,0,1,0,0,0,0,0,0.00094
19918,,32,1,1,2,1,1,2,8,0.245844,0.255042,0,0,0.00094
19124,,32,4,1,5,4,1,5,8,0.245844,0.255042,421.814938,0.5,0.001587
15374,,32,2,4,6,2,4,6,8,0.248679,0.257771,35.05972,0.583333,0.001219
21721,,32,1,0,1,1,0,1,0,0,0,0,0,0.00094
22064,,32,1,0,1,1,0,1,0,0,0,0,0,0.00094
22293,,32,4,0,4,4,0,4,0,0,0,0,0.666667,0.001608
19891,,32,1,2,3,1,2,3,8,0.247336,0.256717,87.270098,0,0.00094
23051,,32,1,0,1,1,0,1,0,0,0,0,0,0.00094
23209,,32,1,0,1,1,0,1,0,0,0,0,0,0.00094
17586,,16,1,6,7,1,6,7,9,0.247489,0.25706,520.931425,0.238095,0.00094
24140,,32,2,1,3,2,1,3,9,0.217147,0.223585,368.441309,0.333333,0.001219
33373,,32,1,0,1,1,0,1,0,0,0,0,0,0.00094
26995,,32,3,10,13,3,10,13,8,0.248161,0.257389,214572.411464,0.222222,0.001392
17319,,12,1,0,1,1,0,1,0,0,0,0,0,0.000246
18420,,12,1,0,1,1,0,1,0,0,0,0,0,0.000246
14137,,36,1,3,4,1,3,4,10,0.163297,0.166034,6274.333333,0.833333,0.000183
13840,,230,0,2,2,0,2,2,9,0.224742,0.231976,0,0,0
13844,,53,0,1,1,0,1,1,9,0.220297,0.227161,0,0,0
13845,,41,0,1,1,0,1,1,8,0.257544,0.268689,0,0,0
13847,,14,0,1,1,0,1,1,8,0.25615,0.266929,0,0,0
13849,,16,0,4,4,0,4,4,8,0.268084,0.28073,0,0.583333,0
13850,,7,0,3,3,0,3,3,7,0.297256,0.312085,0,0.333333,0
13851,,16,0,2,2,0,2,2,9,0.238039,0.246484,0,0.5,0
13852,,7,0,1,1,0,1,1,9,0.205742,0.211127,0,0,0
13854,,7,0,1,1,0,1,1,9,0.222352,0.229209,0,0,0
13855,,7,0,1,1,0,1,1,9,0.234953,0.24388,0,0,0
13856,,41,0,1,1,0,1,1,8,0.257544,0.268689,0,0,0
13857,,7,0,1,1,0,1,1,9,0.207609,0.212853,0,0,0
13858,,7,0,1,1,0,1,1,8,0.262756,0.273466,0,0,0
13860,,7,0,3,3,0,3,3,8,0.241251,0.250801,0,0,0
13862,,7,0,1,1,0,1,1,9,0.238286,0.246733,0,0,0
13864,,16,0,1,1,0,1,1,9,0.219196,0.225231,0,0,0
13865,,16,0,1,1,0,1,1,8,0.240389,0.248209,0,0,0
13869,,7,0,2,2,0,2,2,8,0.240131,0.247912,0,0,0
13870,,41,0,1,1,0,1,1,8,0.226676,0.234633,0,0,0
13872,,16,1,2,3,1,2,3,8,0.240339,0.248404,11704.473352,0,0.000174
13873,,12,4,5,9,4,5,9,9,0.215564,0.222179,37943.100948,0.107143,0.000682
22180,,12,1,1,2,1,1,2,10,0.177338,0.180913,0,0,0.000187
13875,,41,0,1,1,0,1,1,8,0.231378,0.23929,0,0,0
13876,,7,0,1,1,0,1,1,8,0.261475,0.272568,0,0,0
13877,,7,0,1,1,0,1,1,1,1,1,0,0,0
19370,,67,1,1,2,1,1,2,9,0.218328,0.225051,0,0,0.000417
19655,,67,1,1,2,1,1,2,9,0.218328,0.225051,0,0,0.000417
21794,,67,1,1,2,1,1,2,10,0.179208,0.182849,370.339932,0.5,0.000417
20777,,67,1,1,2,1,1,2,10,0.179213,0.182872,0,1,0.000417
22022,,67,1,0,1,1,0,1,0,0,0,0,0,0.000417
22023,,67,1,0,1,1,0,1,0,0,0,0,0,0.000417
22519,,67,1,0,1,1,0,1,0,0,0,0,0,0.000417
22520,,67,1,0,1,1,0,1,0,0,0,0,0,0.000417
23936,,67,1,0,1,1,0,1,0,0,0,0,0,0.000417
19309,,67,2,1,3,2,1,3,9,0.218328,0.225051,37652,0,0.00059
15838,,67,1,3,4,1,3,4,8,0.223221,0.230409,0,0.666667,0.000417
19424,,67,1,1,2,1,1,2,9,0.218328,0.225051,0,0,0.000417
21338,,67,1,1,2,1,1,2,9,0.218328,0.225051,0,0,0.000417
26820,,67,1,0,1,1,0,1,0,0,0,0,0,0.000417
30689,,67,1,0,1,1,0,1,0,0,0,0,0,0.000417
22138,,67,10,10,20,10,10,20,9,0.219213,0.226372,460434.764195,0.014706,0.001951
13879,,231,0,2,2,0,2,2,8,0.262766,0.273505,0,0,0
13880,,231,1,0,1,1,0,1,0,0,0,0,0,0.000168
13886,,7,0,1,1,0,1,1,10,0.179156,0.182314,0,0,0
13889,,1,0,1,1,0,1,1,9,0.222605,0.230046,0,0,0
13890,,1,0,1,1,0,1,1,9,0.222605,0.230046,0,0,0
13893,,7,0,1,1,0,1,1,1,1,1,0,0,0
13895,,36,0,1,1,0,1,1,9,0.216243,0.22247,0,0,0
13898,,7,0,1,1,0,1,1,9,0.226164,0.233246,0,0,0
13899,,7,0,1,1,0,1,1,8,0.261475,0.272568,0,0,0
13901,,65,0,1,1,0,1,1,9,0.213606,0.219549,0,0,0
13903,,53,0,2,2,0,2,2,9,0.217414,0.223949,0,1,0
13905,,1,0,1,1,0,1,1,9,0.192582,0.196913,0,0,0
13907,,7,0,3,3,0,3,3,9,0.231226,0.238699,0,0,0
33328,,7,1,1,2,1,1,2,9,0.232872,0.240708,304.714581,0,0.000168
13909,,7,0,1,1,0,1,1,10,0.178867,0.182209,0,0,0
13910,,65,0,1,1,0,1,1,9,0.195014,0.200132,0,0,0
13913,,65,0,1,1,0,1,1,8,0.234438,0.242011,0,0,0
13914,,41,0,1,1,0,1,1,8,0.257544,0.268689,0,0,0
13915,,16,0,2,2,0,2,2,8,0.23452,0.242376,0,0,0
13916,,7,0,1,1,0,1,1,9,0.219593,0.226428,0,0,0
13925,,41,0,2,2,0,2,2,9,0.235538,0.243473,0,0,0
13928,,16,0,2,2,0,2,2,8,0.24458,0.253093,0,0,0
13929,,65,0,2,2,0,2,2,8,0.255209,0.264639,0,0,0
13930,,7,0,1,1,0,1,1,8,0.262756,0.273466,0,0,0
13932,,36,0,3,3,0,3,3,9,0.220191,0.227183,0,0.5,0
17751,,36,2,4,6,2,4,6,9,0.23219,0.239843,961.230976,0.15,0.000367
13934,,7,0,1,1,0,1,1,9,0.217086,0.223212,0,0,0
13935,,16,0,3,3,0,3,3,8,0.244351,0.253611,0,0.666667,0
13936,,1,0,1,1,0,1,1,9,0.195105,0.199328,0,0,0
13937,,41,2,1,3,2,1,3,8,0.234937,0.243146,98.148242,0.333333,0.000384
13938,,16,0,1,1,0,1,1,8,0.237376,0.246856,0,0,0
13939,,16,0,1,1,0,1,1,8,0.232418,0.240737,0,0,0
13940,,7,0,1,1,0,1,1,8,0.237667,0.245207,0,0,0
13941,,16,0,1,1,0,1,1,9,0.222271,0.229017,0,0,0
13943,,53,0,1,1,0,1,1,9,0.211887,0.217855,0,0,0
13944,,36,0,2,2,0,2,2,8,0.224131,0.230898,0,0,0
13945,,22,0,1,1,0,1,1,9,0.21286,0.218905,0,0,0
22489,,7,1,0,1,1,0,1,0,0,0,0,0,0.000516
26471,,7,1,0,1,1,0,1,0,0,0,0,0,0.000516
29524,,7,1,0,1,1,0,1,0,0,0,0,0,0.000516
28912,,2,1,3,4,1,3,4,8,0.233004,0.24107,603.613202,0.583333,0.000516
30078,,7,2,0,2,2,0,2,0,0,0,0,0.5,0.000805
30709,,7,1,0,1,1,0,1,0,0,0,0,0,0.000516
33279,,7,2,0,2,2,0,2,0,0,0,0,0.5,0.000805
13948,,1,0,1,1,0,1,1,9,0.223974,0.230994,0,0,0
14487,,65,1,0,1,1,0,1,0,0,0,0,0,0.000198
13952,,65,1,1,2,1,1,2,8,0.234434,0.242006,0,1,0.000182
13960,,32,0,1,1,0,1,1,8,0.245851,0.255055,0,0,0
13962,,16,1,5,6,1,5,6,8,0.250813,0.260855,2546.502127,0.166667,0.000168
13963,,7,0,1,1,0,1,1,8,0.263743,0.27463,0,0,0
13964,,41,0,1,1,0,1,1,9,0.195066,0.199384,0,0,0
14174,,36,1,0,1,1,0,1,0,0,0,0,0,0.000174
15655,,36,1,0,1,1,0,1,0,0,0,0,0,0.000174
16672,,36,1,0,1,1,0,1,0,0,0,0,0,0.000174
16787,,36,1,0,1,1,0,1,0,0,0,0,0,0.000174
13967,,7,0,1,1,0,1,1,8,0.229363,0.236176,0,0,0
13970,,7,0,1,1,0,1,1,10,0.179156,0.182314,0,0,0
13972,,16,0,1,1,0,1,1,8,0.230667,0.237711,0,0,0
13974,,16,0,1,1,0,1,1,8,0.244433,0.254493,0,0,0
13975,,16,3,3,6,3,3,6,9,0.227622,0.235226,37805.768008,0,0.000509
14783,,16,1,2,3,1,2,3,9,0.229378,0.237278,959.178988,0,0.000182
13976,,7,0,5,5,0,5,5,8,0.248011,0.257938,0,0.2,0
13977,,16,0,1,1,0,1,1,9,0.21914,0.22575,0,0,0
13979,,7,0,1,1,0,1,1,8,0.261475,0.272568,0,0,0
13981,,32,0,1,1,0,1,1,8,0.245851,0.255055,0,0,0
13984,,67,1,4,5,1,4,5,9,0.230505,0.238415,51960.578451,0.05,0.000253
29381,,67,1,0,1,1,0,1,0,0,0,0,0,0.000174
13985,,220,0,1,1,0,1,1,11,0.147751,0.149617,0,0,0
13986,,16,0,3,3,0,3,3,9,0.232327,0.239481,0,0,0
13987,,16,1,0,1,1,0,1,0,0,0,0,0,0.000168
34190,,7,1,0,1,1,0,1,0,0,0,0,0,0.00022
13990,,41,0,1,1,0,1,1,9,0.221424,0.228568,0,0,0
13994,,16,0,1,1,0,1,1,8,0.240389,0.248209,0,0,0
13995,,7,0,1,1,0,1,1,9,0.209259,0.214889,0,0,0
22478,,7,1,0,1,1,0,1,0,0,0,0,0,0.000363
30784,,7,1,1,2,1,1,2,9,0.214105,0.219961,0,0,0.000363
14001,,16,1,0,1,1,0,1,0,0,0,0,0,0.000199
14002,,7,0,2,2,0,2,2,9,0.220909,0.227381,0,0,0
14003,,7,0,3,3,0,3,3,1,1,1,0,0,0
14163,,7,1,0,1,1,0,1,0,0,0,0,0,0.000168
14004,,16,0,1,1,0,1,1,1,1,1,0,0,0
14005,,7,0,1,1,0,1,1,9,0.232872,0.240708,0,0,0
14006,,16,0,1,1,0,1,1,9,0.201777,0.206878,0,0,0
14014,,65,0,1,1,0,1,1,9,0.190665,0.194408,0,0,0
14015,,41,0,1,1,0,1,1,9,0.217121,0.223495,0,0,0
14017,,1,0,1,1,0,1,1,9,0.223974,0.230994,0,0,0
14018,,1,0,1,1,0,1,1,9,0.223974,0.230994,0,0,0
25442,,16,4,2,6,4,2,6,8,0.238379,0.246556,56607.302459,0,0.000679
14025,,7,0,1,1,0,1,1,9,0.218588,0.22524,0,0,0
14027,,7,1,5,6,1,5,6,8,0.27034,0.282066,18827,0.066667,0.000168
14029,,16,0,2,2,0,2,2,9,0.203335,0.208294,0,0,0
14030,,7,2,8,10,2,8,10,8,0.277698,0.291161,45974.927355,0.333333,0.000494
19937,,7,1,1,2,1,1,2,9,0.217345,0.22355,0,0,0.000179
14034,,7,0,1,1,0,1,1,8,0.261475,0.272568,0,0,0
14036,,16,0,1,1,0,1,1,9,0.216719,0.222904,0,0,0
14038,,7,0,1,1,0,1,1,9,0.230193,0.238549,0,0,0
14040,,53,0,1,1,0,1,1,10,0.180702,0.184462,0,0,0
19643,,7,1,0,1,1,0,1,0,0,0,0,0,0.000287
14045,,32,1,0,1,1,0,1,0,0,0,0,0,0.000199
29481,,16,1,1,2,1,1,2,9,0.209522,0.215131,54.670167,0,0.000199
14047,,16,0,1,1,0,1,1,8,0.232418,0.240737,0,0,0
14048,,7,0,1,1,0,1,1,8,0.261475,0.272568,0,0,0
14050,,7,0,1,1,0,1,1,8,0.248387,0.257168,0,0,0
14051,,7,0,1,1,0,1,1,1,1,1,0,0,0
14052,,36,0,2,2,0,2,2,9,0.194201,0.198587,0,0,0
14053,,7,0,1,1,0,1,1,10,0.190547,0.19509,0,0,0
14055,,65,0,5,5,0,5,5,7,0.297797,0.312768,0,0.4,0
30752,,65,3,2,5,3,2,5,10,0.19327,0.197411,18826.5,0.25,0.000515
14061,,1,0,1,1,0,1,1,1,1,1,0,0,0
14063,,16,0,1,1,0,1,1,8,0.23483,0.24222,0,0,0
27193,,16,1,0,1,1,0,1,0,0,0,0,0,0.000222
28226,,16,1,0,1,1,0,1,0,0,0,0,0,0.000222
29951,,16,1,0,1,1,0,1,0,0,0,0,0,0.000222
14067,,16,0,1,1,0,1,1,11,0.151357,0.153342,0,0,0
14068,,16,1,1,2,1,1,2,10,0.178343,0.181569,18828,0,0.000168
31652,,16,1,1,2,1,1,2,9,0.217041,0.222899,37654,0,0.000173
14077,,22,3,1,4,3,1,4,10,0.178255,0.181534,111.550243,0.166667,0.000526
17181,,25,4,9,13,4,9,13,9,0.225666,0.233073,2.224405,0.645455,0.00091
17078,,25,9,15,24,9,15,24,9,0.225688,0.23325,320.863195,0.458333,0.002055
14081,,16,0,1,1,0,1,1,8,0.23949,0.247366,0,0,0
14084,,22,0,4,4,0,4,4,9,0.214116,0.220157,0,0.416667,0
14086,,7,0,1,1,0,1,1,1,1,1,0,0,0
14087,,7,0,1,1,0,1,1,8,0.229192,0.23578,0,0,0
14088,,7,0,4,4,0,4,4,8,0.270018,0.282621,0,0.666667,0
14090,,7,0,1,1,0,1,1,9,0.232872,0.240708,0,0,0
14093,,16,0,1,1,0,1,1,8,0.23949,0.247366,0,0,0
14094,,7,0,1,1,0,1,1,9,0.215232,0.221161,0,0,0
14095,,1,0,1,1,0,1,1,8,0.242388,0.250662,0,0,0
14098,,1,0,1,1,0,1,1,1,1,1,0,0,0
14103,,7,0,1,1,0,1,1,9,0.200066,0.204368,0,0,0
14108,,7,0,1,1,0,1,1,8,0.229743,0.236549,0,0,0
14109,,67,0,1,1,0,1,1,9,0.197371,0.20178,0,0,0
14110,,7,0,1,1,0,1,1,9,0.187759,0.191968,0,0,0
14112,,232,0,1,1,0,1,1,1,1,1,0,0,0
14113,,232,1,0,1,1,0,1,0,0,0,0,0,0.000168
14114,,16,0,1,1,0,1,1,9,0.229181,0.2372,0,0,0
14117,,16,0,1,1,0,1,1,9,0.195443,0.200038,0,0,0
14118,,12,1,2,3,1,2,3,1,1,1,25991.401354,0,0.000222
14119,,12,1,0,1,1,0,1,0,0,0,0,0,0.000173
14121,,67,1,1,2,1,1,2,2,0.6,0.666667,7.914557,0,0.000271
14122,,16,0,1,1,0,1,1,9,0.220868,0.22796,0,0,0
14124,,7,0,1,1,0,1,1,9,0.231897,0.239409,0,0,0
14126,,7,0,2,2,0,2,2,9,0.248168,0.258052,0,1,0
14130,,7,0,1,1,0,1,1,9,0.234953,0.24388,0,0,0
14132,,67,1,0,1,1,0,1,0,0,0,0,0,0.000178
25854,,67,2,0,2,2,0,2,0,0,0,0,0,0.000385
14133,,53,0,2,2,0,2,2,9,0.216928,0.223545,0,1,0
14134,,16,0,1,1,0,1,1,8,0.230667,0.237711,0,0,0
31781,,2,1,0,1,1,0,1,0,0,0,0,0,0.000173
14139,,67,1,1,2,1,1,2,1,1,1,3.808384,0,0.000181
14142,,16,0,1,1,0,1,1,8,0.221512,0.22797,0,0,0
14145,,67,0,2,2,0,2,2,9,0.18844,0.192832,0,0,0
25406,,16,1,0,1,1,0,1,0,0,0,0,0,0.001027
26239,,16,1,0,1,1,0,1,0,0,0,0,0,0.001027
26294,,16,1,1,2,1,1,2,8,0.229004,0.236289,0,0,0.001027
26433,,16,1,0,1,1,0,1,0,0,0,0,0,0.001027
27240,,16,1,1,2,1,1,2,8,0.229004,0.236289,0,0,0.001027
27261,,16,1,1,2,1,1,2,8,0.229004,0.236289,0,0,0.001027
27890,,16,1,0,1,1,0,1,0,0,0,0,0,0.001027
27897,,16,1,0,1,1,0,1,0,0,0,0,0,0.001027
24692,,16,1,1,2,1,1,2,8,0.234262,0.242056,0,1,0.001027
28152,,16,1,0,1,1,0,1,0,0,0,0,0,0.001027
28896,,16,1,0,1,1,0,1,0,0,0,0,0,0.001027
30496,,16,1,0,1,1,0,1,0,0,0,0,0,0.001027
31070,,16,1,0,1,1,0,1,0,0,0,0,0,0.001027
15066,,36,2,3,5,2,3,5,8,0.261781,0.27301,22520.995957,0.1,0.001196
34318,,16,1,0,1,1,0,1,0,0,0,0,0,0.001027
16933,,16,1,0,1,1,0,1,0,0,0,0,0,0.000218
26339,,16,1,1,2,1,1,2,10,0.17825,0.182126,0,0,0.000218
14152,,1,0,2,2,0,2,2,9,0.187834,0.192117,0,0,0
14154,,7,0,1,1,0,1,1,9,0.212987,0.218723,0,0,0
14155,,7,0,1,1,0,1,1,8,0.255022,0.264509,0,0,0
14157,,12,0,2,2,0,2,2,9,0.187475,0.191831,0,0.5,0
14162,,7,0,1,1,0,1,1,9,0.231868,0.240196,0,0,0
27185,,16,1,2,3,1,2,3,9,0.220703,0.227071,0,1,0.000807
14167,,7,1,0,1,1,0,1,0,0,0,0,0,0.000197
15928,,7,2,8,10,2,8,10,8,0.273197,0.285222,26565.103071,0.321429,0.000408
14173,,7,0,3,3,0,3,3,8,0.240327,0.248407,0,0,0
14176,,7,0,1,1,0,1,1,9,0.198455,0.203518,0,0,0
31169,,12,2,0,2,2,0,2,0,0,0,0,0,0.000356
14178,,67,0,2,2,0,2,2,9,0.227239,0.234041,0,1,0
14179,,32,1,1,2,1,1,2,8,0.245847,0.255051,0,1,0.00028
14180,,16,0,2,2,0,2,2,8,0.239496,0.247401,0,0,0
14182,,233,0,1,1,0,1,1,1,1,1,0,0,0
14183,,233,2,0,2,2,0,2,0,0,0,0,0,0.000336
14184,,7,0,4,4,0,4,4,8,0.272246,0.283879,0,0.083333,0
20859,,7,1,0,1,1,0,1,0,0,0,0,0,0.000168
14186,,16,0,3,3,0,3,3,9,0.21559,0.221954,0,0.5,0
14187,,1,0,2,2,0,2,2,9,0.209354,0.215529,0,0,0
14188,,7,0,1,1,0,1,1,9,0.226389,0.233867,0,0,0
14189,,16,0,1,1,0,1,1,8,0.236167,0.244733,0,0,0
14190,,16,0,2,2,0,2,2,8,0.255022,0.266113,0,0.5,0
14191,,7,0,1,1,0,1,1,8,0.262756,0.273466,0,0,0
14192,,7,0,1,1,0,1,1,9,0.219288,0.225682,0,0,0
14194,,41,1,2,3,1,2,3,8,0.235758,0.244242,1,0.333333,0.000184
14195,,7,0,1,1,0,1,1,8,0.230757,0.238159,0,0,0
14196,,22,0,1,1,0,1,1,10,0.17553,0.178882,0,0,0
14202,,41,0,2,2,0,2,2,9,0.234739,0.243257,0,0.5,0
14206,,12,0,1,1,0,1,1,9,0.203493,0.208445,0,0,0
14207,,36,0,1,1,0,1,1,9,0.201818,0.206641,0,0,0
14208,,36,0,1,1,0,1,1,9,0.201818,0.206641,0,0,0
14209,,7,0,1,1,0,1,1,8,0.261475,0.272568,0,0,0
14211,,36,0,2,2,0,2,2,8,0.255385,0.264962,0,0,0
14212,,7,0,1,1,0,1,1,9,0.183653,0.187066,0,0,0
14214,,7,0,1,1,0,1,1,8,0.229192,0.23578,0,0,0
14215,,7,0,1,1,0,1,1,9,0.197952,0.202767,0,0,0
14217,,36,0,1,1,0,1,1,1,1,1,0,0,0
14219,,53,2,5,7,2,5,7,8,0.242272,0.251253,18901.627016,0.142857,0.000359
14220,,36,0,2,2,0,2,2,9,0.233649,0.242045,0,0.5,0
14221,,7,0,2,2,0,2,2,9,0.222077,0.228922,0,0,0
14223,,16,0,1,1,0,1,1,9,0.191056,0.195463,0,0,0
14224,,16,1,1,2,1,1,2,8,0.236167,0.244733,18827,0,0.000168
14225,,16,0,1,1,0,1,1,8,0.236167,0.244733,0,0,0
14227,,7,0,2,2,0,2,2,8,0.262807,0.274155,0,1,0
14228,,36,0,1,1,0,1,1,8,0.225838,0.233103,0,0,0
14230,,1,0,2,2,0,2,2,9,0.194931,0.199762,0,0,0
14232,,7,0,1,1,0,1,1,10,0.175434,0.178494,0,0,0
14234,,7,0,1,1,0,1,1,9,0.229134,0.236663,0,0,0
14235,,65,0,1,1,0,1,1,9,0.217956,0.224292,0,0,0
14237,,41,0,2,2,0,2,2,8,0.257961,0.269243,0,1,0
14240,,16,0,1,1,0,1,1,8,0.232829,0.239934,0,0,0
14241,,12,0,2,2,0,2,2,8,0.257403,0.267999,0,0,0
14245,,16,0,1,1,0,1,1,8,0.234514,0.24306,0,0,0
14246,,41,0,1,1,0,1,1,8,0.257544,0.268689,0,0,0
14248,,7,0,2,2,0,2,2,8,0.263894,0.274975,0,1,0
22233,,7,2,3,5,2,3,5,8,0.271319,0.283761,13348.977124,0.3,0.000605
14254,,1,0,3,3,0,3,3,8,0.228948,0.236715,0,0.166667,0
22483,,1,1,0,1,1,0,1,0,0,0,0,0,0.000168
14255,,65,0,1,1,0,1,1,8,0.235576,0.242737,0,0,0
14256,,7,0,1,1,0,1,1,10,0.179156,0.182314,0,0,0
16654,,2,1,2,3,1,2,3,9,0.194211,0.198806,18824,0.5,0.000179
14262,,7,0,2,2,0,2,2,9,0.218256,0.224372,0,0,0
14263,,1,2,2,4,2,2,4,2,0.75,0.833333,5,0,0.000341
14264,,1,1,1,2,1,1,2,3,0.5,0.611111,0,0,0.000178
14266,,7,0,1,1,0,1,1,8,0.224961,0.231312,0,0,0
14267,,7,0,1,1,0,1,1,8,0.263621,0.273995,0,0,0
14270,,1,0,3,3,0,3,3,8,0.266023,0.277177,0,0.5,0
14274,,16,0,1,1,0,1,1,9,0.209896,0.215456,0,0,0
14276,,7,0,1,1,0,1,1,9,0.218122,0.225376,0,0,0
14279,,16,0,1,1,0,1,1,9,0.219196,0.225231,0,0,0
14280,,7,0,1,1,0,1,1,9,0.21183,0.217537,0,0,0
14283,,1,0,1,1,0,1,1,9,0.19879,0.203639,0,0,0
14286,,1,0,1,1,0,1,1,8,0.242388,0.250662,0,0,0
14289,,576,1,1,2,1,1,2,9,0.226463,0.234215,18827,0,0.000168
16020,,36,1,3,4,1,3,4,9,0.217002,0.22386,145.501477,0.166667,0.00018
14293,,7,0,1,1,0,1,1,9,0.220186,0.226735,0,0,0
14295,,41,1,1,2,1,1,2,9,0.202054,0.207081,18827,0,0.000168
14298,,65,0,1,1,0,1,1,8,0.234438,0.242011,0,0,0
14299,,41,0,1,1,0,1,1,8,0.257544,0.268689,0,0,0
14300,,16,0,1,1,0,1,1,9,0.220464,0.227385,0,0,0
14301,,16,0,1,1,0,1,1,9,0.220464,0.227385,0,0,0
14302,,7,0,2,2,0,2,2,8,0.231253,0.238996,0,0.5,0
25508,,1,1,0,1,1,0,1,0,0,0,0,0,0.000202
14310,,7,0,4,4,0,4,4,8,0.254774,0.265488,0,0.25,0
14312,,16,0,1,1,0,1,1,8,0.236167,0.244733,0,0,0
14313,,41,0,1,1,0,1,1,8,0.257544,0.268689,0,0,0
14314,,39,0,1,1,0,1,1,10,0.177962,0.181938,0,0,0
14315,,7,0,1,1,0,1,1,9,0.225592,0.232933,0,0,0
14317,,7,0,1,1,0,1,1,9,0.220501,0.227103,0,0,0
14319,,234,0,1,1,0,1,1,1,1,1,0,0,0
14320,,234,1,0,1,1,0,1,0,0,0,0,0,0.000168
14321,,7,0,2,2,0,2,2,9,0.19796,0.202809,0,0.5,0
18471,,7,1,1,2,1,1,2,9,0.197952,0.202767,0,0.5,0.000168
14323,,16,0,1,1,0,1,1,8,0.232418,0.240737,0,0,0
14324,,25,0,1,1,0,1,1,8,0.226534,0.233342,0,0,0
14328,,7,0,1,1,0,1,1,9,0.211801,0.217413,0,0,0
14330,,7,0,5,5,0,5,5,8,0.244665,0.252892,0,0.05,0
19624,,32,1,0,1,1,0,1,0,0,0,0,0,0.000279
19942,,32,1,0,1,1,0,1,0,0,0,0,0,0.000279
20606,,32,1,0,1,1,0,1,0,0,0,0,0,0.000279
14600,,32,4,16,20,4,16,20,8,0.2705,0.282747,83630.699373,0.105263,0.000929
22976,,16,1,2,3,1,2,3,9,0.227309,0.235051,240.254842,0,0.000279
21392,,32,3,1,4,3,1,4,9,0.209394,0.215103,18832.776372,0.166667,0.000645
29624,,36,1,0,1,1,0,1,0,0,0,0,0,0.000208
14340,,41,0,1,1,0,1,1,9,0.234736,0.243231,0,0,0
14341,,235,0,1,1,0,1,1,10,0.173055,0.17621,0,0,0
14342,,235,1,1,2,1,1,2,9,0.209259,0.214889,18827,0,0.000168
14344,,7,0,1,1,0,1,1,9,0.224027,0.230383,0,0,0
14346,,7,0,1,1,0,1,1,8,0.235656,0.242713,0,0,0
22354,,16,1,0,1,1,0,1,0,0,0,0,0,0.000203
14349,,1,0,1,1,0,1,1,9,0.195782,0.200839,0,0,0
14351,,41,0,1,1,0,1,1,2,0.666667,0.75,0,0,0
14356,,7,0,1,1,0,1,1,9,0.203725,0.20865,0,0,0
14357,,236,0,1,1,0,1,1,1,1,1,0,0,0
14358,,236,1,0,1,1,0,1,0,0,0,0,0,0.000168
14359,,7,0,1,1,0,1,1,8,0.261475,0.272568,0,0,0
14360,,67,0,1,1,0,1,1,9,0.218335,0.225066,0,0,0
14362,,7,0,1,1,0,1,1,10,0.179156,0.182314,0,0,0
14363,,7,0,1,1,0,1,1,9,0.210292,0.215724,0,0,0
14364,,53,0,1,1,0,1,1,9,0.208139,0.213726,0,0,0
15092,,16,1,1,2,1,1,2,9,0.193454,0.197753,51950.927515,0,0.000247
14366,,41,0,1,1,0,1,1,9,0.195086,0.199858,0,0,0
16165,,7,2,3,5,2,3,5,8,0.26279,0.273567,44980.050968,0.05,0.000426
14368,,41,0,1,1,0,1,1,9,0.195086,0.199858,0,0,0
14369,,7,0,1,1,0,1,1,9,0.199945,0.204782,0,0,0
14371,,41,0,1,1,0,1,1,9,0.210713,0.216558,0,0,0
14372,,36,1,4,5,1,4,5,9,0.224906,0.232111,18828,0,0.000168
14373,,36,1,0,1,1,0,1,0,0,0,0,0,0.000173
14374,,7,0,2,2,0,2,2,8,0.26422,0.275461,0,0,0
14375,,14,0,2,2,0,2,2,9,0.225738,0.233429,0,1,0
14377,,1,0,2,2,0,2,2,8,0.238241,0.246415,0,0,0
14379,,7,0,1,1,0,1,1,9,0.234601,0.242743,0,0,0
14380,,7,0,1,1,0,1,1,9,0.193115,0.197265,0,0,0
14382,,7,0,1,1,0,1,1,9,0.210437,0.216033,0,0,0
14383,,237,0,1,1,0,1,1,1,1,1,0,0,0
14384,,7,0,1,1,0,1,1,9,0.208704,0.214219,0,0,0
14385,,41,0,1,1,0,1,1,8,0.257544,0.268689,0,0,0
14386,,7,1,18,19,1,18,19,8,0.290964,0.305861,5885.902605,0.175439,0.000168
18566,,16,2,6,8,2,6,8,8,0.247424,0.257549,3066.634638,0.107143,0.000341
14388,,81,0,3,3,0,3,3,9,0.200287,0.205045,0,0,0
14389,,7,0,1,1,0,1,1,8,0.229128,0.236488,0,0,0
14391,,16,1,0,1,1,0,1,0,0,0,0,0,0.000178
14393,,16,0,1,1,0,1,1,8,0.232524,0.239505,0,0,0
15779,,81,2,2,4,2,2,4,8,0.234154,0.241041,37088.804246,0.166667,0.000367
25105,,81,1,0,1,1,0,1,0,0,0,0,0,0.000199
14812,,7,1,1,2,1,1,2,8,0.235102,0.24328,0,1,0.000184
14399,,7,1,0,1,1,0,1,0,0,0,0,0,0.000182
14401,,16,1,2,3,1,2,3,9,0.21559,0.221944,37651.677778,0,0.000178
14403,,16,0,1,1,0,1,1,9,0.219952,0.2264,0,0,0
14404,,16,0,1,1,0,1,1,9,0.219952,0.2264,0,0,0
14405,,32,1,4,5,1,4,5,8,0.23573,0.244053,18828,0.25,0.000168
28299,,32,1,0,1,1,0,1,0,0,0,0,0,0.000173
14406,,1,0,2,2,0,2,2,8,0.243098,0.251784,0,0,0
14408,,7,0,1,1,0,1,1,9,0.188223,0.191808,0,0,0
22605,,16,1,1,2,1,1,2,9,0.220264,0.226494,0,1,0.000185
14415,,2,1,0,1,1,0,1,0,0,0,0,0,0.000176
14416,,7,0,1,1,0,1,1,8,0.242744,0.250975,0,0,0
14418,,16,0,1,1,0,1,1,8,0.226935,0.234515,0,0,0
18238,,36,1,0,1,1,0,1,0,0,0,0,0,0.000192
14422,,7,0,2,2,0,2,2,9,0.210322,0.216289,0,0.5,0
14423,,7,0,4,4,0,4,4,8,0.269546,0.281181,0,0.333333,0
14425,,69,1,0,1,1,0,1,0,0,0,0,0,0.000192
26715,,69,2,0,2,2,0,2,0,0,0,0,0,0.000392
14428,,53,1,2,3,1,2,3,8,0.236277,0.244256,18827,0,0.000168
14429,,238,0,10,10,0,10,10,10,0.192661,0.197772,0,0,0
14430,,238,1,0,1,1,0,1,0,0,0,0,0,0.000168
14431,,238,1,0,1,1,0,1,0,0,0,0,0,0.000168
14433,,238,1,0,1,1,0,1,0,0,0,0,0,0.000168
14434,,238,1,0,1,1,0,1,0,0,0,0,0,0.000168
14435,,238,1,0,1,1,0,1,0,0,0,0,0,0.000168
14436,,238,1,0,1,1,0,1,0,0,0,0,0,0.000168
14437,,36,0,1,1,0,1,1,9,0.215518,0.221826,0,0,0
14439,,36,0,2,2,0,2,2,9,0.200115,0.205103,0,1,0
14440,,16,0,1,1,0,1,1,9,0.23129,0.238425,0,0,0
14443,,7,0,1,1,0,1,1,8,0.244345,0.253397,0,0,0
14444,,7,0,1,1,0,1,1,8,0.251523,0.26155,0,0,0
14446,,16,0,2,2,0,2,2,9,0.226063,0.232827,0,0,0
14447,,32,0,1,1,0,1,1,8,0.245851,0.255055,0,0,0
14449,,16,0,1,1,0,1,1,9,0.224454,0.231835,0,0,0
14450,,65,0,1,1,0,1,1,8,0.234438,0.242011,0,0,0
14453,,69,0,4,4,0,4,4,9,0.227748,0.235019,0,0,0
14456,,14,0,2,2,0,2,2,9,0.208538,0.214078,0,0.5,0
14457,,7,0,1,1,0,1,1,9,0.218125,0.224182,0,0,0
14458,,41,0,2,2,0,2,2,8,0.26276,0.273493,0,0.5,0
14467,,7,0,2,2,0,2,2,8,0.229463,0.236997,0,1,0
27831,,67,5,1,6,5,1,6,9,0.216103,0.222458,94130,0.066667,0.000887
29974,,16,1,0,1,1,0,1,0,0,0,0,0,0.000205
14472,,41,0,1,1,0,1,1,8,0.257544,0.268689,0,0,0
14473,,16,0,1,1,0,1,1,9,0.212123,0.218423,0,0,0
14474,,32,0,1,1,0,1,1,8,0.245851,0.255055,0,0,0
17022,,16,1,0,1,1,0,1,0,0,0,0,0,0.000471
19721,,16,1,0,1,1,0,1,0,0,0,0,0,0.000471
22404,,2,2,3,5,2,3,5,9,0.210553,0.216308,2064.616255,0.666667,0.000657
14477,,16,0,1,1,0,1,1,8,0.246659,0.25616,0,0,0
14478,,16,0,1,1,0,1,1,9,0.219952,0.2264,0,0,0
14485,,7,0,1,1,0,1,1,1,1,1,0,0,0
14489,,239,0,1,1,0,1,1,1,1,1,0,0,0
14490,,239,1,0,1,1,0,1,0,0,0,0,0,0.000168
20752,,7,1,0,1,1,0,1,0,0,0,0,0,0.000544
20753,,7,1,0,1,1,0,1,0,0,0,0,0,0.000544
21528,,7,2,12,14,2,12,14,8,0.261996,0.273133,3977.540034,0.242424,0.000815
22106,,7,2,4,6,2,4,6,8,0.241967,0.250422,50.031909,0.633333,0.000968
20874,,12,1,2,3,1,2,3,9,0.215415,0.221675,65.98211,0.166667,0.000544
28024,,7,1,0,1,1,0,1,0,0,0,0,0,0.000544
28212,,7,1,0,1,1,0,1,0,0,0,0,0,0.000544
28690,,7,2,10,12,2,10,12,8,0.27928,0.292895,619.759487,0.281818,0.001199
31163,,7,1,0,1,1,0,1,0,0,0,0,0,0.000544
33026,,7,1,0,1,1,0,1,0,0,0,0,0,0.000544
33746,,7,1,2,3,1,2,3,8,0.257721,0.267987,2305.250658,0.166667,0.000544
33620,,7,1,1,2,1,1,2,9,0.2293,0.236718,0,1,0.000544
14492,,41,0,1,1,0,1,1,8,0.257544,0.268689,0,0,0
14495,,16,0,1,1,0,1,1,9,0.219278,0.22586,0,0,0
14497,,16,0,3,3,0,3,3,9,0.253126,0.263458,0,0.166667,0
14499,,240,0,1,1,0,1,1,1,1,1,0,0,0
14500,,240,1,0,1,1,0,1,0,0,0,0,0,0.000168
14502,,7,0,1,1,0,1,1,8,0.261475,0.272568,0,0,0
14505,,7,0,1,1,0,1,1,10,0.166718,0.169204,0,0,0
14506,,7,0,2,2,0,2,2,8,0.262767,0.27351,0,0.5,0
14507,,22,0,1,1,0,1,1,9,0.21286,0.218905,0,0,0
14508,,53,1,2,3,1,2,3,9,0.22078,0.227746,18827,0.333333,0.000168
14512,,22,0,1,1,0,1,1,9,0.21286,0.218905,0,0,0
14514,,16,0,1,1,0,1,1,9,0.219952,0.2264,0,0,0
14516,,663,1,1,2,1,1,2,8,0.261475,0.272568,18827,0,0.000168
14517,,22,0,1,1,0,1,1,9,0.21286,0.218905,0,0,0
14518,,16,0,1,1,0,1,1,9,0.2263,0.234284,0,0,0
21737,,32,1,0,1,1,0,1,0,0,0,0,0,0.000279
14522,,241,0,1,1,0,1,1,1,1,1,0,0,0
14523,,241,2,0,2,2,0,2,0,0,0,0,0,0.000336
14526,,7,0,1,1,0,1,1,8,0.235023,0.242331,0,0,0
14527,,7,0,1,1,0,1,1,9,0.214474,0.220598,0,0,0
28003,,65,1,1,2,1,1,2,9,0.187551,0.191641,0,0,0.000197
14533,,16,0,2,2,0,2,2,9,0.231931,0.239661,0,0,0
14535,,7,0,1,1,0,1,1,8,0.248325,0.257194,0,0,0
14537,,12,0,2,2,0,2,2,9,0.199847,0.205116,0,1,0
14538,,7,0,1,1,0,1,1,1,1,1,0,0,0
14541,,7,0,1,1,0,1,1,1,1,1,0,0,0
14542,,45,0,1,1,0,1,1,1,1,1,0,0,0
17686,,16,1,2,3,1,2,3,9,0.221856,0.228638,317.264444,0,0.000237
14545,,41,0,1,1,0,1,1,8,0.257544,0.268689,0,0,0
14546,,16,0,1,1,0,1,1,9,0.206242,0.211786,0,0,0
14547,,16,0,1,1,0,1,1,9,0.219952,0.2264,0,0,0
14548,,16,0,2,2,0,2,2,9,0.20751,0.213032,0,0,0
14549,,25,1,2,3,1,2,3,9,0.221105,0.227939,454.490157,0,0.000254
14550,,7,0,2,2,0,2,2,8,0.243189,0.251851,0,0.5,0
14551,,16,1,4,5,1,4,5,8,0.253334,0.263584,9758.780154,0.1,0.000168
14558,,242,0,1,1,0,1,1,1,1,1,0,0,0
14559,,242,1,0,1,1,0,1,0,0,0,0,0,0.000168
14561,,7,0,8,8,0,8,8,8,0.255475,0.265519,0,0.357143,0
14562,,25,0,1,1,0,1,1,9,0.225635,0.232826,0,0,0
14564,,22,0,1,1,0,1,1,10,0.175519,0.178878,0,0,0
14567,,7,0,2,2,0,2,2,8,0.26276,0.273493,0,0.5,0
14568,,7,0,1,1,0,1,1,9,0.214655,0.22045,0,0,0
14570,,243,0,2,2,0,2,2,9,0.198735,0.203043,0,0,0
26179,,243,1,0,1,1,0,1,0,0,0,0,0,0.000168
14571,,7,0,1,1,0,1,1,8,0.241251,0.248887,0,0,0
14572,,16,0,1,1,0,1,1,8,0.23897,0.247046,0,0,0
14573,,36,0,2,2,0,2,2,10,0.1633,0.166016,0,1,0
14574,,244,0,1,1,0,1,1,1,1,1,0,0,0
14575,,244,1,0,1,1,0,1,0,0,0,0,0,0.000168
14576,,41,0,4,4,0,4,4,8,0.257678,0.268932,0,0.166667,0
26847,,41,2,3,5,2,3,5,8,0.263318,0.274984,18985.565806,0.15,0.000336
24775,,67,1,0,1,1,0,1,0,0,0,0,0,0.000206
29279,,67,1,1,2,1,1,2,9,0.218331,0.22506,0,1,0.000206
29399,,67,1,0,1,1,0,1,0,0,0,0,0,0.000206
14584,,7,0,1,1,0,1,1,9,0.232771,0.240328,0,0,0
14585,,65,0,1,1,0,1,1,8,0.234438,0.242011,0,0,0
14589,,12,0,1,1,0,1,1,9,0.185524,0.189879,0,0,0
14590,,1,0,1,1,0,1,1,10,0.165378,0.168401,0,0,0
14592,,12,0,3,3,0,3,3,9,0.206009,0.211343,0,0.666667,0
14593,,1,0,1,1,0,1,1,9,0.200249,0.205725,0,0,0
14594,,16,0,1,1,0,1,1,9,0.199196,0.203985,0,0,0
24828,,7,1,0,1,1,0,1,0,0,0,0,0,0.000187
14596,,16,0,1,1,0,1,1,8,0.234266,0.242061,0,0,0
14598,,16,0,1,1,0,1,1,8,0.232829,0.239934,0,0,0
14599,,7,0,1,1,0,1,1,8,0.248761,0.257751,0,0,0
16343,,32,1,0,1,1,0,1,0,0,0,0,0,0.00019
22321,,32,1,0,1,1,0,1,0,0,0,0,0,0.00019
26696,,32,1,0,1,1,0,1,0,0,0,0,0,0.00019
14601,,7,3,3,6,3,3,6,9,0.224255,0.231274,38312.507347,0.05,0.003749
14604,,7,0,2,2,0,2,2,9,0.234307,0.242275,0,0,0
14605,,41,0,1,1,0,1,1,9,0.220464,0.227059,0,0,0
14606,,7,0,1,1,0,1,1,10,0.182053,0.185935,0,0,0
14607,,32,0,2,2,0,2,2,8,0.236907,0.244671,0,0,0
15431,,7,1,0,1,1,0,1,0,0,0,0,0,0.000216
17306,,7,1,0,1,1,0,1,0,0,0,0,0,0.000216
28413,,7,1,0,1,1,0,1,0,0,0,0,0,0.000216
14609,,16,0,1,1,0,1,1,8,0.246659,0.25616,0,0,0
14611,,41,0,2,2,0,2,2,8,0.232863,0.240311,0,0,0
14612,,1,0,1,1,0,1,1,9,0.200249,0.205725,0,0,0
14613,,16,0,1,1,0,1,1,9,0.200888,0.205871,0,0,0
14614,,16,0,2,2,0,2,2,8,0.247737,0.256921,0,0,0
14616,,25,1,6,7,1,6,7,8,0.256202,0.266711,1196.614064,0.366667,0.000191
14618,,12,0,1,1,0,1,1,9,0.185524,0.189879,0,0,0
14619,,7,0,1,1,0,1,1,10,0.175434,0.178494,0,0,0
15313,,7,1,2,3,1,2,3,10,0.178315,0.18191,297.353559,0.166667,0.000175
14622,,7,0,3,3,0,3,3,8,0.244351,0.25345,0,0.333333,0
14623,,36,0,2,2,0,2,2,9,0.218345,0.225184,0,1,0
14625,,1,0,1,1,0,1,1,3,0.5,0.583333,0,0,0
34959,,12,2,4,6,2,4,6,9,0.226377,0.233996,13861.413278,0,0.000348
14627,,16,0,1,1,0,1,1,9,0.218748,0.225076,0,0,0
14628,,16,0,2,2,0,2,2,9,0.224438,0.232214,0,0,0
14629,,7,0,2,2,0,2,2,8,0.255673,0.265625,0,0.5,0
23727,,32,1,0,1,1,0,1,0,0,0,0,0,0.000227
24808,,32,1,0,1,1,0,1,0,0,0,0,0,0.000227
14632,,245,0,1,1,0,1,1,1,1,1,0,0,0
14633,,245,2,0,2,2,0,2,0,0,0,0,0,0.000368
14634,,7,0,1,1,0,1,1,9,0.211309,0.216875,0,0,0
14637,,16,0,1,1,0,1,1,8,0.234514,0.24306,0,0,0
14638,,2,0,1,1,0,1,1,9,0.219675,0.226242,0,0,0
14641,,7,0,1,1,0,1,1,8,0.234181,0.241693,0,0,0
14642,,7,0,9,9,0,9,9,8,0.254433,0.264801,0,0.027778,0
14645,,36,0,1,1,0,1,1,10,0.176789,0.180292,0,0,0
14646,,41,0,1,1,0,1,1,9,0.234736,0.243231,0,0,0
14647,,41,0,1,1,0,1,1,9,0.234736,0.243231,0,0,0
14649,,65,0,1,1,0,1,1,10,0.163197,0.1661,0,0,0
14650,,65,1,1,2,1,1,2,9,0.195014,0.200132,18827,0,0.000168
14652,,7,0,1,1,0,1,1,9,0.226463,0.234215,0,0,0
14653,,7,0,2,2,0,2,2,9,0.208247,0.213483,0,0,0
25314,,16,1,1,2,1,1,2,9,0.226424,0.233471,0,0,0.001124
14656,,22,0,1,1,0,1,1,9,0.21286,0.218905,0,0,0
14657,,2,0,1,1,0,1,1,8,0.235883,0.243933,0,0,0
14659,,7,0,3,3,0,3,3,9,0.235614,0.243464,0,0,0
14661,,7,0,1,1,0,1,1,9,0.232872,0.240708,0,0,0
14663,,16,0,1,1,0,1,1,9,0.221836,0.22815,0,0,0
14665,,14,0,2,2,0,2,2,7,0.295312,0.310031,0,1,0
14669,,53,0,1,1,0,1,1,9,0.220297,0.227161,0,0,0
14670,,7,0,1,1,0,1,1,9,0.217772,0.224194,0,0,0
14671,,7,0,1,1,0,1,1,8,0.229128,0.236488,0,0,0
14672,,7,0,1,1,0,1,1,8,0.251452,0.260347,0,0,0
14673,,7,0,1,1,0,1,1,9,0.220858,0.227933,0,0,0
14674,,7,0,1,1,0,1,1,9,0.217772,0.224194,0,0,0
14676,,36,1,2,3,1,2,3,9,0.250709,0.261126,26942.974867,0,0.000174
14680,,12,0,4,4,0,4,4,9,0.216034,0.222468,0,0.083333,0
14681,,12,1,0,1,1,0,1,0,0,0,0,0,0.000168
14684,,14,0,1,1,0,1,1,9,0.222258,0.229364,0,0,0
14685,,41,0,1,1,0,1,1,9,0.209697,0.215059,0,0,0
14686,,65,0,1,1,0,1,1,11,0.1473,0.149265,0,0,0
14690,,6,0,2,2,0,2,2,9,0.207485,0.212602,0,0,0
14691,,6,1,0,1,1,0,1,0,0,0,0,0,0.000168
27165,,16,1,1,2,1,1,2,9,0.210248,0.215805,7.035714,0,0.000284
32751,,16,1,0,1,1,0,1,0,0,0,0,0,0.000284
14701,,16,0,1,1,0,1,1,8,0.23949,0.247366,0,0,0
14706,,7,0,9,9,0,9,9,8,0.27034,0.282513,0,0.125,0
14708,,41,0,1,1,0,1,1,8,0.257544,0.268689,0,0,0
14709,,22,0,1,1,0,1,1,9,0.21286,0.218905,0,0,0
14710,,65,0,1,1,0,1,1,9,0.213606,0.219549,0,0,0
14712,,12,0,3,3,0,3,3,8,0.250549,0.259841,0,0,0
14716,,41,0,1,1,0,1,1,8,0.257544,0.268689,0,0,0
22562,,16,1,0,1,1,0,1,0,0,0,0,0,0.000304
16176,,16,1,2,3,1,2,3,9,0.226418,0.233912,0,1,0.000304
35659,,16,1,0,1,1,0,1,0,0,0,0,0,0.000304
14719,,16,0,1,1,0,1,1,9,0.221831,0.228371,0,0,0
14721,,7,0,1,1,0,1,1,9,0.209259,0.214889,0,0,0
14724,,16,0,1,1,0,1,1,9,0.209599,0.215923,0,0,0
15094,,41,1,2,3,1,2,3,8,0.229711,0.236914,1521.019793,0,0.000181
34326,,7,1,0,1,1,0,1,0,0,0,0,0,0.000181
14727,,32,0,1,1,0,1,1,8,0.245851,0.255055,0,0,0
14728,,41,1,4,5,1,4,5,8,0.26189,0.273121,1935.410296,0.3,0.000168
14729,,41,0,5,5,0,5,5,9,0.227101,0.234436,0,0.3,0
14732,,7,0,1,1,0,1,1,8,0.228852,0.235477,0,0,0
14733,,7,0,1,1,0,1,1,8,0.228852,0.235477,0,0,0
14734,,36,0,1,1,0,1,1,10,0.178036,0.181496,0,0,0
14735,,36,1,1,2,1,1,2,9,0.216587,0.222886,18827,0,0.000168
14736,,7,0,1,1,0,1,1,8,0.265449,0.276753,0,0,0
14737,,7,0,1,1,0,1,1,9,0.218122,0.224516,0,0,0
14738,,7,0,3,3,0,3,3,8,0.275172,0.287903,0,0.666667,0
14740,,65,0,1,1,0,1,1,8,0.236841,0.24458,0,0,0
16809,,1,1,0,1,1,0,1,0,0,0,0,0,0.000173
18379,,1,1,0,1,1,0,1,0,0,0,0,0,0.000173
14744,,7,0,1,1,0,1,1,9,0.229752,0.236924,0,0,0
14745,,7,0,1,1,0,1,1,9,0.217626,0.22351,0,0,0
26515,,36,1,1,2,1,1,2,9,0.218343,0.225151,28.845991,0,0.000193
14748,,32,0,1,1,0,1,1,8,0.245851,0.255055,0,0,0
14750,,16,0,1,1,0,1,1,8,0.244433,0.254493,0,0,0
14751,,16,0,1,1,0,1,1,9,0.224454,0.231835,0,0,0
14755,,22,0,1,1,0,1,1,9,0.21286,0.218905,0,0,0
14758,,7,0,2,2,0,2,2,8,0.257143,0.267683,0,0.5,0
14759,,39,0,1,1,0,1,1,11,0.152043,0.154586,0,0,0
14760,,41,0,1,1,0,1,1,9,0.209788,0.215674,0,0,0
14762,,7,0,1,1,0,1,1,9,0.211292,0.217136,0,0,0
14765,,16,0,1,1,0,1,1,10,0.195695,0.200332,0,0,0
14767,,16,0,1,1,0,1,1,8,0.232829,0.239934,0,0,0
22681,,16,2,3,5,2,3,5,8,0.245485,0.254276,19053.496686,0.05,0.000366
14771,,16,0,1,1,0,1,1,8,0.246114,0.255055,0,0,0
14779,,7,0,2,2,0,2,2,9,0.209403,0.215104,0,0,0
14782,,16,0,1,1,0,1,1,8,0.232987,0.241273,0,0,0
14785,,7,0,1,1,0,1,1,8,0.244564,0.253553,0,0,0
14786,,25,0,1,1,0,1,1,11,0.144807,0.146536,0,0,0
14787,,16,0,1,1,0,1,1,8,0.237376,0.246856,0,0,0
14788,,65,0,1,1,0,1,1,9,0.195014,0.200132,0,0,0
14790,,7,0,10,10,0,10,10,8,0.274718,0.2877,0,0.344444,0
21224,,7,1,0,1,1,0,1,0,0,0,0,0,0.000191
14792,,67,0,3,3,0,3,3,9,0.204517,0.209713,0,0,0
14793,,16,0,1,1,0,1,1,9,0.229659,0.236946,0,0,0
14797,,16,0,3,3,0,3,3,8,0.246066,0.255418,0,0.333333,0
14798,,7,0,1,1,0,1,1,9,0.194484,0.198664,0,0,0
14800,,7,0,1,1,0,1,1,1,1,1,0,0,0
14801,,65,0,1,1,0,1,1,8,0.234438,0.242011,0,0,0
14802,,7,0,1,1,0,1,1,9,0.216779,0.223052,0,0,0
14804,,16,0,1,1,0,1,1,8,0.234601,0.241751,0,0,0
14805,,16,0,1,1,0,1,1,10,0.17064,0.173793,0,0,0
14807,,16,0,2,2,0,2,2,8,0.233204,0.241589,0,1,0
14809,,7,0,1,1,0,1,1,8,0.244345,0.253397,0,0,0
14810,,1,0,1,1,0,1,1,8,0.242388,0.250662,0,0,0
14811,,32,0,1,1,0,1,1,8,0.234493,0.242444,0,0,0
14814,,7,0,1,1,0,1,1,8,0.251523,0.26155,0,0,0
14815,,7,0,1,1,0,1,1,9,0.205479,0.211207,0,0,0
14816,,16,0,1,1,0,1,1,8,0.246659,0.25616,0,0,0
14817,,16,0,1,1,0,1,1,9,0.223681,0.230334,0,0,0
14820,,7,0,4,4,0,4,4,8,0.24405,0.252385,0,0.083333,0
14821,,7,1,0,1,1,0,1,0,0,0,0,0,0.000168
14823,,1,0,1,1,0,1,1,9,0.222605,0.230046,0,0,0
14824,,16,0,1,1,0,1,1,9,0.224454,0.231835,0,0,0
14826,,7,0,1,1,0,1,1,9,0.207296,0.21267,0,0,0
30590,,7,1,0,1,1,0,1,0,0,0,0,0,0.000281
21037,,36,2,0,2,2,0,2,0,0,0,0,0.5,0.000439
23031,,36,2,3,5,2,3,5,9,0.208559,0.21388,18855.012259,0.333333,0.00045
24611,,36,1,0,1,1,0,1,0,0,0,0,0,0.000271
27891,,36,2,1,3,2,1,3,10,0.17257,0.175538,0,1,0.00045
14829,,53,0,1,1,0,1,1,9,0.220297,0.227161,0,0,0
14833,,7,0,1,1,0,1,1,9,0.223726,0.230675,0,0,0
14837,,7,0,1,1,0,1,1,8,0.238712,0.2466,0,0,0
14838,,41,0,1,1,0,1,1,8,0.257544,0.268689,0,0,0
14840,,22,0,1,1,0,1,1,10,0.175532,0.17889,0,0,0
22912,,67,1,0,1,1,0,1,0,0,0,0,0,0.000198
33122,,67,1,2,3,1,2,3,8,0.267476,0.278321,72251.912828,0,0.000198
14845,,16,0,1,1,0,1,1,8,0.232418,0.240737,0,0,0
14847,,65,0,1,1,0,1,1,9,0.191614,0.195503,0,0,0
24946,,16,1,0,1,1,0,1,0,0,0,0,0,0.000232
14855,,12,0,2,2,0,2,2,9,0.200731,0.206234,0,0.5,0
14857,,12,0,3,3,0,3,3,9,0.217119,0.223756,0,0.666667,0
14859,,12,0,3,3,0,3,3,10,0.164908,0.168114,0,0,0
14862,,1,0,3,3,0,3,3,8,0.263285,0.274712,0,0.5,0
14863,,7,0,1,1,0,1,1,8,0.262756,0.273466,0,0,0
14864,,16,0,1,1,0,1,1,8,0.239859,0.247713,0,0,0
14865,,16,0,1,1,0,1,1,9,0.212123,0.218423,0,0,0
14866,,7,0,5,5,0,5,5,9,0.22407,0.230865,0,0,0
14867,,12,1,6,7,1,6,7,9,0.187701,0.192378,26025.0148,0.166667,0.000325
22074,,12,2,0,2,2,0,2,0,0,0,0,0,0.000343
14868,,12,0,1,1,0,1,1,1,1,1,0,0,0
14869,,41,0,1,1,0,1,1,9,0.217487,0.223937,0,0,0
14870,,12,0,2,2,0,2,2,9,0.185526,0.189906,0,0.5,0
14871,,12,0,5,5,0,5,5,9,0.189405,0.19392,0,0.25,0
14872,,7,0,1,1,0,1,1,9,0.216509,0.222584,0,0,0
14873,,36,0,2,2,0,2,2,8,0.234985,0.243694,0,1,0
14877,,16,0,3,3,0,3,3,9,0.228107,0.235691,0,0.333333,0
14878,,7,0,3,3,0,3,3,8,0.261621,0.272799,0,0.5,0
14880,,7,0,1,1,0,1,1,9,0.206028,0.211464,0,0,0
14886,,7,0,1,1,0,1,1,9,0.195684,0.200028,0,0,0
14890,,16,0,1,1,0,1,1,9,0.206296,0.211252,0,0,0
14944,,41,1,1,2,1,1,2,9,0.200993,0.206095,0,0,0.000191
14893,,53,0,3,3,0,3,3,9,0.217374,0.224072,0,0,0
14895,,7,0,1,1,0,1,1,9,0.196368,0.201154,0,0,0
14896,,41,0,1,1,0,1,1,9,0.217487,0.223937,0,0,0
14897,,12,0,4,4,0,4,4,9,0.199858,0.205191,0,0.25,0
14898,,7,0,2,2,0,2,2,9,0.200821,0.205238,0,0,0
14899,,41,0,1,1,0,1,1,9,0.218901,0.225233,0,0,0
14900,,32,0,1,1,0,1,1,9,0.19734,0.201969,0,0,0
14902,,16,0,1,1,0,1,1,8,0.236167,0.244733,0,0,0
14906,,7,0,1,1,0,1,1,9,0.20576,0.210875,0,0,0
14908,,7,0,1,1,0,1,1,9,0.223511,0.230581,0,0,0
14909,,12,0,2,2,0,2,2,8,0.22475,0.231428,0,0,0
14910,,16,0,1,1,0,1,1,9,0.215262,0.221613,0,0,0
14913,,7,0,1,1,0,1,1,9,0.227897,0.235595,0,0,0
14914,,41,0,4,4,0,4,4,8,0.26524,0.277574,0,0.333333,0
14915,,7,0,2,2,0,2,2,8,0.249302,0.258319,0,1,0
14916,,1,0,1,1,0,1,1,9,0.186809,0.190952,0,0,0
14921,,32,0,1,1,0,1,1,8,0.245851,0.255055,0,0,0
24967,,7,1,0,1,1,0,1,0,0,0,0,0,0.000178
14926,,36,0,1,1,0,1,1,9,0.186678,0.190458,0,0,0
29669,,7,1,0,1,1,0,1,0,0,0,0,0,0.000238
14929,,7,0,1,1,0,1,1,9,0.214817,0.221092,0,0,0
14931,,14,0,1,1,0,1,1,8,0.247395,0.256736,0,0,0
14933,,22,0,2,2,0,2,2,9,0.213666,0.22016,0,1,0
14934,,7,0,1,1,0,1,1,9,0.218487,0.22468,0,0,0
14935,,65,0,1,1,0,1,1,8,0.234438,0.242011,0,0,0
14942,,12,0,1,1,0,1,1,1,1,1,0,0,0
14949,,7,0,1,1,0,1,1,8,0.230108,0.238119,0,0,0
14951,,12,0,4,4,0,4,4,9,0.199941,0.205409,0,0.5,0
14952,,14,0,2,2,0,2,2,8,0.256715,0.267688,0,1,0
14953,,16,0,1,1,0,1,1,8,0.232829,0.239934,0,0,0
14954,,14,0,2,2,0,2,2,8,0.256715,0.267688,0,1,0
14955,,7,0,1,1,0,1,1,8,0.245108,0.253561,0,0,0
14956,,14,0,2,2,0,2,2,8,0.256715,0.267688,0,1,0
14957,,16,0,1,1,0,1,1,9,0.213768,0.219857,0,0,0
14959,,14,0,2,2,0,2,2,8,0.256715,0.267688,0,1,0
14960,,14,0,2,2,0,2,2,8,0.256715,0.267688,0,1,0
14962,,41,0,1,1,0,1,1,10,0.164626,0.167309,0,0,0
14963,,36,0,3,3,0,3,3,9,0.231737,0.239633,0,0,0
14967,,36,0,1,1,0,1,1,9,0.213579,0.219508,0,0,0
14973,,16,0,1,1,0,1,1,8,0.230091,0.237701,0,0,0
14974,,7,0,3,3,0,3,3,8,0.238359,0.247464,0,0.5,0
14976,,7,0,2,2,0,2,2,9,0.199084,0.20379,0,0,0
19071,,16,1,1,2,1,1,2,9,0.219948,0.226394,0,1,0.00018
29319,,16,1,0,1,1,0,1,0,0,0,0,0,0.00018
14981,,7,0,2,2,0,2,2,8,0.26276,0.273493,0,0.5,0
14982,,1,0,1,1,0,1,1,10,0.166844,0.16995,0,0,0
14983,,1,0,2,2,0,2,2,8,0.264736,0.276019,0,1,0
14986,,16,0,1,1,0,1,1,9,0.229181,0.2372,0,0,0
14987,,7,0,1,1,0,1,1,8,0.251452,0.260347,0,0,0
14989,,16,0,1,1,0,1,1,8,0.251382,0.261452,0,0,0
14992,,7,0,1,1,0,1,1,9,0.201518,0.206466,0,0,0
14997,,16,0,1,1,0,1,1,9,0.224454,0.231835,0,0,0
14999,,41,0,1,1,0,1,1,8,0.257544,0.268689,0,0,0
15000,,32,0,1,1,0,1,1,8,0.245851,0.255055,0,0,0
15002,,41,0,1,1,0,1,1,8,0.257544,0.268689,0,0,0
15003,,7,0,1,1,0,1,1,8,0.231137,0.237861,0,0,0
15004,,7,0,1,1,0,1,1,9,0.21183,0.217537,0,0,0
15005,,7,0,2,2,0,2,2,8,0.263245,0.273615,0,0,0
15008,,32,0,2,2,0,2,2,10,0.177834,0.181121,0,0,0
15009,,32,1,0,1,1,0,1,0,0,0,0,0,0.000168
15010,,7,0,1,1,0,1,1,9,0.210191,0.215595,0,0,0
15011,,7,0,1,1,0,1,1,9,0.217276,0.223895,0,0,0
15013,,16,0,3,3,0,3,3,8,0.257816,0.268855,0,0.333333,0
15017,,2,0,1,1,0,1,1,9,0.213451,0.219373,0,0,0
15019,,7,0,1,1,0,1,1,8,0.251523,0.26155,0,0,0
15021,,16,0,2,2,0,2,2,8,0.255292,0.266011,0,0.5,0
15023,,16,0,1,1,0,1,1,9,0.199527,0.204729,0,0,0
23820,,16,1,1,2,1,1,2,1,1,1,25976,0,0.000199
15027,,7,0,18,18,0,18,18,7,0.278317,0.292514,0,0.277778,0
15029,,7,0,1,1,0,1,1,9,0.215387,0.221856,0,0,0
15033,,7,0,1,1,0,1,1,9,0.224741,0.232186,0,0,0
15035,,7,0,3,3,0,3,3,8,0.255909,0.265507,0,0.333333,0
15036,,14,0,2,2,0,2,2,8,0.256715,0.267688,0,1,0
15037,,14,0,2,2,0,2,2,8,0.256715,0.267688,0,1,0
15038,,7,0,1,1,0,1,1,8,0.217234,0.223577,0,0,0
15039,,7,0,1,1,0,1,1,1,1,1,0,0,0
15040,,7,0,4,4,0,4,4,8,0.263024,0.273925,0,0.416667,0
15041,,16,0,1,1,0,1,1,9,0.224454,0.231835,0,0,0
15043,,65,0,2,2,0,2,2,9,0.189945,0.193937,0,0,0
15046,,41,0,2,2,0,2,2,8,0.257554,0.268727,0,0,0
27342,,41,1,0,1,1,0,1,0,0,0,0,0,0.000168
15048,,41,0,1,1,0,1,1,11,0.160269,0.162784,0,0,0
15049,,36,0,1,1,0,1,1,9,0.215151,0.221458,0,0,0
15051,,7,0,1,1,0,1,1,8,0.262756,0.273466,0,0,0
15052,,22,0,1,1,0,1,1,10,0.162858,0.165488,0,0,0
15054,,16,0,1,1,0,1,1,9,0.23666,0.245195,0,0,0
15058,,7,0,1,1,0,1,1,8,0.233287,0.240487,0,0,0
15059,,41,0,1,1,0,1,1,8,0.257544,0.268689,0,0,0
15060,,16,0,1,1,0,1,1,9,0.217802,0.223808,0,0,0
15065,,36,0,1,1,0,1,1,9,0.207478,0.212887,0,0,0
15069,,41,0,1,1,0,1,1,8,0.257544,0.268689,0,0,0
15071,,16,0,1,1,0,1,1,9,0.2263,0.234284,0,0,0
15073,,53,0,1,1,0,1,1,9,0.220297,0.227161,0,0,0
15077,,22,0,1,1,0,1,1,9,0.21286,0.218905,0,0,0
15079,,7,0,1,1,0,1,1,8,0.265449,0.276753,0,0,0
15122,,81,1,0,1,1,0,1,0,0,0,0,0,0.001499
15125,,81,3,4,7,3,4,7,8,0.234402,0.241297,12208.463917,0.233333,0.001856
15151,,81,2,5,7,2,5,7,9,0.228399,0.235737,1,0.380952,0.001719
15340,,81,1,0,1,1,0,1,0,0,0,0,0,0.001499
15344,,81,5,5,10,5,5,10,8,0.23335,0.240258,8460.685683,0.428571,0.002471
15218,,81,6,3,9,6,3,9,8,0.234154,0.24107,280.249907,0.375,0.00244
15452,,81,1,0,1,1,0,1,0,0,0,0,0,0.001499
15196,,81,2,5,7,2,5,7,8,0.233359,0.240284,24425.403353,0.366667,0.00169
15525,,81,1,0,1,1,0,1,0,0,0,0,0,0.001499
15413,,81,8,10,18,8,10,18,8,0.24084,0.248278,94901.541245,0.2625,0.002865
15407,,81,2,2,4,2,2,4,9,0.194098,0.197893,0.424242,0.75,0.00169
15104,,81,14,6,20,14,6,20,8,0.234207,0.241258,91313.727913,0.20915,0.00422
15208,,81,1,1,2,1,1,2,8,0.233295,0.24005,0,0,0.001499
16201,,81,1,0,1,1,0,1,0,0,0,0,0,0.001499
16409,,16,1,1,2,1,1,2,2,0.666667,0.75,148.851398,0,0.001499
15206,,81,14,8,22,14,8,22,8,0.240831,0.248216,63671.555605,0.169935,0.004177
16843,,81,1,0,1,1,0,1,0,0,0,0,0,0.001499
15081,,81,0,1,1,0,1,1,8,0.233302,0.240064,0,0,0
15082,,7,0,1,1,0,1,1,8,0.262756,0.273466,0,0,0
15163,,7,1,0,1,1,0,1,0,0,0,0,0,0.000173
15164,,81,1,3,4,1,3,4,8,0.233333,0.240161,1.416667,0.5,0.000173
15084,,16,0,1,1,0,1,1,8,0.232524,0.239505,0,0,0
24161,,81,2,0,2,2,0,2,0,0,0,0,0,0.000401
28359,,81,2,3,5,2,3,5,11,0.150516,0.152837,1700.526315,0.3,0.000407
15087,,7,0,2,2,0,2,2,9,0.206305,0.211494,0,0,0
15234,,81,4,20,24,4,20,24,8,0.264425,0.275853,77789.021228,0.149351,0.000841
16315,,81,12,7,19,12,7,19,8,0.23428,0.241335,33768.012412,0.285714,0.002614
15177,,81,4,3,7,4,3,7,8,0.240782,0.248005,194.130096,0.6,0.000937
16263,,81,1,0,1,1,0,1,0,0,0,0,0,0.000253
15106,,7,0,1,1,0,1,1,10,0.179803,0.183122,0,0,0
15111,,81,2,2,4,2,2,4,8,0.234145,0.241025,18826,0.333333,0.000474
15156,,81,2,1,3,2,1,3,8,0.233298,0.240059,0,1,0.000562
15174,,81,1,0,1,1,0,1,0,0,0,0,0,0.000306
15175,,81,1,1,2,1,1,2,9,0.201557,0.206329,0,0,0.000306
15113,,7,0,1,1,0,1,1,9,0.217276,0.223895,0,0,0
15114,,81,0,1,1,0,1,1,8,0.233302,0.240064,0,0,0
15115,,81,0,1,1,0,1,1,8,0.233302,0.240064,0,0,0
15116,,16,0,1,1,0,1,1,1,1,1,0,0,0
15117,,16,0,1,1,0,1,1,8,0.233638,0.242002,0,0,0
15120,,16,0,1,1,0,1,1,9,0.230024,0.237286,0,0,0
15121,,41,0,1,1,0,1,1,9,0.234736,0.243231,0,0,0
15123,,81,0,1,1,0,1,1,9,0.189771,0.193432,0,0,0
15124,,1,0,1,1,0,1,1,1,1,1,0,0,0
15384,,81,1,1,2,1,1,2,8,0.233298,0.240059,0,1,0.000296
15596,,81,4,0,4,4,0,4,0,0,0,0,0.083333,0.000821
15968,,81,2,2,4,2,2,4,8,0.227546,0.234138,1.65,0.333333,0.000485
16039,,81,2,0,2,2,0,2,0,0,0,0,1,0.000475
25163,,81,1,0,1,1,0,1,0,0,0,0,0,0.000296
15128,,7,0,1,1,0,1,1,9,0.214189,0.220211,0,0,0
15133,,16,0,1,1,0,1,1,9,0.218196,0.224517,0,0,0
15134,,7,0,1,1,0,1,1,9,0.214866,0.220904,0,0,0
15137,,14,1,1,2,1,1,2,9,0.199417,0.203935,0,0,0.00019
15139,,22,0,1,1,0,1,1,9,0.21286,0.218905,0,0,0
15142,,7,1,2,3,1,2,3,9,0.211616,0.217384,60.111136,0,0.000225
15143,,7,0,1,1,0,1,1,8,0.24685,0.256506,0,0,0
15145,,1,0,1,1,0,1,1,1,1,1,0,0,0
23511,,14,1,1,2,1,1,2,9,0.204257,0.209487,36.116176,0,0.000178
15147,,2,1,1,2,1,1,2,9,0.208093,0.213258,18827,0,0.000168
15148,,7,0,4,4,0,4,4,8,0.256143,0.266083,0,0.25,0
15149,,1,0,1,1,0,1,1,8,0.238232,0.246371,0,0,0
15150,,7,0,2,2,0,2,2,9,0.210843,0.216231,0,0,0
15152,,25,0,1,1,0,1,1,8,0.234155,0.242097,0,0,0
15155,,7,0,1,1,0,1,1,9,0.221081,0.227768,0,0,0
15158,,81,0,1,1,0,1,1,9,0.189731,0.193331,0,0,0
15159,,41,0,1,1,0,1,1,8,0.236961,0.24442,0,0,0
15160,,1,0,4,4,0,4,4,8,0.226818,0.234502,0,0.666667,0
15167,,7,0,1,1,0,1,1,10,0.179156,0.182314,0,0,0
15170,,246,0,1,1,0,1,1,1,1,1,0,0,0
15171,,246,1,0,1,1,0,1,0,0,0,0,0,0.000168
15178,,247,0,1,1,0,1,1,1,1,1,0,0,0
15179,,247,1,0,1,1,0,1,0,0,0,0,0,0.000168
15183,,16,0,4,4,0,4,4,8,0.265108,0.27688,0,0.083333,0
29818,,16,1,0,1,1,0,1,0,0,0,0,0,0.000168
15185,,41,0,1,1,0,1,1,8,0.230249,0.237146,0,0,0
33737,,36,1,0,1,1,0,1,0,0,0,0,0,0.000173
15188,,7,0,3,3,0,3,3,9,0.214277,0.220603,0,0.166667,0
30540,,7,1,0,1,1,0,1,0,0,0,0,0,0.000168
15190,,1,0,1,1,0,1,1,9,0.222605,0.230046,0,0,0
15193,,7,0,2,2,0,2,2,8,0.236821,0.244797,0,1,0
15198,,14,0,3,3,0,3,3,9,0.210369,0.215972,0,0,0
15199,,7,0,1,1,0,1,1,9,0.226507,0.233208,0,0,0
15200,,81,0,3,3,0,3,3,8,0.234162,0.241079,0,0.333333,0
15202,,81,2,0,2,2,0,2,0,0,0,0,0,0.000336
15201,,81,0,1,1,0,1,1,1,1,1,0,0,0
15266,,81,3,3,6,3,3,6,8,0.233336,0.240178,678.549068,0.3,0.00061
15210,,7,0,1,1,0,1,1,9,0.229752,0.236924,0,0,0
15211,,69,0,1,1,0,1,1,10,0.182261,0.186183,0,0,0
15215,,41,0,1,1,0,1,1,9,0.234736,0.243231,0,0,0
15216,,53,0,1,1,0,1,1,9,0.208139,0.213726,0,0,0
15219,,7,0,1,1,0,1,1,9,0.232872,0.240708,0,0,0
15220,,7,0,1,1,0,1,1,9,0.200526,0.205124,0,0,0
15221,,41,0,1,1,0,1,1,8,0.257544,0.268689,0,0,0
15223,,16,0,1,1,0,1,1,9,0.218809,0.225404,0,0,0
15228,,7,0,1,1,0,1,1,8,0.251523,0.26155,0,0,0
15230,,16,0,1,1,0,1,1,8,0.244433,0.254493,0,0,0
15232,,7,0,1,1,0,1,1,8,0.24685,0.256506,0,0,0
15233,,41,0,1,1,0,1,1,9,0.19589,0.201064,0,0,0
15235,,81,1,0,1,1,0,1,0,0,0,0,0,0.000189
15249,,81,1,1,2,1,1,2,8,0.233301,0.240063,0,0.5,0.000189
15414,,81,4,6,10,4,6,10,8,0.23418,0.241187,2416.294596,0.347222,0.00081
15236,,81,0,1,1,0,1,1,8,0.233302,0.240064,0,0,0
15239,,16,0,1,1,0,1,1,8,0.221512,0.22797,0,0,0
15240,,16,0,1,1,0,1,1,8,0.23949,0.247366,0,0,0
15241,,7,0,1,1,0,1,1,9,0.211853,0.217672,0,0,0
15242,,7,1,5,6,1,5,6,8,0.268784,0.281113,18827,0.266667,0.000168
15246,,39,1,2,3,1,2,3,9,0.216351,0.222646,155.045087,0,0.000259
15252,,16,0,1,1,0,1,1,9,0.224454,0.231835,0,0,0
15253,,81,0,1,1,0,1,1,8,0.233302,0.240064,0,0,0
15254,,81,0,1,1,0,1,1,8,0.233302,0.240064,0,0,0
15255,,16,0,1,1,0,1,1,8,0.232524,0.239505,0,0,0
15256,,16,0,2,2,0,2,2,9,0.216586,0.223363,0,0.5,0
31626,,16,2,2,4,2,2,4,9,0.216584,0.223366,18828.5,0.25,0.000336
15259,,36,1,0,1,1,0,1,0,0,0,0,0,0.000258
15261,,2,0,1,1,0,1,1,8,0.235818,0.243199,0,0,0
15264,,16,0,1,1,0,1,1,8,0.237376,0.246856,0,0,0
15265,,7,0,1,1,0,1,1,8,0.251523,0.26155,0,0,0
17330,,16,1,1,2,1,1,2,9,0.203806,0.209506,0,0,0.00029
18066,,16,1,1,2,1,1,2,9,0.203806,0.209506,0,0,0.00029
23143,,16,1,1,2,1,1,2,8,0.236163,0.244728,0,1,0.00029
15269,,7,0,1,1,0,1,1,8,0.262756,0.273466,0,0,0
15270,,7,0,1,1,0,1,1,9,0.195147,0.199853,0,0,0
15271,,36,0,1,1,0,1,1,9,0.208508,0.213738,0,0,0
15275,,7,0,1,1,0,1,1,8,0.262756,0.273466,0,0,0
15276,,41,0,1,1,0,1,1,8,0.257544,0.268689,0,0,0
15277,,81,0,1,1,0,1,1,8,0.233302,0.240064,0,0,0
15278,,16,0,3,3,0,3,3,8,0.239978,0.249361,0,0.333333,0
15280,,7,0,1,1,0,1,1,9,0.231745,0.239907,0,0,0
15282,,67,0,1,1,0,1,1,9,0.227237,0.234014,0,0,0
15283,,81,0,1,1,0,1,1,9,0.194097,0.19786,0,0,0
15285,,7,0,4,4,0,4,4,9,0.227352,0.23468,0,0.083333,0
15286,,81,0,1,1,0,1,1,8,0.233302,0.240064,0,0,0
15289,,7,0,3,3,0,3,3,9,0.246249,0.255969,0,0.5,0
15291,,2,0,2,2,0,2,2,1,1,1,0,0,0
15293,,41,0,1,1,0,1,1,9,0.208855,0.214732,0,0,0
15296,,81,0,1,1,0,1,1,8,0.233302,0.240064,0,0,0
15297,,1,0,1,1,0,1,1,9,0.222216,0.229086,0,0,0
15298,,7,0,1,1,0,1,1,8,0.244345,0.253397,0,0,0
15300,,16,0,2,2,0,2,2,8,0.235152,0.243932,0,0.5,0
15301,,7,0,9,9,0,9,9,9,0.232467,0.239913,0,0.041667,0
15303,,65,0,1,1,0,1,1,10,0.176014,0.179288,0,0,0
15304,,22,0,1,1,0,1,1,9,0.21286,0.218905,0,0,0
15305,,16,0,1,1,0,1,1,9,0.227599,0.235178,0,0,0
15308,,7,0,1,1,0,1,1,9,0.215311,0.221328,0,0,0
15310,,41,0,1,1,0,1,1,8,0.257544,0.268689,0,0,0
15311,,7,0,3,3,0,3,3,9,0.229405,0.237053,0,1,0
24142,,16,1,1,2,1,1,2,9,0.20799,0.214066,0,0,0.00054
15315,,7,0,2,2,0,2,2,8,0.24807,0.25717,0,0.5,0
15316,,7,0,1,1,0,1,1,1,1,1,0,0,0
25364,,22,1,0,1,1,0,1,0,0,0,0,0,0.000211
15321,,22,0,1,1,0,1,1,9,0.21286,0.218905,0,0,0
19154,,7,1,3,4,1,3,4,8,0.260412,0.271454,341.907903,0.333333,0.000188
15325,,16,0,1,1,0,1,1,9,0.200898,0.2059,0,0,0
15327,,16,0,1,1,0,1,1,8,0.221512,0.22797,0,0,0
15330,,2,0,1,1,0,1,1,9,0.219675,0.226242,0,0,0
15334,,7,0,1,1,0,1,1,8,0.261475,0.272568,0,0,0
15336,,67,0,1,1,0,1,1,9,0.233244,0.243883,0,0,0
15338,,41,0,1,1,0,1,1,9,0.234736,0.243231,0,0,0
15339,,7,0,1,1,0,1,1,9,0.234856,0.243135,0,0,0
26644,,7,2,8,10,2,8,10,8,0.278718,0.292295,1764.026758,0.388889,0.000751
26900,,7,1,0,1,1,0,1,0,0,0,0,0,0.000583
27877,,7,1,0,1,1,0,1,0,0,0,0,0,0.000583
28083,,7,1,0,1,1,0,1,0,0,0,0,0,0.000583
29142,,7,1,0,1,1,0,1,0,0,0,0,0,0.000583
34188,,7,2,2,4,2,2,4,8,0.270613,0.282905,0,1,0.003943
15343,,1,0,3,3,0,3,3,8,0.274726,0.286722,0,0.166667,0
15345,,53,0,1,1,0,1,1,9,0.212691,0.218392,0,0,0
15346,,53,0,1,1,0,1,1,9,0.212691,0.218392,0,0,0
15348,,16,0,1,1,0,1,1,1,1,1,0,0,0
20907,,69,1,0,1,1,0,1,0,0,0,0,0,0.000188
15350,,81,0,1,1,0,1,1,9,0.201563,0.206344,0,0,0
15351,,32,0,1,1,0,1,1,1,1,1,0,0,0
15352,,65,0,1,1,0,1,1,9,0.195014,0.200132,0,0,0
15353,,69,0,2,2,0,2,2,8,0.221544,0.228537,0,0,0
15354,,67,0,3,3,0,3,3,8,0.241524,0.249382,0,0.166667,0
15355,,67,1,0,1,1,0,1,0,0,0,0,0,0.000168
15359,,32,0,1,1,0,1,1,1,1,1,0,0,0
15364,,81,0,2,2,0,2,2,9,0.19046,0.194135,0,0,0
15366,,16,0,4,4,0,4,4,8,0.234894,0.242723,0,0.166667,0
15367,,32,0,1,1,0,1,1,1,1,1,0,0,0
15368,,16,0,1,1,0,1,1,9,0.219064,0.224899,0,0,0
15370,,248,0,1,1,0,1,1,10,0.172126,0.175123,0,0,0
15371,,248,1,1,2,1,1,2,9,0.207902,0.213248,18827,0,0.000168
15372,,81,0,1,1,0,1,1,8,0.233302,0.240064,0,0,0
15373,,1,0,1,1,0,1,1,8,0.228936,0.236648,0,0,0
15376,,7,0,1,1,0,1,1,10,0.167597,0.170775,0,0,0
15377,,7,0,1,1,0,1,1,8,0.235656,0.242713,0,0,0
15382,,7,0,1,1,0,1,1,8,0.251452,0.260347,0,0,0
15383,,16,0,1,1,0,1,1,9,0.197044,0.201378,0,0,0
15386,,7,0,2,2,0,2,2,8,0.238733,0.246459,0,0,0
21306,,41,2,1,3,2,1,3,9,0.239541,0.247504,2179.339182,0,0.000385
15391,,7,0,1,1,0,1,1,8,0.244345,0.253397,0,0,0
15392,,7,0,3,3,0,3,3,8,0.251684,0.260929,0,0,0
15394,,81,0,1,1,0,1,1,8,0.233302,0.240064,0,0,0
15397,,2,0,1,1,0,1,1,9,0.207063,0.212635,0,0,0
15398,,65,1,2,3,1,2,3,8,0.236871,0.244647,0,1,0.000233
15401,,249,0,1,1,0,1,1,1,1,1,0,0,0
15402,,16,0,3,3,0,3,3,9,0.218135,0.224782,0,0.333333,0
19882,,12,3,1,4,3,1,4,11,0.136358,0.138008,0.5,0.166667,0.000694
15405,,1,0,1,1,0,1,1,8,0.226147,0.233528,0,0,0
15408,,16,0,1,1,0,1,1,9,0.205784,0.211327,0,0,0
15410,,41,0,1,1,0,1,1,8,0.257544,0.268689,0,0,0
15639,,81,2,2,4,2,2,4,8,0.227554,0.234164,3578.405688,0.5,0.00039
15416,,41,0,1,1,0,1,1,9,0.234736,0.243231,0,0,0
15417,,7,0,2,2,0,2,2,8,0.247213,0.255868,0,1,0
15418,,16,0,1,1,0,1,1,8,0.222226,0.228739,0,0,0
15419,,16,0,1,1,0,1,1,9,0.224977,0.23191,0,0,0
15420,,65,0,1,1,0,1,1,8,0.236841,0.24458,0,0,0
15421,,7,1,1,2,1,1,2,8,0.23941,0.248389,0,0.5,0.000236
15423,,16,0,1,1,0,1,1,8,0.251382,0.261452,0,0,0
20878,,16,1,1,2,1,1,2,10,0.178251,0.182135,0,1,0.000187
15425,,7,0,1,1,0,1,1,8,0.235664,0.243096,0,0,0
15430,,7,0,3,3,0,3,3,8,0.264498,0.275547,0,0.333333,0
15432,,1,0,1,1,0,1,1,1,1,1,0,0,0
15434,,36,0,1,1,0,1,1,9,0.219926,0.226711,0,0,0
15435,,7,0,1,1,0,1,1,8,0.262756,0.273466,0,0,0
15436,,7,0,1,1,0,1,1,9,0.226389,0.233867,0,0,0
15437,,7,0,1,1,0,1,1,10,0.178867,0.182209,0,0,0
15439,,12,0,3,3,0,3,3,9,0.201837,0.207374,0,0.333333,0
15440,,12,1,3,4,1,3,4,9,0.224588,0.232144,2527.172045,0.166667,0.000168
15441,,7,0,1,1,0,1,1,1,1,1,0,0,0
15443,,7,1,6,7,1,6,7,8,0.274961,0.287775,1393.92263,0.214286,0.000174
15444,,1,0,2,2,0,2,2,9,0.2221,0.228711,0,0,0
18211,,1,2,1,3,2,1,3,8,0.261479,0.272571,5727.612556,0,0.000383
21502,,67,1,0,1,1,0,1,0,0,0,0,0,0.000207
25017,,67,1,0,1,1,0,1,0,0,0,0,0,0.000207
32047,,67,1,0,1,1,0,1,0,0,0,0,0,0.000207
32048,,67,1,0,1,1,0,1,0,0,0,0,0,0.000207
32049,,67,1,0,1,1,0,1,0,0,0,0,0,0.000207
34091,,67,1,0,1,1,0,1,0,0,0,0,0,0.000207
15447,,41,0,2,2,0,2,2,9,0.235818,0.243924,0,0,0
15449,,1,0,4,4,0,4,4,8,0.229022,0.236824,0,0.5,0
15450,,65,0,2,2,0,2,2,9,0.196834,0.201549,0,0,0
15453,,16,0,1,1,0,1,1,9,0.203544,0.209057,0,0,0
15454,,81,0,1,1,0,1,1,8,0.233302,0.240064,0,0,0
15456,,16,0,1,1,0,1,1,9,0.207693,0.213086,0,0,0
15457,,7,0,3,3,0,3,3,8,0.263307,0.27414,0,0.5,0
15458,,44,0,1,1,0,1,1,1,1,1,0,0,0
15460,,7,0,1,1,0,1,1,9,0.238286,0.246733,0,0,0
15461,,7,0,1,1,0,1,1,8,0.262756,0.273466,0,0,0
15462,,16,0,3,3,0,3,3,9,0.238507,0.247704,0,0.5,0
33990,,41,2,1,3,2,1,3,9,0.193103,0.197781,84.462486,0,0.000463
15465,,65,0,1,1,0,1,1,8,0.234438,0.242011,0,0,0
15468,,32,0,1,1,0,1,1,8,0.245851,0.255055,0,0,0
15472,,7,0,2,2,0,2,2,9,0.222436,0.229682,0,1,0
15473,,41,0,2,2,0,2,2,8,0.231387,0.239334,0,0.5,0
15474,,12,0,2,2,0,2,2,10,0.1649,0.168063,0,0,0
15476,,12,0,2,2,0,2,2,10,0.166727,0.16925,0,0,0
15477,,7,0,1,1,0,1,1,8,0.234991,0.243288,0,0,0
15478,,41,0,1,1,0,1,1,9,0.195066,0.199384,0,0,0
15480,,7,0,5,5,0,5,5,9,0.238737,0.247461,0,0.05,0
15482,,250,0,2,2,0,2,2,8,0.25496,0.265133,0,0,0
24384,,250,1,0,1,1,0,1,0,0,0,0,0,0.000168
15483,,251,0,1,1,0,1,1,1,1,1,0,0,0
15484,,251,1,0,1,1,0,1,0,0,0,0,0,0.000168
15485,,7,0,1,1,0,1,1,8,0.227894,0.234369,0,0,0
15487,,65,0,1,1,0,1,1,9,0.213606,0.219549,0,0,0
15488,,252,0,1,1,0,1,1,1,1,1,0,0,0
15489,,252,1,0,1,1,0,1,0,0,0,0,0,0.000168
15491,,41,0,2,2,0,2,2,8,0.269956,0.282414,0,1,0
15492,,41,0,1,1,0,1,1,8,0.257544,0.268689,0,0,0
15493,,16,0,1,1,0,1,1,9,0.190837,0.194458,0,0,0
15494,,16,0,3,3,0,3,3,9,0.228673,0.236496,0,0.333333,0
22324,,16,1,1,2,1,1,2,8,0.234266,0.242061,394.688732,0,0.000168
15495,,65,0,1,1,0,1,1,9,0.195014,0.200132,0,0,0
15496,,7,0,1,1,0,1,1,8,0.216823,0.222993,0,0,0
15497,,32,0,2,2,0,2,2,8,0.24606,0.255322,0,0,0
32998,,7,1,0,1,1,0,1,0,0,0,0,0,0.00018
15501,,7,0,1,1,0,1,1,1,1,1,0,0,0
15503,,16,0,2,2,0,2,2,8,0.244437,0.25452,0,0.5,0
15504,,67,0,1,1,0,1,1,1,1,1,0,0,0
27722,,7,1,0,1,1,0,1,0,0,0,0,0,0.000239
31893,,7,1,0,1,1,0,1,0,0,0,0,0,0.000239
15507,,7,0,1,1,0,1,1,9,0.226164,0.233246,0,0,0
15508,,16,0,2,2,0,2,2,9,0.229674,0.237,0,0.5,0
20192,,16,1,2,3,1,2,3,9,0.230311,0.237716,12.089243,0.333333,0.000168
15509,,7,0,2,2,0,2,2,8,0.244278,0.253055,0,1,0
15511,,16,0,2,2,0,2,2,9,0.216728,0.222946,0,0,0
15512,,16,1,0,1,1,0,1,0,0,0,0,0,0.000168
15513,,253,0,1,1,0,1,1,1,1,1,0,0,0
15514,,253,1,0,1,1,0,1,0,0,0,0,0,0.000168
15515,,22,0,2,2,0,2,2,9,0.212896,0.219007,0,1,0
15516,,41,0,2,2,0,2,2,9,0.237086,0.24603,0,0,0
15517,,16,0,1,1,0,1,1,9,0.227723,0.235174,0,0,0
15518,,1,0,1,1,0,1,1,9,0.21102,0.217224,0,0,0
15520,,36,0,1,1,0,1,1,1,1,1,0,0,0
15521,,81,0,1,1,0,1,1,8,0.233302,0.240064,0,0,0
15522,,65,0,2,2,0,2,2,8,0.234786,0.242465,0,1,0
15523,,81,0,8,8,0,8,8,8,0.273601,0.285515,0,0.196429,0
15524,,7,0,1,1,0,1,1,9,0.226164,0.233246,0,0,0
15526,,36,0,1,1,0,1,1,9,0.204915,0.210351,0,0,0
15528,,16,0,1,1,0,1,1,9,0.195412,0.200132,0,0,0
15530,,16,0,6,6,0,6,6,8,0.22769,0.235693,0,0.166667,0
15531,,56,0,1,1,0,1,1,9,0.207671,0.213066,0,0,0
15533,,36,0,8,8,0,8,8,8,0.265141,0.276682,0,0.178571,0
16186,,36,1,0,1,1,0,1,0,0,0,0,0,0.000168
15536,,53,0,1,1,0,1,1,9,0.206357,0.211863,0,0,0
15539,,65,0,1,1,0,1,1,10,0.172394,0.175591,0,0,0
15540,,7,0,1,1,0,1,1,9,0.230483,0.238015,0,0,0
15542,,7,0,1,1,0,1,1,9,0.226164,0.233246,0,0,0
15543,,7,0,1,1,0,1,1,9,0.193032,0.196903,0,0,0
15544,,65,0,1,1,0,1,1,8,0.236841,0.24458,0,0,0
15546,,16,0,1,1,0,1,1,9,0.212535,0.218041,0,0,0
15549,,7,0,1,1,0,1,1,9,0.188945,0.192768,0,0,0
15550,,1,0,1,1,0,1,1,9,0.221523,0.228343,0,0,0
15551,,65,0,1,1,0,1,1,8,0.236841,0.24458,0,0,0
15552,,16,0,1,1,0,1,1,9,0.225449,0.232754,0,0,0
15553,,7,0,3,3,0,3,3,8,0.245514,0.254075,0,0.166667,0
15555,,7,0,1,1,0,1,1,8,0.261475,0.272568,0,0,0
15557,,7,0,2,2,0,2,2,8,0.227525,0.234391,0,0,0
15562,,16,0,1,1,0,1,1,8,0.239859,0.247713,0,0,0
15564,,7,0,1,1,0,1,1,8,0.251664,0.260845,0,0,0
15570,,7,0,1,1,0,1,1,9,0.187134,0.191324,0,0,0
15573,,81,1,1,2,1,1,2,8,0.233302,0.240064,18827,0,0.000168
15574,,7,0,1,1,0,1,1,9,0.21957,0.226123,0,0,0
15576,,65,0,2,2,0,2,2,9,0.195022,0.200175,0,0,0
15577,,65,1,0,1,1,0,1,0,0,0,0,0,0.000168
15581,,41,1,1,2,1,1,2,9,0.214602,0.220514,3.089877,0,0.00024
15582,,32,0,1,1,0,1,1,9,0.213511,0.219556,0,0,0
15583,,7,0,1,1,0,1,1,1,1,1,0,0,0
15584,,7,0,3,3,0,3,3,9,0.226916,0.234732,0,0.666667,0
15585,,12,0,1,1,0,1,1,10,0.164896,0.168023,0,0,0
15586,,41,0,1,1,0,1,1,8,0.257544,0.268689,0,0,0
15588,,7,0,8,8,0,8,8,7,0.289312,0.303396,0,0.214286,0
15591,,81,0,2,2,0,2,2,8,0.234152,0.241039,0,1,0
15594,,16,0,1,1,0,1,1,9,0.204014,0.209706,0,0,0
15598,,7,0,1,1,0,1,1,8,0.223971,0.231195,0,0,0
15599,,1,0,1,1,0,1,1,9,0.199523,0.20442,0,0,0
15602,,7,0,1,1,0,1,1,8,0.251523,0.26155,0,0,0
15603,,7,0,1,1,0,1,1,1,1,1,0,0,0
15605,,7,0,1,1,0,1,1,7,0.293553,0.307954,0,0,0
15606,,16,0,1,1,0,1,1,9,0.220464,0.227385,0,0,0
15610,,254,0,1,1,0,1,1,1,1,1,0,0,0
15611,,254,1,0,1,1,0,1,0,0,0,0,0,0.000168
15613,,7,0,4,4,0,4,4,8,0.267729,0.279249,0,0.416667,0
25994,,69,1,2,3,1,2,3,8,0.233858,0.240857,0,0.833333,0.000184
31960,,69,1,0,1,1,0,1,0,0,0,0,0,0.000184
15615,,65,0,1,1,0,1,1,10,0.172726,0.175872,0,0,0
15616,,1,0,2,2,0,2,2,8,0.237982,0.247024,0,0,0
15619,,65,0,1,1,0,1,1,8,0.235576,0.242737,0,0,0
23414,,32,4,4,8,4,4,8,8,0.245867,0.255157,8.2,0.238095,0.000739
15622,,36,0,1,1,0,1,1,1,1,1,0,0,0
15625,,7,0,43,43,0,43,43,8,0.282964,0.298303,0,0.250831,0
15626,,7,0,1,1,0,1,1,9,0.20504,0.210236,0,0,0
15627,,7,0,1,1,0,1,1,8,0.262756,0.273466,0,0,0
15628,,16,0,1,1,0,1,1,9,0.214352,0.21988,0,0,0
15631,,25,0,1,1,0,1,1,9,0.225635,0.232826,0,0,0
15632,,7,0,1,1,0,1,1,9,0.230193,0.238549,0,0,0
15633,,7,0,2,2,0,2,2,8,0.243334,0.25173,0,1,0
15635,,81,0,3,3,0,3,3,8,0.233627,0.240481,0,0,0
15636,,81,1,1,2,1,1,2,8,0.251238,0.260024,750.620974,0,0.000168
15637,,53,0,1,1,0,1,1,9,0.189936,0.194248,0,0,0
24661,,1,1,0,1,1,0,1,0,0,0,0,0,0.000449
15640,,7,0,1,1,0,1,1,8,0.244453,0.252822,0,0,0
25751,,67,1,0,1,1,0,1,0,0,0,0,0,0.000203
26141,,67,1,0,1,1,0,1,0,0,0,0,0,0.000203
32533,,67,1,0,1,1,0,1,0,0,0,0,0,0.000203
15642,,7,0,4,4,0,4,4,8,0.273553,0.285992,0,0.5,0
15646,,7,0,2,2,0,2,2,8,0.249387,0.258626,0,0,0
20160,,16,1,0,1,1,0,1,0,0,0,0,0,0.000243
20239,,16,1,0,1,1,0,1,0,0,0,0,0,0.000243
26486,,16,2,1,3,2,1,3,1,1,1,25976,0.333333,0.000417
32468,,16,1,3,4,1,3,4,10,0.180243,0.183981,25975,0.166667,0.000243
15649,,41,1,5,6,1,5,6,9,0.214686,0.221027,18828,0,0.000173
22676,,41,1,0,1,1,0,1,0,0,0,0,0,0.000173
26405,,41,1,1,2,1,1,2,10,0.176743,0.18019,0,0,0.000173
15650,,7,0,1,1,0,1,1,8,0.236262,0.244204,0,0,0
15651,,81,0,1,1,0,1,1,8,0.22755,0.234125,0,0,0
15652,,7,0,1,1,0,1,1,9,0.225592,0.232933,0,0,0
15653,,7,0,2,2,0,2,2,9,0.244155,0.253195,0,0.5,0
15656,,7,0,1,1,0,1,1,9,0.222426,0.22905,0,0,0
15663,,81,0,1,1,0,1,1,8,0.233302,0.240064,0,0,0
15664,,7,0,1,1,0,1,1,8,0.241251,0.248887,0,0,0
15665,,41,0,1,1,0,1,1,8,0.257544,0.268689,0,0,0
15667,,81,0,1,1,0,1,1,9,0.19166,0.19573,0,0,0
15671,,7,0,1,1,0,1,1,9,0.193032,0.196903,0,0,0
15672,,7,0,1,1,0,1,1,8,0.261475,0.272568,0,0,0
15673,,7,0,5,5,0,5,5,8,0.242672,0.251352,0,0.3,0
15676,,81,0,1,1,0,1,1,8,0.233302,0.240064,0,0,0
15677,,7,0,1,1,0,1,1,8,0.237667,0.245207,0,0,0
15679,,7,0,1,1,0,1,1,10,0.16913,0.172257,0,0,0
15682,,41,0,1,1,0,1,1,8,0.234941,0.243151,0,0,0
15683,,255,0,1,1,0,1,1,1,1,1,0,0,0
15684,,255,1,0,1,1,0,1,0,0,0,0,0,0.000168
15685,,7,0,3,3,0,3,3,9,0.227864,0.235335,0,0.333333,0
15686,,7,0,1,1,0,1,1,9,0.226025,0.232676,0,0,0
15687,,16,0,1,1,0,1,1,9,0.193181,0.197406,0,0,0
15688,,12,0,3,3,0,3,3,9,0.201775,0.207292,0,1,0
15689,,32,0,1,1,0,1,1,1,1,1,0,0,0
15690,,12,0,5,5,0,5,5,8,0.273979,0.285761,0,0.1,0
15691,,7,0,1,1,0,1,1,7,0.293553,0.307954,0,0,0
15692,,69,0,2,2,0,2,2,9,0.199769,0.205017,0,1,0
15694,,12,0,1,1,0,1,1,10,0.164896,0.168023,0,0,0
15696,,81,0,1,1,0,1,1,8,0.233302,0.240064,0,0,0
15697,,53,0,1,1,0,1,1,9,0.220297,0.227161,0,0,0
15699,,67,0,1,1,0,1,1,9,0.216107,0.222464,0,0,0
16874,,7,1,3,4,1,3,4,8,0.265323,0.276799,0,0.666667,0.000236
15701,,67,0,6,6,0,6,6,9,0.2149,0.221066,0,0.2,0
15704,,81,0,4,4,0,4,4,8,0.229544,0.236372,0,0.666667,0
15705,,36,0,1,1,0,1,1,1,1,1,0,0,0
15707,,2,0,1,1,0,1,1,2,0.666667,0.75,0,0,0
15717,,16,0,1,1,0,1,1,9,0.221572,0.228332,0,0,0
25402,,36,1,1,2,1,1,2,9,0.215852,0.222065,0,0,0.000304
29089,,36,1,0,1,1,0,1,0,0,0,0,0,0.000304
15720,,16,0,1,1,0,1,1,8,0.222226,0.228739,0,0,0
15721,,7,0,1,1,0,1,1,9,0.229752,0.236924,0,0,0
15726,,7,0,1,1,0,1,1,9,0.236556,0.244293,0,0,0
15729,,7,0,1,1,0,1,1,9,0.228722,0.23573,0,0,0
15731,,7,0,3,3,0,3,3,9,0.210412,0.216087,0,0,0
15732,,7,0,1,1,0,1,1,9,0.212064,0.218043,0,0,0
15733,,7,0,1,1,0,1,1,9,0.210572,0.215915,0,0,0
15737,,7,0,1,1,0,1,1,9,0.21103,0.21669,0,0,0
15739,,7,0,1,1,0,1,1,8,0.225373,0.231994,0,0,0
15742,,53,0,1,1,0,1,1,8,0.231948,0.238855,0,0,0
15745,,7,0,1,1,0,1,1,8,0.23758,0.245223,0,0,0
25305,,7,1,2,3,1,2,3,9,0.188511,0.192449,0.333333,0.166667,0.000177
17434,,36,1,1,2,1,1,2,9,0.192698,0.197188,2168.037776,0,0.00072
28028,,7,2,2,4,2,2,4,8,0.261483,0.272604,18877.433464,0.083333,0.000888
15748,,7,0,1,1,0,1,1,8,0.244345,0.253397,0,0,0
15749,,16,0,1,1,0,1,1,9,0.212123,0.218423,0,0,0
15751,,41,0,1,1,0,1,1,9,0.234736,0.243231,0,0,0
15752,,12,0,1,1,0,1,1,10,0.177506,0.180764,0,0,0
15753,,7,0,9,9,0,9,9,8,0.262987,0.274442,0,0.277778,0
18303,,7,1,0,1,1,0,1,0,0,0,0,0,0.000168
15754,,41,0,1,1,0,1,1,9,0.195066,0.199384,0,0,0
15755,,41,0,1,1,0,1,1,9,0.195066,0.199384,0,0,0
15756,,41,0,1,1,0,1,1,9,0.195066,0.199384,0,0,0
15757,,41,0,1,1,0,1,1,9,0.195066,0.199384,0,0,0
15758,,7,0,4,4,0,4,4,8,0.273971,0.286021,0,0.5,0
15766,,7,0,1,1,0,1,1,8,0.233088,0.240199,0,0,0
15767,,16,0,2,2,0,2,2,8,0.261334,0.272167,0,0.5,0
15770,,32,0,1,1,0,1,1,8,0.245851,0.255055,0,0,0
15771,,7,1,1,2,1,1,2,8,0.244345,0.253397,106.436619,0,0.000168
15773,,16,0,1,1,0,1,1,9,0.217041,0.222899,0,0,0
15774,,7,0,8,8,0,8,8,8,0.260225,0.27156,0,0.428571,0
15777,,7,0,1,1,0,1,1,9,0.207826,0.213634,0,0,0
15778,,16,0,1,1,0,1,1,8,0.240389,0.248209,0,0,0
15783,,256,0,1,1,0,1,1,1,1,1,0,0,0
15784,,256,1,0,1,1,0,1,0,0,0,0,0,0.000168
15785,,7,0,1,1,0,1,1,9,0.222431,0.229647,0,0,0
15786,,16,0,1,1,0,1,1,9,0.219293,0.225533,0,0,0
15789,,15,0,1,1,0,1,1,8,0.227256,0.233759,0,0,0
15792,,7,1,5,6,1,5,6,8,0.252048,0.262318,1800.098988,0.066667,0.000221
15794,,257,0,1,1,0,1,1,9,0.182557,0.186068,0,0,0
15795,,257,1,1,2,1,1,2,8,0.223315,0.229822,18827,0,0.000168
15796,,25,0,1,1,0,1,1,9,0.19358,0.197675,0,0,0
15797,,7,0,1,1,0,1,1,9,0.213511,0.219459,0,0,0
15800,,14,0,2,2,0,2,2,8,0.2491,0.258162,0,1,0
15801,,264,1,1,2,1,1,2,9,0.207609,0.212853,18827,0,0.000168
15802,,67,0,1,1,0,1,1,9,0.18178,0.185595,0,0,0
15803,,1,0,1,1,0,1,1,8,0.247825,0.256545,0,0,0
15804,,7,0,1,1,0,1,1,9,0.211885,0.217619,0,0,0
15807,,7,1,16,17,1,16,17,8,0.281161,0.29548,166736.304934,0.147059,0.000216
21553,,7,3,44,47,3,44,47,8,0.294432,0.311258,131540.07855,0.085569,0.00051
15808,,25,0,1,1,0,1,1,9,0.203824,0.20864,0,0,0
15811,,7,0,1,1,0,1,1,9,0.212212,0.218255,0,0,0
15812,,7,0,1,1,0,1,1,8,0.261475,0.272568,0,0,0
15813,,16,0,1,1,0,1,1,8,0.232829,0.239934,0,0,0
15814,,7,0,2,2,0,2,2,8,0.248765,0.257777,0,0.5,0
15815,,81,0,1,1,0,1,1,9,0.199877,0.204193,0,0,0
28011,,7,1,0,1,1,0,1,0,0,0,0,0,0.000385
25131,,7,1,1,2,1,1,2,9,0.238283,0.246728,0,1,0.000385
15817,,16,0,2,2,0,2,2,8,0.242932,0.251307,0,0.5,0
15818,,7,0,3,3,0,3,3,8,0.24613,0.255254,0,0.5,0
15819,,258,0,1,1,0,1,1,1,1,1,0,0,0
15820,,258,1,0,1,1,0,1,0,0,0,0,0,0.000168
15821,,7,0,1,1,0,1,1,9,0.226025,0.232676,0,0,0
15822,,7,0,1,1,0,1,1,1,1,1,0,0,0
15823,,1,0,2,2,0,2,2,8,0.269161,0.280737,0,0,0
15824,,16,4,5,9,4,5,9,8,0.265825,0.278264,8916.241631,0.089286,0.000791
15826,,7,0,1,1,0,1,1,8,0.236815,0.244762,0,0,0
15827,,7,0,1,1,0,1,1,8,0.236815,0.244762,0,0,0
15828,,7,0,1,1,0,1,1,8,0.236815,0.244762,0,0,0
15829,,7,0,1,1,0,1,1,8,0.236815,0.244762,0,0,0
15830,,7,0,1,1,0,1,1,8,0.236815,0.244762,0,0,0
15831,,7,0,1,1,0,1,1,8,0.236815,0.244762,0,0,0
15832,,7,0,1,1,0,1,1,8,0.236815,0.244762,0,0,0
15834,,81,0,1,1,0,1,1,8,0.233302,0.240064,0,0,0
15836,,7,0,1,1,0,1,1,9,0.21209,0.217792,0,0,0
15840,,41,0,1,1,0,1,1,8,0.257544,0.268689,0,0,0
15841,,7,0,1,1,0,1,1,9,0.214533,0.220561,0,0,0
15842,,36,0,1,1,0,1,1,9,0.208767,0.214577,0,0,0
15843,,7,0,1,1,0,1,1,9,0.220762,0.22725,0,0,0
15844,,41,0,1,1,0,1,1,9,0.211371,0.217148,0,0,0
15846,,7,0,1,1,0,1,1,9,0.204666,0.209899,0,0,0
15847,,36,0,2,2,0,2,2,9,0.214272,0.220644,0,1,0
15849,,65,0,1,1,0,1,1,8,0.236841,0.24458,0,0,0
16846,,12,2,4,6,2,4,6,9,0.208301,0.213988,7473.658045,0.35,0.00045
16920,,12,4,2,6,4,2,6,10,0.172086,0.175216,12230.42018,0.35,0.000831
16919,,12,7,3,10,7,3,10,9,0.20785,0.213413,87633.293496,0.107143,0.001338
15851,,7,0,1,1,0,1,1,8,0.235026,0.242987,0,0,0
15852,,16,1,2,3,1,2,3,9,0.219219,0.225689,18827,0,0.000168
16757,,16,1,1,2,1,1,2,9,0.214914,0.221494,0,0,0.000282
15856,,41,0,1,1,0,1,1,9,0.211371,0.217148,0,0,0
15857,,41,0,1,1,0,1,1,9,0.211371,0.217148,0,0,0
15858,,16,0,2,2,0,2,2,8,0.25215,0.262311,0,1,0
15859,,12,0,1,1,0,1,1,9,0.203888,0.209367,0,0,0
15860,,41,0,1,1,0,1,1,9,0.234736,0.243231,0,0,0
15861,,14,0,1,1,0,1,1,9,0.215676,0.221699,0,0,0
15865,,7,0,3,3,0,3,3,8,0.260106,0.27067,0,0.666667,0
15866,,16,0,2,2,0,2,2,9,0.230641,0.238321,0,0,0
15870,,81,0,1,1,0,1,1,8,0.233302,0.240064,0,0,0
15872,,67,1,2,3,1,2,3,9,0.224122,0.231655,0,1,0.000261
15874,,14,0,1,1,0,1,1,9,0.212917,0.219103,0,0,0
15876,,41,0,1,1,0,1,1,9,0.186402,0.190307,0,0,0
15878,,16,0,1,1,0,1,1,8,0.230667,0.237711,0,0,0
15879,,16,0,1,1,0,1,1,8,0.244433,0.254493,0,0,0
15880,,16,0,1,1,0,1,1,9,0.232386,0.240329,0,0,0
15881,,41,0,1,1,0,1,1,9,0.209788,0.215674,0,0,0
15887,,1,0,2,2,0,2,2,9,0.225605,0.23288,0,0,0
15888,,69,0,1,1,0,1,1,9,0.193733,0.198249,0,0,0
15889,,7,0,1,1,0,1,1,1,1,1,0,0,0
17844,,16,1,0,1,1,0,1,0,0,0,0,0,0.000177
15894,,7,0,1,1,0,1,1,10,0.179156,0.182314,0,0,0
15897,,25,1,0,1,1,0,1,0,0,0,0,0,0.000173
15898,,7,1,1,2,1,1,2,9,0.222738,0.229686,0,0.5,0.00019
15901,,16,0,1,1,0,1,1,8,0.227034,0.234934,0,0,0
15904,,7,0,3,3,0,3,3,8,0.273263,0.285902,0,0.833333,0
15905,,36,0,2,2,0,2,2,9,0.215908,0.222187,0,0,0
15906,,7,0,1,1,0,1,1,8,0.244345,0.253397,0,0,0
15908,,7,0,1,1,0,1,1,9,0.214123,0.219985,0,0,0
15909,,7,0,1,1,0,1,1,8,0.242826,0.251829,0,0,0
15910,,36,0,1,1,0,1,1,9,0.208086,0.213633,0,0,0
15911,,69,0,1,1,0,1,1,10,0.166502,0.169471,0,0,0
15912,,7,0,2,2,0,2,2,8,0.253634,0.262824,0,0.5,0
15915,,14,0,1,1,0,1,1,8,0.249084,0.258104,0,0,0
15916,,81,0,1,1,0,1,1,9,0.224787,0.232402,0,0,0
15921,,7,0,3,3,0,3,3,8,0.273226,0.284971,0,0.166667,0
15922,,7,1,0,1,1,0,1,0,0,0,0,0,0.000168
15926,,7,0,1,1,0,1,1,8,0.239167,0.246988,0,0,0
31892,,7,1,0,1,1,0,1,0,0,0,0,0,0.000178
15931,,7,0,3,3,0,3,3,9,0.215102,0.220812,0,0,0
15932,,36,0,1,1,0,1,1,9,0.208086,0.213633,0,0,0
15935,,16,1,0,1,1,0,1,0,0,0,0,0,0.00019
15936,,69,0,1,1,0,1,1,8,0.232117,0.239041,0,0,0
15938,,36,0,3,3,0,3,3,9,0.227173,0.234678,0,0.333333,0
15939,,7,0,1,1,0,1,1,8,0.263743,0.27463,0,0,0
17649,,12,2,1,3,2,1,3,9,0.223272,0.230182,11648.465565,0,0.000341
16136,,36,1,2,3,1,2,3,9,0.246391,0.25603,555.173942,0.333333,0.000219
21063,,36,1,1,2,1,1,2,9,0.209324,0.214642,0,0,0.000219
15949,,1,0,2,2,0,2,2,9,0.211037,0.217295,0,0,0
15950,,14,0,2,2,0,2,2,8,0.249153,0.258898,0,1,0
15951,,7,0,2,2,0,2,2,8,0.244316,0.253651,0,0.5,0
15952,,7,0,3,3,0,3,3,8,0.246743,0.256689,0,0.333333,0
15954,,16,0,1,1,0,1,1,8,0.236167,0.244733,0,0,0
15957,,30,0,1,1,0,1,1,1,1,1,0,0,0
15959,,7,0,1,1,0,1,1,8,0.262756,0.273466,0,0,0
15960,,67,0,1,1,0,1,1,9,0.216107,0.222464,0,0,0
15963,,7,1,1,2,1,1,2,9,0.235472,0.242933,0,0.5,0.000302
15965,,7,0,2,2,0,2,2,10,0.179163,0.182356,0,0,0
15971,,7,0,1,1,0,1,1,10,0.181963,0.185829,0,0,0
15974,,12,0,3,3,0,3,3,9,0.212348,0.218709,0,0.333333,0
15975,,25,0,1,1,0,1,1,9,0.225635,0.232826,0,0,0
15976,,16,0,1,1,0,1,1,9,0.217442,0.223573,0,0,0
15978,,7,0,31,31,0,31,31,8,0.287545,0.303589,0,0.211828,0
15979,,7,0,1,1,0,1,1,8,0.261475,0.272568,0,0,0
15983,,259,0,1,1,0,1,1,1,1,1,0,0,0
15984,,259,1,0,1,1,0,1,0,0,0,0,0,0.000168
15985,,1,1,2,3,1,2,3,10,0.176382,0.17986,9.558428,0.166667,0.000168
15987,,16,0,4,4,0,4,4,9,0.239447,0.248748,0,0.083333,0
15990,,53,0,1,1,0,1,1,9,0.191462,0.195622,0,0,0
17947,,65,1,1,2,1,1,2,9,0.194026,0.198245,18825,0,0.000178
15992,,16,0,3,3,0,3,3,8,0.228588,0.23557,0,0.666667,0
15995,,7,0,1,1,0,1,1,9,0.225096,0.232329,0,0,0
15997,,7,0,2,2,0,2,2,8,0.252346,0.26159,0,0.5,0
16001,,7,0,1,1,0,1,1,11,0.151942,0.153881,0,0,0
16003,,36,0,1,1,0,1,1,9,0.21354,0.21931,0,0,0
16004,,65,0,1,1,0,1,1,1,1,1,0,0,0
16006,,41,0,3,3,0,3,3,9,0.219265,0.225661,0,0,0
31553,,16,1,0,1,1,0,1,0,0,0,0,0,0.000198
16008,,65,0,2,2,0,2,2,9,0.208203,0.213887,0,1,0
16011,,69,0,1,1,0,1,1,10,0.182409,0.186321,0,0,0
16012,,7,1,2,3,1,2,3,8,0.267039,0.278485,4013.356226,0.166667,0.000174
16013,,1,0,1,1,0,1,1,9,0.190877,0.195259,0,0,0
22425,,41,1,0,1,1,0,1,0,0,0,0,0,0.000173
17877,,7,1,1,2,1,1,2,9,0.200518,0.205176,0,0,0.00022
22892,,7,1,0,1,1,0,1,0,0,0,0,0,0.00022
35335,,1,4,0,4,4,0,4,0,0,0,0,0,0.000725
16022,,16,2,1,3,2,1,3,1,1,1,3,0,0.000341
16023,,16,1,0,1,1,0,1,0,0,0,0,0,0.000178
32249,,1,2,0,2,2,0,2,0,0,0,0,0,0.000351
16027,,16,0,2,2,0,2,2,8,0.239493,0.247392,0,1,0
16028,,7,0,2,2,0,2,2,8,0.274662,0.287266,0,1,0
16030,,16,0,1,1,0,1,1,9,0.23666,0.245195,0,0,0
16031,,7,0,1,1,0,1,1,8,0.245108,0.253561,0,0,0
16033,,7,0,2,2,0,2,2,8,0.261602,0.272737,0,0.5,0
16035,,1,0,1,1,0,1,1,9,0.205967,0.21162,0,0,0
16036,,16,0,1,1,0,1,1,9,0.216318,0.222799,0,0,0
19625,,7,1,0,1,1,0,1,0,0,0,0,0,0.000371
16332,,7,1,2,3,1,2,3,9,0.221363,0.227744,74.468081,0.166667,0.000371
16046,,81,0,2,2,0,2,2,8,0.227558,0.234169,0,0,0
16047,,53,0,1,1,0,1,1,9,0.206357,0.211863,0,0,0
31627,,41,1,1,2,1,1,2,9,0.214158,0.219636,0,0,0.000207
16049,,7,0,1,1,0,1,1,9,0.220475,0.226978,0,0,0
16050,,41,0,6,6,0,6,6,9,0.206074,0.211955,0,0,0
16051,,41,1,1,2,1,1,2,1,1,1,1,0,0.000168
16187,,41,1,0,1,1,0,1,0,0,0,0,0,0.000173
16054,,16,0,1,1,0,1,1,9,0.203239,0.208464,0,0,0
16058,,7,0,7,7,0,7,7,8,0.265285,0.276768,0,0.190476,0
16059,,260,0,1,1,0,1,1,10,0.170184,0.172997,0,0,0
16060,,260,1,1,2,1,1,2,9,0.205076,0.210026,18827,0,0.000168
16062,,7,0,1,1,0,1,1,9,0.203361,0.208734,0,0,0
16063,,81,0,1,1,0,1,1,9,0.194103,0.197882,0,0,0
16064,,7,0,1,1,0,1,1,8,0.235105,0.243285,0,0,0
16067,,41,0,1,1,0,1,1,8,0.257544,0.268689,0,0,0
16069,,65,1,1,2,1,1,2,9,0.1979,0.202725,0,0,0.000227
19985,,65,1,2,3,1,2,3,8,0.235284,0.243039,310.241542,0.5,0.000227
25710,,65,1,1,2,1,1,2,9,0.1979,0.202725,0,0,0.000227
16072,,7,0,1,1,0,1,1,9,0.225524,0.232475,0,0,0
16075,,7,0,1,1,0,1,1,9,0.214323,0.220605,0,0,0
32783,,12,1,1,2,1,1,2,11,0.141561,0.143526,0,0,0.000233
16081,,36,0,1,1,0,1,1,9,0.197245,0.201816,0,0,0
16082,,41,0,1,1,0,1,1,8,0.235753,0.244207,0,0,0
16085,,16,1,1,2,1,1,2,9,0.189821,0.193881,3,0,0.000168
16086,,53,0,1,1,0,1,1,9,0.206357,0.211863,0,0,0
16087,,1,0,2,2,0,2,2,8,0.268386,0.280274,0,0.5,0
16090,,7,0,1,1,0,1,1,8,0.261475,0.272568,0,0,0
16091,,65,0,3,3,0,3,3,8,0.237051,0.244868,0,0,0
17103,,65,1,0,1,1,0,1,0,0,0,0,0,0.000168
16093,,7,0,14,14,0,14,14,8,0.266592,0.278573,0,0.082418,0
16094,,81,0,1,1,0,1,1,8,0.233302,0.240064,0,0,0
16095,,16,0,2,2,0,2,2,8,0.245316,0.254988,0,0,0
16096,,41,0,1,1,0,1,1,8,0.209429,0.215629,0,0,0
16097,,32,0,3,3,0,3,3,8,0.250362,0.259419,0,0.333333,0
16098,,7,0,1,1,0,1,1,9,0.246124,0.25571,0,0,0
16100,,16,0,1,1,0,1,1,8,0.23483,0.24222,0,0,0
22058,,25,9,1,10,9,1,10,10,0.184126,0.188026,0,0.722222,0.002042
16105,,12,0,1,1,0,1,1,10,0.164896,0.168023,0,0,0
16106,,16,0,1,1,0,1,1,9,0.224454,0.231835,0,0,0
21177,,81,2,0,2,2,0,2,0,0,0,0,0,0.000397
24940,,81,1,0,1,1,0,1,0,0,0,0,0,0.000229
30556,,81,1,0,1,1,0,1,0,0,0,0,0,0.000229
33104,,81,2,0,2,2,0,2,0,0,0,0,0,0.000402
16109,,16,0,1,1,0,1,1,9,0.199733,0.205084,0,0,0
16110,,36,0,3,3,0,3,3,9,0.227448,0.235096,0,0.166667,0
16112,,7,0,1,1,0,1,1,9,0.209156,0.214457,0,0,0
16113,,14,0,1,1,0,1,1,9,0.201898,0.206624,0,0,0
16114,,7,0,1,1,0,1,1,9,0.217772,0.224194,0,0,0
16115,,7,0,1,1,0,1,1,9,0.19698,0.201473,0,0,0
16116,,65,0,1,1,0,1,1,10,0.172726,0.175872,0,0,0
16118,,16,0,2,2,0,2,2,8,0.240555,0.249896,0,1,0
16120,,7,0,2,2,0,2,2,7,0.294711,0.309081,0,1,0
16122,,261,1,1,2,1,1,2,1,1,1,0,0,0.000173
16123,,261,1,1,2,1,1,2,1,1,1,0,0,0.000173
16124,,7,0,1,1,0,1,1,8,0.261475,0.272568,0,0,0
16125,,32,0,1,1,0,1,1,8,0.234493,0.242444,0,0,0
16127,,1,0,2,2,0,2,2,8,0.232961,0.241265,0,0,0
16128,,36,0,3,3,0,3,3,9,0.223194,0.230322,0,0.166667,0
16129,,36,1,0,1,1,0,1,0,0,0,0,0,0.000168
16130,,16,1,7,8,1,7,8,8,0.253504,0.263734,18827,0.428571,0.000173
18370,,16,1,1,2,1,1,2,9,0.202239,0.207232,0,0,0.000173
16140,,7,0,1,1,0,1,1,9,0.200066,0.204368,0,0,0
16142,,262,0,1,1,0,1,1,1,1,1,0,0,0
16143,,262,1,0,1,1,0,1,0,0,0,0,0,0.000168
16144,,12,0,1,1,0,1,1,10,0.164896,0.168023,0,0,0
16145,,7,0,4,4,0,4,4,9,0.246401,0.256172,0,0.5,0
16146,,2,0,1,1,0,1,1,9,0.198131,0.202472,0,0,0
16148,,263,0,1,1,0,1,1,1,1,1,0,0,0
16149,,263,1,0,1,1,0,1,0,0,0,0,0,0.000168
16150,,7,0,1,1,0,1,1,9,0.238286,0.246733,0,0,0
16151,,7,0,1,1,0,1,1,8,0.231851,0.238751,0,0,0
16152,,53,0,1,1,0,1,1,9,0.206357,0.211863,0,0,0
16153,,53,0,1,1,0,1,1,9,0.206357,0.211863,0,0,0
16154,,16,0,1,1,0,1,1,8,0.251382,0.261452,0,0,0
16156,,53,0,1,1,0,1,1,9,0.206357,0.211863,0,0,0
16157,,32,0,2,2,0,2,2,8,0.241753,0.249883,0,1,0
16158,,53,0,1,1,0,1,1,9,0.206357,0.211863,0,0,0
16160,,53,0,1,1,0,1,1,9,0.206357,0.211863,0,0,0
16162,,408,2,1,3,2,1,3,9,0.222815,0.230116,37654,0,0.000336
16166,,7,1,0,1,1,0,1,0,0,0,0,0,0.000178
16169,,2,0,2,2,0,2,2,8,0.239526,0.247222,0,0,0
16170,,14,0,1,1,0,1,1,8,0.247395,0.256736,0,0,0
16172,,14,0,1,1,0,1,1,9,0.218454,0.225285,0,0,0
16173,,7,0,1,1,0,1,1,8,0.231335,0.239437,0,0,0
16177,,7,0,1,1,0,1,1,9,0.220501,0.227103,0,0,0
16178,,16,0,2,2,0,2,2,8,0.228586,0.235544,0,1,0
16180,,7,0,1,1,0,1,1,9,0.223196,0.229761,0,0,0
16182,,7,0,1,1,0,1,1,8,0.229128,0.236488,0,0,0
16189,,65,0,1,1,0,1,1,9,0.195014,0.200132,0,0,0
16190,,1,0,1,1,0,1,1,8,0.238232,0.246371,0,0,0
16191,,585,1,1,2,1,1,2,9,0.232685,0.240463,18827,0,0.000168
16194,,7,0,1,1,0,1,1,8,0.240779,0.248938,0,0,0
16195,,22,0,1,1,0,1,1,9,0.214045,0.219989,0,0,0
16198,,7,0,1,1,0,1,1,9,0.202576,0.207455,0,0,0
16199,,7,0,3,3,0,3,3,8,0.240278,0.248141,0,0.5,0
16200,,22,0,1,1,0,1,1,9,0.21286,0.218905,0,0,0
16202,,16,0,1,1,0,1,1,9,0.212011,0.21781,0,0,0
16203,,12,0,2,2,0,2,2,9,0.210454,0.216607,0,0,0
16208,,16,0,1,1,0,1,1,8,0.227034,0.234934,0,0,0
16209,,22,0,1,1,0,1,1,9,0.21286,0.218905,0,0,0
16210,,264,0,1,1,0,1,1,10,0.171925,0.174876,0,0,0
16212,,7,0,1,1,0,1,1,9,0.246124,0.25571,0,0,0
16214,,81,0,1,1,0,1,1,8,0.233302,0.240064,0,0,0
16215,,41,0,2,2,0,2,2,9,0.220201,0.226695,0,0,0
16223,,67,1,0,1,1,0,1,0,0,0,0,0,0.000176
16224,,67,1,0,1,1,0,1,0,0,0,0,0,0.000176
16225,,67,1,0,1,1,0,1,0,0,0,0,0,0.000176
16226,,67,1,0,1,1,0,1,0,0,0,0,0,0.000176
16227,,67,1,0,1,1,0,1,0,0,0,0,0,0.000176
18703,,67,1,0,1,1,0,1,0,0,0,0,0,0.000183
16228,,16,0,1,1,0,1,1,8,0.231948,0.238988,0,0,0
29101,,67,1,0,1,1,0,1,0,0,0,0,0,0.000261
16234,,16,1,0,1,1,0,1,0,0,0,0,0,0.000203
16235,,65,0,1,1,0,1,1,9,0.217956,0.224292,0,0,0
16238,,67,0,1,1,0,1,1,10,0.178452,0.182062,0,0,0
16240,,41,0,2,2,0,2,2,11,0.160276,0.162828,0,0.5,0
17381,,41,1,2,3,1,2,3,10,0.19085,0.195119,9411.5,0.5,0.000168
16241,,12,0,4,4,0,4,4,8,0.233995,0.2412,0,0.083333,0
16242,,7,1,36,37,1,36,37,8,0.294444,0.309793,390.777268,0.121622,0.000168
25377,,7,1,0,1,1,0,1,0,0,0,0,0,0.000173
19577,,7,1,1,2,1,1,2,8,0.263006,0.273325,0,0.5,0.000173
16243,,7,0,1,1,0,1,1,9,0.232771,0.240328,0,0,0
16244,,14,0,1,1,0,1,1,8,0.247395,0.256736,0,0,0
16245,,65,0,3,3,0,3,3,9,0.218692,0.225233,0,0,0
16246,,1,0,1,1,0,1,1,8,0.228936,0.236648,0,0,0
16247,,1,0,2,2,0,2,2,8,0.233025,0.240543,0,0,0
16249,,32,0,1,1,0,1,1,9,0.189955,0.194065,0,0,0
16253,,16,0,4,4,0,4,4,8,0.255112,0.26711,0,0.166667,0
16254,,265,0,1,1,0,1,1,1,1,1,0,0,0
16255,,265,1,0,1,1,0,1,0,0,0,0,0,0.000168
16257,,53,0,1,1,0,1,1,9,0.206357,0.211863,0,0,0
16258,,53,0,1,1,0,1,1,9,0.206357,0.211863,0,0,0
16259,,16,0,1,1,0,1,1,8,0.251382,0.261452,0,0,0
16261,,53,0,1,1,0,1,1,9,0.206357,0.211863,0,0,0
16262,,53,0,1,1,0,1,1,9,0.206357,0.211863,0,0,0
16264,,53,0,1,1,0,1,1,9,0.206357,0.211863,0,0,0
16266,,12,1,3,4,1,3,4,9,0.227004,0.234361,18827,0,0.000168
16268,,1,0,1,1,0,1,1,9,0.21102,0.217224,0,0,0
16269,,67,0,1,1,0,1,1,9,0.214724,0.220911,0,0,0
16272,,81,0,1,1,0,1,1,8,0.233302,0.240064,0,0,0
16273,,25,0,1,1,0,1,1,9,0.19358,0.197675,0,0,0
16276,,16,0,2,2,0,2,2,9,0.203245,0.208503,0,1,0
16279,,14,0,1,1,0,1,1,9,0.22624,0.233068,0,0,0
16280,,53,0,1,1,0,1,1,10,0.190978,0.195329,0,0,0
16281,,7,0,4,4,0,4,4,7,0.29986,0.315034,0,0.75,0
16283,,12,0,3,3,0,3,3,8,0.249563,0.258732,0,0.333333,0
16284,,16,2,2,4,2,2,4,8,0.23898,0.247086,37656,0,0.000336
25253,,16,1,0,1,1,0,1,0,0,0,0,0,0.000177
16285,,16,0,1,1,0,1,1,9,0.222234,0.228625,0,0,0
16287,,81,0,7,7,0,7,7,9,0.195102,0.199235,0,0.333333,0
16951,,81,5,8,13,5,8,13,8,0.236475,0.243849,82297.073115,0.143939,0.001269
16288,,7,0,1,1,0,1,1,9,0.210191,0.215595,0,0,0
16289,,2,0,2,2,0,2,2,8,0.237409,0.24577,0,0,0
19500,,41,1,1,2,1,1,2,10,0.181426,0.18549,42.466218,0,0.000193
16294,,36,0,1,1,0,1,1,10,0.176789,0.180292,0,0,0
18844,,16,1,1,2,1,1,2,8,0.234108,0.241442,0,0.5,0.000274
26193,,16,1,0,1,1,0,1,0,0,0,0,0,0.000274
17669,,16,1,2,3,1,2,3,9,0.235357,0.244092,82.282576,0,0.000274
16297,,81,1,3,4,1,3,4,8,0.233336,0.240172,0.4,0.5,0.000231
16299,,7,0,1,1,0,1,1,10,0.186859,0.190925,0,0,0
16300,,7,0,1,1,0,1,1,10,0.167226,0.169765,0,0,0
16301,,7,0,1,1,0,1,1,9,0.219598,0.226206,0,0,0
16302,,16,0,1,1,0,1,1,8,0.232418,0.240737,0,0,0
16304,,36,0,2,2,0,2,2,9,0.219341,0.226192,0,0,0
32087,,36,1,0,1,1,0,1,0,0,0,0,0,0.000168
16305,,16,0,1,1,0,1,1,8,0.251382,0.261452,0,0,0
16306,,16,0,1,1,0,1,1,8,0.244433,0.254493,0,0,0
16307,,7,0,1,1,0,1,1,9,0.222815,0.230116,0,0,0
16308,,16,0,4,4,0,4,4,8,0.246698,0.25656,0,0.083333,0
16309,,53,0,1,1,0,1,1,9,0.206357,0.211863,0,0,0
16310,,53,0,1,1,0,1,1,9,0.206357,0.211863,0,0,0
16311,,53,0,1,1,0,1,1,9,0.206357,0.211863,0,0,0
16312,,7,0,1,1,0,1,1,9,0.238286,0.246733,0,0,0
22506,,16,2,1,3,2,1,3,1,1,1,0,0.5,0.000467
16314,,53,0,1,1,0,1,1,9,0.206357,0.211863,0,0,0
16316,,7,0,1,1,0,1,1,9,0.238286,0.246733,0,0,0
16317,,7,0,1,1,0,1,1,1,1,1,0,0,0
16320,,7,0,1,1,0,1,1,9,0.220178,0.227274,0,0,0
16322,,7,0,1,1,0,1,1,8,0.229363,0.236176,0,0,0
22075,,41,1,0,1,1,0,1,0,0,0,0,0,0.000189
16324,,7,0,1,1,0,1,1,9,0.218596,0.22517,0,0,0
26610,,7,1,0,1,1,0,1,0,0,0,0,0,0.00033
27967,,7,1,0,1,1,0,1,0,0,0,0,0,0.00033
18585,,7,1,0,1,1,0,1,0,0,0,0,0,0.000502
16331,,7,0,1,1,0,1,1,8,0.261475,0.272568,0,0,0
16333,,53,0,1,1,0,1,1,9,0.206357,0.211863,0,0,0
16335,,14,0,1,1,0,1,1,8,0.247395,0.256736,0,0,0
16336,,7,0,1,1,0,1,1,9,0.250609,0.260973,0,0,0
16338,,7,0,3,3,0,3,3,7,0.293632,0.308106,0,0,0
19967,,7,1,0,1,1,0,1,0,0,0,0,0,0.000168
16339,,7,0,2,2,0,2,2,8,0.228569,0.236021,0,0,0
16340,,7,0,1,1,0,1,1,1,1,1,0,0,0
16342,,7,0,1,1,0,1,1,8,0.261475,0.272568,0,0,0
16346,,81,0,2,2,0,2,2,9,0.194105,0.197909,0,0.5,0
16347,,7,0,1,1,0,1,1,8,0.235978,0.24347,0,0,0
18577,,81,1,0,1,1,0,1,0,0,0,0,0,0.00031
16350,,1,0,4,4,0,4,4,9,0.203559,0.209488,0,0.083333,0
22496,,41,1,6,7,1,6,7,8,0.254781,0.265571,905.507349,0.666667,0.000381
16356,,7,0,1,1,0,1,1,8,0.261475,0.272568,0,0,0
16358,,7,1,3,4,1,3,4,8,0.243186,0.252105,4.064533,0.25,0.000302
16362,,41,0,1,1,0,1,1,9,0.209788,0.215674,0,0,0
16364,,7,0,1,1,0,1,1,9,0.214457,0.220627,0,0,0
20255,,16,1,0,1,1,0,1,0,0,0,0,0,0.000369
22886,,65,9,5,14,9,5,14,9,0.209868,0.215952,164946.771898,0.045455,0.0019
17126,,16,1,1,2,1,1,2,9,0.20608,0.211828,0,0,0.000369
16376,,7,0,1,1,0,1,1,1,1,1,0,0,0
16377,,7,0,1,1,0,1,1,8,0.233233,0.240201,0,0,0
16379,,12,0,1,1,0,1,1,9,0.203206,0.207901,0,0,0
16381,,41,0,1,1,0,1,1,8,0.257544,0.268689,0,0,0
16384,,16,0,1,1,0,1,1,9,0.211758,0.218061,0,0,0
16385,,266,0,1,1,0,1,1,9,0.193015,0.197058,0,0,0
16390,,53,0,2,2,0,2,2,9,0.212914,0.218857,0,0,0
24035,,53,1,0,1,1,0,1,0,0,0,0,0,0.000168
29505,,1,1,0,1,1,0,1,0,0,0,0,0,0.000173
16392,,7,0,1,1,0,1,1,1,1,1,0,0,0
16393,,41,0,1,1,0,1,1,8,0.235753,0.244207,0,0,0
16397,,1,2,3,5,2,3,5,1,1,1,6,0,0.000336
16398,,1,1,0,1,1,0,1,0,0,0,0,0,0.000177
19293,,1,1,0,1,1,0,1,0,0,0,0,0,0.000177
21209,,65,1,0,1,1,0,1,0,0,0,0,0,0.000182
23650,,65,1,1,2,1,1,2,8,0.240659,0.249161,444.129355,0,0.000182
16401,,36,1,1,2,1,1,2,9,0.207287,0.212647,87.709148,0,0.000174
25979,,14,1,0,1,1,0,1,0,0,0,0,0,0.000201
19587,,14,3,3,6,3,3,6,8,0.249104,0.258193,18831,0.366667,0.000583
16407,,16,0,2,2,0,2,2,8,0.239529,0.247473,0,1,0
16411,,7,0,1,1,0,1,1,8,0.262756,0.273466,0,0,0
16412,,7,0,2,2,0,2,2,7,0.293901,0.30838,0,0.5,0
16414,,65,0,5,5,0,5,5,9,0.217853,0.224097,0,0,0
23492,,65,1,0,1,1,0,1,0,0,0,0,0,0.000168
27645,,65,1,0,1,1,0,1,0,0,0,0,0,0.000168
16415,,41,0,1,1,0,1,1,9,0.193056,0.197937,0,0,0
16416,,7,0,1,1,0,1,1,1,1,1,0,0,0
16419,,7,0,1,1,0,1,1,8,0.262756,0.273466,0,0,0
16421,,41,1,0,1,1,0,1,0,0,0,0,0,0.000235
24736,,7,1,0,1,1,0,1,0,0,0,0,0,0.000214
28325,,7,1,0,1,1,0,1,0,0,0,0,0,0.000214
16424,,1,0,1,1,0,1,1,8,0.228936,0.236648,0,0,0
16427,,7,0,5,5,0,5,5,8,0.24425,0.253852,0,0.4,0
17073,,7,1,0,1,1,0,1,0,0,0,0,0,0.000178
30811,,7,1,1,2,1,1,2,9,0.206879,0.212473,0,0,0.000178
24685,,65,1,1,2,1,1,2,1,1,1,25976,0,0.000196
16432,,36,0,1,1,0,1,1,10,0.185066,0.189089,0,0,0
16433,,7,0,1,1,0,1,1,7,0.293553,0.307954,0,0,0
16713,,12,1,1,2,1,1,2,11,0.151418,0.153552,25974,0.5,0.000203
18032,,12,1,0,1,1,0,1,0,0,0,0,0,0.000203
16436,,7,0,3,3,0,3,3,9,0.230232,0.238011,0,0.5,0
16437,,2,0,1,1,0,1,1,9,0.21093,0.216501,0,0,0
16438,,81,0,1,1,0,1,1,8,0.233302,0.240064,0,0,0
16443,,7,0,1,1,0,1,1,8,0.262756,0.273466,0,0,0
16444,,7,0,1,1,0,1,1,1,1,1,0,0,0
16445,,7,3,0,3,3,0,3,0,0,0,0,0,0.000533
16446,,7,0,2,2,0,2,2,8,0.232889,0.240134,0,0,0
16447,,16,0,1,1,0,1,1,8,0.251382,0.261452,0,0,0
16448,,16,0,1,1,0,1,1,8,0.251382,0.261452,0,0,0
16450,,36,0,2,2,0,2,2,9,0.189473,0.194235,0,0.5,0
16451,,65,0,2,2,0,2,2,9,0.213829,0.219976,0,0,0
16453,,7,0,6,6,0,6,6,8,0.254601,0.264282,0,0.166667,0
16454,,7,0,1,1,0,1,1,9,0.200066,0.204368,0,0,0
16456,,267,0,1,1,0,1,1,1,1,1,0,0,0
16457,,267,1,0,1,1,0,1,0,0,0,0,0,0.000168
22967,,7,1,0,1,1,0,1,0,0,0,0,0,0.000245
16462,,12,0,2,2,0,2,2,10,0.186294,0.190379,0,0,0
16463,,12,1,0,1,1,0,1,0,0,0,0,0,0.000168
16465,,41,0,1,1,0,1,1,9,0.216656,0.222492,0,0,0
24732,,41,1,0,1,1,0,1,0,0,0,0,0,0.000208
30554,,41,1,0,1,1,0,1,0,0,0,0,0,0.000208
16468,,7,0,1,1,0,1,1,8,0.239554,0.247876,0,0,0
16469,,16,0,2,2,0,2,2,9,0.23557,0.244397,0,0,0
16471,,53,0,1,1,0,1,1,9,0.220297,0.227161,0,0,0
16472,,16,0,1,1,0,1,1,8,0.251382,0.261452,0,0,0
16475,,7,0,1,1,0,1,1,9,0.231745,0.239907,0,0,0
28545,,16,1,1,2,1,1,2,8,0.247795,0.258463,156.310705,0,0.000185
16477,,12,1,3,4,1,3,4,9,0.238106,0.246429,5.279235,0.5,0.000173
16622,,12,1,4,5,1,4,5,8,0.255399,0.265511,721.509253,0.25,0.000173
16478,,16,0,2,2,0,2,2,9,0.221928,0.229041,0,1,0
16479,,67,0,1,1,0,1,1,9,0.195862,0.200216,0,0,0
16481,,16,0,2,2,0,2,2,8,0.227467,0.23495,0,0.5,0
16483,,7,0,1,1,0,1,1,8,0.261475,0.272568,0,0,0
24251,,7,1,0,1,1,0,1,0,0,0,0,0,0.000176
22970,,7,2,6,8,2,6,8,8,0.262442,0.273625,38.856088,0.285714,0.000512
24643,,7,1,0,1,1,0,1,0,0,0,0,0,0.000176
25774,,7,1,0,1,1,0,1,0,0,0,0,0,0.000176
16486,,7,0,1,1,0,1,1,11,0.150028,0.152161,0,0,0
16494,,41,0,1,1,0,1,1,8,0.257544,0.268689,0,0,0
16495,,2,0,1,1,0,1,1,9,0.190876,0.195054,0,0,0
16496,,2,1,4,5,1,4,5,8,0.235892,0.244013,18827,0.15,0.000168
16499,,32,0,1,1,0,1,1,10,0.177826,0.181077,0,0,0
16501,,7,0,1,1,0,1,1,8,0.236001,0.244609,0,0,0
16504,,32,0,2,2,0,2,2,2,0.75,0.833333,0,0,0
16505,,32,1,0,1,1,0,1,0,0,0,0,0,0.000168
16507,,278,0,1,1,0,1,1,3,0.470588,0.520833,0,0,0
21536,,278,1,1,2,1,1,2,3,0.466667,0.52381,0,0,0.000232
21552,,278,1,0,1,1,0,1,0,0,0,0,0,0.000232
17269,,278,1,3,4,1,3,4,2,0.636364,0.714286,51968,0.333333,0.000232
26826,,278,1,1,2,1,1,2,3,0.466667,0.52381,0,0,0.000232
32664,,278,1,0,1,1,0,1,0,0,0,0,0,0.000232
16509,,7,0,3,3,0,3,3,8,0.268761,0.280525,0,0.5,0
16511,,7,0,1,1,0,1,1,8,0.261475,0.272568,0,0,0
16513,,16,0,1,1,0,1,1,8,0.236535,0.24595,0,0,0
16515,,7,0,1,1,0,1,1,8,0.261475,0.272568,0,0,0
16517,,36,0,1,1,0,1,1,8,0.22375,0.230857,0,0,0
21608,,7,1,1,2,1,1,2,9,0.250619,0.260979,307.05911,0,0.000178
16521,,36,0,1,1,0,1,1,9,0.20779,0.213223,0,0,0
16522,,7,0,1,1,0,1,1,9,0.211309,0.216875,0,0,0
16523,,7,0,1,1,0,1,1,10,0.179156,0.182314,0,0,0
16524,,16,0,1,1,0,1,1,9,0.216318,0.222799,0,0,0
16525,,41,0,1,1,0,1,1,9,0.204175,0.209329,0,0,0
16526,,7,0,14,14,0,14,14,8,0.27189,0.284744,0,0.368132,0
35477,,7,1,0,1,1,0,1,0,0,0,0,0,0.000325
16532,,16,0,1,1,0,1,1,9,0.194979,0.199216,0,0,0
16536,,16,0,1,1,0,1,1,11,0.151293,0.153664,0,0,0
16537,,16,0,1,1,0,1,1,8,0.236767,0.24412,0,0,0
16538,,1,0,3,3,0,3,3,8,0.248965,0.258235,0,0,0
16539,,16,0,1,1,0,1,1,8,0.221512,0.22797,0,0,0
16540,,41,0,1,1,0,1,1,9,0.186402,0.190307,0,0,0
16541,,12,0,1,1,0,1,1,11,0.1443,0.146104,0,0,0
16542,,12,1,1,2,1,1,2,10,0.168625,0.171488,18827,0,0.000168
16544,,69,1,1,2,1,1,2,2,0.545455,0.583333,0,0,0.000191
16564,,69,1,0,1,1,0,1,0,0,0,0,0,0.000191
16582,,69,1,0,1,1,0,1,0,0,0,0,0,0.000191
16547,,69,1,1,2,1,1,2,2,0.545455,0.583333,0,0,0.000191
16583,,69,1,0,1,1,0,1,0,0,0,0,0,0.000191
16584,,69,1,0,1,1,0,1,0,0,0,0,0,0.000191
16557,,7,0,1,1,0,1,1,9,0.220643,0.227509,0,0,0
22576,,1,1,2,3,1,2,3,9,0.187318,0.191516,2272.560841,0,0.000235
16560,,7,0,1,1,0,1,1,9,0.210572,0.216011,0,0,0
16563,,16,0,3,3,0,3,3,8,0.239572,0.248215,0,0,0
32014,,65,1,0,1,1,0,1,0,0,0,0,0,0.000232
16569,,268,0,1,1,0,1,1,1,1,1,0,0,0
16570,,268,1,0,1,1,0,1,0,0,0,0,0,0.000168
16571,,1,0,1,1,0,1,1,10,0.187935,0.19206,0,0,0
16572,,7,0,1,1,0,1,1,9,0.187759,0.191968,0,0,0
16573,,16,0,1,1,0,1,1,8,0.236167,0.244733,0,0,0
16574,,67,0,1,1,0,1,1,9,0.221969,0.229196,0,0,0
16575,,65,0,1,1,0,1,1,9,0.213606,0.219549,0,0,0
16577,,7,0,1,1,0,1,1,9,0.229752,0.236924,0,0,0
16586,,7,0,1,1,0,1,1,9,0.214648,0.220517,0,0,0
16587,,65,0,1,1,0,1,1,9,0.208155,0.213697,0,0,0
16588,,7,0,3,3,0,3,3,9,0.226332,0.233499,0,0.333333,0
17008,,7,1,0,1,1,0,1,0,0,0,0,0,0.000231
16595,,14,1,1,2,1,1,2,8,0.247395,0.256736,18827,0,0.000168
16596,,41,0,1,1,0,1,1,8,0.236961,0.24442,0,0,0
16601,,7,0,1,1,0,1,1,9,0.225166,0.232311,0,0,0
16603,,7,0,1,1,0,1,1,9,0.246124,0.25571,0,0,0
16604,,7,0,1,1,0,1,1,1,1,1,0,0,0
16609,,12,0,2,2,0,2,2,9,0.22832,0.235711,0,0.5,0
16611,,81,0,1,1,0,1,1,9,0.19166,0.19573,0,0,0
16613,,7,0,1,1,0,1,1,9,0.199312,0.203988,0,0,0
16614,,65,0,1,1,0,1,1,11,0.147301,0.149269,0,0,0
16615,,7,0,1,1,0,1,1,8,0.239167,0.246988,0,0,0
16616,,7,0,3,3,0,3,3,8,0.267,0.278331,0,0.5,0
16618,,16,0,6,6,0,6,6,8,0.285695,0.299916,0,0.566667,0
16621,,16,0,5,5,0,5,5,8,0.250549,0.259951,0,0.45,0
31241,,16,2,0,2,2,0,2,0,0,0,0,0,0.000581
16626,,53,0,7,7,0,7,7,8,0.24208,0.250188,0,0,0
16627,,53,1,0,1,1,0,1,0,0,0,0,0,0.000168
16630,,7,0,2,2,0,2,2,8,0.26276,0.273493,0,0.5,0
16914,,7,1,1,2,1,1,2,9,0.226901,0.234643,187.526881,0,0.000175
16633,,7,0,2,2,0,2,2,8,0.236618,0.244224,0,0,0
19893,,67,1,2,3,1,2,3,8,0.248331,0.258258,3743.474381,0,0.000174
16635,,7,0,1,1,0,1,1,8,0.234569,0.242416,0,0,0
16639,,32,0,1,1,0,1,1,1,1,1,0,0,0
16642,,41,0,1,1,0,1,1,1,1,1,0,0,0
16643,,7,0,1,1,0,1,1,8,0.236001,0.244609,0,0,0
16644,,16,0,1,1,0,1,1,9,0.187821,0.191829,0,0,0
16645,,16,0,1,1,0,1,1,9,0.221716,0.228438,0,0,0
16646,,53,0,1,1,0,1,1,9,0.220459,0.227318,0,0,0
16648,,12,1,2,3,1,2,3,10,0.164661,0.167585,0,0.5,0.000266
16661,,12,1,2,3,1,2,3,10,0.16474,0.167777,17.061896,0.5,0.000266
23253,,12,1,3,4,1,3,4,10,0.164664,0.16762,57.548724,0,0.000266
22755,,12,1,3,4,1,3,4,9,0.185538,0.189973,26.547593,0.25,0.000266
16650,,16,0,1,1,0,1,1,8,0.251382,0.261452,0,0,0
16651,,7,0,1,1,0,1,1,9,0.218852,0.224864,0,0,0
16652,,41,0,1,1,0,1,1,9,0.188027,0.192185,0,0,0
16656,,1,0,2,2,0,2,2,8,0.26409,0.274598,0,0,0
16658,,7,0,2,2,0,2,2,9,0.227173,0.23458,0,0,0
16659,,2,0,1,1,0,1,1,9,0.219675,0.226242,0,0,0
16660,,16,0,4,4,0,4,4,8,0.263621,0.275312,0,0.25,0
16662,,53,0,1,1,0,1,1,10,0.180531,0.184248,0,0,0
16666,,1,0,1,1,0,1,1,9,0.199217,0.203911,0,0,0
16669,,7,0,1,1,0,1,1,9,0.224094,0.230626,0,0,0
16671,,16,0,1,1,0,1,1,9,0.22198,0.22912,0,0,0
16675,,36,0,1,1,0,1,1,9,0.21389,0.220139,0,0,0
16676,,16,0,3,3,0,3,3,8,0.263927,0.274849,0,0,0
16677,,16,1,0,1,1,0,1,0,0,0,0,0,0.000168
28635,,16,1,2,3,1,2,3,8,0.252146,0.262307,0,0.833333,0.000277
16680,,2,0,1,1,0,1,1,9,0.209226,0.214674,0,0,0
16682,,53,0,3,3,0,3,3,8,0.23628,0.244293,0,0.166667,0
16684,,81,0,1,1,0,1,1,8,0.233302,0.240064,0,0,0
16687,,7,0,1,1,0,1,1,9,0.226946,0.234172,0,0,0
16690,,16,0,1,1,0,1,1,9,0.225849,0.233205,0,0,0
16691,,7,0,2,2,0,2,2,9,0.238537,0.246734,0,1,0
16692,,7,0,1,1,0,1,1,9,0.231745,0.239907,0,0,0
16694,,16,0,1,1,0,1,1,8,0.251382,0.261452,0,0,0
16695,,16,0,3,3,0,3,3,8,0.263436,0.275102,0,0.833333,0
16696,,16,0,1,1,0,1,1,8,0.251382,0.261452,0,0,0
16697,,16,0,1,1,0,1,1,8,0.232829,0.239934,0,0,0
16698,,7,0,1,1,0,1,1,8,0.240036,0.247689,0,0,0
34627,,7,1,0,1,1,0,1,0,0,0,0,0,0.000255
35343,,36,1,0,1,1,0,1,0,0,0,0,0,0.000185
23666,,16,1,1,2,1,1,2,8,0.233637,0.242001,365.981979,0,0.000259
16702,,7,0,1,1,0,1,1,8,0.262756,0.273466,0,0,0
16703,,53,0,1,1,0,1,1,9,0.206357,0.211863,0,0,0
16704,,69,0,1,1,0,1,1,8,0.232117,0.239041,0,0,0
16705,,53,0,2,2,0,2,2,9,0.216786,0.223245,0,0,0
16706,,53,0,1,1,0,1,1,9,0.206357,0.211863,0,0,0
16707,,53,0,1,1,0,1,1,9,0.206357,0.211863,0,0,0
16708,,16,0,1,1,0,1,1,9,0.218439,0.22522,0,0,0
16709,,7,0,3,3,0,3,3,8,0.23232,0.239807,0,0,0
31295,,7,3,0,3,3,0,3,0,0,0,0,0,0.000522
16712,,16,0,1,1,0,1,1,8,0.244275,0.253708,0,0,0
16883,,12,1,1,2,1,1,2,10,0.178434,0.181933,18825,0.5,0.000173
16717,,7,0,1,1,0,1,1,8,0.251664,0.260845,0,0,0
16719,,53,0,1,1,0,1,1,9,0.206357,0.211863,0,0,0
16720,,7,0,2,2,0,2,2,9,0.236743,0.245051,0,0.5,0
16721,,7,0,2,2,0,2,2,8,0.23722,0.245805,0,1,0
16723,,7,0,1,1,0,1,1,8,0.262756,0.273466,0,0,0
16724,,53,0,1,1,0,1,1,9,0.220297,0.227161,0,0,0
16728,,7,0,1,1,0,1,1,9,0.208088,0.213254,0,0,0
16731,,7,0,1,1,0,1,1,8,0.261475,0.272568,0,0,0
29188,,35,1,0,1,1,0,1,0,0,0,0,0,0.000209
16735,,25,0,2,2,0,2,2,8,0.236425,0.244432,0,1,0
16736,,81,0,1,1,0,1,1,9,0.197236,0.20195,0,0,0
16737,,16,0,1,1,0,1,1,8,0.23674,0.244313,0,0,0
16738,,7,0,1,1,0,1,1,8,0.2336,0.240852,0,0,0
16740,,16,0,1,1,0,1,1,8,0.233638,0.242002,0,0,0
16741,,32,0,1,1,0,1,1,8,0.232907,0.239721,0,0,0
16743,,65,0,1,1,0,1,1,8,0.236841,0.24458,0,0,0
16744,,41,0,3,3,0,3,3,8,0.236247,0.245014,0,0.333333,0
16748,,7,1,6,7,1,6,7,8,0.276599,0.289919,431.554082,0.357143,0.000168
16749,,7,0,2,2,0,2,2,8,0.218634,0.225029,0,0,0
16750,,269,0,1,1,0,1,1,1,1,1,0,0,0
16751,,269,1,0,1,1,0,1,0,0,0,0,0,0.000168
16755,,65,0,1,1,0,1,1,9,0.213606,0.219549,0,0,0
16756,,7,0,1,1,0,1,1,10,0.179156,0.182314,0,0,0
16758,,7,0,1,1,0,1,1,8,0.262756,0.273466,0,0,0
16759,,270,0,1,1,0,1,1,1,1,1,0,0,0
16760,,270,1,0,1,1,0,1,0,0,0,0,0,0.000168
16761,,7,0,3,3,0,3,3,8,0.255344,0.265567,0,1,0
16762,,16,0,1,1,0,1,1,10,0.195695,0.200332,0,0,0
16763,,544,2,1,3,2,1,3,1,1,1,3,0,0.000341
16764,,544,1,0,1,1,0,1,0,0,0,0,0,0.000178
16765,,16,0,1,1,0,1,1,8,0.251382,0.261452,0,0,0
16766,,16,0,1,1,0,1,1,9,0.212123,0.218423,0,0,0
16767,,7,0,2,2,0,2,2,9,0.235729,0.243691,0,0,0
16770,,16,0,1,1,0,1,1,8,0.251382,0.261452,0,0,0
16772,,7,0,5,5,0,5,5,8,0.264265,0.275351,0,0.25,0
16774,,16,0,1,1,0,1,1,8,0.251382,0.261452,0,0,0
16776,,32,0,1,1,0,1,1,9,0.197794,0.202523,0,0,0
25836,,7,1,1,2,1,1,2,9,0.22717,0.235194,3062.398129,0,0.000188
16783,,7,0,1,1,0,1,1,9,0.226164,0.233246,0,0,0
16785,,7,0,3,3,0,3,3,8,0.235238,0.242611,0,0.5,0
25356,,7,1,2,3,1,2,3,9,0.210102,0.215931,32.328923,0,0.000185
16788,,16,0,2,2,0,2,2,8,0.231273,0.239121,0,0.5,0
16790,,7,0,1,1,0,1,1,9,0.21553,0.22114,0,0,0
16791,,65,0,1,1,0,1,1,9,0.217956,0.224292,0,0,0
16794,,7,0,2,2,0,2,2,8,0.242945,0.251275,0,0,0
16796,,7,0,1,1,0,1,1,9,0.220384,0.227251,0,0,0
16799,,32,0,1,1,0,1,1,1,1,1,0,0,0
16801,,12,0,1,1,0,1,1,9,0.185524,0.189879,0,0,0
16802,,7,0,1,1,0,1,1,9,0.226946,0.234172,0,0,0
16803,,22,0,1,1,0,1,1,9,0.21286,0.218905,0,0,0
16804,,16,0,1,1,0,1,1,8,0.232829,0.239934,0,0,0
16805,,7,0,1,1,0,1,1,9,0.207284,0.212645,0,0,0
16807,,7,0,1,1,0,1,1,8,0.262756,0.273466,0,0,0
16808,,16,0,1,1,0,1,1,8,0.236167,0.244733,0,0,0
16811,,65,0,1,1,0,1,1,9,0.213606,0.219549,0,0,0
18848,,16,1,0,1,1,0,1,0,0,0,0,0,0.00022
23950,,16,1,0,1,1,0,1,0,0,0,0,0,0.000402
16817,,41,0,1,1,0,1,1,9,0.211911,0.217841,0,0,0
16818,,41,0,1,1,0,1,1,9,0.203992,0.208642,0,0,0
16821,,7,0,1,1,0,1,1,7,0.293553,0.307954,0,0,0
16823,,14,0,1,1,0,1,1,9,0.180132,0.183494,0,0,0
16826,,41,0,1,1,0,1,1,8,0.235753,0.244207,0,0,0
16827,,67,0,4,4,0,4,4,8,0.246691,0.25628,0,0.083333,0
16829,,69,0,3,3,0,3,3,9,0.191862,0.196323,0,0,0
16833,,7,0,3,3,0,3,3,8,0.239065,0.247475,0,0,0
16834,,7,0,1,1,0,1,1,8,0.253959,0.263295,0,0,0
16835,,7,0,1,1,0,1,1,9,0.227396,0.235291,0,0,0
16837,,16,0,1,1,0,1,1,9,0.222226,0.228905,0,0,0
16840,,271,0,1,1,0,1,1,1,1,1,0,0,0
16841,,271,1,0,1,1,0,1,0,0,0,0,0,0.000168
16842,,22,0,1,1,0,1,1,9,0.21286,0.218905,0,0,0
23285,,12,11,7,18,11,7,18,9,0.218138,0.225067,253586.53204,0.040441,0.001983
16848,,67,0,1,1,0,1,1,9,0.196072,0.200677,0,0,0
16849,,16,0,1,1,0,1,1,9,0.232941,0.240927,0,0,0
16850,,7,0,1,1,0,1,1,8,0.242744,0.250975,0,0,0
16851,,16,0,2,2,0,2,2,9,0.226305,0.23432,0,0,0
16852,,7,0,1,1,0,1,1,8,0.236815,0.244762,0,0,0
16853,,7,0,1,1,0,1,1,8,0.238712,0.2466,0,0,0
16854,,16,0,1,1,0,1,1,8,0.251382,0.261452,0,0,0
16856,,16,0,2,2,0,2,2,9,0.211613,0.217357,0,0,0
16857,,7,0,2,2,0,2,2,9,0.217643,0.223907,0,0,0
23102,,41,1,0,1,1,0,1,0,0,0,0,0,0.000178
16859,,7,0,1,1,0,1,1,9,0.207609,0.212853,0,0,0
16860,,7,0,5,5,0,5,5,8,0.253624,0.263563,0,0.6,0
19907,,16,1,1,2,1,1,2,8,0.251379,0.261448,0,1,0.000285
16862,,7,0,1,1,0,1,1,9,0.231387,0.239068,0,0,0
16863,,16,0,1,1,0,1,1,8,0.234514,0.24306,0,0,0
16865,,7,0,1,1,0,1,1,9,0.224027,0.230383,0,0,0
16867,,41,0,1,1,0,1,1,2,0.666667,0.75,0,0,0
16869,,22,0,1,1,0,1,1,9,0.183805,0.188435,0,0,0
16870,,14,0,2,2,0,2,2,9,0.22573,0.233571,0,0,0
16872,,16,0,1,1,0,1,1,8,0.236167,0.244733,0,0,0
16876,,16,0,1,1,0,1,1,8,0.240389,0.248209,0,0,0
16878,,16,0,1,1,0,1,1,9,0.238773,0.247361,0,0,0
16879,,16,0,4,4,0,4,4,9,0.221419,0.228927,0,0.416667,0
16882,,16,0,1,1,0,1,1,9,0.221572,0.228332,0,0,0
16884,,53,0,1,1,0,1,1,9,0.206357,0.211863,0,0,0
16885,,53,0,1,1,0,1,1,9,0.206357,0.211863,0,0,0
16886,,1,0,1,1,0,1,1,9,0.186297,0.190341,0,0,0
16887,,53,0,1,1,0,1,1,9,0.206357,0.211863,0,0,0
16888,,16,0,1,1,0,1,1,8,0.232249,0.239663,0,0,0
16889,,7,0,1,1,0,1,1,9,0.200066,0.204368,0,0,0
16890,,16,0,1,1,0,1,1,9,0.198315,0.203192,0,0,0
16891,,16,0,1,1,0,1,1,9,0.203489,0.208664,0,0,0
16895,,7,0,1,1,0,1,1,9,0.200066,0.204368,0,0,0
16896,,7,0,1,1,0,1,1,9,0.191475,0.195574,0,0,0
16897,,16,0,1,1,0,1,1,8,0.236167,0.244733,0,0,0
16898,,67,0,1,1,0,1,1,9,0.211608,0.217302,0,0,0
16902,,16,0,3,3,0,3,3,8,0.23008,0.237408,0,0.666667,0
16903,,7,0,1,1,0,1,1,9,0.209259,0.214889,0,0,0
16904,,7,0,1,1,0,1,1,8,0.234569,0.242416,0,0,0
16906,,7,0,1,1,0,1,1,8,0.225592,0.232946,0,0,0
16910,,7,0,1,1,0,1,1,8,0.225592,0.232946,0,0,0
16911,,7,0,1,1,0,1,1,8,0.225592,0.232946,0,0,0
16912,,272,0,1,1,0,1,1,1,1,1,0,0,0
16913,,272,1,0,1,1,0,1,0,0,0,0,0,0.000168
16915,,53,0,1,1,0,1,1,9,0.206357,0.211863,0,0,0
16917,,7,0,1,1,0,1,1,8,0.247064,0.255642,0,0,0
19845,,12,4,0,4,4,0,4,0,0,0,0,0.166667,0.000781
16921,,32,0,1,1,0,1,1,8,0.234493,0.242444,0,0,0
16923,,135,0,1,1,0,1,1,2,0.571429,0.625,0,0,0
30118,,7,3,1,4,3,1,4,8,0.247782,0.256719,19744.969914,0,0.000537
16926,,7,0,1,1,0,1,1,9,0.226463,0.234215,0,0,0
16927,,16,0,1,1,0,1,1,9,0.19303,0.197219,0,0,0
16928,,16,1,2,3,1,2,3,8,0.239191,0.247344,18827,0.333333,0.000168
16929,,7,0,1,1,0,1,1,10,0.184656,0.188771,0,0,0
16931,,41,0,1,1,0,1,1,9,0.214128,0.220297,0,0,0
16932,,7,0,1,1,0,1,1,9,0.22138,0.227546,0,0,0
16935,,273,0,1,1,0,1,1,1,1,1,0,0,0
16936,,273,1,0,1,1,0,1,0,0,0,0,0,0.000168
16937,,16,0,1,1,0,1,1,9,0.217271,0.223468,0,0,0
16938,,53,0,1,1,0,1,1,9,0.201062,0.205746,0,0,0
16939,,16,0,1,1,0,1,1,8,0.251382,0.261452,0,0,0
16940,,7,0,1,1,0,1,1,8,0.248761,0.257751,0,0,0
16945,,41,0,1,1,0,1,1,9,0.210713,0.216558,0,0,0
16949,,7,0,1,1,0,1,1,9,0.224027,0.230383,0,0,0
16950,,7,0,1,1,0,1,1,9,0.200066,0.204368,0,0,0
26647,,81,1,4,5,1,4,5,8,0.245255,0.253113,26376.523562,0.25,0.000197
16952,,2,0,13,13,0,13,13,8,0.258825,0.269524,0,0.019231,0
29572,,2,2,0,2,2,0,2,0,0,0,0,0,0.000336
17885,,41,1,2,3,1,2,3,9,0.192574,0.196603,0,1,0.000207
27222,,41,4,4,8,4,4,8,8,0.238494,0.246266,112998.667077,0.1,0.000728
16954,,81,0,1,1,0,1,1,8,0.233302,0.240064,0,0,0
16955,,7,2,3,5,2,3,5,9,0.188921,0.193002,349.594541,0,0.000379
16962,,41,0,1,1,0,1,1,9,0.195066,0.199384,0,0,0
16964,,65,0,1,1,0,1,1,9,0.213606,0.219549,0,0,0
16966,,16,0,1,1,0,1,1,8,0.222226,0.228739,0,0,0
29894,,25,1,1,2,1,1,2,10,0.184134,0.188062,0,1,0.000266
16969,,7,0,5,5,0,5,5,9,0.24081,0.250502,0,0.5,0
16975,,7,0,5,5,0,5,5,8,0.268447,0.280465,0,0.25,0
16976,,16,0,2,2,0,2,2,8,0.234496,0.24196,0,1,0
16977,,7,0,1,1,0,1,1,8,0.262756,0.273466,0,0,0
16978,,16,0,2,2,0,2,2,8,0.239529,0.247473,0,1,0
16979,,41,0,1,1,0,1,1,9,0.20187,0.207074,0,0,0
16981,,16,0,1,1,0,1,1,8,0.227034,0.234934,0,0,0
16984,,7,0,1,1,0,1,1,9,0.223048,0.230398,0,0,0
16985,,65,0,4,4,0,4,4,8,0.241072,0.24953,0,0.5,0
16987,,81,0,1,1,0,1,1,9,0.201563,0.206344,0,0,0
28029,,7,1,1,2,1,1,2,9,0.211037,0.216616,0,0,0.000261
29151,,39,1,1,2,1,1,2,9,0.186271,0.190277,0,0,0.000197
30835,,7,1,0,1,1,0,1,0,0,0,0,0,0.000209
24995,,7,1,7,8,1,7,8,8,0.260958,0.272021,24.011362,0.321429,0.000209
16992,,7,0,1,1,0,1,1,9,0.193032,0.196903,0,0,0
16994,,7,0,1,1,0,1,1,8,0.262756,0.273466,0,0,0
16995,,22,0,1,1,0,1,1,10,0.175507,0.178836,0,0,0
16996,,16,0,1,1,0,1,1,9,0.198315,0.203192,0,0,0
33392,,16,2,0,2,2,0,2,0,0,0,0,0,0.000565
17005,,7,0,2,2,0,2,2,8,0.251389,0.261148,0,0,0
17007,,16,0,2,2,0,2,2,9,0.192767,0.196909,0,1,0
17010,,16,0,1,1,0,1,1,9,0.224977,0.23191,0,0,0
23937,,7,1,0,1,1,0,1,0,0,0,0,0,0.001326
17014,,7,0,2,2,0,2,2,8,0.242779,0.250936,0,0,0
17015,,7,0,1,1,0,1,1,8,0.227308,0.234453,0,0,0
17016,,81,0,3,3,0,3,3,8,0.233346,0.240191,0,0.166667,0
17243,,81,1,0,1,1,0,1,0,0,0,0,0,0.000168
17018,,41,0,1,1,0,1,1,8,0.257544,0.268689,0,0,0
17023,,7,0,1,1,0,1,1,8,0.23992,0.247233,0,0,0
17025,,16,0,1,1,0,1,1,9,0.210829,0.216341,0,0,0
17026,,1,0,1,1,0,1,1,9,0.195351,0.199935,0,0,0
17029,,41,0,2,2,0,2,2,10,0.173423,0.176719,0,0,0
18340,,41,1,0,1,1,0,1,0,0,0,0,0,0.000168
25813,,7,2,2,4,2,2,4,8,0.251695,0.260912,35398.486413,0.166667,0.000342
17036,,7,0,1,1,0,1,1,8,0.248387,0.257168,0,0,0
33374,,14,2,0,2,2,0,2,0,0,0,0,0,0.00037
17039,,7,0,1,1,0,1,1,9,0.224765,0.231975,0,0,0
17040,,22,0,1,1,0,1,1,9,0.21286,0.218905,0,0,0
17041,,53,0,1,1,0,1,1,9,0.220297,0.227161,0,0,0
17042,,7,0,1,1,0,1,1,8,0.251523,0.26155,0,0,0
17043,,16,0,1,1,0,1,1,8,0.236167,0.244733,0,0,0
17044,,16,0,1,1,0,1,1,9,0.215775,0.22222,0,0,0
17045,,7,0,4,4,0,4,4,8,0.244522,0.252765,0,0.333333,0
17046,,16,0,1,1,0,1,1,9,0.199733,0.205084,0,0,0
17047,,16,0,1,1,0,1,1,9,0.215775,0.22222,0,0,0
17050,,7,0,1,1,0,1,1,9,0.217507,0.223845,0,0,0
17054,,7,0,1,1,0,1,1,9,0.220516,0.227424,0,0,0
17055,,7,0,3,3,0,3,3,9,0.2348,0.242918,0,0.333333,0
17057,,65,0,1,1,0,1,1,9,0.190495,0.194507,0,0,0
17058,,7,0,1,1,0,1,1,9,0.200066,0.204368,0,0,0
17060,,7,0,3,3,0,3,3,8,0.263861,0.274814,0,0.333333,0
17061,,7,0,1,1,0,1,1,8,0.261475,0.272568,0,0,0
17062,,25,0,1,1,0,1,1,9,0.220377,0.226523,0,0,0
17064,,32,0,2,2,0,2,2,9,0.212319,0.218375,0,0,0
17066,,16,0,1,1,0,1,1,9,0.210829,0.216341,0,0,0
17069,,1,0,1,1,0,1,1,9,0.209903,0.215811,0,0,0
17070,,7,0,1,1,0,1,1,9,0.209259,0.214889,0,0,0
17072,,16,0,1,1,0,1,1,8,0.251382,0.261452,0,0,0
17075,,41,0,1,1,0,1,1,9,0.226185,0.233312,0,0,0
17076,,7,0,1,1,0,1,1,8,0.229363,0.236176,0,0,0
17077,,41,0,1,1,0,1,1,9,0.232863,0.240485,0,0,0
17079,,7,0,1,1,0,1,1,9,0.221081,0.227768,0,0,0
17082,,1,0,1,1,0,1,1,9,0.186297,0.190341,0,0,0
17084,,7,0,1,1,0,1,1,9,0.210242,0.21576,0,0,0
17085,,7,0,1,1,0,1,1,8,0.23758,0.245223,0,0,0
17086,,53,0,1,1,0,1,1,9,0.206357,0.211863,0,0,0
17087,,53,0,1,1,0,1,1,9,0.206357,0.211863,0,0,0
29300,,7,3,4,7,3,4,7,8,0.262076,0.273346,29195.88788,0.3,0.000643
30112,,7,1,0,1,1,0,1,0,0,0,0,0,0.000296
30703,,7,1,1,2,1,1,2,9,0.221454,0.227949,0,0,0.000296
30502,,7,1,4,5,1,4,5,8,0.262076,0.273346,53.240597,0.416667,0.000296
17089,,53,0,1,1,0,1,1,9,0.206357,0.211863,0,0,0
17090,,53,0,1,1,0,1,1,9,0.206357,0.211863,0,0,0
17091,,274,0,1,1,0,1,1,1,1,1,0,0,0
17092,,274,1,0,1,1,0,1,0,0,0,0,0,0.000168
17093,,53,0,2,2,0,2,2,9,0.221411,0.228172,0,0.5,0
17094,,7,0,1,1,0,1,1,8,0.238712,0.2466,0,0,0
17095,,7,0,1,1,0,1,1,8,0.248325,0.257194,0,0,0
17096,,7,0,13,13,0,13,13,8,0.295692,0.310632,0,0.410256,0
17101,,41,0,3,3,0,3,3,9,0.20818,0.214049,0,0.333333,0
17102,,7,0,1,1,0,1,1,9,0.246124,0.25571,0,0,0
17105,,7,0,2,2,0,2,2,8,0.251533,0.26159,0,0,0
17106,,7,0,1,1,0,1,1,8,0.233233,0.240201,0,0,0
17107,,7,0,4,4,0,4,4,8,0.253798,0.263638,0,0.166667,0
19245,,7,1,0,1,1,0,1,0,0,0,0,0,0.000168
17108,,25,0,1,1,0,1,1,9,0.225635,0.232826,0,0,0
17110,,7,0,1,1,0,1,1,8,0.270888,0.28334,0,0,0
17113,,7,0,1,1,0,1,1,9,0.234953,0.24388,0,0,0
17116,,7,0,2,2,0,2,2,7,0.297176,0.311976,0,1,0
17120,,16,0,1,1,0,1,1,9,0.225957,0.2335,0,0,0
17122,,41,0,1,1,0,1,1,9,0.234736,0.243231,0,0,0
17123,,67,0,1,1,0,1,1,2,0.6,0.666667,0,0,0
17127,,16,0,1,1,0,1,1,9,0.2263,0.234284,0,0,0
17128,,7,0,1,1,0,1,1,9,0.226164,0.233246,0,0,0
17129,,7,0,2,2,0,2,2,8,0.24839,0.257194,0,0.5,0
17130,,1,1,1,2,1,1,2,9,0.192927,0.197242,18825,0.5,0.000173
17136,,22,0,1,1,0,1,1,9,0.21286,0.218905,0,0,0
17139,,14,0,1,1,0,1,1,8,0.25615,0.266929,0,0,0
17140,,7,0,1,1,0,1,1,9,0.206055,0.211476,0,0,0
17141,,16,0,1,1,0,1,1,1,1,1,0,0,0
17144,,7,0,1,1,0,1,1,8,0.248302,0.257867,0,0,0
23038,,36,1,0,1,1,0,1,0,0,0,0,0,0.000219
17146,,16,0,1,1,0,1,1,8,0.251382,0.261452,0,0,0
17148,,7,0,3,3,0,3,3,9,0.235936,0.24352,0,0,0
17150,,32,0,1,1,0,1,1,1,1,1,0,0,0
17152,,16,0,1,1,0,1,1,9,0.216318,0.222799,0,0,0
17154,,36,0,2,2,0,2,2,9,0.222839,0.23019,0,1,0
17158,,7,0,1,1,0,1,1,9,0.200066,0.204368,0,0,0
17161,,36,0,1,1,0,1,1,9,0.218761,0.22523,0,0,0
29192,,67,1,0,1,1,0,1,0,0,0,0,0,0.000237
29330,,67,1,0,1,1,0,1,0,0,0,0,0,0.000237
32363,,67,1,0,1,1,0,1,0,0,0,0,0,0.000237
32073,,67,1,2,3,1,2,3,8,0.240819,0.249009,0,1,0.000237
34758,,67,1,0,1,1,0,1,0,0,0,0,0,0.000237
35436,,67,1,0,1,1,0,1,0,0,0,0,0,0.000237
21586,,36,2,1,3,2,1,3,10,0.158061,0.160596,44798,0,0.000351
17168,,41,0,2,2,0,2,2,8,0.269956,0.282414,0,1,0
17169,,7,0,3,3,0,3,3,7,0.260675,0.270829,0,0.166667,0
17170,,7,0,1,1,0,1,1,8,0.272188,0.283721,0,0,0
17171,,7,0,1,1,0,1,1,8,0.255022,0.264509,0,0,0
17172,,2,0,1,1,0,1,1,8,0.235818,0.243199,0,0,0
17174,,65,0,1,1,0,1,1,9,0.213606,0.219549,0,0,0
17176,,32,0,1,1,0,1,1,8,0.234493,0.242444,0,0,0
17178,,1,0,1,1,0,1,1,8,0.214587,0.220453,0,0,0
17182,,32,0,1,1,0,1,1,8,0.245851,0.255055,0,0,0
17184,,16,0,1,1,0,1,1,8,0.2284,0.235296,0,0,0
17185,,16,0,1,1,0,1,1,8,0.2284,0.235296,0,0,0
17187,,7,0,1,1,0,1,1,8,0.251238,0.260024,0,0,0
17189,,32,0,1,1,0,1,1,1,1,1,0,0,0
17190,,275,0,1,1,0,1,1,1,1,1,0,0,0
17191,,275,1,0,1,1,0,1,0,0,0,0,0,0.000168
17192,,276,0,1,1,0,1,1,1,1,1,0,0,0
17198,,16,0,2,2,0,2,2,9,0.207627,0.213066,0,0,0
17200,,7,0,1,1,0,1,1,1,1,1,0,0,0
17201,,7,0,1,1,0,1,1,9,0.214494,0.22018,0,0,0
17202,,16,0,1,1,0,1,1,9,0.220464,0.227385,0,0,0
17205,,16,0,1,1,0,1,1,8,0.230091,0.237701,0,0,0
17207,,16,0,1,1,0,1,1,8,0.2284,0.235296,0,0,0
17208,,65,0,1,1,0,1,1,9,0.196125,0.200716,0,0,0
17209,,7,0,2,2,0,2,2,8,0.234165,0.242069,0,0,0
17211,,41,0,1,1,0,1,1,8,0.257544,0.268689,0,0,0
17212,,7,0,1,1,0,1,1,8,0.242475,0.25106,0,0,0
17214,,41,0,2,2,0,2,2,8,0.264681,0.276393,0,0,0
17216,,7,0,1,1,0,1,1,9,0.219288,0.225682,0,0,0
35738,,41,1,0,1,1,0,1,0,0,0,0,0,0.00018
25084,,7,1,0,1,1,0,1,0,0,0,0,0,0.000655
29544,,7,1,1,2,1,1,2,1,1,1,0.863312,0,0.000655
32500,,7,1,0,1,1,0,1,0,0,0,0,0,0.000655
32851,,7,1,0,1,1,0,1,0,0,0,0,0,0.000655
33960,,7,3,15,18,3,15,18,8,0.276086,0.289397,2681.434682,0.137255,0.001185
17220,,7,0,4,4,0,4,4,8,0.274803,0.286833,0,0.416667,0
17221,,16,0,1,1,0,1,1,9,0.224856,0.232784,0,0,0
17222,,32,0,1,1,0,1,1,8,0.234493,0.242444,0,0,0
17225,,7,0,1,1,0,1,1,9,0.214697,0.220825,0,0,0
17226,,7,0,1,1,0,1,1,1,1,1,0,0,0
17229,,7,0,1,1,0,1,1,2,0.666667,0.75,0,0,0
17230,,16,0,1,1,0,1,1,9,0.221836,0.22815,0,0,0
18798,,7,1,0,1,1,0,1,0,0,0,0,0,0.000403
17236,,7,0,1,1,0,1,1,9,0.239963,0.248532,0,0,0
17237,,14,0,1,1,0,1,1,8,0.249084,0.258104,0,0,0
17241,,7,0,1,1,0,1,1,9,0.225592,0.232933,0,0,0
17242,,16,0,1,1,0,1,1,8,0.232829,0.239934,0,0,0
17244,,16,0,2,2,0,2,2,9,0.224983,0.231945,0,1,0
17245,,277,0,2,2,0,2,2,9,0.21824,0.224603,0,0,0
17246,,277,1,0,1,1,0,1,0,0,0,0,0,0.000168
17247,,81,0,1,1,0,1,1,9,0.224787,0.232402,0,0,0
17248,,7,0,1,1,0,1,1,9,0.222352,0.229209,0,0,0
17250,,7,0,1,1,0,1,1,9,0.226463,0.234215,0,0,0
17254,,7,0,1,1,0,1,1,9,0.196674,0.20147,0,0,0
17525,,41,1,0,1,1,0,1,0,0,0,0,0,0.00022
23572,,41,1,0,1,1,0,1,0,0,0,0,0,0.00022
21090,,65,1,1,2,1,1,2,9,0.195762,0.200046,43.038776,0,0.00022
17259,,7,1,1,2,1,1,2,9,0.214179,0.220404,18827,0,0.000168
17260,,41,0,1,1,0,1,1,9,0.210713,0.216558,0,0,0
26977,,16,1,2,3,1,2,3,8,0.235081,0.243808,0,1,0.000971
28073,,16,1,2,3,1,2,3,9,0.232382,0.24039,0,1,0.000971
30826,,16,1,4,5,1,4,5,8,0.244646,0.253525,181.866546,0.25,0.000971
32127,,16,2,2,4,2,2,4,9,0.232382,0.24039,0.5,0.666667,0.001152
32812,,16,1,0,1,1,0,1,0,0,0,0,0,0.000971
17265,,16,0,1,1,0,1,1,8,0.239859,0.247713,0,0,0
17267,,41,0,3,3,0,3,3,8,0.226694,0.234714,0,0,0
23710,,41,1,0,1,1,0,1,0,0,0,0,0,0.000168
27870,,41,1,0,1,1,0,1,0,0,0,0,0,0.000168
17268,,7,0,4,4,0,4,4,8,0.260419,0.271244,0,0.25,0
17270,,278,1,1,2,1,1,2,3,0.5,0.547619,0,1,0.000174
19297,,278,1,1,2,1,1,2,3,0.5,0.547619,0,1,0.000174
20923,,7,1,14,15,1,14,15,8,0.28032,0.293776,356.561288,0.285714,0.000525
17273,,7,0,1,1,0,1,1,1,1,1,0,0,0
17282,,7,0,1,1,0,1,1,9,0.217144,0.223521,0,0,0
17283,,16,0,1,1,0,1,1,8,0.244433,0.254493,0,0,0
17285,,7,0,2,2,0,2,2,9,0.235606,0.243853,0,0.5,0
17287,,7,0,1,1,0,1,1,8,0.232406,0.239626,0,0,0
17289,,16,0,1,1,0,1,1,8,0.251382,0.261452,0,0,0
17290,,7,0,1,1,0,1,1,9,0.21183,0.217537,0,0,0
17295,,14,0,1,1,0,1,1,9,0.22624,0.233068,0,0,0
17298,,7,0,2,2,0,2,2,9,0.225668,0.233063,0,0,0
17303,,57,0,1,1,0,1,1,1,1,1,0,0,0
17304,,7,0,1,1,0,1,1,9,0.219524,0.226001,0,0,0
17305,,7,0,1,1,0,1,1,10,0.174129,0.177276,0,0,0
17309,,7,0,2,2,0,2,2,8,0.239368,0.247311,0,0,0
17310,,7,0,4,4,0,4,4,8,0.264658,0.275747,0,0.25,0
17326,,7,1,0,1,1,0,1,0,0,0,0,0,0.000168
17312,,7,0,1,1,0,1,1,8,0.240567,0.248665,0,0,0
17314,,36,1,1,2,1,1,2,1,1,1,58.8762,0,0.001135
17315,,2,0,3,3,0,3,3,9,0.196538,0.201206,0,0,0
17318,,7,0,1,1,0,1,1,8,0.240567,0.248665,0,0,0
17328,,16,0,1,1,0,1,1,10,0.158031,0.160403,0,0,0
17332,,16,0,1,1,0,1,1,8,0.232829,0.239934,0,0,0
17333,,7,0,1,1,0,1,1,8,0.228134,0.235523,0,0,0
17335,,41,0,1,1,0,1,1,8,0.257544,0.268689,0,0,0
17336,,12,1,6,7,1,6,7,10,0.186504,0.191001,31.120117,0.238095,0.000168
17337,,41,0,1,1,0,1,1,9,0.232863,0.240485,0,0,0
17340,,41,1,3,4,1,3,4,8,0.242415,0.251346,76.345877,0.5,0.000173
18851,,41,1,20,21,1,20,21,8,0.241081,0.250087,65.345071,0.047368,0.000173
17341,,7,0,1,1,0,1,1,9,0.214123,0.219985,0,0,0
17346,,7,0,1,1,0,1,1,9,0.212622,0.218545,0,0,0
17349,,16,0,2,2,0,2,2,8,0.273819,0.285786,0,0.5,0
17351,,41,0,1,1,0,1,1,8,0.257544,0.268689,0,0,0
17352,,7,0,2,2,0,2,2,8,0.262793,0.273553,0,0.5,0
17353,,39,0,1,1,0,1,1,1,1,1,0,0,0
33083,,60,1,0,1,1,0,1,0,0,0,0,0,0.000187
17356,,7,0,3,3,0,3,3,8,0.263517,0.274416,0,0.166667,0
26836,,130,2,1,3,2,1,3,9,0.209166,0.214476,18826,0,0.000376
17360,,7,0,3,3,0,3,3,8,0.243284,0.251821,0,0.5,0
17361,,65,0,5,5,0,5,5,9,0.206133,0.21208,0,0.15,0
18038,,65,4,2,6,4,2,6,9,0.20612,0.211996,2.333333,0.6,0.000926
24915,,65,1,0,1,1,0,1,0,0,0,0,0,0.000168
20212,,65,2,0,2,2,0,2,0,0,0,0,0,0.000467
17362,,7,0,1,1,0,1,1,8,0.230955,0.238384,0,0,0
17363,,12,0,8,8,0,8,8,8,0.246018,0.254838,0,0.142857,0
21663,,12,1,2,3,1,2,3,10,0.156503,0.159115,0.333333,0.333333,0.000168
17364,,14,0,2,2,0,2,2,8,0.26582,0.277792,0,1,0
17365,,7,0,6,6,0,6,6,7,0.3003,0.315438,0,0.466667,0
17372,,7,0,1,1,0,1,1,9,0.2223,0.228831,0,0,0
17374,,41,0,3,3,0,3,3,8,0.258053,0.269352,0,0,0
17376,,36,0,4,4,0,4,4,8,0.235261,0.243834,0,0.25,0
17377,,7,0,1,1,0,1,1,9,0.214152,0.220013,0,0,0
17378,,41,0,1,1,0,1,1,8,0.230249,0.237146,0,0,0
17379,,32,0,2,2,0,2,2,8,0.236907,0.244671,0,0,0
17385,,53,0,1,1,0,1,1,9,0.220297,0.227161,0,0,0
17387,,16,0,1,1,0,1,1,9,0.21182,0.218077,0,0,0
17391,,7,0,1,1,0,1,1,9,0.214766,0.220717,0,0,0
17392,,279,0,1,1,0,1,1,1,1,1,0,0,0
17393,,279,1,0,1,1,0,1,0,0,0,0,0,0.000168
17396,,7,0,2,2,0,2,2,8,0.261857,0.273042,0,0.5,0
17397,,7,0,1,1,0,1,1,8,0.231335,0.239437,0,0,0
17398,,7,0,1,1,0,1,1,8,0.261475,0.272568,0,0,0
17401,,25,0,1,1,0,1,1,8,0.234155,0.242097,0,0,0
17402,,12,0,1,1,0,1,1,11,0.136363,0.138027,0,0,0
18440,,25,1,2,3,1,2,3,9,0.225642,0.232874,3.594885,0.666667,0.000226
17404,,16,0,1,1,0,1,1,8,0.240389,0.248209,0,0,0
17405,,7,0,1,1,0,1,1,9,0.227844,0.235164,0,0,0
17406,,56,1,1,2,1,1,2,8,0.232249,0.239663,2544.001995,0,0.000168
17407,,7,0,1,1,0,1,1,9,0.226164,0.233246,0,0,0
17408,,7,0,1,1,0,1,1,9,0.226164,0.233246,0,0,0
17411,,7,1,7,8,1,7,8,8,0.252008,0.261962,44815.724545,0.089286,0.000173
29602,,7,1,0,1,1,0,1,0,0,0,0,0,0.000173
17412,,12,0,1,1,0,1,1,9,0.185524,0.189879,0,0,0
17415,,16,0,1,1,0,1,1,8,0.23674,0.244313,0,0,0
17416,,12,0,3,3,0,3,3,8,0.241233,0.249322,0,0.5,0
17417,,7,0,1,1,0,1,1,9,0.224964,0.231449,0,0,0
17419,,7,0,1,1,0,1,1,8,0.263006,0.273325,0,0,0
17420,,280,0,1,1,0,1,1,1,1,1,0,0,0
17421,,280,1,0,1,1,0,1,0,0,0,0,0,0.000168
17422,,67,0,1,1,0,1,1,9,0.201695,0.206636,0,0,0
17424,,14,0,1,1,0,1,1,8,0.247395,0.256736,0,0,0
17426,,65,0,1,1,0,1,1,9,0.217956,0.224292,0,0,0
17427,,14,0,1,1,0,1,1,8,0.247395,0.256736,0,0,0
25840,,7,1,5,6,1,5,6,8,0.247427,0.257604,1000.574505,0.266667,0.000175
17430,,12,0,2,2,0,2,2,9,0.185532,0.189928,0,0,0
17433,,7,0,1,1,0,1,1,8,0.262756,0.273466,0,0,0
17436,,7,0,1,1,0,1,1,8,0.251452,0.260347,0,0,0
17438,,16,0,3,3,0,3,3,9,0.225827,0.232855,0,0.333333,0
17439,,7,0,1,1,0,1,1,9,0.214123,0.219985,0,0,0
17445,,67,0,2,2,0,2,2,8,0.240371,0.248451,0,0,0
17447,,16,0,1,1,0,1,1,9,0.224337,0.231339,0,0,0
17448,,2,0,1,1,0,1,1,8,0.235883,0.243933,0,0,0
17452,,14,1,0,1,1,0,1,0,0,0,0,0,0.0002
17453,,36,0,4,4,0,4,4,9,0.223636,0.23088,0,0.333333,0
17454,,16,0,1,1,0,1,1,9,0.218439,0.22522,0,0,0
17455,,16,0,1,1,0,1,1,8,0.236167,0.244733,0,0,0
17457,,7,0,1,1,0,1,1,9,0.214123,0.219985,0,0,0
17458,,7,0,2,2,0,2,2,9,0.226501,0.233701,0,0.5,0
17460,,7,0,1,1,0,1,1,8,0.262756,0.273466,0,0,0
17464,,16,0,1,1,0,1,1,9,0.205551,0.211204,0,0,0
20560,,16,1,0,1,1,0,1,0,0,0,0,0,0.000241
17466,,7,0,1,1,0,1,1,8,0.234991,0.243288,0,0,0
17467,,36,0,2,2,0,2,2,8,0.234953,0.242352,0,0,0
17469,,281,0,1,1,0,1,1,1,1,1,0,0,0
17470,,281,1,0,1,1,0,1,0,0,0,0,0,0.000168
17471,,16,0,2,2,0,2,2,9,0.230797,0.23872,0,1,0
17472,,7,0,1,1,0,1,1,9,0.226681,0.233517,0,0,0
17473,,16,0,2,2,0,2,2,8,0.239493,0.247392,0,1,0
28691,,7,1,0,1,1,0,1,0,0,0,0,0,0.00019
17475,,7,0,1,1,0,1,1,8,0.246941,0.255908,0,0,0
17476,,67,0,1,1,0,1,1,1,1,1,0,0,0
26762,,12,2,2,4,2,2,4,11,0.141577,0.143623,25974,0.5,0.000438
17478,,7,0,1,1,0,1,1,9,0.220733,0.22707,0,0,0
17479,,1,0,1,1,0,1,1,10,0.183581,0.187692,0,0,0
17481,,7,0,1,1,0,1,1,10,0.176406,0.179842,0,0,0
17483,,7,0,1,1,0,1,1,8,0.239554,0.247876,0,0,0
17484,,65,0,1,1,0,1,1,10,0.176016,0.179292,0,0,0
17485,,16,0,1,1,0,1,1,9,0.197561,0.202745,0,0,0
17486,,7,0,1,1,0,1,1,9,0.218122,0.224516,0,0,0
17487,,1,0,5,5,0,5,5,8,0.262419,0.27329,0,0.4,0
17488,,16,0,3,3,0,3,3,8,0.254674,0.265162,0,0.333333,0
17489,,1,0,1,1,0,1,1,9,0.229791,0.237541,0,0,0
17490,,16,0,1,1,0,1,1,8,0.230667,0.237711,0,0,0
17493,,36,0,1,1,0,1,1,9,0.218761,0.22523,0,0,0
17494,,7,0,1,1,0,1,1,9,0.227108,0.234002,0,0,0
17496,,7,0,1,1,0,1,1,9,0.227108,0.234002,0,0,0
17497,,7,0,1,1,0,1,1,9,0.227108,0.234002,0,0,0
17499,,36,0,2,2,0,2,2,8,0.25162,0.262013,0,0,0
17500,,7,0,1,1,0,1,1,10,0.179156,0.182314,0,0,0
17501,,36,0,1,1,0,1,1,9,0.218761,0.22523,0,0,0
17502,,16,0,1,1,0,1,1,9,0.197667,0.202287,0,0,0
17503,,7,0,4,4,0,4,4,8,0.260906,0.271791,0,0,0
17504,,7,0,1,1,0,1,1,8,0.244345,0.253397,0,0,0
17516,,12,0,1,1,0,1,1,9,0.208199,0.213456,0,0,0
17517,,14,0,1,1,0,1,1,9,0.198338,0.20302,0,0,0
18461,,16,1,0,1,1,0,1,0,0,0,0,0,0.000241
18266,,16,1,1,2,1,1,2,9,0.204277,0.209644,0,0,0.000241
34256,,7,1,2,3,1,2,3,8,0.235661,0.242748,3.839304,0.333333,0.000181
17521,,36,0,1,1,0,1,1,9,0.218761,0.22523,0,0,0
17522,,7,0,3,3,0,3,3,8,0.269983,0.282086,0,0.5,0
17523,,65,0,1,1,0,1,1,10,0.172877,0.176024,0,0,0
17526,,7,0,1,1,0,1,1,8,0.261475,0.272568,0,0,0
17527,,32,0,1,1,0,1,1,8,0.234493,0.242444,0,0,0
17529,,7,0,2,2,0,2,2,9,0.226883,0.234004,0,0.5,0
17530,,7,0,5,5,0,5,5,8,0.252427,0.263047,0,0.1,0
17531,,22,0,1,1,0,1,1,9,0.21286,0.218905,0,0,0
17532,,16,0,1,1,0,1,1,8,0.233638,0.242002,0,0,0
17533,,7,0,2,2,0,2,2,9,0.210482,0.21608,0,0,0
17535,,7,0,1,1,0,1,1,8,0.267429,0.278245,0,0,0
17536,,7,0,1,1,0,1,1,9,0.218122,0.224516,0,0,0
17537,,41,0,1,1,0,1,1,9,0.216656,0.222492,0,0,0
17538,,12,2,3,5,2,3,5,8,0.243158,0.252122,19081.651635,0,0.000336
17540,,16,0,1,1,0,1,1,9,0.20412,0.209816,0,0,0
17541,,7,0,1,1,0,1,1,9,0.19961,0.204116,0,0,0
17542,,36,0,1,1,0,1,1,9,0.219332,0.226151,0,0,0
20906,,12,1,0,1,1,0,1,0,0,0,0,0,0.000205
17692,,12,1,0,1,1,0,1,0,0,0,0,0,0.000209
28624,,7,2,0,2,2,0,2,0,0,0,0,0,0.000425
17564,,1,0,1,1,0,1,1,9,0.212231,0.218251,0,0,0
17565,,282,0,1,1,0,1,1,1,1,1,0,0,0
17566,,282,1,0,1,1,0,1,0,0,0,0,0,0.000168
17568,,7,0,1,1,0,1,1,9,0.238286,0.246733,0,0,0
17570,,7,0,1,1,0,1,1,9,0.231387,0.239068,0,0,0
17571,,16,0,1,1,0,1,1,9,0.202812,0.207666,0,0,0
17572,,1,0,6,6,0,6,6,9,0.215572,0.222079,0,0.033333,0
17573,,16,0,1,1,0,1,1,8,0.239859,0.247713,0,0,0
17575,,7,0,3,3,0,3,3,9,0.242404,0.250802,0,0.666667,0
17576,,7,0,1,1,0,1,1,8,0.248791,0.258416,0,0,0
17578,,7,0,1,1,0,1,1,8,0.236919,0.244375,0,0,0
17579,,7,0,1,1,0,1,1,9,0.195147,0.199853,0,0,0
17580,,7,0,1,1,0,1,1,8,0.232406,0.239626,0,0,0
17584,,12,1,2,3,1,2,3,8,0.239389,0.247861,65.366128,0,0.000168
17585,,12,0,1,1,0,1,1,10,0.164896,0.168023,0,0,0
17587,,16,0,1,1,0,1,1,9,0.193568,0.198168,0,0,0
17589,,7,0,1,1,0,1,1,8,0.251523,0.26155,0,0,0
17590,,12,0,2,2,0,2,2,8,0.23907,0.247475,0,0,0
17591,,12,0,2,2,0,2,2,8,0.23907,0.247475,0,0,0
17594,,41,0,1,1,0,1,1,8,0.257544,0.268689,0,0,0
17596,,25,0,1,1,0,1,1,9,0.225635,0.232826,0,0,0
17597,,7,0,1,1,0,1,1,10,0.180682,0.184254,0,0,0
17598,,7,1,2,3,1,2,3,9,0.220516,0.227086,18827,0,0.000168
17601,,67,0,1,1,0,1,1,9,0.221969,0.229196,0,0,0
17602,,36,0,1,1,0,1,1,10,0.190562,0.194838,0,0,0
17610,,283,1,0,1,1,0,1,0,0,0,0,0,0.000173
17605,,14,0,1,1,0,1,1,9,0.213582,0.219922,0,0,0
17606,,7,0,1,1,0,1,1,8,0.228875,0.236469,0,0,0
17608,,7,0,1,1,0,1,1,9,0.215254,0.221272,0,0,0
17612,,16,0,1,1,0,1,1,9,0.23666,0.245195,0,0,0
17613,,41,0,1,1,0,1,1,9,0.208855,0.214732,0,0,0
17614,,284,0,1,1,0,1,1,1,1,1,0,0,0
17615,,284,1,0,1,1,0,1,0,0,0,0,0,0.000168
17617,,7,0,1,1,0,1,1,8,0.227061,0.233506,0,0,0
17618,,7,0,1,1,0,1,1,9,0.20921,0.214873,0,0,0
17620,,41,0,1,1,0,1,1,8,0.257544,0.268689,0,0,0
28418,,36,1,0,1,1,0,1,0,0,0,0,0,0.000178
17627,,41,0,1,1,0,1,1,8,0.257544,0.268689,0,0,0
17628,,16,0,1,1,0,1,1,9,0.225849,0.233205,0,0,0
17629,,16,0,2,2,0,2,2,9,0.217013,0.223474,0,0,0
17630,,41,0,4,4,0,4,4,8,0.238286,0.246069,0,0.75,0
17631,,65,0,1,1,0,1,1,9,0.191696,0.19574,0,0,0
24201,,7,1,2,3,1,2,3,9,0.216366,0.222422,0.424242,0.333333,0.000186
18172,,16,1,0,1,1,0,1,0,0,0,0,0,0.000463
17638,,16,0,3,3,0,3,3,9,0.233702,0.242289,0,0.333333,0
17643,,7,0,1,1,0,1,1,1,1,1,0,0,0
17644,,16,0,1,1,0,1,1,9,0.189119,0.192925,0,0,0
17645,,7,0,1,1,0,1,1,8,0.24685,0.256506,0,0,0
17647,,16,0,1,1,0,1,1,8,0.236167,0.244733,0,0,0
17648,,7,0,1,1,0,1,1,9,0.211442,0.216796,0,0,0
17651,,7,0,1,1,0,1,1,9,0.227108,0.234002,0,0,0
17652,,7,0,2,2,0,2,2,9,0.229937,0.237015,0,0,0
17653,,7,0,4,4,0,4,4,8,0.265697,0.276888,0,0.583333,0
17658,,41,0,2,2,0,2,2,9,0.239152,0.248044,0,1,0
17661,,41,0,1,1,0,1,1,8,0.236961,0.24442,0,0,0
17663,,65,0,1,1,0,1,1,9,0.217956,0.224292,0,0,0
25146,,41,1,0,1,1,0,1,0,0,0,0,0,0.000177
17665,,41,0,2,2,0,2,2,8,0.244307,0.252994,0,0.5,0
17666,,7,0,1,1,0,1,1,9,0.198884,0.203512,0,0,0
17670,,16,0,2,2,0,2,2,8,0.234517,0.243086,0,1,0
17672,,16,0,1,1,0,1,1,9,0.212432,0.218293,0,0,0
17674,,67,0,2,2,0,2,2,9,0.221977,0.229236,0,0,0
17675,,16,0,1,1,0,1,1,9,0.214646,0.220168,0,0,0
17677,,7,0,1,1,0,1,1,10,0.166718,0.169204,0,0,0
17680,,2,0,1,1,0,1,1,8,0.235883,0.243933,0,0,0
29911,,14,1,0,1,1,0,1,0,0,0,0,0,0.000217
24667,,14,1,1,2,1,1,2,10,0.182219,0.186001,0,0,0.000217
17684,,7,0,1,1,0,1,1,9,0.204946,0.210039,0,0,0
19666,,41,1,1,2,1,1,2,8,0.236963,0.244423,22.740281,0,0.000189
28765,,7,1,0,1,1,0,1,0,0,0,0,0,0.000189
17687,,16,0,1,1,0,1,1,8,0.2284,0.235296,0,0,0
17688,,7,0,1,1,0,1,1,9,0.231387,0.239068,0,0,0
17689,,7,0,1,1,0,1,1,8,0.239554,0.247876,0,0,0
33046,,16,1,0,1,1,0,1,0,0,0,0,0,0.000175
17691,,22,0,1,1,0,1,1,9,0.21286,0.218905,0,0,0
17694,,53,0,1,1,0,1,1,9,0.220297,0.227161,0,0,0
17695,,81,0,1,1,0,1,1,9,0.199877,0.204193,0,0,0
17696,,7,0,2,2,0,2,2,9,0.240232,0.248884,0,0.5,0
17699,,36,0,1,1,0,1,1,10,0.181719,0.185858,0,0,0
17700,,16,0,1,1,0,1,1,9,0.206007,0.211877,0,0,0
17702,,36,0,3,3,0,3,3,9,0.223198,0.230338,0,0.333333,0
17703,,16,0,5,5,0,5,5,8,0.255586,0.265572,0,0.1,0
18470,,32,1,0,1,1,0,1,0,0,0,0,0,0.000211
17709,,7,0,1,1,0,1,1,8,0.262756,0.273466,0,0,0
17710,,16,0,1,1,0,1,1,8,0.240389,0.248209,0,0,0
17712,,16,0,1,1,0,1,1,9,0.22883,0.235861,0,0,0
17716,,7,0,1,1,0,1,1,9,0.210848,0.216275,0,0,0
17719,,7,1,2,3,1,2,3,8,0.241387,0.25024,586.592266,0.166667,0.000173
17720,,41,0,1,1,0,1,1,8,0.257544,0.268689,0,0,0
17721,,7,0,1,1,0,1,1,9,0.224977,0.231842,0,0,0
17723,,7,0,1,1,0,1,1,9,0.208088,0.213254,0,0,0
17727,,285,0,1,1,0,1,1,1,1,1,0,0,0
17728,,285,1,0,1,1,0,1,0,0,0,0,0,0.000168
17729,,7,0,1,1,0,1,1,9,0.216228,0.222285,0,0,0
17730,,7,0,3,3,0,3,3,8,0.222931,0.229766,0,0,0
17733,,1,0,1,1,0,1,1,10,0.188104,0.191839,0,0,0
17735,,16,1,1,2,1,1,2,9,0.217903,0.22441,18827,0,0.000168
17736,,7,0,1,1,0,1,1,8,0.224983,0.23254,0,0,0
17737,,7,0,2,2,0,2,2,9,0.223686,0.230668,0,0,0
17959,,7,1,0,1,1,0,1,0,0,0,0,0,0.000823
21743,,7,1,3,4,1,3,4,8,0.235269,0.243945,83.640054,0,0.000823
27484,,7,1,0,1,1,0,1,0,0,0,0,0,0.000823
17739,,7,0,1,1,0,1,1,9,0.223294,0.230462,0,0,0
19896,,65,4,3,7,4,3,7,9,0.209889,0.215987,11120.386374,0.5,0.000926
31332,,65,1,0,1,1,0,1,0,0,0,0,0,0.000299
20282,,65,4,5,9,4,5,9,9,0.209898,0.216058,25070.123904,0.357143,0.000809
32076,,65,3,0,3,3,0,3,0,0,0,0,0.833333,0.000757
35527,,65,1,0,1,1,0,1,0,0,0,0,0,0.000299
17742,,2,0,1,1,0,1,1,10,0.163345,0.165825,0,0,0
17744,,7,0,1,1,0,1,1,8,0.23999,0.247696,0,0,0
17746,,7,0,1,1,0,1,1,8,0.242475,0.25106,0,0,0
19969,,7,1,0,1,1,0,1,0,0,0,0,0,0.000187
17750,,7,0,1,1,0,1,1,8,0.272188,0.283721,0,0,0
17752,,32,0,2,2,0,2,2,8,0.235252,0.243362,0,1,0
17754,,7,0,4,4,0,4,4,7,0.298283,0.313322,0,0.666667,0
17755,,7,0,4,4,0,4,4,7,0.294416,0.308944,0,0.25,0
17756,,7,0,2,2,0,2,2,8,0.2722,0.283761,0,0,0
17757,,16,0,1,1,0,1,1,9,0.197765,0.202148,0,0,0
25634,,16,1,0,1,1,0,1,0,0,0,0,0,0.000188
17760,,7,0,1,1,0,1,1,8,0.272188,0.283721,0,0,0
17761,,7,0,1,1,0,1,1,8,0.272188,0.283721,0,0,0
17763,,7,0,1,1,0,1,1,8,0.272188,0.283721,0,0,0
17764,,7,0,1,1,0,1,1,8,0.272188,0.283721,0,0,0
17766,,7,0,1,1,0,1,1,7,0.293553,0.307954,0,0,0
17768,,7,0,1,1,0,1,1,9,0.226946,0.234172,0,0,0
17770,,7,0,1,1,0,1,1,8,0.272188,0.283721,0,0,0
17771,,7,0,1,1,0,1,1,9,0.207609,0.212853,0,0,0
17772,,7,0,1,1,0,1,1,8,0.272188,0.283721,0,0,0
17773,,7,0,1,1,0,1,1,8,0.272188,0.283721,0,0,0
17774,,7,0,1,1,0,1,1,8,0.272188,0.283721,0,0,0
17775,,69,0,2,2,0,2,2,8,0.272326,0.283907,0,0,0
17776,,7,0,2,2,0,2,2,8,0.272638,0.284261,0,0,0
17777,,7,0,1,1,0,1,1,8,0.272188,0.283721,0,0,0
17778,,7,0,4,4,0,4,4,8,0.280014,0.292979,0,0.583333,0
17783,,7,0,1,1,0,1,1,8,0.272188,0.283721,0,0,0
17784,,16,0,1,1,0,1,1,9,0.195125,0.200176,0,0,0
17785,,7,0,1,1,0,1,1,8,0.272188,0.283721,0,0,0
17787,,7,0,2,2,0,2,2,7,0.297176,0.311976,0,1,0
18528,,2,2,2,4,2,2,4,9,0.210469,0.216471,18872.157005,0,0.000349
17790,,7,0,1,1,0,1,1,9,0.217847,0.22412,0,0,0
17791,,67,0,2,2,0,2,2,8,0.272721,0.284432,0,0,0
17793,,16,0,1,1,0,1,1,9,0.225449,0.232111,0,0,0
17794,,2,0,1,1,0,1,1,1,1,1,0,0,0
17795,,7,0,1,1,0,1,1,8,0.272188,0.283721,0,0,0
17796,,7,0,2,2,0,2,2,8,0.274047,0.285871,0,1,0
17797,,16,0,2,2,0,2,2,8,0.24707,0.256814,0,0,0
17798,,7,0,1,1,0,1,1,8,0.272188,0.283721,0,0,0
17800,,7,0,1,1,0,1,1,8,0.272188,0.283721,0,0,0
17802,,12,0,3,3,0,3,3,7,0.294135,0.308607,0,0.333333,0
17803,,16,0,3,3,0,3,3,8,0.272427,0.284107,0,0,0
20293,,16,1,0,1,1,0,1,0,0,0,0,0,0.000168
17804,,7,0,1,1,0,1,1,8,0.272188,0.283721,0,0,0
17805,,7,0,4,4,0,4,4,8,0.267019,0.278274,0,0.333333,0
17806,,16,0,1,1,0,1,1,8,0.233638,0.242002,0,0,0
17808,,7,0,1,1,0,1,1,9,0.229752,0.236924,0,0,0
17809,,7,0,3,3,0,3,3,8,0.273247,0.285174,0,0.5,0
19652,,16,1,1,2,1,1,2,9,0.238769,0.247357,0,1,0.000196
17811,,7,0,3,3,0,3,3,8,0.274434,0.286153,0,0.5,0
17812,,7,0,1,1,0,1,1,8,0.272188,0.283721,0,0,0
17814,,7,0,1,1,0,1,1,8,0.272188,0.283721,0,0,0
17815,,16,0,3,3,0,3,3,8,0.27449,0.286319,0,0.333333,0
17817,,16,2,3,5,2,3,5,8,0.240724,0.248773,22562.709148,0,0.000336
35231,,16,1,0,1,1,0,1,0,0,0,0,0,0.000177
17818,,7,0,1,1,0,1,1,9,0.224639,0.231408,0,0,0
17820,,16,0,1,1,0,1,1,9,0.228167,0.235675,0,0,0
17821,,7,0,1,1,0,1,1,8,0.262756,0.273466,0,0,0
17822,,16,0,1,1,0,1,1,8,0.238528,0.246408,0,0,0
17823,,7,0,1,1,0,1,1,8,0.244386,0.252463,0,0,0
17824,,7,0,2,2,0,2,2,8,0.256031,0.265925,0,1,0
17826,,14,0,1,1,0,1,1,8,0.247395,0.256736,0,0,0
17827,,7,0,1,1,0,1,1,8,0.251523,0.26155,0,0,0
17828,,7,0,1,1,0,1,1,9,0.21396,0.220365,0,0,0
17829,,32,0,2,2,0,2,2,8,0.245861,0.255095,0,0,0
18201,,32,1,1,2,1,1,2,1,1,1,0.5,0,0.000168
17830,,7,0,2,2,0,2,2,9,0.232817,0.240896,0,0,0
17831,,1,0,1,1,0,1,1,8,0.238232,0.246371,0,0,0
17832,,7,0,1,1,0,1,1,9,0.196397,0.200516,0,0,0
24171,,7,1,0,1,1,0,1,0,0,0,0,0,0.000252
17837,,69,2,2,4,2,2,4,9,0.22097,0.227713,19.029791,0.25,0.000364
17838,,67,0,1,1,0,1,1,9,0.20714,0.212495,0,0,0
17842,,65,1,2,3,1,2,3,8,0.237757,0.245699,18827,0.333333,0.000168
17843,,7,0,2,2,0,2,2,8,0.245508,0.253815,0,0,0
17845,,1,0,1,1,0,1,1,9,0.229791,0.237541,0,0,0
17846,,41,0,1,1,0,1,1,11,0.160269,0.162784,0,0,0
17847,,7,0,1,1,0,1,1,9,0.224158,0.230723,0,0,0
17848,,7,0,1,1,0,1,1,9,0.214111,0.219976,0,0,0
17850,,1,0,2,2,0,2,2,8,0.232183,0.240346,0,0,0
17852,,67,1,0,1,1,0,1,0,0,0,0,0,0.000175
17853,,7,0,2,2,0,2,2,8,0.263828,0.274754,0,0.5,0
17854,,7,0,1,1,0,1,1,8,0.272188,0.283721,0,0,0
17855,,286,0,3,3,0,3,3,8,0.25497,0.265172,0,0,0
17856,,286,1,0,1,1,0,1,0,0,0,0,0,0.000168
34173,,286,1,0,1,1,0,1,0,0,0,0,0,0.000168
17857,,16,0,1,1,0,1,1,9,0.202277,0.20748,0,0,0
17858,,22,0,1,1,0,1,1,10,0.175692,0.179231,0,0,0
17859,,7,0,1,1,0,1,1,9,0.207609,0.212853,0,0,0
17863,,1,0,1,1,0,1,1,8,0.214587,0.220453,0,0,0
17865,,16,0,1,1,0,1,1,8,0.233638,0.242002,0,0,0
17871,,65,0,1,1,0,1,1,8,0.236841,0.24458,0,0,0
17872,,32,0,1,1,0,1,1,1,1,1,0,0,0
17873,,32,0,1,1,0,1,1,1,1,1,0,0,0
17874,,16,0,1,1,0,1,1,8,0.2284,0.235296,0,0,0
17875,,16,0,1,1,0,1,1,8,0.234514,0.24306,0,0,0
17876,,7,0,1,1,0,1,1,9,0.231387,0.239068,0,0,0
17881,,7,0,1,1,0,1,1,10,0.178303,0.181862,0,0,0
17882,,36,0,1,1,0,1,1,9,0.216278,0.22219,0,0,0
20279,,7,1,0,1,1,0,1,0,0,0,0,0,0.000191
17886,,287,0,1,1,0,1,1,1,1,1,0,0,0
17887,,287,1,0,1,1,0,1,0,0,0,0,0,0.000168
17888,,1,0,1,1,0,1,1,8,0.228936,0.236648,0,0,0
17889,,16,0,1,1,0,1,1,8,0.239859,0.247713,0,0,0
17891,,81,0,1,1,0,1,1,8,0.233302,0.240064,0,0,0
17893,,14,0,4,4,0,4,4,8,0.255725,0.265865,0,0.166667,0
17895,,1,0,1,1,0,1,1,9,0.21102,0.217224,0,0,0
17896,,7,0,1,1,0,1,1,9,0.238286,0.246733,0,0,0
17898,,7,0,6,6,0,6,6,8,0.274258,0.287041,0,0.333333,0
17899,,16,0,1,1,0,1,1,10,0.188783,0.193244,0,0,0
17900,,16,0,1,1,0,1,1,9,0.226507,0.233975,0,0,0
17901,,41,0,1,1,0,1,1,1,1,1,0,0,0
17908,,7,0,1,1,0,1,1,9,0.235473,0.242933,0,0,0
17910,,7,0,2,2,0,2,2,9,0.222174,0.22902,0,0,0
17911,,288,0,3,3,0,3,3,9,0.231764,0.239987,0,0,0
24955,,288,1,0,1,1,0,1,0,0,0,0,0,0.000168
33566,,288,1,0,1,1,0,1,0,0,0,0,0,0.000168
17912,,25,0,1,1,0,1,1,8,0.234155,0.242097,0,0,0
17913,,7,0,3,3,0,3,3,8,0.256254,0.266017,0,0.5,0
17915,,7,0,2,2,0,2,2,8,0.247116,0.256156,0,1,0
17918,,7,0,2,2,0,2,2,8,0.252935,0.262941,0,0.5,0
17919,,16,0,3,3,0,3,3,8,0.252156,0.262347,0,1,0
23632,,7,1,0,1,1,0,1,0,0,0,0,0,0.001089
33047,,7,1,0,1,1,0,1,0,0,0,0,0,0.001089
33048,,7,1,0,1,1,0,1,0,0,0,0,0,0.001089
33049,,7,1,0,1,1,0,1,0,0,0,0,0,0.001089
17927,,53,0,1,1,0,1,1,9,0.206357,0.211863,0,0,0
17931,,1,0,1,1,0,1,1,9,0.186297,0.190341,0,0,0
17932,,289,0,1,1,0,1,1,10,0.172422,0.175639,0,0,0
17933,,289,1,1,2,1,1,2,9,0.208335,0.21406,18827,0,0.000168
17934,,53,0,1,1,0,1,1,9,0.206357,0.211863,0,0,0
17935,,16,0,1,1,0,1,1,8,0.227034,0.234934,0,0,0
17936,,1,0,1,1,0,1,1,9,0.186297,0.190341,0,0,0
17937,,7,0,1,1,0,1,1,9,0.221489,0.228136,0,0,0
17938,,41,0,1,1,0,1,1,9,0.217651,0.224244,0,0,0
17939,,53,0,1,1,0,1,1,9,0.206357,0.211863,0,0,0
17940,,7,0,3,3,0,3,3,8,0.2427,0.251418,0,0.666667,0
17942,,7,0,3,3,0,3,3,9,0.220132,0.227218,0,0.666667,0
17944,,16,0,2,2,0,2,2,9,0.220258,0.227343,0,0,0
22006,,65,1,0,1,1,0,1,0,0,0,0,0,0.000241
26951,,65,2,0,2,2,0,2,0,0,0,0,1,0.000458
26981,,65,1,0,1,1,0,1,0,0,0,0,0,0.000241
27312,,65,2,0,2,2,0,2,0,0,0,0,1,0.000458
27322,,65,2,3,5,2,3,5,9,0.206116,0.211996,7704.613626,0.4,0.000409
27597,,65,1,2,3,1,2,3,9,0.196639,0.201965,0,1,0.000241
30137,,65,1,0,1,1,0,1,0,0,0,0,0,0.000241
30981,,65,2,0,2,2,0,2,0,0,0,0,1,0.000458
31053,,65,2,0,2,2,0,2,0,0,0,0,1,0.000458
34026,,65,2,0,2,2,0,2,0,0,0,0,1,0.000458
35323,,65,2,1,3,2,1,3,10,0.173507,0.176966,0,0.666667,0.000429
17946,,81,0,1,1,0,1,1,10,0.173284,0.176362,0,0,0
17950,,290,0,1,1,0,1,1,1,1,1,0,0,0
17951,,290,1,0,1,1,0,1,0,0,0,0,0,0.000168
17952,,12,1,5,6,1,5,6,8,0.243133,0.25222,284.327872,0.3,0.000339
26305,,16,4,4,8,4,4,8,8,0.254299,0.264999,20031.897219,0.232143,0.000913
17954,,7,0,1,1,0,1,1,9,0.217618,0.22396,0,0,0
17955,,7,0,1,1,0,1,1,9,0.217618,0.22396,0,0,0
17956,,7,0,1,1,0,1,1,9,0.225524,0.232475,0,0,0
17957,,16,1,1,2,1,1,2,10,0.18454,0.188564,2.630033,0,0.000195
17961,,41,0,1,1,0,1,1,9,0.234736,0.243231,0,0,0
17962,,1,0,1,1,0,1,1,9,0.195351,0.199935,0,0,0
17965,,16,1,4,5,1,4,5,8,0.235588,0.24464,18827,0.1,0.000168
17966,,53,0,1,1,0,1,1,9,0.189936,0.194248,0,0,0
17967,,16,0,1,1,0,1,1,9,0.214866,0.221492,0,0,0
26194,,1,1,0,1,1,0,1,0,0,0,0,0,0.000217
26195,,1,1,0,1,1,0,1,0,0,0,0,0,0.000217
26196,,1,1,0,1,1,0,1,0,0,0,0,0,0.000217
26197,,1,1,0,1,1,0,1,0,0,0,0,0,0.000217
17970,,16,1,3,4,1,3,4,9,0.214921,0.221287,71.403372,0.416667,0.000175
18532,,67,1,1,2,1,1,2,9,0.194912,0.199176,0,0,0.000241
19358,,67,1,0,1,1,0,1,0,0,0,0,0,0.000241
17972,,7,0,1,1,0,1,1,8,0.23941,0.248389,0,0,0
17973,,7,0,1,1,0,1,1,8,0.241381,0.249677,0,0,0
17974,,7,0,1,1,0,1,1,9,0.216003,0.222144,0,0,0
17976,,7,0,1,1,0,1,1,9,0.218107,0.224532,0,0,0
17979,,16,0,2,2,0,2,2,8,0.230675,0.237755,0,1,0
17980,,7,0,2,2,0,2,2,9,0.223864,0.231032,0,0.5,0
17983,,16,0,1,1,0,1,1,9,0.201615,0.207145,0,0,0
17986,,16,1,2,3,1,2,3,8,0.257933,0.269139,6044.014852,0,0.000224
17987,,16,0,1,1,0,1,1,9,0.208121,0.214176,0,0,0
17989,,41,0,1,1,0,1,1,8,0.257544,0.268689,0,0,0
17991,,16,0,1,1,0,1,1,8,0.246659,0.25616,0,0,0
17992,,7,1,4,5,1,4,5,8,0.254343,0.264308,4.443206,0.4,0.000168
17995,,7,0,1,1,0,1,1,10,0.168888,0.171629,0,0,0
17996,,53,0,1,1,0,1,1,8,0.252481,0.263502,0,0,0
17997,,16,0,2,2,0,2,2,8,0.246182,0.25514,0,1,0
30537,,16,1,0,1,1,0,1,0,0,0,0,0,0.000179
18000,,1,0,2,2,0,2,2,9,0.226172,0.233654,0,0.5,0
18003,,16,0,3,3,0,3,3,8,0.250679,0.262077,0,1,0
18004,,7,0,1,1,0,1,1,8,0.239554,0.247876,0,0,0
18008,,41,0,1,1,0,1,1,9,0.213043,0.219048,0,0,0
18009,,16,0,1,1,0,1,1,9,0.202978,0.208136,0,0,0
18010,,7,0,1,1,0,1,1,8,0.244564,0.253553,0,0,0
21301,,7,1,1,2,1,1,2,8,0.242475,0.25106,0,0.5,0.000173
18014,,12,0,2,2,0,2,2,8,0.242478,0.251087,0,1,0
18015,,53,0,1,1,0,1,1,9,0.220297,0.227161,0,0,0
18016,,7,0,2,2,0,2,2,8,0.251668,0.260871,0,1,0
18018,,16,0,3,3,0,3,3,8,0.238746,0.247694,0,0.166667,0
18022,,16,0,1,1,0,1,1,9,0.189262,0.193629,0,0,0
18023,,7,0,1,1,0,1,1,8,0.234059,0.241902,0,0,0
18024,,291,0,1,1,0,1,1,1,1,1,0,0,0
18025,,291,1,0,1,1,0,1,0,0,0,0,0,0.000168
18026,,7,0,1,1,0,1,1,8,0.263621,0.273995,0,0,0
18028,,16,0,2,2,0,2,2,9,0.226137,0.233783,0,1,0
18031,,7,0,1,1,0,1,1,9,0.207609,0.212853,0,0,0
18033,,7,0,1,1,0,1,1,9,0.233264,0.241028,0,0,0
18034,,41,0,1,1,0,1,1,9,0.234736,0.243231,0,0,0
18035,,65,0,2,2,0,2,2,10,0.17273,0.175908,0,0,0
18036,,2,0,1,1,0,1,1,9,0.219675,0.226242,0,0,0
18040,,1,0,1,1,0,1,1,9,0.196029,0.200809,0,0,0
18043,,7,0,1,1,0,1,1,8,0.233681,0.240561,0,0,0
18044,,16,0,2,2,0,2,2,9,0.221585,0.228389,0,0.5,0
26657,,16,7,4,11,7,4,11,8,0.252167,0.262392,1765.148299,0.190909,0.001429
18045,,292,0,4,4,0,4,4,1,1,1,0,0.083333,0
18046,,292,1,0,1,1,0,1,0,0,0,0,0,0.000168
18048,,292,1,0,1,1,0,1,0,0,0,0,0,0.000168
18049,,292,1,1,2,1,1,2,1,1,1,0,0.5,0.000168
18050,,41,0,1,1,0,1,1,8,0.209429,0.215629,0,0,0
18052,,41,0,1,1,0,1,1,1,1,1,0,0,0
18053,,53,0,1,1,0,1,1,9,0.220297,0.227161,0,0,0
18054,,16,0,1,1,0,1,1,8,0.251382,0.261452,0,0,0
18055,,16,0,2,2,0,2,2,8,0.228586,0.235544,0,1,0
18056,,41,0,1,1,0,1,1,8,0.257544,0.268689,0,0,0
18058,,36,1,1,2,1,1,2,9,0.219926,0.226711,0,0.5,0.000168
18059,,292,0,1,1,0,1,1,1,1,1,0,0,0
29385,,69,1,0,1,1,0,1,0,0,0,0,0,0.000188
18061,,7,0,1,1,0,1,1,9,0.234452,0.242464,0,0,0
18062,,7,0,1,1,0,1,1,8,0.255022,0.264509,0,0,0
18065,,41,0,1,1,0,1,1,1,1,1,0,0,0
18068,,16,0,1,1,0,1,1,8,0.246114,0.255055,0,0,0
18070,,16,0,1,1,0,1,1,8,0.244275,0.253708,0,0,0
18071,,16,0,2,2,0,2,2,8,0.251567,0.261702,0,0,0
18072,,7,0,1,1,0,1,1,9,0.200066,0.204368,0,0,0
18073,,67,0,1,1,0,1,1,10,0.178452,0.182062,0,0,0
18075,,293,0,2,2,0,2,2,8,0.262766,0.273505,0,0,0
21563,,293,1,0,1,1,0,1,0,0,0,0,0,0.000168
18077,,16,0,1,1,0,1,1,9,0.204597,0.209988,0,0,0
18079,,36,1,3,4,1,3,4,9,0.216051,0.222651,35.372209,0.166667,0.000178
25781,,36,2,2,4,2,2,4,9,0.231761,0.23996,762.619988,0,0.000341
18080,,7,0,1,1,0,1,1,1,1,1,0,0,0
18081,,7,0,1,1,0,1,1,9,0.21791,0.224128,0,0,0
18083,,7,0,1,1,0,1,1,8,0.267661,0.278922,0,0,0
18085,,25,0,1,1,0,1,1,10,0.186679,0.190783,0,0,0
18086,,14,0,1,1,0,1,1,9,0.220426,0.227127,0,0,0
18087,,7,0,1,1,0,1,1,10,0.179156,0.182314,0,0,0
28785,,16,1,0,1,1,0,1,0,0,0,0,0,0.000173
18090,,7,0,2,2,0,2,2,8,0.263429,0.274218,0,1,0
18092,,36,0,1,1,0,1,1,9,0.215151,0.221458,0,0,0
18094,,7,0,1,1,0,1,1,1,1,1,0,0,0
18095,,67,0,1,1,0,1,1,9,0.220369,0.226491,0,0,0
18096,,7,0,1,1,0,1,1,9,0.219288,0.225682,0,0,0
18098,,294,0,2,2,0,2,2,9,0.234962,0.24392,0,0,0
18099,,294,1,0,1,1,0,1,0,0,0,0,0,0.000168
18100,,53,0,1,1,0,1,1,9,0.220297,0.227161,0,0,0
18104,,7,0,1,1,0,1,1,1,1,1,0,0,0
18105,,36,0,1,1,0,1,1,9,0.192698,0.197189,0,0,0
18106,,25,0,1,1,0,1,1,9,0.19358,0.197675,0,0,0
18107,,67,0,1,1,0,1,1,9,0.194919,0.199192,0,0,0
18108,,16,0,1,1,0,1,1,9,0.229337,0.237191,0,0,0
18111,,7,0,1,1,0,1,1,8,0.237164,0.244724,0,0,0
18113,,7,0,1,1,0,1,1,8,0.262756,0.273466,0,0,0
18115,,7,0,2,2,0,2,2,8,0.270892,0.283366,0,0.5,0
18117,,16,0,1,1,0,1,1,9,0.18744,0.191163,0,0,0
18118,,16,1,1,2,1,1,2,8,0.230667,0.237711,18827,0,0.000168
18120,,7,0,1,1,0,1,1,9,0.226406,0.233591,0,0,0
18122,,1,0,1,1,0,1,1,10,0.184464,0.188483,0,0,0
31062,,16,1,0,1,1,0,1,0,0,0,0,0,0.000212
18128,,7,0,1,1,0,1,1,8,0.242475,0.25106,0,0,0
18129,,16,0,2,2,0,2,2,9,0.221899,0.228526,0,1,0
18130,,7,0,1,1,0,1,1,8,0.224983,0.23254,0,0,0
18133,,7,1,2,3,1,2,3,9,0.211309,0.217119,58.999576,0,0.000168
18134,,7,0,1,1,0,1,1,9,0.218575,0.224995,0,0,0
18135,,1,0,1,1,0,1,1,8,0.228936,0.236648,0,0,0
18137,,65,0,3,3,0,3,3,8,0.266118,0.27746,0,0.166667,0
18138,,1,0,1,1,0,1,1,9,0.209961,0.215408,0,0,0
18140,,295,0,1,1,0,1,1,1,1,1,0,0,0
18141,,295,1,0,1,1,0,1,0,0,0,0,0,0.000168
18142,,12,0,2,2,0,2,2,10,0.179109,0.182842,0,0,0
18144,,67,0,2,2,0,2,2,1,1,1,0,0,0
27020,,67,1,0,1,1,0,1,0,0,0,0,0,0.000168
18145,,67,1,1,2,1,1,2,1,1,1,1,0,0.000168
18146,,67,0,1,1,0,1,1,1,1,1,0,0,0
18147,,67,1,2,3,1,2,3,1,1,1,14,0.166667,0.000192
18148,,7,0,1,1,0,1,1,8,0.261475,0.272568,0,0,0
18149,,7,0,1,1,0,1,1,9,0.20921,0.214873,0,0,0
22442,,7,1,2,3,1,2,3,8,0.226239,0.233415,109.915381,0.5,0.000225
18152,,41,0,1,1,0,1,1,8,0.232025,0.239654,0,0,0
18153,,7,1,2,3,1,2,3,9,0.188819,0.193238,18827,0,0.000168
18156,,22,0,2,2,0,2,2,9,0.212867,0.218949,0,0.5,0
18157,,41,1,1,2,1,1,2,8,0.234941,0.243151,0,0.5,0.000168
18158,,7,0,1,1,0,1,1,1,1,1,0,0,0
18159,,2,0,1,1,0,1,1,9,0.209226,0.214674,0,0,0
29201,,7,1,0,1,1,0,1,0,0,0,0,0,0.000203
18163,,25,0,2,2,0,2,2,8,0.234165,0.242138,0,0,0
18164,,25,1,0,1,1,0,1,0,0,0,0,0,0.000168
18165,,7,0,1,1,0,1,1,8,0.262756,0.273466,0,0,0
18167,,41,0,1,1,0,1,1,8,0.229134,0.236292,0,0,0
18168,,1,0,1,1,0,1,1,9,0.209961,0.215408,0,0,0
18169,,67,0,1,1,0,1,1,1,1,1,0,0,0
18170,,53,0,1,1,0,1,1,9,0.195032,0.199555,0,0,0
19001,,16,1,0,1,1,0,1,0,0,0,0,0,0.001135
19207,,16,1,0,1,1,0,1,0,0,0,0,0,0.001135
18292,,16,1,1,2,1,1,2,9,0.204633,0.210098,64.053875,0,0.001135
22796,,16,1,1,2,1,1,2,9,0.22995,0.23792,0,0,0.001135
22326,,16,1,2,3,1,2,3,9,0.229956,0.237955,25974,0.5,0.001135
27207,,16,1,1,2,1,1,2,9,0.22995,0.23792,0,0,0.001135
26498,,16,1,1,2,1,1,2,9,0.22995,0.23792,0,0,0.001135
28063,,16,1,0,1,1,0,1,0,0,0,0,0,0.001135
28716,,16,1,1,2,1,1,2,9,0.22995,0.23792,0,0,0.001135
32132,,16,1,2,3,1,2,3,9,0.229953,0.237946,0,0.5,0.001135
29934,,16,1,2,3,1,2,3,9,0.229953,0.237946,0,0.5,0.001135
18180,,16,0,1,1,0,1,1,9,0.206086,0.211843,0,0,0
18181,,7,0,1,1,0,1,1,9,0.194421,0.198388,0,0,0
18184,,7,1,2,3,1,2,3,8,0.252028,0.261292,0,0.5,0.000178
18185,,65,0,2,2,0,2,2,10,0.172734,0.175916,0,0,0
22229,,65,1,0,1,1,0,1,0,0,0,0,0,0.000168
18187,,16,0,1,1,0,1,1,8,0.246659,0.25616,0,0,0
18190,,53,0,1,1,0,1,1,9,0.212691,0.218392,0,0,0
18194,,67,0,1,1,0,1,1,1,1,1,0,0,0
18196,,7,0,1,1,0,1,1,8,0.251452,0.260347,0,0,0
18197,,67,0,1,1,0,1,1,1,1,1,0,0,0
18200,,41,0,1,1,0,1,1,8,0.242301,0.250673,0,0,0
18203,,65,2,3,5,2,3,5,9,0.239565,0.247588,82444,0.166667,0.000422
18206,,41,0,1,1,0,1,1,8,0.257544,0.268689,0,0,0
18207,,32,0,1,1,0,1,1,8,0.234493,0.242444,0,0,0
18209,,7,0,1,1,0,1,1,8,0.251523,0.26155,0,0,0
18216,,7,0,5,5,0,5,5,8,0.268577,0.280379,0,0.3,0
18217,,67,0,1,1,0,1,1,1,1,1,0,0,0
18218,,7,0,1,1,0,1,1,9,0.228024,0.235474,0,0,0
18220,,41,0,2,2,0,2,2,8,0.258684,0.269814,0,0.5,0
18221,,16,0,2,2,0,2,2,9,0.224874,0.232841,0,0,0
21372,,16,1,1,2,1,1,2,9,0.186998,0.19063,1,0,0.000168
18222,,7,0,1,1,0,1,1,8,0.230856,0.238125,0,0,0
18223,,7,0,1,1,0,1,1,9,0.225524,0.231867,0,0,0
18224,,7,0,1,1,0,1,1,7,0.293553,0.307954,0,0,0
18225,,36,0,1,1,0,1,1,10,0.176789,0.180292,0,0,0
18226,,7,0,2,2,0,2,2,8,0.279502,0.292268,0,0.5,0
18227,,1,0,1,1,0,1,1,8,0.242388,0.250662,0,0,0
18232,,41,0,2,2,0,2,2,8,0.246717,0.255592,0,1,0
18233,,41,0,1,1,0,1,1,9,0.234736,0.243231,0,0,0
18234,,16,0,2,2,0,2,2,9,0.21679,0.223036,0,0,0
18236,,7,0,1,1,0,1,1,8,0.242475,0.25106,0,0,0
18237,,67,0,1,1,0,1,1,1,1,1,0,0,0
27580,,16,1,1,2,1,1,2,9,0.215951,0.221598,66.380202,0,0.000227
18245,,12,0,4,4,0,4,4,9,0.187574,0.192165,0,0.25,0
18246,,12,0,2,2,0,2,2,9,0.185614,0.190164,0,1,0
18248,,7,0,1,1,0,1,1,8,0.256649,0.267075,0,0,0
18249,,233,0,1,1,0,1,1,1,1,1,0,0,0
19121,,16,1,0,1,1,0,1,0,0,0,0,0,0.000256
18251,,7,0,4,4,0,4,4,8,0.257841,0.268449,0,0.25,0
18252,,7,0,1,1,0,1,1,8,0.233484,0.240547,0,0,0
18253,,7,0,1,1,0,1,1,9,0.226897,0.234639,0,0,0
18255,,67,0,1,1,0,1,1,1,1,1,0,0,0
18944,,7,1,0,1,1,0,1,0,0,0,0,0,0.000228
18258,,67,0,2,2,0,2,2,1,1,1,0,0.5,0
18259,,7,0,1,1,0,1,1,9,0.226164,0.233246,0,0,0
18260,,16,0,1,1,0,1,1,9,0.192663,0.196777,0,0,0
18261,,12,0,4,4,0,4,4,9,0.187694,0.192312,0,0.333333,0
18262,,12,0,4,4,0,4,4,9,0.199941,0.205409,0,0.5,0
18263,,7,0,1,1,0,1,1,8,0.251452,0.260347,0,0,0
18264,,12,0,3,3,0,3,3,9,0.185616,0.190191,0,0.5,0
18265,,12,0,3,3,0,3,3,9,0.185616,0.190191,0,0.5,0
18267,,12,0,3,3,0,3,3,9,0.185616,0.190191,0,0.5,0
18268,,41,0,1,1,0,1,1,9,0.221424,0.228568,0,0,0
18270,,65,0,1,1,0,1,1,10,0.172726,0.175872,0,0,0
18271,,41,0,3,3,0,3,3,9,0.219339,0.225607,0,0,0
18272,,7,0,2,2,0,2,2,8,0.254028,0.263398,0,0,0
18273,,7,0,1,1,0,1,1,9,0.208088,0.213254,0,0,0
18274,,7,0,2,2,0,2,2,9,0.226428,0.233834,0,0.5,0
18276,,67,0,1,1,0,1,1,1,1,1,0,0,0
18277,,36,0,3,3,0,3,3,9,0.216818,0.223151,0,0,0
18278,,7,0,5,5,0,5,5,8,0.252976,0.262725,0,0.7,0
32171,,16,1,0,1,1,0,1,0,0,0,0,0,0.000224
18283,,12,0,2,2,0,2,2,10,0.164897,0.168049,0,0.5,0
18286,,32,0,3,3,0,3,3,9,0.201408,0.206055,0,0,0
18287,,32,1,0,1,1,0,1,0,0,0,0,0,0.000168
23347,,32,1,0,1,1,0,1,0,0,0,0,0,0.000168
18289,,41,0,1,1,0,1,1,9,0.209788,0.215674,0,0,0
18290,,7,0,1,1,0,1,1,9,0.218751,0.224866,0,0,0
18291,,41,0,4,4,0,4,4,9,0.222801,0.229878,0,0,0
18593,,41,1,0,1,1,0,1,0,0,0,0,0,0.000168
18295,,12,0,6,6,0,6,6,9,0.203425,0.209332,0,0.433333,0
18296,,67,0,1,1,0,1,1,1,1,1,0,0,0
18298,,1,0,1,1,0,1,1,9,0.199289,0.20436,0,0,0
18300,,67,0,1,1,0,1,1,1,1,1,0,0,0
18301,,7,0,1,1,0,1,1,8,0.251664,0.260845,0,0,0
18302,,12,0,2,2,0,2,2,9,0.185614,0.190164,0,1,0
18305,,7,0,1,1,0,1,1,9,0.226164,0.233246,0,0,0
18308,,16,0,1,1,0,1,1,9,0.23666,0.245195,0,0,0
18309,,16,0,1,1,0,1,1,9,0.227723,0.235174,0,0,0
18310,,7,0,1,1,0,1,1,9,0.198884,0.203512,0,0,0
18314,,7,0,1,1,0,1,1,9,0.223726,0.230675,0,0,0
18315,,41,0,1,1,0,1,1,8,0.257544,0.268689,0,0,0
18318,,25,0,1,1,0,1,1,9,0.225635,0.232826,0,0,0
18320,,41,0,1,1,0,1,1,9,0.205163,0.210721,0,0,0
18321,,41,0,1,1,0,1,1,9,0.20908,0.214243,0,0,0
18323,,16,0,1,1,0,1,1,8,0.240389,0.248209,0,0,0
18326,,1,0,1,1,0,1,1,8,0.230853,0.23867,0,0,0
18327,,12,0,2,2,0,2,2,10,0.164897,0.168049,0,0.5,0
18328,,12,0,2,2,0,2,2,10,0.164897,0.168049,0,0.5,0
18329,,16,0,1,1,0,1,1,9,0.231783,0.240091,0,0,0
18330,,12,0,2,2,0,2,2,10,0.164897,0.168049,0,0.5,0
18333,,1,0,1,1,0,1,1,8,0.230717,0.238683,0,0,0
18334,,41,0,3,3,0,3,3,8,0.238036,0.246517,0,0.5,0
18336,,7,0,2,2,0,2,2,8,0.25008,0.25945,0,1,0
18337,,67,0,1,1,0,1,1,1,1,1,0,0,0
18338,,67,0,1,1,0,1,1,1,1,1,0,0,0
18339,,16,0,1,1,0,1,1,8,0.236167,0.244733,0,0,0
18341,,7,0,1,1,0,1,1,9,0.226507,0.233208,0,0,0
18343,,7,0,2,2,0,2,2,8,0.234838,0.243325,0,0.5,0
18344,,7,0,1,1,0,1,1,8,0.230955,0.238384,0,0,0
24877,,16,1,4,5,1,4,5,8,0.252231,0.262437,2.916133,0.6,0.000264
29497,,16,2,1,3,2,1,3,8,0.251379,0.261448,0,0.5,0.000456
18347,,7,0,1,1,0,1,1,8,0.229363,0.236015,0,0,0
18349,,16,0,6,6,0,6,6,8,0.250439,0.261621,0,0.166667,0
18351,,296,0,1,1,0,1,1,1,1,1,0,0,0
18352,,296,1,0,1,1,0,1,0,0,0,0,0,0.000168
18355,,16,1,1,2,1,1,2,10,0.173356,0.176347,18827,0,0.000168
18356,,1,0,1,1,0,1,1,10,0.184988,0.188951,0,0,0
18832,,65,1,1,2,1,1,2,1,1,1,0,0,0.000192
18363,,67,0,1,1,0,1,1,1,1,1,0,0,0
18364,,7,0,1,1,0,1,1,9,0.209471,0.215102,0,0,0
18366,,16,0,2,2,0,2,2,9,0.224409,0.231547,0,0,0
18369,,41,0,1,1,0,1,1,9,0.186402,0.190307,0,0,0
18371,,7,0,1,1,0,1,1,9,0.209629,0.215018,0,0,0
27086,,7,1,3,4,1,3,4,8,0.233692,0.241733,341.251206,0.25,0.000176
18550,,1,1,0,1,1,0,1,0,0,0,0,0,0.000282
18686,,1,1,0,1,1,0,1,0,0,0,0,0,0.000282
23778,,1,1,0,1,1,0,1,0,0,0,0,0,0.000282
18374,,2,0,1,1,0,1,1,1,1,1,0,0,0
18380,,67,0,1,1,0,1,1,10,0.178452,0.182062,0,0,0
18381,,16,0,5,5,0,5,5,9,0.232038,0.239875,0,0.35,0
23418,,16,1,1,2,1,1,2,9,0.219125,0.225325,0,0.5,0.000168
18385,,7,0,1,1,0,1,1,1,1,1,0,0,0
18387,,14,0,1,1,0,1,1,10,0.178816,0.182115,0,0,0
18389,,7,0,1,1,0,1,1,8,0.229128,0.236488,0,0,0
18391,,7,1,0,1,1,0,1,0,0,0,0,0,0.00034
18393,,41,0,1,1,0,1,1,9,0.195191,0.199446,0,0,0
18395,,7,0,1,1,0,1,1,9,0.201952,0.206841,0,0,0
18397,,7,0,1,1,0,1,1,1,1,1,0,0,0
18398,,7,0,1,1,0,1,1,9,0.224577,0.231594,0,0,0
18399,,7,0,1,1,0,1,1,9,0.206708,0.212248,0,0,0
18404,,297,1,0,1,1,0,1,0,0,0,0,0,0.000179
22953,,297,1,0,1,1,0,1,0,0,0,0,0,0.000179
18406,,12,0,4,4,0,4,4,9,0.223254,0.230888,0,0.5,0
18407,,22,0,1,1,0,1,1,2,0.545455,0.583333,0,0,0
18410,,7,0,2,2,0,2,2,1,1,1,0,0,0
18411,,7,0,1,1,0,1,1,9,0.224355,0.231466,0,0,0
18416,,298,0,1,1,0,1,1,1,1,1,0,0,0
18417,,298,1,0,1,1,0,1,0,0,0,0,0,0.000168
18418,,7,3,3,6,3,3,6,9,0.234061,0.242525,1629.066276,0.133333,0.002071
18419,,7,0,1,1,0,1,1,10,0.178303,0.181862,0,0,0
18421,,7,0,1,1,0,1,1,9,0.217945,0.223743,0,0,0
18423,,299,0,1,1,0,1,1,1,1,1,0,0,0
18424,,299,1,0,1,1,0,1,0,0,0,0,0,0.000168
18426,,7,0,1,1,0,1,1,8,0.261475,0.272568,0,0,0
18428,,41,1,2,3,1,2,3,8,0.263681,0.274464,18825,0,0.000184
18430,,41,0,1,1,0,1,1,9,0.195827,0.200589,0,0,0
18432,,81,0,2,2,0,2,2,9,0.202043,0.206758,0,0,0
18434,,36,1,1,2,1,1,2,9,0.209938,0.21553,107.419323,0,0.000168
18435,,16,0,1,1,0,1,1,9,0.199678,0.204613,0,0,0
18436,,7,0,1,1,0,1,1,9,0.226946,0.234172,0,0,0
18441,,41,0,1,1,0,1,1,9,0.195066,0.199384,0,0,0
18443,,7,0,1,1,0,1,1,1,1,1,0,0,0
18445,,7,0,1,1,0,1,1,10,0.19364,0.198159,0,0,0
18446,,7,0,1,1,0,1,1,9,0.207609,0.212853,0,0,0
18447,,12,0,2,2,0,2,2,9,0.209224,0.214928,0,0,0
23436,,16,1,0,1,1,0,1,0,0,0,0,0,0.000345
18450,,16,0,1,1,0,1,1,9,0.201636,0.206639,0,0,0
18451,,7,0,1,1,0,1,1,8,0.242744,0.250975,0,0,0
18452,,41,0,2,2,0,2,2,8,0.243246,0.251543,0,0.5,0
18453,,7,0,13,13,0,13,13,7,0.300738,0.316441,0,0.237179,0
18454,,7,1,0,1,1,0,1,0,0,0,0,0,0.000168
18455,,41,0,2,2,0,2,2,9,0.210715,0.216584,0,0.5,0
18456,,1,0,1,1,0,1,1,8,0.242388,0.250662,0,0,0
18457,,16,0,1,1,0,1,1,9,0.229337,0.237191,0,0,0
21713,,14,1,0,1,1,0,1,0,0,0,0,0,0.00018
18463,,65,0,1,1,0,1,1,8,0.236841,0.24458,0,0,0
18464,,12,0,1,1,0,1,1,1,1,1,0,0,0
18465,,16,0,1,1,0,1,1,9,0.193809,0.197837,0,0,0
18467,,7,0,1,1,0,1,1,7,0.293553,0.307954,0,0,0
18468,,7,0,1,1,0,1,1,10,0.187138,0.191103,0,0,0
18469,,41,0,1,1,0,1,1,8,0.236961,0.24442,0,0,0
18472,,300,0,1,1,0,1,1,1,1,1,0,0,0
18473,,300,1,0,1,1,0,1,0,0,0,0,0,0.000168
18474,,7,0,1,1,0,1,1,8,0.235023,0.242331,0,0,0
25175,,12,3,1,4,3,1,4,10,0.179077,0.182771,0,0.5,0.000659
24885,,12,12,2,14,12,2,14,10,0.164893,0.168041,84143.366273,0.120879,0.002149
31101,,12,1,0,1,1,0,1,0,0,0,0,0,0.000253
18478,,16,0,1,1,0,1,1,8,0.251382,0.261452,0,0,0
18479,,41,0,1,1,0,1,1,8,0.257544,0.268689,0,0,0
18480,,16,0,2,2,0,2,2,8,0.23072,0.23871,0,1,0
18482,,7,0,1,1,0,1,1,10,0.175434,0.178494,0,0,0
24260,,7,1,0,1,1,0,1,0,0,0,0,0,0.000413
28179,,7,2,3,5,2,3,5,8,0.24437,0.252747,110.620536,0.666667,0.000602
35238,,7,1,0,1,1,0,1,0,0,0,0,0,0.000413
18485,,16,0,1,1,0,1,1,9,0.206138,0.21144,0,0,0
18486,,16,0,1,1,0,1,1,9,0.22454,0.231184,0,0,0
18487,,7,0,1,1,0,1,1,9,0.228697,0.235899,0,0,0
18488,,7,0,1,1,0,1,1,9,0.226025,0.232676,0,0,0
18490,,16,0,1,1,0,1,1,8,0.234493,0.241933,0,0,0
21771,,7,1,0,1,1,0,1,0,0,0,0,0,0.000175
18492,,7,0,1,1,0,1,1,8,0.245108,0.253561,0,0,0
18495,,7,0,1,1,0,1,1,8,0.224983,0.23254,0,0,0
18496,,16,0,1,1,0,1,1,8,0.207072,0.212175,0,0,0
18497,,16,0,1,1,0,1,1,1,1,1,0,0,0
18498,,12,0,4,4,0,4,4,8,0.241824,0.250959,0,0.083333,0
18500,,36,0,1,1,0,1,1,1,1,1,0,0,0
18502,,7,0,1,1,0,1,1,9,0.192003,0.195864,0,0,0
18503,,25,0,1,1,0,1,1,9,0.225635,0.232826,0,0,0
18504,,7,0,1,1,0,1,1,8,0.23999,0.247696,0,0,0
18506,,7,0,1,1,0,1,1,8,0.261475,0.272568,0,0,0
18507,,41,0,1,1,0,1,1,10,0.19202,0.196623,0,0,0
18510,,16,0,1,1,0,1,1,9,0.238773,0.247361,0,0,0
18512,,36,0,1,1,0,1,1,8,0.23485,0.242175,0,0,0
18513,,301,0,2,2,0,2,2,9,0.236565,0.244333,0,0,0
33742,,301,1,0,1,1,0,1,0,0,0,0,0,0.000168
18517,,7,0,1,1,0,1,1,8,0.24685,0.256506,0,0,0
18519,,16,0,1,1,0,1,1,9,0.219685,0.226136,0,0,0
18520,,7,0,1,1,0,1,1,8,0.261475,0.272568,0,0,0
18522,,7,0,1,1,0,1,1,9,0.20921,0.214873,0,0,0
18526,,2,0,1,1,0,1,1,9,0.21093,0.216501,0,0,0
18529,,65,0,1,1,0,1,1,8,0.234438,0.242011,0,0,0
18536,,7,0,4,4,0,4,4,8,0.264383,0.275581,0,0.25,0
18539,,7,0,1,1,0,1,1,8,0.262756,0.273466,0,0,0
18542,,67,0,1,1,0,1,1,8,0.240355,0.248397,0,0,0
18543,,16,0,3,3,0,3,3,9,0.233062,0.241343,0,0,0
18545,,7,0,1,1,0,1,1,8,0.244564,0.253553,0,0,0
18546,,7,0,1,1,0,1,1,8,0.247779,0.256716,0,0,0
18547,,16,0,1,1,0,1,1,10,0.193208,0.197972,0,0,0
18549,,7,0,1,1,0,1,1,9,0.221666,0.227874,0,0,0
18552,,7,0,1,1,0,1,1,9,0.218206,0.224461,0,0,0
18553,,302,0,1,1,0,1,1,1,1,1,0,0,0
18554,,302,1,0,1,1,0,1,0,0,0,0,0,0.000168
18555,,16,0,2,2,0,2,2,9,0.19829,0.203529,0,0,0
18556,,16,0,1,1,0,1,1,8,0.251382,0.261452,0,0,0
18559,,14,0,1,1,0,1,1,8,0.247395,0.256736,0,0,0
18560,,1,0,2,2,0,2,2,8,0.231262,0.239418,0,1,0
18562,,7,0,1,1,0,1,1,1,1,1,0,0,0
18563,,14,0,3,3,0,3,3,8,0.247665,0.257174,0,0.333333,0
18565,,1,0,3,3,0,3,3,8,0.232783,0.241142,0,0.333333,0
18569,,16,0,1,1,0,1,1,8,0.251382,0.261452,0,0,0
18571,,16,0,1,1,0,1,1,8,0.234514,0.24306,0,0,0
18573,,664,1,1,2,1,1,2,9,0.21837,0.224876,18827,0,0.000168
18574,,7,0,1,1,0,1,1,8,0.251523,0.26155,0,0,0
18576,,36,0,1,1,0,1,1,10,0.188374,0.192412,0,0,0
18578,,36,0,1,1,0,1,1,8,0.22375,0.230857,0,0,0
18582,,16,0,1,1,0,1,1,9,0.206461,0.211854,0,0,0
18590,,41,0,1,1,0,1,1,9,0.234736,0.243231,0,0,0
18591,,303,0,1,1,0,1,1,9,0.197375,0.20148,0,0,0
18592,,303,1,1,2,1,1,2,8,0.245899,0.253968,18827,0,0.000168
18596,,7,0,1,1,0,1,1,8,0.261475,0.272568,0,0,0
18598,,67,0,1,1,0,1,1,9,0.226957,0.234476,0,0,0
18601,,25,0,1,1,0,1,1,8,0.226534,0.233342,0,0,0
18607,,16,0,1,1,0,1,1,10,0.173356,0.176347,0,0,0
18611,,16,0,4,4,0,4,4,8,0.232429,0.240825,0,0.583333,0
18615,,7,0,1,1,0,1,1,9,0.224765,0.231975,0,0,0
19140,,16,1,0,1,1,0,1,0,0,0,0,0,0.000188
27938,,16,1,0,1,1,0,1,0,0,0,0,0,0.000188
18620,,7,0,1,1,0,1,1,9,0.23711,0.245258,0,0,0
18621,,41,0,1,1,0,1,1,9,0.181017,0.184512,0,0,0
18623,,2,0,1,1,0,1,1,8,0.235883,0.243933,0,0,0
18627,,7,0,1,1,0,1,1,1,1,1,0,0,0
18629,,41,1,0,1,1,0,1,0,0,0,0,0,0.000178
18630,,16,0,2,2,0,2,2,8,0.232427,0.240777,0,0,0
19452,,16,1,1,2,1,1,2,9,0.188905,0.193288,0.5,0,0.000168
18633,,16,0,2,2,0,2,2,9,0.220055,0.226882,0,0,0
18634,,36,0,1,1,0,1,1,9,0.208767,0.214577,0,0,0
18635,,7,0,1,1,0,1,1,9,0.216427,0.222015,0,0,0
18636,,16,0,2,2,0,2,2,9,0.220735,0.227062,0,0,0
18637,,16,0,1,1,0,1,1,9,0.224454,0.231835,0,0,0
18638,,41,0,9,9,0,9,9,9,0.229341,0.236986,0,0.083333,0
34233,,41,1,0,1,1,0,1,0,0,0,0,0,0.000168
18639,,7,0,1,1,0,1,1,9,0.210369,0.216199,0,0,0
18640,,22,0,1,1,0,1,1,9,0.21286,0.218905,0,0,0
18642,,7,0,1,1,0,1,1,9,0.213284,0.219286,0,0,0
18645,,485,0,1,1,0,1,1,1,1,1,0,0,0
23533,,7,1,0,1,1,0,1,0,0,0,0,0,0.000179
18648,,12,0,1,1,0,1,1,10,0.164896,0.168023,0,0,0
18649,,7,0,1,1,0,1,1,9,0.225042,0.231898,0,0,0
18650,,16,0,2,2,0,2,2,9,0.198708,0.2034,0,0,0
18651,,7,0,1,1,0,1,1,9,0.207609,0.212853,0,0,0
18652,,304,0,1,1,0,1,1,1,1,1,0,0,0
18653,,304,1,0,1,1,0,1,0,0,0,0,0,0.000168
18658,,53,0,1,1,0,1,1,9,0.199896,0.204999,0,0,0
18659,,7,0,3,3,0,3,3,8,0.25842,0.268759,0,0.333333,0
18660,,7,1,0,1,1,0,1,0,0,0,0,0,0.000168
18663,,41,0,1,1,0,1,1,9,0.210713,0.216558,0,0,0
18665,,16,0,4,4,0,4,4,9,0.190786,0.195228,0,0.166667,0
18668,,7,0,3,3,0,3,3,9,0.22283,0.230193,0,0,0
18669,,7,1,0,1,1,0,1,0,0,0,0,0,0.000168
18675,,305,0,1,1,0,1,1,1,1,1,0,0,0
18676,,305,1,0,1,1,0,1,0,0,0,0,0,0.000168
18677,,7,0,1,1,0,1,1,9,0.229028,0.236621,0,0,0
18678,,53,0,1,1,0,1,1,9,0.220297,0.227161,0,0,0
18680,,65,1,1,2,1,1,2,1,1,1,25977,0,0.000173
30099,,65,1,0,1,1,0,1,0,0,0,0,0,0.000173
18684,,7,0,1,1,0,1,1,9,0.229704,0.237714,0,0,0
18685,,7,0,1,1,0,1,1,9,0.220744,0.227032,0,0,0
18687,,12,0,2,2,0,2,2,9,0.185614,0.190164,0,1,0
18688,,1,0,2,2,0,2,2,9,0.222968,0.23034,0,1,0
18689,,16,0,1,1,0,1,1,9,0.193226,0.197302,0,0,0
18691,,7,0,1,1,0,1,1,9,0.222431,0.229647,0,0,0
18693,,7,0,1,1,0,1,1,8,0.235023,0.242331,0,0,0
18694,,41,0,2,2,0,2,2,8,0.236434,0.245117,0,1,0
18696,,16,0,3,3,0,3,3,8,0.232426,0.240799,0,0.666667,0
18698,,16,0,1,1,0,1,1,8,0.232829,0.239934,0,0,0
18699,,16,0,2,2,0,2,2,8,0.232427,0.240777,0,0,0
19356,,16,1,1,2,1,1,2,9,0.188905,0.193288,0.5,0,0.000168
18700,,16,0,2,2,0,2,2,8,0.232421,0.240763,0,1,0
18701,,16,0,1,1,0,1,1,9,0.23085,0.239151,0,0,0
18702,,65,0,1,1,0,1,1,8,0.234438,0.242011,0,0,0
18704,,7,0,6,6,0,6,6,7,0.300032,0.315658,0,0.366667,0
18705,,16,0,3,3,0,3,3,8,0.232426,0.240799,0,0.666667,0
18706,,7,0,1,1,0,1,1,8,0.261475,0.272568,0,0,0
18707,,7,0,1,1,0,1,1,8,0.272188,0.283721,0,0,0
18712,,16,0,2,2,0,2,2,8,0.232423,0.240772,0,0,0
27003,,16,7,0,7,7,0,7,0,0,0,0,0,0.001219
18713,,16,0,1,1,0,1,1,8,0.232418,0.240737,0,0,0
18714,,7,0,1,1,0,1,1,8,0.262756,0.273466,0,0,0
18716,,41,0,1,1,0,1,1,9,0.214851,0.22109,0,0,0
18718,,22,0,1,1,0,1,1,2,0.666667,0.75,0,0,0
18720,,41,1,3,4,1,3,4,8,0.241118,0.250136,18825,0.333333,0.000182
18721,,81,0,3,3,0,3,3,8,0.233612,0.240496,0,0.333333,0
18723,,67,0,3,3,0,3,3,9,0.206332,0.212102,0,0.333333,0
18726,,7,0,1,1,0,1,1,1,1,1,0,0,0
18727,,81,0,1,1,0,1,1,10,0.177528,0.180938,0,0,0
18729,,65,0,1,1,0,1,1,9,0.195014,0.200132,0,0,0
18730,,16,0,3,3,0,3,3,8,0.232426,0.240799,0,0.333333,0
18731,,41,0,1,1,0,1,1,11,0.160269,0.162784,0,0,0
18732,,7,0,3,3,0,3,3,8,0.266554,0.278523,0,0.5,0
18734,,306,0,1,1,0,1,1,1,1,1,0,0,0
18735,,306,1,0,1,1,0,1,0,0,0,0,0,0.000168
18737,,16,0,1,1,0,1,1,9,0.215775,0.22222,0,0,0
18738,,41,0,2,2,0,2,2,8,0.248893,0.258579,0,0.5,0
18739,,16,0,1,1,0,1,1,8,0.244275,0.253708,0,0,0
18744,,41,0,1,1,0,1,1,9,0.234736,0.243231,0,0,0
18745,,36,0,5,5,0,5,5,10,0.163304,0.166096,0,0.3,0
18881,,16,1,1,2,1,1,2,9,0.22046,0.227379,0,1,0.000268
33359,,16,1,1,2,1,1,2,10,0.173358,0.176349,3.059524,0,0.000188
18749,,7,0,1,1,0,1,1,9,0.226389,0.233867,0,0,0
18752,,7,0,1,1,0,1,1,9,0.19551,0.200141,0,0,0
18755,,65,2,1,3,2,1,3,8,0.236841,0.24458,24162.626969,0,0.000336
18756,,7,0,1,1,0,1,1,9,0.198884,0.203512,0,0,0
18769,,16,1,2,3,1,2,3,9,0.191094,0.195518,1,0.166667,0.000199
27908,,1,1,0,1,1,0,1,0,0,0,0,0,0.000182
18772,,16,0,1,1,0,1,1,9,0.189119,0.192925,0,0,0
18773,,16,0,1,1,0,1,1,9,0.2263,0.234284,0,0,0
18774,,16,0,3,3,0,3,3,9,0.237194,0.24498,0,0.166667,0
21119,,16,1,0,1,1,0,1,0,0,0,0,0,0.000168
25741,,16,2,0,2,2,0,2,0,0,0,0,0,0.000461
30675,,41,1,1,2,1,1,2,9,0.217122,0.223496,0,0.5,0.000293
18778,,1,0,1,1,0,1,1,9,0.19349,0.197761,0,0,0
18779,,307,0,2,2,0,2,2,10,0.179164,0.182357,0,0,0
18780,,307,1,0,1,1,0,1,0,0,0,0,0,0.000168
18784,,7,0,3,3,0,3,3,8,0.263252,0.274849,0,0.5,0
20647,,2,2,4,6,2,4,6,9,0.203661,0.208958,205461.046326,0,0.000408
25907,,16,2,1,3,2,1,3,12,0.12643,0.127694,26340.46675,0,0.000445
18787,,16,0,1,1,0,1,1,9,0.219598,0.226231,0,0,0
31656,,41,1,0,1,1,0,1,0,0,0,0,0,0.000221
18792,,7,0,1,1,0,1,1,9,0.226389,0.233867,0,0,0
18794,,16,0,1,1,0,1,1,8,0.234514,0.24306,0,0,0
18799,,7,0,1,1,0,1,1,9,0.211842,0.21746,0,0,0
18800,,16,0,2,2,0,2,2,9,0.227495,0.234389,0,0.5,0
18804,,16,0,1,1,0,1,1,9,0.209793,0.215257,0,0,0
18805,,2,0,1,1,0,1,1,1,1,1,0,0,0
18808,,14,0,2,2,0,2,2,9,0.209642,0.215306,0,0.5,0
29245,,14,1,2,3,1,2,3,9,0.209636,0.215291,1,0.333333,0.000168
18811,,7,0,1,1,0,1,1,9,0.216799,0.222974,0,0,0
18814,,67,0,1,1,0,1,1,10,0.178452,0.182062,0,0,0
18815,,16,0,1,1,0,1,1,8,0.251382,0.261452,0,0,0
18816,,41,0,1,1,0,1,1,8,0.226676,0.234633,0,0,0
18817,,308,0,1,1,0,1,1,1,1,1,0,0,0
18818,,7,0,1,1,0,1,1,9,0.212064,0.218043,0,0,0
18819,,308,0,1,1,0,1,1,1,1,1,0,0,0
18820,,53,0,2,2,0,2,2,9,0.222647,0.230258,0,0,0
18821,,16,0,1,1,0,1,1,9,0.207618,0.213023,0,0,0
18822,,7,0,1,1,0,1,1,8,0.233287,0.240487,0,0,0
30210,,7,1,1,2,1,1,2,8,0.230003,0.23674,0,0,0.000618
18824,,7,0,1,1,0,1,1,9,0.226164,0.233246,0,0,0
18827,,7,0,1,1,0,1,1,9,0.226164,0.233246,0,0,0
18829,,7,0,1,1,0,1,1,9,0.230193,0.238549,0,0,0
18830,,12,0,4,4,0,4,4,10,0.186345,0.190555,0,0.25,0
18847,,12,1,2,3,1,2,3,10,0.186447,0.190721,10.067339,0.333333,0.000168
18831,,1,0,5,5,0,5,5,8,0.231842,0.240181,0,0.45,0
21496,,67,5,2,7,5,2,7,11,0.151444,0.15368,176570,0,0.000927
18904,,3,1,0,1,1,0,1,0,0,0,0,0,0.000175
18838,,41,0,1,1,0,1,1,8,0.257544,0.268689,0,0,0
18842,,7,0,1,1,0,1,1,8,0.262756,0.273466,0,0,0
18845,,16,0,2,2,0,2,2,9,0.190251,0.194664,0,0.5,0
18850,,7,0,1,1,0,1,1,9,0.220062,0.226484,0,0,0
18852,,41,1,0,1,1,0,1,0,0,0,0,0,0.000173
18853,,41,1,0,1,1,0,1,0,0,0,0,0,0.000173
19576,,41,1,0,1,1,0,1,0,0,0,0,0,0.000173
20577,,41,1,0,1,1,0,1,0,0,0,0,0,0.000173
31369,,41,1,0,1,1,0,1,0,0,0,0,0,0.000173
18855,,7,1,2,3,1,2,3,8,0.266186,0.277609,0,0.833333,0.000336
18856,,67,0,3,3,0,3,3,9,0.227051,0.234654,0,0,0
20931,,67,2,1,3,2,1,3,9,0.211205,0.216853,18875.52957,0,0.000336
18860,,7,0,62,62,0,62,62,7,0.293852,0.310919,0,0.075093,0
26804,,7,1,0,1,1,0,1,0,0,0,0,0,0.000168
18861,,41,0,1,1,0,1,1,8,0.234941,0.243151,0,0,0
18862,,41,0,1,1,0,1,1,9,0.234736,0.243231,0,0,0
18863,,309,0,1,1,0,1,1,10,0.177482,0.181076,0,0,0
18864,,309,2,4,6,2,4,6,9,0.215768,0.222357,37657,0,0.000341
29879,,309,1,0,1,1,0,1,0,0,0,0,0,0.000178
32531,,309,1,1,2,1,1,2,10,0.177476,0.181059,0,0,0.000178
18866,,67,0,2,2,0,2,2,8,0.223219,0.230379,0,1,0
18868,,7,0,2,2,0,2,2,8,0.261508,0.272652,0,0,0
18869,,22,0,1,1,0,1,1,9,0.196738,0.201165,0,0,0
34702,,7,1,1,2,1,1,2,9,0.196327,0.20122,0,0,0.0002
18871,,7,0,1,1,0,1,1,9,0.232432,0.240139,0,0,0
18874,,7,0,1,1,0,1,1,8,0.235105,0.243285,0,0,0
18875,,16,0,1,1,0,1,1,8,0.251382,0.261452,0,0,0
18876,,310,0,1,1,0,1,1,1,1,1,0,0,0
18877,,310,1,0,1,1,0,1,0,0,0,0,0,0.000168
18878,,41,0,2,2,0,2,2,9,0.21749,0.223963,0,0.5,0
27427,,7,1,0,1,1,0,1,0,0,0,0,0,0.000196
18882,,65,0,1,1,0,1,1,9,0.208155,0.213697,0,0,0
18883,,1,0,1,1,0,1,1,9,0.190379,0.194756,0,0,0
18884,,311,0,1,1,0,1,1,1,1,1,0,0,0
18885,,311,1,0,1,1,0,1,0,0,0,0,0,0.000168
18887,,7,0,1,1,0,1,1,9,0.219145,0.22531,0,0,0
18888,,7,0,1,1,0,1,1,9,0.219145,0.22531,0,0,0
18889,,1,0,2,2,0,2,2,8,0.261581,0.272724,0,0.5,0
18891,,7,0,1,1,0,1,1,9,0.219145,0.22531,0,0,0
18894,,14,0,1,1,0,1,1,9,0.225039,0.232567,0,0,0
18895,,312,0,1,1,0,1,1,1,1,1,0,0,0
18896,,312,1,0,1,1,0,1,0,0,0,0,0,0.000168
18897,,16,0,1,1,0,1,1,9,0.212006,0.218284,0,0,0
18898,,32,0,1,1,0,1,1,1,1,1,0,0,0
18899,,16,0,1,1,0,1,1,8,0.232418,0.240737,0,0,0
18901,,16,0,1,1,0,1,1,9,0.215775,0.22222,0,0,0
18902,,22,0,1,1,0,1,1,2,0.545455,0.583333,0,0,0
18903,,7,0,3,3,0,3,3,9,0.229452,0.237029,0,0.166667,0
18906,,7,0,1,1,0,1,1,9,0.219145,0.22531,0,0,0
18907,,7,0,1,1,0,1,1,8,0.229128,0.236488,0,0,0
18909,,7,0,1,1,0,1,1,9,0.228964,0.236007,0,0,0
18910,,1,0,2,2,0,2,2,8,0.229704,0.237609,0,1,0
18911,,81,0,2,2,0,2,2,8,0.239031,0.246338,0,0,0
18913,,12,0,1,1,0,1,1,9,0.202417,0.207306,0,0,0
18915,,7,0,1,1,0,1,1,9,0.211885,0.217619,0,0,0
18916,,7,0,1,1,0,1,1,8,0.219895,0.226484,0,0,0
18922,,65,0,1,1,0,1,1,9,0.208155,0.213697,0,0,0
18926,,53,0,1,1,0,1,1,10,0.180531,0.184248,0,0,0
18928,,7,0,1,1,0,1,1,8,0.223971,0.231195,0,0,0
18930,,16,0,1,1,0,1,1,8,0.227034,0.234934,0,0,0
18931,,7,0,1,1,0,1,1,10,0.167821,0.170934,0,0,0
18932,,7,0,1,1,0,1,1,10,0.195014,0.199652,0,0,0
18933,,7,0,3,3,0,3,3,8,0.260275,0.271243,0,0.5,0
30788,,7,1,0,1,1,0,1,0,0,0,0,0,0.000311
33004,,7,1,2,3,1,2,3,8,0.239666,0.248786,0,1,0.000311
31338,,7,1,2,3,1,2,3,9,0.217654,0.224201,0,1,0.000311
35074,,7,1,1,2,1,1,2,9,0.217569,0.224078,0,0,0.000311
18937,,7,0,1,1,0,1,1,9,0.219145,0.22531,0,0,0
18938,,16,0,1,1,0,1,1,8,0.235824,0.242716,0,0,0
27724,,7,2,3,5,2,3,5,9,0.221071,0.227921,0.927273,0.583333,0.00041
18942,,36,0,2,2,0,2,2,9,0.214002,0.220325,0,0,0
18948,,22,0,1,1,0,1,1,9,0.21286,0.218905,0,0,0
18949,,7,0,2,2,0,2,2,8,0.234248,0.242535,0,0,0
18951,,65,0,1,1,0,1,1,9,0.217956,0.224292,0,0,0
18952,,7,0,1,1,0,1,1,9,0.221081,0.227768,0,0,0
18954,,16,0,1,1,0,1,1,9,0.197937,0.202631,0,0,0
18959,,16,0,1,1,0,1,1,8,0.233638,0.242002,0,0,0
18960,,7,0,3,3,0,3,3,8,0.265547,0.277014,0,0.5,0
18963,,14,0,2,2,0,2,2,8,0.256715,0.267688,0,1,0
18964,,16,0,4,4,0,4,4,9,0.188916,0.193394,0,0.333333,0
18965,,14,0,2,2,0,2,2,8,0.256715,0.267688,0,1,0
18967,,14,0,2,2,0,2,2,8,0.256715,0.267688,0,1,0
18969,,16,0,1,1,0,1,1,9,0.198143,0.202964,0,0,0
18971,,7,0,1,1,0,1,1,8,0.242475,0.25106,0,0,0
18974,,39,0,1,1,0,1,1,1,1,1,0,0,0
18976,,36,0,1,1,0,1,1,9,0.219332,0.226151,0,0,0
18977,,16,0,1,1,0,1,1,9,0.229659,0.236946,0,0,0
18978,,7,0,2,2,0,2,2,8,0.230966,0.238438,0,1,0
18983,,7,0,1,1,0,1,1,9,0.210294,0.215825,0,0,0
25205,,16,1,1,2,1,1,2,9,0.205342,0.210857,0,1,0.000413
26883,,16,1,1,2,1,1,2,9,0.212169,0.218003,0,0,0.000413
18996,,16,0,1,1,0,1,1,10,0.186255,0.190506,0,0,0
18997,,16,0,1,1,0,1,1,9,0.221572,0.228332,0,0,0
18998,,36,0,1,1,0,1,1,9,0.212999,0.219178,0,0,0
18999,,65,0,2,2,0,2,2,10,0.172734,0.175916,0,0,0
19000,,65,1,0,1,1,0,1,0,0,0,0,0,0.000168
19002,,7,0,1,1,0,1,1,8,0.225592,0.232523,0,0,0
19003,,81,0,1,1,0,1,1,1,1,1,0,0,0
19005,,32,0,2,2,0,2,2,9,0.201399,0.206013,0,0,0
19006,,32,1,0,1,1,0,1,0,0,0,0,0,0.000168
19008,,14,0,2,2,0,2,2,9,0.232094,0.239669,0,0.5,0
19010,,1,1,1,2,1,1,2,10,0.173059,0.176214,0,0.5,0.000179
19011,,1,0,2,2,0,2,2,8,0.229634,0.237468,0,1,0
19012,,16,0,1,1,0,1,1,9,0.227723,0.235174,0,0,0
19014,,7,0,1,1,0,1,1,9,0.226897,0.234639,0,0,0
19017,,36,0,3,3,0,3,3,8,0.247372,0.257071,0,0.333333,0
19019,,7,1,1,2,1,1,2,9,0.217147,0.223524,44.903204,0,0.000174
19070,,16,1,0,1,1,0,1,0,0,0,0,0,0.000186
19021,,4,0,1,1,0,1,1,1,1,1,0,0,0
19023,,7,0,1,1,0,1,1,9,0.199975,0.204555,0,0,0
29196,,12,1,2,3,1,2,3,11,0.141595,0.143692,0,0.5,0.000248
19026,,25,0,2,2,0,2,2,9,0.225638,0.232853,0,1,0
19028,,1,0,1,1,0,1,1,9,0.222605,0.230046,0,0,0
19032,,1,0,1,1,0,1,1,8,0.228936,0.236648,0,0,0
19033,,16,0,1,1,0,1,1,8,0.2284,0.235296,0,0,0
19035,,313,0,1,1,0,1,1,1,1,1,0,0,0
19036,,313,1,0,1,1,0,1,0,0,0,0,0,0.000168
19039,,7,0,3,3,0,3,3,8,0.266441,0.278329,0,0.333333,0
19531,,14,1,0,1,1,0,1,0,0,0,0,0,0.000369
19042,,25,0,1,1,0,1,1,10,0.184129,0.187968,0,0,0
19043,,7,0,1,1,0,1,1,9,0.200066,0.204368,0,0,0
19045,,7,0,1,1,0,1,1,9,0.221406,0.228258,0,0,0
19046,,16,0,2,2,0,2,2,9,0.22498,0.231937,0,1,0
19047,,16,0,2,2,0,2,2,9,0.224983,0.231945,0,0,0
19048,,41,0,1,1,0,1,1,8,0.257544,0.268689,0,0,0
19050,,12,0,1,1,0,1,1,10,0.164896,0.168023,0,0,0
19051,,314,0,2,2,0,2,2,9,0.22554,0.23253,0,0,0
19055,,14,0,2,2,0,2,2,8,0.256715,0.267688,0,1,0
19056,,16,0,2,2,0,2,2,8,0.248955,0.258684,0,1,0
19057,,485,0,1,1,0,1,1,1,1,1,0,0,0
19059,,41,0,1,1,0,1,1,9,0.234736,0.243231,0,0,0
26268,,7,1,0,1,1,0,1,0,0,0,0,0,0.000175
33876,,7,1,0,1,1,0,1,0,0,0,0,0,0.000175
19064,,81,0,2,2,0,2,2,11,0.147775,0.149921,0,1,0
19066,,16,0,1,1,0,1,1,8,0.246659,0.25616,0,0,0
19068,,36,0,3,3,0,3,3,9,0.214677,0.221025,0,1,0
19072,,14,0,1,1,0,1,1,9,0.219388,0.22606,0,0,0
19075,,14,0,1,1,0,1,1,9,0.200149,0.205763,0,0,0
19076,,7,0,1,1,0,1,1,9,0.226164,0.233246,0,0,0
19077,,7,0,1,1,0,1,1,8,0.242826,0.251829,0,0,0
19543,,40,1,1,2,1,1,2,2,0.545455,0.583333,0,0,0.0002
22196,,40,1,2,3,1,2,3,2,0.6,0.666667,0,1,0.0002
22891,,40,1,0,1,1,0,1,0,0,0,0,0,0.0002
24416,,40,1,0,1,1,0,1,0,0,0,0,0,0.0002
31066,,40,1,0,1,1,0,1,0,0,0,0,0,0.0002
19729,,7,1,0,1,1,0,1,0,0,0,0,0,0.000179
19082,,7,0,1,1,0,1,1,9,0.227897,0.235595,0,0,0
19087,,7,0,1,1,0,1,1,8,0.224345,0.231026,0,0,0
19089,,7,0,1,1,0,1,1,8,0.23001,0.236754,0,0,0
19090,,7,0,1,1,0,1,1,8,0.23001,0.236754,0,0,0
19091,,67,0,3,3,0,3,3,8,0.232636,0.240922,0,0.666667,0
19092,,7,0,1,1,0,1,1,9,0.225592,0.232933,0,0,0
19097,,7,0,1,1,0,1,1,8,0.23001,0.236754,0,0,0
19098,,1,0,2,2,0,2,2,8,0.242394,0.250697,0,0.5,0
19099,,7,0,1,1,0,1,1,9,0.20921,0.214873,0,0,0
19100,,7,0,1,1,0,1,1,8,0.23001,0.236754,0,0,0
19101,,315,0,1,1,0,1,1,9,0.20809,0.213256,0,0,0
19102,,315,1,1,2,1,1,2,8,0.262756,0.273466,18827,0,0.000168
19106,,1,0,1,1,0,1,1,8,0.230918,0.237946,0,0,0
19107,,7,0,1,1,0,1,1,10,0.173358,0.176349,0,0,0
19109,,67,0,1,1,0,1,1,9,0.218335,0.225066,0,0,0
19111,,16,0,1,1,0,1,1,9,0.197885,0.202269,0,0,0
19112,,7,0,1,1,0,1,1,9,0.214101,0.220082,0,0,0
19118,,65,0,2,2,0,2,2,9,0.213615,0.21959,0,0,0
19119,,65,1,0,1,1,0,1,0,0,0,0,0,0.000168
19122,,16,0,1,1,0,1,1,9,0.212123,0.218423,0,0,0
27721,,22,1,0,1,1,0,1,0,0,0,0,0,0.000201
19126,,7,0,1,1,0,1,1,8,0.242744,0.250975,0,0,0
19128,,81,0,1,1,0,1,1,8,0.230811,0.237501,0,0,0
19130,,7,0,1,1,0,1,1,9,0.195506,0.200323,0,0,0
19131,,7,0,1,1,0,1,1,8,0.262756,0.273466,0,0,0
19138,,1,0,2,2,0,2,2,10,0.187089,0.191415,0,0,0
19139,,16,0,1,1,0,1,1,8,0.232418,0.240737,0,0,0
23500,,14,1,1,2,1,1,2,9,0.220306,0.227437,0,1,0.00038
25229,,14,1,1,2,1,1,2,1,1,1,25976,0,0.00038
25273,,14,2,2,4,2,2,4,8,0.231959,0.238928,16572.023089,0,0.000567
31460,,14,2,1,3,2,1,3,9,0.220306,0.227437,0,1,0.00059
32158,,14,1,1,2,1,1,2,10,0.181629,0.185569,25973,0,0.00038
19144,,7,0,1,1,0,1,1,9,0.212528,0.218441,0,0,0
19148,,67,1,1,2,1,1,2,11,0.151982,0.154199,0,0,0.000173
19149,,67,1,2,3,1,2,3,10,0.179219,0.182896,18827,0,0.000173
19152,,16,0,1,1,0,1,1,8,0.226935,0.234515,0,0,0
19153,,7,0,1,1,0,1,1,9,0.20921,0.214873,0,0,0
19155,,67,0,2,2,0,2,2,9,0.218342,0.22511,0,1,0
19159,,7,0,1,1,0,1,1,10,0.180044,0.183614,0,0,0
19160,,32,0,2,2,0,2,2,9,0.198775,0.203328,0,0,0
19162,,36,1,1,2,1,1,2,9,0.188353,0.192456,18827,0,0.000168
19163,,7,0,1,1,0,1,1,8,0.237622,0.245065,0,0,0
19165,,7,0,1,1,0,1,1,8,0.252153,0.261614,0,0,0
19168,,7,0,3,3,0,3,3,8,0.255621,0.265827,0,0.166667,0
19647,,7,1,0,1,1,0,1,0,0,0,0,0,0.000168
19169,,7,0,1,1,0,1,1,9,0.21363,0.2196,0,0,0
19174,,16,0,1,1,0,1,1,8,0.246114,0.255055,0,0,0
19175,,16,0,1,1,0,1,1,9,0.218439,0.22522,0,0,0
19176,,7,0,1,1,0,1,1,9,0.198884,0.203512,0,0,0
19177,,41,0,1,1,0,1,1,9,0.210104,0.215708,0,0,0
19178,,14,0,1,1,0,1,1,9,0.225039,0.232567,0,0,0
19180,,16,0,1,1,0,1,1,8,0.236167,0.244733,0,0,0
19182,,16,0,1,1,0,1,1,9,0.220464,0.227385,0,0,0
19183,,16,0,1,1,0,1,1,9,0.220464,0.227385,0,0,0
19184,,7,0,1,1,0,1,1,9,0.233264,0.241028,0,0,0
19187,,16,1,5,6,1,5,6,8,0.250199,0.260215,18827,0.1,0.000173
29490,,16,1,1,2,1,1,2,9,0.20013,0.205079,0,0,0.000173
19188,,7,0,1,1,0,1,1,9,0.225654,0.232938,0,0,0
19190,,16,0,1,1,0,1,1,9,0.220464,0.227385,0,0,0
19191,,16,0,1,1,0,1,1,9,0.220464,0.227385,0,0,0
19192,,16,0,1,1,0,1,1,9,0.220464,0.227385,0,0,0
19194,,7,0,1,1,0,1,1,8,0.239554,0.247876,0,0,0
19197,,39,0,1,1,0,1,1,1,1,1,0,0,0
19198,,7,0,1,1,0,1,1,9,0.210572,0.215915,0,0,0
19203,,1,0,1,1,0,1,1,1,1,1,0,0,0
33792,,16,1,1,2,1,1,2,9,0.213466,0.219305,0,0,0.000225
19205,,81,0,1,1,0,1,1,9,0.21024,0.215629,0,0,0
19208,,7,0,1,1,0,1,1,8,0.262756,0.273466,0,0,0
19209,,2,0,1,1,0,1,1,9,0.218657,0.224963,0,0,0
19210,,7,0,2,2,0,2,2,9,0.225968,0.233621,0,0,0
19212,,36,1,0,1,1,0,1,0,0,0,0,0,0.000253
19214,,25,0,1,1,0,1,1,9,0.214878,0.220568,0,0,0
19215,,81,0,1,1,0,1,1,9,0.224787,0.232402,0,0,0
19217,,36,0,1,1,0,1,1,9,0.207815,0.213246,0,0,0
19221,,67,0,1,1,0,1,1,9,0.218335,0.225066,0,0,0
19222,,67,0,2,2,0,2,2,9,0.218342,0.22511,0,1,0
21064,,67,2,1,3,2,1,3,9,0.218331,0.22506,18825,0.5,0.000414
19797,,67,1,1,2,1,1,2,9,0.218331,0.22506,0,1,0.000238
19224,,67,0,2,2,0,2,2,9,0.218342,0.22511,0,1,0
19225,,67,0,1,1,0,1,1,9,0.218335,0.225066,0,0,0
19373,,25,1,0,1,1,0,1,0,0,0,0,0,0.000204
19229,,16,0,1,1,0,1,1,9,0.23085,0.239151,0,0,0
19231,,7,0,3,3,0,3,3,9,0.230754,0.238422,0,0.666667,0
19232,,7,0,2,2,0,2,2,9,0.226995,0.233973,0,0.5,0
19234,,7,0,2,2,0,2,2,9,0.230342,0.237804,0,0.5,0
19236,,16,0,1,1,0,1,1,8,0.251382,0.261452,0,0,0
19237,,53,0,1,1,0,1,1,1,1,1,0,0,0
19239,,7,0,1,1,0,1,1,9,0.235541,0.243648,0,0,0
19240,,16,0,1,1,0,1,1,9,0.224977,0.23191,0,0,0
19241,,7,0,1,1,0,1,1,10,0.179156,0.182314,0,0,0
19242,,316,0,1,1,0,1,1,1,1,1,0,0,0
19243,,316,1,0,1,1,0,1,0,0,0,0,0,0.000168
19244,,33,0,1,1,0,1,1,9,0.187223,0.191256,0,0,0
19249,,7,0,1,1,0,1,1,8,0.242475,0.25106,0,0,0
19250,,7,0,1,1,0,1,1,8,0.242475,0.25106,0,0,0
19251,,7,0,1,1,0,1,1,9,0.200066,0.204368,0,0,0
19252,,7,0,1,1,0,1,1,8,0.242475,0.25106,0,0,0
19254,,317,0,1,1,0,1,1,1,1,1,0,0,0
19255,,317,1,0,1,1,0,1,0,0,0,0,0,0.000168
19258,,7,0,1,1,0,1,1,9,0.213511,0.219459,0,0,0
19259,,7,0,1,1,0,1,1,8,0.242475,0.25106,0,0,0
19260,,67,0,1,1,0,1,1,9,0.226957,0.234476,0,0,0
19261,,7,0,1,1,0,1,1,8,0.262756,0.273466,0,0,0
19262,,32,0,2,2,0,2,2,9,0.206043,0.211765,0,0,0
19263,,7,0,1,1,0,1,1,9,0.222499,0.229441,0,0,0
19264,,318,0,1,1,0,1,1,1,1,1,0,0,0
19265,,318,1,0,1,1,0,1,0,0,0,0,0,0.000168
19266,,7,0,1,1,0,1,1,8,0.242475,0.25106,0,0,0
19267,,16,0,1,1,0,1,1,9,0.216318,0.222799,0,0,0
19268,,22,0,1,1,0,1,1,9,0.183805,0.188435,0,0,0
19271,,1,0,2,2,0,2,2,9,0.223976,0.231021,0,1,0
19272,,12,0,2,2,0,2,2,8,0.242763,0.251522,0,0.5,0
19274,,7,0,1,1,0,1,1,8,0.242475,0.25106,0,0,0
19278,,7,0,1,1,0,1,1,9,0.218107,0.224532,0,0,0
19279,,16,1,1,2,1,1,2,9,0.214269,0.220459,120.020635,0,0.000168
19281,,16,0,2,2,0,2,2,9,0.22375,0.231141,0,0,0
19282,,319,0,1,1,0,1,1,1,1,1,0,0,0
19283,,319,1,0,1,1,0,1,0,0,0,0,0,0.000168
19284,,7,0,21,21,0,21,21,7,0.293244,0.309025,0,0.161905,0
26910,,16,4,1,5,4,1,5,8,0.23897,0.247046,56493.150114,0,0.000673
19285,,7,0,1,1,0,1,1,9,0.223963,0.231201,0,0,0
34539,,7,2,2,4,2,2,4,8,0.234105,0.242096,7141.986944,0.333333,0.000369
19289,,320,0,1,1,0,1,1,1,1,1,0,0,0
19290,,320,1,0,1,1,0,1,0,0,0,0,0,0.000168
19295,,7,0,1,1,0,1,1,8,0.239639,0.247488,0,0,0
35285,,16,1,0,1,1,0,1,0,0,0,0,0,0.000322
19299,,16,0,1,1,0,1,1,11,0.166952,0.169918,0,0,0
19303,,16,0,1,1,0,1,1,8,0.216811,0.22311,0,0,0
19304,,53,0,1,1,0,1,1,10,0.188052,0.192177,0,0,0
19306,,41,0,1,1,0,1,1,8,0.257544,0.268689,0,0,0
19307,,7,0,1,1,0,1,1,9,0.235473,0.242933,0,0,0
19311,,7,0,3,3,0,3,3,9,0.239168,0.247588,0,0.166667,0
25287,,7,1,0,1,1,0,1,0,0,0,0,0,0.000168
19312,,7,0,1,1,0,1,1,8,0.239474,0.246961,0,0,0
19313,,7,0,1,1,0,1,1,8,0.262756,0.273466,0,0,0
19317,,1,0,1,1,0,1,1,8,0.238232,0.246371,0,0,0
19318,,7,0,1,1,0,1,1,8,0.223971,0.231195,0,0,0
19320,,7,0,1,1,0,1,1,10,0.178303,0.181862,0,0,0
19322,,14,3,1,4,3,1,4,9,0.238286,0.246157,19600.591429,0,0.000528
19323,,16,0,1,1,0,1,1,9,0.220826,0.22761,0,0,0
19328,,7,0,1,1,0,1,1,8,0.224644,0.231298,0,0,0
19329,,16,0,1,1,0,1,1,11,0.166952,0.169918,0,0,0
31165,,7,1,0,1,1,0,1,0,0,0,0,0,0.000189
19331,,7,0,2,2,0,2,2,8,0.263599,0.274947,0,0.5,0
19332,,12,0,2,2,0,2,2,9,0.251432,0.262011,0,0,0
19334,,7,0,2,2,0,2,2,8,0.258329,0.268941,0,1,0
19337,,41,0,1,1,0,1,1,9,0.204934,0.210394,0,0,0
19339,,14,0,1,1,0,1,1,8,0.247395,0.256736,0,0,0
19340,,1,0,1,1,0,1,1,9,0.212451,0.217997,0,0,0
19342,,7,0,1,1,0,1,1,8,0.252153,0.261614,0,0,0
24091,,16,1,1,2,1,1,2,9,0.210884,0.216423,0,0,0.000507
19345,,41,0,1,1,0,1,1,9,0.234736,0.243231,0,0,0
19346,,65,0,1,1,0,1,1,9,0.213606,0.219549,0,0,0
19348,,16,0,1,1,0,1,1,9,0.203813,0.209522,0,0,0
19349,,7,0,2,2,0,2,2,8,0.238178,0.24577,0,0,0
19352,,16,0,1,1,0,1,1,9,0.213887,0.219963,0,0,0
19354,,7,0,3,3,0,3,3,8,0.236559,0.244192,0,0.5,0
19355,,7,0,1,1,0,1,1,9,0.214123,0.219985,0,0,0
19360,,7,0,1,1,0,1,1,9,0.214465,0.220649,0,0,0
19361,,7,0,3,3,0,3,3,8,0.242566,0.250443,0,0.333333,0
19362,,7,0,1,1,0,1,1,10,0.179156,0.182314,0,0,0
19363,,1,0,3,3,0,3,3,8,0.228983,0.236771,0,0.666667,0
19364,,16,0,1,1,0,1,1,9,0.206156,0.211609,0,0,0
33747,,16,1,0,1,1,0,1,0,0,0,0,0,0.000179
19366,,41,0,1,1,0,1,1,11,0.145633,0.147634,0,0,0
19372,,16,0,1,1,0,1,1,9,0.22643,0.233486,0,0,0
19374,,41,1,1,2,1,1,2,8,0.236961,0.24442,18827,0,0.000168
19377,,53,0,1,1,0,1,1,9,0.220297,0.227161,0,0,0
19378,,7,0,1,1,0,1,1,9,0.21396,0.220365,0,0,0
19379,,1,0,1,1,0,1,1,8,0.230717,0.238683,0,0,0
19380,,53,0,1,1,0,1,1,9,0.209867,0.215638,0,0,0
19382,,7,0,1,1,0,1,1,8,0.262756,0.273466,0,0,0
26434,,1,1,0,1,1,0,1,0,0,0,0,0,0.000182
19384,,7,0,1,1,0,1,1,9,0.216809,0.223201,0,0,0
19386,,7,0,1,1,0,1,1,8,0.262756,0.273466,0,0,0
19388,,67,0,1,1,0,1,1,9,0.218335,0.225066,0,0,0
19394,,7,0,1,1,0,1,1,9,0.223341,0.230313,0,0,0
19395,,16,0,1,1,0,1,1,9,0.238773,0.247361,0,0,0
19396,,7,0,1,1,0,1,1,9,0.198461,0.20316,0,0,0
19398,,321,0,1,1,0,1,1,1,1,1,0,0,0
19399,,321,1,0,1,1,0,1,0,0,0,0,0,0.000168
19401,,41,0,1,1,0,1,1,8,0.229134,0.236292,0,0,0
19403,,1,0,1,1,0,1,1,8,0.230918,0.237946,0,0,0
19404,,36,0,1,1,0,1,1,9,0.198696,0.203203,0,0,0
19406,,12,0,2,2,0,2,2,9,0.225104,0.232253,0,0,0
19408,,41,0,2,2,0,2,2,9,0.234754,0.243297,0,1,0
19409,,7,0,2,2,0,2,2,8,0.266125,0.277619,0,0.5,0
19410,,36,0,1,1,0,1,1,8,0.232682,0.239494,0,0,0
19411,,16,0,2,2,0,2,2,9,0.215706,0.221898,0,0.5,0
19412,,7,0,3,3,0,3,3,7,0.296586,0.311155,0,0.833333,0
19415,,14,0,1,1,0,1,1,8,0.247395,0.256736,0,0,0
19419,,7,0,1,1,0,1,1,8,0.251523,0.26155,0,0,0
19420,,16,0,1,1,0,1,1,8,0.251382,0.261452,0,0,0
19422,,7,0,5,5,0,5,5,8,0.269743,0.2823,0,0.5,0
19425,,67,0,1,1,0,1,1,9,0.218335,0.225066,0,0,0
19426,,7,0,1,1,0,1,1,8,0.262756,0.273466,0,0,0
19427,,40,0,1,1,0,1,1,3,0.388889,0.452381,0,0,0
19428,,16,0,2,2,0,2,2,9,0.238558,0.24761,0,1,0
19430,,67,0,1,1,0,1,1,9,0.218335,0.225066,0,0,0
19432,,7,0,3,3,0,3,3,8,0.263665,0.27446,0,0.166667,0
19433,,65,0,2,2,0,2,2,9,0.195022,0.200175,0,0,0
20441,,65,1,0,1,1,0,1,0,0,0,0,0,0.000168
19437,,322,0,1,1,0,1,1,1,1,1,0,0,0
19438,,322,1,0,1,1,0,1,0,0,0,0,0,0.000168
19441,,323,0,2,2,0,2,2,9,0.220572,0.227283,0,0,0
19442,,323,1,0,1,1,0,1,0,0,0,0,0,0.000168
19443,,67,0,1,1,0,1,1,10,0.179218,0.18288,0,0,0
19445,,7,1,1,2,1,1,2,10,0.180957,0.184466,0,0,0.000683
19448,,324,0,1,1,0,1,1,1,1,1,0,0,0
19449,,324,1,0,1,1,0,1,0,0,0,0,0,0.000168
19450,,7,0,1,1,0,1,1,1,1,1,0,0,0
19451,,7,0,1,1,0,1,1,8,0.256747,0.266706,0,0,0
19453,,7,0,1,1,0,1,1,9,0.208764,0.214543,0,0,0
19454,,16,0,1,1,0,1,1,9,0.217442,0.223573,0,0,0
19457,,16,0,2,2,0,2,2,8,0.242578,0.251309,0,1,0
19458,,7,0,1,1,0,1,1,8,0.263743,0.27463,0,0,0
19462,,53,0,1,1,0,1,1,9,0.220297,0.227161,0,0,0
19465,,325,0,1,1,0,1,1,1,1,1,0,0,0
19466,,325,1,0,1,1,0,1,0,0,0,0,0,0.000168
19467,,22,0,1,1,0,1,1,8,0.233832,0.241441,0,0,0
19468,,16,0,1,1,0,1,1,8,0.236535,0.24595,0,0,0
19470,,14,0,1,1,0,1,1,8,0.247395,0.256736,0,0,0
19471,,16,0,3,3,0,3,3,9,0.21761,0.224625,0,0.666667,0
19472,,7,0,1,1,0,1,1,9,0.229217,0.236769,0,0,0
19473,,7,1,3,4,1,3,4,8,0.266182,0.277728,3.596013,0.25,0.000189
19476,,7,0,1,1,0,1,1,9,0.218588,0.22524,0,0,0
19477,,7,0,1,1,0,1,1,9,0.213255,0.219289,0,0,0
19478,,41,0,1,1,0,1,1,8,0.257544,0.268689,0,0,0
19479,,7,0,1,1,0,1,1,9,0.233264,0.241028,0,0,0
19480,,12,0,1,1,0,1,1,9,0.202417,0.207306,0,0,0
19481,,7,0,1,1,0,1,1,10,0.179156,0.182314,0,0,0
19484,,12,0,1,1,0,1,1,1,1,1,0,0,0
19485,,326,0,1,1,0,1,1,1,1,1,0,0,0
19486,,326,1,0,1,1,0,1,0,0,0,0,0,0.000168
19487,,7,0,2,2,0,2,2,9,0.227541,0.23541,0,1,0
19489,,16,0,1,1,0,1,1,9,0.221831,0.228371,0,0,0
19490,,16,0,1,1,0,1,1,9,0.23666,0.245195,0,0,0
19492,,16,1,0,1,1,0,1,0,0,0,0,0,0.000178
19493,,67,0,1,1,0,1,1,10,0.178452,0.182062,0,0,0
19494,,22,0,1,1,0,1,1,10,0.176055,0.179583,0,0,0
19495,,67,0,1,1,0,1,1,9,0.218335,0.225066,0,0,0
19496,,41,0,1,1,0,1,1,8,0.242301,0.250673,0,0,0
19498,,7,0,1,1,0,1,1,8,0.263743,0.27463,0,0,0
19501,,16,0,1,1,0,1,1,2,0.666667,0.75,0,0,0
19502,,16,0,1,1,0,1,1,8,0.246659,0.25616,0,0,0
19503,,14,0,1,1,0,1,1,9,0.209627,0.215249,0,0,0
19504,,16,0,1,1,0,1,1,9,0.206761,0.212802,0,0,0
19505,,16,0,2,2,0,2,2,10,0.192766,0.197214,0,0,0
19506,,16,1,0,1,1,0,1,0,0,0,0,0,0.000168
21118,,16,1,1,2,1,1,2,9,0.238773,0.247361,18827,0,0.000168
19508,,7,0,1,1,0,1,1,9,0.205353,0.21069,0,0,0
19509,,14,0,2,2,0,2,2,8,0.247877,0.2573,0,1,0
19510,,14,0,2,2,0,2,2,8,0.24909,0.25814,0,0,0
19511,,16,0,2,2,0,2,2,8,0.267501,0.279538,0,1,0
19512,,327,1,1,2,1,1,2,10,0.177698,0.181202,0,0,0.000173
19513,,327,1,2,3,1,2,3,9,0.216096,0.222503,18827,0,0.000173
26164,,12,3,27,30,3,27,30,8,0.237076,0.245914,135871.827273,0.089901,0.000695
31177,,12,2,0,2,2,0,2,0,0,0,0,0.5,0.000444
31212,,12,1,0,1,1,0,1,0,0,0,0,0,0.000259
19516,,16,0,1,1,0,1,1,9,0.202026,0.207543,0,0,0
19517,,41,0,1,1,0,1,1,9,0.209788,0.215674,0,0,0
19521,,67,0,1,1,0,1,1,10,0.179218,0.18288,0,0,0
19524,,67,0,1,1,0,1,1,10,0.181187,0.184801,0,0,0
19529,,67,0,2,2,0,2,2,9,0.227385,0.234465,0,0,0
19532,,16,0,1,1,0,1,1,9,0.217802,0.223808,0,0,0
19533,,328,0,2,2,0,2,2,8,0.26546,0.276792,0,0,0
19534,,328,1,0,1,1,0,1,0,0,0,0,0,0.000168
19535,,7,0,1,1,0,1,1,9,0.209788,0.215256,0,0,0
26103,,12,1,1,2,1,1,2,9,0.185524,0.189878,299.116234,0,0.003359
26530,,7,1,0,1,1,0,1,0,0,0,0,0,0.003359
27083,,7,1,0,1,1,0,1,0,0,0,0,0,0.003359
25590,,7,2,3,5,2,3,5,8,0.258507,0.269004,319.434721,0.25,0.003565
27887,,7,1,0,1,1,0,1,0,0,0,0,0,0.003359
28146,,7,1,0,1,1,0,1,0,0,0,0,0,0.003359
28746,,7,2,9,11,2,9,11,8,0.272521,0.285755,128.065405,0.5,0.003569
29355,,7,1,1,2,1,1,2,8,0.2577,0.267931,0,0,0.003359
30879,,7,1,11,12,1,11,12,8,0.275375,0.288546,5021.688142,0.287879,0.003359
31330,,7,2,4,6,2,4,6,8,0.25644,0.266995,1410.940249,0.233333,0.003567
31509,,7,1,0,1,1,0,1,0,0,0,0,0,0.003359
31524,,7,1,2,3,1,2,3,8,0.258057,0.2684,0,1,0.003359
31648,,7,4,3,7,4,3,7,8,0.257841,0.268191,7948.279405,0.133333,0.003922
31817,,7,1,0,1,1,0,1,0,0,0,0,0,0.003359
30801,,7,1,1,2,1,1,2,8,0.2577,0.267931,0,0,0.003359
31978,,7,1,0,1,1,0,1,0,0,0,0,0,0.003359
26736,,7,1,1,2,1,1,2,8,0.245895,0.253964,0,1,0.003359
32488,,7,1,0,1,1,0,1,0,0,0,0,0,0.003359
33084,,7,1,0,1,1,0,1,0,0,0,0,0,0.003359
33631,,7,1,0,1,1,0,1,0,0,0,0,0,0.003359
34090,,7,1,1,2,1,1,2,8,0.2577,0.267931,0,0,0.003359
34146,,16,1,2,3,1,2,3,8,0.258496,0.268893,321.786033,0,0.003359
31244,,7,2,0,2,2,0,2,0,0,0,0,0.5,0.003528
34786,,7,1,0,1,1,0,1,0,0,0,0,0,0.003359
34560,,7,1,9,10,1,9,10,8,0.271722,0.284493,238.821556,0.305556,0.003359
33671,,682,2,1,3,2,1,3,8,0.2577,0.267931,18826,0,0.003528
35586,,7,1,0,1,1,0,1,0,0,0,0,0,0.003359
31300,,7,1,1,2,1,1,2,8,0.2577,0.267931,0,0,0.003359
31552,,7,1,3,4,1,3,4,8,0.25883,0.269258,0,0.5,0.003359
19538,,14,0,1,1,0,1,1,2,0.666667,0.75,0,0,0
19539,,1,0,1,1,0,1,1,9,0.219562,0.226336,0,0,0
19540,,16,0,1,1,0,1,1,9,0.225849,0.233205,0,0,0
19541,,7,0,1,1,0,1,1,2,0.666667,0.75,0,0,0
19542,,16,0,1,1,0,1,1,11,0.153491,0.155642,0,0,0
19544,,7,0,1,1,0,1,1,9,0.22543,0.232572,0,0,0
19545,,67,0,1,1,0,1,1,9,0.194919,0.199192,0,0,0
19546,,41,0,1,1,0,1,1,9,0.185488,0.189415,0,0,0
19547,,41,1,1,2,1,1,2,8,0.227718,0.235112,18827,0,0.000168
19548,,329,0,1,1,0,1,1,1,1,1,0,0,0
19549,,329,1,0,1,1,0,1,0,0,0,0,0,0.000168
19550,,7,0,1,1,0,1,1,10,0.183556,0.187608,0,0,0
19551,,7,0,1,1,0,1,1,8,0.247779,0.256716,0,0,0
19552,,7,0,3,3,0,3,3,7,0.293672,0.308169,0,0.166667,0
19553,,41,0,2,2,0,2,2,8,0.231392,0.239347,0,0,0
23783,,14,1,0,1,1,0,1,0,0,0,0,0,0.000227
34149,,14,1,0,1,1,0,1,0,0,0,0,0,0.000227
19555,,16,0,1,1,0,1,1,9,0.20986,0.215817,0,0,0
19556,,7,0,1,1,0,1,1,8,0.240779,0.248938,0,0,0
19557,,16,0,4,4,0,4,4,9,0.20677,0.212283,0,0.166667,0
19558,,7,0,1,1,0,1,1,8,0.232564,0.240768,0,0,0
19560,,65,0,1,1,0,1,1,9,0.213606,0.219549,0,0,0
19562,,1,0,1,1,0,1,1,8,0.242388,0.250662,0,0,0
19563,,7,0,1,1,0,1,1,9,0.214668,0.220968,0,0,0
19564,,16,0,1,1,0,1,1,8,0.232418,0.240737,0,0,0
19566,,67,0,1,1,0,1,1,9,0.218335,0.225066,0,0,0
19568,,53,0,1,1,0,1,1,9,0.220297,0.227161,0,0,0
19569,,14,0,1,1,0,1,1,1,1,1,0,0,0
19570,,14,2,0,2,2,0,2,0,0,0,0,0,0.000353
19571,,7,0,1,1,0,1,1,8,0.262756,0.273466,0,0,0
19572,,7,1,3,4,1,3,4,8,0.251674,0.260901,0.583333,0.25,0.000178
19574,,41,0,1,1,0,1,1,8,0.229134,0.236292,0,0,0
19575,,12,0,3,3,0,3,3,10,0.17493,0.17854,0,0.166667,0
28939,,14,1,1,2,1,1,2,9,0.20348,0.20863,0,0,0.000254
19583,,7,0,4,4,0,4,4,9,0.239213,0.248098,0,0.083333,0
19584,,16,0,1,1,0,1,1,9,0.229659,0.236946,0,0,0
19585,,16,0,1,1,0,1,1,8,0.240389,0.248209,0,0,0
19586,,14,0,2,2,0,2,2,9,0.199439,0.204007,0,0,0
19590,,7,0,1,1,0,1,1,8,0.271138,0.283493,0,0,0
19593,,36,0,1,1,0,1,1,9,0.208559,0.213833,0,0,0
19594,,7,0,1,1,0,1,1,8,0.251523,0.26155,0,0,0
19597,,7,0,1,1,0,1,1,8,0.251664,0.260845,0,0,0
19598,,7,0,2,2,0,2,2,8,0.246688,0.255385,0,0,0
19601,,7,0,3,3,0,3,3,9,0.226621,0.234038,0,0,0
19602,,53,0,1,1,0,1,1,10,0.180534,0.184261,0,0,0
19605,,12,1,0,1,1,0,1,0,0,0,0,0,0.000214
19606,,16,0,1,1,0,1,1,8,0.217663,0.224097,0,0,0
19608,,444,2,0,2,2,0,2,0,0,0,0,0,0.000346
19609,,16,0,1,1,0,1,1,9,0.229957,0.237934,0,0,0
19610,,7,0,1,1,0,1,1,9,0.216437,0.222646,0,0,0
19613,,36,0,1,1,0,1,1,9,0.216199,0.222536,0,0,0
29694,,16,9,2,11,9,2,11,8,0.252146,0.262307,34647.73767,0.145455,0.00169
19623,,41,0,1,1,0,1,1,9,0.19589,0.201064,0,0,0
22025,,7,2,0,2,2,0,2,0,0,0,0,0,0.000403
26971,,7,1,1,2,1,1,2,9,0.207287,0.212647,1.422619,0,0.000221
33927,,16,2,0,2,2,0,2,0,0,0,0,0,0.000378
19628,,16,0,2,2,0,2,2,8,0.24673,0.255833,0,0,0
19630,,67,0,4,4,0,4,4,10,0.178468,0.182175,0,0.25,0
21438,,67,1,5,6,1,5,6,9,0.214896,0.221031,4800.665676,0.233333,0.000168
19634,,7,0,2,2,0,2,2,8,0.261908,0.273107,0,0.5,0
19635,,14,0,1,1,0,1,1,8,0.249084,0.258104,0,0,0
19636,,14,0,1,1,0,1,1,8,0.249084,0.258104,0,0,0
19637,,7,0,1,1,0,1,1,9,0.209774,0.215188,0,0,0
19638,,12,0,1,1,0,1,1,10,0.168625,0.171488,0,0,0
21741,,67,1,0,1,1,0,1,0,0,0,0,0,0.0002
19640,,7,0,1,1,0,1,1,9,0.231387,0.239068,0,0,0
19642,,32,0,2,2,0,2,2,8,0.239941,0.248536,0,0,0
19644,,16,0,1,1,0,1,1,9,0.21182,0.218077,0,0,0
19648,,16,0,1,1,0,1,1,8,0.226935,0.234515,0,0,0
19649,,14,0,1,1,0,1,1,8,0.247395,0.256736,0,0,0
19650,,1,0,2,2,0,2,2,9,0.186567,0.19117,0,0,0
19651,,1,1,4,5,1,4,5,9,0.229753,0.23761,1256.276828,0.2,0.000183
19653,,7,0,1,1,0,1,1,10,0.179156,0.182314,0,0,0
19656,,16,0,1,1,0,1,1,9,0.221831,0.228371,0,0,0
19657,,16,0,4,4,0,4,4,8,0.253935,0.264372,0,0.5,0
19658,,7,0,1,1,0,1,1,8,0.261475,0.272568,0,0,0
19660,,41,0,1,1,0,1,1,9,0.195066,0.199384,0,0,0
19662,,16,0,1,1,0,1,1,9,0.206461,0.211854,0,0,0
19663,,7,0,2,2,0,2,2,8,0.230322,0.238048,0,0,0
19665,,12,0,1,1,0,1,1,9,0.185524,0.189879,0,0,0
19667,,7,0,1,1,0,1,1,9,0.234953,0.24388,0,0,0
19669,,7,0,1,1,0,1,1,8,0.242475,0.25106,0,0,0
19670,,16,0,1,1,0,1,1,8,0.246659,0.25616,0,0,0
19671,,7,0,1,1,0,1,1,10,0.179156,0.182314,0,0,0
19672,,2,0,1,1,0,1,1,8,0.235818,0.243199,0,0,0
19674,,7,0,1,1,0,1,1,9,0.22146,0.227964,0,0,0
19678,,14,0,1,1,0,1,1,8,0.249084,0.258104,0,0,0
19680,,7,0,1,1,0,1,1,9,0.227075,0.233815,0,0,0
19683,,7,0,2,2,0,2,2,8,0.26474,0.276,0,0,0
19686,,41,0,1,1,0,1,1,9,0.217487,0.223937,0,0,0
19687,,7,0,1,1,0,1,1,9,0.232014,0.240012,0,0,0
19689,,32,0,1,1,0,1,1,9,0.209015,0.214697,0,0,0
19691,,7,0,1,1,0,1,1,10,0.179156,0.182314,0,0,0
19692,,41,1,2,3,1,2,3,9,0.233738,0.242201,35.704641,0,0.000264
19696,,7,0,2,2,0,2,2,9,0.206647,0.211561,0,0,0
19698,,67,0,1,1,0,1,1,9,0.194131,0.1984,0,0,0
19699,,330,0,1,1,0,1,1,1,1,1,0,0,0
19700,,330,1,0,1,1,0,1,0,0,0,0,0,0.000168
19702,,12,0,3,3,0,3,3,9,0.199938,0.205383,0,0.833333,0
19703,,7,0,1,1,0,1,1,8,0.224682,0.231308,0,0,0
26783,,16,1,0,1,1,0,1,0,0,0,0,0,0.000292
19705,,16,0,2,2,0,2,2,8,0.251678,0.261787,0,1,0
19706,,1,0,1,1,0,1,1,8,0.230853,0.23867,0,0,0
19708,,41,0,3,3,0,3,3,8,0.243697,0.251975,0,0.166667,0
19709,,41,1,0,1,1,0,1,0,0,0,0,0,0.000168
19711,,36,0,1,1,0,1,1,9,0.213965,0.219422,0,0,0
19712,,7,1,2,3,1,2,3,9,0.223613,0.230122,26205.740452,0,0.000179
19714,,16,0,1,1,0,1,1,8,0.232418,0.240737,0,0,0
30506,,36,1,3,4,1,3,4,1,1,1,21294.362527,0.166667,0.000342
19719,,16,0,4,4,0,4,4,8,0.269165,0.281548,0,0.833333,0
19720,,16,0,1,1,0,1,1,9,0.220868,0.22796,0,0,0
19723,,7,0,1,1,0,1,1,9,0.2229,0.230213,0,0,0
19724,,41,0,1,1,0,1,1,10,0.174198,0.17752,0,0,0
22594,,41,2,7,9,2,7,9,10,0.18204,0.186053,130959.816506,0.166667,0.000503
28193,,41,1,2,3,1,2,3,9,0.202128,0.207641,4615.836145,0,0.000324
22595,,41,2,2,4,2,2,4,10,0.174258,0.177657,0,1,0.000503
28699,,41,1,2,3,1,2,3,9,0.205881,0.211466,2861.051609,0,0.000324
19726,,16,0,1,1,0,1,1,8,0.239859,0.247713,0,0,0
19734,,7,0,1,1,0,1,1,8,0.247064,0.255642,0,0,0
19737,,7,0,1,1,0,1,1,9,0.221309,0.227843,0,0,0
19738,,7,0,1,1,0,1,1,9,0.200066,0.204368,0,0,0
19741,,7,0,1,1,0,1,1,9,0.231387,0.239068,0,0,0
19742,,12,0,2,2,0,2,2,9,0.209776,0.215468,0,0,0
19743,,41,0,2,2,0,2,2,8,0.242244,0.251142,0,0,0
19744,,7,0,1,1,0,1,1,9,0.218746,0.224803,0,0,0
19745,,67,0,1,1,0,1,1,9,0.226957,0.234476,0,0,0
19746,,7,0,1,1,0,1,1,9,0.228104,0.235296,0,0,0
19748,,16,0,1,1,0,1,1,9,0.22341,0.230056,0,0,0
22543,,41,1,2,3,1,2,3,8,0.229392,0.237374,22.740024,0,0.000264
19752,,41,1,3,4,1,3,4,8,0.239822,0.247669,2826.739119,0.25,0.000173
19753,,7,0,5,5,0,5,5,8,0.244186,0.252674,0,0.1,0
19757,,14,0,1,1,0,1,1,11,0.165113,0.167927,0,0,0
19758,,7,0,1,1,0,1,1,9,0.228126,0.235319,0,0,0
19765,,16,0,1,1,0,1,1,8,0.246114,0.255055,0,0,0
19766,,14,1,1,2,1,1,2,10,0.18371,0.187729,28.236971,0,0.000168
19767,,16,0,1,1,0,1,1,8,0.234514,0.24306,0,0,0
19825,,7,1,0,1,1,0,1,0,0,0,0,0,0.000187
19770,,7,0,2,2,0,2,2,8,0.263828,0.274872,0,0.5,0
19771,,65,0,1,1,0,1,1,8,0.236841,0.24458,0,0,0
19772,,331,0,1,1,0,1,1,1,1,1,0,0,0
19773,,331,1,0,1,1,0,1,0,0,0,0,0,0.000168
19774,,16,0,2,2,0,2,2,9,0.221839,0.228177,0,1,0
19776,,1,0,2,2,0,2,2,8,0.263407,0.274332,0,0,0
19778,,332,0,1,1,0,1,1,1,1,1,0,0,0
19779,,332,1,0,1,1,0,1,0,0,0,0,0,0.000168
19780,,41,0,1,1,0,1,1,9,0.234736,0.243231,0,0,0
19783,,16,0,1,1,0,1,1,9,0.221831,0.228371,0,0,0
19784,,16,0,1,1,0,1,1,9,0.206761,0.212802,0,0,0
19785,,16,0,1,1,0,1,1,8,0.246659,0.25616,0,0,0
19788,,16,0,1,1,0,1,1,9,0.219952,0.2264,0,0,0
19789,,67,2,7,9,2,7,9,9,0.214907,0.221099,18845.591317,0.125,0.000341
24776,,67,1,1,2,1,1,2,10,0.176893,0.180266,0,0,0.000178
19791,,7,0,1,1,0,1,1,9,0.218893,0.225422,0,0,0
19792,,67,0,2,2,0,2,2,8,0.223219,0.230379,0,1,0
19793,,7,0,5,5,0,5,5,7,0.294761,0.309404,0,0.4,0
19795,,7,0,1,1,0,1,1,9,0.225592,0.232933,0,0,0
19796,,1,0,1,1,0,1,1,9,0.219393,0.226056,0,0,0
19799,,1,1,1,2,1,1,2,8,0.229614,0.236445,900.534506,0,0.000178
19800,,7,0,4,4,0,4,4,8,0.240067,0.248559,0,0.166667,0
19802,,1,0,1,1,0,1,1,8,0.230918,0.237946,0,0,0
19803,,16,0,1,1,0,1,1,8,0.234514,0.24306,0,0,0
19805,,16,0,1,1,0,1,1,9,0.216171,0.222636,0,0,0
19807,,16,0,1,1,0,1,1,9,0.224856,0.232784,0,0,0
19808,,16,0,1,1,0,1,1,9,0.221836,0.22815,0,0,0
27217,,16,1,4,5,1,4,5,8,0.252227,0.262428,0,0.833333,0.000267
19811,,7,0,1,1,0,1,1,9,0.250609,0.260973,0,0,0
19812,,67,0,1,1,0,1,1,11,0.157306,0.159494,0,0,0
19813,,16,0,1,1,0,1,1,9,0.214802,0.221012,0,0,0
19816,,16,0,1,1,0,1,1,8,0.207072,0.212175,0,0,0
19818,,12,0,1,1,0,1,1,10,0.17209,0.175207,0,0,0
19819,,41,0,1,1,0,1,1,8,0.231378,0.23929,0,0,0
19820,,7,0,1,1,0,1,1,8,0.272188,0.283721,0,0,0
19822,,7,0,1,1,0,1,1,8,0.236996,0.244474,0,0,0
19827,,65,0,1,1,0,1,1,9,0.217956,0.224292,0,0,0
19829,,333,1,1,2,1,1,2,1,1,1,0,0,0.000173
19830,,333,1,1,2,1,1,2,1,1,1,0,0,0.000173
19832,,7,0,1,1,0,1,1,8,0.240465,0.248606,0,0,0
19834,,16,0,2,2,0,2,2,8,0.231697,0.240132,0,0,0
19836,,1,0,3,3,0,3,3,8,0.252515,0.262516,0,0,0
19837,,1,1,0,1,1,0,1,0,0,0,0,0,0.000168
19839,,16,1,1,2,1,1,2,8,0.251379,0.261448,0,1,0.000271
19840,,67,0,2,2,0,2,2,9,0.19729,0.201753,0,0,0
19841,,7,0,1,1,0,1,1,7,0.293553,0.307954,0,0,0
19842,,7,0,1,1,0,1,1,9,0.226264,0.233982,0,0,0
19844,,12,0,3,3,0,3,3,9,0.207863,0.213446,0,0.333333,0
19846,,7,0,1,1,0,1,1,8,0.262756,0.273466,0,0,0
19850,,7,0,1,1,0,1,1,8,0.236001,0.244609,0,0,0
19857,,7,0,2,2,0,2,2,9,0.251238,0.261738,0,0,0
19858,,67,0,1,1,0,1,1,9,0.193891,0.198045,0,0,0
19859,,7,0,1,1,0,1,1,9,0.231387,0.239068,0,0,0
19861,,65,0,1,1,0,1,1,8,0.236841,0.24458,0,0,0
19862,,7,0,1,1,0,1,1,10,0.189349,0.193603,0,0,0
19863,,36,0,3,3,0,3,3,9,0.213921,0.220219,0,0.333333,0
19864,,7,0,1,1,0,1,1,1,1,1,0,0,0
19865,,7,0,1,1,0,1,1,8,0.233279,0.241109,0,0,0
19866,,1,0,1,1,0,1,1,8,0.228936,0.236648,0,0,0
30022,,67,1,0,1,1,0,1,0,0,0,0,0,0.000175
19870,,16,0,1,1,0,1,1,8,0.232249,0.239663,0,0,0
19871,,7,0,1,1,0,1,1,10,0.186341,0.190589,0,0,0
19872,,7,0,1,1,0,1,1,8,0.245108,0.253561,0,0,0
19876,,7,0,1,1,0,1,1,9,0.234856,0.243135,0,0,0
19879,,7,0,5,5,0,5,5,8,0.248742,0.257876,0,0.25,0
19880,,334,0,1,1,0,1,1,1,1,1,0,0,0
19881,,334,1,0,1,1,0,1,0,0,0,0,0,0.000168
19886,,1,0,1,1,0,1,1,8,0.242388,0.250662,0,0,0
22192,,16,1,2,3,1,2,3,9,0.200672,0.206046,27.087557,0,0.000234
22721,,16,1,1,2,1,1,2,9,0.200462,0.205785,0,0,0.000234
23777,,16,2,1,3,2,1,3,9,0.200462,0.205785,0,0.5,0.000402
26747,,16,1,3,4,1,3,4,9,0.220636,0.227297,98.531675,0.166667,0.000234
19889,,7,0,1,1,0,1,1,8,0.251664,0.260845,0,0,0
19890,,7,0,1,1,0,1,1,8,0.262756,0.273466,0,0,0
19894,,25,0,4,4,0,4,4,8,0.265553,0.276284,0,0,0
19895,,25,1,0,1,1,0,1,0,0,0,0,0,0.000168
19897,,7,0,1,1,0,1,1,9,0.231745,0.239907,0,0,0
19899,,1,0,1,1,0,1,1,8,0.230918,0.237946,0,0,0
19900,,1,0,2,2,0,2,2,8,0.231262,0.239418,0,1,0
19902,,7,0,1,1,0,1,1,9,0.220868,0.227403,0,0,0
19903,,7,0,1,1,0,1,1,9,0.220868,0.227403,0,0,0
19905,,7,0,1,1,0,1,1,8,0.242475,0.25106,0,0,0
19906,,7,0,1,1,0,1,1,9,0.220868,0.227403,0,0,0
19909,,16,0,1,1,0,1,1,9,0.224449,0.231468,0,0,0
19911,,81,0,1,1,0,1,1,10,0.179339,0.182912,0,0,0
19913,,7,0,1,1,0,1,1,9,0.199553,0.204432,0,0,0
19916,,16,0,1,1,0,1,1,8,0.239859,0.247713,0,0,0
19920,,7,0,1,1,0,1,1,8,0.23956,0.24711,0,0,0
19922,,41,0,1,1,0,1,1,9,0.234736,0.243231,0,0,0
19923,,25,0,1,1,0,1,1,9,0.213332,0.219326,0,0,0
19924,,7,0,1,1,0,1,1,9,0.212499,0.218256,0,0,0
19925,,41,0,1,1,0,1,1,1,1,1,0,0,0
19926,,7,0,1,1,0,1,1,9,0.246124,0.25571,0,0,0
19929,,41,0,1,1,0,1,1,9,0.234736,0.243231,0,0,0
24210,,16,1,0,1,1,0,1,0,0,0,0,0,0.000174
19931,,41,0,1,1,0,1,1,9,0.197611,0.202148,0,0,0
19933,,53,1,1,2,1,1,2,10,0.177975,0.181591,27.953249,0,0.000173
19934,,81,0,1,1,0,1,1,9,0.19166,0.19573,0,0,0
19936,,65,0,2,2,0,2,2,8,0.237457,0.245656,0,1,0
19938,,7,0,1,1,0,1,1,9,0.226164,0.233246,0,0,0
19940,,41,0,1,1,0,1,1,9,0.234736,0.243231,0,0,0
19944,,67,0,1,1,0,1,1,9,0.185023,0.188496,0,0,0
19945,,53,0,1,1,0,1,1,9,0.220297,0.227161,0,0,0
19946,,7,0,1,1,0,1,1,9,0.189323,0.19339,0,0,0
19947,,7,0,1,1,0,1,1,8,0.262756,0.273466,0,0,0
19949,,65,1,1,2,1,1,2,8,0.236841,0.24458,18827,0,0.000168
19952,,67,0,1,1,0,1,1,10,0.181658,0.18553,0,0,0
19954,,41,0,1,1,0,1,1,9,0.205253,0.210794,0,0,0
19958,,67,0,1,1,0,1,1,9,0.185023,0.188496,0,0,0
19959,,67,0,1,1,0,1,1,9,0.185023,0.188496,0,0,0
19960,,67,0,1,1,0,1,1,9,0.185023,0.188496,0,0,0
19961,,7,0,1,1,0,1,1,9,0.18673,0.190667,0,0,0
19962,,7,1,2,3,1,2,3,8,0.229592,0.237084,18827,0,0.000168
19963,,36,0,1,1,0,1,1,10,0.169608,0.172501,0,0,0
19965,,16,0,3,3,0,3,3,8,0.238326,0.246761,0,0.333333,0
19968,,7,0,1,1,0,1,1,10,0.179156,0.182314,0,0,0
19970,,41,0,1,1,0,1,1,9,0.211371,0.217148,0,0,0
19971,,7,0,1,1,0,1,1,1,1,1,0,0,0
35624,,7,1,0,1,1,0,1,0,0,0,0,0,0.000186
19973,,335,0,1,1,0,1,1,1,1,1,0,0,0
19974,,335,1,0,1,1,0,1,0,0,0,0,0,0.000168
19976,,22,0,1,1,0,1,1,9,0.183805,0.188435,0,0,0
19977,,36,0,1,1,0,1,1,8,0.225838,0.233103,0,0,0
19978,,7,0,2,2,0,2,2,8,0.250923,0.2603,0,0.5,0
19979,,1,0,1,1,0,1,1,8,0.242388,0.250662,0,0,0
19980,,7,0,1,1,0,1,1,9,0.219598,0.226206,0,0,0
19981,,16,0,6,6,0,6,6,8,0.266189,0.277802,0,0.3,0
19983,,41,0,1,1,0,1,1,10,0.199053,0.204327,0,0,0
19984,,7,0,1,1,0,1,1,9,0.226164,0.233246,0,0,0
19986,,7,0,1,1,0,1,1,8,0.262756,0.273466,0,0,0
19987,,7,0,1,1,0,1,1,9,0.201829,0.206936,0,0,0
19988,,7,0,1,1,0,1,1,9,0.213761,0.219764,0,0,0
19990,,7,0,2,2,0,2,2,8,0.237901,0.24623,0,0.5,0
19991,,16,0,3,3,0,3,3,8,0.262851,0.273665,0,0.333333,0
19992,,41,0,1,1,0,1,1,8,0.236961,0.24442,0,0,0
19993,,7,0,2,2,0,2,2,8,0.250356,0.259241,0,0,0
19994,,7,0,1,1,0,1,1,9,0.229134,0.236663,0,0,0
19995,,336,0,1,1,0,1,1,1,1,1,0,0,0
19996,,336,1,0,1,1,0,1,0,0,0,0,0,0.000168
19997,,16,0,1,1,0,1,1,8,0.230667,0.237711,0,0,0
19999,,25,0,1,1,0,1,1,9,0.225635,0.232826,0,0,0
20000,,1,0,1,1,0,1,1,8,0.230853,0.23867,0,0,0
20001,,7,0,1,1,0,1,1,8,0.262756,0.273466,0,0,0
20003,,16,0,1,1,0,1,1,8,0.227253,0.234761,0,0,0
20005,,16,0,2,2,0,2,2,8,0.235,0.242996,0,1,0
20008,,7,0,2,2,0,2,2,8,0.224647,0.231324,0,0.5,0
20009,,32,0,1,1,0,1,1,9,0.191083,0.195386,0,0,0
20010,,7,0,1,1,0,1,1,9,0.223304,0.229864,0,0,0
20011,,7,0,1,1,0,1,1,8,0.261475,0.272568,0,0,0
20013,,337,0,1,1,0,1,1,1,1,1,0,0,0
20014,,337,1,0,1,1,0,1,0,0,0,0,0,0.000168
20016,,16,0,2,2,0,2,2,8,0.238721,0.247531,0,0,0
20018,,7,0,1,1,0,1,1,9,0.223304,0.229864,0,0,0
20019,,81,2,4,6,2,4,6,12,0.128771,0.130326,96748,0,0.000379
20020,,81,1,0,1,1,0,1,0,0,0,0,0,0.000178
20294,,81,1,0,1,1,0,1,0,0,0,0,0,0.000178
21495,,81,1,0,1,1,0,1,0,0,0,0,0,0.000178
20021,,16,2,1,3,2,1,3,9,0.218616,0.225169,18837.675704,0,0.000336
20023,,7,0,3,3,0,3,3,7,0.300881,0.31549,0,0.5,0
20024,,16,0,1,1,0,1,1,8,0.222226,0.228739,0,0,0
20026,,41,0,1,1,0,1,1,9,0.202482,0.207484,0,0,0
20027,,16,0,1,1,0,1,1,9,0.225449,0.232754,0,0,0
33076,,16,1,0,1,1,0,1,0,0,0,0,0,0.000271
28656,,16,1,2,3,1,2,3,8,0.251385,0.261483,3.066667,0.5,0.000271
20030,,338,0,1,1,0,1,1,1,1,1,0,0,0
20031,,338,1,0,1,1,0,1,0,0,0,0,0,0.000168
20032,,7,0,6,6,0,6,6,8,0.262697,0.273621,0,0.333333,0
20033,,7,0,1,1,0,1,1,8,0.239548,0.247677,0,0,0
20034,,16,0,1,1,0,1,1,9,0.216901,0.222733,0,0,0
20041,,2,0,2,2,0,2,2,9,0.200366,0.205439,0,0,0
20042,,7,0,1,1,0,1,1,9,0.200066,0.204368,0,0,0
20043,,41,0,2,2,0,2,2,8,0.261773,0.273481,0,1,0
20044,,54,0,1,1,0,1,1,1,1,1,0,0,0
20046,,14,0,1,1,0,1,1,1,1,1,0,0,0
20048,,7,0,1,1,0,1,1,10,0.182464,0.186505,0,0,0
20049,,7,0,2,2,0,2,2,8,0.265457,0.276524,0,1,0
20050,,7,0,1,1,0,1,1,9,0.22266,0.228771,0,0,0
20052,,7,0,1,1,0,1,1,9,0.198884,0.203512,0,0,0
20053,,7,0,1,1,0,1,1,9,0.21024,0.216158,0,0,0
20054,,16,0,3,3,0,3,3,8,0.254787,0.266273,0,0.333333,0
20055,,16,0,1,1,0,1,1,8,0.234514,0.24306,0,0,0
20056,,16,0,1,1,0,1,1,9,0.224977,0.23191,0,0,0
20058,,7,0,2,2,0,2,2,8,0.266174,0.277642,0,0.5,0
20059,,16,0,4,4,0,4,4,9,0.215879,0.222527,0,0.666667,0
20060,,7,0,3,3,0,3,3,8,0.264486,0.275471,0,0.333333,0
20137,,7,1,0,1,1,0,1,0,0,0,0,0,0.000168
20061,,16,0,1,1,0,1,1,9,0.218439,0.22522,0,0,0
20062,,1,0,1,1,0,1,1,9,0.222605,0.230046,0,0,0
20064,,7,0,1,1,0,1,1,9,0.231387,0.239068,0,0,0
20066,,32,0,1,1,0,1,1,9,0.213586,0.219513,0,0,0
20068,,41,0,1,1,0,1,1,8,0.257544,0.268689,0,0,0
20069,,276,0,1,1,0,1,1,1,1,1,0,0,0
20070,,32,0,1,1,0,1,1,8,0.245851,0.255055,0,0,0
20071,,7,0,1,1,0,1,1,8,0.242475,0.25106,0,0,0
20072,,16,0,1,1,0,1,1,9,0.21914,0.22575,0,0,0
20073,,7,0,1,1,0,1,1,8,0.228561,0.235614,0,0,0
20074,,7,0,1,1,0,1,1,8,0.240656,0.249158,0,0,0
20075,,67,0,1,1,0,1,1,9,0.185023,0.188496,0,0,0
20076,,7,0,1,1,0,1,1,8,0.262756,0.273466,0,0,0
20077,,67,0,1,1,0,1,1,9,0.185023,0.188496,0,0,0
20080,,7,1,8,9,1,8,9,8,0.281203,0.295002,29.11729,0.333333,0.000182
20081,,7,0,1,1,0,1,1,9,0.21396,0.220365,0,0,0
20082,,7,0,1,1,0,1,1,9,0.228173,0.235417,0,0,0
20086,,25,0,1,1,0,1,1,9,0.225635,0.232826,0,0,0
20087,,16,0,1,1,0,1,1,8,0.2284,0.235296,0,0,0
20090,,7,0,1,1,0,1,1,9,0.200066,0.204368,0,0,0
20091,,12,0,1,1,0,1,1,9,0.208614,0.214286,0,0,0
20093,,32,0,1,1,0,1,1,8,0.234493,0.242444,0,0,0
20094,,7,0,1,1,0,1,1,9,0.20749,0.212706,0,0,0
20095,,339,0,1,1,0,1,1,1,1,1,0,0,0
20096,,7,0,8,8,0,8,8,8,0.261919,0.27362,0,0.142857,0
20097,,7,0,1,1,0,1,1,9,0.224297,0.231274,0,0,0
20098,,41,0,1,1,0,1,1,8,0.257544,0.268689,0,0,0
20100,,67,0,3,3,0,3,3,8,0.223227,0.230423,0,0.666667,0
20101,,7,0,1,1,0,1,1,10,0.179803,0.183122,0,0,0
20102,,7,1,1,2,1,1,2,9,0.222606,0.229342,0,1,0.000336
20103,,16,0,1,1,0,1,1,9,0.186196,0.190551,0,0,0
20105,,36,0,2,2,0,2,2,10,0.183845,0.187745,0,0,0
20106,,16,0,3,3,0,3,3,8,0.246153,0.25517,0,0.666667,0
20110,,7,0,1,1,0,1,1,9,0.198884,0.203512,0,0,0
20116,,7,0,1,1,0,1,1,9,0.218487,0.22468,0,0,0
20117,,7,0,1,1,0,1,1,8,0.262756,0.273466,0,0,0
32266,,16,1,0,1,1,0,1,0,0,0,0,0,0.000174
20121,,1,0,1,1,0,1,1,9,0.222605,0.230046,0,0,0
20122,,67,0,1,1,0,1,1,9,0.185023,0.188496,0,0,0
20123,,7,0,1,1,0,1,1,1,1,1,0,0,0
20125,,16,0,2,2,0,2,2,8,0.247349,0.256902,0,1,0
20127,,7,0,1,1,0,1,1,8,0.243014,0.252183,0,0,0
20128,,7,0,1,1,0,1,1,9,0.222024,0.228515,0,0,0
20131,,16,1,1,2,1,1,2,8,0.23949,0.247366,0,0.5,0.000168
20132,,53,0,1,1,0,1,1,9,0.220297,0.227161,0,0,0
20134,,1,1,1,2,1,1,2,8,0.214588,0.220454,646.688367,0,0.001778
26600,,2,1,0,1,1,0,1,0,0,0,0,0,0.001778
25739,,2,2,3,5,2,3,5,8,0.232984,0.241019,19185.345717,0.416667,0.001946
28231,,2,1,0,1,1,0,1,0,0,0,0,0,0.001778
28244,,2,1,0,1,1,0,1,0,0,0,0,0,0.001778
28308,,2,1,3,4,1,3,4,8,0.244405,0.253735,0,1,0.001778
28332,,2,11,4,15,11,4,15,8,0.232989,0.241054,63684.669614,0.128788,0.004773
28372,,2,4,0,4,4,0,4,0,0,0,0,0.5,0.003563
28407,,2,2,0,2,2,0,2,0,0,0,0,1,0.00202
28416,,2,5,4,9,5,4,9,8,0.233007,0.241097,26081.737934,0.333333,0.004022
28455,,2,1,0,1,1,0,1,0,0,0,0,0,0.001778
28495,,2,1,0,1,1,0,1,0,0,0,0,0,0.001778
28497,,2,2,2,4,2,2,4,8,0.232981,0.240993,109.342774,0.5,0.001946
28431,,2,2,4,6,2,4,6,8,0.243999,0.252689,26206.932133,0.45,0.001989
28764,,2,2,2,4,2,2,4,8,0.232981,0.240993,18826,0.333333,0.001946
28335,,2,2,1,3,2,1,3,9,0.217833,0.224571,18826,0.333333,0.001946
28382,,2,2,5,7,2,5,7,8,0.233596,0.241752,2022.99174,0.45,0.003204
29033,,2,1,0,1,1,0,1,0,0,0,0,0,0.001778
29242,,2,1,1,2,1,1,2,9,0.188967,0.193142,0,1,0.001778
28904,,2,2,2,4,2,2,4,8,0.232981,0.240993,0,1,0.003204
28392,,2,1,5,6,1,5,6,8,0.264965,0.276576,27092.448782,0.3,0.001778
29008,,2,1,3,4,1,3,4,8,0.232984,0.241019,0,0.666667,0.001778
29604,,2,1,0,1,1,0,1,0,0,0,0,0,0.001778
28236,,2,3,2,5,3,2,5,8,0.232981,0.240993,109.342774,0.5,0.003372
20135,,65,0,1,1,0,1,1,9,0.191497,0.195504,0,0,0
20136,,65,1,1,2,1,1,2,8,0.236841,0.24458,18827,0,0.000168
20139,,7,0,1,1,0,1,1,1,1,1,0,0,0
20143,,41,0,1,1,0,1,1,9,0.195066,0.199384,0,0,0
20144,,16,0,3,3,0,3,3,9,0.196742,0.201694,0,0,0
20145,,16,1,0,1,1,0,1,0,0,0,0,0,0.000168
20146,,16,1,1,2,1,1,2,9,0.222009,0.228904,3575.517607,0,0.000168
20147,,7,0,1,1,0,1,1,8,0.263743,0.27463,0,0,0
20148,,69,0,1,1,0,1,1,9,0.218461,0.224529,0,0,0
20149,,14,0,1,1,0,1,1,8,0.249084,0.258104,0,0,0
20151,,81,0,2,2,0,2,2,9,0.224789,0.232429,0,1,0
20153,,16,0,1,1,0,1,1,8,0.23897,0.247046,0,0,0
20156,,25,0,1,1,0,1,1,9,0.192204,0.196531,0,0,0
20159,,16,0,1,1,0,1,1,9,0.221265,0.227889,0,0,0
20161,,7,0,1,1,0,1,1,9,0.231745,0.239907,0,0,0
20165,,16,0,1,1,0,1,1,8,0.247792,0.25846,0,0,0
35539,,16,1,1,2,1,1,2,9,0.21164,0.217687,0,0,0.000257
20167,,7,0,1,1,0,1,1,9,0.209259,0.214889,0,0,0
20168,,36,0,1,1,0,1,1,9,0.209938,0.21553,0,0,0
20169,,7,0,1,1,0,1,1,8,0.262756,0.273466,0,0,0
20171,,41,0,1,1,0,1,1,10,0.174198,0.17752,0,0,0
20172,,1,0,1,1,0,1,1,9,0.222605,0.230046,0,0,0
20173,,67,0,2,2,0,2,2,8,0.26159,0.272745,0,0,0
20174,,7,0,1,1,0,1,1,9,0.217626,0.22351,0,0,0
20176,,7,0,1,1,0,1,1,9,0.213715,0.219746,0,0,0
20177,,7,0,1,1,0,1,1,9,0.226164,0.233246,0,0,0
20178,,53,0,2,2,0,2,2,9,0.200648,0.205084,0,0,0
20179,,53,1,1,2,1,1,2,9,0.216853,0.223281,1376.882922,0,0.000168
20181,,16,0,1,1,0,1,1,9,0.217716,0.223687,0,0,0
20183,,7,0,1,1,0,1,1,8,0.234991,0.243288,0,0,0
20184,,16,0,2,2,0,2,2,9,0.227704,0.234927,0,1,0
20187,,7,0,1,1,0,1,1,8,0.261475,0.272568,0,0,0
20188,,41,0,1,1,0,1,1,9,0.205253,0.210794,0,0,0
20191,,7,0,1,1,0,1,1,9,0.210854,0.216472,0,0,0
24517,,16,1,0,1,1,0,1,0,0,0,0,0,0.00024
20195,,340,0,2,2,0,2,2,8,0.245118,0.253601,0,0,0
20196,,340,1,0,1,1,0,1,0,0,0,0,0,0.000168
20197,,1,0,3,3,0,3,3,9,0.22291,0.230279,0,0.333333,0
20200,,7,0,1,1,0,1,1,8,0.242475,0.25106,0,0,0
20201,,16,0,1,1,0,1,1,9,0.192892,0.197062,0,0,0
20202,,7,0,1,1,0,1,1,9,0.224297,0.231274,0,0,0
20204,,341,0,1,1,0,1,1,1,1,1,0,0,0
20205,,341,1,0,1,1,0,1,0,0,0,0,0,0.000168
20207,,7,0,1,1,0,1,1,9,0.226463,0.234215,0,0,0
20211,,7,0,1,1,0,1,1,9,0.199255,0.204175,0,0,0
20214,,16,0,2,2,0,2,2,9,0.220029,0.227064,0,1,0
20319,,41,1,1,2,1,1,2,9,0.203366,0.208826,0,0,0.000214
20219,,16,0,1,1,0,1,1,10,0.189888,0.194294,0,0,0
20220,,16,0,1,1,0,1,1,9,0.205005,0.210889,0,0,0
20221,,7,0,5,5,0,5,5,8,0.252359,0.262801,0,0.25,0
20223,,7,0,1,1,0,1,1,9,0.214123,0.219985,0,0,0
20225,,16,0,2,2,0,2,2,9,0.206109,0.212053,0,0,0
20226,,16,0,2,2,0,2,2,9,0.206088,0.211869,0,1,0
20228,,67,1,1,2,1,1,2,9,0.214182,0.22012,198.915642,0,0.000168
20229,,7,0,1,1,0,1,1,9,0.236556,0.244293,0,0,0
20232,,16,0,1,1,0,1,1,9,0.229659,0.236946,0,0,0
20233,,16,0,1,1,0,1,1,9,0.215121,0.221624,0,0,0
20235,,7,0,1,1,0,1,1,9,0.216779,0.223052,0,0,0
20238,,16,0,1,1,0,1,1,9,0.19741,0.202675,0,0,0
20241,,7,0,1,1,0,1,1,9,0.199673,0.204232,0,0,0
20242,,16,0,1,1,0,1,1,9,0.199196,0.203985,0,0,0
20245,,41,0,1,1,0,1,1,9,0.234736,0.243231,0,0,0
20246,,36,1,2,3,1,2,3,8,0.231643,0.239467,18827,0,0.000168
20247,,41,0,1,1,0,1,1,9,0.214128,0.220297,0,0,0
20249,,342,1,0,1,1,0,1,0,0,0,0,0,0.0002
35078,,342,1,0,1,1,0,1,0,0,0,0,0,0.0002
20251,,16,0,1,1,0,1,1,8,0.234514,0.24306,0,0,0
20253,,36,0,2,2,0,2,2,8,0.227311,0.23503,0,0,0
20256,,16,0,2,2,0,2,2,9,0.209654,0.215573,0,0,0
20257,,343,0,1,1,0,1,1,1,1,1,0,0,0
20258,,343,1,0,1,1,0,1,0,0,0,0,0,0.000168
20260,,7,0,1,1,0,1,1,9,0.231387,0.239068,0,0,0
20262,,39,0,2,2,0,2,2,9,0.228538,0.236144,0,0,0
20265,,41,0,2,2,0,2,2,8,0.257562,0.268737,0,1,0
20266,,16,0,1,1,0,1,1,8,0.251382,0.261452,0,0,0
20273,,344,0,1,1,0,1,1,1,1,1,0,0,0
20274,,344,1,0,1,1,0,1,0,0,0,0,0,0.000168
20278,,16,0,1,1,0,1,1,9,0.201509,0.206566,0,0,0
20283,,41,0,3,3,0,3,3,8,0.243807,0.251954,0,0.333333,0
20284,,16,0,1,1,0,1,1,9,0.232956,0.241234,0,0,0
20285,,53,0,2,2,0,2,2,9,0.220302,0.227196,0,1,0
20287,,7,0,2,2,0,2,2,8,0.23841,0.246094,0,0,0
20290,,16,0,2,2,0,2,2,9,0.20277,0.207825,0,0.5,0
20291,,41,0,1,1,0,1,1,9,0.209788,0.215674,0,0,0
20292,,14,0,1,1,0,1,1,8,0.249084,0.258104,0,0,0
20297,,16,0,1,1,0,1,1,9,0.214651,0.220859,0,0,0
20299,,36,0,1,1,0,1,1,9,0.21834,0.225148,0,0,0
20300,,53,0,1,1,0,1,1,9,0.214509,0.221386,0,0,0
20301,,67,0,3,3,0,3,3,8,0.213625,0.2203,0,0.166667,0
20302,,16,0,1,1,0,1,1,9,0.224417,0.232139,0,0,0
20303,,16,0,1,1,0,1,1,8,0.234514,0.24306,0,0,0
20305,,7,0,3,3,0,3,3,9,0.224596,0.231967,0,0.333333,0
20307,,16,0,1,1,0,1,1,8,0.234514,0.24306,0,0,0
20310,,345,0,1,1,0,1,1,1,1,1,0,0,0
20311,,345,1,0,1,1,0,1,0,0,0,0,0,0.000168
20313,,7,0,1,1,0,1,1,9,0.223294,0.230462,0,0,0
20315,,16,0,1,1,0,1,1,8,0.246659,0.25616,0,0,0
20316,,7,0,1,1,0,1,1,10,0.179867,0.183178,0,0,0
20317,,7,0,1,1,0,1,1,8,0.234455,0.242731,0,0,0
20318,,12,0,2,2,0,2,2,8,0.235488,0.24405,0,0,0
20320,,7,0,1,1,0,1,1,9,0.223726,0.230675,0,0,0
20321,,16,0,1,1,0,1,1,8,0.233638,0.242002,0,0,0
23034,,16,1,2,3,1,2,3,9,0.228103,0.235851,0,0.5,0.000611
26020,,16,1,1,2,1,1,2,9,0.208652,0.214728,90.59869,0,0.000611
33684,,16,1,0,1,1,0,1,0,0,0,0,0,0.000611
20326,,16,0,1,1,0,1,1,8,0.236167,0.244733,0,0,0
20331,,32,0,1,1,0,1,1,1,1,1,0,0,0
20332,,16,0,2,2,0,2,2,8,0.25215,0.262311,0,1,0
20333,,7,1,1,2,1,1,2,9,0.232014,0.240012,648.752662,0,0.000177
20334,,16,0,1,1,0,1,1,9,0.222931,0.229752,0,0,0
20339,,7,0,1,1,0,1,1,9,0.224741,0.232186,0,0,0
20340,,7,0,2,2,0,2,2,8,0.239865,0.2478,0,0,0
20438,,69,1,1,2,1,1,2,9,0.215108,0.220904,0,0,0.000384
21752,,69,1,1,2,1,1,2,9,0.215108,0.220904,0,0,0.000384
27735,,16,1,3,4,1,3,4,9,0.229144,0.236264,182.047472,0.666667,0.000384
26943,,16,1,0,1,1,0,1,0,0,0,0,0,0.000203
20343,,41,0,1,1,0,1,1,9,0.21555,0.221855,0,0,0
20344,,65,0,1,1,0,1,1,8,0.236841,0.24458,0,0,0
20345,,2,0,2,2,0,2,2,9,0.220746,0.227225,0,1,0
20347,,1,0,1,1,0,1,1,8,0.230717,0.238683,0,0,0
20348,,730,1,1,2,1,1,2,8,0.252681,0.261932,18827,0,0.000168
20349,,12,0,5,5,0,5,5,8,0.254488,0.264586,0,0.15,0
20350,,7,0,2,2,0,2,2,8,0.266471,0.277861,0,1,0
20351,,67,0,1,1,0,1,1,9,0.218335,0.225066,0,0,0
20352,,7,0,1,1,0,1,1,9,0.235473,0.242933,0,0,0
20353,,7,0,1,1,0,1,1,9,0.209259,0.214889,0,0,0
20355,,40,0,1,1,0,1,1,2,0.538462,0.571429,0,0,0
20356,,16,0,1,1,0,1,1,8,0.246659,0.25616,0,0,0
20357,,41,0,1,1,0,1,1,9,0.234736,0.243231,0,0,0
20360,,41,0,1,1,0,1,1,8,0.257544,0.268689,0,0,0
26012,,14,4,2,6,4,2,6,9,0.190466,0.194415,25976,0,0.000701
20362,,16,0,1,1,0,1,1,9,0.227448,0.235151,0,0,0
20363,,7,0,2,2,0,2,2,8,0.250173,0.259475,0,1,0
20370,,36,0,1,1,0,1,1,9,0.220026,0.226909,0,0,0
20371,,36,0,1,1,0,1,1,9,0.220026,0.226909,0,0,0
20372,,36,0,1,1,0,1,1,9,0.220026,0.226909,0,0,0
20375,,41,0,1,1,0,1,1,9,0.186402,0.190307,0,0,0
20378,,16,0,3,3,0,3,3,9,0.230737,0.23899,0,0,0
20380,,7,0,1,1,0,1,1,10,0.17543,0.178481,0,0,0
20381,,41,0,1,1,0,1,1,8,0.230249,0.237146,0,0,0
20382,,16,0,1,1,0,1,1,9,0.21089,0.216438,0,0,0
20383,,16,0,1,1,0,1,1,10,0.172369,0.175589,0,0,0
20384,,16,1,1,2,1,1,2,9,0.208256,0.214,18827,0,0.000168
20386,,7,0,1,1,0,1,1,9,0.208764,0.214543,0,0,0
20387,,7,0,1,1,0,1,1,9,0.214962,0.22092,0,0,0
20391,,16,0,1,1,0,1,1,9,0.226297,0.233852,0,0,0
20392,,7,0,1,1,0,1,1,8,0.240389,0.247695,0,0,0
20393,,41,0,1,1,0,1,1,8,0.209429,0.215629,0,0,0
20395,,2,0,1,1,0,1,1,10,0.189819,0.194165,0,0,0
28593,,7,1,0,1,1,0,1,0,0,0,0,0,0.000233
20398,,7,0,1,1,0,1,1,8,0.23532,0.242676,0,0,0
20399,,7,0,2,2,0,2,2,9,0.228569,0.235823,0,0,0
20401,,32,0,1,1,0,1,1,8,0.245851,0.255055,0,0,0
20403,,36,0,2,2,0,2,2,9,0.208771,0.214612,0,1,0
20404,,16,0,2,2,0,2,2,8,0.267243,0.27926,0,0.5,0
20405,,7,0,1,1,0,1,1,8,0.262756,0.273466,0,0,0
20408,,67,0,2,2,0,2,2,1,1,1,0,0,0
22336,,67,1,0,1,1,0,1,0,0,0,0,0,0.000168
20531,,41,1,1,2,1,1,2,9,0.204043,0.208795,0,0,0.000194
20410,,1,0,2,2,0,2,2,8,0.239031,0.247645,0,1,0
27500,,21,1,0,1,1,0,1,0,0,0,0,0,0.000197
20413,,41,0,2,2,0,2,2,8,0.227099,0.234782,0,0,0
20415,,368,1,1,2,1,1,2,9,0.220178,0.227274,18827,0,0.000168
20416,,36,0,1,1,0,1,1,9,0.209301,0.214675,0,0,0
20417,,7,0,1,1,0,1,1,8,0.248761,0.257751,0,0,0
20420,,1,0,1,1,0,1,1,8,0.232191,0.239323,0,0,0
20421,,7,0,2,2,0,2,2,9,0.199678,0.204267,0,0,0
20423,,16,0,1,1,0,1,1,9,0.21089,0.216438,0,0,0
20425,,16,0,1,1,0,1,1,9,0.21089,0.216438,0,0,0
20426,,7,0,1,1,0,1,1,9,0.224736,0.231714,0,0,0
20427,,41,0,1,1,0,1,1,8,0.257544,0.268689,0,0,0
20429,,16,0,1,1,0,1,1,9,0.220868,0.22796,0,0,0
20431,,7,0,2,2,0,2,2,9,0.226175,0.233299,0,0.5,0
25383,,41,1,1,2,1,1,2,1,1,1,0,0,0.000184
20434,,7,0,1,1,0,1,1,8,0.262756,0.273466,0,0,0
20435,,41,0,1,1,0,1,1,9,0.234736,0.243231,0,0,0
20437,,7,0,2,2,0,2,2,8,0.254106,0.263646,0,0.5,0
20439,,16,0,1,1,0,1,1,9,0.206086,0.211843,0,0,0
20440,,7,0,1,1,0,1,1,8,0.251664,0.260845,0,0,0
20443,,16,0,2,2,0,2,2,10,0.197313,0.201826,0,0,0
20444,,7,0,23,23,0,23,23,8,0.27589,0.289658,0,0.019763,0
20445,,32,3,1,4,3,1,4,8,0.245847,0.255051,0,0.5,0.000548
20447,,7,0,2,2,0,2,2,8,0.260509,0.271278,0,1,0
20449,,16,1,0,1,1,0,1,0,0,0,0,0,0.000179
20451,,16,0,1,1,0,1,1,9,0.212975,0.218717,0,0,0
20452,,7,0,1,1,0,1,1,1,1,1,0,0,0
20453,,7,0,4,4,0,4,4,8,0.24506,0.253227,0,0.5,0
20455,,7,0,1,1,0,1,1,8,0.237622,0.245065,0,0,0
20460,,346,0,1,1,0,1,1,1,1,1,0,0,0
20461,,346,1,0,1,1,0,1,0,0,0,0,0,0.000168
20463,,7,0,1,1,0,1,1,1,1,1,0,0,0
20464,,7,0,1,1,0,1,1,8,0.251664,0.260845,0,0,0
20466,,16,0,1,1,0,1,1,8,0.244433,0.254493,0,0,0
20467,,7,0,1,1,0,1,1,9,0.202589,0.207926,0,0,0
20468,,16,1,1,2,1,1,2,1,1,1,0,0,0.000178
20471,,16,0,1,1,0,1,1,8,0.247792,0.25846,0,0,0
20473,,1,0,1,1,0,1,1,1,1,1,0,0,0
20476,,347,0,1,1,0,1,1,1,1,1,0,0,0
20477,,347,1,0,1,1,0,1,0,0,0,0,0,0.000168
20480,,16,0,1,1,0,1,1,9,0.209156,0.214711,0,0,0
20482,,1,0,1,1,0,1,1,8,0.242388,0.250662,0,0,0
20483,,7,0,1,1,0,1,1,9,0.220707,0.227135,0,0,0
20652,,7,1,0,1,1,0,1,0,0,0,0,0,0.000282
20485,,16,0,2,2,0,2,2,9,0.218608,0.226263,0,0.5,0
20486,,67,0,1,1,0,1,1,11,0.161421,0.164033,0,0,0
20487,,67,5,4,9,5,4,9,10,0.192484,0.196963,75325.860812,0.013889,0.000845
30729,,67,3,1,4,3,1,4,1,1,1,25970,0.083333,0.000541
34493,,67,2,0,2,2,0,2,0,0,0,0,0.5,0.000374
20492,,7,0,1,1,0,1,1,9,0.214655,0.22045,0,0,0
20494,,32,0,1,1,0,1,1,1,1,1,0,0,0
22977,,16,1,0,1,1,0,1,0,0,0,0,0,0.000779
24003,,16,3,1,4,3,1,4,8,0.239012,0.246282,56476,0.166667,0.001142
25998,,16,1,0,1,1,0,1,0,0,0,0,0,0.000779
26787,,16,1,0,1,1,0,1,0,0,0,0,0,0.000779
27849,,16,1,0,1,1,0,1,0,0,0,0,0,0.000779
28557,,16,1,0,1,1,0,1,0,0,0,0,0,0.000779
29638,,16,1,0,1,1,0,1,0,0,0,0,0,0.000779
33371,,16,1,0,1,1,0,1,0,0,0,0,0,0.000779
20499,,41,0,1,1,0,1,1,8,0.229134,0.236292,0,0,0
20500,,1,0,1,1,0,1,1,8,0.230918,0.237946,0,0,0
20501,,16,0,1,1,0,1,1,8,0.233638,0.242002,0,0,0
20502,,41,0,1,1,0,1,1,8,0.257544,0.268689,0,0,0
20505,,36,0,1,1,0,1,1,10,0.172717,0.175979,0,0,0
20506,,69,0,2,2,0,2,2,9,0.188649,0.192426,0,1,0
20509,,16,0,3,3,0,3,3,8,0.244665,0.25436,0,0.166667,0
20510,,1,0,2,2,0,2,2,9,0.187606,0.191459,0,0,0
20511,,1,0,1,1,0,1,1,1,1,1,0,0,0
20514,,7,2,8,10,2,8,10,8,0.250419,0.259825,41.437689,0.133333,0.000359
20515,,14,0,2,2,0,2,2,8,0.256352,0.267252,0,1,0
20517,,81,0,1,1,0,1,1,10,0.174415,0.177466,0,0,0
20518,,16,0,1,1,0,1,1,8,0.236167,0.244733,0,0,0
20520,,7,0,1,1,0,1,1,9,0.225849,0.233192,0,0,0
20522,,7,0,1,1,0,1,1,8,0.233681,0.240561,0,0,0
20524,,41,0,1,1,0,1,1,9,0.210713,0.216558,0,0,0
20526,,7,0,1,1,0,1,1,8,0.233542,0.241585,0,0,0
20527,,1,0,1,1,0,1,1,1,1,1,0,0,0
20529,,41,1,0,1,1,0,1,0,0,0,0,0,0.000184
20535,,69,1,2,3,1,2,3,9,0.220978,0.227729,6755.513008,0.333333,0.000243
20537,,16,0,4,4,0,4,4,8,0.262229,0.274252,0,0.166667,0
20539,,7,0,1,1,0,1,1,10,0.184311,0.187914,0,0,0
20540,,67,0,2,2,0,2,2,10,0.181776,0.185712,0,0,0
25194,,67,1,0,1,1,0,1,0,0,0,0,0,0.000168
20541,,348,0,1,1,0,1,1,1,1,1,0,0,0
20542,,348,1,0,1,1,0,1,0,0,0,0,0,0.000168
20543,,7,0,1,1,0,1,1,9,0.231745,0.239907,0,0,0
20549,,16,0,2,2,0,2,2,8,0.23636,0.245053,0,0,0
32234,,16,1,0,1,1,0,1,0,0,0,0,0,0.000202
20551,,1,0,2,2,0,2,2,9,0.187834,0.192117,0,0,0
20552,,7,0,1,1,0,1,1,9,0.202622,0.207498,0,0,0
20554,,32,1,1,2,1,1,2,9,0.204067,0.209223,0,0.5,0.000168
20555,,7,0,1,1,0,1,1,9,0.223341,0.230313,0,0,0
20556,,41,0,1,1,0,1,1,10,0.174198,0.17752,0,0,0
20557,,7,0,1,1,0,1,1,10,0.190293,0.194931,0,0,0
20561,,16,1,1,2,1,1,2,9,0.177132,0.180771,0,0.5,0.000168
20562,,7,0,1,1,0,1,1,9,0.217943,0.224069,0,0,0
20564,,16,0,2,2,0,2,2,8,0.23057,0.238588,0,0,0
20566,,41,0,1,1,0,1,1,9,0.195066,0.199384,0,0,0
20568,,32,0,1,1,0,1,1,1,1,1,0,0,0
20570,,32,0,1,1,0,1,1,1,1,1,0,0,0
20572,,16,0,1,1,0,1,1,8,0.251382,0.261452,0,0,0
20576,,2,0,1,1,0,1,1,2,0.666667,0.75,0,0,0
20578,,67,0,1,1,0,1,1,9,0.186668,0.190611,0,0,0
27206,,67,1,0,1,1,0,1,0,0,0,0,0,0.000186
20583,,16,0,3,3,0,3,3,8,0.246578,0.257013,0,0,0
20585,,7,0,3,3,0,3,3,9,0.219408,0.225883,0,0,0
20587,,41,0,1,1,0,1,1,8,0.257544,0.268689,0,0,0
20592,,36,0,1,1,0,1,1,9,0.208263,0.213764,0,0,0
20594,,22,0,1,1,0,1,1,9,0.214045,0.219989,0,0,0
20595,,16,0,1,1,0,1,1,8,0.244275,0.253708,0,0,0
20597,,41,0,1,1,0,1,1,8,0.257544,0.268689,0,0,0
20603,,7,0,1,1,0,1,1,9,0.217256,0.223145,0,0,0
20604,,16,0,1,1,0,1,1,9,0.219196,0.225231,0,0,0
20608,,349,0,1,1,0,1,1,10,0.179203,0.182673,0,0,0
20609,,349,1,1,2,1,1,2,9,0.218317,0.224658,18827,0,0.000168
20610,,16,0,1,1,0,1,1,8,0.207072,0.212175,0,0,0
20611,,16,0,1,1,0,1,1,9,0.226507,0.233975,0,0,0
20614,,1,0,2,2,0,2,2,8,0.232941,0.240741,0,0,0
20616,,41,0,1,1,0,1,1,8,0.257544,0.268689,0,0,0
20619,,16,0,3,3,0,3,3,8,0.232423,0.24079,0,0.833333,0
20624,,7,0,1,1,0,1,1,9,0.225042,0.231898,0,0,0
20627,,7,0,1,1,0,1,1,8,0.265449,0.276753,0,0,0
20628,,7,0,1,1,0,1,1,9,0.200066,0.204368,0,0,0
20630,,7,0,3,3,0,3,3,8,0.260921,0.271783,0,0.166667,0
20631,,7,0,1,1,0,1,1,8,0.262756,0.273466,0,0,0
20632,,7,0,2,2,0,2,2,9,0.229757,0.236959,0,0,0
20633,,16,1,1,2,1,1,2,9,0.232941,0.240927,18827,0,0.000168
20635,,7,0,1,1,0,1,1,8,0.232953,0.240316,0,0,0
20636,,7,0,1,1,0,1,1,9,0.184053,0.188045,0,0,0
20637,,16,0,3,3,0,3,3,8,0.240435,0.248573,0,0,0
20639,,67,0,1,1,0,1,1,10,0.179218,0.18288,0,0,0
20640,,41,0,1,1,0,1,1,9,0.234736,0.243231,0,0,0
20641,,12,0,1,1,0,1,1,9,0.209627,0.215242,0,0,0
20642,,7,0,5,5,0,5,5,8,0.251285,0.260567,0,0.1,0
29835,,7,1,0,1,1,0,1,0,0,0,0,0,0.000168
20643,,12,0,1,1,0,1,1,9,0.185524,0.189879,0,0,0
20644,,12,0,1,1,0,1,1,9,0.185524,0.189879,0,0,0
20645,,12,0,2,2,0,2,2,9,0.199847,0.205116,0,1,0
22010,,7,1,0,1,1,0,1,0,0,0,0,0,0.000173
26148,,2,4,4,8,4,4,8,10,0.169212,0.172273,146065.340741,0.083333,0.000712
20648,,41,0,1,1,0,1,1,9,0.195066,0.199384,0,0,0
20649,,16,0,1,1,0,1,1,8,0.236167,0.244733,0,0,0
20651,,7,0,1,1,0,1,1,9,0.232014,0.240012,0,0,0
20654,,65,0,1,1,0,1,1,1,1,1,0,0,0
20655,,12,0,2,2,0,2,2,9,0.187479,0.191849,0,1,0
20656,,12,0,1,1,0,1,1,9,0.185524,0.189879,0,0,0
20657,,12,0,1,1,0,1,1,9,0.185524,0.189879,0,0,0
20658,,12,0,1,1,0,1,1,9,0.185524,0.189879,0,0,0
20660,,12,0,3,3,0,3,3,9,0.223106,0.230255,0,0.5,0
20661,,12,0,1,1,0,1,1,9,0.185524,0.189879,0,0,0
20662,,12,0,1,1,0,1,1,9,0.185524,0.189879,0,0,0
20666,,12,0,3,3,0,3,3,9,0.199938,0.205383,0,0.833333,0
20667,,16,0,1,1,0,1,1,8,0.23897,0.247046,0,0,0
20668,,12,0,1,1,0,1,1,9,0.185524,0.189879,0,0,0
20669,,12,0,6,6,0,6,6,8,0.238994,0.247205,0,0.266667,0
22144,,12,3,8,11,3,8,11,10,0.164945,0.168385,52035.425157,0.218182,0.000511
20670,,12,0,4,4,0,4,4,9,0.200338,0.205662,0,0.75,0
20671,,12,0,1,1,0,1,1,9,0.185524,0.189879,0,0,0
20672,,7,0,1,1,0,1,1,9,0.197365,0.202008,0,0,0
20674,,12,0,1,1,0,1,1,9,0.185524,0.189879,0,0,0
20675,,12,0,1,1,0,1,1,9,0.185524,0.189879,0,0,0
20676,,7,0,4,4,0,4,4,9,0.235856,0.244168,0,0.25,0
20677,,7,0,2,2,0,2,2,9,0.228339,0.23633,0,0,0
20678,,12,0,2,2,0,2,2,9,0.199847,0.205116,0,1,0
20679,,12,0,1,1,0,1,1,9,0.185524,0.189879,0,0,0
20680,,12,0,2,2,0,2,2,9,0.199847,0.205116,0,1,0
20681,,12,0,1,1,0,1,1,9,0.185524,0.189879,0,0,0
20682,,12,0,2,2,0,2,2,9,0.199847,0.205116,0,1,0
20683,,12,0,2,2,0,2,2,9,0.199847,0.205116,0,1,0
20684,,12,0,1,1,0,1,1,9,0.185524,0.189879,0,0,0
20685,,12,0,2,2,0,2,2,9,0.187479,0.191849,0,1,0
20686,,12,0,1,1,0,1,1,9,0.185524,0.189879,0,0,0
20687,,12,0,1,1,0,1,1,9,0.185524,0.189879,0,0,0
20688,,12,0,1,1,0,1,1,9,0.185524,0.189879,0,0,0
20689,,16,0,1,1,0,1,1,8,0.232829,0.239934,0,0,0
20690,,12,0,1,1,0,1,1,9,0.185524,0.189879,0,0,0
20691,,12,0,1,1,0,1,1,9,0.185524,0.189879,0,0,0
20693,,12,0,2,2,0,2,2,9,0.215414,0.221674,0,0.5,0
20694,,12,0,3,3,0,3,3,9,0.215535,0.221959,0,0.5,0
20695,,7,0,3,3,0,3,3,9,0.2234,0.230694,0,0.833333,0
20696,,12,0,3,3,0,3,3,8,0.227957,0.235047,0,0.5,0
34496,,16,2,0,2,2,0,2,0,0,0,0,1,0.000865
20699,,12,0,2,2,0,2,2,9,0.199847,0.205116,0,1,0
20700,,12,0,2,2,0,2,2,9,0.215414,0.221674,0,0.5,0
20701,,12,0,1,1,0,1,1,9,0.185524,0.189879,0,0,0
20702,,12,0,1,1,0,1,1,9,0.185524,0.189879,0,0,0
20703,,12,0,3,3,0,3,3,9,0.187567,0.192117,0,0.5,0
20704,,12,0,2,2,0,2,2,9,0.199847,0.205116,0,1,0
20705,,12,0,1,1,0,1,1,9,0.185524,0.189879,0,0,0
20706,,16,0,1,1,0,1,1,9,0.221265,0.227889,0,0,0
20707,,12,0,1,1,0,1,1,9,0.185524,0.189879,0,0,0
20708,,12,0,1,1,0,1,1,9,0.185524,0.189879,0,0,0
20709,,53,0,1,1,0,1,1,9,0.220297,0.227161,0,0,0
20710,,12,0,2,2,0,2,2,9,0.199847,0.205116,0,1,0
20711,,12,0,1,1,0,1,1,9,0.185524,0.189879,0,0,0
20712,,7,0,1,1,0,1,1,9,0.233264,0.241028,0,0,0
20713,,12,0,1,1,0,1,1,9,0.185524,0.189879,0,0,0
20715,,12,0,1,1,0,1,1,9,0.185524,0.189879,0,0,0
20716,,12,0,1,1,0,1,1,9,0.185524,0.189879,0,0,0
20717,,12,0,1,1,0,1,1,9,0.185524,0.189879,0,0,0
20718,,12,0,1,1,0,1,1,9,0.185524,0.189879,0,0,0
20719,,7,0,1,1,0,1,1,9,0.220578,0.22706,0,0,0
20721,,41,0,1,1,0,1,1,9,0.210713,0.216558,0,0,0
20724,,12,0,1,1,0,1,1,10,0.164896,0.168023,0,0,0
20725,,16,0,1,1,0,1,1,8,0.232829,0.239934,0,0,0
20726,,7,0,1,1,0,1,1,9,0.214345,0.220682,0,0,0
20727,,7,0,1,1,0,1,1,9,0.215946,0.221647,0,0,0
20728,,16,0,1,1,0,1,1,8,0.236167,0.244733,0,0,0
20729,,12,0,2,2,0,2,2,9,0.199847,0.205116,0,1,0
20730,,12,1,5,6,1,5,6,9,0.213944,0.220618,18830.774549,0.066667,0.000179
20731,,12,0,1,1,0,1,1,9,0.185524,0.189879,0,0,0
20732,,12,0,1,1,0,1,1,9,0.185524,0.189879,0,0,0
20733,,12,0,1,1,0,1,1,10,0.164896,0.168023,0,0,0
20734,,12,0,1,1,0,1,1,10,0.164896,0.168023,0,0,0
20735,,12,0,1,1,0,1,1,9,0.185524,0.189879,0,0,0
20736,,12,0,1,1,0,1,1,10,0.164896,0.168023,0,0,0
20737,,36,0,1,1,0,1,1,9,0.182969,0.186816,0,0,0
20738,,12,0,1,1,0,1,1,9,0.185524,0.189879,0,0,0
20739,,12,0,1,1,0,1,1,9,0.185524,0.189879,0,0,0
20740,,12,0,1,1,0,1,1,9,0.185524,0.189879,0,0,0
20741,,12,0,1,1,0,1,1,9,0.185524,0.189879,0,0,0
20742,,1,0,2,2,0,2,2,9,0.210181,0.215663,0,0.5,0
20743,,12,0,3,3,0,3,3,9,0.200336,0.205636,0,1,0
20744,,12,0,1,1,0,1,1,9,0.185524,0.189879,0,0,0
20745,,12,0,2,2,0,2,2,9,0.199847,0.205116,0,1,0
20746,,12,0,1,1,0,1,1,9,0.185524,0.189879,0,0,0
20747,,16,0,1,1,0,1,1,8,0.232829,0.239934,0,0,0
20751,,12,0,2,2,0,2,2,9,0.199847,0.205116,0,1,0
20755,,32,0,1,1,0,1,1,8,0.229909,0.23654,0,0,0
20756,,12,0,2,2,0,2,2,9,0.199847,0.205116,0,1,0
20758,,12,0,1,1,0,1,1,10,0.164896,0.168023,0,0,0
20759,,12,0,1,1,0,1,1,10,0.164896,0.168023,0,0,0
20761,,7,0,1,1,0,1,1,8,0.248761,0.257751,0,0,0
20762,,12,0,1,1,0,1,1,9,0.185524,0.189879,0,0,0
20763,,16,0,1,1,0,1,1,8,0.251382,0.261452,0,0,0
20764,,12,0,1,1,0,1,1,9,0.185524,0.189879,0,0,0
20765,,1,0,1,1,0,1,1,8,0.230853,0.23867,0,0,0
20766,,12,0,3,3,0,3,3,9,0.199938,0.205383,0,0.833333,0
20767,,12,0,2,2,0,2,2,9,0.199847,0.205116,0,1,0
20768,,7,0,1,1,0,1,1,9,0.20573,0.211439,0,0,0
20769,,12,0,3,3,0,3,3,9,0.199854,0.205156,0,0.333333,0
20770,,16,0,1,1,0,1,1,1,1,1,0,0,0
20771,,12,0,2,2,0,2,2,9,0.199847,0.205116,0,1,0
20772,,12,0,2,2,0,2,2,9,0.199847,0.205116,0,1,0
30268,,12,1,1,2,1,1,2,12,0.12401,0.125339,0,0,0.000305
34320,,12,1,1,2,1,1,2,12,0.12401,0.125339,0,0,0.000305
20774,,12,0,2,2,0,2,2,9,0.215414,0.221674,0,0.5,0
20778,,350,0,1,1,0,1,1,1,1,1,0,0,0
20779,,350,1,0,1,1,0,1,0,0,0,0,0,0.000168
20780,,16,0,1,1,0,1,1,9,0.210829,0.216341,0,0,0
20781,,12,0,2,2,0,2,2,9,0.199847,0.205116,0,1,0
20782,,12,0,2,2,0,2,2,9,0.199847,0.205116,0,1,0
20783,,12,0,2,2,0,2,2,9,0.199847,0.205116,0,1,0
20784,,16,0,1,1,0,1,1,9,0.224254,0.231328,0,0,0
20786,,41,0,1,1,0,1,1,9,0.210076,0.21568,0,0,0
20787,,53,0,1,1,0,1,1,9,0.220312,0.226978,0,0,0
20788,,12,0,2,2,0,2,2,9,0.199847,0.205116,0,1,0
20791,,12,0,1,1,0,1,1,9,0.185524,0.189879,0,0,0
20792,,12,0,1,1,0,1,1,9,0.185524,0.189879,0,0,0
20793,,16,0,1,1,0,1,1,9,0.220024,0.226951,0,0,0
20794,,12,0,2,2,0,2,2,9,0.199847,0.205116,0,1,0
20795,,12,0,3,3,0,3,3,9,0.200336,0.205636,0,1,0
20796,,12,0,2,2,0,2,2,9,0.199847,0.205116,0,1,0
20798,,7,0,1,1,0,1,1,9,0.227168,0.234544,0,0,0
20799,,12,0,1,1,0,1,1,9,0.203888,0.209367,0,0,0
20800,,12,0,1,1,0,1,1,9,0.185524,0.189879,0,0,0
20801,,12,0,3,3,0,3,3,11,0.141605,0.143768,0,0.333333,0
20802,,351,1,2,3,1,2,3,9,0.207592,0.21304,18827,0,0.000173
25373,,351,1,1,2,1,1,2,10,0.171908,0.174946,0,0,0.000173
23566,,7,1,0,1,1,0,1,0,0,0,0,0,0.000336
23826,,7,1,0,1,1,0,1,0,0,0,0,0,0.000336
23827,,7,1,0,1,1,0,1,0,0,0,0,0,0.000336
24724,,7,2,0,2,2,0,2,0,0,0,0,1,0.000525
25705,,7,1,0,1,1,0,1,0,0,0,0,0,0.000336
34552,,7,1,0,1,1,0,1,0,0,0,0,0,0.000336
35456,,7,1,0,1,1,0,1,0,0,0,0,0,0.000336
20804,,7,0,1,1,0,1,1,9,0.232872,0.240708,0,0,0
20805,,12,0,3,3,0,3,3,9,0.200336,0.205636,0,1,0
20807,,16,0,1,1,0,1,1,8,0.234601,0.241751,0,0,0
20808,,12,0,1,1,0,1,1,9,0.185524,0.189879,0,0,0
20809,,12,0,1,1,0,1,1,9,0.185524,0.189879,0,0,0
20810,,41,0,1,1,0,1,1,8,0.226676,0.234633,0,0,0
20812,,36,0,1,1,0,1,1,8,0.22375,0.230857,0,0,0
20813,,16,0,1,1,0,1,1,8,0.239859,0.247713,0,0,0
20814,,16,0,1,1,0,1,1,9,0.213504,0.219764,0,0,0
20815,,7,0,1,1,0,1,1,8,0.243999,0.252847,0,0,0
20817,,7,0,3,3,0,3,3,8,0.250562,0.259943,0,0.333333,0
20818,,12,0,1,1,0,1,1,9,0.185524,0.189879,0,0,0
20819,,12,0,1,1,0,1,1,9,0.185524,0.189879,0,0,0
20820,,1,0,2,2,0,2,2,10,0.166848,0.16999,0,0,0
20822,,7,0,2,2,0,2,2,8,0.243073,0.251046,0,0,0
20823,,352,0,1,1,0,1,1,1,1,1,0,0,0
20824,,352,1,0,1,1,0,1,0,0,0,0,0,0.000168
20825,,7,0,2,2,0,2,2,9,0.222966,0.229725,0,0,0
20826,,12,0,2,2,0,2,2,9,0.215414,0.221674,0,0.5,0
20828,,12,0,2,2,0,2,2,9,0.199847,0.205116,0,1,0
20829,,12,0,3,3,0,3,3,9,0.200336,0.205636,0,1,0
20830,,16,0,1,1,0,1,1,9,0.201915,0.206674,0,0,0
20831,,69,0,1,1,0,1,1,9,0.232711,0.240726,0,0,0
20833,,12,0,2,2,0,2,2,9,0.199847,0.205116,0,1,0
20835,,7,0,1,1,0,1,1,9,0.193869,0.197904,0,0,0
20836,,36,0,1,1,0,1,1,9,0.197245,0.201816,0,0,0
20838,,12,0,1,1,0,1,1,9,0.185524,0.189879,0,0,0
20839,,7,0,1,1,0,1,1,9,0.217144,0.223521,0,0,0
20843,,67,0,5,5,0,5,5,9,0.214896,0.221031,0,0.3,0
20844,,12,0,2,2,0,2,2,9,0.215414,0.221674,0,0.5,0
20845,,12,0,2,2,0,2,2,9,0.215414,0.221674,0,0.5,0
20846,,1,0,2,2,0,2,2,8,0.23087,0.238728,0,1,0
20848,,7,0,1,1,0,1,1,9,0.200066,0.204368,0,0,0
20849,,12,0,1,1,0,1,1,9,0.185524,0.189879,0,0,0
20850,,67,0,3,3,0,3,3,9,0.221989,0.229286,0,0.166667,0
20851,,67,1,0,1,1,0,1,0,0,0,0,0,0.000168
20854,,41,0,1,1,0,1,1,10,0.174198,0.17752,0,0,0
20855,,12,0,2,2,0,2,2,9,0.199847,0.205116,0,1,0
20856,,41,0,2,2,0,2,2,9,0.216015,0.222378,0,0,0
20858,,12,0,1,1,0,1,1,9,0.185524,0.189879,0,0,0
20860,,12,0,1,1,0,1,1,9,0.185524,0.189879,0,0,0
20863,,7,0,1,1,0,1,1,9,0.212176,0.218108,0,0,0
20864,,32,0,1,1,0,1,1,1,1,1,0,0,0
20868,,25,0,1,1,0,1,1,9,0.192204,0.196531,0,0,0
20869,,16,0,1,1,0,1,1,10,0.170875,0.174107,0,0,0
20871,,16,0,1,1,0,1,1,9,0.2263,0.234284,0,0,0
20872,,7,0,1,1,0,1,1,1,1,1,0,0,0
20873,,12,0,2,2,0,2,2,9,0.199847,0.205116,0,1,0
20875,,7,0,3,3,0,3,3,8,0.242591,0.251811,0,0.5,0
20876,,12,0,2,2,0,2,2,9,0.215414,0.221674,0,0.5,0
20877,,12,0,2,2,0,2,2,9,0.199847,0.205116,0,1,0
28013,,7,1,1,2,1,1,2,9,0.226465,0.234217,18.142471,0,0.000797
35141,,7,1,0,1,1,0,1,0,0,0,0,0,0.000797
20880,,1,0,1,1,0,1,1,8,0.230853,0.23867,0,0,0
20881,,36,0,1,1,0,1,1,9,0.183623,0.18749,0,0,0
20882,,36,1,2,3,1,2,3,8,0.224913,0.232172,18827,0,0.000168
20883,,7,0,1,1,0,1,1,8,0.244564,0.253553,0,0,0
20886,,7,0,1,1,0,1,1,8,0.262756,0.273466,0,0,0
20887,,16,0,1,1,0,1,1,9,0.23172,0.239817,0,0,0
20889,,12,0,1,1,0,1,1,9,0.185524,0.189879,0,0,0
20890,,12,0,2,2,0,2,2,9,0.199847,0.205116,0,1,0
20891,,12,0,1,1,0,1,1,9,0.185524,0.189879,0,0,0
20892,,53,0,1,1,0,1,1,9,0.209851,0.215662,0,0,0
20893,,7,0,1,1,0,1,1,9,0.224639,0.231408,0,0,0
20894,,353,0,1,1,0,1,1,1,1,1,0,0,0
20895,,353,1,0,1,1,0,1,0,0,0,0,0,0.000168
20897,,354,0,1,1,0,1,1,1,1,1,0,0,0
20898,,354,2,0,2,2,0,2,0,0,0,0,0,0.000336
20899,,354,0,1,1,0,1,1,1,1,1,0,0,0
20903,,16,0,1,1,0,1,1,9,0.225849,0.233205,0,0,0
20904,,14,0,2,2,0,2,2,9,0.196205,0.200538,0,1,0
20905,,41,0,5,5,0,5,5,8,0.258801,0.270297,0,0.4,0
20909,,16,0,1,1,0,1,1,9,0.210874,0.217038,0,0,0
20910,,7,0,1,1,0,1,1,8,0.265449,0.276753,0,0,0
20915,,67,0,5,5,0,5,5,9,0.214896,0.221031,0,0.3,0
20916,,355,0,1,1,0,1,1,1,1,1,0,0,0
20917,,355,1,0,1,1,0,1,0,0,0,0,0,0.000168
20918,,41,0,2,2,0,2,2,10,0.174206,0.177564,0,0,0
20919,,41,1,0,1,1,0,1,0,0,0,0,0,0.000168
21941,,7,1,0,1,1,0,1,0,0,0,0,0,0.000215
20924,,7,0,1,1,0,1,1,9,0.210268,0.215748,0,0,0
20926,,7,0,1,1,0,1,1,9,0.224977,0.231842,0,0,0
20927,,1,1,1,2,1,1,2,10,0.181455,0.185354,0,0.5,0.000168
20929,,67,0,1,1,0,1,1,9,0.218335,0.225066,0,0,0
23475,,16,1,1,2,1,1,2,8,0.239015,0.246291,0,1,0.000205
28516,,16,1,0,1,1,0,1,0,0,0,0,0,0.000205
20933,,7,0,1,1,0,1,1,9,0.207584,0.212998,0,0,0
20935,,7,0,2,2,0,2,2,9,0.224428,0.231586,0,0,0
20936,,7,0,1,1,0,1,1,1,1,1,0,0,0
20942,,7,0,1,1,0,1,1,8,0.245108,0.253561,0,0,0
20943,,356,0,2,2,0,2,2,9,0.19247,0.196725,0,0,0
20944,,356,1,0,1,1,0,1,0,0,0,0,0,0.000168
20945,,7,0,1,1,0,1,1,10,0.184311,0.187914,0,0,0
20946,,7,0,2,2,0,2,2,8,0.234585,0.24247,0,0.5,0
20947,,1,0,2,2,0,2,2,9,0.187834,0.192117,0,0,0
20949,,7,0,1,1,0,1,1,8,0.262756,0.273466,0,0,0
20950,,1,0,2,2,0,2,2,10,0.181462,0.185397,0,0.5,0
20951,,357,0,1,1,0,1,1,1,1,1,0,0,0
20952,,357,1,0,1,1,0,1,0,0,0,0,0,0.000168
20956,,16,0,3,3,0,3,3,8,0.23243,0.240804,0,0.666667,0
20957,,16,1,2,3,1,2,3,8,0.232421,0.240763,0,0.666667,0.000168
20959,,16,0,1,1,0,1,1,9,0.189698,0.193969,0,0,0
20960,,32,0,1,1,0,1,1,9,0.220586,0.226784,0,0,0
20962,,41,0,1,1,0,1,1,10,0.174198,0.17752,0,0,0
20963,,7,0,1,1,0,1,1,9,0.238286,0.246733,0,0,0
20965,,16,0,1,1,0,1,1,8,0.246659,0.25616,0,0,0
20971,,16,0,1,1,0,1,1,8,0.235179,0.242605,0,0,0
20972,,16,0,1,1,0,1,1,9,0.223331,0.229923,0,0,0
21179,,1,1,0,1,1,0,1,0,0,0,0,0,0.000196
20974,,7,0,2,2,0,2,2,8,0.265476,0.276809,0,1,0
20975,,7,0,1,1,0,1,1,9,0.232872,0.240708,0,0,0
20977,,16,1,0,1,1,0,1,0,0,0,0,0,0.000447
20978,,7,0,1,1,0,1,1,1,1,1,0,0,0
20979,,7,0,1,1,0,1,1,1,1,1,0,0,0
20980,,16,0,1,1,0,1,1,8,0.224596,0.231783,0,0,0
20981,,53,0,1,1,0,1,1,9,0.192763,0.197168,0,0,0
20983,,36,1,0,1,1,0,1,0,0,0,0,0,0.000179
27360,,41,1,1,2,1,1,2,9,0.227392,0.235286,0,1,0.000307
23221,,7,2,3,5,2,3,5,8,0.244005,0.252811,0,0.916667,0.000616
20986,,65,1,1,2,1,1,2,9,0.189918,0.193848,0,0.5,0.000168
20988,,1,1,0,1,1,0,1,0,0,0,0,0,0.000174
31339,,1,1,0,1,1,0,1,0,0,0,0,0,0.000174
20989,,36,0,2,2,0,2,2,9,0.218142,0.22449,0,0,0
26349,,65,1,0,1,1,0,1,0,0,0,0,0,0.000348
28564,,65,1,0,1,1,0,1,0,0,0,0,0,0.000348
30455,,65,1,0,1,1,0,1,0,0,0,0,0,0.000348
30553,,65,1,1,2,1,1,2,8,0.234434,0.242006,0,1,0.000348
31026,,65,3,3,6,3,3,6,9,0.217878,0.224,45301.116514,0.15,0.000695
20993,,7,0,1,1,0,1,1,8,0.262756,0.273466,0,0,0
20994,,7,0,1,1,0,1,1,9,0.198884,0.203512,0,0,0
20997,,22,0,1,1,0,1,1,9,0.196738,0.201165,0,0,0
20998,,16,0,1,1,0,1,1,9,0.218439,0.22522,0,0,0
21000,,7,0,1,1,0,1,1,8,0.238229,0.245889,0,0,0
21003,,7,0,1,1,0,1,1,9,0.233264,0.241028,0,0,0
25232,,16,1,3,4,1,3,4,8,0.252153,0.262343,1.083333,0.666667,0.00026
26545,,16,1,3,4,1,3,4,8,0.252153,0.262343,1.083333,0.666667,0.00026
21008,,16,0,2,2,0,2,2,9,0.213705,0.220109,0,0.5,0
21009,,7,0,1,1,0,1,1,9,0.223511,0.230581,0,0,0
21016,,16,0,1,1,0,1,1,9,0.220868,0.22796,0,0,0
21018,,7,0,1,1,0,1,1,9,0.216226,0.222221,0,0,0
21020,,7,0,1,1,0,1,1,9,0.218317,0.224658,0,0,0
21021,,7,0,1,1,0,1,1,8,0.244453,0.252822,0,0,0
21022,,22,0,1,1,0,1,1,9,0.21286,0.218905,0,0,0
21023,,67,0,2,2,0,2,2,8,0.241372,0.24934,0,0,0
21024,,16,0,1,1,0,1,1,9,0.206086,0.211843,0,0,0
21026,,16,0,1,1,0,1,1,8,0.244433,0.254493,0,0,0
21027,,16,0,1,1,0,1,1,9,0.211758,0.218061,0,0,0
21029,,7,0,2,2,0,2,2,9,0.238292,0.246768,0,0,0
21031,,41,0,1,1,0,1,1,8,0.257544,0.268689,0,0,0
21032,,16,0,1,1,0,1,1,8,0.239859,0.247713,0,0,0
21033,,7,0,2,2,0,2,2,10,0.175609,0.178894,0,0,0
21034,,7,0,2,2,0,2,2,8,0.24993,0.259355,0,0.5,0
21035,,67,0,1,1,0,1,1,9,0.193163,0.198082,0,0,0
21036,,36,0,2,2,0,2,2,9,0.208561,0.21386,0,0.5,0
21039,,16,0,1,1,0,1,1,8,0.235088,0.242513,0,0,0
21043,,7,0,2,2,0,2,2,9,0.213761,0.219936,0,0,0
21044,,7,0,1,1,0,1,1,9,0.218122,0.224516,0,0,0
21048,,7,0,1,1,0,1,1,9,0.21491,0.22074,0,0,0
21049,,7,0,1,1,0,1,1,9,0.221711,0.228654,0,0,0
21051,,16,0,2,2,0,2,2,9,0.231017,0.239409,0,0,0
21052,,7,0,2,2,0,2,2,8,0.239447,0.247365,0,0.5,0
21053,,7,0,1,1,0,1,1,9,0.220127,0.227165,0,0,0
21054,,7,0,1,1,0,1,1,9,0.215533,0.221823,0,0,0
21055,,41,0,1,1,0,1,1,8,0.257544,0.268689,0,0,0
21056,,7,0,1,1,0,1,1,1,1,1,0,0,0
21058,,7,0,1,1,0,1,1,8,0.238712,0.2466,0,0,0
21059,,16,0,1,1,0,1,1,9,0.186347,0.190202,0,0,0
21060,,7,0,1,1,0,1,1,9,0.216509,0.222584,0,0,0
21062,,16,0,1,1,0,1,1,8,0.235088,0.242513,0,0,0
21065,,41,0,1,1,0,1,1,1,1,1,0,0,0
21067,,67,0,1,1,0,1,1,3,0.5,0.583333,0,0,0
21070,,16,0,1,1,0,1,1,9,0.228869,0.236881,0,0,0
21072,,16,1,2,3,1,2,3,9,0.20062,0.20609,95.629655,0,0.000219
21073,,16,0,3,3,0,3,3,8,0.232423,0.24079,0,0.833333,0
21075,,36,0,1,1,0,1,1,10,0.176789,0.180292,0,0,0
21076,,7,0,1,1,0,1,1,8,0.219148,0.22575,0,0,0
21077,,7,0,1,1,0,1,1,9,0.208335,0.21406,0,0,0
21080,,16,0,1,1,0,1,1,9,0.211236,0.217155,0,0,0
21081,,41,0,1,1,0,1,1,10,0.161485,0.163854,0,0,0
21083,,1,0,1,1,0,1,1,8,0.228936,0.236648,0,0,0
21086,,16,0,2,2,0,2,2,8,0.23104,0.239115,0,0.5,0
21089,,12,0,1,1,0,1,1,9,0.216998,0.223279,0,0,0
21091,,16,0,2,2,0,2,2,8,0.243677,0.252251,0,0.5,0
21092,,7,0,1,1,0,1,1,9,0.218185,0.224605,0,0,0
21094,,41,0,2,2,0,2,2,9,0.212647,0.218547,0,0,0
21096,,7,0,3,3,0,3,3,8,0.262848,0.274125,0,0.333333,0
21097,,1,0,2,2,0,2,2,9,0.219608,0.226248,0,0.5,0
21098,,7,0,1,1,0,1,1,8,0.240389,0.247695,0,0,0
21099,,7,0,3,3,0,3,3,8,0.266136,0.277638,0,0.333333,0
21102,,16,0,1,1,0,1,1,8,0.235088,0.242513,0,0,0
21951,,67,1,0,1,1,0,1,0,0,0,0,0,0.000239
21952,,67,1,0,1,1,0,1,0,0,0,0,0,0.000239
21953,,67,3,1,4,3,1,4,9,0.199358,0.204445,18824,0.333333,0.000586
21954,,67,1,0,1,1,0,1,0,0,0,0,0,0.000239
22315,,67,2,2,4,2,2,4,10,0.166228,0.169168,25975.5,0.333333,0.000413
21680,,67,1,2,3,1,2,3,9,0.199362,0.204481,0,0.5,0.000239
23991,,67,1,1,2,1,1,2,9,0.199358,0.204445,0,0,0.000239
27001,,67,1,0,1,1,0,1,0,0,0,0,0,0.000239
27002,,67,1,0,1,1,0,1,0,0,0,0,0,0.000239
28973,,67,1,0,1,1,0,1,0,0,0,0,0,0.000239
33735,,67,1,0,1,1,0,1,0,0,0,0,0,0.000239
33977,,67,1,0,1,1,0,1,0,0,0,0,0,0.000239
33988,,67,1,0,1,1,0,1,0,0,0,0,0,0.000239
21107,,7,0,2,2,0,2,2,9,0.206314,0.211668,0,0,0
21110,,36,0,1,1,0,1,1,10,0.179305,0.182808,0,0,0
21112,,16,0,2,2,0,2,2,9,0.224594,0.232106,0,0,0
21113,,16,0,1,1,0,1,1,8,0.235824,0.242716,0,0,0
21114,,16,0,1,1,0,1,1,8,0.234266,0.242061,0,0,0
21121,,7,0,1,1,0,1,1,9,0.228844,0.235796,0,0,0
21124,,41,0,1,1,0,1,1,8,0.257544,0.268689,0,0,0
21126,,7,0,6,6,0,6,6,7,0.294149,0.308749,0,0.333333,0
21130,,25,0,1,1,0,1,1,9,0.225635,0.232826,0,0,0
21131,,358,0,1,1,0,1,1,2,0.666667,0.75,0,0,0
21132,,358,1,1,2,1,1,2,1,1,1,1,0,0.000168
21133,,7,0,1,1,0,1,1,8,0.261475,0.272568,0,0,0
21134,,7,0,1,1,0,1,1,8,0.262756,0.273466,0,0,0
21135,,16,0,1,1,0,1,1,8,0.227034,0.234934,0,0,0
21136,,41,0,1,1,0,1,1,8,0.257544,0.268689,0,0,0
21137,,7,0,3,3,0,3,3,9,0.238052,0.246289,0,0,0
29260,,7,1,0,1,1,0,1,0,0,0,0,0,0.000168
21140,,44,0,1,1,0,1,1,1,1,1,0,0,0
21144,,7,0,1,1,0,1,1,9,0.226164,0.233246,0,0,0
21145,,1,0,3,3,0,3,3,8,0.265982,0.277322,0,0.5,0
21146,,16,0,1,1,0,1,1,9,0.209599,0.215923,0,0,0
21147,,16,0,1,1,0,1,1,9,0.187821,0.191829,0,0,0
21148,,16,0,2,2,0,2,2,8,0.238166,0.247485,0,1,0
21150,,16,0,1,1,0,1,1,10,0.180648,0.184386,0,0,0
21151,,16,0,2,2,0,2,2,8,0.276331,0.289272,0,0,0
21152,,53,0,1,1,0,1,1,9,0.193431,0.198111,0,0,0
21153,,7,0,1,1,0,1,1,8,0.263743,0.27463,0,0,0
21154,,41,0,1,1,0,1,1,9,0.214299,0.220211,0,0,0
21155,,7,0,1,1,0,1,1,8,0.242475,0.25106,0,0,0
21156,,16,0,1,1,0,1,1,9,0.19741,0.202675,0,0,0
21157,,7,0,1,1,0,1,1,1,1,1,0,0,0
21159,,359,0,1,1,0,1,1,1,1,1,0,0,0
21160,,359,1,0,1,1,0,1,0,0,0,0,0,0.000168
21163,,7,0,9,9,0,9,9,8,0.268876,0.280783,0,0.375,0
21165,,1,0,2,2,0,2,2,9,0.187834,0.192117,0,0,0
21166,,360,0,1,1,0,1,1,1,1,1,0,0,0
21167,,360,1,0,1,1,0,1,0,0,0,0,0,0.000168
21168,,16,0,1,1,0,1,1,9,0.198052,0.202701,0,0,0
21169,,53,0,2,2,0,2,2,8,0.224757,0.232567,0,0.5,0
21172,,7,0,1,1,0,1,1,8,0.245108,0.253561,0,0,0
21173,,1,0,1,1,0,1,1,8,0.230918,0.237946,0,0,0
21174,,16,0,1,1,0,1,1,8,0.236167,0.244733,0,0,0
21176,,81,0,1,1,0,1,1,1,1,1,0,0,0
21178,,41,0,1,1,0,1,1,9,0.215313,0.221009,0,0,0
21180,,7,0,1,1,0,1,1,9,0.21491,0.22074,0,0,0
21181,,7,0,1,1,0,1,1,8,0.245108,0.253561,0,0,0
21183,,65,0,1,1,0,1,1,8,0.234438,0.242011,0,0,0
21184,,7,0,1,1,0,1,1,8,0.224983,0.23254,0,0,0
21185,,65,0,1,1,0,1,1,8,0.234438,0.242011,0,0,0
21186,,53,0,1,1,0,1,1,10,0.177974,0.18159,0,0,0
21191,,7,0,1,1,0,1,1,9,0.188103,0.192508,0,0,0
21192,,7,0,5,5,0,5,5,8,0.258003,0.268645,0,0.3,0
21193,,7,0,1,1,0,1,1,9,0.188504,0.192408,0,0,0
21197,,14,0,2,2,0,2,2,9,0.226249,0.233109,0,0,0
35275,,14,1,1,2,1,1,2,11,0.165113,0.167927,1.023234,0,0.000168
21198,,12,0,1,1,0,1,1,10,0.164896,0.168023,0,0,0
21199,,7,0,1,1,0,1,1,8,0.244564,0.253553,0,0,0
21200,,41,0,1,1,0,1,1,9,0.234736,0.243231,0,0,0
21201,,1,0,1,1,0,1,1,8,0.242388,0.250662,0,0,0
21203,,361,0,1,1,0,1,1,1,1,1,0,0,0
21204,,361,1,0,1,1,0,1,0,0,0,0,0,0.000168
21205,,41,0,1,1,0,1,1,9,0.192594,0.197317,0,0,0
21207,,81,0,1,1,0,1,1,9,0.224787,0.232402,0,0,0
21210,,14,0,3,3,0,3,3,8,0.252092,0.262618,0,0.333333,0
21214,,7,0,1,1,0,1,1,8,0.262756,0.273466,0,0,0
21216,,67,0,2,2,0,2,2,8,0.240336,0.249402,0,0.5,0
21220,,7,0,1,1,0,1,1,9,0.207609,0.212853,0,0,0
21221,,14,0,1,1,0,1,1,8,0.239334,0.24682,0,0,0
21222,,7,0,2,2,0,2,2,8,0.242635,0.251327,0,1,0
21223,,7,0,1,1,0,1,1,8,0.255022,0.264509,0,0,0
21225,,364,1,1,2,1,1,2,9,0.21491,0.22074,18827,0,0.000168
21226,,7,0,1,1,0,1,1,8,0.265449,0.276753,0,0,0
21227,,362,0,1,1,0,1,1,1,1,1,0,0,0
21228,,362,1,0,1,1,0,1,0,0,0,0,0,0.000168
21229,,7,0,1,1,0,1,1,8,0.238712,0.2466,0,0,0
21230,,7,0,1,1,0,1,1,9,0.207609,0.212853,0,0,0
21231,,16,0,2,2,0,2,2,9,0.232964,0.240983,0,0,0
21232,,16,0,1,1,0,1,1,9,0.206416,0.212345,0,0,0
21235,,7,0,1,1,0,1,1,8,0.231854,0.238737,0,0,0
21238,,7,0,1,1,0,1,1,8,0.252153,0.261614,0,0,0
21239,,16,0,1,1,0,1,1,9,0.209851,0.215904,0,0,0
21241,,7,0,1,1,0,1,1,8,0.225373,0.231994,0,0,0
21242,,7,0,2,2,0,2,2,8,0.239374,0.247185,0,0,0
21243,,7,0,1,1,0,1,1,9,0.231387,0.239068,0,0,0
21245,,41,0,2,2,0,2,2,8,0.257554,0.268727,0,0,0
21247,,41,1,0,1,1,0,1,0,0,0,0,0,0.000168
21248,,16,0,6,6,0,6,6,8,0.250903,0.262637,0,0.433333,0
22335,,16,1,0,1,1,0,1,0,0,0,0,0,0.000168
21249,,7,0,1,1,0,1,1,8,0.242475,0.25106,0,0,0
21252,,65,0,1,1,0,1,1,8,0.236841,0.24458,0,0,0
21254,,7,0,1,1,0,1,1,8,0.243014,0.252183,0,0,0
21255,,363,0,2,2,0,2,2,9,0.232781,0.240368,0,0,0
31363,,363,1,0,1,1,0,1,0,0,0,0,0,0.000168
22292,,16,1,1,2,1,1,2,9,0.209027,0.21526,0,0,0.000389
21257,,16,0,1,1,0,1,1,9,0.23567,0.243316,0,0,0
21258,,7,0,1,1,0,1,1,1,1,1,0,0,0
21261,,16,0,1,1,0,1,1,1,1,1,0,0,0
21262,,7,0,1,1,0,1,1,8,0.262756,0.273466,0,0,0
21264,,12,0,1,1,0,1,1,10,0.164896,0.168023,0,0,0
27976,,16,1,1,2,1,1,2,9,0.224568,0.231932,275.149664,0,0.000479
21268,,16,0,1,1,0,1,1,8,0.234514,0.24306,0,0,0
21271,,16,0,1,1,0,1,1,8,0.251382,0.261452,0,0,0
21273,,16,0,1,1,0,1,1,9,0.224454,0.231835,0,0,0
21275,,364,0,1,1,0,1,1,10,0.176902,0.180121,0,0,0
21276,,41,0,2,2,0,2,2,8,0.2207,0.227763,0,0.5,0
21278,,41,0,2,2,0,2,2,9,0.235818,0.243924,0,0,0
21279,,67,2,4,6,2,4,6,8,0.249298,0.25894,37747.636191,0.1,0.000365
21282,,7,0,1,1,0,1,1,10,0.184311,0.187914,0,0,0
21283,,7,0,2,2,0,2,2,9,0.227979,0.235482,0,1,0
21284,,7,0,1,1,0,1,1,9,0.213084,0.219122,0,0,0
26237,,7,2,0,2,2,0,2,0,0,0,0,0,0.000519
21286,,12,0,1,1,0,1,1,10,0.164664,0.167567,0,0,0
21289,,7,0,2,2,0,2,2,8,0.253566,0.263861,0,0.5,0
21290,,41,0,1,1,0,1,1,8,0.257544,0.268689,0,0,0
26859,,16,1,1,2,1,1,2,9,0.236659,0.245195,0,0.5,0.000209
21294,,7,0,1,1,0,1,1,8,0.238712,0.2466,0,0,0
21295,,16,0,1,1,0,1,1,8,0.232829,0.239934,0,0,0
21296,,65,0,1,1,0,1,1,9,0.203687,0.209161,0,0,0
21297,,7,0,1,1,0,1,1,9,0.223336,0.230404,0,0,0
21298,,7,0,1,1,0,1,1,9,0.225654,0.232938,0,0,0
21300,,7,0,2,2,0,2,2,8,0.23981,0.247728,0,0,0
21303,,1,0,1,1,0,1,1,9,0.188129,0.192402,0,0,0
21307,,7,0,3,3,0,3,3,8,0.253562,0.2636,0,0.166667,0
21308,,7,1,0,1,1,0,1,0,0,0,0,0,0.000168
21309,,7,0,1,1,0,1,1,9,0.226897,0.234639,0,0,0
21311,,7,0,3,3,0,3,3,8,0.248014,0.25687,0,0.333333,0
21312,,441,0,1,1,0,1,1,2,0.666667,0.75,0,0,0
21313,,441,1,1,2,1,1,2,1,1,1,1,0,0.000168
24859,,441,5,0,5,5,0,5,0,0,0,0,0,0.000845
21316,,36,0,2,2,0,2,2,9,0.220449,0.227488,0,0.5,0
21317,,7,0,5,5,0,5,5,8,0.26034,0.271863,0,0.4,0
21321,,16,1,1,2,1,1,2,9,0.236656,0.245191,0,1,0.000197
21323,,16,0,1,1,0,1,1,8,0.235088,0.242513,0,0,0
35721,,7,1,0,1,1,0,1,0,0,0,0,0,0.000222
21326,,7,0,1,1,0,1,1,8,0.262756,0.273466,0,0,0
21327,,7,0,5,5,0,5,5,8,0.25317,0.263512,0,0.4,0
21328,,7,0,2,2,0,2,2,8,0.247213,0.255868,0,1,0
21330,,16,0,1,1,0,1,1,9,0.218746,0.225273,0,0,0
21331,,7,0,1,1,0,1,1,8,0.238712,0.2466,0,0,0
21332,,53,0,1,1,0,1,1,9,0.220297,0.227161,0,0,0
21333,,67,0,1,1,0,1,1,9,0.218335,0.225066,0,0,0
21334,,7,0,1,1,0,1,1,8,0.238712,0.2466,0,0,0
21335,,67,0,1,1,0,1,1,9,0.218335,0.225066,0,0,0
21336,,7,0,2,2,0,2,2,8,0.251944,0.262092,0,0,0
24497,,7,1,0,1,1,0,1,0,0,0,0,0,0.000617
27447,,7,1,0,1,1,0,1,0,0,0,0,0,0.000617
27448,,7,1,0,1,1,0,1,0,0,0,0,0,0.000617
21339,,2,0,1,1,0,1,1,8,0.235818,0.243199,0,0,0
21340,,16,1,1,2,1,1,2,8,0.2284,0.235296,18827,0,0.000168
21341,,7,0,2,2,0,2,2,9,0.214318,0.220253,0,0,0
21342,,7,0,3,3,0,3,3,8,0.256583,0.266709,0,0.333333,0
21343,,65,0,1,1,0,1,1,9,0.208155,0.213697,0,0,0
21344,,12,0,13,13,0,13,13,9,0.19433,0.199565,0,0.173077,0
23816,,12,1,0,1,1,0,1,0,0,0,0,0,0.000168
27344,,12,1,5,6,1,5,6,11,0.141613,0.143831,1.5,0.133333,0.000168
31926,,12,1,8,9,1,8,9,9,0.198866,0.204332,203.233164,0.305556,0.000168
21347,,16,0,1,1,0,1,1,8,0.233638,0.242002,0,0,0
21348,,67,0,1,1,0,1,1,9,0.218335,0.225066,0,0,0
21349,,67,0,1,1,0,1,1,9,0.218335,0.225066,0,0,0
21350,,41,0,3,3,0,3,3,7,0.299126,0.31462,0,0.5,0
21352,,7,0,4,4,0,4,4,8,0.236058,0.244427,0,0,0
21353,,16,0,1,1,0,1,1,8,0.239859,0.247713,0,0,0
21354,,53,0,1,1,0,1,1,9,0.206357,0.211863,0,0,0
21355,,7,0,1,1,0,1,1,8,0.239365,0.2474,0,0,0
21356,,7,0,1,1,0,1,1,8,0.239365,0.2474,0,0,0
21364,,41,0,1,1,0,1,1,8,0.231378,0.23929,0,0,0
21365,,7,0,18,18,0,18,18,8,0.284998,0.299396,0,0.186275,0
21366,,7,0,1,1,0,1,1,8,0.247779,0.256716,0,0,0
28082,,16,1,3,4,1,3,4,8,0.242132,0.250116,43.493317,0.666667,0.000246
30047,,16,1,2,3,1,2,3,9,0.223401,0.230464,612.603729,0,0.000246
21368,,7,0,1,1,0,1,1,9,0.224527,0.231924,0,0,0
21369,,7,0,1,1,0,1,1,9,0.224527,0.231924,0,0,0
21370,,7,0,1,1,0,1,1,9,0.224527,0.231924,0,0,0
21371,,7,0,1,1,0,1,1,9,0.224527,0.231924,0,0,0
32780,,16,1,2,3,1,2,3,9,0.205204,0.211052,0,0.5,0.000273
30097,,16,1,0,1,1,0,1,0,0,0,0,0,0.000199
21377,,14,0,1,1,0,1,1,1,1,1,0,0,0
21378,,7,0,1,1,0,1,1,9,0.231199,0.238812,0,0,0
21379,,7,0,1,1,0,1,1,10,0.188274,0.192503,0,0,0
21382,,16,0,1,1,0,1,1,9,0.212696,0.2189,0,0,0
21383,,16,0,1,1,0,1,1,9,0.199175,0.203587,0,0,0
21386,,7,0,1,1,0,1,1,8,0.262756,0.273466,0,0,0
21387,,16,0,1,1,0,1,1,8,0.234514,0.24306,0,0,0
21388,,67,0,1,1,0,1,1,2,0.666667,0.75,0,0,0
21390,,16,1,2,3,1,2,3,9,0.210899,0.21648,0,0.5,0.000173
21391,,16,1,2,3,1,2,3,9,0.210899,0.21648,0,0.5,0.000173
21395,,41,0,1,1,0,1,1,11,0.160352,0.163035,0,0,0
21396,,14,0,1,1,0,1,1,9,0.202628,0.207532,0,0,0
21397,,7,0,1,1,0,1,1,7,0.293553,0.307954,0,0,0
21398,,16,0,1,1,0,1,1,9,0.209851,0.215904,0,0,0
21399,,65,0,1,1,0,1,1,9,0.208155,0.213697,0,0,0
21400,,16,0,1,1,0,1,1,9,0.22883,0.235861,0,0,0
21403,,7,1,2,3,1,2,3,9,0.234289,0.24279,18827,0,0.000168
21405,,7,0,1,1,0,1,1,8,0.240656,0.249158,0,0,0
21407,,7,0,1,1,0,1,1,9,0.222499,0.229441,0,0,0
21408,,41,0,1,1,0,1,1,8,0.257544,0.268689,0,0,0
21410,,16,0,2,2,0,2,2,9,0.219296,0.22556,0,0.5,0
21414,,67,0,1,1,0,1,1,10,0.171114,0.174393,0,0,0
21543,,67,1,1,2,1,1,2,10,0.171108,0.174375,0,0,0.000196
24066,,67,1,0,1,1,0,1,0,0,0,0,0,0.000196
30432,,67,1,1,2,1,1,2,10,0.174562,0.17797,108.007245,0,0.000196
21418,,41,0,1,1,0,1,1,8,0.257544,0.268689,0,0,0
21423,,16,0,1,1,0,1,1,9,0.227687,0.23488,0,0,0
21425,,16,0,1,1,0,1,1,9,0.223681,0.230334,0,0,0
21426,,7,0,1,1,0,1,1,9,0.217772,0.224194,0,0,0
27103,,16,1,1,2,1,1,2,9,0.21588,0.222155,0,0,0.000262
21428,,7,0,1,1,0,1,1,8,0.229363,0.236176,0,0,0
21430,,16,0,2,2,0,2,2,9,0.236514,0.245144,0,1,0
21433,,12,0,1,1,0,1,1,10,0.17209,0.175207,0,0,0
21434,,7,0,1,1,0,1,1,8,0.242475,0.25106,0,0,0
21435,,41,0,2,2,0,2,2,8,0.257961,0.269243,0,1,0
21436,,16,0,1,1,0,1,1,9,0.20086,0.206192,0,0,0
21440,,69,0,2,2,0,2,2,10,0.188787,0.193014,0,0,0
21444,,1,0,1,1,0,1,1,9,0.223974,0.230994,0,0,0
21446,,41,0,2,2,0,2,2,8,0.242307,0.251132,0,1,0
21448,,16,0,1,1,0,1,1,9,0.221716,0.228438,0,0,0
21449,,7,0,1,1,0,1,1,9,0.226025,0.232676,0,0,0
21451,,7,0,1,1,0,1,1,9,0.209622,0.215035,0,0,0
21454,,16,0,2,2,0,2,2,9,0.230898,0.239198,0,1,0
21455,,41,0,2,2,0,2,2,8,0.25194,0.262161,0,0.5,0
25869,,7,1,1,2,1,1,2,9,0.221271,0.228096,0,0,0.000309
21458,,365,0,1,1,0,1,1,1,1,1,0,0,0
21460,,40,0,2,2,0,2,2,2,0.583333,0.642857,0,1,0
21461,,16,0,1,1,0,1,1,9,0.226657,0.233753,0,0,0
21462,,67,0,5,5,0,5,5,9,0.214896,0.221031,0,0.3,0
21464,,366,0,1,1,0,1,1,1,1,1,0,0,0
21465,,366,1,0,1,1,0,1,0,0,0,0,0,0.000168
21468,,7,0,1,1,0,1,1,8,0.233056,0.241283,0,0,0
21469,,16,0,1,1,0,1,1,9,0.219293,0.225533,0,0,0
21470,,7,0,1,1,0,1,1,9,0.200939,0.205413,0,0,0
21471,,41,0,2,2,0,2,2,9,0.234742,0.243266,0,0,0
21472,,16,0,2,2,0,2,2,8,0.246127,0.255097,0,0.5,0
21473,,7,0,1,1,0,1,1,1,1,1,0,0,0
21476,,7,0,1,1,0,1,1,8,0.251452,0.260347,0,0,0
21479,,41,0,1,1,0,1,1,10,0.161485,0.163854,0,0,0
21482,,41,0,1,1,0,1,1,8,0.257544,0.268689,0,0,0
21483,,16,0,1,1,0,1,1,9,0.193181,0.197406,0,0,0
21484,,367,0,1,1,0,1,1,1,1,1,0,0,0
21485,,367,1,0,1,1,0,1,0,0,0,0,0,0.000168
21486,,41,0,1,1,0,1,1,9,0.234736,0.243231,0,0,0
21487,,41,0,1,1,0,1,1,8,0.257544,0.268689,0,0,0
21488,,7,0,1,1,0,1,1,10,0.181361,0.18505,0,0,0
21489,,16,0,1,1,0,1,1,9,0.205347,0.210863,0,0,0
21491,,16,0,1,1,0,1,1,8,0.236167,0.244733,0,0,0
21492,,16,0,2,2,0,2,2,8,0.24166,0.249657,0,0,0
21493,,7,0,1,1,0,1,1,1,1,1,0,0,0
21497,,67,5,1,6,5,1,6,12,0.131526,0.132981,75304,0,0.000865
21498,,7,0,1,1,0,1,1,8,0.268673,0.280312,0,0,0
21499,,7,0,1,1,0,1,1,8,0.229363,0.236176,0,0,0
22635,,1,2,0,2,2,0,2,0,0,0,0,0.5,0.000371
21501,,7,0,1,1,0,1,1,9,0.226164,0.233246,0,0,0
21504,,1,0,1,1,0,1,1,10,0.191764,0.196581,0,0,0
21506,,7,0,1,1,0,1,1,8,0.251523,0.26155,0,0,0
21507,,36,0,1,1,0,1,1,10,0.177766,0.181329,0,0,0
21508,,1,0,1,1,0,1,1,8,0.229903,0.23657,0,0,0
21510,,16,0,1,1,0,1,1,9,0.218446,0.22478,0,0,0
21512,,368,0,1,1,0,1,1,10,0.180455,0.184289,0,0,0
21513,,65,0,1,1,0,1,1,9,0.213606,0.219549,0,0,0
21515,,69,0,1,1,0,1,1,9,0.232711,0.240726,0,0,0
21516,,67,0,3,3,0,3,3,9,0.227028,0.234641,0,0.333333,0
21517,,12,0,2,2,0,2,2,10,0.172092,0.175233,0,1,0
21518,,41,0,2,2,0,2,2,9,0.210718,0.216593,0,0,0
21521,,12,0,1,1,0,1,1,9,0.195516,0.200039,0,0,0
21523,,7,0,1,1,0,1,1,9,0.211205,0.216871,0,0,0
21524,,14,0,1,1,0,1,1,8,0.25615,0.266929,0,0,0
21525,,16,0,1,1,0,1,1,9,0.238773,0.247361,0,0,0
21526,,7,0,1,1,0,1,1,8,0.261475,0.272568,0,0,0
22683,,7,2,0,2,2,0,2,0,0,0,0,0.5,0.000606
21529,,16,0,1,1,0,1,1,8,0.227034,0.234934,0,0,0
21530,,16,0,1,1,0,1,1,9,0.216719,0.222904,0,0,0
21531,,1,0,1,1,0,1,1,9,0.222605,0.230046,0,0,0
21533,,81,0,1,1,0,1,1,8,0.230811,0.237501,0,0,0
21534,,53,0,1,1,0,1,1,10,0.180859,0.184612,0,0,0
21540,,7,0,2,2,0,2,2,8,0.217701,0.223647,0,0,0
21542,,7,0,1,1,0,1,1,9,0.193032,0.196903,0,0,0
21544,,16,0,1,1,0,1,1,9,0.202683,0.207746,0,0,0
21545,,7,0,1,1,0,1,1,8,0.261475,0.272568,0,0,0
21546,,7,0,1,1,0,1,1,9,0.214123,0.219985,0,0,0
21547,,7,0,2,2,0,2,2,8,0.262437,0.273775,0,0.5,0
21550,,16,0,1,1,0,1,1,8,0.23897,0.247046,0,0,0
21929,,7,2,3,5,2,3,5,8,0.270248,0.282112,40.946791,0.25,0.00035
22890,,22,1,1,2,1,1,2,8,0.23384,0.241446,70.594617,0,0.000182
24100,,16,1,1,2,1,1,2,9,0.210643,0.216003,3.204855,0,0.000182
23571,,7,3,11,14,3,11,14,8,0.275081,0.288352,34743.102287,0.087912,0.000566
24175,,7,1,0,1,1,0,1,0,0,0,0,0,0.000182
21556,,7,0,1,1,0,1,1,10,0.179156,0.182314,0,0,0
21560,,1,0,1,1,0,1,1,8,0.230918,0.237946,0,0,0
21561,,7,0,1,1,0,1,1,9,0.216611,0.2225,0,0,0
21562,,16,0,1,1,0,1,1,9,0.238304,0.246341,0,0,0
21564,,36,0,1,1,0,1,1,9,0.216199,0.222536,0,0,0
21566,,7,0,1,1,0,1,1,8,0.261475,0.272568,0,0,0
21567,,7,0,1,1,0,1,1,9,0.221481,0.227789,0,0,0
21568,,7,0,1,1,0,1,1,8,0.234991,0.243288,0,0,0
21569,,7,0,1,1,0,1,1,9,0.228104,0.235296,0,0,0
21571,,69,0,1,1,0,1,1,9,0.232711,0.240726,0,0,0
21575,,16,0,1,1,0,1,1,8,0.233638,0.242002,0,0,0
21576,,67,1,1,2,1,1,2,1,1,1,0,0,0.000178
21577,,67,2,1,3,2,1,3,1,1,1,25976,0,0.000351
21580,,16,0,1,1,0,1,1,1,1,1,0,0,0
21581,,7,1,1,2,1,1,2,9,0.231387,0.239068,5894.004861,0,0.000168
21583,,16,0,1,1,0,1,1,8,0.238151,0.247423,0,0,0
21585,,36,1,2,3,1,2,3,9,0.187732,0.192035,37649,0,0.000178
24711,,81,1,1,2,1,1,2,12,0.128766,0.130219,0,0,0.000207
30813,,81,1,0,1,1,0,1,0,0,0,0,0,0.000207
30914,,81,1,0,1,1,0,1,0,0,0,0,0,0.000207
21588,,16,0,1,1,0,1,1,9,0.217802,0.223808,0,0,0
21590,,7,0,1,1,0,1,1,8,0.267661,0.278922,0,0,0
21591,,16,0,1,1,0,1,1,8,0.251382,0.261452,0,0,0
21592,,1,0,1,1,0,1,1,9,0.196029,0.200809,0,0,0
21593,,7,0,2,2,0,2,2,9,0.233065,0.240634,0,0.5,0
21594,,16,0,1,1,0,1,1,8,0.239018,0.246295,0,0,0
21595,,16,0,1,1,0,1,1,9,0.213504,0.219764,0,0,0
21596,,16,0,1,1,0,1,1,9,0.218439,0.22522,0,0,0
21597,,7,0,1,1,0,1,1,9,0.215082,0.221433,0,0,0
21599,,16,0,1,1,0,1,1,8,0.227034,0.234934,0,0,0
21601,,7,0,1,1,0,1,1,9,0.224744,0.232057,0,0,0
21602,,16,0,2,2,0,2,2,8,0.263994,0.275455,0,1,0
21604,,7,0,1,1,0,1,1,10,0.178303,0.181862,0,0,0
21605,,16,0,1,1,0,1,1,8,0.244433,0.254493,0,0,0
21607,,1,0,1,1,0,1,1,10,0.165648,0.168424,0,0,0
21610,,369,0,1,1,0,1,1,1,1,1,0,0,0
21611,,369,1,0,1,1,0,1,0,0,0,0,0,0.000168
21612,,370,0,1,1,0,1,1,1,1,1,0,0,0
21613,,370,2,0,2,2,0,2,0,0,0,0,0,0.000336
21614,,370,0,1,1,0,1,1,1,1,1,0,0,0
21616,,16,0,1,1,0,1,1,9,0.224337,0.231339,0,0,0
21617,,41,0,1,1,0,1,1,9,0.211575,0.217218,0,0,0
21618,,7,0,1,1,0,1,1,8,0.222815,0.22996,0,0,0
21619,,7,0,1,1,0,1,1,8,0.223508,0.229876,0,0,0
21620,,7,0,1,1,0,1,1,8,0.230339,0.23724,0,0,0
21622,,7,0,2,2,0,2,2,9,0.223787,0.230774,0,1,0
21623,,41,0,2,2,0,2,2,9,0.212295,0.218214,0,0,0
21624,,41,1,2,3,1,2,3,8,0.253853,0.263843,7072.090922,0,0.000168
21625,,371,0,1,1,0,1,1,1,1,1,0,0,0
21626,,371,1,0,1,1,0,1,0,0,0,0,0,0.000168
21627,,372,0,2,2,0,2,2,9,0.218851,0.22509,0,0,0
21628,,372,1,0,1,1,0,1,0,0,0,0,0,0.000168
21630,,7,0,1,1,0,1,1,8,0.248761,0.257751,0,0,0
21633,,41,1,3,4,1,3,4,9,0.218412,0.224726,12310.491027,0.166667,0.00018
21634,,7,0,1,1,0,1,1,8,0.236001,0.244609,0,0,0
21638,,373,1,1,2,1,1,2,1,1,1,0,0.5,0.000168
21639,,373,2,0,2,2,0,2,0,0,0,0,0.5,0.000341
21640,,41,0,1,1,0,1,1,8,0.229134,0.236292,0,0,0
21644,,7,0,1,1,0,1,1,9,0.227396,0.235291,0,0,0
21645,,1,0,1,1,0,1,1,9,0.191723,0.19603,0,0,0
21646,,16,0,1,1,0,1,1,8,0.232418,0.240737,0,0,0
21647,,67,0,1,1,0,1,1,8,0.240355,0.248397,0,0,0
21649,,373,0,2,2,0,2,2,1,1,1,0,0.5,0
21650,,16,0,1,1,0,1,1,10,0.19248,0.197046,0,0,0
21651,,69,1,2,3,1,2,3,9,0.19976,0.204996,0.5,0.5,0.000168
21653,,425,0,3,3,0,3,3,7,0.294473,0.30892,0,0.166667,0
24020,,425,2,1,3,2,1,3,9,0.209259,0.214889,118.012619,0,0.000336
21654,,374,0,1,1,0,1,1,1,1,1,0,0,0
21655,,374,1,0,1,1,0,1,0,0,0,0,0,0.000168
21660,,7,0,1,1,0,1,1,8,0.251523,0.26155,0,0,0
21665,,16,0,1,1,0,1,1,9,0.216577,0.223322,0,0,0
21667,,36,0,1,1,0,1,1,9,0.185544,0.189571,0,0,0
21670,,7,0,1,1,0,1,1,9,0.220178,0.227274,0,0,0
21672,,41,0,2,2,0,2,2,8,0.257548,0.268715,0,1,0
24844,,7,1,0,1,1,0,1,0,0,0,0,0,0.000302
24845,,7,1,0,1,1,0,1,0,0,0,0,0,0.000302
24846,,7,1,0,1,1,0,1,0,0,0,0,0,0.000302
25208,,7,1,0,1,1,0,1,0,0,0,0,0,0.000302
31636,,7,1,3,4,1,3,4,8,0.257253,0.267714,50.602252,0.083333,0.000302
21676,,7,0,1,1,0,1,1,8,0.262756,0.273466,0,0,0
21682,,25,0,2,2,0,2,2,8,0.264287,0.275779,0,0.5,0
21685,,7,0,1,1,0,1,1,8,0.244494,0.252927,0,0,0
21686,,41,0,1,1,0,1,1,9,0.195066,0.199384,0,0,0
21688,,7,0,1,1,0,1,1,7,0.293553,0.307954,0,0,0
21690,,7,0,3,3,0,3,3,8,0.265206,0.276383,0,0.5,0
21692,,39,1,1,2,1,1,2,9,0.226165,0.233248,52.961613,0,0.000259
25098,,39,1,1,2,1,1,2,9,0.209971,0.215412,0,0,0.000259
21693,,16,0,1,1,0,1,1,9,0.22643,0.233486,0,0,0
21695,,53,0,2,2,0,2,2,9,0.220612,0.227375,0,1,0
22639,,12,1,3,4,1,3,4,10,0.164909,0.168118,26166.202791,0.166667,0.000189
28482,,12,2,0,2,2,0,2,0,0,0,0,0.5,0.000373
32329,,12,1,1,2,1,1,2,10,0.177502,0.180756,0,1,0.000189
21697,,41,0,1,1,0,1,1,8,0.234941,0.243151,0,0,0
21699,,16,1,0,1,1,0,1,0,0,0,0,0,0.000285
30223,,16,1,0,1,1,0,1,0,0,0,0,0,0.000285
31912,,41,1,0,1,1,0,1,0,0,0,0,0,0.000173
21702,,7,0,1,1,0,1,1,9,0.214048,0.220095,0,0,0
21704,,7,0,1,1,0,1,1,10,0.174373,0.177609,0,0,0
21705,,32,0,1,1,0,1,1,8,0.234493,0.242444,0,0,0
21706,,36,0,1,1,0,1,1,9,0.204917,0.210355,0,0,0
21707,,36,0,2,2,0,2,2,9,0.215792,0.222409,0,0,0
21709,,50,1,0,1,1,0,1,0,0,0,0,0,0.000174
21710,,2,0,1,1,0,1,1,9,0.194532,0.19877,0,0,0
21712,,7,0,1,1,0,1,1,8,0.251523,0.26155,0,0,0
21714,,7,0,1,1,0,1,1,9,0.231387,0.239068,0,0,0
21715,,16,0,2,2,0,2,2,8,0.263994,0.275455,0,1,0
21716,,16,0,1,1,0,1,1,8,0.227034,0.234934,0,0,0
21718,,7,0,1,1,0,1,1,8,0.248761,0.257751,0,0,0
21719,,7,0,1,1,0,1,1,8,0.242475,0.25106,0,0,0
21723,,7,0,2,2,0,2,2,10,0.191909,0.196496,0,0,0
21726,,7,0,1,1,0,1,1,8,0.240785,0.248809,0,0,0
21728,,36,0,1,1,0,1,1,8,0.225838,0.233103,0,0,0
21729,,67,0,3,3,0,3,3,8,0.240371,0.248473,0,0.166667,0
21730,,67,1,1,2,1,1,2,8,0.240355,0.248397,0,0.5,0.000168
21735,,375,0,1,1,0,1,1,1,1,1,0,0,0
21736,,375,1,0,1,1,0,1,0,0,0,0,0,0.000168
21738,,16,0,1,1,0,1,1,1,1,1,0,0,0
21740,,16,0,1,1,0,1,1,9,0.199733,0.205084,0,0,0
21745,,14,0,3,3,0,3,3,8,0.247288,0.25596,0,0,0
21747,,376,0,2,2,0,2,2,1,1,1,0,0,0
21748,,376,1,0,1,1,0,1,0,0,0,0,0,0.000168
21749,,41,0,1,1,0,1,1,8,0.235753,0.244207,0,0,0
21750,,7,0,1,1,0,1,1,9,0.231387,0.239068,0,0,0
21753,,16,0,2,2,0,2,2,9,0.203945,0.209224,0,0,0
21754,,16,0,1,1,0,1,1,10,0.171061,0.174299,0,0,0
21755,,7,0,1,1,0,1,1,8,0.252153,0.261614,0,0,0
21756,,7,0,4,4,0,4,4,9,0.234877,0.243036,0,0.5,0
21757,,69,1,5,6,1,5,6,8,0.23311,0.241521,2679.013411,0.55,0.00018
21761,,67,0,1,1,0,1,1,13,0.116243,0.117269,0,0,0
21763,,16,0,1,1,0,1,1,8,0.239859,0.247713,0,0,0
21769,,14,0,3,3,0,3,3,8,0.263237,0.274111,0,0.333333,0
21770,,16,0,4,4,0,4,4,8,0.243224,0.252075,0,1,0
21772,,7,0,1,1,0,1,1,8,0.230345,0.238007,0,0,0
21773,,7,0,1,1,0,1,1,9,0.21447,0.220499,0,0,0
21776,,7,0,1,1,0,1,1,9,0.208927,0.214735,0,0,0
21777,,12,0,6,6,0,6,6,10,0.186506,0.190994,0,0.4,0
21778,,7,0,2,2,0,2,2,8,0.23512,0.2424,0,0.5,0
21780,,2,0,1,1,0,1,1,9,0.192836,0.197295,0,0,0
21781,,16,0,1,1,0,1,1,9,0.22643,0.233486,0,0,0
21782,,14,0,2,2,0,2,2,8,0.24909,0.25814,0,1,0
21785,,16,0,2,2,0,2,2,9,0.219227,0.225819,0,0,0
21786,,7,0,1,1,0,1,1,9,0.212509,0.218257,0,0,0
21787,,7,0,1,1,0,1,1,9,0.196522,0.201122,0,0,0
21789,,7,0,1,1,0,1,1,9,0.231387,0.239068,0,0,0
21791,,7,0,2,2,0,2,2,8,0.261613,0.272769,0,0.5,0
21792,,16,0,2,2,0,2,2,8,0.23617,0.244759,0,0.5,0
21793,,7,0,1,1,0,1,1,8,0.261475,0.272568,0,0,0
21796,,16,0,1,1,0,1,1,1,1,1,0,0,0
21800,,7,0,4,4,0,4,4,8,0.245376,0.255493,0,0.166667,0
21801,,14,0,1,1,0,1,1,9,0.204253,0.209483,0,0,0
21802,,69,2,11,13,2,11,13,8,0.230454,0.238758,4200.008573,0.141026,0.000383
21804,,1,0,1,1,0,1,1,9,0.19289,0.197529,0,0,0
21805,,7,0,2,2,0,2,2,8,0.224363,0.231666,0,0,0
21807,,16,0,1,1,0,1,1,10,0.179405,0.182979,0,0,0
21809,,377,0,1,1,0,1,1,1,1,1,0,0,0
21810,,377,1,0,1,1,0,1,0,0,0,0,0,0.000168
21812,,7,0,1,1,0,1,1,9,0.20921,0.214873,0,0,0
21815,,7,0,6,6,0,6,6,8,0.270472,0.282733,0,0.266667,0
21816,,7,0,1,1,0,1,1,9,0.226897,0.234639,0,0,0
21818,,41,0,1,1,0,1,1,8,0.257544,0.268689,0,0,0
21823,,7,0,1,1,0,1,1,8,0.261475,0.272568,0,0,0
21824,,7,0,1,1,0,1,1,9,0.238286,0.246733,0,0,0
21826,,16,0,1,1,0,1,1,9,0.204597,0.209988,0,0,0
21827,,16,0,1,1,0,1,1,9,0.204597,0.209988,0,0,0
21829,,7,0,1,1,0,1,1,1,1,1,0,0,0
21832,,16,0,1,1,0,1,1,9,0.199904,0.205446,0,0,0
21837,,16,0,1,1,0,1,1,8,0.232987,0.241273,0,0,0
21838,,12,0,2,2,0,2,2,9,0.229528,0.237141,0,0.5,0
21839,,1,0,1,1,0,1,1,8,0.247825,0.256545,0,0,0
21840,,7,0,1,1,0,1,1,1,1,1,0,0,0
21841,,7,0,1,1,0,1,1,10,0.166718,0.169204,0,0,0
21843,,41,0,1,1,0,1,1,9,0.214084,0.219917,0,0,0
21844,,7,0,1,1,0,1,1,9,0.203762,0.208979,0,0,0
21851,,7,0,3,3,0,3,3,8,0.24578,0.255229,0,0.166667,0
21852,,7,0,1,1,0,1,1,8,0.261475,0.272568,0,0,0
21855,,7,0,1,1,0,1,1,8,0.248302,0.257867,0,0,0
21856,,7,3,4,7,3,4,7,8,0.265301,0.277224,17011.90924,0.166667,0.000585
25117,,12,1,0,1,1,0,1,0,0,0,0,0,0.000282
31462,,12,1,12,13,1,12,13,10,0.164958,0.168535,137753.845362,0.189394,0.000282
33700,,12,1,0,1,1,0,1,0,0,0,0,0,0.000282
35537,,12,1,0,1,1,0,1,0,0,0,0,0,0.000282
21858,,7,0,1,1,0,1,1,10,0.188116,0.19232,0,0,0
21859,,16,0,1,1,0,1,1,9,0.22643,0.233486,0,0,0
21860,,16,0,1,1,0,1,1,9,0.223325,0.230342,0,0,0
21861,,378,0,1,1,0,1,1,1,1,1,0,0,0
21862,,378,1,0,1,1,0,1,0,0,0,0,0,0.000168
21863,,16,0,4,4,0,4,4,8,0.255223,0.266254,0,0.916667,0
21865,,69,0,1,1,0,1,1,9,0.215114,0.220919,0,0,0
21868,,41,0,1,1,0,1,1,8,0.242301,0.250673,0,0,0
21869,,1,0,2,2,0,2,2,8,0.231262,0.239418,0,1,0
21870,,7,0,1,1,0,1,1,9,0.206899,0.21256,0,0,0
21871,,2,1,4,5,1,4,5,8,0.260422,0.271275,18827,0.25,0.000173
28079,,2,1,1,2,1,1,2,9,0.206617,0.211843,0,0,0.000173
21877,,7,0,1,1,0,1,1,8,0.237622,0.245065,0,0,0
21878,,7,0,2,2,0,2,2,8,0.262826,0.273579,0,0,0
21879,,53,0,1,1,0,1,1,9,0.209963,0.21572,0,0,0
21881,,16,0,1,1,0,1,1,8,0.236167,0.244733,0,0,0
21883,,1,0,1,1,0,1,1,8,0.247825,0.256545,0,0,0
21884,,53,0,2,2,0,2,2,9,0.225511,0.233376,0,1,0
21886,,16,0,2,2,0,2,2,8,0.246124,0.255094,0,0,0
21887,,41,0,1,1,0,1,1,9,0.20937,0.214924,0,0,0
21890,,379,0,1,1,0,1,1,1,1,1,0,0,0
21891,,379,1,0,1,1,0,1,0,0,0,0,0,0.000168
21893,,16,0,3,3,0,3,3,8,0.240783,0.25034,0,0.333333,0
21896,,7,0,1,1,0,1,1,10,0.179156,0.182314,0,0,0
21898,,7,0,1,1,0,1,1,8,0.231928,0.239836,0,0,0
21899,,14,0,1,1,0,1,1,8,0.249084,0.258104,0,0,0
21900,,32,0,1,1,0,1,1,8,0.245851,0.255055,0,0,0
21901,,16,0,1,1,0,1,1,8,0.240389,0.248209,0,0,0
21904,,7,0,1,1,0,1,1,8,0.227308,0.234453,0,0,0
21905,,7,0,1,1,0,1,1,9,0.216594,0.222821,0,0,0
21907,,7,0,1,1,0,1,1,9,0.218246,0.224658,0,0,0
21909,,380,0,1,1,0,1,1,1,1,1,0,0,0
21910,,380,1,0,1,1,0,1,0,0,0,0,0,0.000168
21911,,12,0,2,2,0,2,2,9,0.205996,0.211277,0,0.5,0
21912,,1,0,1,1,0,1,1,8,0.238232,0.246371,0,0,0
21915,,16,0,1,1,0,1,1,8,0.251382,0.261452,0,0,0
21916,,7,0,1,1,0,1,1,9,0.231745,0.239907,0,0,0
21920,,41,0,1,1,0,1,1,8,0.235753,0.244207,0,0,0
21921,,7,0,1,1,0,1,1,9,0.220014,0.226627,0,0,0
21924,,53,0,1,1,0,1,1,9,0.220312,0.226978,0,0,0
21925,,16,0,1,1,0,1,1,8,0.226935,0.234515,0,0,0
21927,,7,0,2,2,0,2,2,9,0.220524,0.226815,0,0.5,0
21928,,7,0,1,1,0,1,1,8,0.251664,0.260845,0,0,0
21930,,7,0,36,36,0,36,36,8,0.287832,0.303702,0,0.083333,0
24191,,7,1,0,1,1,0,1,0,0,0,0,0,0.000168
21931,,41,0,2,2,0,2,2,8,0.236025,0.244593,0,1,0
21932,,41,1,2,3,1,2,3,8,0.239569,0.24848,18827,0,0.000168
21935,,7,0,1,1,0,1,1,8,0.234991,0.243288,0,0,0
21936,,36,0,1,1,0,1,1,9,0.219332,0.226151,0,0,0
21937,,16,0,1,1,0,1,1,9,0.197885,0.202269,0,0,0
27867,,7,1,0,1,1,0,1,0,0,0,0,0,0.000274
21939,,16,0,1,1,0,1,1,10,0.187905,0.192311,0,0,0
21940,,41,0,1,1,0,1,1,1,1,1,0,0,0
21943,,16,0,1,1,0,1,1,9,0.215951,0.221597,0,0,0
21944,,7,0,1,1,0,1,1,8,0.261475,0.272568,0,0,0
21945,,7,0,1,1,0,1,1,8,0.237667,0.245207,0,0,0
21946,,16,0,1,1,0,1,1,8,0.23897,0.247046,0,0,0
21947,,1,0,2,2,0,2,2,8,0.229017,0.236771,0,1,0
21949,,53,0,1,1,0,1,1,1,1,1,0,0,0
21955,,67,0,1,1,0,1,1,9,0.195853,0.200442,0,0,0
21956,,16,0,1,1,0,1,1,8,0.251382,0.261452,0,0,0
21957,,7,0,1,1,0,1,1,8,0.262756,0.273466,0,0,0
21959,,381,1,1,2,1,1,2,1,1,1,0,0,0.000179
21960,,7,0,2,2,0,2,2,8,0.241927,0.249731,0,0.5,0
21961,,382,2,2,4,2,2,4,8,0.272255,0.283832,11751.811183,0.333333,0.00036
21962,,382,4,5,9,4,5,9,8,0.2636,0.274623,27006.659376,0.047619,0.000687
30075,,382,1,0,1,1,0,1,0,0,0,0,0,0.000187
25762,,382,1,2,3,1,2,3,9,0.218357,0.224212,0,1,0.000187
21963,,383,0,1,1,0,1,1,1,1,1,0,0,0
21964,,383,1,0,1,1,0,1,0,0,0,0,0,0.000168
21965,,16,0,1,1,0,1,1,9,0.194353,0.199288,0,0,0
21967,,7,0,1,1,0,1,1,9,0.235473,0.242933,0,0,0
21968,,16,0,1,1,0,1,1,10,0.187905,0.192311,0,0,0
21969,,65,0,4,4,0,4,4,9,0.206138,0.212091,0,0.666667,0
21971,,16,0,1,1,0,1,1,9,0.190478,0.194965,0,0,0
21972,,7,0,1,1,0,1,1,8,0.231928,0.239836,0,0,0
21973,,7,0,1,1,0,1,1,1,1,1,0,0,0
21975,,1,0,1,1,0,1,1,1,1,1,0,0,0
21977,,1,0,1,1,0,1,1,1,1,1,0,0,0
21978,,1,0,1,1,0,1,1,1,1,1,0,0,0
21979,,41,0,1,1,0,1,1,1,1,1,0,0,0
21980,,1,0,1,1,0,1,1,1,1,1,0,0,0
21981,,1,0,1,1,0,1,1,8,0.230717,0.238683,0,0,0
21983,,41,0,1,1,0,1,1,8,0.257544,0.268689,0,0,0
21985,,16,0,1,1,0,1,1,9,0.194353,0.199288,0,0,0
21986,,7,0,1,1,0,1,1,9,0.217978,0.224605,0,0,0
28436,,16,1,0,1,1,0,1,0,0,0,0,0,0.000191
21988,,7,0,1,1,0,1,1,10,0.178867,0.182209,0,0,0
21989,,7,0,2,2,0,2,2,9,0.233264,0.241162,0,0.5,0
21991,,41,0,2,2,0,2,2,10,0.1742,0.177547,0,0.5,0
21992,,14,0,1,1,0,1,1,9,0.202698,0.207584,0,0,0
21993,,16,0,1,1,0,1,1,10,0.170055,0.173135,0,0,0
21994,,16,1,2,3,1,2,3,9,0.204889,0.210356,18827,0,0.000168
21996,,69,0,2,2,0,2,2,9,0.199767,0.205012,0,0.5,0
21997,,16,0,1,1,0,1,1,9,0.202628,0.207713,0,0,0
21998,,65,0,1,1,0,1,1,1,1,1,0,0,0
21999,,16,0,1,1,0,1,1,9,0.203544,0.209057,0,0,0
22007,,16,0,1,1,0,1,1,9,0.202365,0.207581,0,0,0
22009,,53,0,1,1,0,1,1,1,1,1,0,0,0
22011,,12,0,3,3,0,3,3,9,0.20346,0.209022,0,0.5,0
22012,,16,0,1,1,0,1,1,10,0.173799,0.177207,0,0,0
22013,,16,2,3,5,2,3,5,9,0.210348,0.216507,37656,0,0.000336
29568,,16,1,0,1,1,0,1,0,0,0,0,0,0.000177
22014,,41,1,1,2,1,1,2,10,0.174194,0.177512,0,1,0.00018
22015,,7,0,1,1,0,1,1,10,0.178303,0.181862,0,0,0
22016,,2,0,4,4,0,4,4,9,0.194097,0.198506,0,0.083333,0
22017,,7,0,1,1,0,1,1,9,0.231783,0.239322,0,0,0
22018,,16,0,1,1,0,1,1,9,0.181429,0.184846,0,0,0
22019,,16,1,1,2,1,1,2,8,0.22163,0.227921,18827,0,0.000168
22024,,7,0,1,1,0,1,1,8,0.24685,0.256506,0,0,0
22026,,16,0,2,2,0,2,2,9,0.188914,0.193346,0,0,0
22027,,67,0,1,1,0,1,1,1,1,1,0,0,0
22030,,16,0,1,1,0,1,1,9,0.238773,0.247361,0,0,0
22031,,12,0,1,1,0,1,1,10,0.168625,0.171488,0,0,0
22032,,22,0,1,1,0,1,1,9,0.21286,0.218905,0,0,0
22034,,16,0,2,2,0,2,2,8,0.265341,0.276665,0,0.5,0
22035,,7,0,1,1,0,1,1,8,0.238404,0.246059,0,0,0
22036,,445,1,1,2,1,1,2,8,0.261475,0.272568,18827,0,0.000168
22037,,7,0,2,2,0,2,2,9,0.221403,0.228388,0,0.5,0
22038,,7,0,4,4,0,4,4,9,0.2286,0.236079,0,0.416667,0
22041,,67,0,2,2,0,2,2,9,0.233247,0.24391,0,0.5,0
22042,,22,0,1,1,0,1,1,9,0.21286,0.218905,0,0,0
22045,,16,0,1,1,0,1,1,9,0.201066,0.206074,0,0,0
22046,,16,0,1,1,0,1,1,9,0.221416,0.228332,0,0,0
22047,,41,0,1,1,0,1,1,8,0.236961,0.24442,0,0,0
22049,,7,0,1,1,0,1,1,9,0.221406,0.228258,0,0,0
22050,,16,0,1,1,0,1,1,9,0.217769,0.22458,0,0,0
33461,,16,1,2,3,1,2,3,10,0.185308,0.189398,18825,0,0.000183
22056,,16,0,1,1,0,1,1,8,0.246114,0.255055,0,0,0
22059,,16,0,1,1,0,1,1,10,0.179811,0.183338,0,0,0
22060,,12,0,1,1,0,1,1,9,0.19871,0.20374,0,0,0
22061,,16,0,1,1,0,1,1,9,0.219196,0.225231,0,0,0
22062,,65,0,1,1,0,1,1,8,0.234438,0.242011,0,0,0
22065,,81,1,7,8,1,7,8,8,0.24463,0.253386,16866.23867,0.035714,0.000168
22066,,7,0,1,1,0,1,1,8,0.262756,0.273466,0,0,0
22068,,41,0,1,1,0,1,1,8,0.230249,0.237146,0,0,0
22070,,16,1,0,1,1,0,1,0,0,0,0,0,0.000199
22072,,7,0,2,2,0,2,2,9,0.224521,0.23149,0,0,0
22073,,12,0,3,3,0,3,3,9,0.199856,0.205158,0,0.333333,0
22081,,7,0,1,1,0,1,1,8,0.230856,0.238125,0,0,0
22086,,16,0,1,1,0,1,1,9,0.219952,0.2264,0,0,0
22087,,41,0,1,1,0,1,1,9,0.211371,0.217148,0,0,0
22088,,16,0,1,1,0,1,1,8,0.232829,0.239934,0,0,0
29103,,16,1,1,2,1,1,2,9,0.230852,0.239153,33.987463,0,0.000206
22092,,1,0,1,1,0,1,1,9,0.214245,0.219845,0,0,0
22093,,384,0,1,1,0,1,1,1,1,1,0,0,0
22095,,7,0,1,1,0,1,1,1,1,1,0,0,0
22096,,7,0,2,2,0,2,2,8,0.251816,0.261002,0,0,0
22097,,16,0,1,1,0,1,1,8,0.237376,0.246856,0,0,0
22100,,385,0,1,1,0,1,1,1,1,1,0,0,0
22101,,385,1,0,1,1,0,1,0,0,0,0,0,0.000168
22102,,16,0,1,1,0,1,1,9,0.225957,0.2335,0,0,0
22103,,7,0,1,1,0,1,1,1,1,1,0,0,0
22104,,16,0,1,1,0,1,1,8,0.234514,0.24306,0,0,0
24796,,16,1,0,1,1,0,1,0,0,0,0,0,0.000211
22108,,16,0,1,1,0,1,1,8,0.244433,0.254493,0,0,0
22109,,41,0,1,1,0,1,1,10,0.184729,0.18856,0,0,0
22110,,7,0,1,1,0,1,1,9,0.246124,0.25571,0,0,0
22111,,7,0,1,1,0,1,1,8,0.262756,0.273466,0,0,0
22113,,7,0,2,2,0,2,2,8,0.238718,0.246636,0,0.5,0
22115,,12,0,2,2,0,2,2,9,0.209156,0.214949,0,0,0
22117,,7,0,1,1,0,1,1,8,0.251664,0.260845,0,0,0
22119,,7,0,1,1,0,1,1,9,0.215852,0.221765,0,0,0
22120,,41,0,3,3,0,3,3,9,0.204344,0.209818,0,0,0
22122,,7,0,1,1,0,1,1,1,1,1,0,0,0
22125,,7,0,1,1,0,1,1,8,0.262756,0.273466,0,0,0
22126,,7,0,1,1,0,1,1,10,0.187709,0.191672,0,0,0
22128,,7,0,4,4,0,4,4,7,0.293608,0.3081,0,0.25,0
22129,,386,0,1,1,0,1,1,1,1,1,0,0,0
22130,,386,1,0,1,1,0,1,0,0,0,0,0,0.000168
22133,,7,0,4,4,0,4,4,8,0.262782,0.273577,0,0.083333,0
22134,,7,0,6,6,0,6,6,8,0.252295,0.262153,0,0.233333,0
22135,,7,0,1,1,0,1,1,9,0.227327,0.234472,0,0,0
22136,,7,0,1,1,0,1,1,8,0.262756,0.273466,0,0,0
22137,,67,1,1,2,1,1,2,10,0.1798,0.183593,0,0,0.000218
23035,,67,3,1,4,3,1,4,11,0.152401,0.154689,18826.5,0.25,0.000555
23392,,67,1,0,1,1,0,1,0,0,0,0,0,0.000218
23393,,67,1,0,1,1,0,1,0,0,0,0,0,0.000218
23394,,67,1,0,1,1,0,1,0,0,0,0,0,0.000218
23395,,67,2,1,3,2,1,3,10,0.1798,0.183593,37650,0.5,0.000401
23153,,67,1,1,2,1,1,2,12,0.132252,0.13376,51947,0,0.000218
22140,,7,0,1,1,0,1,1,10,0.178867,0.182209,0,0,0
22142,,7,0,1,1,0,1,1,9,0.222426,0.22905,0,0,0
22143,,41,0,1,1,0,1,1,8,0.232025,0.239654,0,0,0
34395,,12,2,1,3,2,1,3,1,1,1,25975,0.166667,0.00035
22146,,7,0,1,1,0,1,1,9,0.229134,0.236663,0,0,0
22149,,25,0,1,1,0,1,1,8,0.226534,0.233342,0,0,0
22150,,7,0,1,1,0,1,1,8,0.236919,0.244375,0,0,0
31182,,7,1,0,1,1,0,1,0,0,0,0,0,0.000424
33381,,41,1,0,1,1,0,1,0,0,0,0,0,0.000184
22155,,7,0,1,1,0,1,1,8,0.248325,0.257194,0,0,0
22157,,7,0,1,1,0,1,1,9,0.20921,0.214873,0,0,0
22158,,7,0,1,1,0,1,1,9,0.214457,0.220627,0,0,0
22159,,67,0,1,1,0,1,1,10,0.179807,0.18361,0,0,0
22160,,16,0,1,1,0,1,1,8,0.230667,0.237711,0,0,0
22161,,7,0,3,3,0,3,3,8,0.266577,0.277769,0,0.666667,0
22162,,65,0,1,1,0,1,1,9,0.190495,0.194507,0,0,0
22163,,7,0,1,1,0,1,1,9,0.20921,0.214873,0,0,0
33339,,81,1,0,1,1,0,1,0,0,0,0,0,0.000223
22170,,7,0,1,1,0,1,1,9,0.226164,0.233246,0,0,0
22176,,1,0,2,2,0,2,2,9,0.209154,0.214772,0,0,0
22177,,1,1,0,1,1,0,1,0,0,0,0,0,0.000168
22178,,7,0,1,1,0,1,1,9,0.235473,0.242933,0,0,0
22181,,36,0,1,1,0,1,1,10,0.178035,0.181501,0,0,0
22182,,41,0,1,1,0,1,1,8,0.257544,0.268689,0,0,0
22185,,7,0,1,1,0,1,1,9,0.224867,0.231892,0,0,0
22187,,7,0,1,1,0,1,1,9,0.206708,0.212248,0,0,0
22188,,7,0,2,2,0,2,2,8,0.241128,0.249214,0,0,0
22189,,65,0,2,2,0,2,2,9,0.213608,0.219575,0,0.5,0
29416,,16,1,1,2,1,1,2,9,0.238772,0.247361,0,0.5,0.000193
22194,,65,0,1,1,0,1,1,10,0.176014,0.179288,0,0,0
22198,,7,0,1,1,0,1,1,8,0.270888,0.28334,0,0,0
22199,,16,0,1,1,0,1,1,8,0.247792,0.25846,0,0,0
22202,,7,0,1,1,0,1,1,1,1,1,0,0,0
22204,,7,0,4,4,0,4,4,8,0.264331,0.275321,0,0.5,0
26797,,7,1,0,1,1,0,1,0,0,0,0,0,0.000168
22206,,7,0,1,1,0,1,1,8,0.242475,0.25106,0,0,0
22207,,67,0,2,2,0,2,2,9,0.199367,0.204488,0,1,0
22208,,67,0,1,1,0,1,1,9,0.199365,0.204461,0,0,0
22210,,16,0,1,1,0,1,1,9,0.219293,0.225533,0,0,0
22211,,7,0,1,1,0,1,1,8,0.244345,0.253397,0,0,0
22214,,387,0,1,1,0,1,1,1,1,1,0,0,0
22215,,387,1,0,1,1,0,1,0,0,0,0,0,0.000168
22216,,7,0,1,1,0,1,1,9,0.208116,0.213297,0,0,0
22217,,41,5,2,7,5,2,7,1,1,1,10,0.02381,0.000841
22218,,41,2,0,2,2,0,2,0,0,0,0,0.5,0.000382
22220,,16,0,1,1,0,1,1,9,0.23666,0.245195,0,0,0
22221,,36,0,1,1,0,1,1,9,0.212999,0.219178,0,0,0
22224,,16,0,1,1,0,1,1,8,0.234514,0.24306,0,0,0
22227,,7,0,1,1,0,1,1,9,0.212293,0.218053,0,0,0
22228,,1,0,1,1,0,1,1,9,0.222605,0.230046,0,0,0
22230,,12,1,3,4,1,3,4,9,0.212382,0.218938,22.080418,0.25,0.000175
22231,,388,0,2,2,0,2,2,9,0.217393,0.223725,0,0,0
22232,,388,1,0,1,1,0,1,0,0,0,0,0,0.000168
22235,,7,1,5,6,1,5,6,8,0.272249,0.284426,89.09132,0.133333,0.000183
22236,,41,0,2,2,0,2,2,8,0.257608,0.268803,0,0.5,0
22238,,65,0,1,1,0,1,1,9,0.195762,0.200046,0,0,0
22239,,1,0,1,1,0,1,1,11,0.147223,0.149306,0,0,0
22240,,12,0,5,5,0,5,5,10,0.164939,0.168294,0,0.5,0
22241,,16,0,1,1,0,1,1,8,0.246114,0.255055,0,0,0
22242,,67,0,1,1,0,1,1,1,1,1,0,0,0
22243,,16,0,1,1,0,1,1,9,0.224977,0.23191,0,0,0
22245,,7,0,1,1,0,1,1,8,0.261475,0.272568,0,0,0
22246,,7,0,2,2,0,2,2,8,0.244611,0.253645,0,0.5,0
22247,,16,1,5,6,1,5,6,8,0.23657,0.244322,1660.317469,0.133333,0.000233
22249,,7,0,1,1,0,1,1,8,0.262756,0.273466,0,0,0
22250,,7,0,3,3,0,3,3,8,0.257989,0.268134,0,0.166667,0
22251,,2,0,3,3,0,3,3,8,0.235564,0.242629,0,0.833333,0
22252,,67,0,1,1,0,1,1,1,1,1,0,0,0
26884,,16,1,0,1,1,0,1,0,0,0,0,0,0.000188
22255,,7,0,1,1,0,1,1,10,0.186922,0.190757,0,0,0
22256,,67,0,1,1,0,1,1,10,0.179807,0.18361,0,0,0
22261,,7,0,1,1,0,1,1,10,0.179156,0.182314,0,0,0
22262,,41,0,1,1,0,1,1,8,0.257544,0.268689,0,0,0
35310,,36,1,0,1,1,0,1,0,0,0,0,0,0.00023
22269,,12,3,1,4,3,1,4,11,0.141564,0.143542,0,0.25,0.000527
22270,,36,0,1,1,0,1,1,9,0.201055,0.206219,0,0,0
30523,,16,1,0,1,1,0,1,0,0,0,0,0,0.000285
22275,,16,0,2,2,0,2,2,8,0.251385,0.261478,0,0.5,0
22276,,16,0,1,1,0,1,1,10,0.156097,0.158508,0,0,0
22278,,7,0,1,1,0,1,1,8,0.247064,0.255642,0,0,0
22281,,16,0,1,1,0,1,1,8,0.246114,0.255055,0,0,0
22282,,7,0,1,1,0,1,1,9,0.231745,0.239907,0,0,0
22283,,7,0,1,1,0,1,1,9,0.212622,0.218545,0,0,0
22285,,7,0,1,1,0,1,1,8,0.262756,0.273466,0,0,0
22288,,41,0,1,1,0,1,1,2,0.6,0.666667,0,0,0
22291,,16,0,1,1,0,1,1,9,0.22883,0.235861,0,0,0
22294,,81,0,1,1,0,1,1,11,0.147723,0.149659,0,0,0
22295,,81,1,2,3,1,2,3,10,0.173318,0.176479,18827,0,0.000168
22296,,16,0,1,1,0,1,1,9,0.203083,0.208247,0,0,0
22297,,7,1,1,2,1,1,2,8,0.237954,0.246959,0,1,0.000188
22298,,389,0,2,2,0,2,2,9,0.212537,0.218482,0,0,0
31248,,389,1,0,1,1,0,1,0,0,0,0,0,0.000168
22299,,7,0,1,1,0,1,1,1,1,1,0,0,0
22302,,7,0,1,1,0,1,1,1,1,1,0,0,0
22303,,16,0,1,1,0,1,1,9,0.187443,0.191182,0,0,0
22304,,14,1,1,2,1,1,2,8,0.249084,0.258105,394.603837,0,0.000179
22306,,16,0,10,10,0,10,10,8,0.255715,0.266531,0,0.388889,0
22307,,16,0,1,1,0,1,1,9,0.21089,0.216438,0,0,0
22308,,32,0,1,1,0,1,1,1,1,1,0,0,0
33899,,41,2,0,2,2,0,2,0,0,0,0,0,0.000824
22311,,16,0,3,3,0,3,3,8,0.232904,0.241388,0,0.333333,0
22312,,7,0,1,1,0,1,1,9,0.226164,0.233246,0,0,0
22313,,67,0,1,1,0,1,1,9,0.199365,0.204461,0,0,0
32599,,7,1,0,1,1,0,1,0,0,0,0,0,0.000223
22861,,67,1,0,1,1,0,1,0,0,0,0,0,0.000178
22316,,7,0,1,1,0,1,1,9,0.246124,0.25571,0,0,0
22317,,16,0,3,3,0,3,3,8,0.252525,0.262777,0,0.333333,0
22318,,67,1,1,2,1,1,2,11,0.152405,0.1547,44798,0,0.000173
22319,,67,1,1,2,1,1,2,10,0.179804,0.183607,37649,0,0.000173
22323,,41,0,1,1,0,1,1,8,0.232025,0.239654,0,0,0
22325,,7,0,4,4,0,4,4,8,0.262782,0.273577,0,0.083333,0
30379,,16,1,1,2,1,1,2,9,0.229953,0.237929,0,1,0.000183
22328,,228,0,1,1,0,1,1,1,1,1,0,0,0
22329,,7,0,1,1,0,1,1,9,0.209877,0.215183,0,0,0
22330,,41,0,1,1,0,1,1,8,0.257544,0.268689,0,0,0
22331,,7,0,1,1,0,1,1,8,0.262756,0.273466,0,0,0
22332,,12,0,6,6,0,6,6,10,0.164919,0.16824,0,0.3,0
24155,,12,2,2,4,2,2,4,10,0.164928,0.168187,15.507937,0.5,0.000377
22333,,7,0,1,1,0,1,1,9,0.211205,0.216871,0,0,0
22533,,16,1,1,2,1,1,2,10,0.188982,0.193317,0,0,0.000198
22339,,16,0,2,2,0,2,2,8,0.239499,0.247406,0,0.5,0
22340,,41,1,1,2,1,1,2,10,0.174194,0.177512,0,1,0.00018
22342,,41,0,1,1,0,1,1,8,0.257544,0.268689,0,0,0
22343,,7,0,1,1,0,1,1,8,0.255022,0.264509,0,0,0
24307,,41,2,3,5,2,3,5,9,0.213442,0.219695,18962.298362,0.083333,0.000396
24895,,41,2,0,2,2,0,2,0,0,0,0,1,0.000406
22345,,7,0,1,1,0,1,1,1,1,1,0,0,0
22347,,7,0,1,1,0,1,1,8,0.261475,0.272568,0,0,0
22351,,1,0,2,2,0,2,2,9,0.219666,0.225882,0,0,0
22353,,16,0,1,1,0,1,1,9,0.226488,0.233295,0,0,0
31015,,16,1,0,1,1,0,1,0,0,0,0,0,0.000224
22358,,7,0,1,1,0,1,1,8,0.237205,0.244512,0,0,0
22360,,16,0,1,1,0,1,1,8,0.2284,0.235296,0,0,0
22362,,7,0,4,4,0,4,4,8,0.267034,0.278982,0,0.416667,0
22363,,67,0,2,2,0,2,2,10,0.179808,0.183637,0,0.5,0
22367,,16,0,1,1,0,1,1,8,0.251382,0.261452,0,0,0
22368,,7,0,1,1,0,1,1,9,0.207609,0.212853,0,0,0
22369,,7,0,1,1,0,1,1,1,1,1,0,0,0
22370,,16,0,2,2,0,2,2,8,0.239892,0.247802,0,0,0
22373,,16,0,3,3,0,3,3,8,0.25216,0.26235,0,0.333333,0
32022,,16,1,0,1,1,0,1,0,0,0,0,0,0.000168
22375,,7,0,1,1,0,1,1,8,0.233056,0.241283,0,0,0
22376,,7,0,2,2,0,2,2,1,1,1,0,0,0
22377,,16,0,1,1,0,1,1,9,0.23567,0.243316,0,0,0
22379,,7,0,2,2,0,2,2,8,0.242857,0.251152,0,0,0
22381,,16,0,2,2,0,2,2,9,0.222802,0.229776,0,0,0
24717,,16,2,0,2,2,0,2,0,0,0,0,0,0.000343
22385,,67,0,1,1,0,1,1,1,1,1,0,0,0
22388,,41,0,2,2,0,2,2,9,0.229603,0.237451,0,1,0
22389,,7,0,2,2,0,2,2,9,0.225244,0.232257,0,0,0
22393,,12,0,1,1,0,1,1,9,0.207849,0.213367,0,0,0
22394,,65,0,1,1,0,1,1,8,0.236841,0.24458,0,0,0
22395,,7,0,11,11,0,11,11,8,0.28188,0.296139,0,0.163636,0
22631,,7,1,2,3,1,2,3,8,0.261485,0.272606,1,0.166667,0.000168
22398,,41,0,2,2,0,2,2,8,0.257548,0.268715,0,1,0
22400,,32,0,2,2,0,2,2,9,0.2131,0.219349,0,0,0
22401,,7,0,2,2,0,2,2,8,0.249784,0.258835,0,0.5,0
22403,,7,0,1,1,0,1,1,1,1,1,0,0,0
22407,,1,0,1,1,0,1,1,9,0.22285,0.229108,0,0,0
22408,,7,0,2,2,0,2,2,8,0.263293,0.274043,0,0.5,0
22412,,390,0,1,1,0,1,1,1,1,1,0,0,0
22413,,390,1,0,1,1,0,1,0,0,0,0,0,0.000168
22414,,16,0,1,1,0,1,1,9,0.220826,0.22761,0,0,0
22415,,7,0,1,1,0,1,1,9,0.214474,0.220598,0,0,0
22416,,16,0,1,1,0,1,1,8,0.230091,0.237701,0,0,0
22417,,12,0,1,1,0,1,1,9,0.209538,0.215141,0,0,0
22418,,7,0,1,1,0,1,1,9,0.198461,0.20316,0,0,0
22419,,41,0,1,1,0,1,1,8,0.257544,0.268689,0,0,0
22422,,36,2,6,8,2,6,8,9,0.218688,0.225704,37661,0.071429,0.000341
22739,,36,2,5,7,2,5,7,9,0.220457,0.227477,19015.031046,0.214286,0.000346
29225,,36,1,0,1,1,0,1,0,0,0,0,0,0.000178
24620,,36,1,1,2,1,1,2,10,0.179447,0.183209,0,0,0.000178
31314,,36,1,0,1,1,0,1,0,0,0,0,0,0.000178
22424,,67,0,1,1,0,1,1,13,0.116243,0.117269,0,0,0
22427,,16,0,4,4,0,4,4,8,0.252231,0.262432,0,0.5,0
22430,,1,0,1,1,0,1,1,9,0.210978,0.216065,0,0,0
27944,,7,1,1,2,1,1,2,8,0.232563,0.240767,46.104139,0,0.000175
22436,,41,0,1,1,0,1,1,9,0.193276,0.197822,0,0,0
22437,,1,0,1,1,0,1,1,9,0.223974,0.230994,0,0,0
22438,,16,0,1,1,0,1,1,8,0.234514,0.24306,0,0,0
22440,,41,0,1,1,0,1,1,8,0.257544,0.268689,0,0,0
22443,,7,0,1,1,0,1,1,9,0.235349,0.243061,0,0,0
22452,,7,0,1,1,0,1,1,8,0.265449,0.276753,0,0,0
22453,,16,0,1,1,0,1,1,9,0.223681,0.230334,0,0,0
22454,,7,1,2,3,1,2,3,8,0.262112,0.273311,18827,0,0.000168
22455,,7,0,1,1,0,1,1,1,1,1,0,0,0
24369,,7,1,0,1,1,0,1,0,0,0,0,0,0.000232
22457,,7,0,1,1,0,1,1,9,0.219598,0.226206,0,0,0
22459,,36,0,1,1,0,1,1,1,1,1,0,0,0
22461,,16,0,1,1,0,1,1,9,0.201617,0.207255,0,0,0
22462,,12,0,2,2,0,2,2,9,0.187479,0.191849,0,1,0
22464,,16,0,1,1,0,1,1,9,0.225449,0.232111,0,0,0
22465,,16,0,1,1,0,1,1,8,0.251382,0.261452,0,0,0
22471,,36,0,1,1,0,1,1,10,0.172717,0.175979,0,0,0
22472,,7,0,1,1,0,1,1,1,1,1,0,0,0
22473,,391,0,2,2,0,2,2,1,1,1,0,1,0
22474,,391,4,1,5,4,1,5,1,1,1,0,0.25,0.000692
22475,,391,4,1,5,4,1,5,1,1,1,0,0.25,0.000692
22476,,391,0,2,2,0,2,2,1,1,1,0,1,0
22477,,391,0,2,2,0,2,2,1,1,1,0,1,0
22479,,1,0,1,1,0,1,1,8,0.238232,0.246371,0,0,0
22482,,16,0,1,1,0,1,1,8,0.23949,0.247366,0,0,0
22485,,14,0,1,1,0,1,1,10,0.182226,0.186017,0,0,0
22486,,41,0,1,1,0,1,1,8,0.257544,0.268689,0,0,0
22487,,41,0,1,1,0,1,1,8,0.257544,0.268689,0,0,0
22488,,441,0,3,3,0,3,3,9,0.226652,0.234471,0,0,0
22490,,392,0,2,2,0,2,2,8,0.26546,0.276792,0,0,0
22491,,392,2,0,2,2,0,2,0,0,0,0,0,0.000336
22492,,392,0,1,1,0,1,1,1,1,1,0,0,0
22494,,393,0,1,1,0,1,1,1,1,1,0,0,0
22495,,393,1,0,1,1,0,1,0,0,0,0,0,0.000168
22497,,41,1,2,3,1,2,3,10,0.174262,0.177675,124.566017,0.333333,0.00018
22499,,14,0,2,2,0,2,2,9,0.19662,0.201501,0,0,0
22501,,7,0,1,1,0,1,1,1,1,1,0,0,0
22504,,7,0,1,1,0,1,1,9,0.234452,0.242464,0,0,0
22507,,7,0,4,4,0,4,4,8,0.251795,0.261107,0,0.416667,0
22509,,41,0,1,1,0,1,1,10,0.174198,0.17752,0,0,0
22510,,7,0,1,1,0,1,1,8,0.233681,0.240561,0,0,0
22516,,25,0,1,1,0,1,1,8,0.234155,0.242097,0,0,0
22517,,7,0,1,1,0,1,1,10,0.179156,0.182314,0,0,0
22518,,7,0,1,1,0,1,1,8,0.242982,0.251576,0,0,0
22522,,41,0,1,1,0,1,1,10,0.174198,0.17752,0,0,0
22523,,7,0,1,1,0,1,1,8,0.265449,0.276753,0,0,0
22524,,394,0,1,1,0,1,1,1,1,1,0,0,0
22525,,394,1,0,1,1,0,1,0,0,0,0,0,0.000168
22530,,7,0,1,1,0,1,1,9,0.217001,0.22352,0,0,0
22531,,7,0,12,12,0,12,12,8,0.267916,0.28036,0,0.143939,0
22532,,36,0,1,1,0,1,1,8,0.225838,0.233103,0,0,0
22534,,7,0,2,2,0,2,2,9,0.225384,0.232744,0,1,0
22535,,22,0,1,1,0,1,1,9,0.21286,0.218905,0,0,0
22536,,7,0,1,1,0,1,1,8,0.251664,0.260845,0,0,0
22537,,1,0,1,1,0,1,1,8,0.230686,0.237852,0,0,0
22538,,7,0,1,1,0,1,1,8,0.251664,0.260845,0,0,0
22541,,7,0,6,6,0,6,6,7,0.27034,0.2821,0,0.366667,0
22542,,16,0,1,1,0,1,1,9,0.196857,0.201227,0,0,0
22545,,16,0,2,2,0,2,2,8,0.265367,0.276488,0,0,0
22546,,7,0,1,1,0,1,1,9,0.246124,0.25571,0,0,0
22547,,41,0,1,1,0,1,1,9,0.205253,0.210794,0,0,0
26879,,16,1,0,1,1,0,1,0,0,0,0,0,0.000173
22550,,22,0,1,1,0,1,1,9,0.183805,0.188435,0,0,0
22553,,7,0,1,1,0,1,1,1,1,1,0,0,0
22555,,16,0,1,1,0,1,1,8,0.251382,0.261452,0,0,0
22557,,16,0,1,1,0,1,1,9,0.198666,0.203124,0,0,0
22558,,16,0,2,2,0,2,2,9,0.206095,0.211885,0,0,0
22559,,16,1,0,1,1,0,1,0,0,0,0,0,0.000168
22561,,16,0,1,1,0,1,1,8,0.244433,0.254493,0,0,0
22563,,7,0,1,1,0,1,1,9,0.209701,0.215029,0,0,0
22564,,7,0,1,1,0,1,1,9,0.239963,0.248532,0,0,0
22565,,7,0,1,1,0,1,1,8,0.230108,0.238119,0,0,0
22566,,7,0,1,1,0,1,1,9,0.209701,0.215029,0,0,0
22569,,39,0,4,4,0,4,4,9,0.224223,0.231401,0,0.083333,0
26310,,39,1,0,1,1,0,1,0,0,0,0,0,0.000168
22570,,16,0,2,2,0,2,2,8,0.233948,0.242419,0,1,0
22571,,7,1,4,5,1,4,5,8,0.266787,0.278381,18829,0.15,0.000168
22572,,7,1,4,5,1,4,5,8,0.241283,0.249616,316.075245,0.05,0.000173
30093,,7,1,1,2,1,1,2,9,0.215276,0.221125,0,0.5,0.000173
22578,,67,1,1,2,1,1,2,11,0.161421,0.164033,7,0,0.000168
22580,,7,0,1,1,0,1,1,9,0.195469,0.200515,0,0,0
22581,,16,0,1,1,0,1,1,8,0.230091,0.237701,0,0,0
22582,,16,0,4,4,0,4,4,8,0.265697,0.27751,0,0.333333,0
22584,,7,0,1,1,0,1,1,9,0.201098,0.206211,0,0,0
22585,,36,0,5,5,0,5,5,8,0.265464,0.277312,0,0.45,0
22589,,7,0,1,1,0,1,1,9,0.22032,0.227177,0,0,0
22591,,16,0,1,1,0,1,1,8,0.251382,0.261452,0,0,0
22596,,41,1,1,2,1,1,2,10,0.174194,0.177512,0,1,0.00018
22598,,7,0,3,3,0,3,3,8,0.265472,0.276567,0,0.333333,0
22602,,7,0,1,1,0,1,1,10,0.179156,0.182314,0,0,0
22604,,7,0,2,2,0,2,2,9,0.231783,0.239268,0,0,0
22607,,16,0,1,1,0,1,1,9,0.192888,0.196904,0,0,0
22608,,7,0,1,1,0,1,1,8,0.261475,0.272568,0,0,0
23039,,7,1,0,1,1,0,1,0,0,0,0,0,0.000194
22612,,7,0,1,1,0,1,1,9,0.209701,0.215029,0,0,0
22614,,16,0,1,1,0,1,1,8,0.234514,0.24306,0,0,0
22615,,395,0,1,1,0,1,1,10,0.185275,0.189448,0,0,0
22616,,395,1,1,2,1,1,2,9,0.227396,0.235291,18827,0,0.000168
22618,,16,0,1,1,0,1,1,9,0.229181,0.2372,0,0,0
22619,,7,0,1,1,0,1,1,9,0.212135,0.217777,0,0,0
22620,,16,0,1,1,0,1,1,8,0.221512,0.22797,0,0,0
22622,,16,0,3,3,0,3,3,8,0.251395,0.261523,0,0.166667,0
23498,,644,2,0,2,2,0,2,0,0,0,0,0,0.000596
22624,,7,0,1,1,0,1,1,9,0.207609,0.212853,0,0,0
22625,,65,0,1,1,0,1,1,9,0.195014,0.200132,0,0,0
22626,,7,0,1,1,0,1,1,1,1,1,0,0,0
22627,,16,1,1,2,1,1,2,9,0.229957,0.237934,18827,0,0.000168
22630,,7,0,1,1,0,1,1,9,0.204426,0.209527,0,0,0
23462,,7,1,0,1,1,0,1,0,0,0,0,0,0.000173
22633,,32,0,1,1,0,1,1,1,1,1,0,0,0
22636,,396,0,2,2,0,2,2,8,0.230899,0.237785,0,0,0
25894,,396,1,0,1,1,0,1,0,0,0,0,0,0.000168
22637,,67,0,1,1,0,1,1,11,0.151436,0.153651,0,0,0
22638,,7,0,2,2,0,2,2,8,0.262028,0.273132,0,0.5,0
22640,,12,1,0,1,1,0,1,0,0,0,0,0,0.000173
22641,,397,0,1,1,0,1,1,1,1,1,0,0,0
22642,,67,1,1,2,1,1,2,9,0.199559,0.204349,18827,0,0.000168
22643,,1,0,1,1,0,1,1,9,0.229791,0.237541,0,0,0
22644,,16,0,1,1,0,1,1,9,0.231783,0.240091,0,0,0
22645,,41,0,1,1,0,1,1,8,0.257544,0.268689,0,0,0
22646,,7,1,1,2,1,1,2,9,0.211507,0.217098,18825,0.5,0.000173
22647,,7,0,1,1,0,1,1,9,0.198884,0.203512,0,0,0
22648,,7,0,1,1,0,1,1,10,0.191285,0.195691,0,0,0
22649,,14,0,1,1,0,1,1,9,0.213528,0.219815,0,0,0
22650,,7,0,1,1,0,1,1,9,0.214614,0.220847,0,0,0
22651,,7,0,2,2,0,2,2,9,0.232915,0.240808,0,0.5,0
22655,,7,0,1,1,0,1,1,10,0.179156,0.182314,0,0,0
22657,,65,0,4,4,0,4,4,9,0.210477,0.215923,0,0,0
22658,,36,0,1,1,0,1,1,11,0.14038,0.142087,0,0,0
22659,,2,0,4,4,0,4,4,9,0.233789,0.241721,0,0.083333,0
22660,,1,1,1,2,1,1,2,8,0.232405,0.239626,0,0.5,0.000183
22662,,398,0,2,2,0,2,2,8,0.270899,0.283378,0,0,0
22663,,398,1,0,1,1,0,1,0,0,0,0,0,0.000168
22664,,16,0,1,1,0,1,1,9,0.192161,0.196752,0,0,0
22665,,41,0,2,2,0,2,2,8,0.257565,0.26875,0,0,0
22666,,16,0,5,5,0,5,5,8,0.247408,0.256096,0,0.25,0
22668,,7,0,1,1,0,1,1,10,0.178303,0.181862,0,0,0
22671,,16,0,1,1,0,1,1,9,0.217913,0.224695,0,0,0
22742,,1,1,0,1,1,0,1,0,0,0,0,0,0.000183
22673,,7,0,1,1,0,1,1,8,0.248761,0.257751,0,0,0
22675,,41,0,2,2,0,2,2,8,0.251385,0.261478,0,0.5,0
22680,,16,0,2,2,0,2,2,10,0.184561,0.188846,0,0,0
27012,,16,1,0,1,1,0,1,0,0,0,0,0,0.000168
22684,,41,0,1,1,0,1,1,9,0.214084,0.219917,0,0,0
22685,,7,0,1,1,0,1,1,8,0.262756,0.273466,0,0,0
22686,,7,0,2,2,0,2,2,9,0.234149,0.242143,0,0,0
22688,,7,0,6,6,0,6,6,8,0.267642,0.27933,0,0.233333,0
22689,,12,0,6,6,0,6,6,9,0.212756,0.21947,0,0.333333,0
22691,,7,0,1,1,0,1,1,9,0.238286,0.246733,0,0,0
22693,,65,0,1,1,0,1,1,10,0.173513,0.176997,0,0,0
22694,,41,0,1,1,0,1,1,9,0.217121,0.223495,0,0,0
22701,,16,5,6,11,5,6,11,8,0.273296,0.286045,110033.195509,0.018182,0.000867
28806,,16,1,0,1,1,0,1,0,0,0,0,0,0.000192
35103,,16,1,0,1,1,0,1,0,0,0,0,0,0.000192
22702,,7,0,1,1,0,1,1,8,0.262756,0.273466,0,0,0
34308,,7,1,0,1,1,0,1,0,0,0,0,0,0.000173
22706,,16,0,1,1,0,1,1,8,0.217651,0.224048,0,0,0
22708,,22,0,1,1,0,1,1,9,0.21286,0.218905,0,0,0
22709,,41,0,1,1,0,1,1,8,0.257544,0.268689,0,0,0
22710,,14,0,1,1,0,1,1,9,0.226458,0.233655,0,0,0
22711,,7,0,1,1,0,1,1,9,0.218682,0.225135,0,0,0
22712,,41,0,3,3,0,3,3,9,0.209799,0.215742,0,0.333333,0
22849,,41,1,0,1,1,0,1,0,0,0,0,0,0.000168
22716,,41,0,1,1,0,1,1,8,0.235753,0.244207,0,0,0
23155,,41,1,0,1,1,0,1,0,0,0,0,0,0.000209
22718,,22,0,1,1,0,1,1,10,0.175587,0.179028,0,0,0
22722,,25,0,1,1,0,1,1,9,0.22825,0.235531,0,0,0
22723,,41,0,3,3,0,3,3,8,0.259883,0.271609,0,0.833333,0
22726,,16,0,1,1,0,1,1,8,0.251382,0.261452,0,0,0
22727,,7,1,2,3,1,2,3,9,0.217207,0.223497,0,1,0.000206
22728,,67,0,1,1,0,1,1,9,0.216107,0.222464,0,0,0
22730,,32,0,1,1,0,1,1,8,0.245851,0.255055,0,0,0
22731,,16,0,1,1,0,1,1,8,0.234514,0.24306,0,0,0
22732,,16,0,1,1,0,1,1,8,0.222226,0.228739,0,0,0
22733,,41,0,1,1,0,1,1,1,1,1,0,0,0
22735,,399,0,1,1,0,1,1,1,1,1,0,0,0
22736,,399,1,0,1,1,0,1,0,0,0,0,0,0.000168
22737,,7,0,1,1,0,1,1,8,0.262756,0.273466,0,0,0
22740,,16,0,1,1,0,1,1,8,0.234493,0.241933,0,0,0
22747,,7,0,1,1,0,1,1,9,0.219921,0.22604,0,0,0
22748,,1,0,1,1,0,1,1,8,0.238232,0.246371,0,0,0
22751,,7,0,1,1,0,1,1,8,0.261475,0.272568,0,0,0
22753,,7,0,1,1,0,1,1,9,0.220186,0.226735,0,0,0
22757,,16,0,1,1,0,1,1,8,0.238528,0.246408,0,0,0
22759,,7,0,1,1,0,1,1,9,0.229028,0.236621,0,0,0
22762,,36,0,1,1,0,1,1,9,0.212999,0.219178,0,0,0
22763,,7,0,1,1,0,1,1,8,0.262756,0.273466,0,0,0
22764,,41,0,1,1,0,1,1,9,0.226185,0.233312,0,0,0
22766,,1,0,1,1,0,1,1,8,0.230686,0.237852,0,0,0
22768,,16,0,1,1,0,1,1,9,0.22643,0.233486,0,0,0
22770,,67,0,2,2,0,2,2,10,0.187331,0.19158,0,0,0
22771,,7,0,1,1,0,1,1,9,0.230193,0.238549,0,0,0
22773,,67,0,1,1,0,1,1,9,0.193805,0.197952,0,0,0
22776,,16,0,1,1,0,1,1,9,0.21888,0.225484,0,0,0
22777,,7,0,1,1,0,1,1,8,0.248302,0.257867,0,0,0
22778,,7,0,1,1,0,1,1,9,0.211264,0.216823,0,0,0
22780,,7,0,1,1,0,1,1,9,0.210826,0.216165,0,0,0
22781,,41,0,2,2,0,2,2,9,0.210715,0.216584,0,0.5,0
22787,,7,0,1,1,0,1,1,9,0.209701,0.215029,0,0,0
23847,,69,2,4,6,2,4,6,7,0.293665,0.308153,9856.107728,0.5,0.000601
27106,,69,8,19,27,8,19,27,7,0.307128,0.324175,172087.893138,0.192857,0.001832
22790,,7,0,1,1,0,1,1,8,0.244503,0.252663,0,0,0
22791,,65,0,1,1,0,1,1,1,1,1,0,0,0
22792,,7,0,1,1,0,1,1,8,0.240791,0.248555,0,0,0
22793,,1,0,2,2,0,2,2,9,0.227311,0.234919,0,1,0
22797,,7,0,1,1,0,1,1,8,0.2344,0.241502,0,0,0
22798,,32,1,1,2,1,1,2,2,0.6,0.666667,3,0,0.000168
22799,,7,0,3,3,0,3,3,8,0.245137,0.253295,0,0.166667,0
22800,,16,0,2,2,0,2,2,9,0.213912,0.220031,0,0,0
22801,,16,0,1,1,0,1,1,9,0.232956,0.241234,0,0,0
22805,,16,0,1,1,0,1,1,8,0.230667,0.237711,0,0,0
22806,,16,0,1,1,0,1,1,9,0.232956,0.241234,0,0,0
22812,,41,0,1,1,0,1,1,8,0.257544,0.268689,0,0,0
22813,,14,0,1,1,0,1,1,8,0.247395,0.256736,0,0,0
22816,,7,0,1,1,0,1,1,9,0.223336,0.230404,0,0,0
22818,,12,0,6,6,0,6,6,9,0.199945,0.205462,0,0.466667,0
22820,,7,0,1,1,0,1,1,9,0.239538,0.247501,0,0,0
22822,,16,0,1,1,0,1,1,8,0.239859,0.247713,0,0,0
22823,,7,1,2,3,1,2,3,8,0.278586,0.291031,2317.416274,0.333333,0.000181
22824,,16,0,2,2,0,2,2,8,0.245896,0.255266,0,0,0
22825,,41,0,3,3,0,3,3,8,0.266264,0.278382,0,0.166667,0
22827,,25,0,1,1,0,1,1,9,0.203824,0.20864,0,0,0
22828,,14,0,2,2,0,2,2,9,0.199434,0.203998,0,1,0
22829,,7,0,1,1,0,1,1,8,0.244345,0.253397,0,0,0
22830,,16,0,1,1,0,1,1,9,0.207501,0.213249,0,0,0
22831,,7,0,1,1,0,1,1,8,0.253935,0.263546,0,0,0
22833,,7,0,1,1,0,1,1,8,0.230692,0.237485,0,0,0
22835,,67,0,1,1,0,1,1,9,0.216107,0.222464,0,0,0
22836,,67,0,2,2,0,2,2,9,0.224126,0.231661,0,1,0
22837,,7,0,5,5,0,5,5,8,0.27131,0.283201,0,0.4,0
22839,,7,0,1,1,0,1,1,1,1,1,0,0,0
22840,,65,0,1,1,0,1,1,9,0.191553,0.195654,0,0,0
22841,,400,0,1,1,0,1,1,1,1,1,0,0,0
22842,,400,1,0,1,1,0,1,0,0,0,0,0,0.000168
22843,,7,0,1,1,0,1,1,9,0.235473,0.242933,0,0,0
22850,,69,0,1,1,0,1,1,9,0.232711,0.240726,0,0,0
22853,,7,0,1,1,0,1,1,9,0.216809,0.223201,0,0,0
22855,,7,0,1,1,0,1,1,9,0.21957,0.226123,0,0,0
22856,,7,0,1,1,0,1,1,9,0.220178,0.227274,0,0,0
22858,,16,0,2,2,0,2,2,9,0.224011,0.231024,0,1,0
22862,,7,0,1,1,0,1,1,8,0.262756,0.273466,0,0,0
22869,,7,0,5,5,0,5,5,9,0.233033,0.2417,0,0.4,0
22870,,1,2,3,5,2,3,5,10,0.172645,0.176085,37654,0.083333,0.000346
29247,,1,2,1,3,2,1,3,11,0.147228,0.14932,0,0.5,0.000346
22871,,7,0,1,1,0,1,1,10,0.173356,0.176347,0,0,0
22872,,16,0,3,3,0,3,3,9,0.217868,0.223987,0,0,0
28823,,16,2,0,2,2,0,2,0,0,0,0,0,0.000336
30327,,16,1,1,2,1,1,2,9,0.219278,0.22586,335.933311,0,0.000168
22873,,1,1,3,4,1,3,4,9,0.22671,0.233907,143.942471,0.083333,0.000168
31598,,1,1,1,2,1,1,2,8,0.22917,0.236725,539.764985,0,0.000173
22876,,32,0,1,1,0,1,1,3,0.444444,0.541667,0,0,0
22877,,16,0,1,1,0,1,1,8,0.233638,0.242002,0,0,0
22878,,41,0,1,1,0,1,1,9,0.205253,0.210794,0,0,0
22882,,7,0,1,1,0,1,1,9,0.225042,0.231898,0,0,0
22885,,7,0,2,2,0,2,2,8,0.235026,0.242121,0,0,0
25227,,65,1,1,2,1,1,2,10,0.173465,0.176811,0,0,0.000215
33775,,16,1,1,2,1,1,2,9,0.206082,0.211836,0,1,0.000215
22888,,7,0,1,1,0,1,1,8,0.262756,0.273466,0,0,0
22893,,2,0,1,1,0,1,1,9,0.190945,0.195169,0,0,0
22896,,7,0,20,20,0,20,20,8,0.250292,0.260536,0,0.065789,0
22900,,67,0,1,1,0,1,1,10,0.183581,0.18774,0,0,0
22901,,2,0,1,1,0,1,1,10,0.176872,0.180264,0,0,0
22902,,7,0,4,4,0,4,4,8,0.255119,0.265913,0,0.416667,0
22903,,36,0,2,2,0,2,2,8,0.23255,0.23983,0,0,0
22904,,16,0,2,2,0,2,2,8,0.25215,0.262311,0,1,0
22905,,25,0,1,1,0,1,1,1,1,1,0,0,0
22906,,7,2,6,8,2,6,8,8,0.230849,0.238762,15831.214701,0.071429,0.000361
31608,,41,1,0,1,1,0,1,0,0,0,0,0,0.000203
22910,,7,0,1,1,0,1,1,8,0.251449,0.261106,0,0,0
22913,,41,0,5,5,0,5,5,8,0.27686,0.290664,0,0.65,0
22916,,7,0,1,1,0,1,1,10,0.178365,0.181733,0,0,0
22917,,401,0,1,1,0,1,1,1,1,1,0,0,0
22918,,401,1,0,1,1,0,1,0,0,0,0,0,0.000168
22919,,12,0,7,7,0,7,7,10,0.164926,0.168287,0,0.333333,0
22920,,1,0,1,1,0,1,1,9,0.215819,0.221875,0,0,0
22921,,67,0,1,1,0,1,1,9,0.221969,0.229196,0,0,0
22924,,16,0,1,1,0,1,1,9,0.221572,0.228332,0,0,0
22925,,1,0,1,1,0,1,1,8,0.230717,0.238683,0,0,0
22927,,16,0,1,1,0,1,1,9,0.197885,0.202269,0,0,0
22928,,67,0,1,1,0,1,1,1,1,1,0,0,0
22932,,16,0,3,3,0,3,3,8,0.232918,0.241612,0,0.333333,0
22933,,16,0,1,1,0,1,1,9,0.19576,0.200829,0,0,0
22935,,16,0,1,1,0,1,1,9,0.19576,0.200829,0,0,0
22937,,7,0,3,3,0,3,3,9,0.227839,0.23533,0,0,0
22938,,14,0,2,2,0,2,2,8,0.249153,0.258898,0,1,0
22939,,7,0,2,2,0,2,2,9,0.231697,0.239325,0,0.5,0
22941,,1,0,2,2,0,2,2,9,0.22855,0.236209,0,1,0
22942,,7,0,1,1,0,1,1,8,0.253959,0.263295,0,0,0
22945,,41,0,2,2,0,2,2,8,0.258901,0.270312,0,1,0
22946,,7,0,1,1,0,1,1,9,0.250609,0.260973,0,0,0
22950,,7,0,1,1,0,1,1,1,1,1,0,0,0
22951,,36,0,2,2,0,2,2,8,0.262984,0.273762,0,0,0
22954,,67,0,1,1,0,1,1,2,0.666667,0.75,0,0,0
28487,,1,6,0,6,6,0,6,0,0,0,0,0,0.001015
22956,,41,0,1,1,0,1,1,9,0.20908,0.214243,0,0,0
22957,,7,0,8,8,0,8,8,8,0.270386,0.282538,0,0.285714,0
22958,,7,0,8,8,0,8,8,8,0.270386,0.282538,0,0.285714,0
22959,,7,0,1,1,0,1,1,9,0.229134,0.236663,0,0,0
22962,,7,0,1,1,0,1,1,9,0.215533,0.221823,0,0,0
22963,,16,0,2,2,0,2,2,8,0.243315,0.253334,0,0,0
22965,,16,1,1,2,1,1,2,2,0.666667,0.75,0,0,0.000178
30781,,16,1,0,1,1,0,1,0,0,0,0,0,0.000178
22966,,16,0,4,4,0,4,4,9,0.223178,0.229944,0,0.083333,0
26080,,16,1,0,1,1,0,1,0,0,0,0,0,0.000168
22968,,7,0,2,2,0,2,2,8,0.262778,0.273528,0,0,0
22972,,14,0,1,1,0,1,1,9,0.226458,0.233655,0,0,0
22974,,7,0,1,1,0,1,1,8,0.238712,0.2466,0,0,0
22975,,16,0,1,1,0,1,1,9,0.192517,0.197085,0,0,0
22978,,81,0,1,1,0,1,1,8,0.230811,0.237501,0,0,0
22981,,7,0,1,1,0,1,1,8,0.235664,0.243096,0,0,0
22985,,16,0,1,1,0,1,1,9,0.201777,0.206878,0,0,0
22987,,7,0,1,1,0,1,1,9,0.213606,0.219753,0,0,0
22989,,7,0,1,1,0,1,1,9,0.212818,0.218366,0,0,0
22990,,41,0,1,1,0,1,1,8,0.257544,0.268689,0,0,0
22991,,16,0,2,2,0,2,2,9,0.223378,0.230274,0,1,0
35170,,16,1,0,1,1,0,1,0,0,0,0,0,0.000192
22993,,65,0,2,2,0,2,2,9,0.196151,0.200782,0,1,0
22994,,1,0,1,1,0,1,1,9,0.191491,0.195968,0,0,0
22995,,7,0,1,1,0,1,1,8,0.262756,0.273466,0,0,0
22996,,67,0,1,1,0,1,1,10,0.178452,0.182062,0,0,0
22997,,7,0,1,1,0,1,1,10,0.178303,0.181862,0,0,0
23000,,7,0,2,2,0,2,2,8,0.24885,0.25824,0,1,0
23002,,16,0,1,1,0,1,1,9,0.207996,0.214081,0,0,0
23003,,402,0,1,1,0,1,1,1,1,1,0,0,0
23004,,402,1,0,1,1,0,1,0,0,0,0,0,0.000168
23008,,7,0,11,11,0,11,11,8,0.278485,0.292198,0,0.145455,0
23009,,16,0,1,1,0,1,1,9,0.209484,0.215083,0,0,0
23012,,41,0,1,1,0,1,1,8,0.257544,0.268689,0,0,0
23015,,7,0,1,1,0,1,1,9,0.250609,0.260973,0,0,0
23024,,7,0,1,1,0,1,1,9,0.214345,0.220682,0,0,0
23025,,53,0,3,3,0,3,3,9,0.184097,0.188283,0,0,0
23028,,7,0,1,1,0,1,1,10,0.179156,0.182314,0,0,0
23029,,41,0,1,1,0,1,1,8,0.257544,0.268689,0,0,0
23033,,7,0,2,2,0,2,2,9,0.197812,0.2025,0,0,0
23036,,16,0,1,1,0,1,1,8,0.239018,0.246295,0,0,0
23037,,16,0,1,1,0,1,1,1,1,1,0,0,0
23040,,41,0,5,5,0,5,5,8,0.25759,0.268866,0,0.25,0
23041,,16,0,1,1,0,1,1,9,0.240079,0.248614,0,0,0
23042,,14,0,1,1,0,1,1,8,0.249084,0.258104,0,0,0
23043,,7,1,4,5,1,4,5,9,0.204875,0.210087,50.955812,0,0.000218
23045,,1,0,1,1,0,1,1,8,0.228936,0.236648,0,0,0
23048,,7,0,2,2,0,2,2,9,0.233517,0.241368,0,0,0
24016,,41,2,1,3,2,1,3,1,1,1,25976,0,0.000347
28703,,41,1,0,1,1,0,1,0,0,0,0,0,0.000174
23053,,7,0,1,1,0,1,1,8,0.245108,0.253561,0,0,0
30462,,36,1,0,1,1,0,1,0,0,0,0,0,0.000181
23056,,7,0,1,1,0,1,1,8,0.244345,0.253397,0,0,0
23057,,36,0,3,3,0,3,3,9,0.223194,0.230322,0,0.166667,0
23058,,36,1,0,1,1,0,1,0,0,0,0,0,0.000168
23059,,41,0,1,1,0,1,1,8,0.257544,0.268689,0,0,0
23062,,16,0,1,1,0,1,1,8,0.226935,0.234515,0,0,0
23063,,16,0,1,1,0,1,1,9,0.216886,0.223977,0,0,0
23064,,53,0,1,1,0,1,1,9,0.212691,0.218392,0,0,0
23065,,25,0,1,1,0,1,1,8,0.234155,0.242097,0,0,0
23066,,7,0,1,1,0,1,1,9,0.231745,0.239907,0,0,0
23067,,1,0,1,1,0,1,1,8,0.242388,0.250662,0,0,0
23068,,487,1,1,2,1,1,2,9,0.210572,0.215915,18827,0,0.000168
23071,,1,0,2,2,0,2,2,8,0.230733,0.238738,0,0,0
23072,,16,0,2,2,0,2,2,9,0.212734,0.218666,0,0,0
23074,,67,0,1,1,0,1,1,1,1,1,0,0,0
23075,,67,0,1,1,0,1,1,1,1,1,0,0,0
23076,,67,0,4,4,0,4,4,9,0.230173,0.23818,0,0.5,0
23078,,7,0,1,1,0,1,1,10,0.166718,0.169204,0,0,0
23079,,7,0,3,3,0,3,3,8,0.270095,0.282629,0,0.666667,0
23081,,16,0,1,1,0,1,1,10,0.17527,0.178457,0,0,0
23082,,16,2,2,4,2,2,4,9,0.212507,0.218244,37651.255556,0,0.000347
23085,,7,0,4,4,0,4,4,9,0.239859,0.247946,0,0,0
23086,,41,0,1,1,0,1,1,9,0.221439,0.22799,0,0,0
23089,,1,0,1,1,0,1,1,8,0.228936,0.236648,0,0,0
23092,,16,0,1,1,0,1,1,9,0.204016,0.209071,0,0,0
23095,,41,0,1,1,0,1,1,8,0.257544,0.268689,0,0,0
23098,,41,0,1,1,0,1,1,10,0.174198,0.17752,0,0,0
23099,,7,0,1,1,0,1,1,1,1,1,0,0,0
23100,,7,0,2,2,0,2,2,9,0.219776,0.226614,0,0,0
23101,,1,0,1,1,0,1,1,8,0.230686,0.237852,0,0,0
23104,,7,0,1,1,0,1,1,8,0.24685,0.256506,0,0,0
23106,,16,0,1,1,0,1,1,9,0.215121,0.221624,0,0,0
23107,,65,0,1,1,0,1,1,9,0.213606,0.219549,0,0,0
23108,,7,0,1,1,0,1,1,9,0.21949,0.225915,0,0,0
23109,,41,0,1,1,0,1,1,10,0.193367,0.197932,0,0,0
23110,,7,0,1,1,0,1,1,8,0.262756,0.273466,0,0,0
23111,,16,0,1,1,0,1,1,9,0.194237,0.198746,0,0,0
23113,,7,0,1,1,0,1,1,9,0.217357,0.223374,0,0,0
23115,,7,0,5,5,0,5,5,8,0.274887,0.28741,0,0.6,0
23116,,41,0,1,1,0,1,1,8,0.257544,0.268689,0,0,0
23118,,16,1,3,4,1,3,4,9,0.217166,0.223616,18827,0,0.000168
27245,,7,1,3,4,1,3,4,9,0.218348,0.224709,25974,0.333333,0.000249
30728,,7,2,2,4,2,2,4,9,0.231839,0.239232,18825,0.333333,0.000423
31958,,7,1,0,1,1,0,1,0,0,0,0,0,0.000249
31186,,7,1,1,2,1,1,2,10,0.188211,0.192093,0,0.5,0.000249
23124,,65,0,1,1,0,1,1,9,0.217956,0.224292,0,0,0
23125,,36,0,1,1,0,1,1,1,1,1,0,0,0
23127,,7,0,1,1,0,1,1,9,0.225592,0.232933,0,0,0
23128,,7,0,1,1,0,1,1,9,0.215296,0.221424,0,0,0
23130,,7,0,2,2,0,2,2,8,0.24823,0.258933,0,0,0
23132,,16,0,2,2,0,2,2,9,0.22764,0.234987,0,0,0
23137,,403,0,1,1,0,1,1,1,1,1,0,0,0
23139,,41,0,1,1,0,1,1,11,0.160269,0.162784,0,0,0
23140,,7,0,4,4,0,4,4,8,0.247284,0.256469,0,0.083333,0
23141,,7,0,1,1,0,1,1,9,0.226406,0.233591,0,0,0
23142,,16,0,1,1,0,1,1,9,0.205031,0.210549,0,0,0
23146,,65,0,1,1,0,1,1,10,0.176164,0.17942,0,0,0
23149,,7,0,1,1,0,1,1,9,0.230193,0.238549,0,0,0
23152,,16,0,1,1,0,1,1,9,0.219952,0.2264,0,0,0
23156,,36,0,1,1,0,1,1,9,0.187731,0.192248,0,0,0
23157,,7,0,2,2,0,2,2,8,0.265453,0.27678,0,0.5,0
23160,,7,0,1,1,0,1,1,9,0.21491,0.22074,0,0,0
23165,,7,0,1,1,0,1,1,1,1,1,0,0,0
23172,,16,0,1,1,0,1,1,1,1,1,0,0,0
23174,,16,0,2,2,0,2,2,8,0.246311,0.25532,0,0,0
23175,,7,0,1,1,0,1,1,8,0.261475,0.272568,0,0,0
23176,,16,0,1,1,0,1,1,9,0.2263,0.234284,0,0,0
23177,,16,0,1,1,0,1,1,9,0.226488,0.233295,0,0,0
23178,,7,0,4,4,0,4,4,8,0.26468,0.27586,0,0.25,0
34664,,7,1,0,1,1,0,1,0,0,0,0,0,0.000168
23179,,7,0,2,2,0,2,2,9,0.224795,0.231525,0,0,0
23181,,16,0,1,1,0,1,1,9,0.220733,0.227408,0,0,0
23182,,16,0,1,1,0,1,1,9,0.221572,0.228332,0,0,0
23188,,1,0,4,4,0,4,4,10,0.17307,0.176399,0,0,0
27510,,1,1,0,1,1,0,1,0,0,0,0,0,0.000168
27511,,1,1,0,1,1,0,1,0,0,0,0,0,0.000168
23189,,41,0,1,1,0,1,1,8,0.257544,0.268689,0,0,0
23190,,65,0,1,1,0,1,1,8,0.234438,0.242011,0,0,0
23192,,41,0,2,2,0,2,2,8,0.231043,0.238005,0,0,0
23196,,12,0,1,1,0,1,1,9,0.195159,0.199512,0,0,0
23200,,7,0,1,1,0,1,1,9,0.230212,0.237592,0,0,0
23202,,7,0,1,1,0,1,1,10,0.173356,0.176347,0,0,0
23204,,16,0,1,1,0,1,1,8,0.236535,0.24595,0,0,0
23205,,16,0,1,1,0,1,1,9,0.206461,0.211854,0,0,0
23206,,7,0,1,1,0,1,1,10,0.196307,0.201066,0,0,0
23210,,16,0,1,1,0,1,1,9,0.218439,0.22522,0,0,0
23212,,1,0,1,1,0,1,1,9,0.205528,0.210774,0,0,0
23213,,1,0,1,1,0,1,1,10,0.188104,0.191839,0,0,0
23214,,7,0,1,1,0,1,1,8,0.262756,0.273466,0,0,0
23216,,7,0,1,1,0,1,1,8,0.225592,0.232523,0,0,0
23217,,41,0,1,1,0,1,1,10,0.174198,0.17752,0,0,0
23223,,7,0,1,1,0,1,1,8,0.238709,0.246069,0,0,0
23224,,7,0,1,1,0,1,1,9,0.235541,0.243648,0,0,0
23225,,7,0,7,7,0,7,7,8,0.279138,0.292404,0,0.619048,0
23226,,36,0,2,2,0,2,2,9,0.231768,0.239971,0,0,0
23227,,16,0,1,1,0,1,1,9,0.202345,0.207606,0,0,0
23228,,7,0,1,1,0,1,1,9,0.200432,0.205412,0,0,0
23230,,16,0,1,1,0,1,1,8,0.236167,0.244733,0,0,0
23233,,67,0,2,2,0,2,2,9,0.224126,0.231661,0,1,0
24137,,16,1,1,2,1,1,2,8,0.251382,0.261452,0,0.5,0.000191
23238,,7,0,1,1,0,1,1,8,0.262756,0.273466,0,0,0
23244,,7,0,1,1,0,1,1,10,0.180328,0.183952,0,0,0
23251,,7,0,3,3,0,3,3,9,0.229928,0.237323,0,0.666667,0
23255,,1,0,1,1,0,1,1,10,0.168065,0.1709,0,0,0
23256,,7,0,1,1,0,1,1,1,1,1,0,0,0
23258,,404,0,1,1,0,1,1,1,1,1,0,0,0
23261,,7,0,1,1,0,1,1,1,1,1,0,0,0
23264,,7,0,1,1,0,1,1,8,0.242744,0.250975,0,0,0
23267,,13,0,1,1,0,1,1,1,1,1,0,0,0
23269,,41,0,1,1,0,1,1,8,0.257544,0.268689,0,0,0
23273,,53,0,1,1,0,1,1,9,0.216853,0.223281,0,0,0
23274,,7,0,1,1,0,1,1,8,0.242475,0.25106,0,0,0
23276,,7,0,24,24,0,24,24,8,0.288897,0.303529,0,0.057971,0
28563,,7,1,0,1,1,0,1,0,0,0,0,0,0.000168
23277,,16,0,2,2,0,2,2,9,0.218603,0.225012,0,0,0
23279,,41,0,2,2,0,2,2,9,0.210715,0.216584,0,0.5,0
23280,,41,0,2,2,0,2,2,9,0.210715,0.216584,0,0.5,0
23282,,1,0,1,1,0,1,1,9,0.194925,0.199722,0,0,0
23283,,16,0,1,1,0,1,1,8,0.247792,0.25846,0,0,0
31863,,634,2,2,4,2,2,4,8,0.227027,0.233512,44799,0,0.000484
33832,,12,1,0,1,1,0,1,0,0,0,0,0,0.000221
24839,,7,1,2,3,1,2,3,8,0.238009,0.245256,3.340614,0,0.000253
23288,,405,0,1,1,0,1,1,1,1,1,0,0,0
23289,,405,1,0,1,1,0,1,0,0,0,0,0,0.000168
23290,,41,0,1,1,0,1,1,8,0.257544,0.268689,0,0,0
23291,,16,0,2,2,0,2,2,8,0.253402,0.263944,0,1,0
23294,,7,0,1,1,0,1,1,9,0.230193,0.238549,0,0,0
29922,,67,1,0,1,1,0,1,0,0,0,0,0,0.000186
34742,,67,1,2,3,1,2,3,8,0.240357,0.248428,0,1,0.000186
23297,,406,0,1,1,0,1,1,1,1,1,0,0,0
23298,,406,1,0,1,1,0,1,0,0,0,0,0,0.000168
23299,,41,0,1,1,0,1,1,8,0.257544,0.268689,0,0,0
23300,,7,1,2,3,1,2,3,9,0.231396,0.239109,0,0.5,0.000173
23505,,7,1,2,3,1,2,3,9,0.231396,0.239109,0,0.5,0.000173
23302,,7,0,1,1,0,1,1,9,0.231387,0.239068,0,0,0
23304,,7,0,1,1,0,1,1,8,0.261475,0.272568,0,0,0
23307,,7,0,1,1,0,1,1,9,0.196475,0.200387,0,0,0
23310,,14,1,1,2,1,1,2,10,0.197661,0.202485,0,0,0.000275
23312,,14,0,1,1,0,1,1,9,0.209627,0.215249,0,0,0
23313,,7,0,1,1,0,1,1,9,0.208171,0.213362,0,0,0
23314,,41,0,1,1,0,1,1,8,0.257544,0.268689,0,0,0
23316,,7,0,1,1,0,1,1,9,0.192348,0.196907,0,0,0
23317,,7,0,1,1,0,1,1,9,0.226164,0.233246,0,0,0
23318,,22,0,1,1,0,1,1,9,0.21286,0.218905,0,0,0
23322,,447,1,1,2,1,1,2,10,0.179803,0.183122,18827,0,0.000168
27040,,69,1,0,1,1,0,1,0,0,0,0,0,0.000393
28728,,69,2,4,6,2,4,6,8,0.237026,0.244481,91.369257,0.5,0.000603
23324,,7,0,1,1,0,1,1,9,0.224975,0.231937,0,0,0
23325,,16,0,1,1,0,1,1,8,0.234266,0.242061,0,0,0
23326,,65,0,1,1,0,1,1,9,0.213606,0.219549,0,0,0
23327,,16,0,1,1,0,1,1,9,0.215775,0.22222,0,0,0
23329,,81,1,2,3,1,2,3,12,0.128773,0.130274,1,0.166667,0.000168
23330,,12,0,1,1,0,1,1,9,0.19871,0.20374,0,0,0
23333,,41,0,4,4,0,4,4,9,0.209354,0.215458,0,0.166667,0
23337,,16,1,2,3,1,2,3,8,0.224605,0.231824,1,0.333333,0.000168
23338,,16,1,1,2,1,1,2,8,0.224596,0.231783,0,0.5,0.000173
23339,,16,0,1,1,0,1,1,9,0.204541,0.20984,0,0,0
23340,,41,0,1,1,0,1,1,8,0.257544,0.268689,0,0,0
23343,,7,0,1,1,0,1,1,9,0.225166,0.232311,0,0,0
23346,,36,0,3,3,0,3,3,9,0.191327,0.196087,0,0.166667,0
23349,,41,0,1,1,0,1,1,9,0.211371,0.217148,0,0,0
23350,,41,0,1,1,0,1,1,9,0.211371,0.217148,0,0,0
23351,,41,0,1,1,0,1,1,9,0.211371,0.217148,0,0,0
23352,,41,0,1,1,0,1,1,9,0.211371,0.217148,0,0,0
23353,,41,0,1,1,0,1,1,9,0.211371,0.217148,0,0,0
23354,,41,0,1,1,0,1,1,9,0.211371,0.217148,0,0,0
23355,,41,0,1,1,0,1,1,9,0.211371,0.217148,0,0,0
23356,,41,0,1,1,0,1,1,9,0.211371,0.217148,0,0,0
23357,,41,0,1,1,0,1,1,9,0.211371,0.217148,0,0,0
23358,,7,0,1,1,0,1,1,9,0.200066,0.204368,0,0,0
23359,,36,0,1,1,0,1,1,9,0.211727,0.217557,0,0,0
23360,,16,0,1,1,0,1,1,10,0.188939,0.193124,0,0,0
23361,,7,0,1,1,0,1,1,8,0.262756,0.273466,0,0,0
23362,,7,0,1,1,0,1,1,9,0.217144,0.223521,0,0,0
23364,,65,0,3,3,0,3,3,8,0.251624,0.261768,0,0.166667,0
23367,,81,0,1,1,0,1,1,8,0.227539,0.234069,0,0,0
23368,,16,0,3,3,0,3,3,8,0.25217,0.262369,0,0.666667,0
23372,,16,0,2,2,0,2,2,9,0.210609,0.217128,0,0,0
26794,,407,1,0,1,1,0,1,0,0,0,0,0,0.000178
23375,,7,0,2,2,0,2,2,8,0.245889,0.254091,0,0.5,0
23377,,14,0,1,1,0,1,1,8,0.247395,0.256736,0,0,0
23382,,7,0,1,1,0,1,1,8,0.261475,0.272568,0,0,0
23383,,16,0,1,1,0,1,1,9,0.219196,0.225231,0,0,0
23385,,7,0,1,1,0,1,1,8,0.261475,0.272568,0,0,0
23387,,408,0,2,2,0,2,2,10,0.182237,0.186189,0,0,0
23388,,25,0,1,1,0,1,1,8,0.234155,0.242097,0,0,0
23389,,81,0,1,1,0,1,1,9,0.191257,0.195049,0,0,0
23396,,7,0,1,1,0,1,1,8,0.261475,0.272568,0,0,0
23397,,16,0,1,1,0,1,1,8,0.239018,0.246295,0,0,0
23398,,7,0,1,1,0,1,1,8,0.261475,0.272568,0,0,0
23399,,12,0,3,3,0,3,3,9,0.210569,0.216892,0,0.333333,0
23401,,7,0,1,1,0,1,1,8,0.237931,0.245428,0,0,0
23402,,7,0,1,1,0,1,1,8,0.261475,0.272568,0,0,0
23404,,12,0,1,1,0,1,1,10,0.164896,0.168023,0,0,0
23405,,12,0,1,1,0,1,1,10,0.164896,0.168023,0,0,0
23406,,41,0,2,2,0,2,2,11,0.149135,0.151261,0,0,0
23407,,41,0,1,1,0,1,1,9,0.195066,0.199384,0,0,0
23410,,41,0,1,1,0,1,1,9,0.234736,0.243231,0,0,0
23411,,16,0,1,1,0,1,1,9,0.22643,0.233486,0,0,0
23413,,32,3,4,7,3,4,7,8,0.247926,0.256912,29.497663,0.4,0.000548
23415,,409,0,1,1,0,1,1,1,1,1,0,0,0
23416,,409,1,0,1,1,0,1,0,0,0,0,0,0.000168
23419,,67,0,2,2,0,2,2,10,0.192448,0.19684,0,0,0
23420,,16,0,1,1,0,1,1,8,0.251382,0.261452,0,0,0
23423,,7,0,9,9,0,9,9,8,0.249861,0.259348,0,0.041667,0
23424,,25,0,1,1,0,1,1,10,0.184133,0.188043,0,0,0
23426,,410,0,1,1,0,1,1,1,1,1,0,0,0
23427,,410,1,0,1,1,0,1,0,0,0,0,0,0.000168
23428,,16,0,1,1,0,1,1,8,0.226935,0.234515,0,0,0
23429,,41,0,1,1,0,1,1,9,0.213921,0.219948,0,0,0
23430,,7,0,1,1,0,1,1,9,0.213453,0.219651,0,0,0
23431,,69,0,1,1,0,1,1,9,0.215114,0.220919,0,0,0
23432,,7,0,1,1,0,1,1,9,0.210238,0.215702,0,0,0
23433,,7,0,1,1,0,1,1,9,0.210238,0.215702,0,0,0
23434,,411,0,2,2,0,2,2,9,0.210247,0.215743,0,0,0
32005,,411,1,0,1,1,0,1,0,0,0,0,0,0.000168
23435,,7,0,4,4,0,4,4,8,0.261504,0.272456,0,0.666667,0
23438,,7,0,1,1,0,1,1,9,0.196729,0.201349,0,0,0
23440,,7,0,1,1,0,1,1,9,0.226164,0.233246,0,0,0
23441,,41,0,1,1,0,1,1,9,0.210713,0.216558,0,0,0
23442,,67,0,1,1,0,1,1,1,1,1,0,0,0
23444,,16,0,1,1,0,1,1,9,0.197937,0.202631,0,0,0
23445,,7,0,1,1,0,1,1,9,0.199921,0.204514,0,0,0
23446,,7,0,1,1,0,1,1,9,0.188504,0.192408,0,0,0
23447,,16,0,1,1,0,1,1,9,0.207847,0.213712,0,0,0
23448,,7,0,1,1,0,1,1,8,0.262756,0.273466,0,0,0
23449,,41,1,2,3,1,2,3,8,0.234956,0.243204,1087.049785,0,0.000182
23451,,16,0,1,1,0,1,1,8,0.253484,0.263352,0,0,0
23452,,7,0,2,2,0,2,2,9,0.233279,0.24137,0,0.5,0
23453,,7,0,2,2,0,2,2,8,0.227311,0.23448,0,1,0
23457,,7,0,1,1,0,1,1,9,0.223294,0.230462,0,0,0
23458,,7,0,1,1,0,1,1,8,0.261475,0.272568,0,0,0
23459,,14,0,1,1,0,1,1,10,0.186041,0.189992,0,0,0
23463,,1,0,1,1,0,1,1,10,0.188104,0.191839,0,0,0
23464,,7,0,2,2,0,2,2,8,0.262774,0.273524,0,0.5,0
23465,,7,0,1,1,0,1,1,8,0.234991,0.243288,0,0,0
23467,,16,0,1,1,0,1,1,8,0.246659,0.25616,0,0,0
23468,,7,0,2,2,0,2,2,8,0.268669,0.280161,0,0.5,0
23471,,16,0,1,1,0,1,1,8,0.234514,0.24306,0,0,0
23472,,16,0,1,1,0,1,1,8,0.247792,0.25846,0,0,0
23473,,16,0,1,1,0,1,1,9,0.218178,0.22459,0,0,0
23477,,16,0,2,2,0,2,2,8,0.246124,0.255094,0,0,0
23478,,16,1,0,1,1,0,1,0,0,0,0,0,0.000168
23480,,7,0,1,1,0,1,1,8,0.261475,0.272568,0,0,0
23481,,412,0,2,2,0,2,2,8,0.261485,0.272606,0,0,0
23482,,412,1,0,1,1,0,1,0,0,0,0,0,0.000168
23484,,7,0,1,1,0,1,1,9,0.207826,0.213634,0,0,0
23486,,41,0,1,1,0,1,1,10,0.174198,0.17752,0,0,0
23487,,7,0,3,3,0,3,3,8,0.263909,0.274762,0,0.166667,0
23488,,2,0,1,1,0,1,1,9,0.2022,0.207376,0,0,0
23490,,7,0,1,1,0,1,1,9,0.206708,0.212248,0,0,0
23491,,2,0,1,1,0,1,1,9,0.2022,0.207376,0,0,0
23494,,413,0,1,1,0,1,1,2,0.666667,0.75,0,0,0
23495,,413,1,1,2,1,1,2,1,1,1,1,0,0.000168
24664,,413,1,0,1,1,0,1,0,0,0,0,0,0.000173
23496,,36,0,1,1,0,1,1,1,1,1,0,0,0
23497,,644,1,2,3,1,2,3,1,1,1,2,0,0.000168
23499,,12,0,1,1,0,1,1,10,0.164896,0.168023,0,0,0
23501,,65,0,1,1,0,1,1,9,0.191553,0.195654,0,0,0
23502,,67,0,5,5,0,5,5,8,0.263942,0.275129,0,0.4,0
23503,,7,0,1,1,0,1,1,9,0.229906,0.237162,0,0,0
23506,,7,0,1,1,0,1,1,9,0.246124,0.25571,0,0,0
23507,,7,0,1,1,0,1,1,9,0.231387,0.239068,0,0,0
23513,,7,0,1,1,0,1,1,9,0.188691,0.192981,0,0,0
23515,,16,0,1,1,0,1,1,8,0.251382,0.261452,0,0,0
23517,,25,0,2,2,0,2,2,9,0.215149,0.220984,0,1,0
23518,,7,0,1,1,0,1,1,8,0.261475,0.272568,0,0,0
23519,,7,0,1,1,0,1,1,8,0.261475,0.272568,0,0,0
23520,,41,0,1,1,0,1,1,8,0.235753,0.244207,0,0,0
23521,,1,0,1,1,0,1,1,8,0.242388,0.250662,0,0,0
23523,,2,0,2,2,0,2,2,8,0.262463,0.273725,0,0.5,0
23526,,67,0,1,1,0,1,1,10,0.178452,0.182062,0,0,0
23528,,67,0,1,1,0,1,1,10,0.179807,0.18361,0,0,0
23529,,67,0,1,1,0,1,1,10,0.178452,0.182062,0,0,0
24157,,36,1,0,1,1,0,1,0,0,0,0,0,0.000183
23531,,16,0,1,1,0,1,1,1,1,1,0,0,0
23534,,16,0,2,2,0,2,2,9,0.221313,0.228429,0,0,0
23535,,16,1,0,1,1,0,1,0,0,0,0,0,0.000168
23536,,16,0,2,2,0,2,2,8,0.234569,0.24317,0,0,0
23539,,7,0,1,1,0,1,1,9,0.212064,0.218043,0,0,0
23540,,16,0,2,2,0,2,2,8,0.231648,0.239227,0,0,0
23543,,65,0,1,1,0,1,1,9,0.195014,0.200132,0,0,0
23544,,7,0,1,1,0,1,1,9,0.20851,0.213918,0,0,0
23548,,414,0,1,1,0,1,1,1,1,1,0,0,0
23549,,414,1,0,1,1,0,1,0,0,0,0,0,0.000168
23551,,7,0,1,1,0,1,1,9,0.212011,0.2181,0,0,0
23553,,16,0,1,1,0,1,1,9,0.224454,0.231835,0,0,0
23560,,67,0,1,1,0,1,1,12,0.132253,0.133759,0,0,0
23563,,69,0,3,3,0,3,3,8,0.231566,0.239199,0,0.5,0
23567,,7,0,1,1,0,1,1,9,0.208619,0.214261,0,0,0
23573,,7,0,9,9,0,9,9,8,0.272137,0.284358,0,0.180556,0
23574,,16,0,3,3,0,3,3,8,0.265734,0.277125,0,0.166667,0
23575,,1,0,1,1,0,1,1,9,0.194229,0.199337,0,0,0
23577,,32,0,1,1,0,1,1,8,0.234493,0.242444,0,0,0
23579,,16,0,2,2,0,2,2,9,0.232515,0.240037,0,0,0
23581,,16,0,1,1,0,1,1,8,0.251382,0.261452,0,0,0
23582,,7,0,1,1,0,1,1,9,0.213262,0.219061,0,0,0
23584,,7,0,1,1,0,1,1,9,0.213262,0.219061,0,0,0
23585,,16,0,2,2,0,2,2,10,0.188144,0.192473,0,0,0
23586,,16,0,1,1,0,1,1,8,0.23949,0.247366,0,0,0
23593,,16,0,1,1,0,1,1,1,1,1,0,0,0
23597,,7,0,1,1,0,1,1,10,0.178867,0.182209,0,0,0
23598,,16,0,1,1,0,1,1,8,0.235824,0.242716,0,0,0
23599,,7,0,1,1,0,1,1,9,0.192348,0.196907,0,0,0
23600,,16,0,3,3,0,3,3,9,0.190783,0.195193,0,0.333333,0
23601,,67,0,1,1,0,1,1,11,0.148625,0.15072,0,0,0
23602,,67,2,1,3,2,1,3,10,0.174562,0.177969,18827,0.166667,0.000336
23952,,16,1,0,1,1,0,1,0,0,0,0,0,0.000356
24739,,16,1,1,2,1,1,2,1,1,1,0,0.5,0.000356
27851,,16,1,1,2,1,1,2,8,0.262757,0.273467,213.280042,0,0.000356
29172,,16,1,2,3,1,2,3,8,0.239306,0.248948,0,1,0.000356
31915,,16,1,0,1,1,0,1,0,0,0,0,0,0.000356
27324,,16,2,2,4,2,2,4,8,0.240874,0.249044,29.100158,0.333333,0.000749
23605,,41,0,1,1,0,1,1,8,0.234094,0.242348,0,0,0
23606,,7,0,2,2,0,2,2,9,0.236672,0.244711,0,1,0
23608,,41,0,1,1,0,1,1,8,0.232025,0.239654,0,0,0
23611,,67,0,1,1,0,1,1,9,0.18178,0.185595,0,0,0
23613,,7,0,1,1,0,1,1,8,0.234991,0.243288,0,0,0
23615,,47,0,1,1,0,1,1,1,1,1,0,0,0
23618,,47,0,1,1,0,1,1,1,1,1,0,0,0
23619,,1,0,1,1,0,1,1,9,0.210916,0.217293,0,0,0
23620,,41,0,1,1,0,1,1,9,0.189768,0.194199,0,0,0
23622,,16,0,1,1,0,1,1,9,0.219513,0.225942,0,0,0
23623,,7,0,1,1,0,1,1,8,0.262756,0.273466,0,0,0
23624,,65,0,1,1,0,1,1,8,0.234438,0.242011,0,0,0
23625,,1,0,1,1,0,1,1,10,0.188104,0.191839,0,0,0
23626,,7,0,2,2,0,2,2,8,0.239969,0.247926,0,0,0
23627,,69,0,1,1,0,1,1,10,0.180202,0.183631,0,0,0
23628,,41,0,2,2,0,2,2,8,0.24171,0.249877,0,0,0
23629,,7,0,1,1,0,1,1,9,0.218586,0.224778,0,0,0
23630,,16,0,4,4,0,4,4,8,0.24623,0.256825,0,0.5,0
23631,,7,0,3,3,0,3,3,8,0.243271,0.252785,0,0.333333,0
23634,,41,0,1,1,0,1,1,8,0.257544,0.268689,0,0,0
23635,,7,0,1,1,0,1,1,9,0.215533,0.221823,0,0,0
23636,,7,0,4,4,0,4,4,8,0.244224,0.252906,0,0,0
23638,,32,0,1,1,0,1,1,1,1,1,0,0,0
23640,,2,0,2,2,0,2,2,9,0.231706,0.23907,0,0.5,0
23641,,415,0,1,1,0,1,1,1,1,1,0,0,0
23642,,415,1,0,1,1,0,1,0,0,0,0,0,0.000168
23643,,47,0,1,1,0,1,1,1,1,1,0,0,0
23644,,7,0,1,1,0,1,1,10,0.180963,0.184482,0,0,0
23645,,16,0,1,1,0,1,1,9,0.227687,0.23488,0,0,0
23646,,47,0,1,1,0,1,1,1,1,1,0,0,0
23652,,7,0,1,1,0,1,1,10,0.179156,0.182314,0,0,0
23653,,41,0,1,1,0,1,1,8,0.257544,0.268689,0,0,0
23654,,47,0,1,1,0,1,1,1,1,1,0,0,0
23655,,41,0,1,1,0,1,1,10,0.169558,0.172331,0,0,0
23656,,47,0,1,1,0,1,1,1,1,1,0,0,0
23657,,16,0,2,2,0,2,2,8,0.24615,0.255143,0,1,0
23658,,7,0,1,1,0,1,1,9,0.220178,0.227274,0,0,0
23659,,7,0,1,1,0,1,1,1,1,1,0,0,0
23660,,22,0,1,1,0,1,1,9,0.196738,0.201165,0,0,0
23661,,7,0,1,1,0,1,1,1,1,1,0,0,0
23663,,16,0,1,1,0,1,1,9,0.21089,0.216438,0,0,0
23664,,16,0,1,1,0,1,1,10,0.18579,0.19008,0,0,0
23668,,16,0,3,3,0,3,3,8,0.23655,0.244148,0,0.166667,0
30655,,16,1,0,1,1,0,1,0,0,0,0,0,0.000175
23671,,47,0,1,1,0,1,1,1,1,1,0,0,0
23672,,47,0,1,1,0,1,1,1,1,1,0,0,0
23673,,7,0,1,1,0,1,1,9,0.194371,0.198311,0,0,0
23674,,7,0,1,1,0,1,1,8,0.251664,0.260845,0,0,0
23675,,16,0,2,2,0,2,2,8,0.22596,0.232875,0,0,0
23676,,16,0,1,1,0,1,1,9,0.222226,0.228905,0,0,0
23678,,41,0,1,1,0,1,1,9,0.219299,0.22534,0,0,0
23681,,7,0,1,1,0,1,1,8,0.261475,0.272568,0,0,0
23682,,65,0,1,1,0,1,1,10,0.173471,0.176828,0,0,0
23684,,47,0,1,1,0,1,1,1,1,1,0,0,0
23688,,41,0,1,1,0,1,1,11,0.149128,0.151216,0,0,0
23689,,41,0,1,1,0,1,1,9,0.186402,0.190307,0,0,0
23690,,16,0,1,1,0,1,1,8,0.232987,0.241273,0,0,0
23693,,7,0,1,1,0,1,1,8,0.251523,0.26155,0,0,0
23697,,7,0,2,2,0,2,2,8,0.247116,0.256156,0,1,0
23699,,67,0,2,2,0,2,2,10,0.174569,0.178013,0,0.5,0
24638,,16,7,5,12,7,5,12,8,0.251422,0.261625,31806.59057,0.188889,0.001402
23701,,16,0,2,2,0,2,2,8,0.244739,0.253503,0,1,0
23702,,41,0,1,1,0,1,1,9,0.204804,0.210198,0,0,0
23704,,16,0,1,1,0,1,1,9,0.224032,0.231579,0,0,0
23705,,16,0,1,1,0,1,1,10,0.177857,0.181197,0,0,0
23706,,416,0,1,1,0,1,1,1,1,1,0,0,0
23707,,416,1,0,1,1,0,1,0,0,0,0,0,0.000168
23708,,32,0,1,1,0,1,1,9,0.202563,0.207588,0,0,0
23709,,7,0,1,1,0,1,1,9,0.187975,0.192022,0,0,0
23713,,16,0,4,4,0,4,4,9,0.231103,0.238764,0,0.166667,0
23715,,417,0,1,1,0,1,1,1,1,1,0,0,0
23716,,417,1,0,1,1,0,1,0,0,0,0,0,0.000168
23717,,65,0,1,1,0,1,1,9,0.217956,0.224292,0,0,0
23718,,12,0,1,1,0,1,1,9,0.185524,0.189879,0,0,0
23719,,7,0,4,4,0,4,4,8,0.250987,0.260598,0,0.083333,0
23720,,7,0,2,2,0,2,2,8,0.232421,0.239675,0,1,0
23721,,16,0,1,1,0,1,1,9,0.188905,0.193288,0,0,0
23723,,41,0,1,1,0,1,1,8,0.229134,0.236292,0,0,0
23724,,16,0,1,1,0,1,1,9,0.217908,0.22531,0,0,0
23725,,7,0,2,2,0,2,2,8,0.244456,0.253096,0,1,0
23726,,7,0,1,1,0,1,1,1,1,1,0,0,0
23728,,16,0,1,1,0,1,1,9,0.228655,0.236493,0,0,0
23729,,41,0,1,1,0,1,1,8,0.232025,0.239654,0,0,0
23732,,7,0,1,1,0,1,1,9,0.227844,0.235164,0,0,0
23734,,7,0,1,1,0,1,1,9,0.226897,0.234639,0,0,0
23735,,7,0,2,2,0,2,2,9,0.229878,0.23724,0,1,0
23737,,7,0,1,1,0,1,1,10,0.179156,0.182314,0,0,0
23738,,36,0,1,1,0,1,1,10,0.179305,0.182808,0,0,0
23740,,25,0,1,1,0,1,1,9,0.211834,0.217468,0,0,0
23742,,7,0,1,1,0,1,1,8,0.263006,0.273325,0,0,0
23743,,16,0,1,1,0,1,1,10,0.177858,0.181572,0,0,0
23744,,16,1,3,4,1,3,4,8,0.234525,0.243131,2,0.416667,0.000168
23746,,7,0,1,1,0,1,1,9,0.230193,0.238549,0,0,0
23747,,47,0,1,1,0,1,1,1,1,1,0,0,0
23748,,47,0,1,1,0,1,1,1,1,1,0,0,0
23749,,7,0,1,1,0,1,1,8,0.229797,0.237062,0,0,0
23750,,47,0,2,2,0,2,2,8,0.25216,0.261649,0,0,0
23751,,7,0,1,1,0,1,1,8,0.238404,0.246059,0,0,0
23754,,2,0,1,1,0,1,1,1,1,1,0,0,0
23755,,418,0,1,1,0,1,1,1,1,1,0,0,0
23756,,418,1,0,1,1,0,1,0,0,0,0,0,0.000168
23758,,47,0,1,1,0,1,1,1,1,1,0,0,0
23759,,7,0,1,1,0,1,1,8,0.248325,0.257194,0,0,0
23760,,7,0,1,1,0,1,1,9,0.210235,0.215854,0,0,0
23761,,16,0,1,1,0,1,1,8,0.232987,0.241273,0,0,0
23763,,47,0,1,1,0,1,1,1,1,1,0,0,0
23766,,7,0,1,1,0,1,1,8,0.262756,0.273466,0,0,0
23767,,7,0,2,2,0,2,2,9,0.216552,0.22303,0,0,0
23768,,419,0,1,1,0,1,1,1,1,1,0,0,0
23769,,419,2,0,2,2,0,2,0,0,0,0,0,0.000336
23771,,16,0,6,6,0,6,6,8,0.252925,0.264559,0,0.133333,0
23773,,14,0,1,1,0,1,1,9,0.212083,0.218052,0,0,0
23774,,47,0,1,1,0,1,1,1,1,1,0,0,0
25063,,16,1,1,2,1,1,2,9,0.211523,0.217076,0,0,0.000363
34523,,16,1,0,1,1,0,1,0,0,0,0,0,0.000363
23776,,7,0,4,4,0,4,4,8,0.26169,0.272889,0,0.333333,0
23779,,41,0,1,1,0,1,1,9,0.210104,0.215708,0,0,0
23781,,81,0,1,1,0,1,1,9,0.21024,0.215629,0,0,0
28627,,2,1,2,3,1,2,3,9,0.217836,0.224598,25974,0.5,0.001427
26146,,2,7,3,10,7,3,10,9,0.217846,0.224647,190854,0,0.002441
28838,,2,2,3,5,2,3,5,8,0.233001,0.241062,0,1,0.001908
28623,,2,1,3,4,1,3,4,8,0.233001,0.241062,0,1,0.001427
30676,,2,2,2,4,2,2,4,8,0.232981,0.240993,0,0.666667,0.001595
28820,,2,1,3,4,1,3,4,8,0.233001,0.241062,0,1,0.001427
29026,,2,1,2,3,1,2,3,8,0.232981,0.240993,0,1,0.001427
28596,,2,2,3,5,2,3,5,8,0.233001,0.241062,462.597978,0.666667,0.001595
28795,,2,3,2,5,3,2,5,8,0.232981,0.240993,0,0.666667,0.001854
32887,,2,1,2,3,1,2,3,9,0.217836,0.224598,58.709242,0,0.001427
23785,,47,0,1,1,0,1,1,1,1,1,0,0,0
23786,,7,0,1,1,0,1,1,8,0.245108,0.253561,0,0,0
23787,,67,0,1,1,0,1,1,10,0.179218,0.18288,0,0,0
23788,,47,0,1,1,0,1,1,1,1,1,0,0,0
23789,,7,0,1,1,0,1,1,9,0.227844,0.235164,0,0,0
23790,,7,0,1,1,0,1,1,8,0.234059,0.241902,0,0,0
23792,,7,0,1,1,0,1,1,9,0.216146,0.222184,0,0,0
23793,,7,0,1,1,0,1,1,10,0.179156,0.182314,0,0,0
23794,,191,0,1,1,0,1,1,1,1,1,0,0,0
23795,,7,0,6,6,0,6,6,8,0.26512,0.276589,0,0.433333,0
23797,,16,0,1,1,0,1,1,9,0.229337,0.237191,0,0,0
23798,,47,0,1,1,0,1,1,1,1,1,0,0,0
23799,,16,0,1,1,0,1,1,8,0.251382,0.261452,0,0,0
23800,,47,0,1,1,0,1,1,1,1,1,0,0,0
23801,,16,0,2,2,0,2,2,9,0.188596,0.192963,0,0.5,0
23802,,7,0,5,5,0,5,5,8,0.264253,0.275501,0,0.2,0
26997,,7,1,0,1,1,0,1,0,0,0,0,0,0.000194
23806,,1,0,1,1,0,1,1,8,0.228936,0.236648,0,0,0
23808,,14,0,1,1,0,1,1,9,0.199422,0.203947,0,0,0
23810,,16,0,1,1,0,1,1,9,0.232956,0.241234,0,0,0
23812,,67,0,4,4,0,4,4,8,0.242232,0.251002,0,0.166667,0
28971,,67,2,1,3,2,1,3,1,1,1,25976,0,0.00035
30845,,14,1,0,1,1,0,1,0,0,0,0,0,0.000199
23818,,1,0,1,1,0,1,1,8,0.230853,0.23867,0,0,0
23819,,14,0,2,2,0,2,2,9,0.199439,0.204016,0,0,0
26014,,16,1,0,1,1,0,1,0,0,0,0,0,0.000173
23823,,41,0,1,1,0,1,1,9,0.234736,0.243231,0,0,0
23828,,16,0,2,2,0,2,2,8,0.250296,0.260255,0,0.5,0
23829,,41,0,2,2,0,2,2,9,0.210715,0.216584,0,0.5,0
23830,,53,0,3,3,0,3,3,9,0.218957,0.225566,0,0,0
23833,,7,0,1,1,0,1,1,9,0.224027,0.230383,0,0,0
23835,,16,0,1,1,0,1,1,9,0.23172,0.239817,0,0,0
23839,,7,0,1,1,0,1,1,8,0.249401,0.258769,0,0,0
23840,,41,0,1,1,0,1,1,1,1,1,0,0,0
23843,,12,0,1,1,0,1,1,10,0.179083,0.182788,0,0,0
23844,,2,0,2,2,0,2,2,8,0.237667,0.24587,0,0.5,0
31872,,69,2,2,4,2,2,4,8,0.235096,0.242449,0,1,0.00039
23850,,7,0,1,1,0,1,1,9,0.224821,0.231852,0,0,0
23851,,12,0,1,1,0,1,1,10,0.164896,0.168023,0,0,0
23852,,12,0,1,1,0,1,1,10,0.164896,0.168023,0,0,0
23853,,12,0,1,1,0,1,1,10,0.164896,0.168023,0,0,0
23854,,420,0,5,5,0,5,5,1,1,1,0,0,0
23855,,420,25,0,25,25,0,25,0,0,0,0,0,0.004204
23856,,420,25,0,25,25,0,25,0,0,0,0,0,0.004204
23857,,420,25,0,25,25,0,25,0,0,0,0,0,0.004204
23858,,420,25,0,25,25,0,25,0,0,0,0,0,0.004204
23859,,420,25,0,25,25,0,25,0,0,0,0,0,0.004204
23860,,420,0,5,5,0,5,5,1,1,1,0,0,0
23861,,420,0,5,5,0,5,5,1,1,1,0,0,0
23862,,7,0,1,1,0,1,1,8,0.245108,0.253561,0,0,0
23863,,420,0,1,1,0,1,1,1,1,1,0,0,0
23864,,420,9,0,9,9,0,9,0,0,0,0,0,0.001513
23866,,420,0,6,6,0,6,6,1,1,1,0,0,0
23867,,420,8,0,8,8,0,8,0,0,0,0,0,0.001345
23868,,420,8,0,8,8,0,8,0,0,0,0,0,0.001345
23869,,420,8,0,8,8,0,8,0,0,0,0,0,0.001345
23870,,420,8,0,8,8,0,8,0,0,0,0,0,0.001345
23871,,420,8,0,8,8,0,8,0,0,0,0,0,0.001345
23872,,420,0,6,6,0,6,6,1,1,1,0,0,0
23873,,420,0,6,6,0,6,6,1,1,1,0,0,0
23874,,420,0,6,6,0,6,6,1,1,1,0,0,0
23875,,420,0,5,5,0,5,5,1,1,1,0,0,0
23876,,420,0,5,5,0,5,5,1,1,1,0,0,0
23877,,420,0,5,5,0,5,5,1,1,1,0,0,0
23878,,420,0,5,5,0,5,5,1,1,1,0,0,0
23880,,16,0,1,1,0,1,1,9,0.225957,0.2335,0,0,0
23881,,420,0,5,5,0,5,5,1,1,1,0,0,0
23882,,420,0,5,5,0,5,5,1,1,1,0,0,0
23883,,420,0,5,5,0,5,5,1,1,1,0,0,0
23884,,420,0,5,5,0,5,5,1,1,1,0,0,0
23885,,420,0,5,5,0,5,5,1,1,1,0,0,0
23886,,420,0,5,5,0,5,5,1,1,1,0,0,0
23887,,420,0,11,11,0,11,11,1,1,1,0,0,0
23888,,420,0,11,11,0,11,11,1,1,1,0,0,0
23889,,420,0,11,11,0,11,11,1,1,1,0,0,0
23890,,1,0,1,1,0,1,1,9,0.222605,0.230046,0,0,0
23892,,16,0,4,4,0,4,4,9,0.215805,0.222364,0,0.25,0
28619,,16,1,0,1,1,0,1,0,0,0,0,0,0.000168
23893,,420,0,11,11,0,11,11,1,1,1,0,0,0
23894,,7,0,1,1,0,1,1,8,0.237667,0.245207,0,0,0
23895,,420,0,6,6,0,6,6,1,1,1,0,0,0
23896,,420,8,0,8,8,0,8,0,0,0,0,0,0.001345
23897,,420,0,6,6,0,6,6,1,1,1,0,0,0
23898,,420,0,6,6,0,6,6,1,1,1,0,0,0
23899,,1,0,1,1,0,1,1,8,0.230853,0.23867,0,0,0
23900,,420,0,6,6,0,6,6,1,1,1,0,0,0
23901,,53,0,1,1,0,1,1,9,0.214913,0.220648,0,0,0
23903,,7,0,2,2,0,2,2,9,0.224744,0.232213,0,0.5,0
23910,,420,0,6,6,0,6,6,1,1,1,0,0,0
23911,,420,0,6,6,0,6,6,1,1,1,0,0,0
23912,,420,0,6,6,0,6,6,1,1,1,0,0,0
23913,,420,0,6,6,0,6,6,1,1,1,0,0,0
23914,,7,0,1,1,0,1,1,9,0.214077,0.219575,0,0,0
23917,,41,0,1,1,0,1,1,8,0.232025,0.239654,0,0,0
23920,,16,0,1,1,0,1,1,9,0.218624,0.225127,0,0,0
23921,,7,0,1,1,0,1,1,9,0.23711,0.245258,0,0,0
23923,,16,0,1,1,0,1,1,8,0.21785,0.224416,0,0,0
23925,,7,0,1,1,0,1,1,9,0.20573,0.211439,0,0,0
23927,,421,0,1,1,0,1,1,1,1,1,0,0,0
23928,,421,1,0,1,1,0,1,0,0,0,0,0,0.000168
23929,,2,0,1,1,0,1,1,9,0.20215,0.206814,0,0,0
23930,,7,0,1,1,0,1,1,9,0.22543,0.232572,0,0,0
23931,,67,0,6,6,0,6,6,9,0.211872,0.217775,0,0.233333,0
23932,,67,1,0,1,1,0,1,0,0,0,0,0,0.000168
23934,,67,0,2,2,0,2,2,9,0.216298,0.222793,0,1,0
23940,,7,0,1,1,0,1,1,1,1,1,0,0,0
23941,,12,0,3,3,0,3,3,11,0.141565,0.143585,0,0.166667,0
23943,,16,0,1,1,0,1,1,9,0.224454,0.231835,0,0,0
23944,,7,0,1,1,0,1,1,8,0.251664,0.260845,0,0,0
23945,,41,0,1,1,0,1,1,9,0.210713,0.216558,0,0,0
23949,,41,0,1,1,0,1,1,9,0.197236,0.201881,0,0,0
23955,,7,0,1,1,0,1,1,8,0.24685,0.256506,0,0,0
23956,,7,0,2,2,0,2,2,8,0.237313,0.245018,0,0,0
23960,,7,0,1,1,0,1,1,8,0.252153,0.261614,0,0,0
23961,,65,0,1,1,0,1,1,8,0.234438,0.242011,0,0,0
23962,,422,0,1,1,0,1,1,1,1,1,0,0,0
23963,,422,1,0,1,1,0,1,0,0,0,0,0,0.000168
23964,,16,0,2,2,0,2,2,9,0.196258,0.200926,0,0,0
23968,,7,0,1,1,0,1,1,8,0.262756,0.273466,0,0,0
23972,,7,0,1,1,0,1,1,1,1,1,0,0,0
23974,,7,0,5,5,0,5,5,8,0.272483,0.28502,0,0,0
31567,,7,1,1,2,1,1,2,9,0.209536,0.215068,1,0,0.000168
23976,,7,0,1,1,0,1,1,9,0.224094,0.230626,0,0,0
23977,,16,0,1,1,0,1,1,8,0.23897,0.247046,0,0,0
23980,,7,0,1,1,0,1,1,1,1,1,0,0,0
33701,,16,1,1,2,1,1,2,9,0.202113,0.207303,0,0,0.000231
35269,,16,1,0,1,1,0,1,0,0,0,0,0,0.000226
23983,,7,0,1,1,0,1,1,9,0.212939,0.218795,0,0,0
23984,,7,0,1,1,0,1,1,9,0.207609,0.212853,0,0,0
23986,,423,0,1,1,0,1,1,1,1,1,0,0,0
23987,,423,1,0,1,1,0,1,0,0,0,0,0,0.000168
23988,,7,0,1,1,0,1,1,8,0.231137,0.237861,0,0,0
23990,,16,0,1,1,0,1,1,8,0.239859,0.247713,0,0,0
23994,,16,0,3,3,0,3,3,8,0.236988,0.244972,0,0.333333,0
23996,,7,0,1,1,0,1,1,8,0.230995,0.238519,0,0,0
23997,,7,0,1,1,0,1,1,9,0.235167,0.243063,0,0,0
23999,,12,0,1,1,0,1,1,9,0.185524,0.189879,0,0,0
24000,,16,0,1,1,0,1,1,9,0.202777,0.207926,0,0,0
24001,,7,0,2,2,0,2,2,9,0.222523,0.229779,0,0.5,0
24002,,16,0,1,1,0,1,1,8,0.239859,0.247713,0,0,0
24004,,7,0,1,1,0,1,1,8,0.262756,0.273466,0,0,0
24005,,424,0,1,1,0,1,1,1,1,1,0,0,0
24006,,424,1,0,1,1,0,1,0,0,0,0,0,0.000168
24009,,7,0,2,2,0,2,2,8,0.22458,0.231576,0,0,0
24010,,7,0,1,1,0,1,1,8,0.262756,0.273466,0,0,0
24012,,7,0,3,3,0,3,3,8,0.2427,0.251418,0,0.666667,0
24013,,7,0,2,2,0,2,2,8,0.269975,0.280999,0,1,0
28924,,41,1,1,2,1,1,2,1,1,1,0,0,0.000178
24017,,12,2,1,3,2,1,3,10,0.164892,0.168014,0,0.5,0.000392
24019,,425,0,2,2,0,2,2,8,0.226978,0.233452,0,0,0
31572,,425,1,1,2,1,1,2,7,0.293553,0.307954,18712.111441,0,0.000168
24022,,426,0,1,1,0,1,1,2,0.666667,0.75,0,0,0
32003,,426,1,0,1,1,0,1,0,0,0,0,0,0.000178
24026,,14,0,1,1,0,1,1,9,0.199422,0.203947,0,0,0
24027,,12,0,1,1,0,1,1,9,0.195406,0.200061,0,0,0
24030,,16,0,3,3,0,3,3,8,0.232423,0.24079,0,0.833333,0
25365,,65,1,0,1,1,0,1,0,0,0,0,0,0.000217
32997,,65,1,3,4,1,3,4,10,0.173521,0.177082,14.105022,0.666667,0.000217
24032,,7,0,3,3,0,3,3,8,0.259175,0.269806,0,0.166667,0
24033,,7,0,1,1,0,1,1,8,0.262756,0.273466,0,0,0
24034,,7,1,1,2,1,1,2,9,0.209846,0.215282,0,0.5,0.000168
24036,,16,0,1,1,0,1,1,9,0.210874,0.217038,0,0,0
24037,,7,0,1,1,0,1,1,9,0.234452,0.242464,0,0,0
24038,,16,0,2,2,0,2,2,9,0.230035,0.238306,0,0.5,0
24040,,41,0,1,1,0,1,1,8,0.234941,0.243151,0,0,0
24041,,7,0,1,1,0,1,1,9,0.200066,0.204368,0,0,0
24042,,67,8,4,12,8,4,12,8,0.241016,0.249356,221847.66347,0.081818,0.001401
32300,,67,4,2,6,4,2,6,9,0.194215,0.198475,25971,0.333333,0.00073
24044,,7,0,1,1,0,1,1,9,0.222499,0.229441,0,0,0
24046,,7,0,2,2,0,2,2,8,0.252359,0.261702,0,1,0
24048,,2,0,1,1,0,1,1,8,0.235883,0.243933,0,0,0
24049,,16,0,1,1,0,1,1,8,0.236167,0.244733,0,0,0
24053,,7,0,1,1,0,1,1,9,0.215082,0.221433,0,0,0
24054,,7,0,1,1,0,1,1,8,0.247064,0.255642,0,0,0
24055,,16,0,2,2,0,2,2,8,0.264938,0.276061,0,1,0
34128,,16,1,0,1,1,0,1,0,0,0,0,0,0.00019
24059,,41,0,1,1,0,1,1,8,0.234941,0.243151,0,0,0
24061,,16,0,1,1,0,1,1,9,0.227723,0.235174,0,0,0
24063,,41,0,1,1,0,1,1,9,0.217121,0.223495,0,0,0
24064,,41,0,1,1,0,1,1,8,0.230249,0.237146,0,0,0
24065,,16,0,1,1,0,1,1,8,0.251382,0.261452,0,0,0
24067,,16,0,1,1,0,1,1,9,0.210447,0.215988,0,0,0
24068,,16,0,2,2,0,2,2,9,0.220274,0.226535,0,1,0
24069,,7,0,1,1,0,1,1,9,0.228844,0.235796,0,0,0
24073,,16,0,2,2,0,2,2,8,0.236841,0.245555,0,1,0
24074,,7,0,1,1,0,1,1,9,0.195147,0.199853,0,0,0
24075,,41,0,1,1,0,1,1,8,0.257544,0.268689,0,0,0
24076,,16,0,1,1,0,1,1,9,0.192892,0.197062,0,0,0
25020,,41,1,1,2,1,1,2,9,0.209788,0.215674,0,0.5,0.0002
24084,,7,0,1,1,0,1,1,1,1,1,0,0,0
24085,,7,0,1,1,0,1,1,8,0.261475,0.272568,0,0,0
24086,,7,1,2,3,1,2,3,9,0.206793,0.212228,119.116389,0.166667,0.000472
24088,,16,0,1,1,0,1,1,10,0.189138,0.193076,0,0,0
24089,,16,1,1,2,1,1,2,8,0.251382,0.261452,0,0.5,0.000168
24090,,7,0,1,1,0,1,1,8,0.234991,0.243288,0,0,0
24092,,7,0,1,1,0,1,1,8,0.265449,0.276753,0,0,0
24093,,16,0,1,1,0,1,1,11,0.166952,0.169918,0,0,0
24095,,7,0,2,2,0,2,2,9,0.213929,0.219877,0,1,0
24101,,16,0,1,1,0,1,1,8,0.238151,0.247423,0,0,0
24103,,7,0,2,2,0,2,2,8,0.26294,0.27372,0,0.5,0
24108,,16,0,1,1,0,1,1,10,0.194816,0.199579,0,0,0
24110,,7,0,35,35,0,35,35,7,0.295513,0.31184,0,0.14958,0
33698,,7,1,0,1,1,0,1,0,0,0,0,0,0.000168
24111,,7,0,3,3,0,3,3,9,0.226403,0.233872,0,0.333333,0
24112,,25,0,1,1,0,1,1,9,0.214954,0.220677,0,0,0
24113,,7,1,2,3,1,2,3,8,0.247509,0.256031,18827,0.333333,0.000168
24114,,427,0,1,1,0,1,1,1,1,1,0,0,0
24115,,427,1,0,1,1,0,1,0,0,0,0,0,0.000168
24117,,41,0,1,1,0,1,1,8,0.257544,0.268689,0,0,0
24119,,7,0,2,2,0,2,2,9,0.206647,0.211561,0,0,0
24120,,428,0,1,1,0,1,1,1,1,1,0,0,0
24121,,428,1,0,1,1,0,1,0,0,0,0,0,0.000168
24125,,65,0,1,1,0,1,1,9,0.191501,0.195507,0,0,0
24127,,7,0,1,1,0,1,1,9,0.218751,0.224866,0,0,0
24130,,41,0,2,2,0,2,2,8,0.257961,0.269243,0,1,0
24133,,41,0,1,1,0,1,1,9,0.219171,0.225745,0,0,0
24134,,7,0,1,1,0,1,1,9,0.212528,0.218441,0,0,0
24135,,7,0,1,1,0,1,1,9,0.213686,0.219908,0,0,0
24143,,7,0,1,1,0,1,1,9,0.220868,0.227403,0,0,0
24144,,7,0,1,1,0,1,1,9,0.220868,0.227403,0,0,0
24145,,7,0,1,1,0,1,1,8,0.242475,0.25106,0,0,0
24146,,7,0,1,1,0,1,1,9,0.215847,0.221963,0,0,0
24147,,7,0,1,1,0,1,1,10,0.179156,0.182314,0,0,0
24148,,7,0,1,1,0,1,1,8,0.263743,0.27463,0,0,0
24151,,278,0,1,1,0,1,1,3,0.470588,0.520833,0,0,0
24152,,65,0,1,1,0,1,1,9,0.217956,0.224292,0,0,0
24153,,65,0,1,1,0,1,1,9,0.213606,0.219549,0,0,0
24156,,16,0,1,1,0,1,1,9,0.221669,0.228885,0,0,0
24159,,39,0,1,1,0,1,1,10,0.174826,0.178144,0,0,0
24165,,65,0,3,3,0,3,3,9,0.195151,0.200338,0,0.333333,0
24166,,65,0,1,1,0,1,1,9,0.208155,0.213697,0,0,0
24167,,41,0,1,1,0,1,1,2,0.666667,0.75,0,0,0
24168,,16,0,1,1,0,1,1,9,0.219125,0.225325,0,0,0
24169,,16,0,1,1,0,1,1,9,0.226507,0.233975,0,0,0
24173,,16,0,2,2,0,2,2,9,0.18891,0.193328,0,0,0
24174,,41,0,1,1,0,1,1,8,0.232025,0.239654,0,0,0
24180,,67,0,3,3,0,3,3,8,0.227034,0.233558,0,0.166667,0
24182,,16,0,1,1,0,1,1,9,0.215102,0.221742,0,0,0
24183,,429,0,1,1,0,1,1,2,0.666667,0.75,0,0,0
24184,,429,1,1,2,1,1,2,1,1,1,1,0,0.000168
32772,,14,1,0,1,1,0,1,0,0,0,0,0,0.000216
24205,,53,1,0,1,1,0,1,0,0,0,0,0,0.000191
24241,,53,1,0,1,1,0,1,0,0,0,0,0,0.000191
25766,,53,1,0,1,1,0,1,0,0,0,0,0,0.000191
26617,,53,1,2,3,1,2,3,8,0.244471,0.25287,25986.99671,0,0.000191
29344,,53,1,0,1,1,0,1,0,0,0,0,0,0.000191
30632,,53,1,0,1,1,0,1,0,0,0,0,0,0.000191
30634,,53,1,0,1,1,0,1,0,0,0,0,0,0.000191
30636,,53,1,0,1,1,0,1,0,0,0,0,0,0.000191
30637,,53,1,0,1,1,0,1,0,0,0,0,0,0.000191
30638,,53,1,0,1,1,0,1,0,0,0,0,0,0.000191
24189,,7,0,1,1,0,1,1,9,0.217166,0.223047,0,0,0
24192,,41,0,1,1,0,1,1,9,0.186402,0.190307,0,0,0
24193,,16,0,1,1,0,1,1,8,0.251382,0.261452,0,0,0
24194,,7,0,1,1,0,1,1,8,0.261475,0.272568,0,0,0
24195,,41,0,1,1,0,1,1,8,0.257544,0.268689,0,0,0
24196,,7,0,1,1,0,1,1,10,0.179156,0.182314,0,0,0
24197,,7,0,1,1,0,1,1,8,0.244345,0.253397,0,0,0
24198,,16,0,1,1,0,1,1,8,0.234514,0.24306,0,0,0
24199,,7,0,1,1,0,1,1,9,0.223048,0.230398,0,0,0
24200,,2,0,1,1,0,1,1,1,1,1,0,0,0
24202,,16,0,1,1,0,1,1,9,0.224032,0.231579,0,0,0
24203,,41,0,1,1,0,1,1,11,0.149128,0.151216,0,0,0
24204,,41,0,1,1,0,1,1,9,0.234736,0.243231,0,0,0
24206,,16,0,1,1,0,1,1,8,0.232418,0.240737,0,0,0
24207,,67,0,1,1,0,1,1,11,0.1509,0.153029,0,0,0
24208,,67,1,1,2,1,1,2,10,0.177709,0.181183,18827,0,0.000168
24212,,7,0,1,1,0,1,1,9,0.22543,0.232572,0,0,0
24215,,16,0,3,3,0,3,3,8,0.232426,0.240799,0,0.333333,0
24216,,16,0,2,2,0,2,2,9,0.188596,0.192963,0,0.5,0
24219,,16,0,1,1,0,1,1,8,0.216966,0.223325,0,0,0
24220,,7,0,2,2,0,2,2,8,0.275995,0.287634,0,1,0
24221,,65,0,1,1,0,1,1,9,0.190665,0.194408,0,0,0
24222,,7,0,1,1,0,1,1,9,0.239963,0.248532,0,0,0
24226,,7,0,1,1,0,1,1,9,0.214323,0.220605,0,0,0
24228,,36,0,1,1,0,1,1,9,0.222158,0.229183,0,0,0
24231,,573,1,1,2,1,1,2,1,1,1,1,0,0.000168
24232,,7,0,2,2,0,2,2,9,0.232642,0.241335,0,1,0
24234,,7,0,1,1,0,1,1,8,0.240484,0.248319,0,0,0
24236,,41,0,1,1,0,1,1,9,0.205571,0.211059,0,0,0
24237,,7,0,2,2,0,2,2,8,0.236401,0.244766,0,1,0
24238,,41,0,1,1,0,1,1,9,0.217121,0.223495,0,0,0
24239,,16,0,1,1,0,1,1,9,0.217769,0.22458,0,0,0
24240,,41,0,1,1,0,1,1,9,0.217121,0.223495,0,0,0
24242,,41,0,2,2,0,2,2,9,0.234806,0.243344,0,0,0
24244,,16,0,2,2,0,2,2,9,0.18891,0.193332,0,0.5,0
24246,,41,0,2,2,0,2,2,8,0.269956,0.282414,0,1,0
24248,,430,0,1,1,0,1,1,1,1,1,0,0,0
24249,,430,1,0,1,1,0,1,0,0,0,0,0,0.000168
24250,,7,0,1,1,0,1,1,9,0.20851,0.213918,0,0,0
33790,,1,1,0,1,1,0,1,0,0,0,0,0,0.000194
24254,,41,0,2,2,0,2,2,9,0.219031,0.225758,0,0,0
24255,,41,1,2,3,1,2,3,9,0.246368,0.256022,1774.283348,0,0.000181
24257,,7,0,1,1,0,1,1,9,0.200066,0.204368,0,0,0
24259,,16,0,1,1,0,1,1,8,0.226935,0.234515,0,0,0
24261,,7,0,1,1,0,1,1,8,0.238712,0.2466,0,0,0
24262,,7,0,1,1,0,1,1,9,0.216377,0.222353,0,0,0
24263,,7,0,1,1,0,1,1,8,0.262756,0.273466,0,0,0
24264,,65,0,1,1,0,1,1,9,0.208155,0.213697,0,0,0
24267,,65,0,1,1,0,1,1,8,0.234438,0.242011,0,0,0
24268,,32,0,2,2,0,2,2,8,0.246533,0.255761,0,1,0
24272,,16,0,1,1,0,1,1,10,0.177857,0.181197,0,0,0
24273,,69,0,1,1,0,1,1,9,0.215114,0.220919,0,0,0
24275,,7,0,2,2,0,2,2,8,0.262767,0.273506,0,0,0
24277,,7,0,1,1,0,1,1,9,0.226164,0.233246,0,0,0
24280,,1,0,2,2,0,2,2,8,0.230947,0.238818,0,1,0
24282,,41,0,1,1,0,1,1,10,0.174198,0.17752,0,0,0
24283,,41,0,1,1,0,1,1,9,0.210713,0.216558,0,0,0
24284,,67,0,1,1,0,1,1,1,1,1,0,0,0
24286,,7,0,17,17,0,17,17,8,0.263975,0.276498,0,0.095588,0
32182,,7,1,0,1,1,0,1,0,0,0,0,0,0.000168
24287,,14,0,1,1,0,1,1,9,0.22031,0.227442,0,0,0
24288,,16,0,1,1,0,1,1,8,0.246114,0.255055,0,0,0
24289,,16,0,1,1,0,1,1,8,0.230667,0.237711,0,0,0
24290,,16,0,1,1,0,1,1,9,0.226251,0.232829,0,0,0
24291,,7,0,1,1,0,1,1,8,0.228134,0.235523,0,0,0
24292,,16,0,1,1,0,1,1,8,0.236535,0.24595,0,0,0
24293,,7,0,2,2,0,2,2,8,0.262763,0.273502,0,0,0
24295,,7,0,1,1,0,1,1,8,0.239554,0.247876,0,0,0
24297,,16,0,2,2,0,2,2,9,0.22934,0.237218,0,1,0
24298,,7,0,2,2,0,2,2,8,0.261508,0.272645,0,1,0
24299,,41,0,1,1,0,1,1,8,0.257544,0.268689,0,0,0
24301,,41,0,2,2,0,2,2,9,0.210819,0.21673,0,0.5,0
24303,,7,0,1,1,0,1,1,8,0.242475,0.25106,0,0,0
24306,,7,0,1,1,0,1,1,9,0.224867,0.231892,0,0,0
24308,,127,0,1,1,0,1,1,9,0.20253,0.207165,0,0,0
24309,,16,0,1,1,0,1,1,10,0.17064,0.173793,0,0,0
24312,,1,0,1,1,0,1,1,9,0.21215,0.217904,0,0,0
24315,,14,0,1,1,0,1,1,9,0.203445,0.208515,0,0,0
24316,,7,0,1,1,0,1,1,9,0.207609,0.212853,0,0,0
24317,,2,0,1,1,0,1,1,9,0.194532,0.19877,0,0,0
24318,,65,0,1,1,0,1,1,10,0.172726,0.175872,0,0,0
24319,,7,0,1,1,0,1,1,10,0.200283,0.205389,0,0,0
24321,,431,0,1,1,0,1,1,1,1,1,0,0,0
24322,,431,1,0,1,1,0,1,0,0,0,0,0,0.000168
24323,,41,0,1,1,0,1,1,8,0.257544,0.268689,0,0,0
24324,,432,1,1,2,1,1,2,1,1,1,0,0,0.000173
24325,,432,1,1,2,1,1,2,1,1,1,0,0,0.000173
24326,,16,0,3,3,0,3,3,9,0.188912,0.193359,0,0.5,0
24327,,25,0,1,1,0,1,1,8,0.234155,0.242097,0,0,0
30624,,81,1,0,1,1,0,1,0,0,0,0,0,0.000192
24330,,16,0,1,1,0,1,1,9,0.214724,0.220774,0,0,0
24331,,16,0,1,1,0,1,1,8,0.246659,0.25616,0,0,0
24333,,7,0,1,1,0,1,1,1,1,1,0,0,0
24335,,41,3,6,9,3,6,9,8,0.249536,0.258682,38003.769102,0.142857,0.000509
24924,,41,1,1,2,1,1,2,9,0.199705,0.204227,0,0,0.000182
24339,,7,0,2,2,0,2,2,8,0.241806,0.250056,0,0,0
24340,,41,0,1,1,0,1,1,8,0.257544,0.268689,0,0,0
24343,,7,0,1,1,0,1,1,9,0.227108,0.234002,0,0,0
24344,,7,0,1,1,0,1,1,8,0.232564,0.240768,0,0,0
24345,,433,0,1,1,0,1,1,1,1,1,0,0,0
24346,,433,1,0,1,1,0,1,0,0,0,0,0,0.000168
25658,,41,1,4,5,1,4,5,8,0.244107,0.253615,63.242573,0.5,0.0002
26338,,41,1,0,1,1,0,1,0,0,0,0,0,0.0002
29665,,41,1,0,1,1,0,1,0,0,0,0,0,0.0002
29479,,41,1,1,2,1,1,2,8,0.22913,0.236287,0,1,0.0002
24352,,7,0,1,1,0,1,1,1,1,1,0,0,0
24353,,41,0,2,2,0,2,2,8,0.25879,0.270213,0,0.5,0
24354,,67,0,2,2,0,2,2,9,0.224126,0.231661,0,1,0
24355,,16,0,2,2,0,2,2,8,0.269616,0.281903,0,1,0
24357,,7,0,2,2,0,2,2,8,0.238187,0.245538,0,0.5,0
24360,,16,0,1,1,0,1,1,10,0.192757,0.197171,0,0,0
24362,,67,0,1,1,0,1,1,9,0.208695,0.214351,0,0,0
24363,,41,0,1,1,0,1,1,9,0.213456,0.219826,0,0,0
24366,,1,0,1,1,0,1,1,9,0.207241,0.212972,0,0,0
24367,,16,0,2,2,0,2,2,9,0.224985,0.231954,0,1,0
24368,,7,0,2,2,0,2,2,8,0.26276,0.273493,0,0.5,0
24371,,7,0,1,1,0,1,1,9,0.220384,0.227251,0,0,0
24373,,7,0,1,1,0,1,1,1,1,1,0,0,0
24374,,16,0,1,1,0,1,1,9,0.219293,0.225533,0,0,0
24375,,16,0,1,1,0,1,1,9,0.196123,0.200768,0,0,0
24377,,16,0,1,1,0,1,1,9,0.212975,0.218717,0,0,0
24378,,16,0,1,1,0,1,1,8,0.236167,0.244733,0,0,0
24379,,16,0,1,1,0,1,1,9,0.221572,0.228332,0,0,0
24382,,16,0,1,1,0,1,1,8,0.226935,0.234515,0,0,0
24383,,7,0,1,1,0,1,1,8,0.239167,0.246988,0,0,0
24385,,434,0,1,1,0,1,1,1,1,1,0,0,0
24386,,434,1,0,1,1,0,1,0,0,0,0,0,0.000168
24387,,16,0,1,1,0,1,1,9,0.192663,0.196777,0,0,0
24390,,16,0,1,1,0,1,1,8,0.246659,0.25616,0,0,0
24391,,41,0,1,1,0,1,1,8,0.230249,0.237146,0,0,0
24392,,7,0,1,1,0,1,1,1,1,1,0,0,0
24393,,2,0,1,1,0,1,1,1,1,1,0,0,0
24394,,65,0,2,2,0,2,2,10,0.173495,0.176917,0,0,0
24395,,7,0,1,1,0,1,1,9,0.227844,0.235164,0,0,0
24396,,16,0,1,1,0,1,1,10,0.161995,0.164801,0,0,0
24398,,1,0,1,1,0,1,1,10,0.166936,0.170062,0,0,0
24400,,1,0,1,1,0,1,1,10,0.179015,0.182688,0,0,0
24403,,478,4,1,5,4,1,5,1,1,1,4,0.05,0.000677
24404,,478,1,0,1,1,0,1,0,0,0,0,0,0.000187
24406,,16,0,1,1,0,1,1,8,0.239859,0.247713,0,0,0
24408,,12,0,2,2,0,2,2,9,0.199847,0.205116,0,1,0
24409,,12,0,2,2,0,2,2,9,0.199847,0.205116,0,1,0
24410,,41,0,1,1,0,1,1,9,0.209788,0.215674,0,0,0
24411,,12,0,2,2,0,2,2,9,0.199847,0.205116,0,1,0
24413,,12,0,2,2,0,2,2,9,0.199847,0.205116,0,1,0
24414,,12,0,1,1,0,1,1,9,0.185524,0.189879,0,0,0
24415,,14,0,2,2,0,2,2,9,0.225045,0.232602,0,1,0
24417,,16,0,1,1,0,1,1,8,0.251382,0.261452,0,0,0
24418,,7,0,1,1,0,1,1,8,0.246427,0.25517,0,0,0
24419,,12,0,1,1,0,1,1,9,0.185524,0.189879,0,0,0
24420,,41,0,1,1,0,1,1,8,0.257544,0.268689,0,0,0
24421,,12,0,2,2,0,2,2,9,0.199847,0.205116,0,1,0
24422,,12,0,2,2,0,2,2,9,0.199847,0.205116,0,1,0
24424,,12,0,1,1,0,1,1,9,0.185524,0.189879,0,0,0
24425,,12,0,1,1,0,1,1,9,0.185524,0.189879,0,0,0
24426,,12,0,2,2,0,2,2,9,0.199847,0.205116,0,1,0
24427,,12,0,1,1,0,1,1,9,0.185524,0.189879,0,0,0
24428,,7,0,3,3,0,3,3,8,0.239859,0.24783,0,0,0
24429,,12,0,1,1,0,1,1,9,0.185524,0.189879,0,0,0
24430,,41,0,1,1,0,1,1,2,0.6,0.666667,0,0,0
30959,,7,1,0,1,1,0,1,0,0,0,0,0,0.000239
24432,,12,0,1,1,0,1,1,9,0.185524,0.189879,0,0,0
24433,,7,0,1,1,0,1,1,9,0.214954,0.220899,0,0,0
24434,,32,1,1,2,1,1,2,9,0.201481,0.206675,18827,0,0.000168
24435,,32,0,1,1,0,1,1,9,0.201481,0.206675,0,0,0
24436,,435,0,1,1,0,1,1,1,1,1,0,0,0
24437,,435,1,0,1,1,0,1,0,0,0,0,0,0.000168
24438,,12,0,1,1,0,1,1,9,0.185524,0.189879,0,0,0
24439,,12,0,1,1,0,1,1,9,0.185524,0.189879,0,0,0
24442,,12,0,2,2,0,2,2,9,0.187479,0.191849,0,1,0
24443,,12,0,2,2,0,2,2,9,0.187479,0.191849,0,1,0
24444,,12,0,2,2,0,2,2,9,0.187479,0.191849,0,1,0
24445,,12,0,2,2,0,2,2,9,0.187479,0.191849,0,1,0
24446,,12,0,2,2,0,2,2,9,0.185568,0.190027,0,0,0
24447,,12,0,2,2,0,2,2,9,0.187479,0.191849,0,1,0
24448,,7,0,2,2,0,2,2,8,0.237793,0.244982,0,0,0
24449,,7,0,1,1,0,1,1,9,0.220643,0.227509,0,0,0
24450,,12,0,1,1,0,1,1,9,0.185524,0.189879,0,0,0
24451,,81,0,1,1,0,1,1,12,0.132335,0.133992,0,0,0
28937,,7,1,4,5,1,4,5,8,0.263485,0.27503,17221.53752,0.3,0.000183
24453,,12,0,1,1,0,1,1,9,0.185524,0.189879,0,0,0
24455,,12,0,1,1,0,1,1,9,0.185524,0.189879,0,0,0
24456,,12,0,2,2,0,2,2,9,0.205996,0.211277,0,0.5,0
24458,,12,0,1,1,0,1,1,9,0.185524,0.189879,0,0,0
24460,,12,0,1,1,0,1,1,9,0.185524,0.189879,0,0,0
24461,,12,0,1,1,0,1,1,9,0.185524,0.189879,0,0,0
24462,,12,0,1,1,0,1,1,9,0.185524,0.189879,0,0,0
24463,,12,0,1,1,0,1,1,9,0.185524,0.189879,0,0,0
24464,,12,0,2,2,0,2,2,9,0.189277,0.193656,0,0.5,0
24465,,12,0,1,1,0,1,1,9,0.185524,0.189879,0,0,0
24466,,12,0,1,1,0,1,1,9,0.185524,0.189879,0,0,0
24467,,12,0,1,1,0,1,1,9,0.185524,0.189879,0,0,0
24468,,12,0,1,1,0,1,1,9,0.19871,0.20374,0,0,0
24471,,12,0,1,1,0,1,1,9,0.19871,0.20374,0,0,0
24472,,12,0,2,2,0,2,2,9,0.199847,0.205116,0,1,0
24473,,12,0,1,1,0,1,1,9,0.185524,0.189879,0,0,0
24474,,12,0,1,1,0,1,1,9,0.185524,0.189879,0,0,0
24475,,12,0,1,1,0,1,1,9,0.185524,0.189879,0,0,0
24477,,12,0,1,1,0,1,1,9,0.185524,0.189879,0,0,0
24478,,12,0,1,1,0,1,1,9,0.185524,0.189879,0,0,0
24481,,1,0,1,1,0,1,1,9,0.215274,0.221176,0,0,0
24482,,36,0,1,1,0,1,1,9,0.21389,0.220139,0,0,0
24483,,12,0,1,1,0,1,1,9,0.185524,0.189879,0,0,0
24484,,12,0,1,1,0,1,1,9,0.185524,0.189879,0,0,0
24486,,12,0,1,1,0,1,1,9,0.185524,0.189879,0,0,0
24487,,16,0,1,1,0,1,1,9,0.211539,0.217068,0,0,0
24488,,12,0,2,2,0,2,2,9,0.199847,0.205116,0,1,0
24489,,16,0,3,3,0,3,3,9,0.238224,0.247052,0,0.333333,0
26006,,16,1,0,1,1,0,1,0,0,0,0,0,0.000168
24490,,41,0,1,1,0,1,1,8,0.257544,0.268689,0,0,0
24491,,16,0,3,3,0,3,3,9,0.206285,0.211902,0,0,0
24492,,12,0,1,1,0,1,1,9,0.185524,0.189879,0,0,0
24493,,12,0,1,1,0,1,1,9,0.185524,0.189879,0,0,0
24494,,12,0,3,3,0,3,3,9,0.194882,0.199916,0,0.333333,0
24495,,12,0,1,1,0,1,1,9,0.185524,0.189879,0,0,0
24496,,12,0,3,3,0,3,3,9,0.200808,0.206161,0,0.666667,0
28598,,41,1,0,1,1,0,1,0,0,0,0,0,0.000193
24501,,7,0,1,1,0,1,1,8,0.261475,0.272568,0,0,0
24502,,12,0,2,2,0,2,2,9,0.199847,0.205116,0,1,0
24504,,16,0,1,1,0,1,1,8,0.239018,0.246295,0,0,0
24505,,12,0,1,1,0,1,1,9,0.185524,0.189879,0,0,0
24507,,12,0,2,2,0,2,2,9,0.187479,0.191849,0,1,0
24509,,12,0,2,2,0,2,2,9,0.187479,0.191849,0,1,0
24510,,12,0,2,2,0,2,2,9,0.187479,0.191849,0,1,0
24511,,12,0,2,2,0,2,2,9,0.187479,0.191849,0,1,0
24512,,12,0,2,2,0,2,2,9,0.187479,0.191849,0,1,0
24513,,12,0,1,1,0,1,1,9,0.185524,0.189879,0,0,0
25943,,7,1,0,1,1,0,1,0,0,0,0,0,0.000186
25662,,7,1,4,5,1,4,5,9,0.202899,0.208148,25975.055556,0.05,0.000186
24591,,7,1,33,34,1,33,34,8,0.288013,0.303654,451.894737,0.107843,0.000186
29632,,7,1,0,1,1,0,1,0,0,0,0,0,0.000186
24515,,12,0,2,2,0,2,2,9,0.187479,0.191849,0,1,0
24516,,12,0,2,2,0,2,2,9,0.187479,0.191849,0,1,0
24518,,12,0,2,2,0,2,2,9,0.187479,0.191849,0,1,0
24520,,16,0,3,3,0,3,3,8,0.232423,0.24079,0,0.833333,0
24521,,12,0,1,1,0,1,1,9,0.185524,0.189879,0,0,0
24522,,12,0,1,1,0,1,1,9,0.185524,0.189879,0,0,0
24523,,12,0,2,2,0,2,2,9,0.187479,0.191849,0,1,0
24524,,12,0,2,2,0,2,2,9,0.187479,0.191849,0,1,0
24527,,12,0,2,2,0,2,2,9,0.187479,0.191849,0,1,0
24529,,7,0,1,1,0,1,1,9,0.198884,0.203512,0,0,0
24530,,7,0,1,1,0,1,1,9,0.208111,0.213299,0,0,0
24531,,12,0,1,1,0,1,1,9,0.185524,0.189879,0,0,0
24532,,12,0,2,2,0,2,2,9,0.187479,0.191849,0,1,0
24533,,12,0,2,2,0,2,2,9,0.187479,0.191849,0,1,0
24534,,67,0,1,1,0,1,1,9,0.186668,0.190611,0,0,0
24535,,16,0,2,2,0,2,2,10,0.187699,0.191752,0,0,0
24537,,65,0,2,2,0,2,2,9,0.196151,0.200782,0,1,0
24538,,16,0,2,2,0,2,2,9,0.188909,0.193324,0,0.5,0
24540,,7,0,2,2,0,2,2,8,0.245412,0.254861,0,0,0
24541,,7,0,1,1,0,1,1,9,0.235349,0.243061,0,0,0
24543,,7,0,3,3,0,3,3,9,0.21856,0.224884,0,0,0
24544,,1,0,1,1,0,1,1,9,0.207241,0.212972,0,0,0
24545,,12,0,2,2,0,2,2,9,0.199847,0.205116,0,1,0
24546,,7,0,3,3,0,3,3,8,0.238326,0.245729,0,0.666667,0
24548,,7,0,1,1,0,1,1,9,0.222736,0.229684,0,0,0
24549,,7,0,2,2,0,2,2,8,0.258028,0.26783,0,0,0
24550,,16,0,1,1,0,1,1,8,0.23897,0.247046,0,0,0
24551,,7,0,1,1,0,1,1,8,0.228126,0.235578,0,0,0
24556,,1,0,1,1,0,1,1,9,0.187829,0.192073,0,0,0
24557,,12,0,2,2,0,2,2,9,0.187479,0.191849,0,1,0
24558,,12,0,2,2,0,2,2,9,0.187479,0.191849,0,1,0
24559,,12,0,2,2,0,2,2,9,0.187479,0.191849,0,1,0
24560,,12,0,2,2,0,2,2,9,0.187479,0.191849,0,1,0
24561,,7,0,2,2,0,2,2,9,0.226169,0.233282,0,0,0
24562,,7,0,1,1,0,1,1,9,0.214494,0.22018,0,0,0
24565,,41,0,3,3,0,3,3,8,0.249318,0.259598,0,0,0
24566,,436,0,1,1,0,1,1,1,1,1,0,0,0
24567,,436,2,0,2,2,0,2,0,0,0,0,0,0.000336
24568,,436,0,1,1,0,1,1,1,1,1,0,0,0
24569,,12,1,7,8,1,7,8,10,0.179163,0.183148,131.866448,0.160714,0.000168
24570,,1,0,1,1,0,1,1,8,0.247825,0.256545,0,0,0
24571,,16,0,1,1,0,1,1,9,0.229957,0.237934,0,0,0
24572,,16,0,1,1,0,1,1,8,0.238528,0.246408,0,0,0
24573,,16,0,1,1,0,1,1,9,0.214724,0.220774,0,0,0
24574,,16,1,2,3,1,2,3,7,0.293562,0.30799,18827,0,0.000168
24575,,16,0,1,1,0,1,1,10,0.179706,0.182908,0,0,0
24576,,16,1,1,2,1,1,2,9,0.219064,0.224899,18827,0,0.000168
24577,,7,0,3,3,0,3,3,8,0.249424,0.258703,0,0,0
24578,,1,0,1,1,0,1,1,1,1,1,0,0,0
24581,,16,0,1,1,0,1,1,10,0.178427,0.181932,0,0,0
24583,,16,0,1,1,0,1,1,8,0.251382,0.261452,0,0,0
25957,,7,1,1,2,1,1,2,9,0.22448,0.231704,0,0.5,0.000648
30303,,7,1,0,1,1,0,1,0,0,0,0,0,0.000648
24587,,7,0,1,1,0,1,1,9,0.235473,0.242933,0,0,0
24588,,16,0,1,1,0,1,1,10,0.177132,0.180657,0,0,0
24589,,32,0,3,3,0,3,3,8,0.250566,0.26012,0,0.666667,0
24590,,7,0,1,1,0,1,1,1,1,1,0,0,0
24592,,7,0,3,3,0,3,3,9,0.239976,0.248598,0,0.166667,0
31122,,7,1,0,1,1,0,1,0,0,0,0,0,0.000168
24593,,12,0,2,2,0,2,2,9,0.187479,0.191849,0,1,0
24595,,65,0,2,2,0,2,2,9,0.234129,0.241818,0,0,0
24596,,437,0,1,1,0,1,1,1,1,1,0,0,0
24597,,437,1,0,1,1,0,1,0,0,0,0,0,0.000168
24598,,7,0,3,3,0,3,3,8,0.255063,0.265459,0,0.5,0
24601,,16,0,1,1,0,1,1,9,0.231783,0.240091,0,0,0
24602,,2,0,1,1,0,1,1,10,0.173881,0.177204,0,0,0
24603,,22,2,1,3,2,1,3,8,0.216592,0.222822,18826,0.333333,0.000355
26469,,16,1,1,2,1,1,2,8,0.21659,0.222813,0,0,0.000433
27768,,16,1,1,2,1,1,2,8,0.21659,0.222813,0,0,0.000433
28131,,16,1,1,2,1,1,2,8,0.21659,0.222813,0,0,0.000433
29499,,16,1,1,2,1,1,2,8,0.21659,0.222813,0,0,0.000433
30677,,16,1,1,2,1,1,2,8,0.21659,0.222813,0,0,0.000433
33580,,16,1,0,1,1,0,1,0,0,0,0,0,0.000433
24605,,16,0,2,2,0,2,2,8,0.241428,0.24923,0,0,0
24606,,12,0,5,5,0,5,5,9,0.203331,0.209065,0,0.5,0
24607,,12,0,1,1,0,1,1,9,0.185524,0.189879,0,0,0
24608,,7,0,1,1,0,1,1,9,0.217144,0.223521,0,0,0
24609,,41,0,1,1,0,1,1,9,0.217121,0.223495,0,0,0
32181,,16,2,0,2,2,0,2,0,0,0,0,0,0.000344
24612,,16,0,1,1,0,1,1,1,1,1,0,0,0
24613,,67,0,1,1,0,1,1,9,0.214724,0.220911,0,0,0
24615,,12,0,2,2,0,2,2,8,0.241276,0.249704,0,0,0
24617,,12,0,1,1,0,1,1,9,0.185524,0.189879,0,0,0
24618,,12,0,1,1,0,1,1,9,0.185524,0.189879,0,0,0
24619,,12,0,1,1,0,1,1,9,0.185524,0.189879,0,0,0
24621,,41,0,1,1,0,1,1,8,0.257544,0.268689,0,0,0
24622,,7,0,1,1,0,1,1,8,0.261475,0.272568,0,0,0
24623,,16,0,1,1,0,1,1,9,0.217716,0.223687,0,0,0
24624,,16,0,1,1,0,1,1,8,0.246114,0.255055,0,0,0
24625,,12,0,1,1,0,1,1,9,0.185524,0.189879,0,0,0
24626,,41,0,2,2,0,2,2,9,0.229399,0.236719,0,0,0
24630,,7,0,1,1,0,1,1,9,0.198884,0.203512,0,0,0
24631,,7,0,1,1,0,1,1,9,0.188504,0.192408,0,0,0
33320,,2,1,0,1,1,0,1,0,0,0,0,0,0.000237
24636,,7,0,2,2,0,2,2,9,0.229371,0.23701,0,1,0
24639,,16,1,4,5,1,4,5,8,0.251406,0.261567,2.562261,0.333333,0.000203
24640,,7,1,2,3,1,2,3,9,0.226987,0.234193,18814.957593,0,0.000168
24641,,7,0,1,1,0,1,1,9,0.200066,0.204368,0,0,0
24642,,65,1,1,2,1,1,2,8,0.234434,0.242006,0,1,0.000186
24646,,16,0,1,1,0,1,1,8,0.246659,0.25616,0,0,0
24648,,7,0,1,1,0,1,1,9,0.19285,0.197104,0,0,0
24651,,16,0,1,1,0,1,1,9,0.231783,0.240091,0,0,0
24653,,7,0,1,1,0,1,1,8,0.228875,0.236469,0,0,0
24657,,7,0,1,1,0,1,1,9,0.22266,0.228771,0,0,0
24658,,7,0,1,1,0,1,1,8,0.224983,0.23254,0,0,0
24659,,16,1,3,4,1,3,4,9,0.220855,0.227725,18827,0,0.000168
24660,,7,0,3,3,0,3,3,9,0.222053,0.229062,0,0.833333,0
24662,,7,0,1,1,0,1,1,9,0.225592,0.232933,0,0,0
24668,,7,0,1,1,0,1,1,9,0.204938,0.209902,0,0,0
24669,,69,1,1,2,1,1,2,8,0.242301,0.250673,568.834684,0,0.000168
24671,,41,0,1,1,0,1,1,8,0.257544,0.268689,0,0,0
24672,,32,0,1,1,0,1,1,9,0.213511,0.219556,0,0,0
24675,,16,0,1,1,0,1,1,9,0.226488,0.233295,0,0,0
27264,,12,1,1,2,1,1,2,12,0.124003,0.125305,0,0,0.000243
24678,,41,0,1,1,0,1,1,8,0.257544,0.268689,0,0,0
24680,,2,0,1,1,0,1,1,11,0.143819,0.145684,0,0,0
24683,,7,0,1,1,0,1,1,9,0.216392,0.222482,0,0,0
24684,,41,0,1,1,0,1,1,9,0.214364,0.220495,0,0,0
24686,,65,1,0,1,1,0,1,0,0,0,0,0,0.000173
24688,,16,0,1,1,0,1,1,9,0.208653,0.21473,0,0,0
24693,,65,0,1,1,0,1,1,9,0.192095,0.196184,0,0,0
24696,,7,0,1,1,0,1,1,8,0.234455,0.242731,0,0,0
24697,,7,0,1,1,0,1,1,8,0.239554,0.247876,0,0,0
24698,,7,0,1,1,0,1,1,9,0.214179,0.220404,0,0,0
24703,,12,0,1,1,0,1,1,10,0.164896,0.168023,0,0,0
24704,,7,0,1,1,0,1,1,8,0.261475,0.272568,0,0,0
24706,,41,0,1,1,0,1,1,8,0.257544,0.268689,0,0,0
24707,,25,0,1,1,0,1,1,9,0.203824,0.20864,0,0,0
24709,,7,0,1,1,0,1,1,1,1,1,0,0,0
24710,,16,0,2,2,0,2,2,8,0.239529,0.247473,0,1,0
24712,,7,0,2,2,0,2,2,8,0.245166,0.254143,0,0.5,0
24713,,7,0,1,1,0,1,1,8,0.262756,0.273466,0,0,0
24716,,7,0,1,1,0,1,1,8,0.244386,0.252463,0,0,0
24718,,1,0,2,2,0,2,2,8,0.23072,0.23871,0,1,0
24719,,7,0,1,1,0,1,1,9,0.224382,0.231103,0,0,0
24818,,65,1,0,1,1,0,1,0,0,0,0,0,0.000186
29356,,65,1,0,1,1,0,1,0,0,0,0,0,0.000186
24725,,36,0,1,1,0,1,1,10,0.172717,0.175979,0,0,0
24726,,65,0,3,3,0,3,3,8,0.247353,0.256126,0,0,0
24728,,16,1,1,2,1,1,2,8,0.239018,0.246295,3.04809,0,0.000168
24729,,41,0,1,1,0,1,1,8,0.257544,0.268689,0,0,0
24730,,14,0,1,1,0,1,1,9,0.220426,0.227127,0,0,0
24738,,7,0,1,1,0,1,1,8,0.244933,0.25344,0,0,0
24743,,67,0,7,7,0,7,7,8,0.265534,0.276939,0,0.047619,0
24744,,67,1,0,1,1,0,1,0,0,0,0,0,0.000168
25324,,67,1,0,1,1,0,1,0,0,0,0,0,0.000168
24746,,7,0,1,1,0,1,1,8,0.251238,0.260024,0,0,0
24747,,438,0,1,1,0,1,1,1,1,1,0,0,0
24748,,438,1,0,1,1,0,1,0,0,0,0,0,0.000168
24749,,16,0,1,1,0,1,1,8,0.22695,0.233387,0,0,0
24751,,439,0,1,1,0,1,1,1,1,1,0,0,0
24752,,439,1,0,1,1,0,1,0,0,0,0,0,0.000168
24753,,7,0,1,1,0,1,1,9,0.196438,0.200686,0,0,0
24754,,7,0,1,1,0,1,1,9,0.217626,0.22351,0,0,0
24755,,25,0,1,1,0,1,1,9,0.192204,0.196531,0,0,0
24757,,39,0,1,1,0,1,1,9,0.209977,0.215427,0,0,0
24759,,16,0,1,1,0,1,1,8,0.246659,0.25616,0,0,0
34244,,16,1,0,1,1,0,1,0,0,0,0,0,0.000205
24765,,67,0,1,1,0,1,1,9,0.195862,0.200216,0,0,0
24766,,1,0,1,1,0,1,1,8,0.228936,0.236648,0,0,0
24767,,7,0,1,1,0,1,1,8,0.230757,0.238159,0,0,0
24768,,7,0,1,1,0,1,1,8,0.230757,0.238159,0,0,0
24771,,7,0,1,1,0,1,1,9,0.218555,0.224687,0,0,0
24774,,7,0,1,1,0,1,1,8,0.257706,0.267944,0,0,0
24777,,16,0,1,1,0,1,1,8,0.211022,0.216747,0,0,0
24778,,7,0,1,1,0,1,1,8,0.23867,0.246586,0,0,0
24779,,16,0,1,1,0,1,1,9,0.227723,0.235174,0,0,0
24780,,1,0,1,1,0,1,1,8,0.228936,0.236648,0,0,0
24781,,7,0,1,1,0,1,1,9,0.234953,0.24388,0,0,0
24785,,7,0,2,2,0,2,2,8,0.226768,0.23449,0,0,0
24786,,7,0,1,1,0,1,1,8,0.240656,0.249158,0,0,0
29303,,14,2,2,4,2,2,4,9,0.220319,0.227484,44799,0.166667,0.000389
24799,,16,0,1,1,0,1,1,9,0.188905,0.193288,0,0,0
24800,,16,0,1,1,0,1,1,9,0.188905,0.193288,0,0,0
24801,,16,1,2,3,1,2,3,9,0.215932,0.222582,63.101906,0.166667,0.000178
24803,,67,0,1,1,0,1,1,10,0.179807,0.18361,0,0,0
24804,,41,0,3,3,0,3,3,8,0.255195,0.264955,0,0,0
24805,,1,0,1,1,0,1,1,9,0.222605,0.230046,0,0,0
24806,,1,0,1,1,0,1,1,9,0.222605,0.230046,0,0,0
24810,,7,0,1,1,0,1,1,9,0.213255,0.219289,0,0,0
27541,,16,1,1,2,1,1,2,2,0.666667,0.75,0,0,0.000184
29426,,16,1,0,1,1,0,1,0,0,0,0,0,0.000184
24813,,67,0,1,1,0,1,1,1,1,1,0,0,0
24816,,16,0,1,1,0,1,1,9,0.226517,0.234006,0,0,0
24817,,16,1,3,4,1,3,4,8,0.252153,0.262338,34.378177,0.416667,0.000168
24822,,7,0,1,1,0,1,1,8,0.242475,0.25106,0,0,0
24823,,1,0,1,1,0,1,1,1,1,1,0,0,0
24825,,16,0,2,2,0,2,2,8,0.25092,0.26233,0,1,0
24830,,1,0,1,1,0,1,1,9,0.210708,0.216529,0,0,0
28287,,16,1,5,6,1,5,6,8,0.265402,0.27705,8234.412408,0.35,0.000342
24834,,16,0,1,1,0,1,1,9,0.225141,0.232003,0,0,0
24837,,12,0,1,1,0,1,1,9,0.203493,0.208445,0,0,0
24838,,7,0,1,1,0,1,1,10,0.179156,0.182314,0,0,0
24840,,67,0,2,2,0,2,2,9,0.208901,0.214772,0,0.5,0
24841,,7,0,6,6,0,6,6,8,0.259032,0.269963,0,0.033333,0
25623,,7,1,1,2,1,1,2,9,0.195913,0.200113,6.35746,0,0.000168
24843,,67,0,1,1,0,1,1,10,0.156957,0.159284,0,0,0
24847,,16,0,1,1,0,1,1,9,0.207996,0.214081,0,0,0
24851,,7,0,1,1,0,1,1,9,0.227374,0.234422,0,0,0
24852,,440,0,2,2,0,2,2,10,0.181955,0.185834,0,0,0
30602,,440,1,0,1,1,0,1,0,0,0,0,0,0.000168
24853,,41,0,1,1,0,1,1,8,0.236961,0.24442,0,0,0
24855,,7,0,1,1,0,1,1,8,0.239474,0.246961,0,0,0
24856,,7,0,1,1,0,1,1,1,1,1,0,0,0
24858,,441,0,1,1,0,1,1,1,1,1,0,0,0
24860,,22,0,1,1,0,1,1,2,0.545455,0.583333,0,0,0
24861,,441,0,1,1,0,1,1,1,1,1,0,0,0
24862,,16,0,1,1,0,1,1,8,0.239018,0.246295,0,0,0
24863,,442,0,1,1,0,1,1,10,0.176011,0.179237,0,0,0
24864,,41,0,1,1,0,1,1,9,0.190472,0.194929,0,0,0
24865,,7,0,2,2,0,2,2,9,0.213965,0.2204,0,0,0
24868,,7,0,1,1,0,1,1,8,0.242475,0.25106,0,0,0
30313,,7,1,0,1,1,0,1,0,0,0,0,0,0.000205
30989,,16,1,0,1,1,0,1,0,0,0,0,0,0.000367
31301,,16,1,4,5,1,4,5,8,0.211113,0.21745,8.053947,0.333333,0.000367
32692,,16,1,0,1,1,0,1,0,0,0,0,0,0.000367
30999,,16,1,1,2,1,1,2,9,0.196041,0.201108,0,0,0.000367
32168,,16,1,1,2,1,1,2,9,0.196041,0.201108,0,0,0.000367
24873,,7,0,1,1,0,1,1,8,0.248325,0.257194,0,0,0
24874,,14,0,3,3,0,3,3,8,0.249351,0.258465,0,0.5,0
24875,,14,0,1,1,0,1,1,9,0.226458,0.233655,0,0,0
24876,,7,0,1,1,0,1,1,8,0.262756,0.273466,0,0,0
24878,,7,0,1,1,0,1,1,8,0.237622,0.245065,0,0,0
24880,,16,0,1,1,0,1,1,9,0.229659,0.236946,0,0,0
24881,,443,0,1,1,0,1,1,1,1,1,0,0,0
24882,,443,1,0,1,1,0,1,0,0,0,0,0,0.000168
24883,,16,0,3,3,0,3,3,9,0.216908,0.2239,0,0.333333,0
24884,,41,0,1,1,0,1,1,9,0.234736,0.243231,0,0,0
24886,,16,0,1,1,0,1,1,8,0.234514,0.24306,0,0,0
24888,,7,0,1,1,0,1,1,9,0.226164,0.233246,0,0,0
24889,,7,0,1,1,0,1,1,9,0.210064,0.215398,0,0,0
24890,,36,0,2,2,0,2,2,8,0.240588,0.248697,0,0,0
24891,,7,0,1,1,0,1,1,8,0.248761,0.257751,0,0,0
24892,,444,0,1,1,0,1,1,1,1,1,0,0,0
24893,,41,0,1,1,0,1,1,9,0.209788,0.215674,0,0,0
24896,,7,0,1,1,0,1,1,1,1,1,0,0,0
24897,,41,0,1,1,0,1,1,9,0.217487,0.223937,0,0,0
24898,,16,0,1,1,0,1,1,9,0.201382,0.206397,0,0,0
24900,,41,0,1,1,0,1,1,9,0.217487,0.223937,0,0,0
24901,,14,0,1,1,0,1,1,2,0.666667,0.75,0,0,0
24902,,16,0,1,1,0,1,1,9,0.177132,0.180771,0,0,0
24906,,16,0,1,1,0,1,1,8,0.23897,0.247046,0,0,0
24908,,55,0,1,1,0,1,1,9,0.188268,0.192397,0,0,0
24910,,7,0,1,1,0,1,1,9,0.216156,0.222356,0,0,0
24912,,16,0,1,1,0,1,1,9,0.215498,0.222153,0,0,0
24914,,53,0,3,3,0,3,3,9,0.230893,0.238266,0,0.333333,0
24917,,41,0,1,1,0,1,1,8,0.230249,0.237146,0,0,0
29299,,16,2,1,3,2,1,3,10,0.177364,0.180856,44800.677778,0,0.000358
24920,,16,0,3,3,0,3,3,9,0.211813,0.218024,0,0,0
25677,,16,1,4,5,1,4,5,9,0.212462,0.218904,738.981684,0,0.000168
24925,,7,0,1,1,0,1,1,1,1,1,0,0,0
24926,,14,0,1,1,0,1,1,2,0.666667,0.75,0,0,0
24927,,7,0,1,1,0,1,1,9,0.20573,0.211439,0,0,0
24929,,41,0,1,1,0,1,1,9,0.209788,0.215674,0,0,0
24930,,41,0,2,2,0,2,2,9,0.209935,0.215412,0,0,0
24931,,1,0,1,1,0,1,1,8,0.226147,0.233528,0,0,0
24932,,7,0,4,4,0,4,4,8,0.266324,0.278031,0,0.416667,0
24934,,7,0,1,1,0,1,1,9,0.226673,0.233625,0,0,0
24936,,36,0,1,1,0,1,1,9,0.219926,0.226711,0,0,0
24937,,16,1,2,3,1,2,3,8,0.251392,0.261497,0,1,0.000259
26860,,16,1,1,2,1,1,2,1,1,1,0,0,0.000183
24941,,7,0,6,6,0,6,6,8,0.267543,0.279328,0,0.466667,0
24943,,7,0,2,2,0,2,2,9,0.238537,0.246734,0,1,0
24944,,67,0,2,2,0,2,2,9,0.210727,0.216735,0,0,0
24945,,16,0,1,1,0,1,1,8,0.230667,0.237711,0,0,0
24947,,7,0,1,1,0,1,1,9,0.246124,0.25571,0,0,0
24948,,41,0,1,1,0,1,1,9,0.232863,0.240485,0,0,0
24949,,7,0,2,2,0,2,2,8,0.260268,0.271207,0,1,0
24950,,1,0,1,1,0,1,1,9,0.186303,0.19036,0,0,0
24951,,16,0,1,1,0,1,1,9,0.232941,0.240927,0,0,0
24953,,7,0,1,1,0,1,1,9,0.212011,0.2181,0,0,0
24954,,16,0,1,1,0,1,1,9,0.197661,0.202007,0,0,0
24956,,7,0,1,1,0,1,1,8,0.237164,0.244724,0,0,0
24957,,16,0,3,3,0,3,3,9,0.225198,0.232234,0,1,0
24960,,7,0,1,1,0,1,1,8,0.262756,0.273466,0,0,0
24963,,7,0,1,1,0,1,1,1,1,1,0,0,0
24964,,16,0,1,1,0,1,1,8,0.239859,0.247713,0,0,0
24966,,16,0,2,2,0,2,2,8,0.25215,0.262311,0,1,0
24969,,7,0,1,1,0,1,1,9,0.214766,0.220717,0,0,0
25343,,32,1,0,1,1,0,1,0,0,0,0,0,0.00028
29655,,32,1,0,1,1,0,1,0,0,0,0,0,0.00028
24972,,7,0,1,1,0,1,1,10,0.167226,0.169765,0,0,0
24973,,65,0,1,1,0,1,1,9,0.200697,0.205965,0,0,0
24974,,16,0,1,1,0,1,1,8,0.216596,0.222828,0,0,0
24976,,1,0,1,1,0,1,1,9,0.19826,0.202613,0,0,0
24977,,41,0,2,2,0,2,2,8,0.269956,0.282414,0,1,0
24978,,65,0,1,1,0,1,1,9,0.217956,0.224292,0,0,0
24979,,7,0,1,1,0,1,1,9,0.222889,0.229835,0,0,0
24982,,16,0,1,1,0,1,1,9,0.197516,0.201911,0,0,0
24985,,41,1,2,3,1,2,3,8,0.250779,0.260176,57.325445,0.166667,0.000173
24986,,25,0,2,2,0,2,2,9,0.225638,0.232853,0,1,0
24989,,7,0,1,1,0,1,1,8,0.231851,0.238751,0,0,0
24990,,22,0,1,1,0,1,1,10,0.168988,0.172157,0,0,0
24992,,16,0,1,1,0,1,1,9,0.215775,0.22222,0,0,0
24993,,7,0,1,1,0,1,1,9,0.227108,0.234002,0,0,0
24996,,36,0,2,2,0,2,2,8,0.233803,0.240827,0,0,0
24998,,16,0,1,1,0,1,1,9,0.213504,0.219764,0,0,0
24999,,16,0,1,1,0,1,1,9,0.224032,0.231579,0,0,0
25002,,7,0,1,1,0,1,1,8,0.262756,0.273466,0,0,0
25003,,7,0,1,1,0,1,1,8,0.257706,0.267944,0,0,0
25005,,22,0,1,1,0,1,1,10,0.168988,0.172157,0,0,0
25006,,16,0,1,1,0,1,1,8,0.23674,0.244313,0,0,0
25007,,7,0,1,1,0,1,1,9,0.231387,0.239068,0,0,0
25009,,7,0,1,1,0,1,1,8,0.257706,0.267944,0,0,0
25010,,7,0,1,1,0,1,1,9,0.200066,0.204368,0,0,0
25011,,41,0,1,1,0,1,1,9,0.198482,0.202781,0,0,0
25014,,7,0,1,1,0,1,1,9,0.21491,0.22074,0,0,0
25015,,16,0,1,1,0,1,1,8,0.234514,0.24306,0,0,0
25016,,7,0,1,1,0,1,1,8,0.23999,0.247696,0,0,0
25018,,65,0,1,1,0,1,1,9,0.195014,0.200132,0,0,0
25019,,7,0,1,1,0,1,1,9,0.184734,0.188841,0,0,0
25022,,7,0,1,1,0,1,1,8,0.242475,0.25106,0,0,0
25023,,7,0,1,1,0,1,1,8,0.242475,0.25106,0,0,0
25024,,7,0,1,1,0,1,1,8,0.249305,0.258082,0,0,0
25026,,7,0,1,1,0,1,1,9,0.222258,0.229099,0,0,0
25027,,1,0,1,1,0,1,1,8,0.238232,0.246371,0,0,0
25028,,39,0,1,1,0,1,1,9,0.21407,0.220284,0,0,0
25033,,41,0,1,1,0,1,1,10,0.199053,0.204327,0,0,0
25034,,12,0,1,1,0,1,1,9,0.208614,0.214286,0,0,0
25035,,1,0,2,2,0,2,2,9,0.203892,0.209425,0,0,0
25036,,1,0,23,23,0,23,23,9,0.226946,0.235299,0,0.252964,0
25037,,1,0,1,1,0,1,1,9,0.188129,0.192402,0,0,0
25038,,12,0,1,1,0,1,1,10,0.168625,0.171488,0,0,0
25040,,16,0,1,1,0,1,1,8,0.239018,0.246295,0,0,0
25041,,16,0,1,1,0,1,1,9,0.206242,0.211786,0,0,0
25042,,16,0,1,1,0,1,1,8,0.239859,0.247713,0,0,0
25043,,445,0,1,1,0,1,1,9,0.207286,0.212647,0,0,0
25044,,12,0,1,1,0,1,1,10,0.168625,0.171488,0,0,0
25046,,16,0,1,1,0,1,1,9,0.224856,0.232784,0,0,0
33219,,22,1,0,1,1,0,1,0,0,0,0,0,0.000187
25048,,1,0,24,24,0,24,24,8,0.231452,0.239945,0,0.217391,0
25049,,7,0,1,1,0,1,1,8,0.261475,0.272568,0,0,0
25050,,1,0,1,1,0,1,1,9,0.215274,0.221176,0,0,0
25051,,16,0,1,1,0,1,1,8,0.235179,0.242605,0,0,0
25052,,1,0,1,1,0,1,1,9,0.210888,0.216577,0,0,0
25053,,7,0,1,1,0,1,1,8,0.261475,0.272568,0,0,0
25054,,14,0,1,1,0,1,1,8,0.249084,0.258104,0,0,0
25055,,7,0,1,1,0,1,1,2,0.666667,0.75,0,0,0
25058,,7,0,1,1,0,1,1,9,0.222431,0.229647,0,0,0
25061,,2,1,2,3,1,2,3,8,0.232987,0.241006,632.446512,0.5,0.000168
25062,,1,0,1,1,0,1,1,8,0.230717,0.238683,0,0,0
25064,,16,0,2,2,0,2,2,8,0.244234,0.253487,0,1,0
25065,,7,0,1,1,0,1,1,9,0.216871,0.222917,0,0,0
25066,,7,0,1,1,0,1,1,9,0.22971,0.237607,0,0,0
25068,,16,0,1,1,0,1,1,9,0.222226,0.228905,0,0,0
25069,,2,0,1,1,0,1,1,9,0.217837,0.224577,0,0,0
25070,,16,0,1,1,0,1,1,8,0.234514,0.24306,0,0,0
25071,,16,0,1,1,0,1,1,10,0.159833,0.162513,0,0,0
25072,,16,1,1,2,1,1,2,9,0.190229,0.194779,18827,0,0.000168
25074,,7,0,1,1,0,1,1,9,0.20138,0.206092,0,0,0
25075,,7,0,1,1,0,1,1,8,0.262756,0.273466,0,0,0
25076,,16,0,2,2,0,2,2,9,0.238099,0.24719,0,0,0
25077,,16,0,1,1,0,1,1,10,0.172902,0.176107,0,0,0
25078,,67,0,1,1,0,1,1,9,0.185597,0.189521,0,0,0
25081,,7,0,1,1,0,1,1,10,0.167226,0.169765,0,0,0
25082,,1,0,1,1,0,1,1,8,0.250023,0.260333,0,0,0
25083,,441,0,1,1,0,1,1,1,1,1,0,0,0
25087,,7,0,1,1,0,1,1,9,0.224717,0.23191,0,0,0
25088,,7,0,1,1,0,1,1,9,0.215102,0.22067,0,0,0
25089,,16,0,2,2,0,2,2,9,0.224051,0.23165,0,0,0
25091,,7,0,1,1,0,1,1,1,1,1,0,0,0
25092,,16,0,1,1,0,1,1,9,0.202489,0.207724,0,0,0
25093,,2,0,1,1,0,1,1,9,0.217837,0.224577,0,0,0
25094,,16,1,1,2,1,1,2,8,0.234514,0.24306,0,0.5,0.000168
25095,,12,0,2,2,0,2,2,11,0.14387,0.145972,0,0.5,0
25099,,478,0,1,1,0,1,1,2,0.666667,0.75,0,0,0
25100,,446,0,1,1,0,1,1,2,0.666667,0.75,0,0,0
25103,,1,0,1,1,0,1,1,9,0.207241,0.212972,0,0,0
25106,,7,0,1,1,0,1,1,8,0.263621,0.273995,0,0,0
25107,,16,0,7,7,0,7,7,8,0.274114,0.28667,0,0.166667,0
25108,,16,0,1,1,0,1,1,9,0.22341,0.230056,0,0,0
25109,,7,0,1,1,0,1,1,9,0.223156,0.230196,0,0,0
25110,,447,0,1,1,0,1,1,11,0.152408,0.154436,0,0,0
25115,,14,0,1,1,0,1,1,8,0.219698,0.225869,0,0,0
25116,,41,0,1,1,0,1,1,9,0.186402,0.190307,0,0,0
25118,,7,0,1,1,0,1,1,8,0.261475,0.272568,0,0,0
25124,,16,1,2,3,1,2,3,8,0.236745,0.244348,25974,0.333333,0.000263
28919,,16,2,0,2,2,0,2,0,0,0,0,0,0.000342
25125,,7,0,2,2,0,2,2,8,0.265468,0.276815,0,0.5,0
25126,,7,0,1,1,0,1,1,9,0.227374,0.234422,0,0,0
25127,,448,0,1,1,0,1,1,1,1,1,0,0,0
25128,,448,1,0,1,1,0,1,0,0,0,0,0,0.000168
25129,,7,0,5,5,0,5,5,8,0.252677,0.262092,0,0.2,0
25130,,7,0,1,1,0,1,1,9,0.224977,0.231842,0,0,0
25132,,278,0,1,1,0,1,1,3,0.470588,0.520833,0,0,0
25133,,7,0,1,1,0,1,1,8,0.251664,0.260845,0,0,0
25135,,18,1,0,1,1,0,1,0,0,0,0,0,0.000178
25137,,16,0,1,1,0,1,1,8,0.216596,0.222828,0,0,0
25143,,67,0,1,1,0,1,1,9,0.226957,0.234476,0,0,0
25147,,7,0,1,1,0,1,1,9,0.219316,0.225988,0,0,0
25148,,2,0,1,1,0,1,1,9,0.217837,0.224577,0,0,0
25150,,16,0,1,1,0,1,1,8,0.246114,0.255055,0,0,0
25151,,1,0,1,1,0,1,1,9,0.210708,0.216529,0,0,0
35562,,16,2,0,2,2,0,2,0,0,0,0,0.5,0.000359
25154,,41,0,1,1,0,1,1,8,0.257544,0.268689,0,0,0
34641,,16,1,0,1,1,0,1,0,0,0,0,0,0.000181
34907,,16,1,0,1,1,0,1,0,0,0,0,0,0.000181
25157,,449,2,0,2,2,0,2,0,0,0,0,0,0.000341
25158,,7,0,3,3,0,3,3,9,0.239538,0.248065,0,0.666667,0
25160,,449,0,3,3,0,3,3,9,0.235164,0.244177,0,0,0
28035,,7,1,0,1,1,0,1,0,0,0,0,0,0.000277
25164,,7,0,3,3,0,3,3,8,0.261923,0.272752,0,0.666667,0
25165,,41,0,3,3,0,3,3,9,0.213301,0.219645,0,0.666667,0
25167,,7,0,1,1,0,1,1,8,0.229797,0.237062,0,0,0
29070,,16,2,2,4,2,2,4,8,0.251382,0.261475,0.5,0.666667,0.000459
25169,,7,0,1,1,0,1,1,8,0.231137,0.237861,0,0,0
25170,,16,0,2,2,0,2,2,9,0.21958,0.226633,0,0,0
25171,,7,0,1,1,0,1,1,8,0.244564,0.253553,0,0,0
25174,,7,0,1,1,0,1,1,8,0.251664,0.260845,0,0,0
31292,,41,1,0,1,1,0,1,0,0,0,0,0,0.000173
25177,,2,0,1,1,0,1,1,9,0.217837,0.224577,0,0,0
25179,,41,0,1,1,0,1,1,9,0.217651,0.224244,0,0,0
25180,,7,0,1,1,0,1,1,8,0.257706,0.267944,0,0,0
25181,,7,0,1,1,0,1,1,9,0.222689,0.230064,0,0,0
25183,,22,0,1,1,0,1,1,9,0.183805,0.188435,0,0,0
25184,,16,0,1,1,0,1,1,8,0.234266,0.242061,0,0,0
25185,,7,0,1,1,0,1,1,9,0.230193,0.238549,0,0,0
25186,,16,0,1,1,0,1,1,8,0.247792,0.25846,0,0,0
25187,,7,2,1,3,2,1,3,1,1,1,1,0,0.000353
25189,,16,0,1,1,0,1,1,8,0.235824,0.242716,0,0,0
25190,,7,0,1,1,0,1,1,9,0.20921,0.214873,0,0,0
25859,,16,1,1,2,1,1,2,8,0.23449,0.241928,0,1,0.000189
25193,,67,0,1,1,0,1,1,9,0.195853,0.200442,0,0,0
25196,,450,0,1,1,0,1,1,1,1,1,0,0,0
25197,,450,1,0,1,1,0,1,0,0,0,0,0,0.000168
25198,,7,0,1,1,0,1,1,8,0.231928,0.239836,0,0,0
25200,,41,0,1,1,0,1,1,9,0.217121,0.223495,0,0,0
25202,,65,0,1,1,0,1,1,9,0.211784,0.217425,0,0,0
25203,,41,0,1,1,0,1,1,8,0.257544,0.268689,0,0,0
25204,,16,0,4,4,0,4,4,8,0.262408,0.273023,0,0.75,0
25206,,7,0,1,1,0,1,1,9,0.195684,0.200028,0,0,0
25213,,7,0,1,1,0,1,1,8,0.255022,0.264509,0,0,0
25214,,36,0,1,1,0,1,1,10,0.201544,0.206705,0,0,0
25215,,7,0,1,1,0,1,1,8,0.261475,0.272568,0,0,0
25218,,16,0,1,1,0,1,1,1,1,1,0,0,0
25219,,44,0,1,1,0,1,1,1,1,1,0,0,0
25222,,16,0,1,1,0,1,1,8,0.234514,0.24306,0,0,0
25223,,67,0,1,1,0,1,1,11,0.15145,0.153668,0,0,0
25224,,16,0,1,1,0,1,1,9,0.211665,0.217249,0,0,0
25225,,7,0,1,1,0,1,1,10,0.179156,0.182314,0,0,0
27128,,14,1,0,1,1,0,1,0,0,0,0,0,0.000175
25230,,16,0,1,1,0,1,1,9,0.224032,0.231579,0,0,0
25235,,16,0,1,1,0,1,1,9,0.221572,0.228332,0,0,0
25237,,7,0,6,6,0,6,6,8,0.253925,0.263918,0,0.2,0
25240,,7,0,1,1,0,1,1,8,0.228875,0.236469,0,0,0
25243,,16,0,1,1,0,1,1,9,0.219293,0.225533,0,0,0
25244,,7,0,1,1,0,1,1,9,0.216176,0.222636,0,0,0
25246,,451,0,1,1,0,1,1,1,1,1,0,0,0
25247,,451,1,0,1,1,0,1,0,0,0,0,0,0.000168
25249,,14,0,1,1,0,1,1,8,0.236758,0.244748,0,0,0
25250,,7,0,7,7,0,7,7,8,0.236464,0.244671,0,0.095238,0
25251,,7,0,2,2,0,2,2,8,0.264265,0.275522,0,0.5,0
25252,,39,0,1,1,0,1,1,9,0.209977,0.215427,0,0,0
25254,,1,0,2,2,0,2,2,8,0.228944,0.236687,0,0,0
25255,,16,0,1,1,0,1,1,9,0.216577,0.223322,0,0,0
25256,,7,0,1,1,0,1,1,8,0.261475,0.272568,0,0,0
25257,,452,0,1,1,0,1,1,1,1,1,0,0,0
25258,,452,1,0,1,1,0,1,0,0,0,0,0,0.000168
25259,,16,0,1,1,0,1,1,2,0.666667,0.75,0,0,0
25264,,1,0,1,1,0,1,1,10,0.187935,0.19206,0,0,0
25265,,36,0,1,1,0,1,1,10,0.177227,0.18066,0,0,0
25266,,16,0,1,1,0,1,1,9,0.23129,0.238425,0,0,0
25267,,7,0,1,1,0,1,1,8,0.225373,0.231994,0,0,0
25268,,41,0,4,4,0,4,4,8,0.241416,0.249721,0,0.416667,0
26670,,7,1,0,1,1,0,1,0,0,0,0,0,0.000237
25270,,7,0,1,1,0,1,1,8,0.225373,0.231994,0,0,0
25274,,41,0,1,1,0,1,1,8,0.234094,0.242348,0,0,0
30164,,41,1,1,2,1,1,2,10,0.174564,0.177971,95.75787,0,0.000197
30724,,41,1,2,3,1,2,3,9,0.224242,0.231778,137.701233,0,0.000197
25277,,16,0,1,1,0,1,1,8,0.216596,0.222828,0,0,0
25279,,2,0,3,3,0,3,3,9,0.217851,0.224654,0,0.333333,0
28762,,2,3,2,5,3,2,5,9,0.217836,0.224598,3311.322834,0.416667,0.000595
29722,,2,1,2,3,1,2,3,9,0.188973,0.193176,0.333333,0.5,0.000168
25281,,7,0,3,3,0,3,3,8,0.250199,0.259447,0,0.166667,0
25282,,16,0,1,1,0,1,1,9,0.224032,0.231579,0,0,0
25283,,7,0,1,1,0,1,1,9,0.233264,0.241028,0,0,0
25284,,7,0,1,1,0,1,1,9,0.217001,0.22352,0,0,0
25289,,16,0,1,1,0,1,1,9,0.227654,0.235503,0,0,0
25290,,478,1,1,2,1,1,2,2,0.666667,0.75,0,0.5,0.000168
25291,,25,0,2,2,0,2,2,8,0.247148,0.257088,0,0.5,0
25293,,7,0,4,4,0,4,4,8,0.262991,0.273864,0,0.166667,0
25295,,41,0,1,1,0,1,1,9,0.217487,0.223937,0,0,0
30446,,36,2,0,2,2,0,2,0,0,0,0,0.5,0.000356
30447,,36,2,0,2,2,0,2,0,0,0,0,0.5,0.000356
25298,,16,0,1,1,0,1,1,8,0.246114,0.255055,0,0,0
25300,,67,0,1,1,0,1,1,9,0.221969,0.229196,0,0,0
25301,,16,0,5,5,0,5,5,8,0.271666,0.283952,0,0.15,0
25304,,7,0,1,1,0,1,1,9,0.225592,0.232933,0,0,0
25307,,16,0,1,1,0,1,1,9,0.185941,0.189599,0,0,0
25308,,7,0,1,1,0,1,1,9,0.211854,0.217545,0,0,0
25310,,25,0,1,1,0,1,1,9,0.203824,0.20864,0,0,0
25312,,14,0,1,1,0,1,1,9,0.200149,0.205763,0,0,0
25313,,16,0,1,1,0,1,1,10,0.166332,0.169155,0,0,0
25315,,41,0,1,1,0,1,1,9,0.207661,0.213494,0,0,0
25318,,41,0,1,1,0,1,1,8,0.257544,0.268689,0,0,0
25319,,69,0,1,1,0,1,1,1,1,1,0,0,0
25320,,7,0,1,1,0,1,1,9,0.239963,0.248532,0,0,0
25321,,36,0,1,1,0,1,1,10,0.172717,0.175979,0,0,0
25322,,2,0,1,1,0,1,1,9,0.215099,0.221134,0,0,0
25323,,7,0,1,1,0,1,1,9,0.224744,0.232057,0,0,0
25325,,453,0,1,1,0,1,1,1,1,1,0,0,0
25326,,453,1,0,1,1,0,1,0,0,0,0,0,0.000168
25327,,41,0,1,1,0,1,1,8,0.257544,0.268689,0,0,0
25329,,16,0,1,1,0,1,1,9,0.224454,0.231835,0,0,0
25332,,65,0,1,1,0,1,1,9,0.195014,0.200132,0,0,0
25335,,41,0,1,1,0,1,1,8,0.257544,0.268689,0,0,0
25336,,16,0,1,1,0,1,1,8,0.233638,0.242002,0,0,0
25337,,16,0,1,1,0,1,1,8,0.230091,0.237701,0,0,0
25338,,7,0,1,1,0,1,1,9,0.224027,0.230383,0,0,0
25339,,7,0,1,1,0,1,1,8,0.242744,0.250975,0,0,0
25340,,14,0,1,1,0,1,1,8,0.247395,0.256736,0,0,0
25341,,7,0,1,1,0,1,1,9,0.188504,0.192408,0,0,0
25345,,454,1,0,1,1,0,1,0,0,0,0,0,0.000175
25347,,1,0,1,1,0,1,1,8,0.230853,0.23867,0,0,0
25351,,65,0,1,1,0,1,1,9,0.208155,0.213697,0,0,0
25352,,7,0,2,2,0,2,2,8,0.242482,0.251096,0,0,0
25353,,41,0,2,2,0,2,2,8,0.263902,0.274974,0,0,0
25355,,41,0,1,1,0,1,1,8,0.257544,0.268689,0,0,0
25357,,7,0,1,1,0,1,1,9,0.201734,0.206697,0,0,0
25358,,7,0,1,1,0,1,1,9,0.201734,0.206697,0,0,0
25359,,7,0,1,1,0,1,1,10,0.183185,0.186947,0,0,0
25360,,7,0,1,1,0,1,1,9,0.201734,0.206697,0,0,0
25361,,16,0,1,1,0,1,1,9,0.218269,0.224871,0,0,0
25362,,41,0,2,2,0,2,2,8,0.269956,0.282414,0,1,0
25366,,7,0,1,1,0,1,1,9,0.227489,0.234622,0,0,0
25367,,16,0,1,1,0,1,1,8,0.227034,0.234934,0,0,0
25368,,16,0,1,1,0,1,1,9,0.229337,0.237191,0,0,0
25369,,16,2,2,4,2,2,4,8,0.251389,0.261488,1.25,0.416667,0.000364
25370,,7,0,1,1,0,1,1,8,0.230108,0.238119,0,0,0
25371,,22,0,1,1,0,1,1,9,0.21286,0.218905,0,0,0
25379,,7,0,3,3,0,3,3,8,0.259072,0.269698,0,0.833333,0
25380,,22,0,1,1,0,1,1,9,0.17804,0.181451,0,0,0
25381,,16,0,1,1,0,1,1,9,0.202777,0.207926,0,0,0
25382,,7,0,1,1,0,1,1,9,0.214954,0.220899,0,0,0
25384,,41,0,1,1,0,1,1,9,0.199712,0.204243,0,0,0
25385,,7,0,1,1,0,1,1,8,0.224644,0.231298,0,0,0
25386,,455,0,1,1,0,1,1,1,1,1,0,0,0
25387,,455,1,0,1,1,0,1,0,0,0,0,0,0.000168
25388,,41,1,2,3,1,2,3,9,0.217654,0.224278,18823,0.5,0.000181
25390,,7,0,1,1,0,1,1,9,0.209075,0.214595,0,0,0
25392,,456,0,1,1,0,1,1,2,0.666667,0.75,0,0,0
25393,,456,1,1,2,1,1,2,1,1,1,1,0,0.000168
27414,,456,1,0,1,1,0,1,0,0,0,0,0,0.000173
25394,,1,0,1,1,0,1,1,9,0.207241,0.212972,0,0,0
25395,,16,0,1,1,0,1,1,9,0.202777,0.207926,0,0,0
25396,,41,0,1,1,0,1,1,8,0.257544,0.268689,0,0,0
25399,,16,0,1,1,0,1,1,9,0.218616,0.225169,0,0,0
25403,,16,0,1,1,0,1,1,9,0.192148,0.197031,0,0,0
25404,,16,0,2,2,0,2,2,9,0.237613,0.246349,0,0.5,0
25407,,53,0,2,2,0,2,2,9,0.20231,0.207312,0,0,0
25408,,16,0,2,2,0,2,2,9,0.188596,0.192963,0,0.5,0
25409,,16,0,1,1,0,1,1,8,0.234493,0.241933,0,0,0
25410,,7,0,1,1,0,1,1,9,0.222889,0.229835,0,0,0
25412,,67,0,2,2,0,2,2,9,0.211394,0.21767,0,0,0
25413,,41,0,1,1,0,1,1,1,1,1,0,0,0
25415,,1,0,3,3,0,3,3,8,0.262881,0.273677,0,0,0
25416,,16,0,1,1,0,1,1,9,0.216582,0.22242,0,0,0
25418,,69,0,2,2,0,2,2,8,0.232495,0.239603,0,1,0
25419,,16,0,1,1,0,1,1,9,0.223681,0.230334,0,0,0
25420,,16,0,1,1,0,1,1,8,0.230972,0.237602,0,0,0
25421,,16,0,1,1,0,1,1,9,0.202652,0.208363,0,0,0
25425,,7,0,1,1,0,1,1,9,0.207609,0.212853,0,0,0
25426,,16,0,1,1,0,1,1,9,0.224032,0.231579,0,0,0
25430,,7,0,1,1,0,1,1,8,0.262756,0.273466,0,0,0
25431,,16,0,1,1,0,1,1,1,1,1,0,0,0
25433,,16,0,2,2,0,2,2,8,0.25215,0.262311,0,1,0
25434,,2,0,3,3,0,3,3,9,0.217862,0.224674,0,0.333333,0
28544,,2,1,2,3,1,2,3,9,0.217846,0.224618,1,0.333333,0.000168
25435,,16,0,1,1,0,1,1,9,0.203239,0.208464,0,0,0
25436,,16,0,1,1,0,1,1,9,0.194556,0.198958,0,0,0
25438,,1,0,1,1,0,1,1,9,0.21102,0.217224,0,0,0
25440,,7,0,1,1,0,1,1,1,1,1,0,0,0
25441,,16,0,1,1,0,1,1,9,0.192501,0.19669,0,0,0
25443,,7,0,1,1,0,1,1,8,0.261475,0.272568,0,0,0
25444,,7,0,1,1,0,1,1,8,0.239368,0.247149,0,0,0
25446,,7,0,2,2,0,2,2,9,0.213965,0.2204,0,1,0
25447,,16,0,1,1,0,1,1,9,0.213579,0.219742,0,0,0
25448,,81,0,1,1,0,1,1,8,0.233302,0.240064,0,0,0
25452,,7,0,1,1,0,1,1,8,0.244345,0.253397,0,0,0
25455,,7,0,1,1,0,1,1,9,0.225042,0.231898,0,0,0
25457,,7,0,1,1,0,1,1,8,0.240465,0.248606,0,0,0
25459,,37,0,1,1,0,1,1,1,1,1,0,0,0
25460,,7,0,1,1,0,1,1,1,1,1,0,0,0
25461,,7,0,1,1,0,1,1,9,0.190586,0.19498,0,0,0
25462,,7,0,2,2,0,2,2,8,0.243334,0.252332,0,0,0
25469,,7,0,2,2,0,2,2,8,0.244275,0.253078,0,1,0
25470,,1,0,1,1,0,1,1,8,0.242388,0.250662,0,0,0
25471,,32,0,3,3,0,3,3,9,0.219365,0.226145,0,0.666667,0
25472,,1,0,1,1,0,1,1,10,0.192793,0.197229,0,0,0
25474,,16,0,1,1,0,1,1,9,0.23666,0.245195,0,0,0
25475,,1,0,1,1,0,1,1,9,0.203252,0.208399,0,0,0
29456,,16,1,1,2,1,1,2,10,0.191292,0.195752,18825,0,0.000174
25477,,7,0,8,8,0,8,8,7,0.302383,0.318718,0,0.428571,0
25479,,16,0,1,1,0,1,1,8,0.246659,0.25616,0,0,0
25481,,53,0,1,1,0,1,1,9,0.211763,0.217801,0,0,0
25484,,16,0,1,1,0,1,1,9,0.19741,0.202675,0,0,0
25486,,36,0,1,1,0,1,1,9,0.187724,0.191991,0,0,0
25489,,16,1,1,2,1,1,2,9,0.206983,0.21211,18827,0,0.000168
25490,,41,2,2,4,2,2,4,9,0.217655,0.223786,37656,0,0.000336
25492,,16,0,3,3,0,3,3,9,0.212745,0.218643,0,0.333333,0
33068,,16,2,2,4,2,2,4,9,0.192415,0.197412,18828,0.166667,0.000341
25494,,67,0,1,1,0,1,1,9,0.214724,0.220911,0,0,0
25495,,16,0,1,1,0,1,1,8,0.234514,0.24306,0,0,0
25496,,457,0,1,1,0,1,1,1,1,1,0,0,0
25497,,457,1,0,1,1,0,1,0,0,0,0,0,0.000168
25499,,16,0,1,1,0,1,1,9,0.215102,0.221742,0,0,0
30359,,67,1,0,1,1,0,1,0,0,0,0,0,0.000188
25504,,14,0,1,1,0,1,1,2,0.666667,0.75,0,0,0
25505,,36,0,1,1,0,1,1,8,0.217991,0.224027,0,0,0
25506,,36,0,1,1,0,1,1,8,0.22375,0.230857,0,0,0
25532,,81,1,0,1,1,0,1,0,0,0,0,0,0.000528
25550,,81,2,0,2,2,0,2,0,0,0,0,0,0.000696
25566,,81,1,0,1,1,0,1,0,0,0,0,0,0.000528
25510,,7,0,1,1,0,1,1,9,0.196861,0.201292,0,0,0
25511,,7,0,1,1,0,1,1,9,0.214123,0.219985,0,0,0
25514,,25,0,1,1,0,1,1,9,0.214878,0.220568,0,0,0
25515,,7,0,1,1,0,1,1,9,0.198884,0.203512,0,0,0
25516,,81,0,1,1,0,1,1,9,0.201255,0.205792,0,0,0
25517,,81,0,1,1,0,1,1,9,0.201255,0.205792,0,0,0
25518,,81,0,1,1,0,1,1,9,0.201255,0.205792,0,0,0
25519,,458,0,1,1,0,1,1,1,1,1,0,0,0
25520,,458,1,0,1,1,0,1,0,0,0,0,0,0.000168
25521,,81,0,1,1,0,1,1,9,0.201255,0.205792,0,0,0
25523,,81,0,1,1,0,1,1,9,0.201255,0.205792,0,0,0
25524,,459,0,1,1,0,1,1,1,1,1,0,0,0
25525,,459,1,0,1,1,0,1,0,0,0,0,0,0.000168
25526,,460,0,1,1,0,1,1,1,1,1,0,0,0
25527,,460,1,0,1,1,0,1,0,0,0,0,0,0.000168
25528,,81,0,1,1,0,1,1,9,0.201255,0.205792,0,0,0
25529,,81,0,2,2,0,2,2,11,0.151955,0.153945,0,0,0
25530,,81,1,0,1,1,0,1,0,0,0,0,0,0.000168
25531,,16,0,1,1,0,1,1,8,0.236535,0.24595,0,0,0
25533,,81,0,1,1,0,1,1,9,0.201255,0.205792,0,0,0
25534,,81,0,1,1,0,1,1,9,0.201255,0.205792,0,0,0
25631,,81,1,0,1,1,0,1,0,0,0,0,0,0.000351
25536,,1,0,1,1,0,1,1,10,0.188104,0.191839,0,0,0
25537,,81,0,1,1,0,1,1,9,0.201255,0.205792,0,0,0
25538,,7,0,1,1,0,1,1,8,0.272188,0.283721,0,0,0
25540,,81,0,2,2,0,2,2,9,0.217517,0.22369,0,0,0
25542,,461,0,1,1,0,1,1,1,1,1,0,0,0
25543,,461,1,0,1,1,0,1,0,0,0,0,0,0.000168
25544,,81,0,1,1,0,1,1,9,0.201255,0.205792,0,0,0
25545,,81,0,1,1,0,1,1,9,0.201255,0.205792,0,0,0
25547,,81,0,1,1,0,1,1,9,0.201255,0.205792,0,0,0
25548,,7,0,1,1,0,1,1,9,0.238286,0.246733,0,0,0
25551,,81,0,1,1,0,1,1,9,0.201255,0.205792,0,0,0
25552,,81,0,1,1,0,1,1,9,0.201255,0.205792,0,0,0
25553,,81,0,1,1,0,1,1,9,0.201255,0.205792,0,0,0
25554,,81,0,1,1,0,1,1,9,0.201255,0.205792,0,0,0
25556,,81,0,1,1,0,1,1,11,0.151948,0.1539,0,0,0
25557,,81,0,1,1,0,1,1,9,0.201255,0.205792,0,0,0
25558,,81,0,1,1,0,1,1,11,0.151948,0.1539,0,0,0
25560,,81,0,1,1,0,1,1,9,0.201255,0.205792,0,0,0
25561,,462,0,1,1,0,1,1,1,1,1,0,0,0
25562,,462,1,0,1,1,0,1,0,0,0,0,0,0.000168
25563,,463,0,1,1,0,1,1,1,1,1,0,0,0
25564,,463,1,0,1,1,0,1,0,0,0,0,0,0.000168
25565,,41,0,1,1,0,1,1,8,0.257544,0.268689,0,0,0
25567,,81,0,1,1,0,1,1,11,0.151948,0.1539,0,0,0
25569,,81,0,1,1,0,1,1,9,0.201255,0.205792,0,0,0
25571,,81,0,1,1,0,1,1,11,0.151948,0.1539,0,0,0
25572,,81,0,1,1,0,1,1,9,0.201255,0.205792,0,0,0
25573,,81,0,1,1,0,1,1,11,0.151948,0.1539,0,0,0
25574,,81,0,1,1,0,1,1,9,0.201255,0.205792,0,0,0
25575,,81,0,1,1,0,1,1,9,0.201255,0.205792,0,0,0
25576,,81,0,2,2,0,2,2,11,0.151955,0.153945,0,0,0
25584,,81,1,0,1,1,0,1,0,0,0,0,0,0.000168
25577,,81,0,1,1,0,1,1,9,0.201255,0.205792,0,0,0
25578,,81,0,2,2,0,2,2,9,0.200087,0.204446,0,0,0
25579,,81,0,1,1,0,1,1,9,0.201255,0.205792,0,0,0
25580,,81,0,1,1,0,1,1,9,0.201255,0.205792,0,0,0
25581,,81,0,1,1,0,1,1,9,0.201255,0.205792,0,0,0
25582,,81,0,1,1,0,1,1,9,0.201255,0.205792,0,0,0
25585,,65,0,1,1,0,1,1,8,0.234438,0.242011,0,0,0
25586,,81,0,2,2,0,2,2,8,0.272362,0.28396,0,0,0
25587,,7,0,1,1,0,1,1,8,0.242475,0.25106,0,0,0
25588,,81,0,1,1,0,1,1,11,0.151948,0.1539,0,0,0
25589,,81,0,1,1,0,1,1,9,0.201255,0.205792,0,0,0
25591,,464,0,1,1,0,1,1,1,1,1,0,0,0
25592,,464,1,0,1,1,0,1,0,0,0,0,0,0.000168
25594,,81,0,1,1,0,1,1,9,0.201255,0.205792,0,0,0
25595,,81,0,2,2,0,2,2,8,0.272362,0.28396,0,0,0
25596,,81,0,1,1,0,1,1,9,0.201255,0.205792,0,0,0
25597,,81,0,1,1,0,1,1,11,0.151948,0.1539,0,0,0
25600,,81,0,1,1,0,1,1,11,0.151948,0.1539,0,0,0
25601,,81,0,1,1,0,1,1,11,0.151948,0.1539,0,0,0
25602,,81,0,4,4,0,4,4,11,0.151969,0.154035,0,0,0
25603,,81,1,0,1,1,0,1,0,0,0,0,0,0.000168
25604,,81,1,0,1,1,0,1,0,0,0,0,0,0.000168
25607,,81,1,0,1,1,0,1,0,0,0,0,0,0.000168
25605,,81,0,1,1,0,1,1,9,0.201255,0.205792,0,0,0
25606,,16,0,1,1,0,1,1,9,0.216233,0.222581,0,0,0
25608,,7,0,1,1,0,1,1,8,0.261475,0.272568,0,0,0
25609,,81,0,1,1,0,1,1,11,0.151948,0.1539,0,0,0
25610,,81,0,1,1,0,1,1,11,0.151948,0.1539,0,0,0
25611,,81,0,1,1,0,1,1,11,0.151948,0.1539,0,0,0
25612,,2,0,3,3,0,3,3,9,0.195546,0.20006,0,0.166667,0
25614,,81,0,1,1,0,1,1,11,0.151948,0.1539,0,0,0
25615,,7,0,1,1,0,1,1,9,0.194446,0.198721,0,0,0
25617,,7,0,1,1,0,1,1,9,0.234601,0.242743,0,0,0
25618,,81,0,1,1,0,1,1,1,1,1,0,0,0
25621,,81,1,2,3,1,2,3,9,0.216574,0.22279,18827,0,0.000168
25622,,81,0,1,1,0,1,1,9,0.201255,0.205792,0,0,0
25624,,16,0,1,1,0,1,1,9,0.219513,0.226196,0,0,0
25625,,81,0,1,1,0,1,1,11,0.151948,0.1539,0,0,0
25627,,81,0,2,2,0,2,2,9,0.201264,0.205834,0,0,0
25628,,81,1,0,1,1,0,1,0,0,0,0,0,0.000168
25629,,1,0,1,1,0,1,1,10,0.188104,0.191839,0,0,0
25630,,7,0,1,1,0,1,1,9,0.214157,0.220261,0,0,0
25632,,36,0,1,1,0,1,1,9,0.204515,0.209488,0,0,0
25633,,81,0,1,1,0,1,1,11,0.151948,0.1539,0,0,0
25635,,7,0,1,1,0,1,1,9,0.215082,0.221433,0,0,0
25636,,81,0,2,2,0,2,2,9,0.216604,0.222585,0,0,0
25637,,41,0,1,1,0,1,1,9,0.210713,0.216558,0,0,0
25638,,81,0,1,1,0,1,1,11,0.151948,0.1539,0,0,0
25639,,81,0,1,1,0,1,1,11,0.151948,0.1539,0,0,0
25640,,81,0,1,1,0,1,1,9,0.201255,0.205792,0,0,0
25641,,465,0,2,2,0,2,2,8,0.228448,0.23503,0,0,0
25642,,465,2,0,2,2,0,2,0,0,0,0,0,0.000336
25645,,81,0,1,1,0,1,1,11,0.151948,0.1539,0,0,0
25646,,465,0,1,1,0,1,1,1,1,1,0,0,0
25649,,16,0,1,1,0,1,1,1,1,1,0,0,0
25651,,16,0,1,1,0,1,1,9,0.232386,0.240377,0,0,0
25652,,81,0,1,1,0,1,1,11,0.151948,0.1539,0,0,0
25653,,81,0,1,1,0,1,1,11,0.151948,0.1539,0,0,0
25655,,41,0,3,3,0,3,3,8,0.242216,0.250705,0,0.666667,0
25656,,16,0,1,1,0,1,1,9,0.224032,0.231579,0,0,0
25657,,16,0,3,3,0,3,3,9,0.201014,0.206476,0,0.5,0
25659,,7,0,1,1,0,1,1,9,0.231387,0.239068,0,0,0
25660,,65,0,1,1,0,1,1,1,1,1,0,0,0
25664,,32,0,1,1,0,1,1,8,0.245851,0.255055,0,0,0
25665,,81,0,1,1,0,1,1,11,0.151948,0.1539,0,0,0
25667,,7,0,1,1,0,1,1,1,1,1,0,0,0
25671,,81,0,1,1,0,1,1,11,0.151948,0.1539,0,0,0
25673,,7,0,2,2,0,2,2,9,0.231396,0.239109,0,0.5,0
25951,,7,2,1,3,2,1,3,9,0.231387,0.239068,0,0.333333,0.000336
25674,,65,0,1,1,0,1,1,9,0.18994,0.193917,0,0,0
25675,,81,0,1,1,0,1,1,11,0.151948,0.1539,0,0,0
25676,,16,0,1,1,0,1,1,9,0.224032,0.231579,0,0,0
25678,,16,1,1,2,1,1,2,9,0.219883,0.226442,335.281416,0,0.000173
25679,,81,0,1,1,0,1,1,9,0.201255,0.205792,0,0,0
25680,,7,0,1,1,0,1,1,8,0.262756,0.273466,0,0,0
25681,,7,0,1,1,0,1,1,9,0.231387,0.239068,0,0,0
25683,,81,0,1,1,0,1,1,9,0.201255,0.205792,0,0,0
25684,,7,0,1,1,0,1,1,8,0.229889,0.237489,0,0,0
25685,,466,0,1,1,0,1,1,1,1,1,0,0,0
25686,,466,1,0,1,1,0,1,0,0,0,0,0,0.000168
25687,,81,0,1,1,0,1,1,9,0.201255,0.205792,0,0,0
25688,,81,0,1,1,0,1,1,9,0.201255,0.205792,0,0,0
25690,,7,0,1,1,0,1,1,9,0.231745,0.239907,0,0,0
25692,,36,0,1,1,0,1,1,10,0.188163,0.192444,0,0,0
25694,,81,0,1,1,0,1,1,9,0.201255,0.205792,0,0,0
25696,,81,0,1,1,0,1,1,11,0.151948,0.1539,0,0,0
25697,,81,0,1,1,0,1,1,9,0.201255,0.205792,0,0,0
25698,,16,0,1,1,0,1,1,8,0.216596,0.222828,0,0,0
25699,,467,0,2,2,0,2,2,9,0.208519,0.21396,0,0,0
25700,,467,1,0,1,1,0,1,0,0,0,0,0,0.000168
25701,,7,0,1,1,0,1,1,8,0.242475,0.25106,0,0,0
25702,,81,0,2,2,0,2,2,9,0.201264,0.205834,0,0,0
25703,,81,1,0,1,1,0,1,0,0,0,0,0,0.000168
25707,,7,0,1,1,0,1,1,10,0.178303,0.181862,0,0,0
25711,,12,0,2,2,0,2,2,8,0.242482,0.251096,0,1,0
25712,,468,0,1,1,0,1,1,1,1,1,0,0,0
25713,,468,1,0,1,1,0,1,0,0,0,0,0,0.000168
25715,,81,0,1,1,0,1,1,11,0.151948,0.1539,0,0,0
25716,,2,0,1,1,0,1,1,9,0.217837,0.224577,0,0,0
25717,,16,0,2,2,0,2,2,9,0.218428,0.224583,0,0,0
27438,,16,1,0,1,1,0,1,0,0,0,0,0,0.000195
26025,,1,2,4,6,2,4,6,8,0.239194,0.246764,18905.799132,0,0.000363
25719,,16,0,1,1,0,1,1,9,0.213504,0.219764,0,0,0
25720,,16,0,1,1,0,1,1,9,0.202914,0.208136,0,0,0
25721,,41,0,11,11,0,11,11,9,0.216079,0.222054,0,0.009091,0
25722,,41,1,0,1,1,0,1,0,0,0,0,0,0.000168
25723,,41,1,0,1,1,0,1,0,0,0,0,0,0.000168
25724,,41,1,0,1,1,0,1,0,0,0,0,0,0.000168
25725,,41,1,0,1,1,0,1,0,0,0,0,0,0.000168
25726,,41,1,0,1,1,0,1,0,0,0,0,0,0.000168
25727,,41,1,1,2,1,1,2,8,0.235105,0.243285,2641.553299,0,0.000168
25728,,41,1,0,1,1,0,1,0,0,0,0,0,0.000168
25729,,65,0,1,1,0,1,1,9,0.196125,0.200716,0,0,0
25730,,25,0,1,1,0,1,1,10,0.163742,0.166293,0,0,0
25731,,16,0,1,1,0,1,1,9,0.214709,0.22087,0,0,0
25733,,1,0,1,1,0,1,1,9,0.200249,0.205725,0,0,0
25735,,7,0,2,2,0,2,2,9,0.231848,0.240019,0,0,0
25737,,16,0,1,1,0,1,1,9,0.224032,0.231579,0,0,0
25740,,16,0,1,1,0,1,1,1,1,1,0,0,0
25743,,16,1,1,2,1,1,2,8,0.251379,0.261448,0,1,0.000233
25744,,67,0,1,1,0,1,1,9,0.195862,0.200216,0,0,0
25745,,7,0,1,1,0,1,1,9,0.219613,0.225769,0,0,0
25748,,14,1,2,3,1,2,3,8,0.248341,0.25725,16.210343,0,0.000168
25749,,32,0,1,1,0,1,1,8,0.245851,0.255055,0,0,0
25750,,7,0,1,1,0,1,1,1,1,1,0,0,0
25753,,16,0,1,1,0,1,1,8,0.236767,0.24412,0,0,0
25758,,469,0,1,1,0,1,1,1,1,1,0,0,0
25759,,469,1,0,1,1,0,1,0,0,0,0,0,0.000168
27781,,7,1,0,1,1,0,1,0,0,0,0,0,0.000186
25765,,81,0,1,1,0,1,1,11,0.151948,0.1539,0,0,0
25767,,2,1,1,2,1,1,2,9,0.217837,0.224577,0,0.5,0.000168
25768,,16,0,2,2,0,2,2,8,0.263613,0.274516,0,0,0
25769,,16,0,1,1,0,1,1,9,0.214724,0.220774,0,0,0
25770,,7,0,1,1,0,1,1,9,0.231387,0.239068,0,0,0
25773,,36,0,1,1,0,1,1,8,0.22375,0.230857,0,0,0
25775,,81,0,1,1,0,1,1,10,0.178027,0.181415,0,0,0
25776,,65,0,1,1,0,1,1,9,0.195014,0.200132,0,0,0
25778,,36,0,1,1,0,1,1,10,0.15558,0.157905,0,0,0
26880,,67,1,0,1,1,0,1,0,0,0,0,0,0.000178
25786,,81,0,1,1,0,1,1,9,0.201255,0.205792,0,0,0
25788,,7,0,1,1,0,1,1,9,0.214604,0.220903,0,0,0
25789,,7,0,1,1,0,1,1,8,0.261475,0.272568,0,0,0
25792,,36,1,1,2,1,1,2,9,0.218341,0.22515,18825,0,0.000174
25794,,14,0,1,1,0,1,1,9,0.204253,0.209483,0,0,0
25795,,7,0,1,1,0,1,1,9,0.220762,0.22725,0,0,0
25799,,81,0,1,1,0,1,1,9,0.201255,0.205792,0,0,0
25800,,81,0,1,1,0,1,1,9,0.201255,0.205792,0,0,0
25802,,81,0,1,1,0,1,1,9,0.201255,0.205792,0,0,0
25803,,2,0,1,1,0,1,1,1,1,1,0,0,0
25805,,81,0,1,1,0,1,1,11,0.151948,0.1539,0,0,0
25806,,7,0,1,1,0,1,1,9,0.220744,0.227032,0,0,0
25808,,36,0,1,1,0,1,1,10,0.172717,0.175979,0,0,0
25809,,12,0,4,4,0,4,4,9,0.221083,0.228005,0,0,0
25810,,7,0,1,1,0,1,1,9,0.229752,0.236924,0,0,0
25814,,7,0,1,1,0,1,1,9,0.220062,0.226484,0,0,0
25815,,7,0,1,1,0,1,1,1,1,1,0,0,0
25817,,81,0,1,1,0,1,1,9,0.201255,0.205792,0,0,0
25818,,81,0,1,1,0,1,1,9,0.201255,0.205792,0,0,0
25820,,81,0,1,1,0,1,1,9,0.201255,0.205792,0,0,0
25822,,81,0,1,1,0,1,1,9,0.201255,0.205792,0,0,0
25823,,470,0,1,1,0,1,1,1,1,1,0,0,0
25824,,470,1,0,1,1,0,1,0,0,0,0,0,0.000168
25825,,7,0,2,2,0,2,2,8,0.242478,0.251087,0,1,0
25826,,16,0,1,1,0,1,1,9,0.221572,0.228332,0,0,0
25827,,67,0,2,2,0,2,2,9,0.232501,0.240227,0,0.5,0
25828,,81,0,1,1,0,1,1,9,0.201255,0.205792,0,0,0
25829,,41,0,1,1,0,1,1,8,0.257544,0.268689,0,0,0
25831,,7,1,1,2,1,1,2,1,1,1,0,0,0.000206
25832,,81,0,1,1,0,1,1,9,0.201255,0.205792,0,0,0
25833,,7,0,1,1,0,1,1,1,1,1,0,0,0
25834,,1,0,1,1,0,1,1,10,0.192793,0.197229,0,0,0
25835,,81,0,1,1,0,1,1,9,0.201255,0.205792,0,0,0
25838,,16,0,1,1,0,1,1,9,0.199733,0.205084,0,0,0
25841,,7,0,1,1,0,1,1,9,0.231868,0.240196,0,0,0
25842,,81,0,1,1,0,1,1,9,0.201255,0.205792,0,0,0
25844,,81,0,1,1,0,1,1,9,0.201255,0.205792,0,0,0
25846,,67,0,1,1,0,1,1,9,0.226957,0.234476,0,0,0
25847,,7,0,1,1,0,1,1,8,0.262756,0.273466,0,0,0
25849,,16,0,1,1,0,1,1,9,0.219952,0.2264,0,0,0
25850,,7,0,1,1,0,1,1,9,0.214766,0.220717,0,0,0
25851,,7,0,1,1,0,1,1,9,0.215533,0.221823,0,0,0
25852,,7,0,3,3,0,3,3,8,0.264131,0.275158,0,0.166667,0
25856,,7,0,3,3,0,3,3,8,0.263514,0.274478,0,0,0
25857,,7,0,1,1,0,1,1,8,0.248761,0.257751,0,0,0
25862,,7,0,1,1,0,1,1,8,0.230108,0.238119,0,0,0
25863,,41,0,1,1,0,1,1,8,0.257544,0.268689,0,0,0
25867,,7,0,1,1,0,1,1,8,0.263621,0.273995,0,0,0
25868,,7,0,3,3,0,3,3,8,0.265644,0.276465,0,0.166667,0
25870,,16,0,1,1,0,1,1,8,0.239018,0.246295,0,0,0
25871,,16,0,2,2,0,2,2,9,0.227949,0.235943,0,0.5,0
25879,,7,0,1,1,0,1,1,9,0.199038,0.203888,0,0,0
25882,,7,0,1,1,0,1,1,9,0.214323,0.220605,0,0,0
25885,,7,0,1,1,0,1,1,1,1,1,0,0,0
25886,,36,0,1,1,0,1,1,9,0.208767,0.214577,0,0,0
25888,,7,0,2,2,0,2,2,8,0.24615,0.255478,0,0,0
25889,,7,0,3,3,0,3,3,7,0.294706,0.309503,0,0.833333,0
25890,,16,0,1,1,0,1,1,11,0.152948,0.155062,0,0,0
25892,,16,0,1,1,0,1,1,9,0.188592,0.192928,0,0,0
25893,,16,0,1,1,0,1,1,9,0.204016,0.209071,0,0,0
25895,,7,0,1,1,0,1,1,9,0.196522,0.201122,0,0,0
25896,,32,0,2,2,0,2,2,9,0.204075,0.209265,0,0.5,0
25898,,7,0,1,1,0,1,1,9,0.207323,0.212821,0,0,0
25901,,16,0,1,1,0,1,1,8,0.251382,0.261452,0,0,0
32517,,16,1,0,1,1,0,1,0,0,0,0,0,0.000176
25905,,1,0,1,1,0,1,1,8,0.228936,0.236648,0,0,0
25906,,7,0,2,2,0,2,2,9,0.224781,0.232028,0,0.5,0
25908,,16,2,1,3,2,1,3,11,0.144724,0.146601,19196.46675,0,0.000366
25910,,471,0,2,2,0,2,2,8,0.247074,0.255682,0,0,0
30213,,471,1,0,1,1,0,1,0,0,0,0,0,0.000168
25912,,7,0,1,1,0,1,1,9,0.206028,0.211464,0,0,0
25913,,41,0,1,1,0,1,1,9,0.217487,0.223937,0,0,0
25914,,7,0,2,2,0,2,2,8,0.248443,0.257999,0,0,0
27572,,7,1,1,2,1,1,2,1,1,1,0.5,0,0.000168
25916,,472,0,1,1,0,1,1,1,1,1,0,0,0
25917,,472,1,0,1,1,0,1,0,0,0,0,0,0.000168
25919,,7,0,1,1,0,1,1,9,0.217166,0.223047,0,0,0
25920,,7,0,3,3,0,3,3,9,0.23737,0.245744,0,0.333333,0
25921,,16,0,1,1,0,1,1,8,0.237376,0.246856,0,0,0
25923,,12,0,1,1,0,1,1,10,0.164896,0.168023,0,0,0
25924,,16,0,1,1,0,1,1,9,0.198517,0.203383,0,0,0
25926,,16,0,2,2,0,2,2,9,0.196125,0.200795,0,0.5,0
25928,,215,0,1,1,0,1,1,2,0.666667,0.75,0,0,0
25929,,7,0,1,1,0,1,1,9,0.221956,0.228716,0,0,0
25930,,16,0,1,1,0,1,1,9,0.206086,0.211843,0,0,0
25932,,7,0,1,1,0,1,1,8,0.263621,0.273995,0,0,0
25933,,7,0,1,1,0,1,1,8,0.263621,0.273995,0,0,0
25934,,16,0,1,1,0,1,1,9,0.206829,0.212265,0,0,0
25935,,1,0,1,1,0,1,1,9,0.218294,0.224558,0,0,0
25936,,67,0,1,1,0,1,1,1,1,1,0,0,0
25940,,7,0,1,1,0,1,1,9,0.238286,0.246733,0,0,0
25941,,473,0,1,1,0,1,1,1,1,1,0,0,0
25942,,473,1,0,1,1,0,1,0,0,0,0,0,0.000168
25945,,12,0,1,1,0,1,1,10,0.185014,0.188912,0,0,0
25948,,7,0,1,1,0,1,1,9,0.233264,0.241028,0,0,0
25949,,16,0,1,1,0,1,1,9,0.198304,0.203062,0,0,0
25950,,7,0,1,1,0,1,1,9,0.198884,0.203512,0,0,0
25953,,36,0,3,3,0,3,3,9,0.233789,0.242196,0,0.166667,0
25955,,7,0,2,2,0,2,2,8,0.265667,0.277083,0,0.5,0
25960,,36,0,1,1,0,1,1,9,0.219926,0.226711,0,0,0
25961,,1,0,2,2,0,2,2,8,0.228967,0.236713,0,0.5,0
25962,,41,0,1,1,0,1,1,8,0.257544,0.268689,0,0,0
25963,,7,0,1,1,0,1,1,7,0.293553,0.307954,0,0,0
25964,,25,0,1,1,0,1,1,10,0.184133,0.188043,0,0,0
25966,,16,0,1,1,0,1,1,9,0.222226,0.228905,0,0,0
25967,,1,0,2,2,0,2,2,8,0.226812,0.234293,0,1,0
25968,,7,0,1,1,0,1,1,8,0.244494,0.252927,0,0,0
25969,,16,0,1,1,0,1,1,10,0.18857,0.192753,0,0,0
25970,,7,0,2,2,0,2,2,9,0.213526,0.219447,0,0,0
25974,,41,0,1,1,0,1,1,9,0.190792,0.195183,0,0,0
25975,,7,0,1,1,0,1,1,9,0.226283,0.233092,0,0,0
25977,,16,0,1,1,0,1,1,9,0.214724,0.220774,0,0,0
25978,,36,0,1,1,0,1,1,9,0.215151,0.221458,0,0,0
25980,,36,0,1,1,0,1,1,9,0.184242,0.18812,0,0,0
25983,,16,0,1,1,0,1,1,8,0.229011,0.236303,0,0,0
25984,,36,0,1,1,0,1,1,9,0.215151,0.221458,0,0,0
25985,,7,0,1,1,0,1,1,8,0.233279,0.241109,0,0,0
25987,,41,0,1,1,0,1,1,8,0.257544,0.268689,0,0,0
25991,,7,0,2,2,0,2,2,8,0.24888,0.257889,0,0,0
25992,,7,0,1,1,0,1,1,8,0.217234,0.223577,0,0,0
25996,,7,0,1,1,0,1,1,8,0.248302,0.257867,0,0,0
25999,,65,0,2,2,0,2,2,8,0.231466,0.239477,0,0,0
26000,,41,0,1,1,0,1,1,8,0.257544,0.268689,0,0,0
26002,,7,0,1,1,0,1,1,1,1,1,0,0,0
26003,,16,0,1,1,0,1,1,8,0.229011,0.236303,0,0,0
26005,,16,0,1,1,0,1,1,9,0.224454,0.231835,0,0,0
26007,,474,0,1,1,0,1,1,1,1,1,0,0,0
26008,,474,1,0,1,1,0,1,0,0,0,0,0,0.000168
26009,,7,0,1,1,0,1,1,9,0.226025,0.232676,0,0,0
26010,,16,0,4,4,0,4,4,8,0.232342,0.239353,0,0,0
28682,,16,1,0,1,1,0,1,0,0,0,0,0,0.000168
26448,,14,1,3,4,1,3,4,8,0.235269,0.242828,12016.295195,0.333333,0.000187
26015,,559,1,1,2,1,1,2,1,1,1,1,0,0.000168
26016,,559,1,0,1,1,0,1,0,0,0,0,0,0.000173
26017,,7,0,1,1,0,1,1,9,0.20921,0.214873,0,0,0
26026,,16,0,2,2,0,2,2,8,0.246117,0.255081,0,1,0
26028,,475,0,1,1,0,1,1,1,1,1,0,0,0
26029,,475,1,0,1,1,0,1,0,0,0,0,0,0.000168
26031,,41,0,1,1,0,1,1,8,0.257544,0.268689,0,0,0
26032,,41,0,1,1,0,1,1,9,0.210713,0.216558,0,0,0
26033,,7,0,2,2,0,2,2,9,0.231392,0.239104,0,0.5,0
26035,,67,0,1,1,0,1,1,9,0.221969,0.229196,0,0,0
26037,,16,0,1,1,0,1,1,9,0.185415,0.189394,0,0,0
28972,,12,1,1,2,1,1,2,9,0.18979,0.194145,0,0,0.000257
29236,,12,1,0,1,1,0,1,0,0,0,0,0,0.000257
29280,,12,1,2,3,1,2,3,9,0.189792,0.194172,0,0.5,0.000257
29526,,12,1,0,1,1,0,1,0,0,0,0,0,0.000257
29675,,12,2,0,2,2,0,2,0,0,0,0,1,0.000431
29946,,12,1,0,1,1,0,1,0,0,0,0,0,0.000257
29994,,12,2,2,4,2,2,4,9,0.189792,0.194172,0,1,0.000436
30010,,12,2,2,4,2,2,4,9,0.189792,0.194172,0,1,0.000436
26039,,16,0,1,1,0,1,1,8,0.251382,0.261452,0,0,0
26040,,7,0,1,1,0,1,1,9,0.234856,0.243135,0,0,0
26041,,65,0,1,1,0,1,1,9,0.213606,0.219549,0,0,0
26042,,2,0,1,1,0,1,1,9,0.188967,0.193136,0,0,0
26043,,16,0,1,1,0,1,1,9,0.23129,0.238425,0,0,0
26044,,41,0,1,1,0,1,1,8,0.234941,0.243151,0,0,0
26045,,16,0,1,1,0,1,1,9,0.208871,0.214468,0,0,0
26046,,7,0,1,1,0,1,1,10,0.158836,0.161434,0,0,0
26047,,16,0,1,1,0,1,1,11,0.157573,0.160048,0,0,0
26049,,7,0,1,1,0,1,1,8,0.262756,0.273466,0,0,0
26050,,7,1,2,3,1,2,3,8,0.263459,0.275193,172.331372,0.5,0.000535
26051,,36,0,2,2,0,2,2,9,0.231785,0.239992,0,1,0
26055,,16,0,2,2,0,2,2,8,0.249715,0.260661,0,1,0
26057,,16,0,1,1,0,1,1,8,0.251382,0.261452,0,0,0
26058,,67,0,3,3,0,3,3,9,0.224411,0.232025,0,1,0
26059,,16,0,1,1,0,1,1,8,0.229011,0.236303,0,0,0
26060,,7,0,4,4,0,4,4,8,0.248545,0.258387,0,0.25,0
26065,,1,0,1,1,0,1,1,8,0.230853,0.23867,0,0,0
26066,,41,0,1,1,0,1,1,9,0.192478,0.197236,0,0,0
26067,,16,0,1,1,0,1,1,8,0.216596,0.222828,0,0,0
26068,,41,0,1,1,0,1,1,8,0.257544,0.268689,0,0,0
26069,,7,0,1,1,0,1,1,8,0.224644,0.231298,0,0,0
26070,,7,0,1,1,0,1,1,8,0.224644,0.231298,0,0,0
26071,,7,0,1,1,0,1,1,9,0.21009,0.21546,0,0,0
26076,,7,0,1,1,0,1,1,9,0.231745,0.239907,0,0,0
26079,,7,0,1,1,0,1,1,1,1,1,0,0,0
26081,,16,0,1,1,0,1,1,9,0.213504,0.219764,0,0,0
26085,,53,0,2,2,0,2,2,9,0.211737,0.21763,0,0.5,0
26086,,14,0,2,2,0,2,2,9,0.220014,0.226513,0,0.5,0
26087,,25,1,2,3,1,2,3,9,0.198687,0.203188,1.02,0,0.000184
26090,,16,0,2,2,0,2,2,8,0.248063,0.258186,0,0.5,0
26092,,7,0,1,1,0,1,1,8,0.230108,0.238119,0,0,0
26093,,7,0,3,3,0,3,3,8,0.248643,0.258121,0,0,0
26094,,36,0,3,3,0,3,3,8,0.243098,0.251339,0,0,0
26096,,7,0,1,1,0,1,1,8,0.233056,0.241283,0,0,0
26097,,7,0,1,1,0,1,1,9,0.222499,0.229441,0,0,0
26098,,7,0,2,2,0,2,2,8,0.242697,0.251392,0,0.5,0
26101,,7,0,1,1,0,1,1,9,0.210826,0.216917,0,0,0
26102,,41,0,1,1,0,1,1,9,0.217487,0.223937,0,0,0
26104,,16,0,4,4,0,4,4,8,0.251782,0.262197,0,0.5,0
26106,,16,0,1,1,0,1,1,9,0.21948,0.225447,0,0,0
31866,,16,1,2,3,1,2,3,8,0.251389,0.261488,0.866667,0.666667,0.000251
33388,,16,1,1,2,1,1,2,8,0.251379,0.261448,0,1,0.000251
26108,,7,0,1,1,0,1,1,9,0.214648,0.220517,0,0,0
26109,,7,0,2,2,0,2,2,9,0.196186,0.200439,0,0.5,0
26110,,36,0,2,2,0,2,2,8,0.262014,0.273222,0,1,0
26111,,7,0,1,1,0,1,1,9,0.220764,0.227698,0,0,0
26113,,7,0,1,1,0,1,1,8,0.244345,0.253397,0,0,0
26114,,7,0,3,3,0,3,3,9,0.218215,0.2246,0,0,0
26115,,7,1,0,1,1,0,1,0,0,0,0,0,0.000168
26116,,25,0,1,1,0,1,1,10,0.169317,0.172045,0,0,0
26118,,12,0,2,2,0,2,2,9,0.185658,0.19008,0,1,0
26119,,36,0,1,1,0,1,1,9,0.219926,0.226711,0,0,0
26121,,41,0,1,1,0,1,1,8,0.242301,0.250673,0,0,0
26122,,2,0,1,1,0,1,1,8,0.235883,0.243933,0,0,0
26126,,16,1,4,5,1,4,5,9,0.218363,0.224844,18828,0,0.000173
26127,,16,1,0,1,1,0,1,0,0,0,0,0,0.000173
29464,,16,1,1,2,1,1,2,10,0.179228,0.182735,0,0,0.000173
26128,,41,0,1,1,0,1,1,8,0.257544,0.268689,0,0,0
26130,,476,0,1,1,0,1,1,1,1,1,0,0,0
26131,,476,1,0,1,1,0,1,0,0,0,0,0,0.000168
28894,,7,1,0,1,1,0,1,0,0,0,0,0,0.000332
27703,,7,1,6,7,1,6,7,8,0.264436,0.276099,141.346091,0.02381,0.000332
29561,,7,1,0,1,1,0,1,0,0,0,0,0,0.000332
26135,,41,0,1,1,0,1,1,8,0.236961,0.24442,0,0,0
26136,,7,0,1,1,0,1,1,9,0.223726,0.230675,0,0,0
26137,,25,0,1,1,0,1,1,10,0.184136,0.187988,0,0,0
26138,,67,0,1,1,0,1,1,9,0.221969,0.229196,0,0,0
26140,,7,0,2,2,0,2,2,9,0.183741,0.187822,0,0,0
26142,,16,0,1,1,0,1,1,8,0.240389,0.248209,0,0,0
26145,,14,0,1,1,0,1,1,8,0.25615,0.266929,0,0,0
26739,,2,1,1,2,1,1,2,10,0.17888,0.182559,0,0,0.000217
29554,,2,4,1,5,4,1,5,10,0.178876,0.182545,63624,0,0.000726
26147,,36,0,1,1,0,1,1,9,0.216587,0.222886,0,0,0
28472,,2,3,2,5,3,2,5,11,0.144726,0.146637,18829.787037,0.166667,0.000529
34195,,2,1,2,3,1,2,3,11,0.144726,0.146637,0,1,0.000187
26150,,36,0,1,1,0,1,1,9,0.215151,0.221458,0,0,0
26151,,25,0,1,1,0,1,1,9,0.211834,0.217468,0,0,0
26154,,2,0,2,2,0,2,2,8,0.235998,0.244095,0,1,0
26156,,1,0,2,2,0,2,2,10,0.173055,0.176312,0,0,0
26157,,16,0,1,1,0,1,1,8,0.239859,0.247713,0,0,0
26159,,7,0,1,1,0,1,1,9,0.220858,0.227933,0,0,0
26160,,7,0,1,1,0,1,1,9,0.238286,0.246733,0,0,0
26161,,16,0,1,1,0,1,1,9,0.202777,0.207926,0,0,0
26163,,16,0,1,1,0,1,1,8,0.244161,0.253367,0,0,0
29728,,12,1,0,1,1,0,1,0,0,0,0,0,0.000184
30748,,12,1,0,1,1,0,1,0,0,0,0,0,0.000184
26165,,16,0,1,1,0,1,1,9,0.224805,0.232229,0,0,0
26167,,22,0,1,1,0,1,1,9,0.183805,0.188435,0,0,0
26168,,2,0,2,2,0,2,2,9,0.215377,0.22146,0,0.5,0
26169,,16,0,1,1,0,1,1,10,0.186715,0.190764,0,0,0
26170,,41,0,1,1,0,1,1,10,0.191907,0.196436,0,0,0
26171,,7,0,1,1,0,1,1,8,0.262756,0.273466,0,0,0
26174,,7,0,3,3,0,3,3,8,0.259361,0.270214,0,0.333333,0
26175,,477,0,1,1,0,1,1,1,1,1,0,0,0
26176,,477,1,0,1,1,0,1,0,0,0,0,0,0.000168
26178,,7,0,1,1,0,1,1,9,0.212622,0.218545,0,0,0
26181,,67,0,2,2,0,2,2,8,0.248774,0.257793,0,0,0
26182,,67,2,0,2,2,0,2,0,0,0,0,0,0.000363
26184,,7,0,1,1,0,1,1,9,0.214673,0.220515,0,0,0
26186,,7,0,2,2,0,2,2,8,0.234596,0.242669,0,1,0
26187,,16,0,1,1,0,1,1,8,0.216596,0.222828,0,0,0
26188,,67,0,1,1,0,1,1,9,0.221969,0.229196,0,0,0
26189,,7,0,1,1,0,1,1,8,0.251452,0.260347,0,0,0
26190,,7,0,1,1,0,1,1,8,0.229889,0.237489,0,0,0
26191,,7,0,1,1,0,1,1,9,0.206708,0.212248,0,0,0
26192,,41,0,2,2,0,2,2,8,0.257554,0.268727,0,0,0
31154,,41,1,0,1,1,0,1,0,0,0,0,0,0.000168
26202,,7,0,1,1,0,1,1,9,0.214697,0.220825,0,0,0
26203,,7,0,1,1,0,1,1,9,0.215311,0.221351,0,0,0
26204,,41,0,2,2,0,2,2,8,0.257565,0.26875,0,0,0
26206,,7,0,1,1,0,1,1,9,0.231387,0.239068,0,0,0
26209,,53,0,1,1,0,1,1,9,0.210252,0.215802,0,0,0
26210,,7,0,1,1,0,1,1,9,0.188504,0.192408,0,0,0
26211,,41,0,3,3,0,3,3,9,0.228588,0.236427,0,0.666667,0
26212,,7,0,1,1,0,1,1,9,0.216779,0.223052,0,0,0
26213,,7,0,1,1,0,1,1,9,0.216338,0.222582,0,0,0
26214,,478,0,4,4,0,4,4,2,0.833333,0.9,0,0.083333,0
26380,,478,2,0,2,2,0,2,0,0,0,0,0,0.000336
27606,,478,1,0,1,1,0,1,0,0,0,0,0,0.000168
26215,,7,0,1,1,0,1,1,10,0.167065,0.169948,0,0,0
26217,,41,0,1,1,0,1,1,1,1,1,0,0,0
26224,,16,0,1,1,0,1,1,9,0.222226,0.228905,0,0,0
26225,,41,0,1,1,0,1,1,8,0.236961,0.24442,0,0,0
26226,,7,0,1,1,0,1,1,9,0.230193,0.238549,0,0,0
26228,,41,0,1,1,0,1,1,8,0.257544,0.268689,0,0,0
26229,,7,0,3,3,0,3,3,8,0.264796,0.276021,0,0.333333,0
26230,,41,0,1,1,0,1,1,8,0.235753,0.244207,0,0,0
26232,,16,0,1,1,0,1,1,1,1,1,0,0,0
26234,,2,0,1,1,0,1,1,10,0.172257,0.175171,0,0,0
26235,,16,0,1,1,0,1,1,8,0.229011,0.236303,0,0,0
26238,,16,0,1,1,0,1,1,8,0.234601,0.241751,0,0,0
26243,,7,0,1,1,0,1,1,9,0.235473,0.242933,0,0,0
26244,,7,0,1,1,0,1,1,8,0.238712,0.2466,0,0,0
26245,,41,0,1,1,0,1,1,8,0.227715,0.234326,0,0,0
26247,,16,0,1,1,0,1,1,8,0.230091,0.237701,0,0,0
26248,,25,0,1,1,0,1,1,10,0.184129,0.188034,0,0,0
26249,,16,0,1,1,0,1,1,8,0.2284,0.235296,0,0,0
26250,,7,0,1,1,0,1,1,9,0.210959,0.216513,0,0,0
26251,,16,0,1,1,0,1,1,9,0.229659,0.236946,0,0,0
26253,,65,0,2,2,0,2,2,1,1,1,0,0,0
26256,,7,0,1,1,0,1,1,10,0.186859,0.190925,0,0,0
26258,,1,0,1,1,0,1,1,8,0.238232,0.246371,0,0,0
26261,,67,1,0,1,1,0,1,0,0,0,0,0,0.000186
26263,,1,0,1,1,0,1,1,10,0.171668,0.174869,0,0,0
26264,,69,0,1,1,0,1,1,9,0.188054,0.192248,0,0,0
26265,,41,0,4,4,0,4,4,8,0.237125,0.246079,0,0.916667,0
26266,,65,0,1,1,0,1,1,9,0.208155,0.213697,0,0,0
26270,,16,0,1,1,0,1,1,9,0.209403,0.215495,0,0,0
26271,,41,0,2,2,0,2,2,9,0.20979,0.2157,0,1,0
26272,,41,0,1,1,0,1,1,8,0.257544,0.268689,0,0,0
26273,,7,0,12,12,0,12,12,8,0.27647,0.289708,0,0.363636,0
34055,,7,1,0,1,1,0,1,0,0,0,0,0,0.000168
26278,,7,0,1,1,0,1,1,8,0.252681,0.261932,0,0,0
26280,,67,0,3,3,0,3,3,8,0.257734,0.268035,0,0,0
26638,,67,2,1,3,2,1,3,1,1,1,1,0.166667,0.000336
35403,,67,3,0,3,3,0,3,0,0,0,0,0,0.000504
26286,,41,0,1,1,0,1,1,1,1,1,0,0,0
26288,,41,0,2,2,0,2,2,9,0.217159,0.223344,0,0,0
26290,,16,0,3,3,0,3,3,9,0.237844,0.24711,0,0.333333,0
26291,,7,0,1,1,0,1,1,1,1,1,0,0,0
26292,,16,0,1,1,0,1,1,8,0.244433,0.254493,0,0,0
26293,,69,0,1,1,0,1,1,10,0.162295,0.164913,0,0,0
26296,,16,0,1,1,0,1,1,9,0.221416,0.228332,0,0,0
26298,,41,0,1,1,0,1,1,8,0.257544,0.268689,0,0,0
26299,,479,0,1,1,0,1,1,1,1,1,0,0,0
26300,,479,1,0,1,1,0,1,0,0,0,0,0,0.000168
26302,,7,1,3,4,1,3,4,9,0.238096,0.246257,709.1719,0.333333,0.000168
26303,,67,0,1,1,0,1,1,11,0.161421,0.164033,0,0,0
26309,,2,0,12,12,0,12,12,9,0.204781,0.210614,0,0.386364,0
30159,,2,1,1,2,1,1,2,9,0.20184,0.206976,0,0.5,0.000168
26311,,53,0,1,1,0,1,1,9,0.220312,0.226978,0,0,0
26312,,480,0,1,1,0,1,1,1,1,1,0,0,0
26313,,480,1,0,1,1,0,1,0,0,0,0,0,0.000168
26315,,14,0,1,1,0,1,1,9,0.199422,0.203947,0,0,0
26317,,12,0,4,4,0,4,4,9,0.185631,0.190259,0,0.416667,0
26318,,16,0,1,1,0,1,1,9,0.207996,0.214081,0,0,0
26319,,25,1,1,2,1,1,2,9,0.211834,0.217468,0,0.5,0.000177
26321,,14,0,1,1,0,1,1,8,0.219698,0.225869,0,0,0
26322,,7,0,1,1,0,1,1,9,0.201829,0.206936,0,0,0
26324,,481,1,1,2,1,1,2,1,1,1,1,0,0.000168
26325,,481,1,0,1,1,0,1,0,0,0,0,0,0.000173
26326,,7,0,1,1,0,1,1,9,0.246124,0.25571,0,0,0
26327,,7,0,1,1,0,1,1,9,0.182994,0.186858,0,0,0
26328,,7,0,1,1,0,1,1,9,0.209145,0.214505,0,0,0
26332,,16,0,1,1,0,1,1,9,0.199206,0.203914,0,0,0
26635,,7,1,0,1,1,0,1,0,0,0,0,0,0.00019
26766,,12,1,4,5,1,4,5,8,0.241189,0.249521,77.54207,0.1,0.00019
26839,,7,1,0,1,1,0,1,0,0,0,0,0,0.00019
26922,,7,1,0,1,1,0,1,0,0,0,0,0,0.00019
26334,,482,0,1,1,0,1,1,9,0.187882,0.192124,0,0,0
26335,,482,1,1,2,1,1,2,8,0.231335,0.239437,18827,0,0.000168
26336,,7,0,1,1,0,1,1,9,0.200066,0.204368,0,0,0
26337,,7,0,1,1,0,1,1,9,0.228129,0.235344,0,0,0
26340,,7,0,1,1,0,1,1,8,0.262756,0.273466,0,0,0
26341,,12,0,1,1,0,1,1,9,0.189796,0.194161,0,0,0
26342,,41,0,1,1,0,1,1,8,0.257544,0.268689,0,0,0
26343,,16,0,1,1,0,1,1,2,0.6,0.666667,0,0,0
26344,,7,0,1,1,0,1,1,9,0.231387,0.239068,0,0,0
26345,,16,0,1,1,0,1,1,9,0.231783,0.240091,0,0,0
26346,,16,0,1,1,0,1,1,9,0.217769,0.22458,0,0,0
26353,,16,0,1,1,0,1,1,8,0.244433,0.254493,0,0,0
26354,,7,0,1,1,0,1,1,9,0.228024,0.235474,0,0,0
26969,,16,2,1,3,2,1,3,9,0.207107,0.212703,18825,0,0.000559
26357,,16,0,1,1,0,1,1,9,0.232386,0.240377,0,0,0
26358,,478,0,2,2,0,2,2,2,0.75,0.833333,0,0,0
26359,,7,0,1,1,0,1,1,8,0.262756,0.273466,0,0,0
26361,,7,0,1,1,0,1,1,9,0.203892,0.209,0,0,0
26362,,41,0,2,2,0,2,2,8,0.234951,0.243191,0,0.5,0
26363,,7,0,1,1,0,1,1,8,0.262756,0.273466,0,0,0
26364,,14,0,1,1,0,1,1,8,0.247395,0.256736,0,0,0
26366,,483,0,1,1,0,1,1,1,1,1,0,0,0
26367,,483,1,0,1,1,0,1,0,0,0,0,0,0.000168
26368,,16,0,1,1,0,1,1,9,0.197396,0.202289,0,0,0
26369,,1,0,1,1,0,1,1,9,0.198992,0.203989,0,0,0
26370,,41,0,1,1,0,1,1,9,0.195086,0.199858,0,0,0
26371,,7,0,9,9,0,9,9,8,0.274102,0.286708,0,0.333333,0
26372,,25,0,1,1,0,1,1,9,0.211834,0.217468,0,0,0
26373,,7,0,1,1,0,1,1,9,0.231387,0.239068,0,0,0
26375,,7,0,1,1,0,1,1,9,0.214123,0.219985,0,0,0
26377,,7,0,2,2,0,2,2,9,0.218144,0.224647,0,0,0
27641,,7,1,1,2,1,1,2,8,0.231335,0.239437,1130.932561,0,0.000168
26378,,484,0,1,1,0,1,1,1,1,1,0,0,0
26379,,484,1,0,1,1,0,1,0,0,0,0,0,0.000168
26381,,7,0,1,1,0,1,1,8,0.261475,0.272568,0,0,0
26383,,16,1,3,4,1,3,4,8,0.251395,0.261523,1.444444,0.333333,0.000168
26384,,16,0,1,1,0,1,1,9,0.19352,0.197987,0,0,0
26385,,7,0,5,5,0,5,5,8,0.245713,0.255127,0,0.55,0
26386,,25,0,1,1,0,1,1,9,0.211834,0.217468,0,0,0
26387,,7,0,1,1,0,1,1,8,0.233233,0.240201,0,0,0
26389,,16,0,1,1,0,1,1,8,0.244275,0.253708,0,0,0
26390,,16,0,1,1,0,1,1,8,0.234493,0.241933,0,0,0
26391,,36,0,2,2,0,2,2,9,0.223185,0.230281,0,0.5,0
26392,,41,0,1,1,0,1,1,8,0.257544,0.268689,0,0,0
26393,,36,0,2,2,0,2,2,9,0.223185,0.230281,0,0.5,0
26394,,36,0,2,2,0,2,2,9,0.223185,0.230281,0,0.5,0
26396,,36,0,2,2,0,2,2,9,0.223185,0.230281,0,0.5,0
26397,,36,0,2,2,0,2,2,9,0.223185,0.230281,0,0.5,0
26399,,25,0,2,2,0,2,2,9,0.214957,0.220703,0,1,0
26401,,7,0,1,1,0,1,1,9,0.234856,0.243135,0,0,0
26505,,25,1,0,1,1,0,1,0,0,0,0,0,0.000184
27466,,25,1,0,1,1,0,1,0,0,0,0,0,0.000184
26403,,7,0,2,2,0,2,2,9,0.211309,0.216761,0,0.5,0
26404,,41,0,1,1,0,1,1,9,0.210104,0.215708,0,0,0
26406,,36,0,2,2,0,2,2,9,0.223185,0.230281,0,0.5,0
26407,,36,0,2,2,0,2,2,9,0.223185,0.230281,0,0.5,0
26408,,36,0,2,2,0,2,2,9,0.223185,0.230281,0,0.5,0
26409,,41,0,1,1,0,1,1,8,0.227715,0.234326,0,0,0
26410,,36,0,2,2,0,2,2,9,0.223185,0.230281,0,0.5,0
26413,,41,0,1,1,0,1,1,9,0.211371,0.217148,0,0,0
26414,,69,0,1,1,0,1,1,10,0.19224,0.196676,0,0,0
26415,,7,0,1,1,0,1,1,8,0.242744,0.250975,0,0,0
26416,,25,0,1,1,0,1,1,9,0.203824,0.20864,0,0,0
26417,,7,0,1,1,0,1,1,9,0.235167,0.243063,0,0,0
26418,,16,0,2,2,0,2,2,9,0.235364,0.244106,0,0,0
26419,,36,0,2,2,0,2,2,9,0.223185,0.230281,0,0.5,0
26420,,36,0,2,2,0,2,2,9,0.223185,0.230281,0,0.5,0
26422,,16,0,1,1,0,1,1,9,0.198423,0.203131,0,0,0
26423,,7,0,1,1,0,1,1,9,0.219041,0.225066,0,0,0
26424,,36,0,2,2,0,2,2,9,0.223185,0.230281,0,0.5,0
26426,,7,0,1,1,0,1,1,8,0.263743,0.27463,0,0,0
26428,,36,0,2,2,0,2,2,9,0.223185,0.230281,0,0.5,0
26430,,7,0,5,5,0,5,5,8,0.251463,0.261107,0,0.25,0
26431,,36,1,2,3,1,2,3,9,0.223185,0.230281,7.823617,0.166667,0.000168
26435,,16,0,6,6,0,6,6,8,0.240168,0.2491,0,0,0
27900,,16,1,0,1,1,0,1,0,0,0,0,0,0.000168
26436,,69,0,1,1,0,1,1,2,0.555556,0.6,0,0,0
32907,,69,1,1,2,1,1,2,2,0.571429,0.625,0,0,0.00028
32910,,69,1,1,2,1,1,2,2,0.571429,0.625,0,0,0.00028
32911,,69,1,1,2,1,1,2,2,0.571429,0.625,0,0,0.00028
35137,,69,2,0,2,2,0,2,0,0,0,0,0.5,0.000448
28798,,7,1,0,1,1,0,1,0,0,0,0,0,0.000178
28799,,7,1,0,1,1,0,1,0,0,0,0,0,0.000178
29167,,7,2,0,2,2,0,2,0,0,0,0,0,0.000347
33033,,7,1,0,1,1,0,1,0,0,0,0,0,0.000178
26441,,25,0,1,1,0,1,1,1,1,1,0,0,0
26445,,16,0,1,1,0,1,1,8,0.251382,0.261452,0,0,0
26451,,7,0,1,1,0,1,1,10,0.17715,0.180384,0,0,0
26453,,7,0,1,1,0,1,1,9,0.223726,0.230675,0,0,0
26454,,36,0,2,2,0,2,2,8,0.248286,0.257542,0,0,0
26456,,7,0,6,6,0,6,6,8,0.266766,0.278072,0,0.333333,0
26457,,16,0,1,1,0,1,1,9,0.212176,0.218018,0,0,0
26458,,2,0,1,1,0,1,1,10,0.170191,0.173177,0,0,0
28113,,65,1,0,1,1,0,1,0,0,0,0,0,0.000196
26461,,485,0,3,3,0,3,3,9,0.229008,0.23613,0,0,0
26462,,16,0,1,1,0,1,1,8,0.239018,0.246295,0,0,0
26463,,7,0,1,1,0,1,1,8,0.272188,0.283721,0,0,0
26466,,7,0,1,1,0,1,1,9,0.225042,0.231898,0,0,0
26467,,7,0,1,1,0,1,1,9,0.225042,0.231898,0,0,0
26470,,16,0,1,1,0,1,1,9,0.189976,0.194051,0,0,0
26473,,16,0,1,1,0,1,1,9,0.227687,0.23488,0,0,0
26475,,41,0,1,1,0,1,1,9,0.221439,0.22799,0,0,0
26476,,16,0,1,1,0,1,1,9,0.231783,0.240091,0,0,0
26477,,16,0,2,2,0,2,2,8,0.239896,0.248297,0,1,0
26479,,16,0,1,1,0,1,1,9,0.227654,0.235503,0,0,0
26483,,7,0,1,1,0,1,1,1,1,1,0,0,0
26484,,69,0,2,2,0,2,2,9,0.210866,0.216564,0,0,0
26485,,7,0,3,3,0,3,3,8,0.263396,0.274332,0,0.5,0
31527,,16,1,0,1,1,0,1,0,0,0,0,0,0.000178
26487,,7,0,2,2,0,2,2,8,0.262774,0.273518,0,0.5,0
26489,,7,0,1,1,0,1,1,8,0.257706,0.267944,0,0,0
26490,,7,0,1,1,0,1,1,8,0.227894,0.234369,0,0,0
26496,,16,0,1,1,0,1,1,9,0.224032,0.231579,0,0,0
26497,,16,0,1,1,0,1,1,10,0.19248,0.197046,0,0,0
26499,,53,0,3,3,0,3,3,7,0.29391,0.308456,0,0.333333,0
26500,,41,0,1,1,0,1,1,10,0.165906,0.168597,0,0,0
26502,,32,0,1,1,0,1,1,2,0.6,0.666667,0,0,0
26506,,7,0,2,2,0,2,2,9,0.225123,0.232399,0,0.5,0
26507,,22,0,1,1,0,1,1,9,0.178176,0.181669,0,0,0
29062,,7,1,1,2,1,1,2,1,1,1,0,0,0.000183
26509,,41,0,1,1,0,1,1,9,0.221439,0.22799,0,0,0
26510,,65,0,1,1,0,1,1,10,0.173471,0.176828,0,0,0
26512,,1,1,0,1,1,0,1,0,0,0,0,0,0.000187
26514,,7,0,1,1,0,1,1,1,1,1,0,0,0
26516,,7,0,1,1,0,1,1,9,0.22971,0.237607,0,0,0
26517,,16,0,1,1,0,1,1,9,0.238773,0.247361,0,0,0
26518,,16,0,1,1,0,1,1,8,0.239859,0.247713,0,0,0
26519,,7,0,1,1,0,1,1,9,0.216823,0.223028,0,0,0
26521,,7,0,1,1,0,1,1,9,0.235541,0.243648,0,0,0
26522,,7,0,2,2,0,2,2,8,0.220858,0.228057,0,1,0
26525,,16,0,1,1,0,1,1,9,0.224032,0.231579,0,0,0
28980,,7,1,0,1,1,0,1,0,0,0,0,0,0.001286
30177,,7,1,0,1,1,0,1,0,0,0,0,0,0.001286
26529,,7,0,9,9,0,9,9,8,0.262277,0.272979,0,0.236111,0
26531,,7,0,2,2,0,2,2,9,0.21319,0.218974,0,0,0
26533,,7,0,1,1,0,1,1,9,0.201803,0.206834,0,0,0
26535,,7,0,1,1,0,1,1,9,0.22971,0.237607,0,0,0
26538,,32,0,1,1,0,1,1,8,0.234493,0.242444,0,0,0
26540,,1,0,1,1,0,1,1,9,0.207512,0.212892,0,0,0
26541,,1,1,2,3,1,2,3,8,0.261835,0.272999,18827,0.166667,0.000168
26542,,16,0,1,1,0,1,1,9,0.206086,0.211843,0,0,0
26543,,7,0,1,1,0,1,1,10,0.193877,0.198377,0,0,0
26544,,7,0,1,1,0,1,1,9,0.200066,0.204368,0,0,0
26546,,16,0,1,1,0,1,1,9,0.201408,0.206473,0,0,0
26547,,7,0,1,1,0,1,1,8,0.237622,0.245065,0,0,0
26548,,16,0,1,1,0,1,1,9,0.21028,0.216083,0,0,0
26549,,7,0,1,1,0,1,1,8,0.267429,0.278245,0,0,0
26550,,12,0,4,4,0,4,4,9,0.185625,0.190248,0,0.416667,0
26553,,7,0,1,1,0,1,1,8,0.236815,0.244762,0,0,0
26554,,7,0,1,1,0,1,1,9,0.193032,0.196903,0,0,0
26555,,32,0,1,1,0,1,1,9,0.210772,0.216624,0,0,0
26556,,7,0,1,1,0,1,1,9,0.19551,0.200141,0,0,0
26557,,41,0,1,1,0,1,1,8,0.226676,0.234633,0,0,0
26558,,36,0,1,1,0,1,1,1,1,1,0,0,0
26559,,7,0,1,1,0,1,1,8,0.261475,0.272568,0,0,0
26560,,16,0,1,1,0,1,1,9,0.219654,0.226201,0,0,0
26561,,53,0,1,1,0,1,1,9,0.220297,0.227161,0,0,0
26562,,7,0,1,1,0,1,1,8,0.236262,0.244204,0,0,0
26563,,486,0,1,1,0,1,1,1,1,1,0,0,0
26564,,486,1,0,1,1,0,1,0,0,0,0,0,0.000168
26565,,0,0,1,1,0,1,1,10,0.182688,0.186486,0,0,0
26566,,67,0,1,1,0,1,1,12,0.131531,0.133,0,0,0
26567,,16,0,1,1,0,1,1,9,0.23085,0.239151,0,0,0
26568,,16,0,2,2,0,2,2,8,0.23591,0.24458,0,0,0
26569,,25,0,2,2,0,2,2,9,0.215149,0.220984,0,1,0
26573,,7,0,3,3,0,3,3,8,0.243917,0.25343,0,0.333333,0
26574,,16,0,4,4,0,4,4,8,0.231625,0.239713,0,0.333333,0
26576,,16,0,1,1,0,1,1,9,0.213504,0.219764,0,0,0
26577,,7,0,1,1,0,1,1,9,0.232872,0.240708,0,0,0
26578,,53,0,1,1,0,1,1,9,0.217608,0.223675,0,0,0
26579,,7,0,1,1,0,1,1,8,0.262756,0.273466,0,0,0
26582,,7,0,1,1,0,1,1,8,0.223439,0.230221,0,0,0
26584,,7,0,1,1,0,1,1,9,0.220001,0.226414,0,0,0
26586,,16,0,1,1,0,1,1,9,0.22008,0.227059,0,0,0
26587,,65,0,1,1,0,1,1,8,0.236841,0.24458,0,0,0
26588,,16,0,1,1,0,1,1,9,0.21575,0.221803,0,0,0
26593,,14,0,1,1,0,1,1,8,0.247395,0.256736,0,0,0
26595,,7,0,1,1,0,1,1,9,0.200066,0.204368,0,0,0
26597,,7,0,1,1,0,1,1,9,0.222142,0.228387,0,0,0
26601,,7,0,1,1,0,1,1,8,0.262756,0.273466,0,0,0
26603,,487,0,1,1,0,1,1,10,0.173952,0.176945,0,0,0
26604,,12,0,1,1,0,1,1,10,0.164896,0.168023,0,0,0
28290,,7,1,1,2,1,1,2,9,0.225593,0.232935,0,0.5,0.000559
30425,,7,1,0,1,1,0,1,0,0,0,0,0,0.000559
26606,,1,2,5,7,2,5,7,8,0.228437,0.235459,37657,0.15,0.000351
26607,,1,3,0,3,3,0,3,0,0,0,0,0.833333,0.000528
28876,,1,2,2,4,2,2,4,9,0.185961,0.189675,0,0.666667,0.000351
31387,,1,1,3,4,1,3,4,9,0.185963,0.189701,0,0.666667,0.000178
26608,,7,0,2,2,0,2,2,8,0.265967,0.277469,0,0.5,0
26612,,7,0,1,1,0,1,1,9,0.220475,0.226978,0,0,0
26613,,7,0,1,1,0,1,1,9,0.239538,0.247501,0,0,0
26616,,7,0,1,1,0,1,1,9,0.187307,0.191282,0,0,0
30658,,53,1,0,1,1,0,1,0,0,0,0,0,0.000173
26619,,41,0,1,1,0,1,1,10,0.18093,0.184927,0,0,0
26620,,41,0,1,1,0,1,1,10,0.18093,0.184927,0,0,0
29852,,16,1,0,1,1,0,1,0,0,0,0,0,0.000394
31655,,16,1,0,1,1,0,1,0,0,0,0,0,0.000394
32230,,16,1,0,1,1,0,1,0,0,0,0,0,0.000394
32929,,16,1,2,3,1,2,3,9,0.213128,0.219631,0,1,0.000394
35199,,16,1,0,1,1,0,1,0,0,0,0,0,0.000394
26623,,2,0,5,5,0,5,5,9,0.221221,0.228301,0,0.1,0
26626,,1,0,2,2,0,2,2,8,0.229047,0.236824,0,1,0
26627,,41,0,1,1,0,1,1,8,0.226676,0.234633,0,0,0
26630,,69,0,1,1,0,1,1,10,0.185907,0.189925,0,0,0
26631,,16,0,1,1,0,1,1,9,0.205257,0.210582,0,0,0
26632,,67,0,1,1,0,1,1,9,0.216107,0.222464,0,0,0
26634,,7,0,1,1,0,1,1,9,0.216971,0.22322,0,0,0
26636,,16,0,2,2,0,2,2,8,0.233082,0.240651,0,0,0
26637,,7,0,1,1,0,1,1,9,0.226406,0.233591,0,0,0
26639,,7,0,2,2,0,2,2,8,0.262976,0.273811,0,1,0
26640,,7,0,1,1,0,1,1,9,0.216971,0.22322,0,0,0
26641,,41,0,1,1,0,1,1,10,0.186861,0.190927,0,0,0
26642,,7,0,1,1,0,1,1,10,0.166127,0.16875,0,0,0
26645,,7,0,1,1,0,1,1,9,0.230193,0.238549,0,0,0
26646,,41,0,1,1,0,1,1,9,0.194667,0.199521,0,0,0
26649,,16,0,1,1,0,1,1,9,0.219196,0.225231,0,0,0
26651,,7,0,1,1,0,1,1,8,0.237958,0.246963,0,0,0
26652,,7,0,1,1,0,1,1,9,0.215387,0.221354,0,0,0
26653,,7,0,1,1,0,1,1,9,0.20921,0.214873,0,0,0
26656,,7,0,1,1,0,1,1,9,0.225419,0.232479,0,0,0
31234,,7,1,0,1,1,0,1,0,0,0,0,0,0.000184
26660,,36,0,1,1,0,1,1,10,0.178311,0.182016,0,0,0
26662,,7,0,1,1,0,1,1,9,0.192326,0.197,0,0,0
26663,,25,0,1,1,0,1,1,9,0.211834,0.217468,0,0,0
26664,,16,0,1,1,0,1,1,8,0.234266,0.242061,0,0,0
26665,,67,0,1,1,0,1,1,9,0.197371,0.20178,0,0,0
26667,,41,0,1,1,0,1,1,8,0.234941,0.243151,0,0,0
26668,,7,0,1,1,0,1,1,8,0.263743,0.27463,0,0,0
26672,,67,0,2,2,0,2,2,10,0.181689,0.185627,0,0,0
26674,,16,0,2,2,0,2,2,9,0.186038,0.190141,0,0,0
26677,,41,0,1,1,0,1,1,8,0.235753,0.244207,0,0,0
26678,,7,0,1,1,0,1,1,8,0.244345,0.253397,0,0,0
26681,,36,0,1,1,0,1,1,9,0.21834,0.225148,0,0,0
26683,,36,2,2,4,2,2,4,9,0.218657,0.225541,18845.772264,0.25,0.000336
26684,,36,0,2,2,0,2,2,9,0.218349,0.225189,0,0.5,0
26685,,36,0,2,2,0,2,2,9,0.218959,0.225891,0,0.5,0
26686,,36,0,1,1,0,1,1,9,0.21834,0.225148,0,0,0
26687,,36,0,1,1,0,1,1,9,0.21834,0.225148,0,0,0
26688,,36,0,1,1,0,1,1,9,0.21834,0.225148,0,0,0
26689,,36,0,1,1,0,1,1,9,0.21834,0.225148,0,0,0
26690,,36,0,1,1,0,1,1,9,0.21834,0.225148,0,0,0
26691,,36,0,1,1,0,1,1,9,0.21834,0.225148,0,0,0
26693,,16,1,0,1,1,0,1,0,0,0,0,0,0.000178
26694,,36,0,1,1,0,1,1,9,0.21834,0.225148,0,0,0
26695,,36,0,1,1,0,1,1,9,0.21834,0.225148,0,0,0
26697,,7,0,1,1,0,1,1,8,0.235026,0.242987,0,0,0
26699,,36,0,1,1,0,1,1,9,0.21834,0.225148,0,0,0
26701,,1,0,1,1,0,1,1,9,0.222605,0.230046,0,0,0
26702,,1,0,1,1,0,1,1,10,0.174253,0.177675,0,0,0
26703,,7,0,1,1,0,1,1,9,0.226025,0.232676,0,0,0
26704,,16,0,1,1,0,1,1,9,0.205347,0.210863,0,0,0
26706,,36,0,1,1,0,1,1,8,0.22375,0.230857,0,0,0
26707,,7,0,1,1,0,1,1,9,0.217144,0.223521,0,0,0
26708,,36,0,1,1,0,1,1,9,0.21834,0.225148,0,0,0
26709,,488,0,1,1,0,1,1,1,1,1,0,0,0
26710,,488,1,0,1,1,0,1,0,0,0,0,0,0.000168
26711,,36,0,1,1,0,1,1,9,0.21834,0.225148,0,0,0
26712,,36,0,1,1,0,1,1,9,0.21834,0.225148,0,0,0
26713,,16,0,2,2,0,2,2,8,0.239286,0.24799,0,0.5,0
26714,,41,0,1,1,0,1,1,9,0.195066,0.199384,0,0,0
26716,,14,0,1,1,0,1,1,8,0.249084,0.258104,0,0,0
26717,,41,0,1,1,0,1,1,9,0.217651,0.224244,0,0,0
26719,,53,0,1,1,0,1,1,8,0.252481,0.263502,0,0,0
26721,,7,1,0,1,1,0,1,0,0,0,0,0,0.000184
26723,,7,0,1,1,0,1,1,9,0.233264,0.241028,0,0,0
26725,,14,0,1,1,0,1,1,9,0.22031,0.227442,0,0,0
26726,,25,0,1,1,0,1,1,8,0.234155,0.242097,0,0,0
26728,,12,0,2,2,0,2,2,8,0.247385,0.256621,0,0,0
26729,,7,0,1,1,0,1,1,8,0.236001,0.244609,0,0,0
26730,,7,0,1,1,0,1,1,9,0.207609,0.212853,0,0,0
26732,,41,0,1,1,0,1,1,8,0.257544,0.268689,0,0,0
27323,,69,1,0,1,1,0,1,0,0,0,0,0,0.00018
26735,,16,0,3,3,0,3,3,8,0.263676,0.275117,0,0.166667,0
26737,,2,0,1,1,0,1,1,10,0.178886,0.182575,0,0,0
26738,,2,0,1,1,0,1,1,10,0.178886,0.182575,0,0,0
26740,,2,0,1,1,0,1,1,10,0.178886,0.182575,0,0,0
26741,,7,0,2,2,0,2,2,8,0.264446,0.275551,0,1,0
26743,,16,0,1,1,0,1,1,8,0.246114,0.255055,0,0,0
26744,,41,0,2,2,0,2,2,9,0.221442,0.228016,0,1,0
26748,,16,0,2,2,0,2,2,8,0.250266,0.26042,0,1,0
26751,,16,0,1,1,0,1,1,8,0.246114,0.255055,0,0,0
26752,,22,0,1,1,0,1,1,9,0.21286,0.218905,0,0,0
26754,,7,0,2,2,0,2,2,9,0.237466,0.246372,0,1,0
26755,,489,0,2,2,0,2,2,9,0.200074,0.20441,0,0,0
30631,,489,1,0,1,1,0,1,0,0,0,0,0,0.000168
26756,,36,0,2,2,0,2,2,8,0.267958,0.278958,0,0,0
26757,,1,0,21,21,0,21,21,9,0.215936,0.223363,0,0.295238,0
26758,,16,0,1,1,0,1,1,1,1,1,0,0,0
26760,,16,0,1,1,0,1,1,9,0.221836,0.22815,0,0,0
32632,,12,1,2,3,1,2,3,11,0.141577,0.143623,0,1,0.000179
26763,,7,0,5,5,0,5,5,8,0.241276,0.249708,0,0.15,0
26764,,7,0,1,1,0,1,1,10,0.179156,0.182314,0,0,0
26765,,7,0,1,1,0,1,1,9,0.232685,0.240463,0,0,0
26767,,7,0,1,1,0,1,1,8,0.224644,0.231298,0,0,0
26768,,1,0,3,3,0,3,3,9,0.221247,0.227944,0,0.333333,0
26771,,7,0,1,1,0,1,1,8,0.247064,0.255642,0,0,0
26772,,7,0,1,1,0,1,1,8,0.248761,0.257751,0,0,0
26775,,1,0,1,1,0,1,1,10,0.168065,0.1709,0,0,0
26782,,16,0,1,1,0,1,1,8,0.230091,0.237701,0,0,0
26784,,490,0,1,1,0,1,1,1,1,1,0,0,0
26785,,490,1,0,1,1,0,1,0,0,0,0,0,0.000168
26786,,7,0,1,1,0,1,1,9,0.21396,0.220365,0,0,0
26791,,491,0,1,1,0,1,1,1,1,1,0,0,0
26792,,491,1,0,1,1,0,1,0,0,0,0,0,0.000168
27153,,7,1,0,1,1,0,1,0,0,0,0,0,0.000274
26795,,7,0,1,1,0,1,1,8,0.242475,0.25106,0,0,0
26796,,16,1,2,3,1,2,3,8,0.249169,0.258502,135.326758,0.666667,0.00038
26798,,16,0,1,1,0,1,1,9,0.217091,0.223468,0,0,0
27785,,7,1,4,5,1,4,5,8,0.23893,0.247226,74.701263,0.15,0.000384
26800,,7,0,1,1,0,1,1,8,0.247064,0.255642,0,0,0
26802,,7,0,2,2,0,2,2,8,0.234476,0.242802,0,0,0
26805,,7,0,1,1,0,1,1,9,0.227168,0.234544,0,0,0
26806,,14,0,1,1,0,1,1,8,0.247395,0.256736,0,0,0
26807,,7,0,1,1,0,1,1,9,0.225166,0.232311,0,0,0
26808,,81,1,8,9,1,8,9,9,0.235329,0.243423,44.183333,0.25,0.000168
26809,,25,0,1,1,0,1,1,2,0.666667,0.75,0,0,0
26811,,67,0,1,1,0,1,1,1,1,1,0,0,0
26812,,16,0,2,2,0,2,2,9,0.217772,0.224607,0,1,0
26813,,32,1,1,2,1,1,2,8,0.245847,0.255051,0,1,0.000192
26814,,7,0,1,1,0,1,1,9,0.226025,0.232676,0,0,0
26815,,7,1,2,3,1,2,3,8,0.237774,0.246037,18825,0,0.000174
26818,,65,0,1,1,0,1,1,9,0.197906,0.202741,0,0,0
26819,,7,0,1,1,0,1,1,10,0.179803,0.183122,0,0,0
26821,,7,0,1,1,0,1,1,8,0.262756,0.273466,0,0,0
28661,,2,1,0,1,1,0,1,0,0,0,0,0,0.000174
26823,,7,0,1,1,0,1,1,9,0.223161,0.230083,0,0,0
26825,,130,0,1,1,0,1,1,9,0.209173,0.214491,0,0,0
26827,,81,0,1,1,0,1,1,9,0.189177,0.192734,0,0,0
26828,,65,0,1,1,0,1,1,10,0.173471,0.176828,0,0,0
26830,,7,0,1,1,0,1,1,9,0.207284,0.212645,0,0,0
26832,,7,0,1,1,0,1,1,9,0.20921,0.214873,0,0,0
26834,,492,0,1,1,0,1,1,1,1,1,0,0,0
26835,,492,1,0,1,1,0,1,0,0,0,0,0,0.000168
26837,,53,0,1,1,0,1,1,10,0.167409,0.170104,0,0,0
26838,,7,1,2,3,1,2,3,8,0.225596,0.232974,53.252457,0.166667,0.000235
26840,,32,0,1,1,0,1,1,9,0.204067,0.209223,0,0,0
26842,,7,0,1,1,0,1,1,9,0.207284,0.212645,0,0,0
26843,,41,0,1,1,0,1,1,10,0.174198,0.17752,0,0,0
26844,,41,0,3,3,0,3,3,9,0.213344,0.219394,0,0.166667,0
26845,,67,0,1,1,0,1,1,1,1,1,0,0,0
26848,,67,0,1,1,0,1,1,9,0.227237,0.234014,0,0,0
26849,,7,0,2,2,0,2,2,8,0.257721,0.267992,0,0.5,0
26852,,7,0,1,1,0,1,1,9,0.229906,0.237162,0,0,0
26853,,41,0,1,1,0,1,1,8,0.257544,0.268689,0,0,0
26854,,7,0,1,1,0,1,1,9,0.246124,0.25571,0,0,0
26856,,16,1,2,3,1,2,3,9,0.22246,0.230218,1562.977495,0,0.000168
26857,,7,0,1,1,0,1,1,9,0.207104,0.212528,0,0,0
26858,,7,0,2,2,0,2,2,8,0.229131,0.236515,0,0.5,0
26861,,7,0,2,2,0,2,2,8,0.255976,0.266105,0,1,0
26863,,16,0,1,1,0,1,1,9,0.20986,0.215817,0,0,0
26864,,563,1,1,2,1,1,2,1,1,1,1,0,0.000168
26865,,563,1,0,1,1,0,1,0,0,0,0,0,0.000173
26866,,41,0,1,1,0,1,1,8,0.257544,0.268689,0,0,0
29943,,16,1,0,1,1,0,1,0,0,0,0,0,0.00038
31607,,16,1,0,1,1,0,1,0,0,0,0,0,0.00038
26868,,16,0,2,2,0,2,2,9,0.230881,0.238171,0,0,0
26869,,7,1,1,2,1,1,2,9,0.192104,0.196356,25974,0,0.000261
26870,,16,0,1,1,0,1,1,9,0.222009,0.229646,0,0,0
26872,,7,0,1,1,0,1,1,8,0.230435,0.237929,0,0,0
26873,,7,0,1,1,0,1,1,10,0.173358,0.176349,0,0,0
32037,,16,1,1,2,1,1,2,9,0.194331,0.198485,0,0,0.000374
26877,,7,0,3,3,0,3,3,8,0.232251,0.240302,0,0.333333,0
26878,,16,0,1,1,0,1,1,9,0.22643,0.233486,0,0,0
26881,,41,0,1,1,0,1,1,8,0.257544,0.268689,0,0,0
26882,,7,0,7,7,0,7,7,8,0.249513,0.258912,0,0.071429,0
26885,,41,0,1,1,0,1,1,8,0.257544,0.268689,0,0,0
26886,,7,0,3,3,0,3,3,8,0.252854,0.262873,0,0.666667,0
26887,,7,0,1,1,0,1,1,1,1,1,0,0,0
26888,,2,0,1,1,0,1,1,9,0.217837,0.224577,0,0,0
26891,,16,0,1,1,0,1,1,8,0.229011,0.236303,0,0,0
26892,,493,0,1,1,0,1,1,1,1,1,0,0,0
26893,,7,0,1,1,0,1,1,8,0.245108,0.253561,0,0,0
26894,,16,1,5,6,1,5,6,8,0.244449,0.253335,209.109196,0.3,0.00018
26898,,481,0,1,1,0,1,1,2,0.666667,0.75,0,0,0
26899,,41,0,1,1,0,1,1,8,0.257544,0.268689,0,0,0
26901,,7,0,1,1,0,1,1,8,0.237667,0.245207,0,0,0
26903,,25,2,3,5,2,3,5,9,0.211051,0.216787,18977.954587,0.5,0.000465
31662,,25,2,1,3,2,1,3,1,1,1,25976,0,0.000353
26904,,7,0,2,2,0,2,2,8,0.263278,0.274105,0,0.5,0
26908,,41,0,1,1,0,1,1,8,0.231378,0.23929,0,0,0
26911,,7,0,1,1,0,1,1,9,0.227396,0.235291,0,0,0
26912,,67,0,3,3,0,3,3,9,0.21278,0.219005,0,0.333333,0
26913,,41,0,1,1,0,1,1,8,0.257544,0.268689,0,0,0
26914,,41,0,3,3,0,3,3,8,0.237664,0.246153,0,0.166667,0
35177,,41,1,0,1,1,0,1,0,0,0,0,0,0.000168
26915,,7,0,1,1,0,1,1,9,0.224867,0.231892,0,0,0
26918,,7,0,1,1,0,1,1,1,1,1,0,0,0
26921,,22,0,1,1,0,1,1,1,1,1,0,0,0
26925,,7,0,1,1,0,1,1,11,0.143375,0.145196,0,0,0
26926,,16,0,1,1,0,1,1,9,0.215703,0.221872,0,0,0
26928,,7,0,1,1,0,1,1,9,0.22138,0.227546,0,0,0
26929,,494,0,1,1,0,1,1,1,1,1,0,0,0
26930,,494,1,0,1,1,0,1,0,0,0,0,0,0.000168
26931,,495,0,1,1,0,1,1,1,1,1,0,0,0
26932,,495,1,0,1,1,0,1,0,0,0,0,0,0.000168
26933,,81,0,1,1,0,1,1,9,0.224787,0.232402,0,0,0
26934,,7,0,1,1,0,1,1,9,0.220134,0.226548,0,0,0
26936,,16,0,1,1,0,1,1,9,0.211863,0.218335,0,0,0
26940,,496,0,2,2,0,2,2,8,0.233066,0.241323,0,0,0
26941,,496,1,0,1,1,0,1,0,0,0,0,0,0.000168
26942,,41,0,2,2,0,2,2,9,0.210786,0.216706,0,1,0
26944,,7,0,1,1,0,1,1,8,0.232673,0.239583,0,0,0
26945,,41,0,1,1,0,1,1,9,0.226185,0.233312,0,0,0
26946,,41,0,1,1,0,1,1,8,0.257544,0.268689,0,0,0
26948,,41,0,1,1,0,1,1,9,0.220464,0.227059,0,0,0
26949,,12,0,1,1,0,1,1,1,1,1,0,0,0
26950,,67,0,1,1,0,1,1,9,0.217618,0.223758,0,0,0
26956,,16,0,1,1,0,1,1,9,0.212379,0.218204,0,0,0
26957,,7,0,2,2,0,2,2,8,0.263447,0.274312,0,0.5,0
26958,,7,0,2,2,0,2,2,9,0.228683,0.236155,0,0,0
26960,,16,0,1,1,0,1,1,10,0.19248,0.197046,0,0,0
26961,,16,0,1,1,0,1,1,8,0.244161,0.253367,0,0,0
26962,,25,0,1,1,0,1,1,9,0.211834,0.217468,0,0,0
26963,,7,0,1,1,0,1,1,8,0.257706,0.267944,0,0,0
26965,,32,0,1,1,0,1,1,1,1,1,0,0,0
26966,,16,0,1,1,0,1,1,8,0.229374,0.235958,0,0,0
26967,,14,0,2,2,0,2,2,8,0.249153,0.258898,0,1,0
26970,,7,0,1,1,0,1,1,8,0.235794,0.24331,0,0,0
26973,,7,0,1,1,0,1,1,8,0.236815,0.244762,0,0,0
26974,,7,0,1,1,0,1,1,9,0.214323,0.220605,0,0,0
26975,,497,0,1,1,0,1,1,1,1,1,0,0,0
26976,,497,1,0,1,1,0,1,0,0,0,0,0,0.000168
26980,,41,0,1,1,0,1,1,9,0.210713,0.216558,0,0,0
26982,,7,0,1,1,0,1,1,8,0.256649,0.267075,0,0,0
26983,,7,0,1,1,0,1,1,9,0.203513,0.208252,0,0,0
26984,,69,0,1,1,0,1,1,9,0.206134,0.211532,0,0,0
26986,,41,0,1,1,0,1,1,9,0.195086,0.199858,0,0,0
26989,,41,0,1,1,0,1,1,8,0.257544,0.268689,0,0,0
26990,,36,0,1,1,0,1,1,9,0.219926,0.226711,0,0,0
26991,,16,0,1,1,0,1,1,9,0.205414,0.211419,0,0,0
26992,,7,0,3,3,0,3,3,9,0.226893,0.234044,0,0.166667,0
26993,,7,1,0,1,1,0,1,0,0,0,0,0,0.000168
26994,,16,0,1,1,0,1,1,9,0.190817,0.194878,0,0,0
33297,,32,1,13,14,1,13,14,8,0.250007,0.259691,52034.734317,0.214286,0.000192
35194,,32,1,1,2,1,1,2,9,0.198823,0.203386,0,0,0.000192
26996,,67,0,2,2,0,2,2,9,0.210975,0.216637,0,0,0
34612,,16,1,1,2,1,1,2,9,0.206233,0.211974,0,0.5,0.000217
27005,,22,0,1,1,0,1,1,9,0.196738,0.201165,0,0,0
27006,,16,0,1,1,0,1,1,1,1,1,0,0,0
27007,,16,0,1,1,0,1,1,8,0.232418,0.240737,0,0,0
27011,,1,0,1,1,0,1,1,9,0.194287,0.198672,0,0,0
27013,,16,0,1,1,0,1,1,8,0.239859,0.247713,0,0,0
27014,,7,0,1,1,0,1,1,8,0.238712,0.2466,0,0,0
27015,,32,0,1,1,0,1,1,9,0.200706,0.205789,0,0,0
27016,,16,0,2,2,0,2,2,9,0.202221,0.207064,0,0.5,0
27018,,16,1,1,2,1,1,2,9,0.213412,0.219402,18827,0,0.000168
27021,,16,0,1,1,0,1,1,9,0.205347,0.210863,0,0,0
27023,,7,0,1,1,0,1,1,9,0.21372,0.219832,0,0,0
27025,,16,0,1,1,0,1,1,8,0.229011,0.236303,0,0,0
27026,,81,0,1,1,0,1,1,9,0.194365,0.198293,0,0,0
27029,,53,0,1,1,0,1,1,9,0.220459,0.227318,0,0,0
27032,,16,0,1,1,0,1,1,9,0.238773,0.247361,0,0,0
27033,,7,0,2,2,0,2,2,9,0.226987,0.234193,0,0,0
27034,,65,0,1,1,0,1,1,10,0.173471,0.176828,0,0,0
27035,,7,0,1,1,0,1,1,9,0.209921,0.215455,0,0,0
27037,,7,0,1,1,0,1,1,9,0.222736,0.229684,0,0,0
27039,,7,0,1,1,0,1,1,9,0.209156,0.214457,0,0,0
27041,,41,0,2,2,0,2,2,9,0.19058,0.19452,0,0,0
27043,,14,0,2,2,0,2,2,8,0.231957,0.23892,0,1,0
27045,,41,0,2,2,0,2,2,8,0.236964,0.244447,0,0.5,0
27046,,14,0,1,1,0,1,1,8,0.247395,0.256736,0,0,0
27047,,7,0,5,5,0,5,5,8,0.236082,0.24354,0,0.15,0
27321,,7,1,4,5,1,4,5,8,0.250552,0.259301,869.387993,0.05,0.000168
27049,,7,0,1,1,0,1,1,8,0.23893,0.247221,0,0,0
27051,,41,0,1,1,0,1,1,8,0.257544,0.268689,0,0,0
27052,,7,0,2,2,0,2,2,9,0.213577,0.219375,0,0.5,0
27053,,69,0,2,2,0,2,2,9,0.212888,0.21876,0,0,0
27056,,69,0,2,2,0,2,2,9,0.23317,0.241257,0,0,0
27058,,7,0,1,1,0,1,1,1,1,1,0,0,0
27061,,7,0,1,1,0,1,1,9,0.21491,0.22074,0,0,0
27063,,7,0,1,1,0,1,1,9,0.221195,0.227741,0,0,0
27064,,41,0,1,1,0,1,1,8,0.257544,0.268689,0,0,0
27065,,7,0,1,1,0,1,1,9,0.211442,0.217235,0,0,0
27066,,7,0,2,2,0,2,2,8,0.231452,0.238354,0,0,0
27067,,16,0,1,1,0,1,1,8,0.238151,0.247423,0,0,0
27068,,7,0,1,1,0,1,1,9,0.20921,0.214873,0,0,0
27069,,7,0,1,1,0,1,1,9,0.232872,0.240708,0,0,0
27071,,16,0,2,2,0,2,2,8,0.236749,0.244352,0,0,0
27072,,16,0,1,1,0,1,1,9,0.217628,0.224048,0,0,0
27073,,7,0,1,1,0,1,1,9,0.222499,0.229441,0,0,0
27074,,7,0,1,1,0,1,1,8,0.262756,0.273466,0,0,0
27077,,41,0,1,1,0,1,1,9,0.211677,0.21729,0,0,0
27079,,32,0,2,2,0,2,2,8,0.236096,0.244541,0,0,0
27080,,1,0,5,5,0,5,5,8,0.248292,0.258375,0,0.15,0
27081,,498,0,1,1,0,1,1,1,1,1,0,0,0
27082,,498,1,0,1,1,0,1,0,0,0,0,0,0.000168
27088,,551,1,1,2,1,1,2,10,0.177011,0.180495,0,0,0.000185
27091,,2,0,1,1,0,1,1,9,0.213451,0.219373,0,0,0
27092,,7,0,1,1,0,1,1,8,0.251449,0.261106,0,0,0
27093,,16,0,1,1,0,1,1,8,0.23674,0.244313,0,0,0
27095,,16,0,1,1,0,1,1,8,0.216596,0.222828,0,0,0
27097,,7,0,2,2,0,2,2,9,0.211832,0.217252,0,1,0
27098,,12,0,2,2,0,2,2,9,0.235155,0.243528,0,0.5,0
27099,,7,0,2,2,0,2,2,9,0.221373,0.227564,0,0.5,0
27101,,2,2,2,4,2,2,4,9,0.217846,0.224618,37656,0,0.000336
28520,,2,1,1,2,1,1,2,8,0.22917,0.236725,1897.339537,0,0.000177
27102,,16,0,2,2,0,2,2,9,0.22158,0.228376,0,1,0
27104,,16,0,1,1,0,1,1,9,0.238304,0.246341,0,0,0
27107,,69,1,3,4,1,3,4,8,0.235102,0.242484,25975,0.333333,0.00021
32618,,69,1,0,1,1,0,1,0,0,0,0,0,0.000173
27108,,25,2,2,4,2,2,4,9,0.211843,0.21751,18829,0.166667,0.000336
27109,,16,0,1,1,0,1,1,9,0.23666,0.245195,0,0,0
27110,,41,0,1,1,0,1,1,9,0.204906,0.210327,0,0,0
27111,,556,1,1,2,1,1,2,1,1,1,1,0,0.000168
27112,,556,1,0,1,1,0,1,0,0,0,0,0,0.000173
27113,,1,0,1,1,0,1,1,1,1,1,0,0,0
27115,,41,0,1,1,0,1,1,8,0.228356,0.235614,0,0,0
27116,,16,0,1,1,0,1,1,9,0.215102,0.221742,0,0,0
27120,,16,0,1,1,0,1,1,9,0.190677,0.195327,0,0,0
27121,,14,0,1,1,0,1,1,8,0.247395,0.256736,0,0,0
27122,,14,0,1,1,0,1,1,8,0.247395,0.256736,0,0,0
27123,,16,0,1,1,0,1,1,9,0.232956,0.241234,0,0,0
27126,,65,0,1,1,0,1,1,9,0.213606,0.219549,0,0,0
27127,,7,0,3,3,0,3,3,8,0.283219,0.296894,0,1,0
27130,,7,0,1,1,0,1,1,8,0.223439,0.230221,0,0,0
27131,,16,0,1,1,0,1,1,9,0.194245,0.198959,0,0,0
27133,,7,0,1,1,0,1,1,9,0.22138,0.227546,0,0,0
27134,,7,1,1,2,1,1,2,9,0.225653,0.232937,0,0.5,0.00029
27137,,16,0,2,2,0,2,2,8,0.251937,0.26289,0,1,0
27139,,16,0,1,1,0,1,1,8,0.238151,0.247423,0,0,0
27140,,16,0,1,1,0,1,1,8,0.227253,0.234761,0,0,0
27141,,7,0,1,1,0,1,1,9,0.21491,0.22074,0,0,0
27142,,7,0,1,1,0,1,1,8,0.251523,0.26155,0,0,0
27145,,16,0,1,1,0,1,1,9,0.224856,0.232784,0,0,0
27146,,7,0,1,1,0,1,1,10,0.181847,0.185541,0,0,0
27147,,41,0,1,1,0,1,1,8,0.257544,0.268689,0,0,0
27149,,7,0,3,3,0,3,3,8,0.233577,0.241449,0,0.166667,0
27154,,499,0,1,1,0,1,1,1,1,1,0,0,0
27155,,499,1,0,1,1,0,1,0,0,0,0,0,0.000168
27157,,36,0,1,1,0,1,1,8,0.22375,0.230857,0,0,0
27158,,25,0,2,2,0,2,2,9,0.215149,0.220984,0,1,0
27159,,25,0,1,1,0,1,1,9,0.211834,0.217468,0,0,0
27163,,16,0,1,1,0,1,1,9,0.212123,0.218423,0,0,0
27167,,7,0,1,1,0,1,1,8,0.244503,0.252663,0,0,0
27168,,7,0,1,1,0,1,1,9,0.216661,0.223517,0,0,0
27171,,7,0,1,1,0,1,1,9,0.216629,0.22275,0,0,0
33430,,7,2,3,5,2,3,5,8,0.25983,0.270449,47.043259,0.3,0.000354
27174,,14,0,1,1,0,1,1,8,0.247395,0.256736,0,0,0
27398,,7,1,0,1,1,0,1,0,0,0,0,0,0.000272
29508,,41,1,2,3,1,2,3,9,0.201001,0.206348,38.5782,0,0.000272
27177,,16,0,2,2,0,2,2,8,0.251419,0.261531,0,1,0
27178,,7,0,1,1,0,1,1,8,0.24587,0.25403,0,0,0
27180,,67,0,3,3,0,3,3,8,0.264105,0.275607,0,0.5,0
27182,,7,0,1,1,0,1,1,9,0.226164,0.233246,0,0,0
27186,,7,0,2,2,0,2,2,8,0.241112,0.249171,0,1,0
27187,,67,0,1,1,0,1,1,9,0.199365,0.204461,0,0,0
27188,,7,0,1,1,0,1,1,8,0.239639,0.247488,0,0,0
27189,,7,0,2,2,0,2,2,9,0.206713,0.212284,0,0,0
27190,,41,0,1,1,0,1,1,9,0.209788,0.215674,0,0,0
27191,,7,0,1,1,0,1,1,9,0.220014,0.226627,0,0,0
27194,,7,0,1,1,0,1,1,8,0.262756,0.273466,0,0,0
27195,,2,0,4,4,0,4,4,8,0.24805,0.257699,0,0.25,0
27196,,41,0,1,1,0,1,1,9,0.234736,0.243231,0,0,0
27197,,14,0,2,2,0,2,2,8,0.247401,0.256772,0,0,0
27198,,16,0,3,3,0,3,3,9,0.210296,0.216715,0,0,0
27199,,14,0,1,1,0,1,1,8,0.247395,0.256736,0,0,0
27200,,16,0,1,1,0,1,1,9,0.224032,0.231579,0,0,0
27204,,7,0,1,1,0,1,1,8,0.262756,0.273466,0,0,0
27209,,1,0,1,1,0,1,1,8,0.228936,0.236648,0,0,0
27210,,14,0,1,1,0,1,1,8,0.247395,0.256736,0,0,0
27211,,7,0,1,1,0,1,1,1,1,1,0,0,0
27212,,14,0,1,1,0,1,1,8,0.247395,0.256736,0,0,0
27213,,7,0,1,1,0,1,1,9,0.21002,0.215689,0,0,0
27214,,16,0,2,2,0,2,2,8,0.239146,0.247278,0,0,0
27215,,7,0,1,1,0,1,1,8,0.240779,0.248938,0,0,0
27219,,16,0,3,3,0,3,3,8,0.241081,0.25091,0,0.666667,0
27223,,1,0,1,1,0,1,1,9,0.187559,0.191645,0,0,0
27224,,32,0,1,1,0,1,1,9,0.196366,0.200806,0,0,0
27227,,16,0,1,1,0,1,1,10,0.189458,0.193762,0,0,0
27228,,16,0,2,2,0,2,2,8,0.228087,0.235736,0,0,0
27229,,67,0,1,1,0,1,1,1,1,1,0,0,0
27230,,16,0,1,1,0,1,1,9,0.194937,0.199705,0,0,0
27231,,41,0,1,1,0,1,1,9,0.234736,0.243231,0,0,0
27233,,7,0,1,1,0,1,1,9,0.232771,0.240328,0,0,0
27234,,16,0,1,1,0,1,1,1,1,1,0,0,0
27236,,7,0,5,5,0,5,5,8,0.267535,0.279293,0,0.7,0
27237,,7,0,1,1,0,1,1,9,0.214123,0.219985,0,0,0
27239,,16,0,1,1,0,1,1,9,0.217779,0.224019,0,0,0
27242,,7,0,1,1,0,1,1,10,0.200283,0.205389,0,0,0
35475,,67,1,0,1,1,0,1,0,0,0,0,0,0.000175
27244,,7,0,1,1,0,1,1,9,0.213245,0.219229,0,0,0
27246,,7,0,1,1,0,1,1,9,0.227357,0.234417,0,0,0
27247,,16,0,1,1,0,1,1,10,0.17667,0.180122,0,0,0
27248,,7,1,3,4,1,3,4,8,0.243215,0.252126,1206.333363,0.166667,0.000168
27249,,7,0,1,1,0,1,1,8,0.253959,0.263295,0,0,0
27250,,41,0,1,1,0,1,1,9,0.208443,0.214008,0,0,0
27254,,62,0,6,6,0,6,6,8,0.225004,0.2327,0,0.5,0
27256,,7,0,1,1,0,1,1,9,0.225592,0.232933,0,0,0
27259,,16,0,3,3,0,3,3,8,0.242782,0.252084,0,0.166667,0
27260,,7,0,1,1,0,1,1,8,0.246941,0.255908,0,0,0
27262,,7,0,1,1,0,1,1,9,0.226908,0.23316,0,0,0
27263,,7,0,1,1,0,1,1,9,0.21396,0.220365,0,0,0
27266,,500,0,1,1,0,1,1,1,1,1,0,0,0
27267,,500,1,0,1,1,0,1,0,0,0,0,0,0.000168
27269,,7,0,1,1,0,1,1,8,0.262756,0.273466,0,0,0
27270,,7,0,1,1,0,1,1,9,0.231156,0.238915,0,0,0
27271,,25,0,1,1,0,1,1,9,0.211834,0.217468,0,0,0
27272,,41,0,2,2,0,2,2,9,0.210895,0.216914,0,1,0
27275,,14,0,1,1,0,1,1,10,0.197667,0.202501,0,0,0
27276,,41,0,1,1,0,1,1,8,0.227715,0.234326,0,0,0
27277,,7,0,2,2,0,2,2,8,0.264368,0.275312,0,0.5,0
27278,,69,0,1,1,0,1,1,2,0.555556,0.6,0,0,0
27279,,65,0,1,1,0,1,1,9,0.217956,0.224292,0,0,0
27280,,25,0,1,1,0,1,1,9,0.211834,0.217468,0,0,0
27281,,501,0,2,2,0,2,2,8,0.229899,0.237529,0,0,0
27282,,501,1,0,1,1,0,1,0,0,0,0,0,0.000168
27286,,7,0,1,1,0,1,1,9,0.220178,0.227274,0,0,0
27287,,22,0,2,2,0,2,2,9,0.196746,0.201207,0,0,0
27288,,22,1,0,1,1,0,1,0,0,0,0,0,0.000168
27289,,12,0,1,1,0,1,1,12,0.124015,0.125359,0,0,0
27290,,14,0,2,2,0,2,2,9,0.226982,0.234263,0,0,0
27291,,32,0,1,1,0,1,1,1,1,1,0,0,0
27292,,41,0,2,2,0,2,2,9,0.196467,0.201765,0,0.5,0
27293,,16,0,1,1,0,1,1,8,0.244275,0.253708,0,0,0
27294,,16,0,2,2,0,2,2,8,0.239031,0.246338,0,0,0
27295,,7,0,1,1,0,1,1,8,0.242301,0.250615,0,0,0
27297,,7,0,1,1,0,1,1,9,0.215901,0.222302,0,0,0
27299,,502,0,1,1,0,1,1,1,1,1,0,0,0
27300,,502,1,0,1,1,0,1,0,0,0,0,0,0.000168
27302,,16,0,1,1,0,1,1,9,0.196428,0.201487,0,0,0
27303,,16,0,1,1,0,1,1,9,0.196428,0.201487,0,0,0
27305,,7,0,2,2,0,2,2,8,0.249645,0.258649,0,1,0
27306,,7,0,7,7,0,7,7,8,0.249662,0.258919,0,0,0
27307,,7,1,0,1,1,0,1,0,0,0,0,0,0.000168
27308,,7,0,1,1,0,1,1,8,0.238712,0.2466,0,0,0
27309,,503,0,1,1,0,1,1,1,1,1,0,0,0
27310,,503,1,0,1,1,0,1,0,0,0,0,0,0.000168
27311,,16,0,1,1,0,1,1,9,0.215886,0.22217,0,0,0
27316,,41,0,1,1,0,1,1,10,0.174198,0.17752,0,0,0
27318,,7,0,1,1,0,1,1,9,0.215387,0.221354,0,0,0
27319,,7,0,1,1,0,1,1,9,0.215387,0.221354,0,0,0
27320,,1,0,1,1,0,1,1,8,0.228936,0.236648,0,0,0
27326,,7,0,1,1,0,1,1,9,0.21254,0.218276,0,0,0
27327,,36,0,1,1,0,1,1,9,0.216199,0.222536,0,0,0
27328,,7,0,1,1,0,1,1,8,0.232953,0.240316,0,0,0
27329,,7,0,1,1,0,1,1,8,0.257706,0.267944,0,0,0
27330,,41,0,1,1,0,1,1,9,0.210713,0.216558,0,0,0
27331,,67,0,1,1,0,1,1,9,0.20833,0.214469,0,0,0
27332,,1,0,1,1,0,1,1,9,0.209145,0.214731,0,0,0
27333,,7,0,3,3,0,3,3,8,0.242139,0.250029,0,0.166667,0
27334,,7,1,0,1,1,0,1,0,0,0,0,0,0.000168
27336,,731,0,2,2,0,2,2,9,0.207293,0.212687,0,0,0
27339,,16,0,1,1,0,1,1,9,0.189405,0.19375,0,0,0
27341,,16,0,2,2,0,2,2,8,0.244462,0.254568,0,0.5,0
28810,,12,1,1,2,1,1,2,11,0.141559,0.143507,0,0.5,0.000173
27345,,7,0,1,1,0,1,1,8,0.230232,0.237422,0,0,0
27347,,7,1,2,3,1,2,3,9,0.234964,0.243922,18827,0,0.000168
27349,,7,0,1,1,0,1,1,9,0.224977,0.231842,0,0,0
28953,,67,1,0,1,1,0,1,0,0,0,0,0,0.000183
27352,,2,0,3,3,0,3,3,8,0.240484,0.250115,0,0.5,0
27354,,32,0,2,2,0,2,2,8,0.23452,0.242522,0,1,0
27355,,16,0,2,2,0,2,2,8,0.23816,0.247463,0,0,0
27356,,16,1,0,1,1,0,1,0,0,0,0,0,0.000168
27357,,36,0,1,1,0,1,1,9,0.195035,0.199349,0,0,0
27361,,7,0,1,1,0,1,1,8,0.234569,0.242416,0,0,0
27362,,69,0,1,1,0,1,1,2,0.555556,0.6,0,0,0
27364,,7,0,1,1,0,1,1,8,0.261475,0.272568,0,0,0
27367,,7,0,1,1,0,1,1,9,0.20245,0.207286,0,0,0
27370,,16,0,1,1,0,1,1,9,0.232386,0.240377,0,0,0
27371,,7,0,1,1,0,1,1,8,0.262756,0.273466,0,0,0
27374,,16,0,3,3,0,3,3,8,0.234001,0.242526,0,0.5,0
27377,,67,0,1,1,0,1,1,10,0.178452,0.182062,0,0,0
27378,,7,0,4,4,0,4,4,8,0.263263,0.274702,0,0.416667,0
27379,,504,0,1,1,0,1,1,2,0.666667,0.75,0,0,0
27384,,7,1,0,1,1,0,1,0,0,0,0,0,0.000187
27385,,16,0,1,1,0,1,1,10,0.19617,0.201009,0,0,0
27387,,36,0,1,1,0,1,1,9,0.220026,0.226909,0,0,0
27389,,12,0,1,1,0,1,1,9,0.208614,0.214286,0,0,0
27390,,16,0,2,2,0,2,2,8,0.239024,0.248068,0,0,0
27392,,7,0,1,1,0,1,1,7,0.293553,0.307954,0,0,0
27393,,505,0,1,1,0,1,1,10,0.173231,0.176169,0,0,0
27394,,505,1,1,2,1,1,2,9,0.209517,0.214749,18827,0,0.000168
27395,,7,0,2,2,0,2,2,9,0.224872,0.231928,0,0,0
27396,,7,0,1,1,0,1,1,9,0.228024,0.235474,0,0,0
27399,,7,0,1,1,0,1,1,9,0.199572,0.204471,0,0,0
27401,,506,0,1,1,0,1,1,1,1,1,0,0,0
27402,,506,1,0,1,1,0,1,0,0,0,0,0,0.000168
27403,,7,0,1,1,0,1,1,9,0.213963,0.219411,0,0,0
27406,,16,0,1,1,0,1,1,9,0.212494,0.218198,0,0,0
27407,,16,0,1,1,0,1,1,9,0.224032,0.231579,0,0,0
27408,,16,0,1,1,0,1,1,9,0.200469,0.205801,0,0,0
27410,,16,0,1,1,0,1,1,10,0.17185,0.175081,0,0,0
27411,,16,1,2,3,1,2,3,9,0.196436,0.201529,18827,0,0.000173
27412,,16,1,1,2,1,1,2,10,0.164186,0.167119,0,0,0.000173
27413,,41,0,1,1,0,1,1,8,0.257544,0.268689,0,0,0
27415,,1,0,1,1,0,1,1,9,0.229791,0.237541,0,0,0
27418,,16,0,2,2,0,2,2,8,0.255507,0.266429,0,1,0
27419,,65,0,1,1,0,1,1,8,0.236841,0.24458,0,0,0
27420,,16,0,1,1,0,1,1,1,1,1,0,0,0
27424,,16,0,1,1,0,1,1,8,0.229011,0.236303,0,0,0
27428,,7,0,1,1,0,1,1,8,0.231335,0.239437,0,0,0
27430,,7,0,1,1,0,1,1,9,0.228844,0.235796,0,0,0
27433,,16,0,1,1,0,1,1,9,0.217769,0.22458,0,0,0
27434,,16,0,1,1,0,1,1,10,0.185446,0.189595,0,0,0
27436,,7,0,1,1,0,1,1,9,0.219258,0.225503,0,0,0
27437,,67,0,1,1,0,1,1,9,0.197371,0.20178,0,0,0
27439,,32,0,1,1,0,1,1,8,0.234493,0.242444,0,0,0
27442,,7,0,1,1,0,1,1,8,0.261475,0.272568,0,0,0
27443,,16,0,1,1,0,1,1,9,0.198319,0.203744,0,0,0
27444,,7,0,1,1,0,1,1,9,0.210966,0.216544,0,0,0
27445,,7,0,5,5,0,5,5,8,0.247119,0.256234,0,0.15,0
28888,,7,2,1,3,2,1,3,9,0.225164,0.23231,304.254061,0.166667,0.000396
34864,,7,1,0,1,1,0,1,0,0,0,0,0,0.000641
27451,,7,0,1,1,0,1,1,9,0.218297,0.224718,0,0,0
27452,,7,0,1,1,0,1,1,9,0.214602,0.220513,0,0,0
27809,,12,1,0,1,1,0,1,0,0,0,0,0,0.000193
27459,,12,0,1,1,0,1,1,2,0.666667,0.75,0,0,0
27462,,16,0,1,1,0,1,1,8,0.2284,0.235296,0,0,0
27463,,7,0,1,1,0,1,1,1,1,1,0,0,0
27464,,1,0,2,2,0,2,2,8,0.228967,0.236713,0,0.5,0
27465,,12,0,2,2,0,2,2,2,0.75,0.833333,0,0,0
27467,,12,0,1,1,0,1,1,2,0.666667,0.75,0,0,0
35159,,12,1,0,1,1,0,1,0,0,0,0,0,0.000174
27910,,32,1,0,1,1,0,1,0,0,0,0,0,0.00019
27470,,12,0,1,1,0,1,1,2,0.666667,0.75,0,0,0
27471,,1,0,1,1,0,1,1,10,0.168065,0.1709,0,0,0
27472,,12,0,3,3,0,3,3,8,0.258272,0.268606,0,0.166667,0
27473,,12,0,1,1,0,1,1,2,0.666667,0.75,0,0,0
27515,,12,3,0,3,3,0,3,0,0,0,0,0,0.000557
27665,,7,1,2,3,1,2,3,9,0.227403,0.235339,67.341238,0.5,0.000352
31457,,7,1,0,1,1,0,1,0,0,0,0,0,0.000352
27476,,7,0,1,1,0,1,1,10,0.179156,0.182314,0,0,0
27478,,12,0,1,1,0,1,1,2,0.666667,0.75,0,0,0
27479,,69,0,1,1,0,1,1,2,0.555556,0.6,0,0,0
27480,,12,0,1,1,0,1,1,2,0.666667,0.75,0,0,0
27481,,12,0,1,1,0,1,1,2,0.666667,0.75,0,0,0
27482,,12,0,2,2,0,2,2,2,0.75,0.833333,0,0,0
27483,,12,0,1,1,0,1,1,2,0.666667,0.75,0,0,0
27488,,12,0,2,2,0,2,2,12,0.126138,0.127453,0,0.5,0
27490,,32,0,3,3,0,3,3,9,0.217991,0.224577,0,0.666667,0
27491,,12,0,3,3,0,3,3,9,0.194253,0.198812,0,0.333333,0
27492,,12,0,2,2,0,2,2,12,0.126138,0.127453,0,0.5,0
27493,,507,0,1,1,0,1,1,1,1,1,0,0,0
27494,,507,1,0,1,1,0,1,0,0,0,0,0,0.000168
27495,,12,0,1,1,0,1,1,2,0.666667,0.75,0,0,0
27497,,12,0,1,1,0,1,1,2,0.666667,0.75,0,0,0
34659,,16,1,2,3,1,2,3,9,0.227055,0.234248,6.637585,0,0.000252
27499,,16,0,1,1,0,1,1,10,0.186985,0.191143,0,0,0
27501,,7,0,1,1,0,1,1,8,0.261475,0.272568,0,0,0
27502,,41,0,2,2,0,2,2,8,0.257604,0.268806,0,0,0
27503,,12,0,1,1,0,1,1,2,0.666667,0.75,0,0,0
27504,,12,0,1,1,0,1,1,2,0.666667,0.75,0,0,0
27505,,12,0,2,2,0,2,2,10,0.179201,0.183079,0,0,0
27506,,16,0,2,2,0,2,2,9,0.205654,0.21143,0,0.5,0
27507,,16,0,2,2,0,2,2,9,0.197487,0.202203,0,0,0
30670,,16,1,0,1,1,0,1,0,0,0,0,0,0.000168
29036,,7,1,0,1,1,0,1,0,0,0,0,0,0.000824
27513,,16,0,1,1,0,1,1,8,0.233638,0.242002,0,0,0
27514,,12,0,1,1,0,1,1,1,1,1,0,0,0
27516,,12,0,1,1,0,1,1,2,0.666667,0.75,0,0,0
27517,,12,0,1,1,0,1,1,2,0.666667,0.75,0,0,0
27518,,7,0,1,1,0,1,1,8,0.272188,0.283721,0,0,0
27519,,12,0,1,1,0,1,1,2,0.666667,0.75,0,0,0
27520,,41,0,1,1,0,1,1,9,0.186402,0.190307,0,0,0
27521,,41,0,1,1,0,1,1,8,0.257544,0.268689,0,0,0
34433,,16,1,0,1,1,0,1,0,0,0,0,0,0.000251
27525,,7,0,1,1,0,1,1,8,0.245108,0.253561,0,0,0
27526,,41,0,1,1,0,1,1,1,1,1,0,0,0
27528,,7,0,1,1,0,1,1,9,0.234856,0.243135,0,0,0
27529,,1,0,2,2,0,2,2,9,0.22262,0.230112,0,1,0
32572,,7,1,0,1,1,0,1,0,0,0,0,0,0.000243
27531,,7,0,1,1,0,1,1,9,0.207609,0.212853,0,0,0
27533,,508,0,1,1,0,1,1,10,0.178235,0.181561,0,0,0
27534,,508,1,2,3,1,2,3,9,0.216881,0.22296,18827,0,0.000168
27535,,12,0,2,2,0,2,2,9,0.219299,0.225781,0,0,0
27536,,7,0,1,1,0,1,1,1,1,1,0,0,0
34768,,12,1,0,1,1,0,1,0,0,0,0,0,0.000209
34599,,12,2,0,2,2,0,2,0,0,0,0,0.5,0.000377
27540,,22,0,1,1,0,1,1,10,0.176317,0.17961,0,0,0
27543,,7,1,0,1,1,0,1,0,0,0,0,0,0.000615
27544,,7,0,1,1,0,1,1,9,0.181183,0.18492,0,0,0
27546,,7,0,1,1,0,1,1,9,0.198411,0.202702,0,0,0
27547,,32,0,1,1,0,1,1,9,0.213393,0.219444,0,0,0
27548,,16,0,1,1,0,1,1,8,0.231948,0.238988,0,0,0
27549,,509,0,1,1,0,1,1,9,0.19505,0.199309,0,0,0
27550,,509,1,1,2,1,1,2,8,0.242301,0.250615,18827,0,0.000168
27551,,16,0,1,1,0,1,1,8,0.244433,0.254493,0,0,0
27552,,7,1,4,5,1,4,5,8,0.245082,0.254223,0,0.583333,0.000535
27554,,7,0,1,1,0,1,1,9,0.218125,0.224182,0,0,0
27556,,16,0,1,1,0,1,1,8,0.227034,0.234934,0,0,0
27557,,16,0,1,1,0,1,1,8,0.236167,0.244733,0,0,0
27558,,7,0,1,1,0,1,1,9,0.215429,0.22141,0,0,0
27559,,1,0,1,1,0,1,1,10,0.183581,0.187692,0,0,0
27560,,16,0,2,2,0,2,2,9,0.194337,0.198699,0,0.5,0
27563,,41,0,1,1,0,1,1,8,0.257544,0.268689,0,0,0
27566,,7,0,1,1,0,1,1,8,0.271138,0.283493,0,0,0
27567,,7,0,2,2,0,2,2,8,0.224545,0.231755,0,1,0
27568,,36,0,1,1,0,1,1,9,0.215518,0.221826,0,0,0
27569,,7,0,1,1,0,1,1,9,0.208344,0.214185,0,0,0
27573,,7,0,1,1,0,1,1,9,0.207609,0.212853,0,0,0
27574,,7,0,9,9,0,9,9,8,0.284955,0.298663,0,0.583333,0
27575,,7,0,1,1,0,1,1,9,0.217001,0.22352,0,0,0
27576,,67,0,1,1,0,1,1,1,1,1,0,0,0
27577,,16,0,1,1,0,1,1,9,0.225849,0.233205,0,0,0
27581,,16,0,2,2,0,2,2,9,0.230624,0.237489,0,0,0
27582,,7,1,1,2,1,1,2,9,0.226909,0.233162,7.44584,0,0.000188
27583,,1,0,1,1,0,1,1,9,0.185056,0.189164,0,0,0
27586,,16,1,0,1,1,0,1,0,0,0,0,0,0.000179
27587,,7,0,1,1,0,1,1,9,0.226908,0.23316,0,0,0
27590,,7,0,3,3,0,3,3,8,0.245198,0.255248,0,0.166667,0
27591,,7,0,1,1,0,1,1,9,0.207609,0.212853,0,0,0
27593,,7,0,1,1,0,1,1,9,0.220764,0.227698,0,0,0
27596,,65,0,2,2,0,2,2,8,0.236856,0.244625,0,0.5,0
27599,,7,0,1,1,0,1,1,9,0.216599,0.222787,0,0,0
27601,,36,0,1,1,0,1,1,9,0.212686,0.218412,0,0,0
27607,,32,0,1,1,0,1,1,8,0.234493,0.242444,0,0,0
27610,,7,0,1,1,0,1,1,8,0.251449,0.261106,0,0,0
27612,,7,0,1,1,0,1,1,8,0.262756,0.273466,0,0,0
27614,,25,0,1,1,0,1,1,8,0.234155,0.242097,0,0,0
27616,,7,0,1,1,0,1,1,9,0.196522,0.201122,0,0,0
27617,,7,0,1,1,0,1,1,8,0.236188,0.243784,0,0,0
27620,,14,0,3,3,0,3,3,9,0.220516,0.227753,0,0.333333,0
27621,,7,0,3,3,0,3,3,9,0.235815,0.244068,0,0.166667,0
27622,,32,0,1,1,0,1,1,10,0.167701,0.170657,0,0,0
33630,,67,1,1,2,1,1,2,3,0.5,0.611111,0,0,0.000202
27624,,16,0,1,1,0,1,1,9,0.192886,0.197046,0,0,0
27625,,16,0,1,1,0,1,1,9,0.21182,0.218077,0,0,0
27626,,7,0,1,1,0,1,1,9,0.212626,0.218291,0,0,0
27627,,7,0,1,1,0,1,1,9,0.226908,0.23316,0,0,0
27629,,7,0,1,1,0,1,1,1,1,1,0,0,0
27630,,16,0,1,1,0,1,1,9,0.224032,0.231579,0,0,0
27631,,7,0,4,4,0,4,4,8,0.258854,0.269387,0,0.5,0
27633,,16,0,1,1,0,1,1,9,0.192886,0.197046,0,0,0
27634,,16,0,2,2,0,2,2,9,0.193086,0.197342,0,1,0
27640,,41,0,1,1,0,1,1,8,0.257544,0.268689,0,0,0
27643,,16,0,1,1,0,1,1,8,0.240389,0.248209,0,0,0
27644,,2,0,2,2,0,2,2,8,0.232987,0.241006,0,1,0
27647,,41,0,1,1,0,1,1,8,0.257544,0.268689,0,0,0
27648,,41,0,1,1,0,1,1,9,0.234736,0.243231,0,0,0
27649,,16,0,2,2,0,2,2,8,0.244348,0.253518,0,1,0
27650,,7,0,1,1,0,1,1,9,0.223883,0.231045,0,0,0
27651,,7,0,1,1,0,1,1,9,0.223883,0.231045,0,0,0
27655,,16,0,1,1,0,1,1,8,0.244433,0.254493,0,0,0
27656,,16,0,3,3,0,3,3,8,0.251479,0.261616,0,0.666667,0
27658,,7,0,1,1,0,1,1,8,0.262756,0.273466,0,0,0
27660,,7,0,1,1,0,1,1,9,0.223341,0.230313,0,0,0
27661,,510,0,1,1,0,1,1,1,1,1,0,0,0
27662,,510,1,0,1,1,0,1,0,0,0,0,0,0.000168
27663,,515,1,1,2,1,1,2,8,0.232564,0.240768,18827,0,0.000168
27664,,25,0,2,2,0,2,2,9,0.215149,0.220984,0,1,0
27667,,7,0,1,1,0,1,1,9,0.209259,0.214889,0,0,0
27669,,16,0,1,1,0,1,1,9,0.224454,0.231835,0,0,0
27670,,22,0,1,1,0,1,1,9,0.202367,0.207181,0,0,0
27671,,16,0,1,1,0,1,1,9,0.210442,0.216007,0,0,0
27672,,7,1,5,6,1,5,6,8,0.264941,0.276307,24.140112,0.333333,0.000168
27675,,7,0,221,221,0,221,221,7,0.337508,0.363266,0,0.036096,0
27704,,7,1,0,1,1,0,1,0,0,0,0,0,0.000168
27706,,7,1,0,1,1,0,1,0,0,0,0,0,0.000168
27708,,7,1,0,1,1,0,1,0,0,0,0,0,0.000168
27986,,7,1,0,1,1,0,1,0,0,0,0,0,0.000168
27987,,7,1,0,1,1,0,1,0,0,0,0,0,0.000168
27988,,7,1,0,1,1,0,1,0,0,0,0,0,0.000168
27677,,1,1,0,1,1,0,1,0,0,0,0,0,0.000258
29567,,1,3,2,5,3,2,5,9,0.192137,0.196409,18826,0.333333,0.000613
30505,,1,1,1,2,1,1,2,9,0.192135,0.196383,0,0,0.000258
30767,,1,3,1,4,3,1,4,9,0.192135,0.196383,37652,0,0.000594
31477,,1,1,1,2,1,1,2,9,0.192135,0.196383,0,0,0.000258
34473,,1,1,1,2,1,1,2,9,0.192135,0.196383,0,0,0.000258
27680,,12,2,3,5,2,3,5,8,0.250173,0.259865,28229.590627,0.05,0.000336
27681,,53,0,2,2,0,2,2,9,0.214533,0.221452,0,0,0
27684,,41,0,1,1,0,1,1,9,0.232863,0.240485,0,0,0
27687,,36,0,1,1,0,1,1,8,0.22375,0.230857,0,0,0
27688,,36,0,1,1,0,1,1,9,0.223182,0.229597,0,0,0
27689,,511,0,1,1,0,1,1,1,1,1,0,0,0
27690,,511,1,0,1,1,0,1,0,0,0,0,0,0.000168
27904,,7,1,0,1,1,0,1,0,0,0,0,0,0.000235
27692,,16,0,1,1,0,1,1,8,0.232249,0.239663,0,0,0
27695,,16,0,2,2,0,2,2,9,0.217778,0.224622,0,0,0
35634,,16,1,0,1,1,0,1,0,0,0,0,0,0.000168
27696,,1,0,1,1,0,1,1,10,0.174253,0.177675,0,0,0
27697,,16,0,1,1,0,1,1,9,0.224983,0.231797,0,0,0
27698,,7,0,1,1,0,1,1,8,0.262756,0.273466,0,0,0
27699,,7,0,1,1,0,1,1,9,0.224618,0.231248,0,0,0
27702,,16,0,1,1,0,1,1,10,0.185425,0.189443,0,0,0
27707,,1,0,1,1,0,1,1,9,0.18836,0.192573,0,0,0
27710,,7,0,1,1,0,1,1,9,0.222499,0.229441,0,0,0
27711,,14,0,1,1,0,1,1,9,0.22031,0.227442,0,0,0
27712,,7,0,1,1,0,1,1,9,0.214123,0.219985,0,0,0
27713,,7,0,1,1,0,1,1,9,0.218588,0.22524,0,0,0
27714,,81,0,2,2,0,2,2,12,0.132338,0.134037,0,1,0
27715,,32,0,1,1,0,1,1,1,1,1,0,0,0
27716,,512,0,1,1,0,1,1,1,1,1,0,0,0
27717,,512,1,0,1,1,0,1,0,0,0,0,0,0.000168
27719,,16,0,1,1,0,1,1,9,0.200413,0.205688,0,0,0
27720,,7,0,2,2,0,2,2,8,0.242697,0.251392,0,0.5,0
27723,,81,0,1,1,0,1,1,8,0.230811,0.237501,0,0,0
27727,,16,0,1,1,0,1,1,9,0.212432,0.218293,0,0,0
27729,,16,0,1,1,0,1,1,9,0.194157,0.199126,0,0,0
27730,,36,0,1,1,0,1,1,1,1,1,0,0,0
27731,,41,0,1,1,0,1,1,8,0.235753,0.244207,0,0,0
27732,,25,0,1,1,0,1,1,9,0.203445,0.208886,0,0,0
27733,,7,0,2,2,0,2,2,8,0.273029,0.284719,0,0.5,0
27734,,16,0,1,1,0,1,1,9,0.224032,0.231579,0,0,0
27736,,513,0,1,1,0,1,1,1,1,1,0,0,0
27737,,513,1,0,1,1,0,1,0,0,0,0,0,0.000168
27738,,16,0,4,4,0,4,4,9,0.22283,0.229945,0,0,0
27739,,16,1,0,1,1,0,1,0,0,0,0,0,0.000168
27740,,65,0,2,2,0,2,2,8,0.234786,0.242465,0,1,0
27741,,1,0,1,1,0,1,1,8,0.228936,0.236648,0,0,0
27742,,41,0,2,2,0,2,2,8,0.257548,0.268715,0,1,0
27748,,16,0,1,1,0,1,1,1,1,1,0,0,0
27749,,7,0,1,1,0,1,1,8,0.23758,0.245223,0,0,0
27750,,36,0,2,2,0,2,2,8,0.24521,0.254316,0,0,0
27751,,7,0,1,1,0,1,1,8,0.236188,0.243784,0,0,0
27754,,7,0,2,2,0,2,2,9,0.220718,0.227537,0,0,0
27755,,16,0,1,1,0,1,1,8,0.216596,0.222828,0,0,0
27756,,41,0,1,1,0,1,1,8,0.257544,0.268689,0,0,0
27757,,7,0,1,1,0,1,1,10,0.178303,0.181862,0,0,0
27758,,7,0,2,2,0,2,2,8,0.262767,0.27351,0,0,0
27760,,7,0,1,1,0,1,1,9,0.222815,0.230116,0,0,0
27762,,81,0,1,1,0,1,1,9,0.224787,0.232402,0,0,0
33120,,16,1,1,2,1,1,2,9,0.216331,0.222852,0,0.5,0.000192
27766,,36,0,1,1,0,1,1,10,0.190605,0.194878,0,0,0
27769,,16,0,1,1,0,1,1,10,0.156689,0.159085,0,0,0
27770,,16,0,1,1,0,1,1,8,0.235088,0.242513,0,0,0
27771,,7,0,5,5,0,5,5,8,0.27185,0.284071,0,0.4,0
27772,,65,0,1,1,0,1,1,9,0.192252,0.19651,0,0,0
27773,,14,0,1,1,0,1,1,9,0.219388,0.22606,0,0,0
27774,,7,0,2,2,0,2,2,8,0.264982,0.27603,0,0.5,0
27775,,16,0,1,1,0,1,1,9,0.219278,0.22586,0,0,0
27776,,7,0,1,1,0,1,1,8,0.262756,0.273466,0,0,0
27777,,81,0,1,1,0,1,1,12,0.132335,0.133992,0,0,0
27778,,7,0,1,1,0,1,1,8,0.248761,0.257751,0,0,0
27779,,7,0,1,1,0,1,1,8,0.251449,0.261106,0,0,0
27780,,7,0,1,1,0,1,1,8,0.262756,0.273466,0,0,0
27782,,7,0,1,1,0,1,1,8,0.22636,0.233089,0,0,0
27784,,7,0,1,1,0,1,1,1,1,1,0,0,0
27786,,7,0,4,4,0,4,4,8,0.254708,0.264572,0,1,0
27787,,12,0,1,1,0,1,1,9,0.195605,0.200124,0,0,0
27788,,16,0,2,2,0,2,2,9,0.221591,0.228403,0,1,0
27789,,7,0,1,1,0,1,1,9,0.214123,0.219985,0,0,0
27790,,16,0,2,2,0,2,2,8,0.251399,0.261509,0,0.5,0
27792,,36,0,3,3,0,3,3,8,0.228071,0.235893,0,0.333333,0
27793,,16,0,1,1,0,1,1,8,0.227034,0.234934,0,0,0
27795,,514,0,2,2,0,2,2,10,0.186296,0.190252,0,0,0
32331,,514,1,0,1,1,0,1,0,0,0,0,0,0.000168
27796,,7,0,1,1,0,1,1,8,0.262756,0.273466,0,0,0
27797,,7,0,1,1,0,1,1,8,0.261475,0.272568,0,0,0
27806,,1,0,1,1,0,1,1,9,0.192224,0.196728,0,0,0
27807,,41,0,1,1,0,1,1,8,0.257544,0.268689,0,0,0
27808,,12,0,1,1,0,1,1,2,0.666667,0.75,0,0,0
27810,,7,0,1,1,0,1,1,8,0.262756,0.273466,0,0,0
27812,,16,0,1,1,0,1,1,9,0.189683,0.193373,0,0,0
27814,,7,0,1,1,0,1,1,9,0.214766,0.220717,0,0,0
27816,,515,0,1,1,0,1,1,9,0.188691,0.192982,0,0,0
27819,,12,0,1,1,0,1,1,9,0.209538,0.215141,0,0,0
27823,,1,0,2,2,0,2,2,9,0.222902,0.230239,0,1,0
27825,,516,0,1,1,0,1,1,1,1,1,0,0,0
27826,,516,1,0,1,1,0,1,0,0,0,0,0,0.000168
27830,,67,0,1,1,0,1,1,10,0.177709,0.181183,0,0,0
27832,,69,0,1,1,0,1,1,9,0.191852,0.196248,0,0,0
27833,,41,0,1,1,0,1,1,8,0.257544,0.268689,0,0,0
27834,,7,0,1,1,0,1,1,8,0.233091,0.23972,0,0,0
27835,,7,0,6,6,0,6,6,8,0.251429,0.26091,0,0.566667,0
27838,,7,0,2,2,0,2,2,8,0.232507,0.239803,0,0,0
27841,,7,0,1,1,0,1,1,8,0.251523,0.26155,0,0,0
27842,,7,0,1,1,0,1,1,9,0.213897,0.219946,0,0,0
27843,,36,0,1,1,0,1,1,9,0.218312,0.224902,0,0,0
27844,,36,0,1,1,0,1,1,9,0.218761,0.22523,0,0,0
27845,,36,0,1,1,0,1,1,9,0.216278,0.22219,0,0,0
27847,,16,0,1,1,0,1,1,8,0.246114,0.255055,0,0,0
27852,,16,0,1,1,0,1,1,9,0.201829,0.206858,0,0,0
27853,,16,0,1,1,0,1,1,9,0.18971,0.193955,0,0,0
27856,,16,0,2,2,0,2,2,8,0.23245,0.239997,0,0,0
27857,,16,1,1,2,1,1,2,8,0.230717,0.238683,533.577004,0,0.000168
28342,,16,1,5,6,1,5,6,8,0.252244,0.262485,3.101257,0.55,0.000245
27859,,67,0,2,2,0,2,2,10,0.192596,0.196912,0,0,0
27860,,7,0,1,1,0,1,1,10,0.175604,0.178854,0,0,0
27861,,41,0,1,1,0,1,1,10,0.182636,0.186424,0,0,0
27862,,7,0,1,1,0,1,1,9,0.222497,0.229179,0,0,0
27863,,7,0,1,1,0,1,1,10,0.175604,0.178854,0,0,0
27865,,41,0,1,1,0,1,1,9,0.217121,0.223495,0,0,0
27871,,65,0,1,1,0,1,1,9,0.192252,0.19651,0,0,0
27872,,67,0,2,2,0,2,2,1,1,1,0,0.5,0
27873,,16,0,1,1,0,1,1,10,0.170908,0.174086,0,0,0
27874,,7,0,3,3,0,3,3,9,0.229813,0.237106,0,0,0
27875,,67,0,1,1,0,1,1,2,0.666667,0.75,0,0,0
27876,,67,1,1,2,1,1,2,1,1,1,1,0,0.000168
27878,,53,0,1,1,0,1,1,10,0.172254,0.175168,0,0,0
27879,,16,0,1,1,0,1,1,8,0.244433,0.254493,0,0,0
27881,,7,0,1,1,0,1,1,8,0.221262,0.228206,0,0,0
31288,,14,1,1,2,1,1,2,9,0.220311,0.227444,131.141356,0,0.000177
27883,,517,0,1,1,0,1,1,1,1,1,0,0,0
27884,,517,1,0,1,1,0,1,0,0,0,0,0,0.000168
27886,,16,0,1,1,0,1,1,9,0.193084,0.197315,0,0,0
27888,,7,0,1,1,0,1,1,8,0.242744,0.250975,0,0,0
27889,,41,0,1,1,0,1,1,8,0.257544,0.268689,0,0,0
27892,,16,0,2,2,0,2,2,9,0.237535,0.245166,0,1,0
27893,,16,0,1,1,0,1,1,8,0.251382,0.261452,0,0,0
27895,,1,0,1,1,0,1,1,10,0.182275,0.18619,0,0,0
27896,,16,0,2,2,0,2,2,8,0.236161,0.243166,0,0.5,0
27898,,16,0,1,1,0,1,1,9,0.199061,0.204249,0,0,0
27918,,32,1,0,1,1,0,1,0,0,0,0,0,0.00018
27902,,16,0,1,1,0,1,1,10,0.171496,0.174382,0,0,0
27903,,25,0,1,1,0,1,1,9,0.211834,0.217468,0,0,0
27906,,16,0,1,1,0,1,1,9,0.238304,0.246341,0,0,0
27909,,69,0,2,2,0,2,2,9,0.195796,0.200443,0,0,0
27911,,2,0,2,2,0,2,2,9,0.223209,0.230099,0,1,0
27912,,16,0,1,1,0,1,1,9,0.189683,0.193373,0,0,0
27914,,12,0,2,2,0,2,2,9,0.188661,0.193335,0,0,0
27916,,7,0,1,1,0,1,1,8,0.24587,0.25403,0,0,0
27917,,7,0,1,1,0,1,1,9,0.208088,0.213254,0,0,0
27919,,36,0,4,4,0,4,4,9,0.222331,0.228903,0,0.166667,0
27920,,7,0,1,1,0,1,1,9,0.226463,0.234215,0,0,0
27921,,16,0,1,1,0,1,1,8,0.21785,0.224416,0,0,0
27922,,14,0,1,1,0,1,1,1,1,1,0,0,0
27924,,16,0,3,3,0,3,3,8,0.251399,0.261531,0,0.666667,0
27926,,7,0,1,1,0,1,1,9,0.217144,0.223521,0,0,0
27928,,518,0,1,1,0,1,1,1,1,1,0,0,0
27929,,518,1,0,1,1,0,1,0,0,0,0,0,0.000168
27934,,7,0,1,1,0,1,1,10,0.181278,0.184978,0,0,0
27937,,65,0,1,1,0,1,1,9,0.203687,0.209161,0,0,0
27939,,1,0,1,1,0,1,1,9,0.222605,0.230046,0,0,0
27940,,519,0,1,1,0,1,1,1,1,1,0,0,0
27941,,519,1,0,1,1,0,1,0,0,0,0,0,0.000168
27942,,16,0,2,2,0,2,2,8,0.235833,0.242756,0,0,0
35413,,16,1,0,1,1,0,1,0,0,0,0,0,0.000168
27943,,7,0,1,1,0,1,1,9,0.206525,0.211824,0,0,0
27946,,7,0,1,1,0,1,1,8,0.235664,0.243096,0,0,0
27947,,7,0,1,1,0,1,1,11,0.161015,0.163674,0,0,0
27950,,41,0,1,1,0,1,1,8,0.235753,0.244207,0,0,0
27954,,520,0,2,2,0,2,2,9,0.222508,0.229482,0,0,0
27955,,520,1,0,1,1,0,1,0,0,0,0,0,0.000168
27959,,7,0,1,1,0,1,1,9,0.224867,0.231892,0,0,0
27960,,7,0,1,1,0,1,1,9,0.216305,0.222488,0,0,0
27962,,7,0,1,1,0,1,1,9,0.217741,0.224266,0,0,0
27964,,81,0,2,2,0,2,2,9,0.213279,0.218935,0,0.5,0
27965,,7,0,1,1,0,1,1,8,0.262756,0.273466,0,0,0
27966,,7,0,1,1,0,1,1,8,0.231928,0.239836,0,0,0
27970,,16,0,1,1,0,1,1,9,0.213504,0.219764,0,0,0
27973,,16,0,1,1,0,1,1,9,0.211236,0.217155,0,0,0
27975,,7,0,1,1,0,1,1,9,0.21482,0.220792,0,0,0
27978,,7,0,1,1,0,1,1,9,0.220014,0.226627,0,0,0
27979,,7,0,1,1,0,1,1,10,0.179803,0.183122,0,0,0
27981,,7,0,1,1,0,1,1,9,0.207609,0.212853,0,0,0
27982,,1,0,1,1,0,1,1,9,0.198152,0.203035,0,0,0
27983,,65,0,2,2,0,2,2,8,0.251627,0.261061,0,0,0
27984,,7,0,8,8,0,8,8,8,0.2688,0.281236,0,0.392857,0
27985,,7,0,1,1,0,1,1,9,0.200066,0.204368,0,0,0
27989,,521,0,2,2,0,2,2,1,1,1,0,0,0
27990,,521,1,0,1,1,0,1,0,0,0,0,0,0.000168
29910,,521,1,0,1,1,0,1,0,0,0,0,0,0.000168
27993,,7,0,1,1,0,1,1,9,0.221406,0.228258,0,0,0
27994,,7,0,2,2,0,2,2,8,0.2372,0.245366,0,1,0
27997,,12,0,1,1,0,1,1,9,0.207849,0.213367,0,0,0
35150,,16,1,0,1,1,0,1,0,0,0,0,0,0.000193
27999,,1,0,1,1,0,1,1,8,0.250023,0.260333,0,0,0
28002,,16,0,1,1,0,1,1,9,0.202489,0.207724,0,0,0
28005,,16,0,1,1,0,1,1,8,0.240389,0.248209,0,0,0
28006,,36,0,1,1,0,1,1,9,0.208263,0.213764,0,0,0
28007,,522,0,1,1,0,1,1,1,1,1,0,0,0
28008,,522,1,0,1,1,0,1,0,0,0,0,0,0.000168
28009,,16,0,3,3,0,3,3,8,0.24804,0.256959,0,0.333333,0
28010,,16,0,1,1,0,1,1,8,0.238151,0.247423,0,0,0
28019,,523,0,1,1,0,1,1,1,1,1,0,0,0
28022,,524,0,1,1,0,1,1,1,1,1,0,0,0
28023,,524,1,0,1,1,0,1,0,0,0,0,0,0.000168
28025,,7,0,1,1,0,1,1,9,0.222499,0.229441,0,0,0
28026,,16,0,1,1,0,1,1,9,0.205551,0.211204,0,0,0
28027,,16,0,2,2,0,2,2,8,0.266932,0.278702,0,0.5,0
28030,,7,0,1,1,0,1,1,8,0.261475,0.272568,0,0,0
28031,,32,0,1,1,0,1,1,10,0.167698,0.170653,0,0,0
28032,,7,0,1,1,0,1,1,9,0.20573,0.211439,0,0,0
28036,,525,0,2,2,0,2,2,8,0.22695,0.233409,0,0,0
32290,,525,1,0,1,1,0,1,0,0,0,0,0,0.000168
28038,,7,0,1,1,0,1,1,8,0.217397,0.223349,0,0,0
28040,,41,0,3,3,0,3,3,9,0.236262,0.244608,0,0,0
28041,,7,0,1,1,0,1,1,9,0.216711,0.22294,0,0,0
28042,,7,0,1,1,0,1,1,9,0.200066,0.204368,0,0,0
28044,,526,0,1,1,0,1,1,1,1,1,0,0,0
28045,,526,1,0,1,1,0,1,0,0,0,0,0,0.000168
28046,,7,0,1,1,0,1,1,1,1,1,0,0,0
28047,,7,0,1,1,0,1,1,9,0.214182,0.22012,0,0,0
28050,,527,0,1,1,0,1,1,1,1,1,0,0,0
28052,,527,0,1,1,0,1,1,1,1,1,0,0,0
28054,,36,0,1,1,0,1,1,1,1,1,0,0,0
28055,,528,0,1,1,0,1,1,1,1,1,0,0,0
28056,,528,1,0,1,1,0,1,0,0,0,0,0,0.000168
28057,,7,0,1,1,0,1,1,9,0.188504,0.192408,0,0,0
28058,,7,0,1,1,0,1,1,8,0.261475,0.272568,0,0,0
28059,,7,0,1,1,0,1,1,8,0.261475,0.272568,0,0,0
28062,,7,0,1,1,0,1,1,8,0.261475,0.272568,0,0,0
28064,,53,0,1,1,0,1,1,9,0.210097,0.215625,0,0,0
28065,,7,0,1,1,0,1,1,8,0.261475,0.272568,0,0,0
28066,,7,0,1,1,0,1,1,8,0.261475,0.272568,0,0,0
28067,,16,0,1,1,0,1,1,9,0.19741,0.202675,0,0,0
28068,,529,0,1,1,0,1,1,1,1,1,0,0,0
28069,,529,1,0,1,1,0,1,0,0,0,0,0,0.000168
28070,,7,0,1,1,0,1,1,1,1,1,0,0,0
28076,,53,0,1,1,0,1,1,9,0.211763,0.217801,0,0,0
28077,,41,0,1,1,0,1,1,2,0.6,0.666667,0,0,0
28078,,16,0,1,1,0,1,1,9,0.227723,0.235174,0,0,0
28080,,7,0,1,1,0,1,1,9,0.197891,0.202605,0,0,0
28081,,7,0,1,1,0,1,1,9,0.197891,0.202605,0,0,0
28084,,14,0,2,2,0,2,2,8,0.263898,0.274795,0,0.5,0
28085,,16,0,1,1,0,1,1,9,0.223934,0.230711,0,0,0
28086,,7,0,1,1,0,1,1,9,0.231387,0.239068,0,0,0
28087,,41,0,1,1,0,1,1,8,0.257544,0.268689,0,0,0
28088,,16,0,1,1,0,1,1,9,0.200469,0.205801,0,0,0
28089,,41,0,1,1,0,1,1,2,0.666667,0.75,0,0,0
31717,,41,1,0,1,1,0,1,0,0,0,0,0,0.000186
28092,,1,0,1,1,0,1,1,9,0.203252,0.208399,0,0,0
28093,,53,0,1,1,0,1,1,9,0.191128,0.195242,0,0,0
28094,,16,0,1,1,0,1,1,9,0.221716,0.228438,0,0,0
28096,,530,0,1,1,0,1,1,1,1,1,0,0,0
28097,,530,1,0,1,1,0,1,0,0,0,0,0,0.000168
28101,,531,0,1,1,0,1,1,1,1,1,0,0,0
28102,,531,1,0,1,1,0,1,0,0,0,0,0,0.000168
28103,,41,0,1,1,0,1,1,9,0.213921,0.219948,0,0,0
28104,,7,1,2,3,1,2,3,9,0.231396,0.239109,1,0.333333,0.000168
28675,,7,1,1,2,1,1,2,9,0.231387,0.239068,0,0.5,0.000173
28105,,7,0,1,1,0,1,1,8,0.248325,0.257194,0,0,0
28107,,7,0,2,2,0,2,2,8,0.263385,0.274288,0,1,0
28110,,7,0,1,1,0,1,1,9,0.221278,0.228111,0,0,0
28114,,7,0,1,1,0,1,1,8,0.262756,0.273466,0,0,0
28115,,7,0,1,1,0,1,1,8,0.23893,0.247221,0,0,0
28118,,36,0,3,3,0,3,3,9,0.213811,0.21978,0,0,0
31733,,36,1,0,1,1,0,1,0,0,0,0,0,0.000168
28119,,16,0,2,2,0,2,2,9,0.223459,0.230055,0,0,0
28120,,7,0,1,1,0,1,1,8,0.262756,0.273466,0,0,0
28122,,7,0,1,1,0,1,1,8,0.232406,0.239626,0,0,0
28124,,16,0,4,4,0,4,4,8,0.242466,0.251023,0,0.5,0
32051,,16,1,0,1,1,0,1,0,0,0,0,0,0.000168
28126,,16,0,1,1,0,1,1,9,0.23172,0.239817,0,0,0
28127,,67,0,1,1,0,1,1,9,0.221969,0.229196,0,0,0
28128,,16,0,1,1,0,1,1,8,0.234266,0.242061,0,0,0
28129,,16,0,2,2,0,2,2,8,0.238976,0.247082,0,0,0
28130,,16,0,1,1,0,1,1,8,0.236535,0.24595,0,0,0
28132,,7,0,3,3,0,3,3,8,0.252793,0.262584,0,0.333333,0
28133,,7,0,1,1,0,1,1,8,0.262756,0.273466,0,0,0
28136,,7,0,1,1,0,1,1,9,0.235541,0.243648,0,0,0
28137,,16,0,3,3,0,3,3,8,0.236129,0.244898,0,0.333333,0
28140,,16,0,1,1,0,1,1,1,1,1,0,0,0
28143,,532,0,4,4,0,4,4,9,0.230265,0.238161,0,0.166667,0
29893,,532,1,0,1,1,0,1,0,0,0,0,0,0.000168
32672,,532,1,0,1,1,0,1,0,0,0,0,0,0.000168
28144,,41,0,1,1,0,1,1,1,1,1,0,0,0
28145,,16,0,1,1,0,1,1,9,0.200424,0.205541,0,0,0
28148,,69,0,1,1,0,1,1,2,0.555556,0.6,0,0,0
28149,,7,0,1,1,0,1,1,8,0.242713,0.250553,0,0,0
28151,,7,0,1,1,0,1,1,8,0.242475,0.25106,0,0,0
28153,,16,0,1,1,0,1,1,9,0.219293,0.225533,0,0,0
28154,,16,0,1,1,0,1,1,9,0.22643,0.233486,0,0,0
28156,,36,0,1,1,0,1,1,10,0.183619,0.187462,0,0,0
28158,,53,0,1,1,0,1,1,9,0.220312,0.226978,0,0,0
30236,,16,1,0,1,1,0,1,0,0,0,0,0,0.000186
28169,,7,0,2,2,0,2,2,8,0.245841,0.254164,0,0,0
28172,,7,0,1,1,0,1,1,9,0.208746,0.214252,0,0,0
28173,,7,0,1,1,0,1,1,9,0.226406,0.233591,0,0,0
28174,,7,0,1,1,0,1,1,9,0.217166,0.223047,0,0,0
28177,,16,0,1,1,0,1,1,9,0.216886,0.223977,0,0,0
28178,,12,0,1,1,0,1,1,11,0.144318,0.146153,0,0,0
28180,,32,0,1,1,0,1,1,8,0.245851,0.255055,0,0,0
28183,,533,0,1,1,0,1,1,1,1,1,0,0,0
28184,,533,1,0,1,1,0,1,0,0,0,0,0,0.000168
28186,,16,1,2,3,1,2,3,9,0.216073,0.222311,91.008435,0,0.000288
29130,,7,1,1,2,1,1,2,8,0.236993,0.24447,0,1,0.000288
32677,,7,1,0,1,1,0,1,0,0,0,0,0,0.0005
33923,,7,1,0,1,1,0,1,0,0,0,0,0,0.0005
35637,,7,1,0,1,1,0,1,0,0,0,0,0,0.0005
28955,,7,2,5,7,2,5,7,8,0.247161,0.256241,541.981354,0.166667,0.000393
28190,,2,0,3,3,0,3,3,8,0.233007,0.241075,0,1,0
28191,,7,0,1,1,0,1,1,9,0.215102,0.22067,0,0,0
28192,,16,0,1,1,0,1,1,9,0.226507,0.233975,0,0,0
28194,,7,0,2,2,0,2,2,8,0.273227,0.285824,0,1,0
28195,,2,3,3,6,3,3,6,8,0.233547,0.241635,63656.434195,0.166667,0.000542
28198,,7,0,1,1,0,1,1,9,0.218231,0.224562,0,0,0
28204,,36,1,1,2,1,1,2,9,0.218315,0.224905,613.102692,0,0.000174
28205,,16,0,1,1,0,1,1,9,0.23666,0.245195,0,0,0
28206,,69,0,1,1,0,1,1,2,0.555556,0.6,0,0,0
28207,,7,0,1,1,0,1,1,9,0.212011,0.2181,0,0,0
28208,,2,0,2,2,0,2,2,8,0.229176,0.23676,0,0.5,0
28209,,28,0,1,1,0,1,1,9,0.209772,0.215183,0,0,0
28216,,7,0,1,1,0,1,1,8,0.262756,0.273466,0,0,0
28217,,7,0,1,1,0,1,1,10,0.176642,0.180084,0,0,0
28218,,7,0,1,1,0,1,1,8,0.272188,0.283721,0,0,0
28219,,7,0,1,1,0,1,1,9,0.234953,0.24388,0,0,0
28220,,16,0,2,2,0,2,2,9,0.214514,0.221421,0,1,0
28221,,2,0,1,1,0,1,1,9,0.217837,0.224577,0,0,0
28222,,41,0,2,2,0,2,2,9,0.191581,0.195499,0,0,0
28223,,36,0,3,3,0,3,3,9,0.220934,0.227458,0,0,0
28224,,36,1,0,1,1,0,1,0,0,0,0,0,0.000168
28225,,1,0,1,1,0,1,1,9,0.193032,0.196936,0,0,0
28228,,16,0,3,3,0,3,3,8,0.216615,0.222911,0,0.166667,0
28229,,16,1,1,2,1,1,2,8,0.216596,0.222828,0,0.5,0.000168
29371,,16,1,0,1,1,0,1,0,0,0,0,0,0.000168
28230,,7,0,2,2,0,2,2,8,0.264227,0.275147,0,0.5,0
28233,,534,0,1,1,0,1,1,1,1,1,0,0,0
28234,,534,1,0,1,1,0,1,0,0,0,0,0,0.000168
28235,,7,0,3,3,0,3,3,8,0.234523,0.241898,0,0,0
28238,,41,0,1,1,0,1,1,10,0.199053,0.204327,0,0,0
28239,,7,0,1,1,0,1,1,7,0.293553,0.307954,0,0,0
28240,,2,0,2,2,0,2,2,8,0.229192,0.236803,0,1,0
28241,,16,0,1,1,0,1,1,8,0.240389,0.248209,0,0,0
28777,,2,2,1,3,2,1,3,9,0.217836,0.224576,18826,0.166667,0.000411
28248,,7,0,1,1,0,1,1,8,0.23758,0.245223,0,0,0
28250,,16,0,1,1,0,1,1,9,0.211375,0.21719,0,0,0
28252,,2,0,2,2,0,2,2,8,0.232987,0.241006,0,1,0
30551,,16,1,0,1,1,0,1,0,0,0,0,0,0.0002
28254,,41,0,1,1,0,1,1,9,0.234736,0.243231,0,0,0
28255,,2,0,1,1,0,1,1,8,0.22917,0.236725,0,0,0
28256,,32,0,1,1,0,1,1,9,0.204067,0.209223,0,0,0
28257,,16,0,1,1,0,1,1,8,0.23001,0.236631,0,0,0
28258,,81,0,2,2,0,2,2,9,0.225895,0.233193,0,0,0
28262,,2,0,2,2,0,2,2,8,0.229173,0.236751,0,1,0
28263,,1,0,1,1,0,1,1,1,1,1,0,0,0
28264,,16,0,1,1,0,1,1,8,0.244275,0.253708,0,0,0
28265,,16,0,1,1,0,1,1,8,0.236535,0.24595,0,0,0
28266,,7,0,1,1,0,1,1,8,0.237667,0.245207,0,0,0
28267,,12,0,1,1,0,1,1,2,0.666667,0.75,0,0,0
28268,,41,0,1,1,0,1,1,8,0.236961,0.24442,0,0,0
28270,,16,0,1,1,0,1,1,8,0.251382,0.261452,0,0,0
32213,,7,1,0,1,1,0,1,0,0,0,0,0,0.000337
28272,,7,0,1,1,0,1,1,9,0.224027,0.230383,0,0,0
28274,,7,0,3,3,0,3,3,8,0.231717,0.23943,0,0.5,0
28277,,12,1,1,2,1,1,2,9,0.185522,0.189876,2864.154888,0,0.000189
28279,,535,0,1,1,0,1,1,1,1,1,0,0,0
28280,,535,1,0,1,1,0,1,0,0,0,0,0,0.000168
28281,,53,0,1,1,0,1,1,2,0.666667,0.75,0,0,0
28282,,16,0,1,1,0,1,1,9,0.202026,0.207543,0,0,0
28283,,2,0,2,2,0,2,2,9,0.217846,0.224618,0,0.5,0
28285,,2,0,4,4,0,4,4,8,0.233002,0.241082,0,0.5,0
28693,,2,1,0,1,1,0,1,0,0,0,0,0,0.000168
28291,,536,0,1,1,0,1,1,1,1,1,0,0,0
28292,,536,1,0,1,1,0,1,0,0,0,0,0,0.000168
28293,,7,0,3,3,0,3,3,9,0.243558,0.253231,0,1,0
28296,,7,0,2,2,0,2,2,8,0.231574,0.23945,0,0.5,0
28298,,69,0,1,1,0,1,1,2,0.555556,0.6,0,0,0
28302,,2,0,1,1,0,1,1,9,0.196594,0.201296,0,0,0
28303,,7,0,1,1,0,1,1,9,0.22266,0.228771,0,0,0
28305,,2,0,1,1,0,1,1,8,0.22917,0.236725,0,0,0
28306,,12,0,1,1,0,1,1,12,0.126136,0.127418,0,0,0
28307,,12,0,1,1,0,1,1,12,0.126136,0.127418,0,0,0
28309,,537,0,1,1,0,1,1,1,1,1,0,0,0
28310,,537,1,0,1,1,0,1,0,0,0,0,0,0.000168
33565,,7,1,0,1,1,0,1,0,0,0,0,0,0.000263
28312,,632,0,1,1,0,1,1,1,1,1,0,0,0
28321,,16,0,1,1,0,1,1,8,0.234266,0.242061,0,0,0
28322,,16,0,1,1,0,1,1,9,0.221836,0.22815,0,0,0
28324,,2,0,4,4,0,4,4,8,0.233002,0.241082,0,0.583333,0
28672,,2,1,1,2,1,1,2,9,0.217837,0.224577,0,0.5,0.000168
28326,,16,0,1,1,0,1,1,8,0.2284,0.235296,0,0,0
28327,,32,0,1,1,0,1,1,1,1,1,0,0,0
28328,,65,0,1,1,0,1,1,9,0.190149,0.194129,0,0,0
28329,,2,0,1,1,0,1,1,8,0.22917,0.236725,0,0,0
28330,,12,0,1,1,0,1,1,10,0.179083,0.182788,0,0,0
28333,,7,0,1,1,0,1,1,9,0.238286,0.246157,0,0,0
28336,,538,0,1,1,0,1,1,1,1,1,0,0,0
28337,,538,1,0,1,1,0,1,0,0,0,0,0,0.000168
28338,,7,0,2,2,0,2,2,8,0.275309,0.287068,0,0.5,0
29093,,2,1,0,1,1,0,1,0,0,0,0,0,0.000481
29452,,2,1,2,3,1,2,3,9,0.229392,0.237319,797.080633,0,0.000481
28344,,7,0,1,1,0,1,1,9,0.218487,0.22468,0,0,0
28346,,2,0,2,2,0,2,2,8,0.232987,0.241006,0,1,0
28347,,14,1,1,2,1,1,2,9,0.207323,0.212821,0,0.5,0.000168
28349,,7,0,1,1,0,1,1,9,0.226164,0.233246,0,0,0
28350,,7,0,3,3,0,3,3,8,0.234973,0.243279,0,0.333333,0
28352,,2,0,1,1,0,1,1,9,0.196594,0.201296,0,0,0
28353,,539,0,1,1,0,1,1,1,1,1,0,0,0
28354,,539,1,0,1,1,0,1,0,0,0,0,0,0.000168
28355,,2,0,2,2,0,2,2,8,0.232987,0.241006,0,1,0
28356,,2,1,2,3,1,2,3,8,0.232987,0.241006,18827,0.333333,0.000168
28358,,7,0,1,1,0,1,1,10,0.187177,0.19082,0,0,0
28363,,7,0,1,1,0,1,1,10,0.171767,0.174838,0,0,0
28364,,2,0,2,2,0,2,2,8,0.232987,0.241006,0,1,0
28365,,16,0,1,1,0,1,1,8,0.238528,0.246408,0,0,0
28366,,2,0,1,1,0,1,1,9,0.200413,0.20507,0,0,0
28367,,2,0,2,2,0,2,2,9,0.217853,0.224633,0,0.5,0
28612,,2,3,3,6,3,3,6,8,0.232997,0.241047,19461.446512,0.25,0.000509
28368,,7,0,1,1,0,1,1,8,0.262756,0.273466,0,0,0
28369,,41,0,1,1,0,1,1,10,0.180059,0.183708,0,0,0
28371,,2,0,2,2,0,2,2,8,0.232987,0.241006,0,1,0
28374,,2,0,1,1,0,1,1,8,0.22917,0.236725,0,0,0
28376,,65,0,1,1,0,1,1,9,0.187557,0.191658,0,0,0
28377,,16,0,1,1,0,1,1,10,0.180536,0.183942,0,0,0
28380,,41,0,2,2,0,2,2,8,0.259783,0.27142,0,1,0
28383,,7,0,1,1,0,1,1,8,0.261475,0.272568,0,0,0
28384,,7,0,1,1,0,1,1,9,0.186485,0.190771,0,0,0
28386,,16,0,1,1,0,1,1,10,0.178924,0.182484,0,0,0
28387,,2,0,1,1,0,1,1,9,0.217837,0.224577,0,0,0
28389,,16,0,1,1,0,1,1,8,0.239859,0.247713,0,0,0
28390,,16,0,1,1,0,1,1,8,0.236167,0.244733,0,0,0
34955,,16,1,0,1,1,0,1,0,0,0,0,0,0.000195
29197,,2,2,0,2,2,0,2,0,0,0,0,0,0.000359
28393,,2,0,1,1,0,1,1,8,0.22917,0.236725,0,0,0
28394,,16,0,1,1,0,1,1,9,0.213504,0.219764,0,0,0
28395,,41,0,1,1,0,1,1,8,0.227718,0.235112,0,0,0
28396,,16,0,2,2,0,2,2,9,0.224991,0.232234,0,0,0
28397,,65,0,1,1,0,1,1,8,0.234438,0.242011,0,0,0
28398,,7,0,2,2,0,2,2,9,0.222035,0.228991,0,1,0
28400,,540,0,1,1,0,1,1,2,0.666667,0.75,0,0,0
28401,,12,0,1,1,0,1,1,13,0.112011,0.112926,0,0,0
28403,,12,0,1,1,0,1,1,13,0.112011,0.112926,0,0,0
28408,,2,0,1,1,0,1,1,8,0.22917,0.236725,0,0,0
28409,,7,0,1,1,0,1,1,8,0.230995,0.238519,0,0,0
28410,,41,0,1,1,0,1,1,8,0.257544,0.268689,0,0,0
28411,,36,0,2,2,0,2,2,9,0.220464,0.227136,0,0,0
28415,,2,0,2,2,0,2,2,8,0.232987,0.241006,0,1,0
29341,,2,1,1,2,1,1,2,9,0.217833,0.224571,0,1,0.000229
28419,,16,0,1,1,0,1,1,8,0.23674,0.244313,0,0,0
28420,,7,0,1,1,0,1,1,8,0.230339,0.23724,0,0,0
28421,,2,0,2,2,0,2,2,9,0.217846,0.224618,0,0,0
28422,,2,1,0,1,1,0,1,0,0,0,0,0,0.000168
28425,,7,0,1,1,0,1,1,8,0.265449,0.276753,0,0,0
28426,,1,0,3,3,0,3,3,8,0.23433,0.242566,0,0.333333,0
28505,,543,2,0,2,2,0,2,0,0,0,0,0,0.000377
28430,,16,0,1,1,0,1,1,9,0.185667,0.189849,0,0,0
28432,,2,1,4,5,1,4,5,8,0.233887,0.242074,14.558176,0.45,0.000196
28434,,2,0,1,1,0,1,1,10,0.17888,0.18255,0,0,0
28435,,2,1,1,2,1,1,2,9,0.217837,0.224577,18827,0,0.000168
28437,,7,0,1,1,0,1,1,8,0.229743,0.236549,0,0,0
28439,,7,0,1,1,0,1,1,8,0.272188,0.283721,0,0,0
28440,,67,0,2,2,0,2,2,9,0.227245,0.234054,0,0.5,0
28441,,541,0,1,1,0,1,1,1,1,1,0,0,0
28442,,541,1,0,1,1,0,1,0,0,0,0,0,0.000168
28443,,7,0,1,1,0,1,1,8,0.262756,0.273466,0,0,0
28445,,2,0,1,1,0,1,1,8,0.22917,0.236725,0,0,0
28447,,2,0,3,3,0,3,3,8,0.244411,0.253748,0,1,0
28449,,1,0,1,1,0,1,1,9,0.186297,0.190348,0,0,0
28451,,14,0,1,1,0,1,1,9,0.22624,0.233068,0,0,0
28452,,25,0,1,1,0,1,1,8,0.234155,0.242097,0,0,0
28453,,2,0,1,1,0,1,1,8,0.22917,0.236725,0,0,0
28457,,2,0,1,1,0,1,1,8,0.22917,0.236725,0,0,0
28458,,1,0,1,1,0,1,1,8,0.250023,0.260333,0,0,0
28459,,542,0,1,1,0,1,1,1,1,1,0,0,0
28460,,542,1,0,1,1,0,1,0,0,0,0,0,0.000168
28461,,2,0,1,1,0,1,1,9,0.189338,0.193526,0,0,0
28462,,7,0,1,1,0,1,1,10,0.179156,0.182314,0,0,0
28463,,107,0,1,1,0,1,1,1,1,1,0,0,0
28466,,81,0,6,6,0,6,6,8,0.2632,0.274057,0,0.066667,0
28467,,81,1,0,1,1,0,1,0,0,0,0,0,0.000168
28468,,7,0,2,2,0,2,2,8,0.267966,0.279519,0,1,0
28469,,16,0,1,1,0,1,1,9,0.206235,0.211976,0,0,0
28470,,7,0,2,2,0,2,2,8,0.248482,0.258142,0,0,0
28473,,7,0,1,1,0,1,1,9,0.238286,0.246733,0,0,0
28474,,2,0,2,2,0,2,2,8,0.232987,0.241006,0,1,0
28476,,7,1,0,1,1,0,1,0,0,0,0,0,0.000173
28477,,2,0,1,1,0,1,1,10,0.178877,0.182546,0,0,0
28478,,7,0,1,1,0,1,1,8,0.232406,0.239626,0,0,0
28480,,1,0,1,1,0,1,1,10,0.171804,0.174842,0,0,0
28484,,7,0,1,1,0,1,1,9,0.219616,0.22591,0,0,0
28488,,1,0,1,1,0,1,1,1,1,1,0,0,0
28489,,1,0,1,1,0,1,1,1,1,1,0,0,0
28490,,2,0,1,1,0,1,1,8,0.22917,0.236725,0,0,0
28493,,1,0,1,1,0,1,1,1,1,1,0,0,0
28494,,1,0,1,1,0,1,1,1,1,1,0,0,0
28498,,14,0,1,1,0,1,1,9,0.22031,0.227442,0,0,0
28499,,2,0,1,1,0,1,1,9,0.18897,0.193135,0,0,0
28500,,2,1,2,3,1,2,3,8,0.232987,0.241006,18827,0.333333,0.000168
28501,,7,0,1,1,0,1,1,9,0.214673,0.220515,0,0,0
28502,,16,0,1,1,0,1,1,10,0.19248,0.197046,0,0,0
28503,,2,0,3,3,0,3,3,8,0.233007,0.241075,0,1,0
28504,,543,0,1,1,0,1,1,1,1,1,0,0,0
28506,,2,0,1,1,0,1,1,8,0.22917,0.236725,0,0,0
28507,,7,0,1,1,0,1,1,8,0.241251,0.248887,0,0,0
28508,,544,0,1,1,0,1,1,2,0.666667,0.75,0,0,0
28509,,544,1,1,2,1,1,2,2,0.666667,0.75,2,0,0.000168
28510,,36,0,1,1,0,1,1,8,0.225838,0.233103,0,0,0
28511,,7,0,1,1,0,1,1,8,0.231489,0.238755,0,0,0
28512,,2,0,1,1,0,1,1,8,0.22917,0.236725,0,0,0
28514,,2,0,2,2,0,2,2,8,0.232987,0.241006,0,1,0
28515,,2,1,1,2,1,1,2,9,0.217833,0.224571,0,1,0.000188
28517,,2,0,2,2,0,2,2,8,0.232987,0.241006,0,1,0
28518,,2,0,1,1,0,1,1,8,0.22917,0.236725,0,0,0
28521,,7,0,1,1,0,1,1,8,0.233542,0.241585,0,0,0
28522,,2,0,1,1,0,1,1,9,0.217837,0.224577,0,0,0
28523,,7,0,1,1,0,1,1,9,0.211285,0.217062,0,0,0
28524,,7,0,2,2,0,2,2,8,0.235202,0.243265,0,0,0
28525,,2,0,3,3,0,3,3,8,0.250229,0.259591,0,0.5,0
28526,,7,0,1,1,0,1,1,8,0.248433,0.25796,0,0,0
28528,,12,0,1,1,0,1,1,9,0.204877,0.209719,0,0,0
28532,,41,0,1,1,0,1,1,2,0.666667,0.75,0,0,0
28534,,7,1,0,1,1,0,1,0,0,0,0,0,0.000327
28536,,32,0,1,1,0,1,1,10,0.165978,0.168732,0,0,0
28537,,7,0,1,1,0,1,1,10,0.175604,0.178854,0,0,0
28539,,41,0,1,1,0,1,1,10,0.175906,0.179352,0,0,0
28540,,2,0,2,2,0,2,2,9,0.217846,0.224618,0,0,0
28541,,2,1,0,1,1,0,1,0,0,0,0,0,0.000168
29085,,7,1,2,3,1,2,3,9,0.227631,0.235098,0.5,0.166667,0.000189
29981,,7,1,0,1,1,0,1,0,0,0,0,0,0.000189
28768,,2,1,1,2,1,1,2,9,0.217837,0.224577,0,0.5,0.000173
28546,,545,0,2,2,0,2,2,8,0.244462,0.252862,0,0,0
28547,,545,1,0,1,1,0,1,0,0,0,0,0,0.000168
28548,,16,0,1,1,0,1,1,8,0.238151,0.247423,0,0,0
28551,,2,0,3,3,0,3,3,9,0.219603,0.226417,0,0.5,0
28553,,546,0,1,1,0,1,1,10,0.17851,0.181848,0,0,0
28554,,546,1,1,2,1,1,2,9,0.217289,0.223359,18827,0,0.000168
28561,,2,0,1,1,0,1,1,8,0.22917,0.236725,0,0,0
28562,,2,0,1,1,0,1,1,8,0.22917,0.236725,0,0,0
28565,,2,0,1,1,0,1,1,8,0.22917,0.236725,0,0,0
28566,,2,0,2,2,0,2,2,8,0.232987,0.241006,0,1,0
28567,,2,0,1,1,0,1,1,9,0.198121,0.202884,0,0,0
28568,,2,0,2,2,0,2,2,9,0.217842,0.224612,0,1,0
28569,,2,0,1,1,0,1,1,9,0.217837,0.224577,0,0,0
28570,,16,0,2,2,0,2,2,9,0.217314,0.223797,0,0,0
28571,,547,0,1,1,0,1,1,1,1,1,0,0,0
28572,,547,1,0,1,1,0,1,0,0,0,0,0,0.000168
28574,,16,0,1,1,0,1,1,8,0.216596,0.222828,0,0,0
28577,,16,0,2,2,0,2,2,8,0.253603,0.263587,0,0,0
28578,,41,0,1,1,0,1,1,8,0.257544,0.268689,0,0,0
28579,,7,0,1,1,0,1,1,8,0.262756,0.273466,0,0,0
28581,,41,0,1,1,0,1,1,8,0.257544,0.268689,0,0,0
28582,,7,0,1,1,0,1,1,9,0.236556,0.244293,0,0,0
28583,,16,0,2,2,0,2,2,9,0.218543,0.224827,0,0,0
28584,,7,0,1,1,0,1,1,1,1,1,0,0,0
29745,,7,1,0,1,1,0,1,0,0,0,0,0,0.00029
30173,,7,1,2,3,1,2,3,9,0.229255,0.237078,0,0.5,0.00029
30443,,7,1,2,3,1,2,3,8,0.250156,0.259441,0,0.333333,0.00029
30783,,7,1,2,3,1,2,3,8,0.27448,0.287398,65.1603,0.666667,0.00029
28586,,7,0,1,1,0,1,1,9,0.250609,0.260973,0,0,0
28587,,7,0,1,1,0,1,1,9,0.223878,0.230235,0,0,0
28588,,7,0,1,1,0,1,1,8,0.262756,0.273466,0,0,0
28589,,7,0,1,1,0,1,1,9,0.210546,0.215947,0,0,0
28590,,16,0,1,1,0,1,1,10,0.177132,0.180657,0,0,0
28591,,41,0,1,1,0,1,1,8,0.257544,0.268689,0,0,0
28592,,2,1,1,2,1,1,2,9,0.217837,0.224577,18827,0,0.000168
28594,,16,0,6,6,0,6,6,8,0.252264,0.262541,0,0.266667,0
28595,,16,0,1,1,0,1,1,9,0.221044,0.227377,0,0,0
28597,,2,0,2,2,0,2,2,8,0.229173,0.236751,0,1,0
28602,,2,0,1,1,0,1,1,9,0.188983,0.193166,0,0,0
28603,,2,1,3,4,1,3,4,8,0.233007,0.241075,18827,0.5,0.000168
28604,,16,0,2,2,0,2,2,8,0.249553,0.259513,0,0,0
35744,,7,1,0,1,1,0,1,0,0,0,0,0,0.00022
32931,,16,1,1,2,1,1,2,9,0.200894,0.20588,0,0,0.000187
28609,,2,0,2,2,0,2,2,8,0.232987,0.241006,0,1,0
28611,,2,0,1,1,0,1,1,9,0.188976,0.193151,0,0,0
28659,,2,1,4,5,1,4,5,8,0.233,0.241073,1,0.583333,0.000182
28613,,16,0,1,1,0,1,1,8,0.244433,0.254493,0,0,0
28615,,41,0,1,1,0,1,1,8,0.257544,0.268689,0,0,0
28616,,67,0,1,1,0,1,1,10,0.186181,0.189967,0,0,0
28617,,2,0,2,2,0,2,2,8,0.232987,0.241006,0,1,0
28618,,16,0,3,3,0,3,3,8,0.238178,0.247538,0,1,0
28620,,7,0,1,1,0,1,1,10,0.178185,0.181688,0,0,0
28621,,7,0,1,1,0,1,1,8,0.242744,0.250975,0,0,0
28622,,2,0,2,2,0,2,2,8,0.232987,0.241006,0,1,0
28625,,2,0,3,3,0,3,3,8,0.233007,0.241075,0,1,0
28631,,25,0,1,1,0,1,1,9,0.22825,0.235531,0,0,0
28633,,2,0,3,3,0,3,3,8,0.232993,0.241042,0,1,0
28636,,16,0,1,1,0,1,1,9,0.193252,0.197354,0,0,0
31766,,12,6,7,13,6,7,13,8,0.2486,0.257501,120738.712417,0.030303,0.001026
28638,,7,0,1,1,0,1,1,9,0.22146,0.227964,0,0,0
28639,,7,0,1,1,0,1,1,9,0.19176,0.195692,0,0,0
28640,,7,0,1,1,0,1,1,10,0.179156,0.182314,0,0,0
28642,,2,0,2,2,0,2,2,8,0.232987,0.241006,0,1,0
28643,,7,0,1,1,0,1,1,9,0.227374,0.234422,0,0,0
28646,,7,0,1,1,0,1,1,9,0.212622,0.218545,0,0,0
28648,,548,0,1,1,0,1,1,1,1,1,0,0,0
28649,,548,1,0,1,1,0,1,0,0,0,0,0,0.000168
28650,,2,0,2,2,0,2,2,8,0.232987,0.241006,0,1,0
28651,,16,0,1,1,0,1,1,9,0.219883,0.226442,0,0,0
29288,,16,1,1,2,1,1,2,10,0.188134,0.192425,0,0,0.0002
28653,,16,0,2,2,0,2,2,9,0.228636,0.236987,0,0,0
28655,,25,0,2,2,0,2,2,8,0.23419,0.242213,0,1,0
28657,,16,0,1,1,0,1,1,9,0.227687,0.23488,0,0,0
28658,,14,0,1,1,0,1,1,9,0.225039,0.232567,0,0,0
28664,,1,0,1,1,0,1,1,10,0.182275,0.18619,0,0,0
28665,,41,1,2,3,1,2,3,8,0.239694,0.2473,48.303207,0.5,0.000168
28667,,16,0,1,1,0,1,1,9,0.216318,0.222799,0,0,0
28668,,549,0,1,1,0,1,1,1,1,1,0,0,0
28669,,549,1,0,1,1,0,1,0,0,0,0,0,0.000168
28670,,7,0,1,1,0,1,1,9,0.217144,0.223521,0,0,0
28673,,41,0,1,1,0,1,1,9,0.200004,0.20511,0,0,0
28674,,7,0,1,1,0,1,1,9,0.231387,0.239068,0,0,0
28676,,1,0,1,1,0,1,1,8,0.242388,0.250662,0,0,0
28677,,7,0,2,2,0,2,2,8,0.23785,0.246688,0,0,0
28678,,7,0,1,1,0,1,1,8,0.261475,0.272568,0,0,0
28679,,2,0,4,4,0,4,4,8,0.233017,0.241116,0,0.5,0
29206,,2,1,0,1,1,0,1,0,0,0,0,0,0.000168
28684,,2,0,2,2,0,2,2,9,0.217842,0.224612,0,1,0
28685,,7,0,1,1,0,1,1,9,0.197416,0.201715,0,0,0
28686,,7,0,1,1,0,1,1,9,0.197416,0.201715,0,0,0
28687,,550,0,1,1,0,1,1,1,1,1,0,0,0
28688,,550,1,0,1,1,0,1,0,0,0,0,0,0.000168
28689,,419,0,1,1,0,1,1,1,1,1,0,0,0
28692,,16,0,1,1,0,1,1,8,0.227034,0.234934,0,0,0
28696,,16,0,1,1,0,1,1,9,0.216318,0.222799,0,0,0
28698,,1,1,2,3,1,2,3,10,0.168074,0.170946,18825,0,0.000213
28700,,7,0,1,1,0,1,1,9,0.221359,0.227716,0,0,0
28701,,67,0,1,1,0,1,1,10,0.177709,0.181183,0,0,0
28702,,2,0,2,2,0,2,2,8,0.232987,0.241006,0,1,0
28705,,7,0,1,1,0,1,1,8,0.248791,0.258416,0,0,0
28706,,7,0,1,1,0,1,1,9,0.222352,0.229209,0,0,0
28707,,16,0,1,1,0,1,1,8,0.232418,0.240737,0,0,0
28708,,7,0,1,1,0,1,1,9,0.221489,0.228136,0,0,0
28709,,7,0,1,1,0,1,1,9,0.222124,0.228778,0,0,0
28711,,22,0,1,1,0,1,1,2,0.545455,0.583333,0,0,0
28712,,16,0,1,1,0,1,1,8,0.232418,0.240737,0,0,0
28714,,7,0,1,1,0,1,1,8,0.270888,0.28334,0,0,0
28717,,41,0,3,3,0,3,3,8,0.237029,0.245894,0,1,0
28722,,1,0,1,1,0,1,1,9,0.187182,0.191488,0,0,0
28725,,7,0,2,2,0,2,2,9,0.228919,0.237124,0,0,0
28726,,2,1,2,3,1,2,3,9,0.217841,0.224611,56475,0,0.000188
28727,,16,0,1,1,0,1,1,9,0.206242,0.211786,0,0,0
28729,,7,0,3,3,0,3,3,8,0.231503,0.238831,0,0,0
28731,,7,0,1,1,0,1,1,8,0.226417,0.233209,0,0,0
28732,,2,0,1,1,0,1,1,9,0.217837,0.224577,0,0,0
28733,,16,0,1,1,0,1,1,9,0.212494,0.218198,0,0,0
28734,,14,0,2,2,0,2,2,9,0.220323,0.227504,0,1,0
28735,,25,0,2,2,0,2,2,9,0.21185,0.217525,0,0.5,0
28737,,7,0,1,1,0,1,1,8,0.245108,0.253561,0,0,0
28739,,16,0,1,1,0,1,1,8,0.23949,0.247366,0,0,0
28740,,16,0,1,1,0,1,1,9,0.219278,0.22586,0,0,0
28742,,7,0,1,1,0,1,1,8,0.223971,0.231195,0,0,0
28743,,2,0,1,1,0,1,1,8,0.22917,0.236725,0,0,0
28744,,7,1,2,3,1,2,3,9,0.187559,0.1917,0,1,0.000188
28745,,2,0,2,2,0,2,2,9,0.219582,0.226357,0,1,0
28751,,16,0,1,1,0,1,1,8,0.222226,0.228739,0,0,0
28752,,2,0,1,1,0,1,1,9,0.217837,0.224577,0,0,0
28753,,16,0,1,1,0,1,1,9,0.19352,0.197987,0,0,0
28754,,7,0,1,1,0,1,1,8,0.262756,0.273466,0,0,0
28757,,1,0,2,2,0,2,2,9,0.222168,0.228583,0,0,0
28758,,7,0,3,3,0,3,3,9,0.236243,0.244697,0,0.333333,0
28761,,551,0,1,1,0,1,1,10,0.177017,0.180511,0,0,0
28767,,2,0,1,1,0,1,1,8,0.227522,0.234121,0,0,0
28769,,1,0,1,1,0,1,1,9,0.222605,0.230046,0,0,0
28770,,16,0,1,1,0,1,1,8,0.222226,0.228739,0,0,0
28771,,7,0,1,1,0,1,1,1,1,1,0,0,0
28772,,36,0,1,1,0,1,1,9,0.188084,0.192171,0,0,0
28774,,7,0,1,1,0,1,1,8,0.247779,0.256716,0,0,0
28775,,16,0,1,1,0,1,1,8,0.251382,0.261452,0,0,0
28776,,7,0,1,1,0,1,1,10,0.166718,0.169204,0,0,0
28779,,41,0,1,1,0,1,1,9,0.234736,0.243231,0,0,0
28780,,12,0,2,2,0,2,2,11,0.141629,0.143833,0,0.5,0
28781,,41,0,1,1,0,1,1,8,0.257544,0.268689,0,0,0
28782,,2,0,2,2,0,2,2,9,0.221434,0.228483,0,0.5,0
28783,,2,0,1,1,0,1,1,9,0.198121,0.202884,0,0,0
28784,,7,0,1,1,0,1,1,9,0.230698,0.238054,0,0,0
28786,,2,0,1,1,0,1,1,9,0.217837,0.224577,0,0,0
28787,,2,0,1,1,0,1,1,9,0.217837,0.224577,0,0,0
28791,,7,0,1,1,0,1,1,9,0.200066,0.204368,0,0,0
28792,,16,0,3,3,0,3,3,8,0.241582,0.24992,0,0.5,0
28793,,2,0,1,1,0,1,1,9,0.217837,0.224577,0,0,0
28836,,7,1,0,1,1,0,1,0,0,0,0,0,0.000336
29010,,7,1,1,2,1,1,2,10,0.172673,0.17574,1,0,0.000196
29012,,7,1,0,1,1,0,1,0,0,0,0,0,0.000196
28801,,7,0,1,1,0,1,1,10,0.182953,0.186517,0,0,0
28804,,7,0,1,1,0,1,1,9,0.222499,0.229441,0,0,0
28805,,25,0,2,2,0,2,2,9,0.234452,0.242361,0,0,0
29161,,16,1,0,1,1,0,1,0,0,0,0,0,0.000173
28808,,2,0,1,1,0,1,1,8,0.22917,0.236725,0,0,0
28811,,2,0,1,1,0,1,1,9,0.217837,0.224577,0,0,0
28813,,16,0,2,2,0,2,2,8,0.239213,0.247395,0,1,0
28814,,16,0,3,3,0,3,3,8,0.23828,0.246724,0,0.166667,0
28815,,552,1,1,2,1,1,2,1,1,1,0,0,0.000173
28816,,552,1,1,2,1,1,2,1,1,1,0,0,0.000173
28818,,16,0,2,2,0,2,2,8,0.25215,0.262311,0,1,0
28821,,7,0,1,1,0,1,1,9,0.223774,0.230664,0,0,0
28822,,16,0,1,1,0,1,1,1,1,1,0,0,0
28824,,2,0,3,3,0,3,3,8,0.233007,0.241075,0,1,0
28827,,2,0,2,2,0,2,2,8,0.232987,0.241006,0,1,0
28828,,7,0,1,1,0,1,1,8,0.242713,0.250553,0,0,0
28829,,7,0,1,1,0,1,1,9,0.213686,0.219908,0,0,0
28830,,16,0,1,1,0,1,1,9,0.215121,0.221624,0,0,0
28831,,7,0,1,1,0,1,1,9,0.199568,0.204458,0,0,0
28832,,2,0,2,2,0,2,2,8,0.232987,0.241006,0,1,0
28833,,7,0,1,1,0,1,1,8,0.242301,0.250615,0,0,0
28835,,7,0,1,1,0,1,1,9,0.197292,0.201776,0,0,0
28837,,7,0,2,2,0,2,2,9,0.235202,0.24437,0,1,0
28839,,7,0,1,1,0,1,1,8,0.225592,0.232946,0,0,0
28840,,7,0,20,20,0,20,20,8,0.287063,0.302261,0,0.273684,0
28841,,553,0,1,1,0,1,1,1,1,1,0,0,0
28842,,553,1,0,1,1,0,1,0,0,0,0,0,0.000168
32876,,7,1,0,1,1,0,1,0,0,0,0,0,0.000186
28847,,2,0,1,1,0,1,1,9,0.227036,0.233745,0,0,0
28848,,81,0,1,1,0,1,1,11,0.147746,0.149774,0,0,0
28850,,2,0,1,1,0,1,1,8,0.22917,0.236725,0,0,0
28852,,7,0,1,1,0,1,1,8,0.262756,0.273466,0,0,0
28856,,36,0,1,1,0,1,1,8,0.237074,0.24426,0,0,0
28857,,41,0,1,1,0,1,1,1,1,1,0,0,0
28859,,16,0,2,2,0,2,2,8,0.265289,0.276623,0,1,0
28860,,16,0,2,2,0,2,2,8,0.244783,0.253221,0,1,0
28861,,7,0,1,1,0,1,1,9,0.224481,0.231705,0,0,0
28862,,7,0,1,1,0,1,1,8,0.257706,0.267944,0,0,0
28863,,1,0,2,2,0,2,2,9,0.211818,0.217938,0,0,0
28865,,2,0,3,3,0,3,3,8,0.229182,0.236792,0,0.166667,0
33772,,2,1,0,1,1,0,1,0,0,0,0,0,0.000168
28866,,16,0,1,1,0,1,1,9,0.210558,0.216301,0,0,0
28868,,7,0,2,2,0,2,2,8,0.262976,0.273811,0,1,0
30778,,12,1,0,1,1,0,1,0,0,0,0,0,0.000179
28871,,41,0,2,2,0,2,2,10,0.17457,0.178013,0,0,0
28872,,41,0,1,1,0,1,1,1,1,1,0,0,0
28873,,7,0,1,1,0,1,1,8,0.263743,0.27463,0,0,0
28878,,2,0,1,1,0,1,1,9,0.217837,0.224577,0,0,0
28879,,7,0,1,1,0,1,1,9,0.224975,0.231937,0,0,0
28880,,2,0,1,1,0,1,1,9,0.217837,0.224577,0,0,0
28881,,2,0,1,1,0,1,1,9,0.217837,0.224577,0,0,0
29047,,14,1,0,1,1,0,1,0,0,0,0,0,0.00021
29886,,14,1,0,1,1,0,1,0,0,0,0,0,0.00021
32065,,14,1,0,1,1,0,1,0,0,0,0,0,0.00021
28883,,16,0,2,2,0,2,2,8,0.224631,0.23187,0,1,0
28885,,554,0,1,1,0,1,1,1,1,1,0,0,0
28886,,16,0,3,3,0,3,3,8,0.244821,0.253135,0,0.5,0
28887,,7,0,1,1,0,1,1,8,0.242301,0.250615,0,0,0
28889,,555,0,1,1,0,1,1,1,1,1,0,0,0
28890,,555,1,0,1,1,0,1,0,0,0,0,0,0.000168
28891,,41,0,1,1,0,1,1,8,0.257544,0.268689,0,0,0
28892,,14,0,1,1,0,1,1,9,0.22031,0.227442,0,0,0
28895,,16,0,1,1,0,1,1,8,0.233638,0.242002,0,0,0
28898,,1,0,1,1,0,1,1,9,0.207241,0.212972,0,0,0
28899,,41,0,1,1,0,1,1,8,0.236961,0.24442,0,0,0
28901,,32,0,1,1,0,1,1,9,0.208648,0.213885,0,0,0
28902,,7,0,1,1,0,1,1,10,0.200283,0.205389,0,0,0
28903,,7,0,1,1,0,1,1,9,0.231387,0.239068,0,0,0
28905,,556,0,1,1,0,1,1,2,0.666667,0.75,0,0,0
28907,,2,0,1,1,0,1,1,9,0.198121,0.202884,0,0,0
28908,,2,0,1,1,0,1,1,9,0.217837,0.224577,0,0,0
28909,,67,0,2,2,0,2,2,8,0.257823,0.269033,0,0,0
28911,,2,0,2,2,0,2,2,8,0.232987,0.241006,0,1,0
28913,,2,0,1,1,0,1,1,9,0.217837,0.224577,0,0,0
28914,,41,0,1,1,0,1,1,10,0.17711,0.180507,0,0,0
28915,,2,0,1,1,0,1,1,9,0.217837,0.224577,0,0,0
28916,,2,0,1,1,0,1,1,9,0.217837,0.224577,0,0,0
28918,,2,0,1,1,0,1,1,9,0.217837,0.224577,0,0,0
28920,,7,0,1,1,0,1,1,9,0.228455,0.235531,0,0,0
28921,,2,0,1,1,0,1,1,9,0.217837,0.224577,0,0,0
28922,,7,0,1,1,0,1,1,8,0.257706,0.267944,0,0,0
28923,,16,0,1,1,0,1,1,9,0.224337,0.231339,0,0,0
28925,,2,0,2,2,0,2,2,8,0.232987,0.241006,0,1,0
28926,,7,0,1,1,0,1,1,8,0.257706,0.267944,0,0,0
28927,,2,0,1,1,0,1,1,9,0.217837,0.224577,0,0,0
28928,,557,0,1,1,0,1,1,1,1,1,0,0,0
28929,,557,1,0,1,1,0,1,0,0,0,0,0,0.000168
28931,,2,0,2,2,0,2,2,8,0.232987,0.241006,0,1,0
28932,,7,0,1,1,0,1,1,8,0.238712,0.2466,0,0,0
28933,,2,0,2,2,0,2,2,8,0.232987,0.241006,0,1,0
28934,,2,1,3,4,1,3,4,9,0.219588,0.226393,18827,0.333333,0.000168
28935,,41,0,1,1,0,1,1,9,0.213441,0.219648,0,0,0
28941,,2,0,1,1,0,1,1,10,0.17888,0.18255,0,0,0
28945,,16,0,1,1,0,1,1,9,0.23666,0.245195,0,0,0
28947,,7,0,1,1,0,1,1,9,0.211254,0.216887,0,0,0
28948,,41,0,2,2,0,2,2,9,0.222355,0.229475,0,0.5,0
28949,,14,0,1,1,0,1,1,8,0.247395,0.256736,0,0,0
28950,,7,0,1,1,0,1,1,9,0.222499,0.229441,0,0,0
28952,,2,0,3,3,0,3,3,8,0.233007,0.241075,0,1,0
28954,,7,0,1,1,0,1,1,8,0.245108,0.253561,0,0,0
28958,,7,0,2,2,0,2,2,9,0.233925,0.242459,0,1,0
28960,,41,0,1,1,0,1,1,8,0.257544,0.268689,0,0,0
28961,,16,0,1,1,0,1,1,9,0.219196,0.225231,0,0,0
28963,,2,0,1,1,0,1,1,10,0.180059,0.183735,0,0,0
28966,,14,0,5,5,0,5,5,9,0.218453,0.225048,0,0.5,0
30810,,14,1,1,2,1,1,2,8,0.247395,0.256736,2078.558023,0,0.000168
28968,,7,0,3,3,0,3,3,9,0.21531,0.221643,0,0,0
28974,,7,1,0,1,1,0,1,0,0,0,0,0,0.000168
28969,,558,0,1,1,0,1,1,10,0.191668,0.195869,0,0,0
33372,,67,1,0,1,1,0,1,0,0,0,0,0,0.000175
35770,,67,1,0,1,1,0,1,0,0,0,0,0,0.000178
28976,,41,0,3,3,0,3,3,8,0.237093,0.244629,0,0.5,0
30992,,16,1,1,2,1,1,2,9,0.191424,0.19536,0,0.5,0.000263
28978,,16,0,1,1,0,1,1,8,0.240389,0.248209,0,0,0
28979,,7,0,1,1,0,1,1,8,0.228875,0.236469,0,0,0
28983,,16,0,1,1,0,1,1,9,0.187821,0.191829,0,0,0
28988,,7,0,1,1,0,1,1,8,0.242301,0.250615,0,0,0
28990,,41,0,3,3,0,3,3,8,0.234111,0.242457,0,0.333333,0
28994,,41,0,1,1,0,1,1,8,0.257544,0.268689,0,0,0
28995,,16,0,1,1,0,1,1,9,0.20258,0.208154,0,0,0
28996,,41,1,4,5,1,4,5,8,0.264209,0.275295,6653.23657,0.2,0.000168
28997,,2,0,1,1,0,1,1,9,0.217837,0.224577,0,0,0
28998,,67,0,1,1,0,1,1,1,1,1,0,0,0
28999,,12,0,1,1,0,1,1,9,0.189796,0.194161,0,0,0
29001,,7,0,1,1,0,1,1,9,0.198884,0.203512,0,0,0
29004,,559,0,1,1,0,1,1,2,0.666667,0.75,0,0,0
29006,,16,0,1,1,0,1,1,9,0.215121,0.221624,0,0,0
29007,,12,0,1,1,0,1,1,9,0.189796,0.194161,0,0,0
29009,,2,0,2,2,0,2,2,9,0.219582,0.226357,0,1,0
29014,,12,0,1,1,0,1,1,10,0.177506,0.180764,0,0,0
29015,,7,0,1,1,0,1,1,10,0.178303,0.181862,0,0,0
29016,,2,0,1,1,0,1,1,8,0.235818,0.243199,0,0,0
29017,,12,0,1,1,0,1,1,10,0.177506,0.180764,0,0,0
29018,,7,0,1,1,0,1,1,9,0.226164,0.233246,0,0,0
29019,,22,0,1,1,0,1,1,1,1,1,0,0,0
29020,,22,4,0,4,4,0,4,0,0,0,0,0,0.000673
29021,,7,0,1,1,0,1,1,9,0.224821,0.231852,0,0,0
29024,,2,0,2,2,0,2,2,9,0.219582,0.226357,0,1,0
29025,,7,0,1,1,0,1,1,9,0.229752,0.236924,0,0,0
29027,,16,0,1,1,0,1,1,11,0.147751,0.149616,0,0,0
29028,,7,0,1,1,0,1,1,8,0.224816,0.231667,0,0,0
29029,,67,0,3,3,0,3,3,8,0.262774,0.273541,0,0,0
29030,,560,0,1,1,0,1,1,1,1,1,0,0,0
29031,,560,1,0,1,1,0,1,0,0,0,0,0,0.000168
29032,,1,0,1,1,0,1,1,10,0.182275,0.18619,0,0,0
29034,,32,0,1,1,0,1,1,9,0.220586,0.226784,0,0,0
29037,,67,0,1,1,0,1,1,10,0.178452,0.182062,0,0,0
29038,,16,1,1,2,1,1,2,9,0.193465,0.197513,0,0,0.000173
29039,,16,1,2,3,1,2,3,8,0.239869,0.247753,18827,0,0.000173
29040,,2,0,1,1,0,1,1,9,0.217837,0.224577,0,0,0
29041,,7,0,2,2,0,2,2,8,0.251456,0.261141,0,0,0
29042,,14,0,2,2,0,2,2,9,0.19481,0.199346,0,0,0
29043,,67,0,1,1,0,1,1,13,0.116243,0.117269,0,0,0
29044,,25,0,1,1,0,1,1,9,0.203824,0.20864,0,0,0
29046,,2,0,1,1,0,1,1,10,0.178886,0.182575,0,0,0
29048,,7,0,1,1,0,1,1,9,0.214323,0.220605,0,0,0
29049,,2,0,1,1,0,1,1,10,0.178886,0.182575,0,0,0
29051,,561,1,1,2,1,1,2,1,1,1,0,0.5,0.000168
29052,,561,2,0,2,2,0,2,0,0,0,0,0.5,0.000341
29053,,7,0,1,1,0,1,1,9,0.222499,0.229441,0,0,0
29055,,7,0,1,1,0,1,1,8,0.230108,0.238119,0,0,0
29056,,2,0,1,1,0,1,1,8,0.22917,0.236725,0,0,0
29058,,41,0,1,1,0,1,1,8,0.257544,0.268689,0,0,0
29059,,16,0,1,1,0,1,1,8,0.229011,0.236303,0,0,0
29060,,41,0,1,1,0,1,1,1,1,1,0,0,0
29063,,7,0,1,1,0,1,1,10,0.185065,0.188895,0,0,0
29065,,16,0,3,3,0,3,3,8,0.263717,0.27521,0,0.5,0
29067,,2,0,1,1,0,1,1,9,0.217837,0.224577,0,0,0
29069,,16,1,2,3,1,2,3,8,0.228409,0.235337,1,0.166667,0.000168
30073,,16,1,0,1,1,0,1,0,0,0,0,0,0.000173
29071,,2,0,1,1,0,1,1,9,0.188965,0.193128,0,0,0
29073,,2,0,1,1,0,1,1,8,0.22917,0.236725,0,0,0
29074,,2,0,3,3,0,3,3,8,0.229202,0.236843,0,0.333333,0
29075,,2,1,0,1,1,0,1,0,0,0,0,0,0.000168
29076,,7,0,1,1,0,1,1,9,0.222736,0.229684,0,0,0
29079,,561,0,2,2,0,2,2,1,1,1,0,0.5,0
29080,,1,0,1,1,0,1,1,8,0.242388,0.250662,0,0,0
29083,,16,0,2,2,0,2,2,9,0.229959,0.23796,0,0.5,0
29087,,2,0,1,1,0,1,1,8,0.22917,0.236725,0,0,0
29091,,562,0,1,1,0,1,1,1,1,1,0,0,0
29092,,562,1,0,1,1,0,1,0,0,0,0,0,0.000168
29094,,16,0,1,1,0,1,1,1,1,1,0,0,0
29096,,16,0,1,1,0,1,1,9,0.192501,0.19669,0,0,0
29097,,36,0,1,1,0,1,1,10,0.192511,0.197309,0,0,0
29098,,2,0,1,1,0,1,1,9,0.217837,0.224577,0,0,0
29099,,563,0,1,1,0,1,1,2,0.666667,0.75,0,0,0
29100,,65,0,1,1,0,1,1,8,0.234438,0.242011,0,0,0
29102,,16,0,1,1,0,1,1,9,0.213742,0.219942,0,0,0
29104,,7,0,1,1,0,1,1,9,0.209145,0.214505,0,0,0
29105,,16,0,2,2,0,2,2,8,0.255507,0.266429,0,1,0
29107,,14,0,2,2,0,2,2,8,0.247571,0.25704,0,1,0
29108,,2,1,2,3,1,2,3,9,0.217846,0.224618,18827,0,0.000173
30202,,2,1,1,2,1,1,2,10,0.17888,0.18255,0,0,0.000173
29109,,7,0,1,1,0,1,1,9,0.229028,0.236621,0,0,0
29110,,564,0,1,1,0,1,1,1,1,1,0,0,0
29111,,564,2,0,2,2,0,2,0,0,0,0,0,0.000336
29112,,1,0,1,1,0,1,1,9,0.22285,0.229108,0,0,0
29114,,2,0,1,1,0,1,1,9,0.217837,0.224577,0,0,0
29116,,16,0,1,1,0,1,1,9,0.212305,0.217693,0,0,0
29117,,564,0,1,1,0,1,1,1,1,1,0,0,0
29118,,36,0,1,1,0,1,1,9,0.190632,0.194799,0,0,0
29119,,53,0,1,1,0,1,1,9,0.220459,0.227318,0,0,0
29120,,7,0,1,1,0,1,1,8,0.265449,0.276753,0,0,0
29121,,7,0,1,1,0,1,1,9,0.231387,0.239068,0,0,0
29122,,16,0,4,4,0,4,4,9,0.231877,0.24052,0,0.083333,0
29125,,2,0,2,2,0,2,2,9,0.219582,0.226357,0,1,0
29127,,7,0,1,1,0,1,1,2,0.666667,0.75,0,0,0
29266,,7,1,0,1,1,0,1,0,0,0,0,0,0.000255
29129,,16,0,1,1,0,1,1,9,0.23666,0.245195,0,0,0
29131,,7,0,1,1,0,1,1,8,0.262756,0.273466,0,0,0
29134,,565,0,1,1,0,1,1,1,1,1,0,0,0
29135,,565,1,0,1,1,0,1,0,0,0,0,0,0.000168
29136,,2,0,1,1,0,1,1,9,0.217837,0.224577,0,0,0
29137,,2,0,1,1,0,1,1,9,0.217837,0.224577,0,0,0
29138,,7,0,1,1,0,1,1,9,0.223923,0.230441,0,0,0
30135,,7,1,0,1,1,0,1,0,0,0,0,0,0.000243
29141,,2,0,2,2,0,2,2,8,0.232987,0.241006,0,1,0
29143,,7,0,1,1,0,1,1,8,0.240036,0.247689,0,0,0
29144,,7,0,1,1,0,1,1,9,0.224741,0.232186,0,0,0
29146,,7,0,1,1,0,1,1,9,0.20921,0.214873,0,0,0
29147,,7,0,1,1,0,1,1,8,0.257706,0.267944,0,0,0
29149,,7,0,1,1,0,1,1,8,0.248325,0.257194,0,0,0
29152,,16,0,1,1,0,1,1,8,0.236535,0.24595,0,0,0
29154,,41,0,1,1,0,1,1,8,0.257544,0.268689,0,0,0
29155,,16,0,1,1,0,1,1,8,0.2284,0.235296,0,0,0
29156,,7,0,1,1,0,1,1,9,0.239538,0.247501,0,0,0
29157,,7,0,1,1,0,1,1,9,0.21249,0.218584,0,0,0
29159,,7,0,2,2,0,2,2,8,0.231495,0.238791,0,0,0
29165,,36,0,1,1,0,1,1,8,0.22375,0.230857,0,0,0
29168,,16,0,1,1,0,1,1,9,0.215951,0.221597,0,0,0
29169,,41,0,1,1,0,1,1,9,0.234736,0.243231,0,0,0
29170,,16,0,1,1,0,1,1,9,0.217908,0.22531,0,0,0
29171,,16,0,2,2,0,2,2,8,0.235673,0.244288,0,0,0
29173,,7,0,5,5,0,5,5,8,0.267535,0.279293,0,0.7,0
29174,,7,0,5,5,0,5,5,7,0.294135,0.308667,0,0.4,0
29176,,41,0,1,1,0,1,1,8,0.257544,0.268689,0,0,0
29177,,16,0,1,1,0,1,1,9,0.202744,0.208546,0,0,0
29179,,41,0,1,1,0,1,1,8,0.257544,0.268689,0,0,0
29180,,16,0,1,1,0,1,1,8,0.234108,0.241443,0,0,0
29181,,16,0,1,1,0,1,1,8,0.23674,0.244313,0,0,0
29183,,16,0,2,2,0,2,2,8,0.236031,0.244651,0,1,0
29184,,2,0,1,1,0,1,1,10,0.178886,0.182567,0,0,0
29185,,7,0,2,2,0,2,2,9,0.222823,0.230156,0,0,0
29187,,36,0,1,1,0,1,1,9,0.202084,0.207066,0,0,0
29189,,81,0,5,5,0,5,5,11,0.152508,0.155074,0,0.1,0
29190,,81,1,1,2,1,1,2,13,0.114086,0.11513,2,0,0.000168
29193,,7,0,1,1,0,1,1,8,0.262756,0.273466,0,0,0
29195,,2,0,1,1,0,1,1,9,0.198121,0.202884,0,0,0
29199,,67,0,1,1,0,1,1,10,0.181315,0.184846,0,0,0
31153,,7,1,0,1,1,0,1,0,0,0,0,0,0.000189
33761,,7,1,0,1,1,0,1,0,0,0,0,0,0.000189
29203,,16,0,2,2,0,2,2,8,0.249963,0.258759,0,0,0
29204,,7,0,1,1,0,1,1,9,0.219575,0.226074,0,0,0
29207,,566,0,1,1,0,1,1,1,1,1,0,0,0
29208,,566,1,0,1,1,0,1,0,0,0,0,0,0.000168
29209,,7,0,1,1,0,1,1,1,1,1,0,0,0
29210,,52,0,1,1,0,1,1,1,1,1,0,0,0
29211,,41,0,1,1,0,1,1,9,0.214299,0.220211,0,0,0
29212,,7,0,1,1,0,1,1,8,0.24685,0.256506,0,0,0
29213,,7,0,1,1,0,1,1,9,0.214123,0.219985,0,0,0
29214,,41,0,1,1,0,1,1,9,0.214299,0.220211,0,0,0
29215,,7,0,1,1,0,1,1,9,0.200066,0.204368,0,0,0
29216,,593,1,1,2,1,1,2,9,0.209295,0.214589,18829,0,0.000168
29217,,16,0,1,1,0,1,1,8,0.246659,0.25616,0,0,0
29219,,7,0,1,1,0,1,1,9,0.222431,0.229647,0,0,0
29220,,32,0,1,1,0,1,1,1,1,1,0,0,0
29221,,241,0,1,1,0,1,1,1,1,1,0,0,0
29222,,32,0,1,1,0,1,1,9,0.216731,0.222572,0,0,0
29223,,7,0,1,1,0,1,1,8,0.223971,0.231195,0,0,0
29224,,7,0,1,1,0,1,1,9,0.202604,0.207309,0,0,0
29226,,1,0,2,2,0,2,2,8,0.231262,0.239418,0,1,0
29227,,2,0,1,1,0,1,1,9,0.217837,0.224577,0,0,0
29228,,7,0,1,1,0,1,1,8,0.225373,0.231994,0,0,0
29229,,7,0,1,1,0,1,1,8,0.2336,0.240852,0,0,0
29232,,7,0,3,3,0,3,3,8,0.251594,0.261704,0,0.166667,0
29233,,7,1,0,1,1,0,1,0,0,0,0,0,0.000168
29237,,7,0,1,1,0,1,1,9,0.235541,0.243648,0,0,0
29238,,1,0,1,1,0,1,1,8,0.228936,0.236648,0,0,0
29241,,67,0,1,1,0,1,1,9,0.194131,0.1984,0,0,0
29243,,7,0,1,1,0,1,1,8,0.244564,0.253553,0,0,0
31734,,67,3,0,3,3,0,3,0,0,0,0,0,0.000509
29248,,14,0,1,1,0,1,1,8,0.247395,0.256736,0,0,0
29249,,2,0,1,1,0,1,1,9,0.217837,0.224577,0,0,0
29250,,16,0,1,1,0,1,1,8,0.244433,0.254493,0,0,0
29252,,567,0,2,2,0,2,2,8,0.262766,0.273505,0,0,0
30370,,567,1,0,1,1,0,1,0,0,0,0,0,0.000168
29253,,7,0,1,1,0,1,1,8,0.231928,0.239836,0,0,0
29256,,568,0,1,1,0,1,1,1,1,1,0,0,0
29261,,7,0,1,1,0,1,1,8,0.256747,0.266706,0,0,0
29263,,7,0,1,1,0,1,1,9,0.226897,0.234639,0,0,0
29268,,41,0,1,1,0,1,1,8,0.257544,0.268689,0,0,0
29269,,7,0,1,1,0,1,1,8,0.262756,0.273466,0,0,0
29270,,16,0,1,1,0,1,1,10,0.173799,0.177207,0,0,0
29271,,22,0,1,1,0,1,1,1,1,1,0,0,0
29272,,41,0,1,1,0,1,1,8,0.257544,0.268689,0,0,0
29275,,14,0,1,1,0,1,1,9,0.1952,0.200058,0,0,0
29276,,16,0,2,2,0,2,2,9,0.233502,0.241885,0,0,0
29277,,41,0,1,1,0,1,1,1,1,1,0,0,0
29278,,7,0,1,1,0,1,1,9,0.224481,0.231705,0,0,0
29281,,1,0,1,1,0,1,1,9,0.209228,0.21494,0,0,0
29282,,7,0,1,1,0,1,1,8,0.262756,0.273466,0,0,0
29284,,16,0,1,1,0,1,1,9,0.224355,0.231354,0,0,0
29285,,7,0,1,1,0,1,1,8,0.262756,0.273466,0,0,0
29287,,7,0,1,1,0,1,1,9,0.208526,0.214137,0,0,0
29289,,41,0,1,1,0,1,1,8,0.257544,0.268689,0,0,0
29290,,7,0,16,16,0,16,16,7,0.303713,0.320356,0,0.370833,0
29292,,16,0,2,2,0,2,2,8,0.253737,0.263745,0,1,0
29294,,7,0,1,1,0,1,1,8,0.237958,0.246963,0,0,0
29295,,7,0,2,2,0,2,2,9,0.250616,0.261008,0,0,0
29296,,16,0,1,1,0,1,1,9,0.213887,0.219963,0,0,0
29298,,16,0,1,1,0,1,1,11,0.150652,0.152799,0,0,0
29830,,7,1,2,3,1,2,3,9,0.221498,0.22804,0,1,0.000184
29301,,7,0,9,9,0,9,9,8,0.272464,0.285596,0,0.319444,0
29302,,7,0,1,1,0,1,1,9,0.222431,0.229647,0,0,0
29304,,14,1,1,2,1,1,2,10,0.180544,0.184388,0,0,0.000178
29305,,7,0,2,2,0,2,2,9,0.209855,0.215324,0,0.5,0
29306,,16,0,2,2,0,2,2,8,0.234523,0.2431,0,0.5,0
29309,,7,0,1,1,0,1,1,9,0.198461,0.20316,0,0,0
29310,,14,0,2,2,0,2,2,8,0.222778,0.229748,0,0,0
29313,,16,0,1,1,0,1,1,8,0.23674,0.244313,0,0,0
29314,,7,0,1,1,0,1,1,9,0.223156,0.230196,0,0,0
29315,,2,0,1,1,0,1,1,10,0.180055,0.183722,0,0,0
29316,,2,1,2,3,1,2,3,9,0.219582,0.226357,18827,0.333333,0.000168
29322,,16,0,1,1,0,1,1,8,0.2284,0.235296,0,0,0
29323,,16,0,2,2,0,2,2,8,0.239377,0.247664,0,0,0
29324,,7,0,1,1,0,1,1,8,0.23625,0.244472,0,0,0
29325,,7,0,1,1,0,1,1,9,0.217144,0.223521,0,0,0
29327,,16,0,1,1,0,1,1,9,0.193226,0.197302,0,0,0
29328,,7,0,1,1,0,1,1,8,0.218568,0.224875,0,0,0
29333,,2,0,1,1,0,1,1,9,0.217837,0.224577,0,0,0
29335,,16,0,3,3,0,3,3,8,0.253945,0.264553,0,0.166667,0
29336,,7,0,1,1,0,1,1,9,0.209259,0.214889,0,0,0
29337,,36,1,2,3,1,2,3,9,0.218591,0.22547,18827,0.166667,0.000168
29338,,7,0,1,1,0,1,1,8,0.261475,0.272568,0,0,0
29339,,67,0,4,4,0,4,4,9,0.224419,0.232069,0,1,0
29340,,2,0,2,2,0,2,2,2,0.75,0.833333,0,0.5,0
29343,,16,0,2,2,0,2,2,9,0.17714,0.180815,0,0.5,0
29345,,7,0,1,1,0,1,1,9,0.210935,0.216577,0,0,0
29349,,41,0,1,1,0,1,1,9,0.210713,0.216558,0,0,0
29350,,81,0,3,3,0,3,3,8,0.248561,0.256965,0,0,0
29351,,2,0,2,2,0,2,2,9,0.217846,0.224618,0,0,0
33544,,2,1,0,1,1,0,1,0,0,0,0,0,0.000168
29352,,12,0,1,1,0,1,1,11,0.141623,0.143776,0,0,0
29353,,7,0,2,2,0,2,2,8,0.247275,0.256582,0,0.5,0
33556,,14,1,0,1,1,0,1,0,0,0,0,0,0.000214
31215,,16,1,0,1,1,0,1,0,0,0,0,0,0.000183
29361,,1,0,1,1,0,1,1,8,0.238232,0.246371,0,0,0
29364,,16,1,1,2,1,1,2,8,0.238151,0.247423,217.599418,0,0.000168
29367,,7,0,1,1,0,1,1,10,0.180963,0.184482,0,0,0
29368,,7,0,2,2,0,2,2,8,0.240006,0.247749,0,0.5,0
29369,,41,0,1,1,0,1,1,2,0.666667,0.75,0,0,0
29370,,7,0,1,1,0,1,1,9,0.209781,0.215335,0,0,0
29372,,16,0,1,1,0,1,1,8,0.244433,0.254493,0,0,0
29373,,16,0,1,1,0,1,1,10,0.192202,0.196641,0,0,0
29375,,65,0,1,1,0,1,1,8,0.235576,0.242737,0,0,0
29376,,7,2,1,3,2,1,3,9,0.188587,0.192382,1,0,0.000341
29377,,7,1,2,3,1,2,3,8,0.232416,0.239667,18827,0,0.000178
29378,,22,1,1,2,1,1,2,9,0.214045,0.219989,18827,0,0.000168
29379,,2,0,1,1,0,1,1,9,0.217837,0.224577,0,0,0
29382,,569,0,1,1,0,1,1,1,1,1,0,0,0
29383,,569,1,0,1,1,0,1,0,0,0,0,0,0.000168
29384,,16,0,1,1,0,1,1,9,0.217908,0.22531,0,0,0
29386,,7,0,2,2,0,2,2,9,0.203828,0.208851,0,0.5,0
29387,,7,0,1,1,0,1,1,8,0.245108,0.253561,0,0,0
29388,,7,0,3,3,0,3,3,8,0.23586,0.243412,0,0.166667,0
29389,,7,3,4,7,3,4,7,8,0.243014,0.252809,19527.592945,0.119048,0.000504
29391,,32,0,1,1,0,1,1,8,0.245851,0.255055,0,0,0
29392,,41,0,1,1,0,1,1,9,0.204226,0.20904,0,0,0
29549,,41,1,5,6,1,5,6,8,0.278351,0.291459,55913.742158,0.133333,0.000191
33005,,41,1,1,2,1,1,2,9,0.20422,0.209025,0,0,0.000191
29394,,41,0,1,1,0,1,1,8,0.231378,0.23929,0,0,0
29395,,67,0,3,3,0,3,3,9,0.222331,0.229695,0,0.5,0
29396,,2,0,1,1,0,1,1,9,0.217837,0.224577,0,0,0
29398,,41,0,1,1,0,1,1,8,0.257544,0.268689,0,0,0
29401,,39,0,2,2,0,2,2,9,0.225473,0.232669,0,0,0
29403,,2,0,3,3,0,3,3,8,0.232996,0.241046,0,0.333333,0
29405,,36,0,1,1,0,1,1,9,0.202084,0.207066,0,0,0
29406,,41,0,1,1,0,1,1,1,1,1,0,0,0
29408,,7,0,1,1,0,1,1,8,0.24685,0.256506,0,0,0
33613,,7,1,0,1,1,0,1,0,0,0,0,0,0.000303
29410,,41,0,1,1,0,1,1,9,0.186402,0.190307,0,0,0
29411,,2,0,1,1,0,1,1,9,0.217837,0.224577,0,0,0
29412,,7,0,1,1,0,1,1,8,0.262756,0.273466,0,0,0
29413,,41,0,2,2,0,2,2,9,0.218428,0.225184,0,0,0
29414,,7,0,1,1,0,1,1,8,0.229797,0.237062,0,0,0
29415,,16,0,1,1,0,1,1,9,0.20702,0.213137,0,0,0
29417,,7,0,2,2,0,2,2,8,0.224545,0.231755,0,1,0
29419,,570,0,1,1,0,1,1,1,1,1,0,0,0
29420,,570,1,0,1,1,0,1,0,0,0,0,0,0.000168
29424,,16,0,1,1,0,1,1,8,0.23897,0.247046,0,0,0
29427,,69,0,2,2,0,2,2,8,0.224728,0.231599,0,1,0
29428,,7,0,3,3,0,3,3,8,0.244618,0.253637,0,0.666667,0
29429,,7,0,1,1,0,1,1,8,0.245108,0.253561,0,0,0
29430,,36,0,1,1,0,1,1,10,0.160671,0.163033,0,0,0
29433,,53,0,1,1,0,1,1,9,0.209505,0.21502,0,0,0
29434,,7,0,1,1,0,1,1,8,0.244564,0.253553,0,0,0
29436,,16,0,1,1,0,1,1,9,0.191436,0.195388,0,0,0
29437,,41,0,1,1,0,1,1,8,0.257544,0.268689,0,0,0
29438,,7,0,2,2,0,2,2,8,0.259497,0.270115,0,0.5,0
29441,,41,0,1,1,0,1,1,8,0.257544,0.268689,0,0,0
29442,,65,0,1,1,0,1,1,8,0.234438,0.242011,0,0,0
29444,,16,0,1,1,0,1,1,8,0.232418,0.240737,0,0,0
29445,,7,0,1,1,0,1,1,9,0.213055,0.219102,0,0,0
29447,,7,0,1,1,0,1,1,8,0.262756,0.273466,0,0,0
29451,,7,0,1,1,0,1,1,9,0.234856,0.243135,0,0,0
29454,,16,0,2,2,0,2,2,9,0.235123,0.243315,0,1,0
29455,,7,0,1,1,0,1,1,9,0.225166,0.232311,0,0,0
29457,,7,0,1,1,0,1,1,8,0.238229,0.245889,0,0,0
29458,,41,0,1,1,0,1,1,8,0.257544,0.268689,0,0,0
29459,,16,0,1,1,0,1,1,9,0.209403,0.215495,0,0,0
29460,,7,0,1,1,0,1,1,9,0.215698,0.221716,0,0,0
34741,,449,1,0,1,1,0,1,0,0,0,0,0,0.000186
29462,,7,0,1,1,0,1,1,9,0.217001,0.22352,0,0,0
29463,,16,0,1,1,0,1,1,9,0.218178,0.22459,0,0,0
29466,,65,0,4,4,0,4,4,8,0.234462,0.242131,0,0.416667,0
29467,,65,0,1,1,0,1,1,10,0.173471,0.176828,0,0,0
29470,,16,0,2,2,0,2,2,8,0.246662,0.256187,0,1,0
29472,,16,0,3,3,0,3,3,8,0.262767,0.274089,0,0,0
29473,,7,0,1,1,0,1,1,8,0.219895,0.226484,0,0,0
29474,,7,0,1,1,0,1,1,9,0.218282,0.224678,0,0,0
29475,,16,0,1,1,0,1,1,9,0.232386,0.240377,0,0,0
29681,,7,1,0,1,1,0,1,0,0,0,0,0,0.000206
29482,,14,0,2,2,0,2,2,8,0.24909,0.25814,0,1,0
29483,,7,0,1,1,0,1,1,8,0.244564,0.253553,0,0,0
29486,,7,0,1,1,0,1,1,8,0.252153,0.261614,0,0,0
29487,,7,0,4,4,0,4,4,8,0.241623,0.250105,0,0.083333,0
29488,,1,0,2,2,0,2,2,9,0.218046,0.22484,0,0.5,0
29493,,7,0,1,1,0,1,1,10,0.179156,0.182314,0,0,0
29495,,7,0,1,1,0,1,1,9,0.231387,0.239068,0,0,0
29496,,1,0,1,1,0,1,1,8,0.226147,0.233528,0,0,0
29501,,2,0,1,1,0,1,1,10,0.161225,0.163673,0,0,0
29502,,2,1,1,2,1,1,2,9,0.192204,0.196371,18827,0,0.000168
29503,,2,0,2,2,0,2,2,8,0.229192,0.236803,0,1,0
29506,,41,0,1,1,0,1,1,9,0.234736,0.243231,0,0,0
29507,,7,0,1,1,0,1,1,9,0.213897,0.219946,0,0,0
29509,,7,0,1,1,0,1,1,9,0.213897,0.219946,0,0,0
29510,,571,0,1,1,0,1,1,1,1,1,0,0,0
29511,,571,1,0,1,1,0,1,0,0,0,0,0,0.000168
29512,,16,0,1,1,0,1,1,9,0.193292,0.198076,0,0,0
29513,,41,0,1,1,0,1,1,2,0.666667,0.75,0,0,0
29515,,25,0,2,2,0,2,2,8,0.244288,0.253238,0,0,0
29517,,41,0,1,1,0,1,1,9,0.217487,0.223937,0,0,0
29520,,7,0,1,1,0,1,1,8,0.257706,0.267944,0,0,0
29525,,7,0,1,1,0,1,1,8,0.223971,0.231195,0,0,0
29527,,7,0,1,1,0,1,1,9,0.226389,0.233867,0,0,0
29528,,16,0,1,1,0,1,1,8,0.234108,0.241443,0,0,0
29533,,7,0,1,1,0,1,1,9,0.235349,0.243061,0,0,0
29537,,7,0,1,1,0,1,1,9,0.214123,0.219985,0,0,0
29538,,7,0,1,1,0,1,1,9,0.224355,0.231466,0,0,0
29540,,16,0,1,1,0,1,1,9,0.201391,0.206745,0,0,0
29541,,7,0,1,1,0,1,1,8,0.224983,0.23254,0,0,0
29545,,7,0,1,1,0,1,1,8,0.242713,0.250553,0,0,0
29546,,7,0,1,1,0,1,1,8,0.224179,0.231106,0,0,0
29547,,25,0,1,1,0,1,1,8,0.234155,0.242097,0,0,0
34140,,41,1,0,1,1,0,1,0,0,0,0,0,0.000173
29551,,7,0,1,1,0,1,1,8,0.265449,0.276753,0,0,0
29553,,2,0,1,1,0,1,1,11,0.151741,0.153982,0,0,0
29555,,2,0,1,1,0,1,1,11,0.151741,0.153982,0,0,0
29558,,81,0,2,2,0,2,2,9,0.197505,0.20205,0,0,0
29559,,572,0,1,1,0,1,1,1,1,1,0,0,0
29560,,572,1,0,1,1,0,1,0,0,0,0,0,0.000168
29562,,7,0,1,1,0,1,1,9,0.231387,0.239068,0,0,0
29563,,7,0,1,1,0,1,1,9,0.185181,0.189099,0,0,0
29564,,14,0,1,1,0,1,1,8,0.249084,0.258104,0,0,0
29566,,7,0,1,1,0,1,1,9,0.198884,0.203512,0,0,0
29570,,7,0,1,1,0,1,1,8,0.261475,0.272568,0,0,0
29571,,2,0,1,1,0,1,1,1,1,1,0,0,0
29573,,16,0,1,1,0,1,1,9,0.213502,0.219414,0,0,0
29575,,12,0,1,1,0,1,1,10,0.168625,0.171488,0,0,0
29576,,16,0,1,1,0,1,1,8,0.216596,0.222828,0,0,0
29578,,573,0,1,1,0,1,1,2,0.666667,0.75,0,0,0
29579,,16,0,4,4,0,4,4,8,0.240727,0.250374,0,0,0
29580,,16,0,3,3,0,3,3,8,0.252163,0.26236,0,0.5,0
29581,,16,0,2,2,0,2,2,8,0.248171,0.258946,0,0.5,0
29582,,574,0,1,1,0,1,1,1,1,1,0,0,0
29583,,574,1,0,1,1,0,1,0,0,0,0,0,0.000168
29593,,2,0,1,1,0,1,1,9,0.217837,0.224577,0,0,0
29595,,32,0,1,1,0,1,1,1,1,1,0,0,0
29596,,1,0,1,1,0,1,1,8,0.232191,0.239323,0,0,0
29597,,2,0,1,1,0,1,1,9,0.208252,0.214065,0,0,0
29598,,7,0,1,1,0,1,1,8,0.235482,0.243225,0,0,0
29600,,69,0,1,1,0,1,1,8,0.224722,0.231564,0,0,0
29601,,16,0,1,1,0,1,1,9,0.201719,0.206667,0,0,0
29603,,7,0,1,1,0,1,1,9,0.209921,0.215455,0,0,0
29606,,36,0,1,1,0,1,1,9,0.212999,0.219178,0,0,0
29607,,2,0,1,1,0,1,1,9,0.217837,0.224577,0,0,0
29609,,2,0,1,1,0,1,1,8,0.235883,0.243933,0,0,0
29610,,7,0,1,1,0,1,1,9,0.21248,0.218221,0,0,0
29611,,16,0,1,1,0,1,1,8,0.23674,0.244313,0,0,0
29614,,7,0,6,6,0,6,6,7,0.295687,0.310502,0,0.6,0
29616,,41,0,1,1,0,1,1,9,0.211911,0.217599,0,0,0
29619,,67,0,1,1,0,1,1,10,0.185165,0.18879,0,0,0
29621,,14,0,1,1,0,1,1,9,0.226458,0.233655,0,0,0
29622,,67,0,1,1,0,1,1,2,0.666667,0.75,0,0,0
29623,,67,0,1,1,0,1,1,2,0.666667,0.75,0,0,0
29625,,7,0,1,1,0,1,1,8,0.237616,0.244944,0,0,0
29626,,81,0,2,2,0,2,2,8,0.241254,0.248913,0,0.5,0
29627,,16,0,1,1,0,1,1,9,0.221304,0.228388,0,0,0
29628,,7,0,1,1,0,1,1,9,0.210294,0.215825,0,0,0
29629,,575,0,1,1,0,1,1,1,1,1,0,0,0
29630,,575,1,0,1,1,0,1,0,0,0,0,0,0.000168
29631,,7,0,1,1,0,1,1,9,0.250609,0.260973,0,0,0
29633,,41,0,1,1,0,1,1,10,0.174198,0.17752,0,0,0
29635,,14,0,2,2,0,2,2,9,0.229202,0.237261,0,0,0
29636,,7,0,8,8,0,8,8,8,0.257273,0.267295,0,0.071429,0
29637,,16,0,1,1,0,1,1,9,0.20277,0.207653,0,0,0
29639,,16,0,1,1,0,1,1,9,0.219196,0.225231,0,0,0
29641,,7,0,1,1,0,1,1,8,0.261475,0.272568,0,0,0
29643,,16,0,1,1,0,1,1,9,0.229659,0.236946,0,0,0
29644,,7,0,1,1,0,1,1,9,0.214817,0.221092,0,0,0
29645,,41,0,1,1,0,1,1,9,0.217729,0.223726,0,0,0
29647,,7,0,1,1,0,1,1,8,0.240484,0.248319,0,0,0
29649,,7,0,1,1,0,1,1,9,0.195147,0.199853,0,0,0
29651,,7,0,2,2,0,2,2,9,0.246362,0.256014,0,1,0
29652,,382,0,2,2,0,2,2,8,0.262827,0.27359,0,0.5,0
29653,,7,1,2,3,1,2,3,8,0.265536,0.276907,18827,0,0.000168
29656,,16,0,1,1,0,1,1,10,0.167469,0.170715,0,0,0
29658,,7,0,1,1,0,1,1,9,0.209117,0.214172,0,0,0
29659,,16,0,1,1,0,1,1,8,0.229011,0.236303,0,0,0
29661,,7,0,1,1,0,1,1,8,0.230898,0.237812,0,0,0
29662,,16,0,1,1,0,1,1,8,0.231783,0.238682,0,0,0
29666,,7,0,1,1,0,1,1,8,0.251664,0.260845,0,0,0
29667,,69,0,1,1,0,1,1,9,0.220966,0.227679,0,0,0
29670,,16,0,1,1,0,1,1,9,0.207439,0.213277,0,0,0
29673,,7,0,1,1,0,1,1,8,0.229363,0.236176,0,0,0
29676,,53,0,2,2,0,2,2,9,0.209189,0.214609,0,0.5,0
29678,,7,0,2,2,0,2,2,8,0.26567,0.277025,0,1,0
29679,,32,0,1,1,0,1,1,1,1,1,0,0,0
29680,,7,0,1,1,0,1,1,9,0.207296,0.21267,0,0,0
29685,,7,0,1,1,0,1,1,10,0.178303,0.181862,0,0,0
29687,,12,0,1,1,0,1,1,9,0.185524,0.189879,0,0,0
29688,,12,0,2,2,0,2,2,9,0.199847,0.205116,0,1,0
29689,,12,0,1,1,0,1,1,9,0.185524,0.189879,0,0,0
29690,,12,0,1,1,0,1,1,9,0.185524,0.189879,0,0,0
29691,,67,0,2,2,0,2,2,9,0.224126,0.231661,0,1,0
29692,,12,0,1,1,0,1,1,9,0.185524,0.189879,0,0,0
29693,,12,0,2,2,0,2,2,9,0.199847,0.205116,0,1,0
29695,,67,0,1,1,0,1,1,9,0.218335,0.225066,0,0,0
29697,,12,0,1,1,0,1,1,9,0.185524,0.189879,0,0,0
29698,,12,0,1,1,0,1,1,9,0.185524,0.189879,0,0,0
29699,,12,0,2,2,0,2,2,9,0.199847,0.205116,0,1,0
29700,,41,0,2,2,0,2,2,9,0.193266,0.198141,0,0.5,0
29701,,69,0,1,1,0,1,1,9,0.232711,0.240726,0,0,0
29702,,12,0,1,1,0,1,1,9,0.185524,0.189879,0,0,0
29703,,7,0,1,1,0,1,1,8,0.262756,0.273466,0,0,0
29704,,65,0,1,1,0,1,1,9,0.196125,0.200716,0,0,0
29705,,12,0,1,1,0,1,1,9,0.185524,0.189879,0,0,0
29706,,12,0,1,1,0,1,1,9,0.185524,0.189879,0,0,0
29708,,67,0,1,1,0,1,1,13,0.116243,0.117269,0,0,0
29709,,12,0,5,5,0,5,5,9,0.203331,0.209065,0,0.5,0
29710,,12,0,1,1,0,1,1,9,0.185524,0.189879,0,0,0
29712,,67,0,2,2,0,2,2,9,0.206275,0.212067,0,0,0
29716,,16,0,1,1,0,1,1,9,0.193566,0.19765,0,0,0
29717,,12,0,1,1,0,1,1,9,0.185524,0.189879,0,0,0
29718,,1,0,1,1,0,1,1,8,0.229614,0.236445,0,0,0
29719,,12,0,1,1,0,1,1,9,0.185524,0.189879,0,0,0
29720,,576,0,1,1,0,1,1,10,0.184655,0.18877,0,0,0
29723,,67,0,1,1,0,1,1,10,0.174383,0.177526,0,0,0
29725,,67,0,1,1,0,1,1,9,0.221969,0.229196,0,0,0
29726,,25,0,1,1,0,1,1,9,0.211834,0.217468,0,0,0
29729,,12,0,1,1,0,1,1,9,0.185524,0.189879,0,0,0
29730,,2,0,2,2,0,2,2,10,0.170035,0.173201,0,0.5,0
34088,,16,1,2,3,1,2,3,8,0.231844,0.239112,17.468792,0,0.000218
29732,,14,0,1,1,0,1,1,8,0.249084,0.258104,0,0,0
29733,,12,0,1,1,0,1,1,9,0.185524,0.189879,0,0,0
29734,,12,0,1,1,0,1,1,9,0.185524,0.189879,0,0,0
29735,,12,0,1,1,0,1,1,9,0.185524,0.189879,0,0,0
29737,,12,0,2,2,0,2,2,8,0.258318,0.268766,0,0,0
29739,,2,0,1,1,0,1,1,9,0.217837,0.224577,0,0,0
29740,,16,0,2,2,0,2,2,11,0.153497,0.155687,0,0,0
33468,,16,1,0,1,1,0,1,0,0,0,0,0,0.000168
29744,,67,0,1,1,0,1,1,8,0.240355,0.248397,0,0,0
29746,,41,0,1,1,0,1,1,8,0.235753,0.244207,0,0,0
29749,,41,0,1,1,0,1,1,8,0.257544,0.268689,0,0,0
29750,,2,0,1,1,0,1,1,9,0.189338,0.193526,0,0,0
29752,,36,0,2,2,0,2,2,8,0.262793,0.273536,0,0,0
29753,,14,0,1,1,0,1,1,9,0.216455,0.222514,0,0,0
29754,,7,0,1,1,0,1,1,8,0.254062,0.263563,0,0,0
29755,,7,0,1,1,0,1,1,9,0.223336,0.230404,0,0,0
29756,,67,0,1,1,0,1,1,1,1,1,0,0,0
29758,,577,0,2,2,0,2,2,8,0.24231,0.250654,0,0,0
31183,,577,1,0,1,1,0,1,0,0,0,0,0,0.000168
29759,,36,0,2,2,0,2,2,8,0.23017,0.237721,0,0,0
29760,,2,0,1,1,0,1,1,8,0.235883,0.243933,0,0,0
34420,,7,1,0,1,1,0,1,0,0,0,0,0,0.000176
29762,,53,0,1,1,0,1,1,9,0.191129,0.195246,0,0,0
29763,,7,0,1,1,0,1,1,9,0.218682,0.225135,0,0,0
29764,,7,0,1,1,0,1,1,8,0.257706,0.267944,0,0,0
29765,,7,0,1,1,0,1,1,8,0.262756,0.273466,0,0,0
29766,,7,0,1,1,0,1,1,1,1,1,0,0,0
29767,,7,0,1,1,0,1,1,9,0.189323,0.19339,0,0,0
29769,,7,0,1,1,0,1,1,9,0.189323,0.19339,0,0,0
29771,,2,0,3,3,0,3,3,9,0.205396,0.210724,0,0.5,0
29772,,12,0,1,1,0,1,1,9,0.185524,0.189879,0,0,0
29773,,12,0,1,1,0,1,1,9,0.185524,0.189879,0,0,0
29775,,12,0,1,1,0,1,1,9,0.185524,0.189879,0,0,0
29776,,2,0,3,3,0,3,3,8,0.235059,0.243336,0,0,0
29782,,2,1,0,1,1,0,1,0,0,0,0,0,0.000168
29777,,16,0,1,1,0,1,1,10,0.183039,0.186821,0,0,0
29778,,16,0,1,1,0,1,1,9,0.2263,0.234284,0,0,0
29779,,16,0,2,2,0,2,2,8,0.230856,0.239094,0,1,0
29780,,12,0,1,1,0,1,1,9,0.185524,0.189879,0,0,0
29781,,7,0,5,5,0,5,5,8,0.25242,0.261706,0,0.15,0
29783,,12,0,1,1,0,1,1,9,0.185524,0.189879,0,0,0
29784,,12,0,1,1,0,1,1,9,0.185524,0.189879,0,0,0
29785,,12,0,1,1,0,1,1,9,0.185524,0.189879,0,0,0
29786,,41,0,1,1,0,1,1,9,0.234736,0.243231,0,0,0
29787,,7,0,1,1,0,1,1,9,0.222889,0.229835,0,0,0
29789,,2,0,1,1,0,1,1,9,0.18897,0.193135,0,0,0
29790,,7,0,1,1,0,1,1,9,0.21129,0.217018,0,0,0
29793,,36,0,1,1,0,1,1,8,0.225838,0.233103,0,0,0
29794,,7,0,3,3,0,3,3,8,0.267916,0.279376,0,1,0
29795,,12,0,1,1,0,1,1,9,0.185524,0.189879,0,0,0
29796,,12,0,1,1,0,1,1,9,0.185524,0.189879,0,0,0
29797,,16,0,1,1,0,1,1,8,0.236167,0.244733,0,0,0
29799,,7,0,1,1,0,1,1,9,0.223851,0.230913,0,0,0
29800,,53,0,1,1,0,1,1,10,0.188052,0.192177,0,0,0
29801,,41,0,1,1,0,1,1,8,0.236961,0.24442,0,0,0
29802,,12,0,1,1,0,1,1,9,0.185524,0.189879,0,0,0
29803,,12,0,1,1,0,1,1,9,0.185524,0.189879,0,0,0
29804,,12,0,1,1,0,1,1,9,0.185524,0.189879,0,0,0
29805,,12,0,1,1,0,1,1,9,0.185524,0.189879,0,0,0
29808,,16,0,1,1,0,1,1,9,0.223681,0.230334,0,0,0
29809,,12,0,1,1,0,1,1,9,0.185524,0.189879,0,0,0
29810,,12,0,1,1,0,1,1,9,0.185524,0.189879,0,0,0
29811,,12,0,1,1,0,1,1,9,0.185524,0.189879,0,0,0
29813,,12,0,1,1,0,1,1,9,0.185524,0.189879,0,0,0
29814,,12,0,2,2,0,2,2,9,0.209732,0.21584,0,0,0
29815,,12,0,1,1,0,1,1,9,0.185524,0.189879,0,0,0
29816,,16,0,1,1,0,1,1,9,0.212975,0.218717,0,0,0
29817,,41,0,1,1,0,1,1,9,0.217797,0.224336,0,0,0
29819,,16,0,1,1,0,1,1,9,0.221416,0.228332,0,0,0
29820,,2,0,1,1,0,1,1,9,0.213011,0.218609,0,0,0
29821,,12,0,1,1,0,1,1,9,0.185524,0.189879,0,0,0
29822,,12,0,1,1,0,1,1,9,0.185524,0.189879,0,0,0
29823,,12,0,1,1,0,1,1,9,0.185524,0.189879,0,0,0
29824,,12,0,2,2,0,2,2,9,0.185614,0.190164,0,1,0
29825,,12,0,1,1,0,1,1,9,0.185524,0.189879,0,0,0
29826,,7,0,1,1,0,1,1,8,0.230345,0.238007,0,0,0
29827,,12,0,1,1,0,1,1,9,0.185524,0.189879,0,0,0
29828,,12,0,1,1,0,1,1,9,0.185524,0.189879,0,0,0
29829,,12,0,1,1,0,1,1,9,0.185524,0.189879,0,0,0
29831,,36,0,1,1,0,1,1,9,0.21389,0.220139,0,0,0
29832,,7,0,1,1,0,1,1,9,0.223846,0.23106,0,0,0
29834,,7,0,1,1,0,1,1,9,0.193288,0.197616,0,0,0
29836,,578,0,1,1,0,1,1,1,1,1,0,0,0
29837,,578,1,0,1,1,0,1,0,0,0,0,0,0.000168
29838,,12,0,3,3,0,3,3,9,0.209844,0.216123,0,0.5,0
29839,,12,0,1,1,0,1,1,9,0.185524,0.189879,0,0,0
29840,,12,0,1,1,0,1,1,9,0.185524,0.189879,0,0,0
29842,,12,0,1,1,0,1,1,9,0.185524,0.189879,0,0,0
29843,,12,0,1,1,0,1,1,9,0.185524,0.189879,0,0,0
29844,,12,0,1,1,0,1,1,9,0.185524,0.189879,0,0,0
29845,,16,0,6,6,0,6,6,8,0.249447,0.259285,0,0.133333,0
29846,,12,0,1,1,0,1,1,9,0.209781,0.215204,0,0,0
29847,,12,0,1,1,0,1,1,9,0.209781,0.215204,0,0,0
29848,,41,0,1,1,0,1,1,9,0.234736,0.243231,0,0,0
29849,,12,0,1,1,0,1,1,9,0.185524,0.189879,0,0,0
29850,,12,0,2,2,0,2,2,9,0.212763,0.218557,0,0,0
29851,,2,0,1,1,0,1,1,9,0.217837,0.224577,0,0,0
29853,,12,0,1,1,0,1,1,9,0.185524,0.189879,0,0,0
29854,,7,0,1,1,0,1,1,8,0.23274,0.240511,0,0,0
29855,,12,0,1,1,0,1,1,9,0.185524,0.189879,0,0,0
29857,,12,0,1,1,0,1,1,9,0.185524,0.189879,0,0,0
29858,,16,0,2,2,0,2,2,9,0.222531,0.229652,0,0.5,0
29859,,7,0,1,1,0,1,1,8,0.231304,0.237928,0,0,0
29861,,12,0,1,1,0,1,1,9,0.185524,0.189879,0,0,0
29863,,12,0,1,1,0,1,1,9,0.185524,0.189879,0,0,0
29864,,12,0,1,1,0,1,1,9,0.185524,0.189879,0,0,0
29865,,7,0,1,1,0,1,1,8,0.234991,0.243288,0,0,0
29867,,41,0,1,1,0,1,1,8,0.228356,0.235614,0,0,0
29868,,7,0,1,1,0,1,1,9,0.226406,0.233591,0,0,0
29869,,16,0,1,1,0,1,1,9,0.22643,0.233486,0,0,0
29871,,16,0,1,1,0,1,1,8,0.239859,0.247713,0,0,0
29874,,16,0,2,2,0,2,2,8,0.228416,0.235351,0,0.5,0
29875,,41,0,1,1,0,1,1,8,0.257544,0.268689,0,0,0
29876,,2,0,1,1,0,1,1,8,0.235883,0.243933,0,0,0
29877,,7,0,1,1,0,1,1,10,0.179156,0.182314,0,0,0
29878,,2,0,1,1,0,1,1,1,1,1,0,0,0
29882,,16,0,1,1,0,1,1,9,0.219196,0.225231,0,0,0
29883,,7,0,1,1,0,1,1,1,1,1,0,0,0
29885,,16,0,1,1,0,1,1,9,0.201915,0.206674,0,0,0
29888,,16,0,1,1,0,1,1,9,0.201253,0.206248,0,0,0
29889,,7,0,1,1,0,1,1,8,0.261475,0.272568,0,0,0
29890,,7,0,1,1,0,1,1,8,0.240656,0.249158,0,0,0
29892,,2,0,1,1,0,1,1,10,0.173186,0.176402,0,0,0
29895,,7,0,1,1,0,1,1,9,0.215276,0.221125,0,0,0
29896,,41,0,1,1,0,1,1,8,0.257544,0.268689,0,0,0
29897,,7,0,1,1,0,1,1,8,0.235026,0.242987,0,0,0
29900,,16,0,2,2,0,2,2,9,0.233629,0.24153,0,0,0
29901,,16,0,1,1,0,1,1,9,0.191637,0.196079,0,0,0
29905,,69,0,1,1,0,1,1,9,0.232711,0.240726,0,0,0
29908,,16,0,1,1,0,1,1,10,0.18472,0.18866,0,0,0
29912,,7,0,1,1,0,1,1,8,0.23625,0.244472,0,0,0
29914,,7,0,1,1,0,1,1,9,0.20077,0.205454,0,0,0
29919,,7,0,2,2,0,2,2,9,0.225792,0.23294,0,1,0
29920,,579,0,2,2,0,2,2,1,1,1,0,0,0
29921,,579,1,0,1,1,0,1,0,0,0,0,0,0.000168
29924,,16,0,1,1,0,1,1,8,0.251382,0.261452,0,0,0
29925,,16,0,1,1,0,1,1,8,0.240389,0.248209,0,0,0
29926,,7,0,1,1,0,1,1,9,0.239538,0.247501,0,0,0
29927,,41,0,1,1,0,1,1,9,0.210713,0.216558,0,0,0
29928,,67,0,2,2,0,2,2,8,0.240825,0.249022,0,1,0
29929,,41,0,1,1,0,1,1,1,1,1,0,0,0
29930,,7,0,1,1,0,1,1,1,1,1,0,0,0
29932,,41,0,1,1,0,1,1,9,0.198612,0.203043,0,0,0
29937,,16,0,1,1,0,1,1,8,0.230667,0.237711,0,0,0
29940,,7,0,1,1,0,1,1,8,0.261475,0.272568,0,0,0
29941,,7,0,8,8,0,8,8,8,0.251479,0.261216,0,0.035714,0
29942,,7,0,1,1,0,1,1,9,0.213262,0.219061,0,0,0
29945,,7,0,1,1,0,1,1,1,1,1,0,0,0
29947,,7,0,1,1,0,1,1,8,0.217234,0.223577,0,0,0
29948,,32,0,1,1,0,1,1,9,0.216731,0.222572,0,0,0
29955,,7,0,1,1,0,1,1,8,0.262756,0.273466,0,0,0
29957,,7,0,1,1,0,1,1,8,0.240465,0.248606,0,0,0
29958,,32,0,1,1,0,1,1,10,0.173147,0.17633,0,0,0
29959,,7,0,1,1,0,1,1,10,0.184289,0.188001,0,0,0
29960,,7,0,2,2,0,2,2,8,0.239954,0.247965,0,0,0
29961,,41,0,1,1,0,1,1,8,0.257544,0.268689,0,0,0
29962,,7,0,1,1,0,1,1,10,0.182813,0.18679,0,0,0
29964,,7,0,1,1,0,1,1,9,0.232872,0.240708,0,0,0
29966,,580,1,0,1,1,0,1,0,0,0,0,0,0.000175
29967,,7,0,1,1,0,1,1,9,0.209259,0.214889,0,0,0
29968,,67,0,1,1,0,1,1,9,0.221969,0.229196,0,0,0
29969,,16,0,1,1,0,1,1,9,0.189968,0.194389,0,0,0
29971,,16,0,1,1,0,1,1,9,0.220068,0.2272,0,0,0
29973,,16,0,3,3,0,3,3,8,0.250983,0.261002,0,1,0
29975,,12,0,1,1,0,1,1,10,0.166989,0.170075,0,0,0
29976,,16,0,1,1,0,1,1,8,0.236535,0.24595,0,0,0
29977,,16,0,1,1,0,1,1,9,0.204541,0.20984,0,0,0
29978,,7,0,2,2,0,2,2,9,0.235494,0.242998,0,0,0
29979,,7,0,1,1,0,1,1,9,0.229752,0.236924,0,0,0
29980,,36,0,1,1,0,1,1,9,0.219117,0.22557,0,0,0
29982,,1,0,1,1,0,1,1,8,0.242388,0.250662,0,0,0
29983,,16,0,1,1,0,1,1,9,0.200469,0.205801,0,0,0
29984,,16,0,1,1,0,1,1,8,0.239018,0.246295,0,0,0
29985,,581,0,1,1,0,1,1,1,1,1,0,0,0
29986,,581,1,0,1,1,0,1,0,0,0,0,0,0.000168
29987,,7,0,1,1,0,1,1,8,0.245108,0.253561,0,0,0
29988,,582,0,1,1,0,1,1,1,1,1,0,0,0
29989,,582,1,0,1,1,0,1,0,0,0,0,0,0.000168
29990,,22,0,2,2,0,2,2,10,0.196315,0.201109,0,0.5,0
29991,,41,0,1,1,0,1,1,2,0.666667,0.75,0,0,0
29995,,7,0,1,1,0,1,1,8,0.235105,0.243285,0,0,0
29996,,7,0,1,1,0,1,1,8,0.232406,0.239626,0,0,0
29998,,7,0,1,1,0,1,1,9,0.209259,0.214889,0,0,0
29999,,7,0,1,1,0,1,1,8,0.242713,0.250553,0,0,0
30001,,7,0,1,1,0,1,1,9,0.208176,0.213378,0,0,0
30002,,583,0,1,1,0,1,1,1,1,1,0,0,0
30003,,583,1,0,1,1,0,1,0,0,0,0,0,0.000168
30005,,53,0,1,1,0,1,1,10,0.177702,0.181296,0,0,0
30009,,65,0,1,1,0,1,1,8,0.236841,0.24458,0,0,0
30011,,16,0,3,3,0,3,3,8,0.251422,0.261557,0,0.666667,0
30012,,7,0,1,1,0,1,1,10,0.184289,0.188001,0,0,0
30013,,7,0,1,1,0,1,1,8,0.231928,0.239836,0,0,0
30014,,7,0,1,1,0,1,1,9,0.226164,0.233246,0,0,0
30018,,7,0,1,1,0,1,1,9,0.201902,0.20673,0,0,0
30019,,7,0,1,1,0,1,1,9,0.222009,0.228904,0,0,0
30021,,2,0,1,1,0,1,1,9,0.198121,0.202884,0,0,0
30023,,32,0,2,2,0,2,2,8,0.241489,0.249816,0,0,0
30024,,7,0,1,1,0,1,1,9,0.223851,0.230913,0,0,0
30025,,16,0,2,2,0,2,2,8,0.258031,0.268361,0,0,0
30026,,16,0,1,1,0,1,1,9,0.197516,0.201911,0,0,0
30028,,36,0,1,1,0,1,1,9,0.222639,0.228954,0,0,0
30030,,7,0,1,1,0,1,1,9,0.21061,0.216114,0,0,0
30031,,41,0,1,1,0,1,1,8,0.257544,0.268689,0,0,0
30032,,7,0,1,1,0,1,1,9,0.226164,0.233246,0,0,0
30033,,7,0,1,1,0,1,1,9,0.208769,0.214185,0,0,0
30034,,7,0,1,1,0,1,1,9,0.20749,0.212706,0,0,0
30035,,7,0,1,1,0,1,1,8,0.248433,0.25796,0,0,0
30036,,36,0,1,1,0,1,1,9,0.185957,0.189776,0,0,0
30037,,41,0,3,3,0,3,3,9,0.21954,0.226086,0,0.166667,0
30314,,41,1,1,2,1,1,2,10,0.178641,0.182155,0,0.5,0.000168
30038,,41,0,1,1,0,1,1,8,0.257544,0.268689,0,0,0
30041,,7,0,1,1,0,1,1,8,0.226218,0.233435,0,0,0
30044,,16,0,1,1,0,1,1,9,0.21379,0.219801,0,0,0
30045,,7,0,1,1,0,1,1,9,0.202019,0.206947,0,0,0
30046,,41,0,3,3,0,3,3,8,0.259272,0.270932,0,0.833333,0
30049,,16,0,2,2,0,2,2,8,0.227036,0.23496,0,1,0
30050,,7,0,1,1,0,1,1,9,0.222352,0.229209,0,0,0
30051,,7,0,1,1,0,1,1,8,0.244933,0.25344,0,0,0
30052,,16,0,1,1,0,1,1,8,0.229011,0.236303,0,0,0
30053,,7,2,4,6,2,4,6,8,0.243514,0.25301,37656,0.033333,0.000336
30054,,67,0,1,1,0,1,1,8,0.240355,0.248397,0,0,0
30056,,7,0,1,1,0,1,1,9,0.224481,0.231705,0,0,0
30057,,7,0,1,1,0,1,1,1,1,1,0,0,0
30059,,41,0,2,2,0,2,2,8,0.236434,0.245117,0,1,0
30061,,41,0,1,1,0,1,1,9,0.232863,0.240485,0,0,0
30062,,7,0,2,2,0,2,2,8,0.252214,0.261527,0,0,0
30064,,48,0,1,1,0,1,1,10,0.185121,0.189368,0,0,0
30066,,16,0,1,1,0,1,1,9,0.192354,0.197022,0,0,0
30067,,16,0,1,1,0,1,1,9,0.229957,0.237934,0,0,0
30068,,7,0,1,1,0,1,1,9,0.188812,0.192889,0,0,0
30070,,32,1,1,2,1,1,2,1,1,1,1,0,0.000178
30072,,7,0,1,1,0,1,1,9,0.225592,0.232933,0,0,0
30076,,7,0,1,1,0,1,1,9,0.220127,0.227165,0,0,0
30077,,7,0,1,1,0,1,1,9,0.231745,0.239907,0,0,0
30079,,7,0,16,16,0,16,16,8,0.248378,0.257918,0,0.075,0
30080,,7,1,0,1,1,0,1,0,0,0,0,0,0.000168
30081,,7,0,1,1,0,1,1,8,0.224179,0.231106,0,0,0
30083,,7,0,1,1,0,1,1,8,0.241381,0.249677,0,0,0
30084,,67,0,3,3,0,3,3,9,0.233995,0.244953,0,0.333333,0
30085,,41,0,1,1,0,1,1,9,0.205163,0.210721,0,0,0
30086,,7,0,6,6,0,6,6,8,0.27741,0.29051,0,0.766667,0
30087,,1,0,1,1,0,1,1,1,1,1,0,0,0
30090,,41,0,1,1,0,1,1,9,0.186744,0.19112,0,0,0
30094,,7,0,1,1,0,1,1,9,0.193014,0.197058,0,0,0
30098,,7,0,1,1,0,1,1,9,0.231897,0.239409,0,0,0
30102,,1,0,1,1,0,1,1,9,0.222605,0.230046,0,0,0
30103,,7,0,1,1,0,1,1,9,0.224741,0.232186,0,0,0
30105,,7,0,1,1,0,1,1,8,0.23999,0.247696,0,0,0
30107,,7,0,1,1,0,1,1,9,0.200194,0.2051,0,0,0
30109,,41,0,1,1,0,1,1,9,0.217121,0.223495,0,0,0
30110,,67,0,2,2,0,2,2,9,0.222329,0.229668,0,1,0
30113,,278,0,1,1,0,1,1,3,0.470588,0.520833,0,0,0
30115,,1,0,1,1,0,1,1,9,0.205967,0.21162,0,0,0
30116,,2,0,1,1,0,1,1,9,0.217837,0.224577,0,0,0
30117,,7,0,1,1,0,1,1,9,0.209259,0.214889,0,0,0
30121,,65,0,2,2,0,2,2,9,0.213608,0.219575,0,1,0
30122,,7,0,1,1,0,1,1,8,0.262756,0.273466,0,0,0
30125,,16,0,1,1,0,1,1,9,0.229181,0.2372,0,0,0
30126,,7,0,1,1,0,1,1,9,0.229833,0.237605,0,0,0
30128,,2,0,1,1,0,1,1,9,0.198121,0.202884,0,0,0
30129,,7,0,1,1,0,1,1,9,0.192326,0.197,0,0,0
30130,,1,0,1,1,0,1,1,8,0.230717,0.238683,0,0,0
30131,,7,0,3,3,0,3,3,9,0.229312,0.236665,0,0.166667,0
30133,,1,0,1,1,0,1,1,8,0.230853,0.23867,0,0,0
30134,,41,0,1,1,0,1,1,8,0.257544,0.268689,0,0,0
30136,,16,0,1,1,0,1,1,9,0.212123,0.218423,0,0,0
30138,,36,0,1,1,0,1,1,1,1,1,0,0,0
30139,,7,0,2,2,0,2,2,9,0.19283,0.196976,0,0,0
30141,,41,0,1,1,0,1,1,1,1,1,0,0,0
32416,,53,1,0,1,1,0,1,0,0,0,0,0,0.000208
30145,,41,0,2,2,0,2,2,9,0.2349,0.243497,0,0.5,0
30146,,7,0,2,2,0,2,2,8,0.242722,0.252259,0,0,0
30147,,7,0,1,1,0,1,1,8,0.247064,0.255642,0,0,0
30148,,69,0,1,1,0,1,1,10,0.166982,0.169812,0,0,0
30149,,69,0,1,1,0,1,1,10,0.166982,0.169812,0,0,0
30150,,2,0,1,1,0,1,1,10,0.178879,0.182549,0,0,0
30151,,7,0,1,1,0,1,1,10,0.18324,0.18701,0,0,0
30154,,7,0,1,1,0,1,1,8,0.253959,0.263295,0,0,0
30155,,7,0,3,3,0,3,3,9,0.226911,0.234806,0,0.5,0
30157,,41,0,1,1,0,1,1,8,0.257544,0.268689,0,0,0
30158,,16,0,3,3,0,3,3,8,0.251399,0.261531,0,0.333333,0
30160,,584,0,1,1,0,1,1,9,0.191106,0.195042,0,0,0
30161,,7,0,1,1,0,1,1,9,0.193849,0.198168,0,0,0
30162,,7,0,2,2,0,2,2,8,0.2484,0.25721,0,0,0
30163,,7,0,5,5,0,5,5,8,0.269662,0.281548,0,0.55,0
30165,,36,0,1,1,0,1,1,10,0.16287,0.165687,0,0,0
30167,,67,0,1,1,0,1,1,1,1,1,0,0,0
30168,,7,0,5,5,0,5,5,8,0.259518,0.270769,0,0.2,0
30169,,14,0,1,1,0,1,1,1,1,1,0,0,0
30171,,16,0,1,1,0,1,1,8,0.229011,0.236303,0,0,0
30172,,14,0,1,1,0,1,1,1,1,1,0,0,0
30175,,7,0,4,4,0,4,4,8,0.273768,0.285679,0,0.333333,0
30176,,1,0,1,1,0,1,1,9,0.19879,0.203639,0,0,0
30178,,16,0,1,1,0,1,1,9,0.217668,0.224276,0,0,0
30180,,585,0,1,1,0,1,1,10,0.188771,0.192846,0,0,0
30181,,7,0,1,1,0,1,1,9,0.198884,0.203512,0,0,0
30182,,586,0,1,1,0,1,1,1,1,1,0,0,0
30183,,7,0,1,1,0,1,1,9,0.214123,0.219985,0,0,0
30187,,16,0,1,1,0,1,1,8,0.246659,0.25616,0,0,0
30189,,7,0,1,1,0,1,1,9,0.215946,0.221647,0,0,0
30190,,7,0,1,1,0,1,1,9,0.218246,0.224658,0,0,0
30191,,69,0,1,1,0,1,1,8,0.234973,0.242243,0,0,0
30192,,7,0,1,1,0,1,1,9,0.219898,0.226413,0,0,0
30193,,65,0,1,1,0,1,1,8,0.234438,0.242011,0,0,0
30194,,7,0,2,2,0,2,2,8,0.230443,0.238496,0,0.5,0
30196,,587,1,2,3,1,2,3,9,0.230202,0.23859,18827,0,0.000173
30197,,587,1,1,2,1,1,2,10,0.187127,0.191494,0,0,0.000173
30201,,7,0,1,1,0,1,1,9,0.21183,0.217537,0,0,0
30204,,12,0,1,1,0,1,1,1,1,1,0,0,0
30205,,12,0,1,1,0,1,1,12,0.124015,0.125359,0,0,0
30208,,36,0,1,1,0,1,1,9,0.208767,0.214577,0,0,0
30211,,7,0,1,1,0,1,1,8,0.240656,0.249158,0,0,0
30214,,67,0,1,1,0,1,1,9,0.221969,0.229196,0,0,0
30215,,14,0,1,1,0,1,1,9,0.213582,0.219922,0,0,0
30216,,7,0,1,1,0,1,1,8,0.227028,0.233491,0,0,0
30217,,26,0,1,1,0,1,1,1,1,1,0,0,0
30218,,26,0,1,1,0,1,1,1,1,1,0,0,0
30219,,32,0,1,1,0,1,1,9,0.209774,0.21535,0,0,0
30220,,41,0,1,1,0,1,1,8,0.257544,0.268689,0,0,0
30221,,7,0,2,2,0,2,2,8,0.228425,0.23561,0,0.5,0
30222,,2,0,1,1,0,1,1,8,0.22917,0.236725,0,0,0
30224,,12,0,1,1,0,1,1,9,0.189796,0.194161,0,0,0
30225,,12,0,1,1,0,1,1,9,0.189796,0.194161,0,0,0
30226,,16,0,2,2,0,2,2,8,0.216968,0.223352,0,1,0
30227,,36,1,1,2,1,1,2,9,0.212999,0.219178,18827,0,0.000168
30229,,7,0,1,1,0,1,1,8,0.240656,0.249158,0,0,0
30231,,41,0,1,1,0,1,1,8,0.257544,0.268689,0,0,0
30233,,16,0,1,1,0,1,1,11,0.166952,0.169918,0,0,0
30238,,1,0,1,1,0,1,1,9,0.210708,0.216529,0,0,0
30239,,16,0,1,1,0,1,1,9,0.203588,0.208667,0,0,0
30241,,16,1,1,2,1,1,2,9,0.224852,0.232779,94.725025,0.5,0.00056
30242,,7,0,2,2,0,2,2,8,0.25771,0.26797,0,0.5,0
30244,,7,0,2,2,0,2,2,8,0.248985,0.258923,0,1,0
30248,,7,0,1,1,0,1,1,9,0.226897,0.234639,0,0,0
30249,,12,0,2,2,0,2,2,10,0.179103,0.182865,0,0,0
34543,,12,4,2,6,4,2,6,11,0.151897,0.154181,18833,0,0.000682
30251,,16,0,1,1,0,1,1,8,0.229011,0.236303,0,0,0
30252,,7,0,1,1,0,1,1,9,0.20921,0.214873,0,0,0
30253,,588,0,1,1,0,1,1,1,1,1,0,0,0
30254,,588,1,0,1,1,0,1,0,0,0,0,0,0.000168
30255,,16,0,1,1,0,1,1,8,0.234514,0.24306,0,0,0
30256,,16,0,1,1,0,1,1,9,0.198085,0.202626,0,0,0
30260,,7,0,1,1,0,1,1,9,0.220178,0.227274,0,0,0
30261,,1,0,1,1,0,1,1,8,0.230717,0.238683,0,0,0
30262,,67,0,1,1,0,1,1,9,0.198618,0.203374,0,0,0
30264,,7,0,1,1,0,1,1,8,0.237205,0.244512,0,0,0
30265,,41,0,1,1,0,1,1,8,0.236961,0.24442,0,0,0
30269,,16,0,1,1,0,1,1,9,0.224977,0.23191,0,0,0
30271,,16,0,1,1,0,1,1,8,0.230091,0.237701,0,0,0
30272,,67,0,1,1,0,1,1,1,1,1,0,0,0
30274,,41,0,3,3,0,3,3,8,0.227913,0.234602,0,0,0
31952,,41,1,0,1,1,0,1,0,0,0,0,0,0.000168
35396,,41,1,1,2,1,1,2,9,0.214084,0.219917,201.936326,0,0.000168
30275,,7,0,1,1,0,1,1,8,0.251523,0.26155,0,0,0
30279,,7,0,2,2,0,2,2,8,0.259118,0.269685,0,1,0
30280,,7,0,1,1,0,1,1,8,0.23001,0.236754,0,0,0
30281,,16,0,1,1,0,1,1,8,0.244275,0.253708,0,0,0
32163,,16,1,0,1,1,0,1,0,0,0,0,0,0.000257
30283,,7,0,1,1,0,1,1,8,0.265449,0.276753,0,0,0
30285,,16,0,1,1,0,1,1,8,0.239859,0.247713,0,0,0
30287,,16,0,1,1,0,1,1,9,0.202084,0.206614,0,0,0
30288,,16,0,1,1,0,1,1,9,0.218631,0.224994,0,0,0
30289,,16,0,1,1,0,1,1,9,0.232386,0.240377,0,0,0
30290,,7,0,1,1,0,1,1,9,0.218751,0.224866,0,0,0
30291,,16,0,1,1,0,1,1,9,0.229957,0.237934,0,0,0
30293,,7,0,1,1,0,1,1,8,0.261475,0.272568,0,0,0
30295,,41,0,1,1,0,1,1,9,0.195086,0.199858,0,0,0
30296,,16,0,1,1,0,1,1,8,0.23897,0.247046,0,0,0
30298,,36,0,1,1,0,1,1,9,0.208263,0.213764,0,0,0
30299,,1,0,1,1,0,1,1,8,0.230717,0.238683,0,0,0
30300,,7,0,2,2,0,2,2,8,0.251678,0.260887,0,0,0
30304,,16,0,1,1,0,1,1,9,0.201326,0.206444,0,0,0
30306,,36,1,2,3,1,2,3,10,0.179943,0.183619,18827,0,0.000173
30500,,36,1,1,2,1,1,2,11,0.152503,0.15472,0,0,0.000173
30307,,7,0,1,1,0,1,1,8,0.257706,0.267944,0,0,0
30308,,16,0,1,1,0,1,1,9,0.211392,0.217141,0,0,0
30309,,7,0,1,1,0,1,1,10,0.166718,0.169204,0,0,0
30310,,589,0,1,1,0,1,1,1,1,1,0,0,0
30311,,589,1,0,1,1,0,1,0,0,0,0,0,0.000168
30312,,7,0,1,1,0,1,1,8,0.245108,0.253561,0,0,0
30315,,41,0,3,3,0,3,3,8,0.239724,0.247402,0,0.666667,0
30317,,1,0,1,1,0,1,1,9,0.222605,0.230046,0,0,0
30318,,7,0,1,1,0,1,1,8,0.257706,0.267944,0,0,0
30319,,590,0,1,1,0,1,1,1,1,1,0,0,0
30320,,590,1,0,1,1,0,1,0,0,0,0,0,0.000168
30321,,591,0,2,2,0,2,2,1,1,1,0,0,0
30322,,591,1,0,1,1,0,1,0,0,0,0,0,0.000168
31427,,591,2,0,2,2,0,2,0,0,0,0,0,0.000336
30323,,2,0,1,1,0,1,1,8,0.22917,0.236725,0,0,0
30324,,41,0,1,1,0,1,1,9,0.210713,0.216558,0,0,0
30325,,1,0,1,1,0,1,1,8,0.230717,0.238683,0,0,0
30326,,16,0,1,1,0,1,1,9,0.202812,0.207666,0,0,0
30328,,7,0,1,1,0,1,1,8,0.237958,0.246963,0,0,0
30329,,7,0,1,1,0,1,1,8,0.244933,0.25344,0,0,0
30330,,1,0,2,2,0,2,2,9,0.200734,0.206129,0,0.5,0
30331,,16,0,1,1,0,1,1,9,0.203219,0.20921,0,0,0
30332,,32,0,1,1,0,1,1,9,0.203346,0.208541,0,0,0
30334,,41,0,1,1,0,1,1,10,0.174198,0.17752,0,0,0
30335,,7,0,1,1,0,1,1,8,0.262756,0.273466,0,0,0
30338,,22,0,1,1,0,1,1,9,0.183805,0.188435,0,0,0
30339,,7,0,4,4,0,4,4,8,0.257224,0.267611,0,0.166667,0
30340,,41,0,1,1,0,1,1,9,0.234736,0.243231,0,0,0
30342,,7,0,1,1,0,1,1,1,1,1,0,0,0
30345,,36,0,1,1,0,1,1,9,0.208559,0.213833,0,0,0
30346,,16,0,1,1,0,1,1,9,0.216171,0.222636,0,0,0
30347,,16,0,5,5,0,5,5,8,0.274389,0.287238,0,0.15,0
30348,,16,1,0,1,1,0,1,0,0,0,0,0,0.000168
30349,,16,0,1,1,0,1,1,8,0.234493,0.241933,0,0,0
30350,,36,0,1,1,0,1,1,1,1,1,0,0,0
30355,,16,0,1,1,0,1,1,9,0.199173,0.20434,0,0,0
30356,,16,0,1,1,0,1,1,9,0.199173,0.20434,0,0,0
30357,,65,0,1,1,0,1,1,9,0.200697,0.205965,0,0,0
30358,,41,0,1,1,0,1,1,8,0.257544,0.268689,0,0,0
30360,,7,0,1,1,0,1,1,8,0.262756,0.273466,0,0,0
30361,,16,0,1,1,0,1,1,8,0.235824,0.242716,0,0,0
30363,,592,0,1,1,0,1,1,1,1,1,0,0,0
30364,,592,1,0,1,1,0,1,0,0,0,0,0,0.000168
30366,,593,0,1,1,0,1,1,10,0.173079,0.176055,0,0,0
30367,,7,0,1,1,0,1,1,9,0.226164,0.233246,0,0,0
30368,,1,0,1,1,0,1,1,10,0.191764,0.196581,0,0,0
30369,,41,0,2,2,0,2,2,8,0.235279,0.243654,0,0.5,0
30372,,594,0,2,2,0,2,2,8,0.261485,0.272606,0,0,0
30373,,594,1,0,1,1,0,1,0,0,0,0,0,0.000168
30374,,16,0,2,2,0,2,2,8,0.238322,0.247121,0,0.5,0
30375,,16,0,1,1,0,1,1,10,0.18173,0.185747,0,0,0
30376,,36,0,1,1,0,1,1,10,0.172717,0.175979,0,0,0
30377,,2,0,1,1,0,1,1,9,0.217837,0.224577,0,0,0
30378,,16,0,3,3,0,3,3,9,0.230799,0.238747,0,0.666667,0
30381,,16,0,1,1,0,1,1,9,0.202978,0.208136,0,0,0
30382,,53,0,1,1,0,1,1,9,0.191462,0.195622,0,0,0
30383,,53,0,2,2,0,2,2,9,0.197906,0.202649,0,0,0
30384,,22,0,2,2,0,2,2,8,0.255645,0.265626,0,0.5,0
30386,,16,0,2,2,0,2,2,8,0.240003,0.249458,0,0,0
30387,,7,0,1,1,0,1,1,9,0.220178,0.227274,0,0,0
30388,,7,0,1,1,0,1,1,1,1,1,0,0,0
30390,,7,0,1,1,0,1,1,9,0.229906,0.237162,0,0,0
30391,,7,0,1,1,0,1,1,9,0.210546,0.215947,0,0,0
30392,,7,0,1,1,0,1,1,9,0.212622,0.218545,0,0,0
30393,,7,0,1,1,0,1,1,9,0.214323,0.220605,0,0,0
30395,,22,0,1,1,0,1,1,1,1,1,0,0,0
30397,,67,0,13,13,0,13,13,8,0.229097,0.236063,0,0.00641,0
30398,,67,1,0,1,1,0,1,0,0,0,0,0,0.000168
30401,,16,0,1,1,0,1,1,9,0.232941,0.240927,0,0,0
30403,,7,0,1,1,0,1,1,9,0.22146,0.227964,0,0,0
30405,,595,0,1,1,0,1,1,1,1,1,0,0,0
30406,,595,1,0,1,1,0,1,0,0,0,0,0,0.000168
30408,,7,0,1,1,0,1,1,8,0.262756,0.273466,0,0,0
30410,,7,0,1,1,0,1,1,9,0.21816,0.224584,0,0,0
30411,,7,0,1,1,0,1,1,8,0.234059,0.241902,0,0,0
30412,,41,0,1,1,0,1,1,9,0.214165,0.219651,0,0,0
30413,,7,0,1,1,0,1,1,1,1,1,0,0,0
30414,,12,0,1,1,0,1,1,10,0.168625,0.171488,0,0,0
30415,,12,0,2,2,0,2,2,8,0.240496,0.248373,0,0.5,0
30416,,7,0,1,1,0,1,1,9,0.214179,0.220404,0,0,0
30417,,7,0,1,1,0,1,1,9,0.200066,0.204368,0,0,0
30418,,36,0,1,1,0,1,1,9,0.199733,0.204607,0,0,0
30419,,41,0,1,1,0,1,1,8,0.231378,0.23929,0,0,0
30422,,7,0,1,1,0,1,1,8,0.236336,0.244243,0,0,0
30423,,67,0,2,2,0,2,2,9,0.194139,0.198449,0,1,0
30426,,12,0,1,1,0,1,1,10,0.164896,0.168023,0,0,0
30427,,65,0,1,1,0,1,1,8,0.236841,0.24458,0,0,0
30428,,7,0,1,1,0,1,1,9,0.224741,0.232186,0,0,0
30429,,16,0,1,1,0,1,1,9,0.195481,0.200114,0,0,0
30430,,16,0,2,2,0,2,2,9,0.211525,0.217371,0,0,0
30431,,39,0,1,1,0,1,1,9,0.21407,0.220284,0,0,0
30434,,16,0,4,4,0,4,4,8,0.232558,0.240741,0,0.416667,0
30435,,41,0,1,1,0,1,1,8,0.257544,0.268689,0,0,0
30439,,2,0,2,2,0,2,2,8,0.232987,0.241006,0,1,0
31980,,41,1,0,1,1,0,1,0,0,0,0,0,0.000184
31981,,41,2,0,2,2,0,2,0,0,0,0,0,0.000352
31990,,41,1,0,1,1,0,1,0,0,0,0,0,0.000184
31991,,41,2,0,2,2,0,2,0,0,0,0,0,0.000352
32689,,41,2,0,2,2,0,2,0,0,0,0,0,0.000352
30441,,7,0,1,1,0,1,1,1,1,1,0,0,0
30444,,25,0,1,1,0,1,1,8,0.234155,0.242097,0,0,0
30445,,41,0,3,3,0,3,3,9,0.227184,0.235019,0,0.333333,0
30448,,41,0,1,1,0,1,1,9,0.208855,0.214732,0,0,0
30449,,36,0,1,1,0,1,1,9,0.219954,0.226495,0,0,0
30451,,41,0,1,1,0,1,1,10,0.168098,0.170952,0,0,0
30453,,7,0,1,1,0,1,1,9,0.250609,0.260973,0,0,0
30456,,1,0,2,2,0,2,2,9,0.208602,0.213917,0,0,0
30458,,2,0,1,1,0,1,1,9,0.217837,0.224577,0,0,0
30459,,2,0,1,1,0,1,1,9,0.217837,0.224577,0,0,0
30460,,53,0,1,1,0,1,1,9,0.214913,0.220648,0,0,0
30463,,16,0,4,4,0,4,4,9,0.245268,0.254621,0,0.416667,0
30465,,16,0,2,2,0,2,2,8,0.22905,0.23694,0,0,0
30466,,2,0,1,1,0,1,1,9,0.217837,0.224577,0,0,0
30467,,16,0,1,1,0,1,1,9,0.23172,0.239817,0,0,0
30468,,41,0,1,1,0,1,1,8,0.235753,0.244207,0,0,0
30469,,16,0,1,1,0,1,1,9,0.219196,0.225231,0,0,0
30470,,1,0,1,1,0,1,1,8,0.228936,0.236648,0,0,0
30471,,16,0,2,2,0,2,2,8,0.25445,0.264365,0,0,0
30472,,41,0,1,1,0,1,1,8,0.235753,0.244207,0,0,0
30473,,12,0,1,1,0,1,1,10,0.164896,0.168023,0,0,0
30474,,67,0,1,1,0,1,1,9,0.233244,0.243883,0,0,0
30476,,7,0,1,1,0,1,1,9,0.209973,0.215196,0,0,0
30925,,7,1,0,1,1,0,1,0,0,0,0,0,0.000188
31194,,7,1,0,1,1,0,1,0,0,0,0,0,0.000188
32685,,7,1,0,1,1,0,1,0,0,0,0,0,0.000188
30480,,16,0,1,1,0,1,1,9,0.207113,0.212719,0,0,0
30481,,12,0,1,1,0,1,1,10,0.164664,0.167567,0,0,0
30482,,16,0,3,3,0,3,3,9,0.21243,0.218875,0,0.5,0
30484,,16,0,1,1,0,1,1,9,0.204724,0.210569,0,0,0
30485,,65,0,1,1,0,1,1,8,0.236841,0.24458,0,0,0
30486,,16,0,1,1,0,1,1,9,0.202766,0.208165,0,0,0
30488,,7,0,1,1,0,1,1,9,0.230193,0.238549,0,0,0
30489,,41,0,1,1,0,1,1,9,0.234736,0.243231,0,0,0
30490,,7,0,1,1,0,1,1,9,0.222499,0.229441,0,0,0
30491,,7,0,1,1,0,1,1,10,0.17354,0.176472,0,0,0
30492,,1,0,1,1,0,1,1,9,0.209228,0.21494,0,0,0
30499,,36,0,1,1,0,1,1,9,0.218761,0.22523,0,0,0
30503,,7,0,1,1,0,1,1,8,0.242713,0.250553,0,0,0
30504,,16,0,2,2,0,2,2,8,0.2633,0.274757,0,0.5,0
30507,,7,0,1,1,0,1,1,9,0.192915,0.197425,0,0,0
30508,,7,0,1,1,0,1,1,8,0.262756,0.273466,0,0,0
30509,,16,0,1,1,0,1,1,9,0.202489,0.207724,0,0,0
30510,,1,0,1,1,0,1,1,9,0.208725,0.214391,0,0,0
30512,,7,0,1,1,0,1,1,9,0.222499,0.229441,0,0,0
30513,,7,0,1,1,0,1,1,9,0.20921,0.214873,0,0,0
30515,,16,0,1,1,0,1,1,9,0.22602,0.233288,0,0,0
30516,,7,0,1,1,0,1,1,8,0.217234,0.223577,0,0,0
30517,,22,0,1,1,0,1,1,9,0.214045,0.219989,0,0,0
30519,,7,0,1,1,0,1,1,9,0.208499,0.214121,0,0,0
30522,,41,0,1,1,0,1,1,8,0.209429,0.215629,0,0,0
30525,,7,0,1,1,0,1,1,8,0.263743,0.27463,0,0,0
30526,,596,0,1,1,0,1,1,1,1,1,0,0,0
30527,,596,1,0,1,1,0,1,0,0,0,0,0,0.000168
30529,,7,0,2,2,0,2,2,9,0.239975,0.248581,0,0.5,0
30530,,16,0,1,1,0,1,1,9,0.211539,0.217068,0,0,0
30531,,7,0,1,1,0,1,1,9,0.215232,0.221161,0,0,0
30532,,67,1,1,2,1,1,2,9,0.191709,0.196047,0,0.5,0.000168
30533,,2,0,1,1,0,1,1,9,0.213451,0.219373,0,0,0
30536,,7,0,1,1,0,1,1,9,0.219316,0.225988,0,0,0
30538,,41,0,1,1,0,1,1,8,0.257544,0.268689,0,0,0
30539,,7,0,1,1,0,1,1,8,0.248325,0.257194,0,0,0
30541,,16,0,1,1,0,1,1,8,0.23949,0.247366,0,0,0
30544,,16,0,1,1,0,1,1,8,0.226935,0.234515,0,0,0
30546,,16,0,1,1,0,1,1,9,0.21089,0.216438,0,0,0
30547,,7,0,1,1,0,1,1,9,0.228455,0.235531,0,0,0
30552,,7,0,1,1,0,1,1,9,0.214123,0.219985,0,0,0
30555,,7,0,1,1,0,1,1,9,0.195836,0.200623,0,0,0
30557,,7,0,1,1,0,1,1,9,0.195836,0.200623,0,0,0
30558,,7,0,1,1,0,1,1,8,0.219703,0.226184,0,0,0
30559,,597,0,1,1,0,1,1,1,1,1,0,0,0
30560,,597,1,0,1,1,0,1,0,0,0,0,0,0.000168
30561,,598,0,1,1,0,1,1,1,1,1,0,0,0
30562,,598,2,0,2,2,0,2,0,0,0,0,0,0.000336
30563,,7,0,1,1,0,1,1,9,0.230698,0.238054,0,0,0
30564,,65,0,1,1,0,1,1,8,0.236841,0.24458,0,0,0
30565,,598,0,1,1,0,1,1,1,1,1,0,0,0
30567,,7,0,1,1,0,1,1,8,0.262756,0.273466,0,0,0
30568,,41,0,1,1,0,1,1,10,0.164626,0.167309,0,0,0
30569,,14,0,2,2,0,2,2,8,0.244449,0.253568,0,0,0
33503,,16,1,2,3,1,2,3,9,0.203884,0.20952,60.915685,0,0.000198
30572,,16,0,1,1,0,1,1,8,0.236167,0.244733,0,0,0
30573,,12,0,1,1,0,1,1,1,1,1,0,0,0
30574,,7,0,1,1,0,1,1,9,0.235473,0.242933,0,0,0
30576,,1,0,1,1,0,1,1,10,0.188104,0.191839,0,0,0
30578,,7,0,1,1,0,1,1,9,0.228173,0.235417,0,0,0
30579,,7,0,1,1,0,1,1,9,0.207609,0.212853,0,0,0
30581,,599,0,1,1,0,1,1,1,1,1,0,0,0
30582,,599,1,0,1,1,0,1,0,0,0,0,0,0.000168
30584,,36,0,4,4,0,4,4,8,0.265143,0.276599,0,0.583333,0
30585,,32,0,3,3,0,3,3,8,0.242117,0.250234,0,0,0
30586,,16,0,1,1,0,1,1,8,0.246114,0.255055,0,0,0
30587,,16,0,1,1,0,1,1,8,0.251382,0.261452,0,0,0
30588,,16,0,1,1,0,1,1,8,0.240389,0.248209,0,0,0
30589,,41,0,1,1,0,1,1,10,0.174198,0.17752,0,0,0
30592,,16,0,1,1,0,1,1,9,0.23666,0.245195,0,0,0
30593,,2,0,1,1,0,1,1,10,0.179985,0.18371,0,0,0
30594,,229,0,1,1,0,1,1,10,0.184475,0.188272,0,0,0
30595,,16,0,1,1,0,1,1,9,0.219293,0.225533,0,0,0
30596,,7,0,1,1,0,1,1,8,0.227429,0.234822,0,0,0
30597,,16,0,6,6,0,6,6,8,0.249239,0.258645,0,0.033333,0
30598,,16,0,2,2,0,2,2,8,0.25215,0.262311,0,1,0
30599,,41,0,1,1,0,1,1,8,0.235753,0.244207,0,0,0
30600,,16,0,1,1,0,1,1,8,0.230091,0.237701,0,0,0
30601,,41,0,1,1,0,1,1,8,0.257544,0.268689,0,0,0
30603,,16,0,1,1,0,1,1,9,0.228527,0.235985,0,0,0
30607,,16,0,3,3,0,3,3,8,0.239917,0.247242,0,1,0
30608,,600,0,1,1,0,1,1,1,1,1,0,0,0
30609,,600,1,0,1,1,0,1,0,0,0,0,0,0.000168
30610,,7,0,1,1,0,1,1,8,0.262756,0.273466,0,0,0
30611,,41,0,1,1,0,1,1,8,0.257544,0.268689,0,0,0
30612,,14,0,1,1,0,1,1,9,0.193014,0.197058,0,0,0
30614,,22,0,2,2,0,2,2,9,0.212941,0.219074,0,0.5,0
30615,,1,0,1,1,0,1,1,9,0.192142,0.196399,0,0,0
30617,,53,0,3,3,0,3,3,9,0.217013,0.224287,0,0,0
30618,,53,1,0,1,1,0,1,0,0,0,0,0,0.000168
30620,,41,0,1,1,0,1,1,9,0.214113,0.220365,0,0,0
30621,,7,0,1,1,0,1,1,8,0.261475,0.272568,0,0,0
30625,,7,0,1,1,0,1,1,8,0.244933,0.25344,0,0,0
30627,,41,0,2,2,0,2,2,8,0.235756,0.244234,0,1,0
30628,,7,0,1,1,0,1,1,8,0.244345,0.253397,0,0,0
30629,,16,0,1,1,0,1,1,9,0.208121,0.214176,0,0,0
30630,,22,0,2,2,0,2,2,9,0.196746,0.201207,0,0,0
30635,,16,0,1,1,0,1,1,8,0.251382,0.261452,0,0,0
30639,,41,0,3,3,0,3,3,9,0.213511,0.220012,0,0,0
30640,,16,0,1,1,0,1,1,9,0.202766,0.208165,0,0,0
30641,,69,0,1,1,0,1,1,2,0.555556,0.6,0,0,0
30642,,7,0,1,1,0,1,1,9,0.212064,0.218043,0,0,0
30643,,1,0,1,1,0,1,1,9,0.204153,0.209703,0,0,0
30645,,41,0,1,1,0,1,1,9,0.207861,0.213519,0,0,0
30646,,7,0,1,1,0,1,1,9,0.235473,0.242933,0,0,0
30647,,41,0,1,1,0,1,1,8,0.236961,0.24442,0,0,0
30648,,41,0,1,1,0,1,1,8,0.236961,0.24442,0,0,0
30651,,12,0,1,1,0,1,1,10,0.177506,0.180764,0,0,0
30652,,16,0,1,1,0,1,1,9,0.191298,0.196129,0,0,0
30657,,16,0,2,2,0,2,2,7,0.293809,0.308313,0,1,0
30659,,7,0,1,1,0,1,1,8,0.234964,0.242805,0,0,0
30660,,65,0,1,1,0,1,1,9,0.196125,0.200716,0,0,0
30661,,16,0,1,1,0,1,1,9,0.219883,0.226442,0,0,0
30662,,1,0,2,2,0,2,2,8,0.228941,0.236683,0,1,0
30666,,16,0,1,1,0,1,1,9,0.229957,0.237934,0,0,0
30667,,16,0,1,1,0,1,1,9,0.212123,0.218423,0,0,0
30671,,65,0,1,1,0,1,1,9,0.213606,0.219549,0,0,0
30672,,36,0,1,1,0,1,1,9,0.21389,0.220139,0,0,0
34691,,7,1,0,1,1,0,1,0,0,0,0,0,0.000261
30674,,2,0,1,1,0,1,1,9,0.217837,0.224577,0,0,0
30678,,25,0,1,1,0,1,1,10,0.184122,0.187999,0,0,0
30680,,53,0,1,1,0,1,1,11,0.148491,0.150516,0,0,0
30681,,14,0,3,3,0,3,3,9,0.222774,0.229957,0,0.166667,0
34214,,14,1,3,4,1,3,4,9,0.22621,0.233851,205.173755,0.166667,0.000168
30683,,14,0,1,1,0,1,1,11,0.155201,0.157616,0,0,0
30685,,14,0,1,1,0,1,1,11,0.155201,0.157616,0,0,0
30686,,16,0,1,1,0,1,1,9,0.194749,0.19978,0,0,0
30687,,2,0,1,1,0,1,1,9,0.217837,0.224577,0,0,0
30688,,7,0,1,1,0,1,1,9,0.227374,0.234422,0,0,0
30692,,16,0,1,1,0,1,1,10,0.19248,0.197046,0,0,0
30693,,16,0,1,1,0,1,1,8,0.240389,0.248209,0,0,0
30762,,7,3,1,4,3,1,4,9,0.214183,0.220407,37706.220027,0,0.000514
30697,,16,0,1,1,0,1,1,8,0.229011,0.236303,0,0,0
30700,,16,0,1,1,0,1,1,9,0.205257,0.210582,0,0,0
30702,,41,0,1,1,0,1,1,9,0.198482,0.202781,0,0,0
30704,,16,0,1,1,0,1,1,8,0.247792,0.25846,0,0,0
30705,,36,0,1,1,0,1,1,10,0.175605,0.17901,0,0,0
30706,,7,0,1,1,0,1,1,8,0.229245,0.23586,0,0,0
30711,,601,0,1,1,0,1,1,11,0.166871,0.169789,0,0,0
30712,,601,1,1,2,1,1,2,10,0.200283,0.205389,18827,0,0.000168
30713,,7,0,1,1,0,1,1,9,0.226164,0.233246,0,0,0
30715,,7,0,1,1,0,1,1,9,0.210299,0.215735,0,0,0
30716,,1,0,1,1,0,1,1,8,0.242388,0.250662,0,0,0
30717,,16,0,1,1,0,1,1,9,0.217908,0.22531,0,0,0
30718,,7,0,1,1,0,1,1,9,0.210826,0.216917,0,0,0
30719,,1,0,1,1,0,1,1,9,0.192142,0.196399,0,0,0
30720,,12,0,3,3,0,3,3,11,0.141573,0.143632,0,0.5,0
30721,,67,1,1,2,1,1,2,1,1,1,0.5,0,0.000168
30723,,16,0,1,1,0,1,1,10,0.18677,0.190622,0,0,0
30725,,7,0,1,1,0,1,1,1,1,1,0,0,0
30727,,2,0,1,1,0,1,1,9,0.217837,0.224577,0,0,0
32190,,16,1,0,1,1,0,1,0,0,0,0,0,0.000215
30731,,16,0,1,1,0,1,1,8,0.251382,0.261452,0,0,0
30732,,12,0,1,1,0,1,1,11,0.141593,0.143644,0,0,0
30733,,67,0,2,2,0,2,2,9,0.19587,0.200258,0,0,0
30734,,7,0,2,2,0,2,2,8,0.265442,0.276762,0,1,0
30735,,7,0,1,1,0,1,1,9,0.200066,0.204368,0,0,0
30737,,41,0,1,1,0,1,1,9,0.195066,0.199384,0,0,0
30738,,7,0,1,1,0,1,1,8,0.262756,0.273466,0,0,0
30739,,602,0,1,1,0,1,1,1,1,1,0,0,0
30740,,602,1,0,1,1,0,1,0,0,0,0,0,0.000168
30741,,16,0,1,1,0,1,1,8,0.238528,0.246408,0,0,0
30742,,12,0,1,1,0,1,1,1,1,1,0,0,0
30743,,7,0,1,1,0,1,1,9,0.228129,0.235344,0,0,0
30744,,7,0,1,1,0,1,1,8,0.261475,0.272568,0,0,0
30745,,41,0,1,1,0,1,1,9,0.197236,0.201881,0,0,0
30746,,603,0,1,1,0,1,1,1,1,1,0,0,0
30747,,603,1,0,1,1,0,1,0,0,0,0,0,0.000168
30753,,12,0,2,2,0,2,2,11,0.141625,0.143802,0,0.5,0
30754,,7,0,1,1,0,1,1,8,0.257706,0.267944,0,0,0
30756,,7,0,2,2,0,2,2,9,0.209804,0.215278,0,0,0
30758,,7,0,1,1,0,1,1,9,0.216382,0.222638,0,0,0
30759,,1,0,2,2,0,2,2,8,0.263447,0.274312,0,0.5,0
30760,,36,0,1,1,0,1,1,9,0.194303,0.198729,0,0,0
30761,,16,0,1,1,0,1,1,8,0.246659,0.25616,0,0,0
30764,,65,1,1,2,1,1,2,9,0.208153,0.213695,9412,0,0.000173
30765,,65,1,1,2,1,1,2,9,0.208153,0.213695,9412,0,0.000173
30766,,16,1,5,6,1,5,6,8,0.249924,0.259949,18827,0.3,0.000173
34347,,16,1,1,2,1,1,2,9,0.199953,0.2049,0,0,0.000173
30768,,41,0,1,1,0,1,1,9,0.210713,0.216558,0,0,0
30769,,16,0,2,2,0,2,2,9,0.211739,0.217738,0,0,0
30770,,16,0,1,1,0,1,1,8,0.2284,0.235296,0,0,0
30772,,7,0,1,1,0,1,1,10,0.179156,0.182314,0,0,0
30774,,1,0,1,1,0,1,1,10,0.168065,0.1709,0,0,0
30776,,16,0,1,1,0,1,1,10,0.188949,0.193262,0,0,0
30779,,41,0,1,1,0,1,1,8,0.257544,0.268689,0,0,0
30782,,7,0,1,1,0,1,1,9,0.209226,0.214747,0,0,0
30785,,7,0,1,1,0,1,1,9,0.20116,0.206023,0,0,0
30787,,41,0,1,1,0,1,1,8,0.257544,0.268689,0,0,0
30789,,41,0,1,1,0,1,1,8,0.257544,0.268689,0,0,0
30790,,16,0,1,1,0,1,1,8,0.246114,0.255055,0,0,0
30791,,7,0,1,1,0,1,1,8,0.267429,0.278245,0,0,0
30792,,41,0,1,1,0,1,1,9,0.210713,0.216558,0,0,0
30793,,7,0,1,1,0,1,1,1,1,1,0,0,0
30795,,7,0,1,1,0,1,1,9,0.224717,0.23191,0,0,0
30799,,604,1,0,1,1,0,1,0,0,0,0,0,0.000177
30800,,16,0,1,1,0,1,1,8,0.234514,0.24306,0,0,0
30802,,41,0,1,1,0,1,1,9,0.209788,0.215674,0,0,0
30804,,16,0,1,1,0,1,1,9,0.192352,0.197106,0,0,0
30805,,22,0,1,1,0,1,1,9,0.196738,0.201165,0,0,0
30808,,41,0,2,2,0,2,2,8,0.257636,0.268828,0,0.5,0
30814,,16,1,1,2,1,1,2,9,0.225849,0.233205,18827,0,0.000168
30815,,32,0,1,1,0,1,1,9,0.220586,0.226784,0,0,0
30818,,7,0,1,1,0,1,1,9,0.217772,0.224194,0,0,0
30820,,2,0,1,1,0,1,1,10,0.176872,0.180264,0,0,0
30822,,605,0,1,1,0,1,1,1,1,1,0,0,0
30823,,605,1,0,1,1,0,1,0,0,0,0,0,0.000168
30824,,27,0,1,1,0,1,1,10,0.171757,0.174807,0,0,0
30828,,7,0,1,1,0,1,1,8,0.24587,0.25403,0,0,0
30829,,7,0,1,1,0,1,1,8,0.261475,0.272568,0,0,0
30830,,12,0,1,1,0,1,1,10,0.177344,0.18093,0,0,0
30831,,16,0,1,1,0,1,1,9,0.208088,0.213254,0,0,0
30832,,1,0,2,2,0,2,2,9,0.197725,0.202727,0,0,0
30833,,7,0,5,5,0,5,5,8,0.254943,0.265296,0,0.2,0
30836,,41,0,1,1,0,1,1,9,0.195913,0.200498,0,0,0
30837,,16,0,3,3,0,3,3,8,0.256743,0.267917,0,0.166667,0
30839,,38,0,1,1,0,1,1,1,1,1,0,0,0
30840,,7,0,2,2,0,2,2,8,0.234997,0.243324,0,0,0
30843,,7,0,1,1,0,1,1,9,0.225849,0.233192,0,0,0
30844,,7,0,1,1,0,1,1,9,0.209259,0.214889,0,0,0
30846,,7,0,1,1,0,1,1,8,0.263743,0.27463,0,0,0
30847,,16,0,1,1,0,1,1,9,0.185052,0.189265,0,0,0
30849,,41,0,1,1,0,1,1,9,0.205901,0.211572,0,0,0
30850,,41,0,2,2,0,2,2,8,0.235041,0.243303,0,0.5,0
30851,,606,0,1,1,0,1,1,1,1,1,0,0,0
30852,,606,1,0,1,1,0,1,0,0,0,0,0,0.000168
30853,,16,0,1,1,0,1,1,9,0.194937,0.199705,0,0,0
30858,,67,0,1,1,0,1,1,10,0.174562,0.177969,0,0,0
30859,,67,0,1,1,0,1,1,10,0.174562,0.177969,0,0,0
30860,,7,0,1,1,0,1,1,9,0.218036,0.224798,0,0,0
30861,,41,0,1,1,0,1,1,8,0.236961,0.24442,0,0,0
30862,,12,0,1,1,0,1,1,10,0.164896,0.168023,0,0,0
30863,,67,0,1,1,0,1,1,10,0.174562,0.177969,0,0,0
30866,,7,0,1,1,0,1,1,9,0.226164,0.233246,0,0,0
30868,,16,0,1,1,0,1,1,9,0.224856,0.232784,0,0,0
30874,,7,0,1,1,0,1,1,8,0.251523,0.26155,0,0,0
30876,,14,2,2,4,2,2,4,9,0.221931,0.229293,18870.200104,0.083333,0.000343
30881,,67,0,1,1,0,1,1,10,0.174562,0.177969,0,0,0
30882,,67,0,1,1,0,1,1,10,0.174562,0.177969,0,0,0
30883,,7,0,1,1,0,1,1,9,0.217144,0.223521,0,0,0
30886,,7,0,1,1,0,1,1,9,0.21396,0.220365,0,0,0
30887,,25,0,1,1,0,1,1,9,0.211834,0.217468,0,0,0
30889,,16,0,1,1,0,1,1,9,0.225849,0.233205,0,0,0
30890,,23,0,1,1,0,1,1,10,0.178811,0.182372,0,0,0
30892,,7,0,6,6,0,6,6,8,0.240604,0.24893,0,0.233333,0
34234,,7,1,0,1,1,0,1,0,0,0,0,0,0.000168
30900,,7,0,1,1,0,1,1,9,0.210848,0.216275,0,0,0
30901,,7,0,1,1,0,1,1,9,0.219575,0.226074,0,0,0
30903,,7,0,1,1,0,1,1,8,0.263621,0.273995,0,0,0
30904,,7,0,1,1,0,1,1,9,0.224765,0.231975,0,0,0
30906,,607,0,1,1,0,1,1,1,1,1,0,0,0
30907,,607,1,0,1,1,0,1,0,0,0,0,0,0.000168
30908,,16,0,1,1,0,1,1,9,0.219278,0.22586,0,0,0
30910,,14,0,1,1,0,1,1,9,0.226458,0.233655,0,0,0
30912,,7,0,3,3,0,3,3,8,0.234304,0.241382,0,0,0
31910,,7,1,0,1,1,0,1,0,0,0,0,0,0.000168
30913,,7,0,2,2,0,2,2,9,0.228425,0.23568,0,0.5,0
30916,,7,0,2,2,0,2,2,8,0.240662,0.249194,0,0,0
30917,,12,0,1,1,0,1,1,10,0.164896,0.168023,0,0,0
30918,,16,0,1,1,0,1,1,9,0.19504,0.19992,0,0,0
30919,,16,0,1,1,0,1,1,8,0.239859,0.247713,0,0,0
30920,,7,0,1,1,0,1,1,8,0.263743,0.27463,0,0,0
30921,,16,0,1,1,0,1,1,9,0.22883,0.235861,0,0,0
30922,,81,0,1,1,0,1,1,12,0.132335,0.133992,0,0,0
30923,,41,0,1,1,0,1,1,10,0.178757,0.182105,0,0,0
30924,,41,0,1,1,0,1,1,10,0.178757,0.182105,0,0,0
30926,,16,0,1,1,0,1,1,9,0.227599,0.235178,0,0,0
30927,,608,0,2,2,0,2,2,9,0.219956,0.226791,0,0,0
30928,,608,1,0,1,1,0,1,0,0,0,0,0,0.000168
30930,,41,0,1,1,0,1,1,8,0.257544,0.268689,0,0,0
30931,,7,0,1,1,0,1,1,9,0.226164,0.233246,0,0,0
30932,,16,0,1,1,0,1,1,8,0.238151,0.247423,0,0,0
30934,,7,0,1,1,0,1,1,8,0.234991,0.243288,0,0,0
30935,,41,0,1,1,0,1,1,9,0.232863,0.240485,0,0,0
30936,,2,0,1,1,0,1,1,8,0.22917,0.236725,0,0,0
30940,,41,0,1,1,0,1,1,8,0.257544,0.268689,0,0,0
30942,,7,0,1,1,0,1,1,9,0.215493,0.221744,0,0,0
30943,,41,0,1,1,0,1,1,9,0.209697,0.215059,0,0,0
30944,,7,0,1,1,0,1,1,8,0.257706,0.267944,0,0,0
30945,,7,0,1,1,0,1,1,10,0.189825,0.194237,0,0,0
30946,,609,0,1,1,0,1,1,1,1,1,0,0,0
30947,,609,1,0,1,1,0,1,0,0,0,0,0,0.000168
30948,,2,0,2,2,0,2,2,8,0.232987,0.241006,0,1,0
30951,,7,0,1,1,0,1,1,8,0.272188,0.283721,0,0,0
30952,,610,0,1,1,0,1,1,1,1,1,0,0,0
30953,,610,1,0,1,1,0,1,0,0,0,0,0,0.000168
30955,,16,0,2,2,0,2,2,8,0.237068,0.245799,0,0,0
33057,,16,1,0,1,1,0,1,0,0,0,0,0,0.000853
33352,,16,1,1,2,1,1,2,9,0.214326,0.220599,0,0,0.000853
34460,,16,1,0,1,1,0,1,0,0,0,0,0,0.000853
34903,,16,1,0,1,1,0,1,0,0,0,0,0,0.000853
35545,,16,1,0,1,1,0,1,0,0,0,0,0,0.000853
30961,,7,0,1,1,0,1,1,9,0.210918,0.216469,0,0,0
30962,,67,1,1,2,1,1,2,1,1,1,1,0,0.000168
30963,,14,0,4,4,0,4,4,8,0.249097,0.258193,0,0.75,0
30964,,41,0,1,1,0,1,1,9,0.217487,0.223937,0,0,0
30967,,16,0,1,1,0,1,1,8,0.226935,0.234515,0,0,0
30969,,67,0,2,2,0,2,2,9,0.190197,0.193958,0,0.5,0
30970,,7,0,1,1,0,1,1,8,0.248761,0.257751,0,0,0
30971,,41,0,2,2,0,2,2,8,0.258527,0.269785,0,1,0
30972,,7,0,1,1,0,1,1,9,0.222499,0.229441,0,0,0
30973,,2,0,1,1,0,1,1,9,0.217837,0.224577,0,0,0
30974,,16,0,1,1,0,1,1,9,0.229337,0.237191,0,0,0
30975,,7,0,1,1,0,1,1,9,0.207609,0.212853,0,0,0
30976,,7,0,1,1,0,1,1,9,0.209089,0.214662,0,0,0
30978,,7,0,1,1,0,1,1,8,0.24685,0.256506,0,0,0
30979,,67,0,1,1,0,1,1,9,0.216107,0.222464,0,0,0
30980,,2,0,1,1,0,1,1,9,0.217837,0.224577,0,0,0
30982,,7,0,1,1,0,1,1,8,0.261475,0.272568,0,0,0
30983,,7,0,2,2,0,2,2,8,0.246895,0.256593,0,1,0
30984,,32,0,1,1,0,1,1,1,1,1,0,0,0
30987,,41,0,1,1,0,1,1,8,0.257544,0.268689,0,0,0
30988,,7,0,1,1,0,1,1,9,0.211361,0.21694,0,0,0
30991,,7,0,24,24,0,24,24,8,0.28646,0.301398,0,0.134058,0
30993,,25,0,1,1,0,1,1,9,0.203824,0.20864,0,0,0
30995,,7,0,1,1,0,1,1,9,0.214673,0.220515,0,0,0
30996,,67,0,1,1,0,1,1,9,0.221969,0.229196,0,0,0
30997,,1,0,1,1,0,1,1,10,0.188104,0.191839,0,0,0
31005,,16,0,1,1,0,1,1,8,0.237376,0.246856,0,0,0
31006,,7,0,1,1,0,1,1,10,0.173358,0.176349,0,0,0
31007,,7,0,15,15,0,15,15,8,0.287404,0.301605,0,0.242857,0
31008,,16,0,1,1,0,1,1,9,0.192352,0.197106,0,0,0
31009,,7,0,2,2,0,2,2,9,0.231396,0.239109,0,0.5,0
31010,,7,0,1,1,0,1,1,9,0.192995,0.19715,0,0,0
31011,,41,0,1,1,0,1,1,9,0.232863,0.240485,0,0,0
31013,,7,0,3,3,0,3,3,9,0.228883,0.236228,0,0,0
31014,,14,0,2,2,0,2,2,9,0.194802,0.199321,0,0.5,0
31016,,7,0,1,1,0,1,1,8,0.225776,0.232613,0,0,0
31017,,7,0,1,1,0,1,1,8,0.261475,0.272568,0,0,0
31018,,7,0,1,1,0,1,1,9,0.218685,0.225285,0,0,0
31019,,7,0,1,1,0,1,1,9,0.231387,0.239068,0,0,0
31022,,7,0,1,1,0,1,1,8,0.257706,0.267944,0,0,0
31024,,41,0,1,1,0,1,1,10,0.186661,0.190652,0,0,0
31351,,65,1,0,1,1,0,1,0,0,0,0,0,0.000184
31027,,12,0,1,1,0,1,1,11,0.141559,0.143507,0,0,0
31028,,1,0,3,3,0,3,3,8,0.233914,0.242349,0,0.333333,0
31029,,7,0,1,1,0,1,1,9,0.210296,0.216079,0,0,0
31033,,7,0,1,1,0,1,1,8,0.257706,0.267944,0,0,0
31034,,16,0,1,1,0,1,1,1,1,1,0,0,0
31037,,7,0,1,1,0,1,1,8,0.248325,0.257194,0,0,0
31046,,7,1,2,3,1,2,3,8,0.26165,0.272854,0,0.5,0.000439
31039,,41,0,1,1,0,1,1,8,0.257544,0.268689,0,0,0
31040,,16,0,1,1,0,1,1,8,0.239018,0.246295,0,0,0
31041,,7,0,1,1,0,1,1,1,1,1,0,0,0
31042,,41,0,1,1,0,1,1,9,0.223434,0.230474,0,0,0
31043,,41,0,1,1,0,1,1,8,0.257544,0.268689,0,0,0
31044,,7,0,1,1,0,1,1,8,0.244345,0.253397,0,0,0
31048,,16,0,1,1,0,1,1,9,0.225449,0.232111,0,0,0
31050,,7,0,1,1,0,1,1,8,0.244345,0.253397,0,0,0
31051,,7,0,2,2,0,2,2,8,0.258247,0.268592,0,1,0
31054,,1,0,1,1,0,1,1,8,0.229903,0.23657,0,0,0
31055,,7,0,1,1,0,1,1,9,0.222499,0.229441,0,0,0
31056,,36,0,1,1,0,1,1,9,0.185017,0.189215,0,0,0
31058,,1,0,5,5,0,5,5,8,0.250256,0.260308,0,0.1,0
31059,,32,0,1,1,0,1,1,1,1,1,0,0,0
31060,,39,0,1,1,0,1,1,9,0.209977,0.215427,0,0,0
31063,,7,0,1,1,0,1,1,8,0.257706,0.267944,0,0,0
31067,,2,0,1,1,0,1,1,9,0.198121,0.202884,0,0,0
31068,,611,0,1,1,0,1,1,1,1,1,0,0,0
31069,,7,0,1,1,0,1,1,9,0.215748,0.221849,0,0,0
31071,,7,0,1,1,0,1,1,9,0.214807,0.221097,0,0,0
31073,,612,0,1,1,0,1,1,1,1,1,0,0,0
31074,,612,1,0,1,1,0,1,0,0,0,0,0,0.000168
31075,,7,0,1,1,0,1,1,8,0.261475,0.272568,0,0,0
31076,,1,0,2,2,0,2,2,11,0.147235,0.149365,0,1,0
31077,,2,0,1,1,0,1,1,9,0.208252,0.214065,0,0,0
31080,,69,0,1,1,0,1,1,10,0.162295,0.164913,0,0,0
31081,,41,0,1,1,0,1,1,8,0.226676,0.234633,0,0,0
31083,,7,0,1,1,0,1,1,9,0.231387,0.239068,0,0,0
31084,,7,0,1,1,0,1,1,8,0.23956,0.24711,0,0,0
31096,,41,0,1,1,0,1,1,8,0.257544,0.268689,0,0,0
31098,,16,0,1,1,0,1,1,9,0.227687,0.23488,0,0,0
31099,,36,0,1,1,0,1,1,10,0.158506,0.160946,0,0,0
31100,,7,0,1,1,0,1,1,9,0.229833,0.237605,0,0,0
31103,,53,0,2,2,0,2,2,9,0.211949,0.218062,0,1,0
31105,,7,0,1,1,0,1,1,10,0.178303,0.181862,0,0,0
31107,,7,0,1,1,0,1,1,9,0.21024,0.216158,0,0,0
31108,,7,0,1,1,0,1,1,8,0.257706,0.267944,0,0,0
31109,,16,0,1,1,0,1,1,9,0.197038,0.201853,0,0,0
31110,,613,1,1,2,1,1,2,1,1,1,0,0,0.000173
31111,,613,1,1,2,1,1,2,1,1,1,0,0,0.000173
31112,,65,3,8,11,3,8,11,8,0.258911,0.269777,56481,0.109091,0.000504
31115,,7,0,1,1,0,1,1,9,0.239963,0.248532,0,0,0
31116,,7,0,1,1,0,1,1,8,0.272188,0.283721,0,0,0
31117,,25,0,1,1,0,1,1,9,0.206749,0.212099,0,0,0
31118,,7,0,9,9,0,9,9,8,0.287418,0.301644,0,0.291667,0
31120,,16,0,1,1,0,1,1,9,0.211392,0.217141,0,0,0
31121,,7,0,1,1,0,1,1,8,0.248433,0.25796,0,0,0
31124,,7,0,1,1,0,1,1,8,0.239947,0.24793,0,0,0
31125,,16,0,1,1,0,1,1,9,0.216719,0.222904,0,0,0
31130,,16,0,1,1,0,1,1,9,0.211539,0.217068,0,0,0
31132,,614,0,1,1,0,1,1,1,1,1,0,0,0
31133,,614,1,0,1,1,0,1,0,0,0,0,0,0.000168
31134,,7,0,1,1,0,1,1,8,0.234569,0.242416,0,0,0
31136,,7,0,15,15,0,15,15,8,0.276591,0.289819,0,0.166667,0
31138,,7,0,1,1,0,1,1,8,0.234455,0.242731,0,0,0
31143,,7,0,1,1,0,1,1,9,0.225042,0.231898,0,0,0
31144,,41,0,1,1,0,1,1,8,0.227718,0.235112,0,0,0
31146,,41,0,1,1,0,1,1,9,0.217651,0.224244,0,0,0
31147,,67,0,1,1,0,1,1,9,0.221969,0.229196,0,0,0
31148,,7,1,2,3,1,2,3,9,0.234484,0.242258,199.925656,0,0.000175
31149,,1,0,1,1,0,1,1,10,0.162384,0.165038,0,0,0
31151,,12,0,2,2,0,2,2,11,0.141572,0.143574,0,0.5,0
31152,,12,1,2,3,1,2,3,11,0.141581,0.143633,9.666667,0.333333,0.000168
31155,,16,0,1,1,0,1,1,9,0.22008,0.227059,0,0,0
31157,,16,0,1,1,0,1,1,9,0.196518,0.201492,0,0,0
31158,,7,0,7,7,0,7,7,8,0.265843,0.277243,0,0.119048,0
31160,,7,0,1,1,0,1,1,9,0.214123,0.219985,0,0,0
31161,,7,0,2,2,0,2,2,8,0.246559,0.255023,0,0,0
31162,,7,0,1,1,0,1,1,9,0.221094,0.227895,0,0,0
31164,,7,0,1,1,0,1,1,9,0.20504,0.210463,0,0,0
31166,,16,0,1,1,0,1,1,8,0.23897,0.247046,0,0,0
31167,,16,0,1,1,0,1,1,8,0.244161,0.253367,0,0,0
31171,,7,0,1,1,0,1,1,8,0.261475,0.272568,0,0,0
31172,,7,0,1,1,0,1,1,8,0.23758,0.245223,0,0,0
31173,,7,0,1,1,0,1,1,8,0.245108,0.253561,0,0,0
31174,,615,0,1,1,0,1,1,1,1,1,0,0,0
31175,,615,1,0,1,1,0,1,0,0,0,0,0,0.000168
31176,,7,0,1,1,0,1,1,9,0.192003,0.195864,0,0,0
31178,,16,0,1,1,0,1,1,9,0.192501,0.19669,0,0,0
31180,,7,0,1,1,0,1,1,8,0.234991,0.243288,0,0,0
31181,,1,0,1,1,0,1,1,9,0.21102,0.217224,0,0,0
31184,,616,0,2,2,0,2,2,9,0.212958,0.21897,0,0,0
31185,,616,1,0,1,1,0,1,0,0,0,0,0,0.000168
31187,,7,0,1,1,0,1,1,9,0.212643,0.21848,0,0,0
31189,,16,0,1,1,0,1,1,8,0.224596,0.231783,0,0,0
31190,,1,0,1,1,0,1,1,9,0.205112,0.210236,0,0,0
31192,,53,0,1,1,0,1,1,9,0.191199,0.195318,0,0,0
31193,,7,0,1,1,0,1,1,9,0.207792,0.213203,0,0,0
31197,,7,0,1,1,0,1,1,9,0.232014,0.240012,0,0,0
31198,,7,0,1,1,0,1,1,9,0.207268,0.212668,0,0,0
31199,,16,0,1,1,0,1,1,9,0.221265,0.227889,0,0,0
31202,,32,0,1,1,0,1,1,9,0.209168,0.214738,0,0,0
31203,,67,0,2,2,0,2,2,9,0.224126,0.231661,0,1,0
31204,,16,0,1,1,0,1,1,8,0.239859,0.247713,0,0,0
31205,,7,0,1,1,0,1,1,10,0.167226,0.169765,0,0,0
31206,,7,0,1,1,0,1,1,9,0.20921,0.214873,0,0,0
31209,,67,0,1,1,0,1,1,9,0.211072,0.21673,0,0,0
31210,,7,0,1,1,0,1,1,1,1,1,0,0,0
31214,,16,0,2,2,0,2,2,8,0.220194,0.22715,0,0,0
31216,,16,0,1,1,0,1,1,9,0.221265,0.227889,0,0,0
31218,,7,0,1,1,0,1,1,9,0.218122,0.224516,0,0,0
31219,,69,0,1,1,0,1,1,10,0.185907,0.189925,0,0,0
31221,,69,0,1,1,0,1,1,10,0.185907,0.189925,0,0,0
31222,,16,0,1,1,0,1,1,9,0.196047,0.201124,0,0,0
31224,,7,0,1,1,0,1,1,1,1,1,0,0,0
31225,,7,0,2,2,0,2,2,8,0.243993,0.252035,0,0,0
31226,,7,0,4,4,0,4,4,7,0.296339,0.311431,0,0.833333,0
31227,,16,0,1,1,0,1,1,9,0.201509,0.206566,0,0,0
31228,,617,0,1,1,0,1,1,1,1,1,0,0,0
31229,,617,1,0,1,1,0,1,0,0,0,0,0,0.000168
31232,,7,0,1,1,0,1,1,9,0.226389,0.233867,0,0,0
35597,,16,1,4,5,1,4,5,9,0.210723,0.216656,6.319207,0.416667,0.000205
31235,,16,0,1,1,0,1,1,8,0.227034,0.234934,0,0,0
31236,,7,0,2,2,0,2,2,8,0.244748,0.253138,0,0.5,0
31237,,16,0,2,2,0,2,2,9,0.222053,0.228833,0,0,0
31238,,67,0,1,1,0,1,1,9,0.194822,0.199245,0,0,0
31240,,7,0,2,2,0,2,2,10,0.185031,0.188924,0,0,0
31242,,1,0,1,1,0,1,1,9,0.187759,0.19205,0,0,0
31245,,41,0,1,1,0,1,1,10,0.174198,0.17752,0,0,0
31246,,41,0,1,1,0,1,1,8,0.235753,0.244207,0,0,0
31249,,16,0,1,1,0,1,1,1,1,1,0,0,0
31251,,7,0,1,1,0,1,1,9,0.214123,0.219985,0,0,0
31252,,7,0,1,1,0,1,1,9,0.22198,0.228307,0,0,0
31253,,16,0,1,1,0,1,1,9,0.211236,0.217155,0,0,0
31255,,41,0,1,1,0,1,1,9,0.234736,0.243231,0,0,0
31256,,7,0,1,1,0,1,1,8,0.237667,0.245207,0,0,0
31257,,7,0,1,1,0,1,1,8,0.261475,0.272568,0,0,0
31258,,7,0,2,2,0,2,2,9,0.217531,0.224211,0,0.5,0
31260,,12,0,1,1,0,1,1,10,0.177506,0.180764,0,0,0
31261,,12,0,1,1,0,1,1,10,0.177506,0.180764,0,0,0
31264,,7,0,1,1,0,1,1,8,0.233233,0.240201,0,0,0
31267,,618,0,1,1,0,1,1,1,1,1,0,0,0
31268,,618,1,0,1,1,0,1,0,0,0,0,0,0.000168
31269,,7,0,1,1,0,1,1,9,0.213902,0.22,0,0,0
31270,,7,0,1,1,0,1,1,9,0.217507,0.223845,0,0,0
31271,,16,0,1,1,0,1,1,9,0.215498,0.222153,0,0,0
31272,,16,0,1,1,0,1,1,8,0.229011,0.236303,0,0,0
31273,,16,0,2,2,0,2,2,8,0.241545,0.249936,0,0,0
31278,,7,0,1,1,0,1,1,8,0.257706,0.267944,0,0,0
31279,,41,0,1,1,0,1,1,9,0.191575,0.195454,0,0,0
31280,,7,0,1,1,0,1,1,9,0.223774,0.230664,0,0,0
31281,,16,0,1,1,0,1,1,8,0.216596,0.222828,0,0,0
31283,,7,0,1,1,0,1,1,9,0.222153,0.228864,0,0,0
31285,,1,0,1,1,0,1,1,9,0.192142,0.196399,0,0,0
31286,,7,0,1,1,0,1,1,9,0.201809,0.206803,0,0,0
31289,,65,0,1,1,0,1,1,10,0.178908,0.182243,0,0,0
31291,,67,0,1,1,0,1,1,9,0.221969,0.229196,0,0,0
31293,,7,0,1,1,0,1,1,8,0.240465,0.248606,0,0,0
31296,,16,0,1,1,0,1,1,8,0.217663,0.224097,0,0,0
31298,,67,0,1,1,0,1,1,10,0.181768,0.185669,0,0,0
31299,,7,0,1,1,0,1,1,9,0.223851,0.230913,0,0,0
31302,,7,0,1,1,0,1,1,9,0.212939,0.218795,0,0,0
31304,,36,0,2,2,0,2,2,8,0.230052,0.237921,0,1,0
31305,,16,0,1,1,0,1,1,8,0.236167,0.244733,0,0,0
31308,,7,0,1,1,0,1,1,8,0.261475,0.272568,0,0,0
31311,,7,0,1,1,0,1,1,1,1,1,0,0,0
31315,,7,0,2,2,0,2,2,8,0.23938,0.247292,0,0,0
31318,,16,0,1,1,0,1,1,9,0.221572,0.228332,0,0,0
31319,,7,0,1,1,0,1,1,9,0.220532,0.227191,0,0,0
31320,,16,0,2,2,0,2,2,8,0.25215,0.262311,0,1,0
31321,,36,0,1,1,0,1,1,10,0.179432,0.183164,0,0,0
31322,,16,0,1,1,0,1,1,9,0.221572,0.228332,0,0,0
31326,,7,0,1,1,0,1,1,9,0.22266,0.228771,0,0,0
31327,,619,0,1,1,0,1,1,1,1,1,0,0,0
31328,,619,1,0,1,1,0,1,0,0,0,0,0,0.000168
31331,,16,0,2,2,0,2,2,8,0.230094,0.237728,0,1,0
31334,,7,0,1,1,0,1,1,8,0.261475,0.272568,0,0,0
31336,,16,0,1,1,0,1,1,8,0.246114,0.255055,0,0,0
31340,,7,0,1,1,0,1,1,8,0.239548,0.247677,0,0,0
31341,,2,0,1,1,0,1,1,9,0.217837,0.224577,0,0,0
31342,,7,0,1,1,0,1,1,9,0.220421,0.226636,0,0,0
31343,,7,0,1,1,0,1,1,8,0.262756,0.273466,0,0,0
31344,,7,0,1,1,0,1,1,9,0.231387,0.239068,0,0,0
31345,,7,0,1,1,0,1,1,9,0.231387,0.239068,0,0,0
31346,,65,0,1,1,0,1,1,9,0.205672,0.210922,0,0,0
31347,,7,0,1,1,0,1,1,9,0.231387,0.239068,0,0,0
31348,,16,0,1,1,0,1,1,9,0.194245,0.198959,0,0,0
31349,,16,0,6,6,0,6,6,8,0.251762,0.263386,0,0.566667,0
31350,,1,0,1,1,0,1,1,9,0.21197,0.217681,0,0,0
33265,,16,1,0,1,1,0,1,0,0,0,0,0,0.000185
31353,,7,0,1,1,0,1,1,9,0.232872,0.240708,0,0,0
31354,,1,0,1,1,0,1,1,10,0.188104,0.191839,0,0,0
31356,,51,1,1,2,1,1,2,1,1,1,0,0,0.000183
31357,,7,0,1,1,0,1,1,8,0.231335,0.239437,0,0,0
31359,,7,0,1,1,0,1,1,1,1,1,0,0,0
31362,,16,0,1,1,0,1,1,9,0.197276,0.202127,0,0,0
31365,,7,0,1,1,0,1,1,9,0.229028,0.236621,0,0,0
31366,,7,0,1,1,0,1,1,9,0.224964,0.231449,0,0,0
31367,,7,0,3,3,0,3,3,9,0.229805,0.236927,0,0.5,0
31368,,1,0,1,1,0,1,1,10,0.168065,0.1709,0,0,0
31388,,16,1,0,1,1,0,1,0,0,0,0,0,0.000197
31373,,12,0,1,1,0,1,1,10,0.164896,0.168023,0,0,0
31374,,69,0,1,1,0,1,1,2,0.555556,0.6,0,0,0
31375,,41,0,1,1,0,1,1,9,0.220464,0.227059,0,0,0
31376,,12,0,1,1,0,1,1,9,0.189796,0.194161,0,0,0
31379,,7,0,1,1,0,1,1,9,0.20921,0.214873,0,0,0
31380,,16,0,1,1,0,1,1,1,1,1,0,0,0
31381,,16,0,2,2,0,2,2,8,0.236841,0.245555,0,1,0
31382,,36,0,1,1,0,1,1,10,0.179388,0.183114,0,0,0
31383,,16,0,1,1,0,1,1,9,0.217769,0.22458,0,0,0
31384,,7,1,1,2,1,1,2,8,0.257706,0.267944,399.040795,0,0.000168
31385,,41,0,1,1,0,1,1,8,0.232025,0.239654,0,0,0
31386,,7,0,1,1,0,1,1,8,0.265449,0.276753,0,0,0
31389,,7,0,1,1,0,1,1,8,0.225592,0.232946,0,0,0
31390,,7,0,1,1,0,1,1,8,0.225592,0.232946,0,0,0
31392,,7,0,1,1,0,1,1,9,0.215392,0.221631,0,0,0
31393,,7,0,1,1,0,1,1,9,0.224741,0.232186,0,0,0
31394,,16,0,1,1,0,1,1,9,0.197108,0.201539,0,0,0
31395,,1,0,1,1,0,1,1,9,0.222605,0.230046,0,0,0
31396,,7,0,1,1,0,1,1,9,0.222499,0.229441,0,0,0
31398,,7,0,1,1,0,1,1,1,1,1,0,0,0
31399,,7,0,1,1,0,1,1,9,0.216799,0.222974,0,0,0
31400,,36,0,1,1,0,1,1,9,0.220026,0.226909,0,0,0
31401,,7,0,1,1,0,1,1,8,0.261475,0.272568,0,0,0
31402,,16,0,1,1,0,1,1,8,0.230091,0.237701,0,0,0
31403,,7,0,4,4,0,4,4,9,0.245134,0.254453,0,0.25,0
31406,,7,0,3,3,0,3,3,8,0.270783,0.283363,0,0.833333,0
31407,,7,0,1,1,0,1,1,9,0.206806,0.211871,0,0,0
31408,,7,0,1,1,0,1,1,8,0.257706,0.267944,0,0,0
31410,,7,0,1,1,0,1,1,9,0.231156,0.238915,0,0,0
31411,,620,0,1,1,0,1,1,1,1,1,0,0,0
31412,,620,1,0,1,1,0,1,0,0,0,0,0,0.000168
31413,,16,0,1,1,0,1,1,9,0.198492,0.203295,0,0,0
31415,,41,0,1,1,0,1,1,9,0.192576,0.196584,0,0,0
31416,,53,0,8,8,0,8,8,8,0.234969,0.242223,0,0.107143,0
31459,,53,1,0,1,1,0,1,0,0,0,0,0,0.000168
31792,,53,1,0,1,1,0,1,0,0,0,0,0,0.000168
31418,,41,0,2,2,0,2,2,8,0.235765,0.244256,0,0,0
31419,,32,0,1,1,0,1,1,9,0.19077,0.195039,0,0,0
31420,,7,0,1,1,0,1,1,9,0.222431,0.229647,0,0,0
31422,,7,0,1,1,0,1,1,8,0.265449,0.276753,0,0,0
31424,,67,0,1,1,0,1,1,9,0.198635,0.20319,0,0,0
31425,,16,0,1,1,0,1,1,9,0.227723,0.235174,0,0,0
31426,,591,0,1,1,0,1,1,1,1,1,0,0,0
31429,,16,0,1,1,0,1,1,8,0.227253,0.234761,0,0,0
31431,,7,0,1,1,0,1,1,9,0.220707,0.227488,0,0,0
31432,,41,0,1,1,0,1,1,9,0.190783,0.195147,0,0,0
31436,,16,0,1,1,0,1,1,8,0.236167,0.244733,0,0,0
31437,,16,0,1,1,0,1,1,1,1,1,0,0,0
31438,,16,0,1,1,0,1,1,9,0.220024,0.226951,0,0,0
31440,,36,0,1,1,0,1,1,9,0.21389,0.220139,0,0,0
31441,,7,0,1,1,0,1,1,8,0.224983,0.23254,0,0,0
31442,,7,0,1,1,0,1,1,9,0.210928,0.21652,0,0,0
31444,,16,0,2,2,0,2,2,9,0.229959,0.23796,0,0.5,0
31445,,2,0,1,1,0,1,1,1,1,1,0,0,0
32743,,16,1,3,4,1,3,4,8,0.238162,0.247498,0,0.833333,0.00021
31448,,1,0,1,1,0,1,1,8,0.242388,0.250662,0,0,0
31449,,621,0,1,1,0,1,1,1,1,1,0,0,0
31450,,621,1,0,1,1,0,1,0,0,0,0,0,0.000168
31453,,7,0,1,1,0,1,1,8,0.242475,0.25106,0,0,0
31456,,16,0,4,4,0,4,4,8,0.249404,0.259501,0,0.25,0
33489,,12,1,0,1,1,0,1,0,0,0,0,0,0.000174
33490,,12,1,0,1,1,0,1,0,0,0,0,0,0.000174
31463,,7,0,1,1,0,1,1,8,0.262756,0.273466,0,0,0
31464,,7,0,1,1,0,1,1,9,0.226673,0.233625,0,0,0
31465,,7,0,1,1,0,1,1,9,0.219598,0.226206,0,0,0
31466,,16,0,1,1,0,1,1,9,0.199992,0.205028,0,0,0
31467,,41,0,1,1,0,1,1,10,0.161485,0.163854,0,0,0
31468,,7,0,1,1,0,1,1,1,1,1,0,0,0
31470,,14,0,1,1,0,1,1,9,0.209727,0.215495,0,0,0
31471,,36,0,1,1,0,1,1,9,0.21834,0.225148,0,0,0
31472,,16,0,1,1,0,1,1,8,0.216596,0.222828,0,0,0
31474,,16,0,2,2,0,2,2,9,0.219912,0.226666,0,0,0
35229,,16,1,0,1,1,0,1,0,0,0,0,0,0.000168
31475,,16,0,1,1,0,1,1,8,0.224596,0.231783,0,0,0
31476,,7,0,1,1,0,1,1,9,0.221229,0.22782,0,0,0
31478,,16,0,2,2,0,2,2,9,0.236824,0.245429,0,0,0
31480,,7,0,1,1,0,1,1,1,1,1,0,0,0
31481,,7,0,1,1,0,1,1,9,0.231156,0.238915,0,0,0
31484,,7,0,1,1,0,1,1,9,0.203868,0.208754,0,0,0
31485,,14,0,1,1,0,1,1,9,0.202698,0.207584,0,0,0
31486,,7,0,1,1,0,1,1,9,0.209045,0.214299,0,0,0
31489,,7,1,0,1,1,0,1,0,0,0,0,0,0.000173
31490,,7,0,1,1,0,1,1,8,0.239554,0.247876,0,0,0
31493,,41,0,1,1,0,1,1,10,0.183163,0.186852,0,0,0
31494,,7,0,1,1,0,1,1,9,0.207609,0.212853,0,0,0
31495,,41,0,1,1,0,1,1,8,0.257544,0.268689,0,0,0
31497,,7,0,1,1,0,1,1,8,0.237017,0.244035,0,0,0
31499,,16,0,2,2,0,2,2,8,0.251463,0.261554,0,1,0
31500,,7,0,2,2,0,2,2,8,0.257901,0.268193,0,1,0
31501,,7,0,1,1,0,1,1,8,0.251664,0.260845,0,0,0
31502,,7,0,1,1,0,1,1,8,0.262756,0.273466,0,0,0
31503,,7,0,1,1,0,1,1,9,0.196323,0.200759,0,0,0
31505,,14,1,2,3,1,2,3,8,0.235264,0.242793,18827,0.333333,0.000168
31506,,41,0,1,1,0,1,1,8,0.257544,0.268689,0,0,0
31508,,16,0,2,2,0,2,2,9,0.232521,0.240856,0,0,0
31511,,7,0,1,1,0,1,1,9,0.218751,0.224866,0,0,0
31513,,16,0,1,1,0,1,1,8,0.239859,0.247713,0,0,0
31515,,32,0,1,1,0,1,1,9,0.204067,0.209223,0,0,0
31517,,36,0,1,1,0,1,1,9,0.213579,0.219508,0,0,0
31521,,7,0,1,1,0,1,1,9,0.223156,0.230196,0,0,0
31525,,7,0,2,2,0,2,2,9,0.241868,0.250777,0,0,0
31526,,36,0,1,1,0,1,1,9,0.209301,0.214675,0,0,0
31528,,622,0,1,1,0,1,1,1,1,1,0,0,0
31529,,622,1,0,1,1,0,1,0,0,0,0,0,0.000168
31531,,7,0,1,1,0,1,1,10,0.18833,0.192529,0,0,0
31533,,7,0,1,1,0,1,1,9,0.222507,0.229096,0,0,0
31536,,41,0,1,1,0,1,1,9,0.226185,0.233312,0,0,0
31537,,67,0,1,1,0,1,1,3,0.5,0.583333,0,0,0
31538,,41,0,1,1,0,1,1,8,0.257544,0.268689,0,0,0
31541,,7,0,1,1,0,1,1,9,0.222507,0.229096,0,0,0
31543,,7,0,2,2,0,2,2,8,0.25841,0.26872,0,1,0
31544,,16,0,1,1,0,1,1,8,0.220181,0.227105,0,0,0
31545,,25,0,1,1,0,1,1,9,0.211834,0.217468,0,0,0
31546,,2,0,1,1,0,1,1,8,0.235883,0.243933,0,0,0
31547,,32,0,1,1,0,1,1,9,0.213511,0.219556,0,0,0
31551,,7,0,1,1,0,1,1,9,0.209259,0.214889,0,0,0
31554,,67,0,2,2,0,2,2,9,0.224126,0.231661,0,1,0
31556,,7,0,2,2,0,2,2,8,0.258,0.268303,0,0.5,0
31557,,36,0,3,3,0,3,3,8,0.23535,0.242938,0,0.5,0
31558,,7,0,1,1,0,1,1,8,0.230757,0.238159,0,0,0
31563,,7,0,1,1,0,1,1,9,0.209259,0.214889,0,0,0
31564,,36,0,1,1,0,1,1,9,0.219332,0.226151,0,0,0
31566,,7,0,1,1,0,1,1,8,0.240567,0.248665,0,0,0
31568,,7,0,1,1,0,1,1,8,0.262756,0.273466,0,0,0
31569,,7,0,1,1,0,1,1,9,0.213055,0.219102,0,0,0
31570,,7,0,1,1,0,1,1,7,0.293553,0.307954,0,0,0
31571,,14,0,1,1,0,1,1,8,0.247395,0.256736,0,0,0
31574,,65,0,1,1,0,1,1,11,0.161974,0.164405,0,0,0
31575,,7,0,1,1,0,1,1,7,0.293553,0.307954,0,0,0
31576,,7,0,1,1,0,1,1,7,0.293553,0.307954,0,0,0
31577,,7,0,1,1,0,1,1,7,0.293553,0.307954,0,0,0
31578,,16,0,1,1,0,1,1,8,0.23897,0.247046,0,0,0
31579,,7,0,1,1,0,1,1,9,0.224639,0.231408,0,0,0
31580,,25,0,5,5,0,5,5,8,0.237685,0.245858,0,0.45,0
32337,,25,1,0,1,1,0,1,0,0,0,0,0,0.000168
31584,,65,0,2,2,0,2,2,7,0.293566,0.307994,0,0.5,0
31585,,7,0,2,2,0,2,2,8,0.252871,0.262487,0,1,0
31586,,7,0,1,1,0,1,1,7,0.293553,0.307954,0,0,0
31587,,7,0,1,1,0,1,1,7,0.293553,0.307954,0,0,0
31588,,7,0,1,1,0,1,1,9,0.20836,0.213558,0,0,0
31590,,7,0,1,1,0,1,1,1,1,1,0,0,0
31591,,41,0,2,2,0,2,2,9,0.229836,0.237077,0,0,0
31592,,41,0,1,1,0,1,1,8,0.231378,0.23929,0,0,0
31593,,7,0,1,1,0,1,1,9,0.229134,0.236663,0,0,0
31594,,16,0,2,2,0,2,2,8,0.251389,0.261487,0,1,0
31595,,7,0,1,1,0,1,1,7,0.293553,0.307954,0,0,0
31596,,16,0,2,2,0,2,2,9,0.219128,0.225352,0,0.5,0
31599,,7,0,2,2,0,2,2,8,0.230455,0.238298,0,0,0
31600,,16,0,1,1,0,1,1,8,0.227253,0.234761,0,0,0
31601,,7,0,1,1,0,1,1,9,0.212826,0.218692,0,0,0
31602,,53,0,1,1,0,1,1,9,0.214509,0.221386,0,0,0
31603,,623,0,1,1,0,1,1,1,1,1,0,0,0
31604,,623,1,0,1,1,0,1,0,0,0,0,0,0.000168
31605,,16,0,1,1,0,1,1,8,0.23897,0.247046,0,0,0
31606,,36,0,1,1,0,1,1,9,0.21834,0.225148,0,0,0
31609,,32,0,1,1,0,1,1,1,1,1,0,0,0
31610,,7,0,2,2,0,2,2,8,0.265001,0.276093,0,0.5,0
31611,,624,0,2,2,0,2,2,9,0.218872,0.22546,0,0,0
35543,,624,1,0,1,1,0,1,0,0,0,0,0,0.000168
31612,,7,0,1,1,0,1,1,9,0.201734,0.206697,0,0,0
31613,,41,0,1,1,0,1,1,8,0.257544,0.268689,0,0,0
31614,,7,0,1,1,0,1,1,8,0.262756,0.273466,0,0,0
31618,,16,0,1,1,0,1,1,9,0.216318,0.222799,0,0,0
31619,,16,0,1,1,0,1,1,8,0.221229,0.227752,0,0,0
31621,,7,0,1,1,0,1,1,8,0.218929,0.225476,0,0,0
31623,,7,0,1,1,0,1,1,9,0.219613,0.225769,0,0,0
31624,,16,0,1,1,0,1,1,9,0.232386,0.240377,0,0,0
31625,,7,0,1,1,0,1,1,9,0.209152,0.214723,0,0,0
31628,,41,0,1,1,0,1,1,9,0.234736,0.243231,0,0,0
31630,,7,0,1,1,0,1,1,8,0.220725,0.227864,0,0,0
31631,,7,0,1,1,0,1,1,8,0.257706,0.267944,0,0,0
31633,,41,0,1,1,0,1,1,8,0.257544,0.268689,0,0,0
31635,,41,0,1,1,0,1,1,8,0.257544,0.268689,0,0,0
31638,,16,0,1,1,0,1,1,8,0.234514,0.24306,0,0,0
31639,,7,0,1,1,0,1,1,8,0.23956,0.24711,0,0,0
31641,,625,0,1,1,0,1,1,1,1,1,0,0,0
31642,,16,0,1,1,0,1,1,9,0.221572,0.228332,0,0,0
31643,,2,0,1,1,0,1,1,9,0.217837,0.224577,0,0,0
31645,,7,0,1,1,0,1,1,9,0.223774,0.230664,0,0,0
31646,,14,0,1,1,0,1,1,9,0.198336,0.203017,0,0,0
31649,,16,0,1,1,0,1,1,9,0.229659,0.236946,0,0,0
31650,,16,0,1,1,0,1,1,8,0.238151,0.247423,0,0,0
31658,,626,0,1,1,0,1,1,1,1,1,0,0,0
31659,,626,1,0,1,1,0,1,0,0,0,0,0,0.000168
31661,,25,1,1,2,1,1,2,1,1,1,0,0,0.000178
31663,,627,0,1,1,0,1,1,1,1,1,0,0,0
31664,,627,1,0,1,1,0,1,0,0,0,0,0,0.000168
31665,,41,0,1,1,0,1,1,9,0.191403,0.195756,0,0,0
31666,,16,0,1,1,0,1,1,9,0.201246,0.206574,0,0,0
31667,,7,0,1,1,0,1,1,8,0.257706,0.267944,0,0,0
31670,,7,1,0,1,1,0,1,0,0,0,0,0,0.00035
31671,,628,0,1,1,0,1,1,1,1,1,0,0,0
31672,,628,1,0,1,1,0,1,0,0,0,0,0,0.000168
31673,,7,0,1,1,0,1,1,8,0.242744,0.250975,0,0,0
31674,,16,0,1,1,0,1,1,8,0.227034,0.234934,0,0,0
31675,,16,0,1,1,0,1,1,8,0.227034,0.234934,0,0,0
31676,,12,0,3,3,0,3,3,10,0.179106,0.1829,0,0,0
31678,,16,0,1,1,0,1,1,8,0.227253,0.234761,0,0,0
31680,,16,0,1,1,0,1,1,8,0.239859,0.247713,0,0,0
31681,,65,0,1,1,0,1,1,8,0.236841,0.24458,0,0,0
31682,,7,0,1,1,0,1,1,9,0.230362,0.237786,0,0,0
31684,,41,0,1,1,0,1,1,1,1,1,0,0,0
31685,,7,0,1,1,0,1,1,8,0.242713,0.250553,0,0,0
33074,,1,1,1,2,1,1,2,1,1,1,0,0,0.000203
31688,,629,0,1,1,0,1,1,1,1,1,0,0,0
31689,,629,2,0,2,2,0,2,0,0,0,0,0,0.000336
31690,,7,0,1,1,0,1,1,9,0.226164,0.233246,0,0,0
31691,,7,0,1,1,0,1,1,9,0.238286,0.246157,0,0,0
31696,,14,0,1,1,0,1,1,8,0.247395,0.256736,0,0,0
31699,,7,0,2,2,0,2,2,8,0.25894,0.26946,0,0.5,0
31700,,7,0,1,1,0,1,1,9,0.238286,0.246733,0,0,0
31701,,7,0,1,1,0,1,1,8,0.229363,0.236176,0,0,0
31702,,41,0,1,1,0,1,1,8,0.257544,0.268689,0,0,0
31707,,630,0,1,1,0,1,1,1,1,1,0,0,0
31708,,630,1,0,1,1,0,1,0,0,0,0,0,0.000168
31712,,16,0,2,2,0,2,2,9,0.201686,0.20677,0,0,0
31713,,16,0,1,1,0,1,1,8,0.23897,0.247046,0,0,0
31714,,41,0,1,1,0,1,1,9,0.1979,0.202918,0,0,0
31715,,16,0,1,1,0,1,1,10,0.174597,0.177556,0,0,0
31716,,1,0,1,1,0,1,1,10,0.188104,0.191839,0,0,0
31720,,16,0,1,1,0,1,1,9,0.200618,0.206066,0,0,0
31722,,7,0,1,1,0,1,1,8,0.23625,0.244472,0,0,0
31724,,1,0,1,1,0,1,1,9,0.212231,0.218251,0,0,0
31726,,20,0,1,1,0,1,1,1,1,1,0,0,0
31732,,7,0,1,1,0,1,1,8,0.265449,0.276753,0,0,0
31735,,67,0,1,1,0,1,1,1,1,1,0,0,0
31736,,7,0,1,1,0,1,1,8,0.231928,0.239836,0,0,0
31737,,16,0,1,1,0,1,1,9,0.185903,0.190018,0,0,0
31738,,67,0,1,1,0,1,1,1,1,1,0,0,0
31739,,41,0,1,1,0,1,1,9,0.216656,0.222492,0,0,0
31740,,67,0,1,1,0,1,1,12,0.131531,0.133,0,0,0
31741,,53,0,1,1,0,1,1,9,0.214509,0.221386,0,0,0
31742,,2,0,1,1,0,1,1,9,0.218206,0.224402,0,0,0
31746,,7,0,1,1,0,1,1,9,0.214655,0.22045,0,0,0
31747,,7,0,1,1,0,1,1,1,1,1,0,0,0
31749,,7,0,1,1,0,1,1,8,0.223971,0.231195,0,0,0
31750,,1,0,2,2,0,2,2,9,0.1911,0.195718,0,0,0
31751,,16,0,1,1,0,1,1,9,0.208929,0.214819,0,0,0
31752,,20,0,1,1,0,1,1,1,1,1,0,0,0
31753,,16,0,2,2,0,2,2,8,0.25215,0.262311,0,1,0
31754,,2,0,1,1,0,1,1,12,0.126435,0.127711,0,0,0
31757,,7,0,1,1,0,1,1,1,1,1,0,0,0
31758,,14,0,1,1,0,1,1,8,0.22747,0.234557,0,0,0
31760,,7,0,1,1,0,1,1,8,0.232406,0.239626,0,0,0
31761,,16,0,1,1,0,1,1,8,0.238151,0.247423,0,0,0
31762,,39,0,1,1,0,1,1,9,0.21407,0.220284,0,0,0
31763,,41,0,1,1,0,1,1,9,0.210713,0.216558,0,0,0
31764,,7,0,1,1,0,1,1,9,0.22543,0.232572,0,0,0
31765,,12,0,1,1,0,1,1,9,0.199112,0.203549,0,0,0
31860,,12,2,0,2,2,0,2,0,0,0,0,0,0.000365
31767,,53,0,1,1,0,1,1,9,0.220312,0.226978,0,0,0
31768,,32,0,2,2,0,2,2,8,0.23445,0.241857,0,0.5,0
31769,,41,0,1,1,0,1,1,8,0.257544,0.268689,0,0,0
31772,,7,0,2,2,0,2,2,9,0.225595,0.23296,0,0.5,0
31773,,7,0,1,1,0,1,1,9,0.229589,0.236925,0,0,0
31774,,7,0,1,1,0,1,1,9,0.196752,0.201053,0,0,0
31776,,7,0,1,1,0,1,1,8,0.265449,0.276753,0,0,0
31778,,41,0,1,1,0,1,1,1,1,1,0,0,0
31783,,7,0,1,1,0,1,1,9,0.222583,0.229264,0,0,0
31784,,631,0,1,1,0,1,1,1,1,1,0,0,0
31785,,631,1,0,1,1,0,1,0,0,0,0,0,0.000168
31786,,7,0,1,1,0,1,1,8,0.242982,0.251576,0,0,0
31788,,7,0,2,2,0,2,2,8,0.273899,0.286113,0,0,0
31789,,67,0,1,1,0,1,1,9,0.194217,0.198456,0,0,0
31790,,53,0,1,1,0,1,1,9,0.220312,0.226978,0,0,0
31791,,67,0,1,1,0,1,1,9,0.194217,0.198456,0,0,0
31793,,67,0,2,2,0,2,2,9,0.194221,0.198491,0,1,0
31794,,41,0,1,1,0,1,1,9,0.210713,0.216558,0,0,0
31796,,7,0,1,1,0,1,1,8,0.257706,0.267944,0,0,0
31797,,7,0,1,1,0,1,1,8,0.257706,0.267944,0,0,0
31798,,7,0,1,1,0,1,1,9,0.215082,0.221433,0,0,0
31799,,41,0,3,3,0,3,3,9,0.227773,0.235103,0,0.166667,0
31800,,7,0,1,1,0,1,1,9,0.215082,0.221433,0,0,0
31801,,7,0,1,1,0,1,1,9,0.207609,0.212853,0,0,0
31802,,7,0,1,1,0,1,1,8,0.244345,0.253397,0,0,0
31805,,7,0,1,1,0,1,1,8,0.257706,0.267944,0,0,0
31807,,32,0,1,1,0,1,1,1,1,1,0,0,0
31808,,7,0,1,1,0,1,1,9,0.223878,0.230235,0,0,0
31810,,36,0,1,1,0,1,1,10,0.190291,0.194769,0,0,0
31811,,36,0,1,1,0,1,1,10,0.190291,0.194769,0,0,0
31815,,14,0,4,4,0,4,4,8,0.268332,0.280119,0,0.416667,0
31816,,2,0,1,1,0,1,1,8,0.235883,0.243933,0,0,0
31819,,7,0,1,1,0,1,1,9,0.222499,0.229441,0,0,0
31820,,7,0,1,1,0,1,1,8,0.234455,0.242731,0,0,0
31821,,41,0,1,1,0,1,1,9,0.210713,0.216558,0,0,0
31822,,632,0,3,3,0,3,3,8,0.241264,0.248953,0,0.166667,0
35620,,632,1,0,1,1,0,1,0,0,0,0,0,0.000168
31823,,7,0,1,1,0,1,1,8,0.257706,0.267944,0,0,0
31824,,7,0,1,1,0,1,1,9,0.227396,0.235291,0,0,0
31825,,7,0,1,1,0,1,1,9,0.224505,0.231147,0,0,0
31826,,16,0,3,3,0,3,3,8,0.264061,0.275043,0,0.166667,0
33182,,7,1,0,1,1,0,1,0,0,0,0,0,0.00035
31828,,36,0,1,1,0,1,1,10,0.190291,0.194769,0,0,0
31829,,7,0,1,1,0,1,1,8,0.242826,0.251829,0,0,0
31830,,7,0,1,1,0,1,1,9,0.216611,0.2225,0,0,0
31831,,7,0,1,1,0,1,1,8,0.262756,0.273466,0,0,0
31833,,14,0,1,1,0,1,1,9,0.22624,0.233068,0,0,0
31836,,36,0,1,1,0,1,1,9,0.215382,0.221492,0,0,0
31837,,41,0,1,1,0,1,1,10,0.184714,0.18855,0,0,0
31839,,41,0,1,1,0,1,1,9,0.234736,0.243231,0,0,0
31840,,7,0,1,1,0,1,1,1,1,1,0,0,0
31842,,16,0,1,1,0,1,1,9,0.197512,0.202006,0,0,0
31844,,16,0,1,1,0,1,1,9,0.199196,0.203985,0,0,0
31846,,7,0,2,2,0,2,2,8,0.242722,0.250593,0,0,0
31847,,640,1,1,2,1,1,2,9,0.212032,0.21776,18827,0,0.000168
31849,,633,0,1,1,0,1,1,1,1,1,0,0,0
31850,,633,1,0,1,1,0,1,0,0,0,0,0,0.000168
31854,,16,0,1,1,0,1,1,9,0.221416,0.228332,0,0,0
31857,,7,0,1,1,0,1,1,8,0.232979,0.239794,0,0,0
31858,,81,0,1,1,0,1,1,8,0.227539,0.234069,0,0,0
31862,,634,1,1,2,1,1,2,9,0.185024,0.188493,0,0,0.000179
31864,,67,0,2,2,0,2,2,10,0.180918,0.184664,0,0.5,0
31869,,7,0,1,1,0,1,1,8,0.257706,0.267944,0,0,0
31871,,1,0,1,1,0,1,1,9,0.200454,0.205716,0,0,0
31875,,36,0,1,1,0,1,1,9,0.184499,0.188427,0,0,0
31876,,16,0,1,1,0,1,1,8,0.236535,0.24595,0,0,0
31877,,1,0,1,1,0,1,1,10,0.188104,0.191839,0,0,0
31878,,635,0,1,1,0,1,1,1,1,1,0,0,0
31879,,635,1,0,1,1,0,1,0,0,0,0,0,0.000168
31881,,7,0,1,1,0,1,1,9,0.217741,0.224266,0,0,0
31884,,676,1,1,2,1,1,2,9,0.212643,0.21848,18827,0,0.000168
31887,,7,0,1,1,0,1,1,9,0.215533,0.221823,0,0,0
31888,,41,0,1,1,0,1,1,9,0.194981,0.19951,0,0,0
31889,,1,0,1,1,0,1,1,9,0.192142,0.196399,0,0,0
31896,,1,0,2,2,0,2,2,1,1,1,0,0,0
31901,,7,0,1,1,0,1,1,9,0.232872,0.240708,0,0,0
31902,,7,0,1,1,0,1,1,9,0.218122,0.224516,0,0,0
31903,,41,0,1,1,0,1,1,8,0.257544,0.268689,0,0,0
31904,,1,0,1,1,0,1,1,9,0.218294,0.224558,0,0,0
31905,,7,0,2,2,0,2,2,9,0.237271,0.24553,0,0,0
31906,,16,0,1,1,0,1,1,10,0.178034,0.181719,0,0,0
31907,,7,0,1,1,0,1,1,8,0.262756,0.273466,0,0,0
31908,,17,0,2,2,0,2,2,9,0.214247,0.220231,0,0,0
31909,,17,1,0,1,1,0,1,0,0,0,0,0,0.000168
31911,,7,0,1,1,0,1,1,9,0.223048,0.230398,0,0,0
31913,,7,0,1,1,0,1,1,9,0.231745,0.239907,0,0,0
31916,,41,0,1,1,0,1,1,9,0.232863,0.240485,0,0,0
31918,,7,0,1,1,0,1,1,8,0.223019,0.229633,0,0,0
31919,,7,0,3,3,0,3,3,8,0.24759,0.257121,0,0,0
31920,,7,0,1,1,0,1,1,9,0.230698,0.238054,0,0,0
31924,,7,0,1,1,0,1,1,8,0.242744,0.250975,0,0,0
31925,,69,0,2,2,0,2,2,9,0.222441,0.2297,0,1,0
31927,,7,0,1,1,0,1,1,9,0.218421,0.22521,0,0,0
31928,,636,0,1,1,0,1,1,1,1,1,0,0,0
31929,,636,1,0,1,1,0,1,0,0,0,0,0,0.000168
31930,,7,0,1,1,0,1,1,10,0.179862,0.18319,0,0,0
31931,,7,1,3,4,1,3,4,9,0.219296,0.225402,18827,0,0.000168
31932,,12,0,1,1,0,1,1,9,0.199112,0.203549,0,0,0
31935,,1,0,1,1,0,1,1,9,0.192142,0.196399,0,0,0
31936,,16,0,1,1,0,1,1,8,0.217651,0.224048,0,0,0
31937,,16,0,1,1,0,1,1,8,0.238151,0.247423,0,0,0
31939,,36,0,1,1,0,1,1,10,0.172717,0.175979,0,0,0
31940,,12,0,1,1,0,1,1,1,1,1,0,0,0
31941,,12,0,1,1,0,1,1,9,0.199112,0.203549,0,0,0
31942,,7,0,1,1,0,1,1,9,0.214602,0.220513,0,0,0
31943,,14,0,1,1,0,1,1,9,0.209627,0.215249,0,0,0
31945,,1,0,2,2,0,2,2,9,0.221161,0.227803,0,0,0
31948,,41,0,2,2,0,2,2,8,0.257587,0.26878,0,1,0
31949,,67,0,1,1,0,1,1,2,0.666667,0.75,0,0,0
31950,,7,0,1,1,0,1,1,9,0.221406,0.228258,0,0,0
31953,,7,0,1,1,0,1,1,8,0.234569,0.242416,0,0,0
31955,,16,0,1,1,0,1,1,9,0.224454,0.231835,0,0,0
31956,,14,0,2,2,0,2,2,8,0.235264,0.242793,0,1,0
31957,,25,0,1,1,0,1,1,9,0.211834,0.217468,0,0,0
31959,,7,0,16,16,0,16,16,8,0.281204,0.295471,0,0.075,0
32473,,7,1,0,1,1,0,1,0,0,0,0,0,0.000168
33163,,7,1,0,1,1,0,1,0,0,0,0,0,0.000168
33478,,7,1,0,1,1,0,1,0,0,0,0,0,0.000168
31962,,16,0,1,1,0,1,1,8,0.226935,0.234515,0,0,0
31964,,637,0,1,1,0,1,1,1,1,1,0,0,0
31965,,637,1,0,1,1,0,1,0,0,0,0,0,0.000168
31968,,7,0,1,1,0,1,1,8,0.253959,0.263295,0,0,0
31970,,7,0,1,1,0,1,1,9,0.22621,0.233004,0,0,0
31971,,7,0,1,1,0,1,1,8,0.272188,0.283721,0,0,0
31975,,7,0,3,3,0,3,3,9,0.199521,0.204395,0,0,0
31976,,16,0,1,1,0,1,1,9,0.219196,0.225231,0,0,0
31979,,16,0,1,1,0,1,1,9,0.213228,0.219825,0,0,0
31982,,41,0,17,17,0,17,17,8,0.242476,0.251026,0,0.102941,0
32305,,41,1,1,2,1,1,2,8,0.221865,0.228588,0,0.5,0.000168
33713,,41,1,0,1,1,0,1,0,0,0,0,0,0.000168
31983,,7,0,1,1,0,1,1,9,0.222499,0.229441,0,0,0
31984,,7,0,1,1,0,1,1,1,1,1,0,0,0
31987,,16,0,1,1,0,1,1,11,0.146153,0.148052,0,0,0
31988,,53,0,1,1,0,1,1,9,0.214509,0.221386,0,0,0
31989,,16,0,1,1,0,1,1,9,0.215262,0.221613,0,0,0
31992,,638,1,1,2,1,1,2,8,0.261475,0.272568,18827,0,0.000168
31993,,638,0,1,1,0,1,1,9,0.207286,0.212647,0,0,0
31996,,1,0,1,1,0,1,1,8,0.230717,0.238683,0,0,0
31997,,7,0,1,1,0,1,1,9,0.196653,0.201376,0,0,0
31998,,7,0,1,1,0,1,1,1,1,1,0,0,0
32000,,7,0,1,1,0,1,1,9,0.227327,0.234472,0,0,0
32001,,7,0,1,1,0,1,1,8,0.251664,0.260845,0,0,0
32002,,7,0,1,1,0,1,1,9,0.229134,0.236663,0,0,0
32004,,41,0,1,1,0,1,1,8,0.236961,0.24442,0,0,0
32006,,7,0,1,1,0,1,1,8,0.261475,0.272568,0,0,0
32012,,2,0,1,1,0,1,1,9,0.217837,0.224577,0,0,0
32013,,7,0,1,1,0,1,1,1,1,1,0,0,0
32016,,7,0,1,1,0,1,1,9,0.226164,0.233246,0,0,0
32020,,7,0,1,1,0,1,1,8,0.257706,0.267944,0,0,0
32021,,7,0,1,1,0,1,1,8,0.257706,0.267944,0,0,0
32026,,16,0,1,1,0,1,1,9,0.199234,0.204613,0,0,0
32028,,7,0,1,1,0,1,1,9,0.213453,0.219651,0,0,0
32030,,16,0,1,1,0,1,1,10,0.186971,0.191173,0,0,0
32034,,1,0,2,2,0,2,2,8,0.227737,0.23525,0,0.5,0
32035,,1,0,3,3,0,3,3,8,0.227748,0.235293,0,0.166667,0
32036,,16,0,1,1,0,1,1,8,0.23674,0.244313,0,0,0
32038,,67,0,3,3,0,3,3,9,0.235218,0.243059,0,0.166667,0
32584,,16,1,0,1,1,0,1,0,0,0,0,0,0.000179
32042,,7,0,1,1,0,1,1,9,0.218206,0.224461,0,0,0
32043,,1,0,1,1,0,1,1,9,0.222216,0.229086,0,0,0
32044,,69,0,2,2,0,2,2,8,0.235014,0.24234,0,1,0
32045,,16,0,1,1,0,1,1,9,0.20138,0.206388,0,0,0
32046,,16,0,1,1,0,1,1,9,0.217628,0.224048,0,0,0
32052,,16,0,1,1,0,1,1,8,0.238151,0.247423,0,0,0
32058,,16,0,1,1,0,1,1,8,0.2284,0.235296,0,0,0
32059,,7,0,1,1,0,1,1,8,0.229405,0.236983,0,0,0
32060,,7,0,1,1,0,1,1,10,0.19118,0.195226,0,0,0
32061,,36,0,1,1,0,1,1,9,0.220026,0.226909,0,0,0
32062,,41,0,1,1,0,1,1,8,0.257544,0.268689,0,0,0
32063,,16,0,1,1,0,1,1,9,0.227599,0.235178,0,0,0
32064,,1,0,1,1,0,1,1,10,0.188104,0.191839,0,0,0
32066,,7,0,1,1,0,1,1,1,1,1,0,0,0
32067,,32,0,1,1,0,1,1,8,0.234493,0.242444,0,0,0
32068,,7,0,1,1,0,1,1,8,0.248302,0.257867,0,0,0
32070,,32,0,1,1,0,1,1,10,0.172887,0.176073,0,0,0
32072,,7,0,1,1,0,1,1,8,0.228134,0.235523,0,0,0
32077,,7,0,1,1,0,1,1,9,0.232872,0.240708,0,0,0
32078,,16,0,2,2,0,2,2,9,0.23797,0.246538,0,0,0
32079,,1,0,1,1,0,1,1,8,0.230717,0.238683,0,0,0
32080,,14,0,1,1,0,1,1,9,0.219388,0.22606,0,0,0
32082,,7,0,2,2,0,2,2,8,0.251944,0.262092,0,0,0
32084,,7,0,3,3,0,3,3,8,0.255628,0.265257,0,0,0
32089,,16,1,4,5,1,4,5,8,0.244758,0.254642,18827,0.05,0.000168
33148,,7,1,0,1,1,0,1,0,0,0,0,0,0.000175
32091,,41,0,3,3,0,3,3,9,0.215426,0.221518,0,0.166667,0
32092,,7,0,1,1,0,1,1,8,0.236336,0.244243,0,0,0
32093,,7,0,1,1,0,1,1,8,0.236336,0.244243,0,0,0
32097,,41,0,1,1,0,1,1,8,0.257544,0.268689,0,0,0
32098,,7,0,1,1,0,1,1,8,0.231489,0.238755,0,0,0
32099,,41,0,1,1,0,1,1,10,0.197551,0.202614,0,0,0
32100,,41,0,1,1,0,1,1,9,0.202973,0.207933,0,0,0
32101,,14,0,3,3,0,3,3,9,0.207336,0.212898,0,0.333333,0
32102,,16,0,1,1,0,1,1,8,0.234266,0.242061,0,0,0
32103,,14,0,1,1,0,1,1,8,0.247395,0.256736,0,0,0
32104,,32,0,1,1,0,1,1,2,0.666667,0.75,0,0,0
32105,,16,0,1,1,0,1,1,8,0.230667,0.237711,0,0,0
32106,,7,0,1,1,0,1,1,9,0.218421,0.22521,0,0,0
32107,,41,0,1,1,0,1,1,8,0.257544,0.268689,0,0,0
32108,,14,0,1,1,0,1,1,8,0.247395,0.256736,0,0,0
32110,,639,1,1,2,1,1,2,1,1,1,0,0,0.000173
32111,,639,1,1,2,1,1,2,1,1,1,0,0,0.000173
32112,,7,0,1,1,0,1,1,9,0.192995,0.19715,0,0,0
32113,,7,0,1,1,0,1,1,9,0.233264,0.241028,0,0,0
32114,,7,0,1,1,0,1,1,9,0.217357,0.223374,0,0,0
32115,,25,0,1,1,0,1,1,8,0.234155,0.242097,0,0,0
32119,,7,0,1,1,0,1,1,9,0.216335,0.222647,0,0,0
32120,,16,0,1,1,0,1,1,9,0.216582,0.22242,0,0,0
32121,,41,0,2,2,0,2,2,8,0.267729,0.279715,0,1,0
32125,,7,0,1,1,0,1,1,8,0.265449,0.276753,0,0,0
32126,,69,0,1,1,0,1,1,9,0.232711,0.240726,0,0,0
32128,,16,0,3,3,0,3,3,11,0.152951,0.155115,0,1,0
32129,,16,0,2,2,0,2,2,12,0.132662,0.134083,0,1,0
32130,,16,0,2,2,0,2,2,12,0.132662,0.134083,0,1,0
32131,,7,0,1,1,0,1,1,8,0.261475,0.272568,0,0,0
32133,,640,0,1,1,0,1,1,10,0.174947,0.17814,0,0,0
32134,,16,0,1,1,0,1,1,9,0.191207,0.195549,0,0,0
32135,,36,0,2,2,0,2,2,9,0.223219,0.230144,0,0.5,0
32136,,7,0,1,1,0,1,1,9,0.212528,0.218441,0,0,0
32137,,7,0,1,1,0,1,1,8,0.257706,0.267944,0,0,0
32139,,67,0,1,1,0,1,1,9,0.190333,0.194353,0,0,0
32141,,12,0,2,2,0,2,2,9,0.218284,0.225275,0,0.5,0
32142,,7,0,1,1,0,1,1,9,0.218036,0.224798,0,0,0
32143,,2,0,3,3,0,3,3,8,0.23299,0.241033,0,0.833333,0
32144,,7,0,7,7,0,7,7,8,0.275297,0.288464,0,0.571429,0
32145,,36,0,1,1,0,1,1,10,0.172717,0.175979,0,0,0
32146,,7,0,1,1,0,1,1,8,0.261475,0.272568,0,0,0
32148,,16,0,1,1,0,1,1,9,0.203083,0.208247,0,0,0
32150,,641,0,1,1,0,1,1,1,1,1,0,0,0
32151,,641,1,0,1,1,0,1,0,0,0,0,0,0.000168
32152,,16,0,1,1,0,1,1,10,0.19248,0.197046,0,0,0
32153,,7,0,1,1,0,1,1,9,0.232872,0.240708,0,0,0
32155,,7,0,1,1,0,1,1,8,0.251523,0.26155,0,0,0
32156,,7,0,2,2,0,2,2,8,0.226488,0.233336,0,0,0
32157,,14,0,2,2,0,2,2,9,0.223734,0.230719,0,1,0
32159,,14,0,3,3,0,3,3,9,0.223743,0.23076,0,0.333333,0
33061,,14,1,0,1,1,0,1,0,0,0,0,0,0.000168
32160,,67,0,1,1,0,1,1,9,0.19484,0.199639,0,0,0
32161,,7,0,1,1,0,1,1,9,0.235541,0.243648,0,0,0
32164,,65,0,1,1,0,1,1,9,0.205672,0.210922,0,0,0
32165,,16,0,1,1,0,1,1,9,0.229337,0.237191,0,0,0
32166,,1,0,1,1,0,1,1,10,0.161178,0.163674,0,0,0
32167,,16,0,1,1,0,1,1,9,0.219513,0.226196,0,0,0
32169,,25,0,1,1,0,1,1,9,0.225635,0.232826,0,0,0
32172,,16,0,1,1,0,1,1,9,0.196354,0.201057,0,0,0
32173,,7,0,1,1,0,1,1,9,0.224618,0.231248,0,0,0
32174,,14,0,1,1,0,1,1,9,0.225039,0.232567,0,0,0
32176,,41,0,1,1,0,1,1,9,0.205163,0.210721,0,0,0
32178,,36,0,1,1,0,1,1,10,0.160364,0.162707,0,0,0
32179,,36,1,1,2,1,1,2,9,0.190982,0.194942,18827,0,0.000168
32180,,12,0,1,1,0,1,1,9,0.202877,0.207845,0,0,0
32183,,7,0,1,1,0,1,1,9,0.220014,0.226627,0,0,0
32184,,67,0,1,1,0,1,1,1,1,1,0,0,0
32187,,12,0,2,2,0,2,2,9,0.224923,0.231448,0,0,0
32188,,7,0,1,1,0,1,1,9,0.238286,0.246733,0,0,0
32189,,16,0,1,1,0,1,1,9,0.206922,0.212471,0,0,0
32191,,7,0,1,1,0,1,1,9,0.226897,0.234639,0,0,0
32194,,16,0,1,1,0,1,1,9,0.194245,0.198959,0,0,0
32196,,41,0,1,1,0,1,1,8,0.242301,0.250673,0,0,0
32199,,642,0,1,1,0,1,1,1,1,1,0,0,0
32200,,642,1,0,1,1,0,1,0,0,0,0,0,0.000168
32203,,1,0,1,1,0,1,1,9,0.192142,0.196399,0,0,0
32204,,53,0,1,1,0,1,1,9,0.215053,0.221273,0,0,0
32205,,1,0,1,1,0,1,1,9,0.222605,0.230046,0,0,0
32207,,41,0,1,1,0,1,1,9,0.191713,0.196301,0,0,0
32208,,7,0,1,1,0,1,1,8,0.244453,0.252822,0,0,0
32209,,7,0,2,2,0,2,2,9,0.227613,0.234983,0,0,0
32210,,7,0,1,1,0,1,1,9,0.226946,0.234172,0,0,0
32212,,7,0,1,1,0,1,1,9,0.22266,0.228771,0,0,0
32218,,67,0,1,1,0,1,1,9,0.20833,0.214469,0,0,0
32219,,16,0,2,2,0,2,2,8,0.251392,0.261491,0,0.5,0
32220,,7,0,5,5,0,5,5,8,0.24992,0.259724,0,0.3,0
32221,,7,0,1,1,0,1,1,9,0.216611,0.2225,0,0,0
32224,,7,0,1,1,0,1,1,8,0.245108,0.253561,0,0,0
32225,,7,0,1,1,0,1,1,1,1,1,0,0,0
32226,,16,0,1,1,0,1,1,9,0.207659,0.213363,0,0,0
32227,,7,0,1,1,0,1,1,8,0.238709,0.246069,0,0,0
32232,,16,0,1,1,0,1,1,8,0.229011,0.236303,0,0,0
32235,,12,0,1,1,0,1,1,9,0.193105,0.197766,0,0,0
32240,,16,0,2,2,0,2,2,9,0.234172,0.242015,0,0.5,0
32243,,7,0,2,2,0,2,2,8,0.234546,0.242014,0,0.5,0
32244,,7,0,1,1,0,1,1,8,0.242744,0.250975,0,0,0
32245,,65,0,1,1,0,1,1,9,0.208155,0.213697,0,0,0
32246,,41,0,1,1,0,1,1,8,0.257544,0.268689,0,0,0
32248,,7,0,1,1,0,1,1,9,0.211127,0.216842,0,0,0
32250,,1,0,1,1,0,1,1,9,0.197684,0.202368,0,0,0
32251,,7,0,1,1,0,1,1,8,0.238404,0.246059,0,0,0
32252,,16,0,1,1,0,1,1,9,0.220384,0.227087,0,0,0
32254,,41,0,2,2,0,2,2,8,0.257724,0.26892,0,0,0
32256,,7,0,1,1,0,1,1,9,0.207686,0.213086,0,0,0
32258,,7,0,1,1,0,1,1,8,0.243999,0.252847,0,0,0
32259,,67,0,9,9,0,9,9,8,0.24889,0.258121,0,0.013889,0
32260,,67,1,0,1,1,0,1,0,0,0,0,0,0.000168
32261,,67,1,0,1,1,0,1,0,0,0,0,0,0.000168
32262,,7,0,3,3,0,3,3,8,0.235141,0.244282,0,0.833333,0
32264,,7,0,4,4,0,4,4,8,0.23825,0.246008,0,0,0
32265,,7,0,3,3,0,3,3,8,0.261413,0.272063,0,0.666667,0
32267,,7,0,4,4,0,4,4,8,0.247782,0.256887,0,0.166667,0
32268,,1,0,4,4,0,4,4,8,0.228968,0.236781,0,0,0
32270,,7,0,1,1,0,1,1,9,0.222431,0.229647,0,0,0
32271,,7,0,1,1,0,1,1,8,0.261475,0.272568,0,0,0
32272,,7,0,1,1,0,1,1,8,0.247779,0.256716,0,0,0
32273,,16,0,1,1,0,1,1,9,0.197648,0.202972,0,0,0
32274,,16,0,1,1,0,1,1,9,0.224856,0.232784,0,0,0
32275,,7,0,1,1,0,1,1,8,0.238712,0.2466,0,0,0
32276,,7,1,2,3,1,2,3,9,0.221892,0.228869,25975,0.166667,0.000235
32591,,7,1,0,1,1,0,1,0,0,0,0,0,0.000173
32277,,41,0,1,1,0,1,1,8,0.257544,0.268689,0,0,0
32279,,12,0,1,1,0,1,1,10,0.177506,0.180764,0,0,0
32280,,36,0,1,1,0,1,1,10,0.172717,0.175979,0,0,0
32282,,67,0,1,1,0,1,1,9,0.194217,0.198456,0,0,0
32283,,67,0,3,3,0,3,3,9,0.194223,0.198518,0,0.833333,0
32285,,67,4,2,6,4,2,6,9,0.194215,0.198475,37652,0.2,0.000692
32284,,629,0,1,1,0,1,1,1,1,1,0,0,0
32287,,7,0,1,1,0,1,1,8,0.244345,0.253397,0,0,0
32288,,22,0,1,1,0,1,1,2,0.545455,0.583333,0,0,0
32291,,16,0,2,2,0,2,2,9,0.225427,0.233103,0,0.5,0
32292,,53,0,1,1,0,1,1,9,0.217608,0.223675,0,0,0
32294,,41,0,1,1,0,1,1,8,0.235753,0.244207,0,0,0
32295,,7,0,4,4,0,4,4,8,0.270993,0.283227,0,0.666667,0
32296,,16,0,1,1,0,1,1,9,0.191267,0.195676,0,0,0
32299,,67,1,2,3,1,2,3,1,1,1,25978.333333,0,0.000173
34103,,67,3,0,3,3,0,3,0,0,0,0,0,0.000509
32303,,7,0,1,1,0,1,1,8,0.256747,0.266706,0,0,0
32306,,7,0,1,1,0,1,1,9,0.217146,0.223451,0,0,0
32307,,7,0,1,1,0,1,1,8,0.271138,0.283493,0,0,0
32308,,16,0,1,1,0,1,1,9,0.196025,0.200482,0,0,0
32309,,16,0,1,1,0,1,1,10,0.187539,0.19191,0,0,0
32310,,7,0,1,1,0,1,1,1,1,1,0,0,0
32311,,643,0,1,1,0,1,1,1,1,1,0,0,0
32312,,643,1,0,1,1,0,1,0,0,0,0,0,0.000168
32313,,16,0,1,1,0,1,1,9,0.218178,0.22459,0,0,0
32315,,644,0,1,1,0,1,1,2,0.6,0.666667,0,0,0
32316,,7,0,1,1,0,1,1,9,0.200066,0.204368,0,0,0
32317,,53,0,1,1,0,1,1,9,0.214509,0.221386,0,0,0
32471,,67,1,1,2,1,1,2,8,0.254953,0.265097,779.512658,0,0.000195
32320,,53,0,2,2,0,2,2,9,0.227437,0.234108,0,1,0
32322,,1,0,1,1,0,1,1,8,0.230853,0.23867,0,0,0
32323,,7,0,2,2,0,2,2,9,0.21124,0.216866,0,0,0
32328,,16,0,1,1,0,1,1,9,0.196639,0.201609,0,0,0
32330,,16,0,1,1,0,1,1,9,0.213228,0.219825,0,0,0
32332,,7,0,1,1,0,1,1,8,0.245108,0.253561,0,0,0
32333,,16,0,1,1,0,1,1,8,0.233638,0.242002,0,0,0
32336,,36,0,1,1,0,1,1,9,0.215382,0.221492,0,0,0
32338,,16,0,1,1,0,1,1,9,0.232956,0.241234,0,0,0
32339,,1,0,1,1,0,1,1,8,0.242388,0.250662,0,0,0
32341,,7,0,1,1,0,1,1,8,0.262756,0.273466,0,0,0
32342,,16,0,2,2,0,2,2,9,0.193035,0.197271,0,0,0
32343,,16,1,2,3,1,2,3,8,0.239185,0.247364,18827,0.333333,0.000168
33100,,16,1,0,1,1,0,1,0,0,0,0,0,0.000168
32344,,7,0,1,1,0,1,1,8,0.261475,0.272568,0,0,0
32345,,7,0,1,1,0,1,1,8,0.262756,0.273466,0,0,0
32346,,67,0,2,2,0,2,2,9,0.216517,0.222994,0,1,0
32349,,16,0,1,1,0,1,1,9,0.197561,0.202745,0,0,0
32351,,41,0,1,1,0,1,1,8,0.257544,0.268689,0,0,0
32352,,36,0,1,1,0,1,1,8,0.23485,0.242175,0,0,0
32353,,7,0,1,1,0,1,1,8,0.230232,0.237422,0,0,0
32355,,645,0,1,1,0,1,1,10,0.183511,0.187271,0,0,0
32356,,645,1,2,3,1,2,3,9,0.224745,0.231755,18828,0,0.000168
32421,,645,1,0,1,1,0,1,0,0,0,0,0,0.000173
32357,,7,0,2,2,0,2,2,8,0.242992,0.251616,0,0,0
32358,,7,1,2,3,1,2,3,8,0.240662,0.249194,82.546108,0,0.000168
32359,,7,0,1,1,0,1,1,9,0.227171,0.235195,0,0,0
33000,,16,4,3,7,4,3,7,9,0.210055,0.216088,18934.385905,0.366667,0.001096
33676,,16,4,2,6,4,2,6,9,0.219953,0.226373,378.766371,0.833333,0.001119
33575,,16,2,5,7,2,5,7,9,0.219966,0.226471,25975,0.5,0.000747
34022,,16,1,1,2,1,1,2,9,0.210048,0.216026,0,0,0.00056
33576,,16,3,5,8,3,5,8,8,0.272556,0.284272,20112.758447,0.5,0.000933
32361,,67,0,1,1,0,1,1,9,0.193465,0.197512,0,0,0
32364,,67,0,1,1,0,1,1,1,1,1,0,0,0
32365,,7,0,1,1,0,1,1,1,1,1,0,0,0
32366,,16,0,1,1,0,1,1,1,1,1,0,0,0
32367,,7,0,1,1,0,1,1,8,0.238712,0.2466,0,0,0
32368,,67,0,1,1,0,1,1,9,0.202263,0.207249,0,0,0
32369,,7,0,1,1,0,1,1,9,0.198884,0.203512,0,0,0
32370,,646,0,1,1,0,1,1,1,1,1,0,0,0
32371,,646,1,0,1,1,0,1,0,0,0,0,0,0.000168
32373,,41,0,1,1,0,1,1,8,0.231378,0.23929,0,0,0
32374,,7,0,1,1,0,1,1,9,0.208015,0.213487,0,0,0
32376,,647,0,1,1,0,1,1,1,1,1,0,0,0
32377,,647,1,0,1,1,0,1,0,0,0,0,0,0.000168
32378,,7,0,1,1,0,1,1,9,0.222499,0.229441,0,0,0
32379,,2,0,1,1,0,1,1,9,0.193618,0.197826,0,0,0
32380,,7,0,1,1,0,1,1,9,0.228104,0.235296,0,0,0
32381,,41,0,1,1,0,1,1,2,0.666667,0.75,0,0,0
32382,,14,0,1,1,0,1,1,9,0.190465,0.194383,0,0,0
32383,,16,1,4,5,1,4,5,8,0.239801,0.249407,18827,0,0.000173
33561,,16,1,1,2,1,1,2,9,0.193421,0.198278,0,0,0.000173
32385,,16,0,1,1,0,1,1,9,0.229659,0.236946,0,0,0
32386,,56,0,1,1,0,1,1,9,0.188487,0.192404,0,0,0
32388,,16,0,3,3,0,3,3,8,0.246533,0.255604,0,0.166667,0
32460,,7,1,3,4,1,3,4,8,0.265978,0.277256,530.618171,0.333333,0.000168
32389,,7,0,1,1,0,1,1,8,0.235664,0.243096,0,0,0
32390,,7,0,1,1,0,1,1,9,0.198081,0.202585,0,0,0
32394,,7,0,1,1,0,1,1,9,0.220762,0.22725,0,0,0
32395,,16,0,1,1,0,1,1,8,0.230667,0.237711,0,0,0
32396,,7,0,2,2,0,2,2,9,0.218249,0.224684,0,0.5,0
32399,,7,0,1,1,0,1,1,10,0.200445,0.205629,0,0,0
32400,,16,0,1,1,0,1,1,1,1,1,0,0,0
32401,,7,0,1,1,0,1,1,10,0.179156,0.182314,0,0,0
32402,,16,0,1,1,0,1,1,8,0.244433,0.254493,0,0,0
32403,,382,0,1,1,0,1,1,9,0.208619,0.213901,0,0,0
32404,,41,0,2,2,0,2,2,8,0.257548,0.268715,0,1,0
32405,,16,0,1,1,0,1,1,8,0.239859,0.247713,0,0,0
32407,,7,0,1,1,0,1,1,8,0.244158,0.252316,0,0,0
32409,,648,0,1,1,0,1,1,1,1,1,0,0,0
32410,,648,1,0,1,1,0,1,0,0,0,0,0,0.000168
32412,,32,1,2,3,1,2,3,9,0.210692,0.216371,18827,0,0.000168
32413,,65,0,1,1,0,1,1,1,1,1,0,0,0
32415,,7,0,15,15,0,15,15,7,0.296724,0.31189,0,0.052381,0
32417,,7,0,1,1,0,1,1,8,0.232979,0.239794,0,0,0
32418,,41,0,2,2,0,2,2,8,0.257554,0.268727,0,0,0
32419,,41,1,0,1,1,0,1,0,0,0,0,0,0.000168
32420,,41,0,1,1,0,1,1,8,0.226676,0.234633,0,0,0
32422,,7,0,1,1,0,1,1,8,0.23893,0.247221,0,0,0
32425,,16,0,1,1,0,1,1,8,0.211022,0.216747,0,0,0
32427,,16,0,1,1,0,1,1,9,0.209484,0.215083,0,0,0
32429,,16,0,1,1,0,1,1,8,0.232418,0.240737,0,0,0
32431,,16,0,1,1,0,1,1,9,0.197667,0.202287,0,0,0
32432,,16,0,3,3,0,3,3,7,0.268635,0.281414,0,0.166667,0
32433,,2,0,3,3,0,3,3,1,1,1,0,0,0
32434,,2,1,0,1,1,0,1,0,0,0,0,0,0.000168
33054,,2,2,0,2,2,0,2,0,0,0,0,0,0.000341
32436,,16,0,1,1,0,1,1,8,0.234601,0.241751,0,0,0
32437,,2,0,2,2,0,2,2,8,0.245989,0.255092,0,0,0
32438,,16,0,1,1,0,1,1,1,1,1,0,0,0
32440,,1,0,1,1,0,1,1,9,0.199217,0.203911,0,0,0
32441,,16,0,1,1,0,1,1,9,0.231783,0.240091,0,0,0
32444,,36,0,4,4,0,4,4,9,0.223982,0.230679,0,0.5,0
32445,,7,0,1,1,0,1,1,9,0.223445,0.230318,0,0,0
32449,,7,0,1,1,0,1,1,8,0.237622,0.245065,0,0,0
32450,,41,0,2,2,0,2,2,8,0.259812,0.27135,0,0,0
32452,,7,0,2,2,0,2,2,9,0.212886,0.219036,0,0,0
32453,,67,0,1,1,0,1,1,1,1,1,0,0,0
32454,,16,0,3,3,0,3,3,8,0.236649,0.24616,0,0,0
32455,,649,0,1,1,0,1,1,1,1,1,0,0,0
32456,,649,1,0,1,1,0,1,0,0,0,0,0,0.000168
32457,,16,0,1,1,0,1,1,9,0.203943,0.208989,0,0,0
32461,,16,0,1,1,0,1,1,9,0.194329,0.198657,0,0,0
32462,,650,0,1,1,0,1,1,1,1,1,0,0,0
32463,,650,1,0,1,1,0,1,0,0,0,0,0,0.000168
32467,,7,0,1,1,0,1,1,9,0.206947,0.212785,0,0,0
33476,,16,1,0,1,1,0,1,0,0,0,0,0,0.000173
32470,,16,0,1,1,0,1,1,8,0.2284,0.235296,0,0,0
32472,,53,0,1,1,0,1,1,9,0.194003,0.19841,0,0,0
32475,,7,0,1,1,0,1,1,8,0.251664,0.260845,0,0,0
32476,,7,0,1,1,0,1,1,9,0.210421,0.216168,0,0,0
32479,,7,0,1,1,0,1,1,9,0.229833,0.237605,0,0,0
32480,,7,0,1,1,0,1,1,10,0.166008,0.168708,0,0,0
32481,,41,0,1,1,0,1,1,2,0.6,0.666667,0,0,0
32482,,16,0,1,1,0,1,1,8,0.230667,0.237711,0,0,0
32484,,7,0,1,1,0,1,1,11,0.151329,0.153504,0,0,0
32487,,53,0,2,2,0,2,2,9,0.229466,0.236982,0,0,0
32490,,651,0,1,1,0,1,1,1,1,1,0,0,0
32491,,651,1,0,1,1,0,1,0,0,0,0,0,0.000168
32492,,7,0,1,1,0,1,1,9,0.238286,0.246733,0,0,0
32493,,7,0,1,1,0,1,1,10,0.190268,0.194896,0,0,0
32495,,16,0,1,1,0,1,1,10,0.178033,0.181729,0,0,0
32497,,16,0,1,1,0,1,1,8,0.233638,0.242002,0,0,0
32499,,36,0,1,1,0,1,1,10,0.176789,0.180292,0,0,0
32502,,7,0,1,1,0,1,1,1,1,1,0,0,0
32504,,652,1,0,1,1,0,1,0,0,0,0,0,0.000173
32505,,7,0,1,1,0,1,1,8,0.230757,0.238159,0,0,0
32508,,16,0,1,1,0,1,1,8,0.230091,0.237701,0,0,0
32509,,41,0,1,1,0,1,1,8,0.226676,0.234633,0,0,0
32512,,7,0,1,1,0,1,1,8,0.265449,0.276753,0,0,0
32514,,7,0,1,1,0,1,1,10,0.179156,0.182314,0,0,0
32515,,7,0,1,1,0,1,1,9,0.207627,0.212897,0,0,0
32516,,7,1,3,4,1,3,4,8,0.262017,0.272949,18827,0.166667,0.000168
32518,,16,0,2,2,0,2,2,10,0.171585,0.174763,0,0,0
32520,,16,0,1,1,0,1,1,1,1,1,0,0,0
32521,,16,0,3,3,0,3,3,9,0.229229,0.237479,0,0.166667,0
32522,,2,0,1,1,0,1,1,9,0.217837,0.224577,0,0,0
32534,,16,0,1,1,0,1,1,9,0.19741,0.202675,0,0,0
32535,,7,0,1,1,0,1,1,1,1,1,0,0,0
32536,,7,0,1,1,0,1,1,9,0.21518,0.221247,0,0,0
32537,,7,0,1,1,0,1,1,9,0.214766,0.220717,0,0,0
32539,,1,0,2,2,0,2,2,9,0.221528,0.228378,0,0,0
32540,,7,0,2,2,0,2,2,9,0.210501,0.216011,0,0,0
32541,,53,0,1,1,0,1,1,1,1,1,0,0,0
32542,,16,0,1,1,0,1,1,10,0.177132,0.180657,0,0,0
32543,,16,0,1,1,0,1,1,9,0.197561,0.202745,0,0,0
32545,,653,0,1,1,0,1,1,1,1,1,0,0,0
32546,,653,1,0,1,1,0,1,0,0,0,0,0,0.000168
32547,,7,0,1,1,0,1,1,9,0.200066,0.204368,0,0,0
32548,,32,0,1,1,0,1,1,10,0.179235,0.182695,0,0,0
32549,,16,0,2,2,0,2,2,9,0.22169,0.228789,0,0,0
32551,,16,0,1,1,0,1,1,8,0.238151,0.247423,0,0,0
32553,,654,0,1,1,0,1,1,1,1,1,0,0,0
32554,,654,1,0,1,1,0,1,0,0,0,0,0,0.000168
32555,,655,0,1,1,0,1,1,1,1,1,0,0,0
32556,,655,1,0,1,1,0,1,0,0,0,0,0,0.000168
32558,,7,0,1,1,0,1,1,10,0.166718,0.169204,0,0,0
32559,,65,0,1,1,0,1,1,9,0.191553,0.195654,0,0,0
32560,,67,0,1,1,0,1,1,1,1,1,0,0,0
32561,,67,2,0,2,2,0,2,0,0,0,0,0,0.000336
32562,,16,0,1,1,0,1,1,8,0.234266,0.242061,0,0,0
32564,,7,0,1,1,0,1,1,9,0.216335,0.222647,0,0,0
32565,,7,0,4,4,0,4,4,9,0.229061,0.236396,0,0.333333,0
32566,,2,0,1,1,0,1,1,1,1,1,0,0,0
32567,,67,0,1,1,0,1,1,1,1,1,0,0,0
32569,,7,0,1,1,0,1,1,10,0.179803,0.183122,0,0,0
32574,,7,0,1,1,0,1,1,8,0.251523,0.26155,0,0,0
32578,,7,0,3,3,0,3,3,9,0.220575,0.227229,0,0,0
32581,,1,0,1,1,0,1,1,9,0.200249,0.205725,0,0,0
32582,,7,0,1,1,0,1,1,1,1,1,0,0,0
32583,,7,0,1,1,0,1,1,8,0.240656,0.249158,0,0,0
32585,,7,0,1,1,0,1,1,8,0.257706,0.267944,0,0,0
32587,,36,2,23,25,2,23,25,8,0.243331,0.252573,0,0.478333,0.000341
32589,,16,0,1,1,0,1,1,9,0.209905,0.215766,0,0,0
32590,,1,0,1,1,0,1,1,8,0.226147,0.233528,0,0,0
32592,,7,0,1,1,0,1,1,9,0.226164,0.233246,0,0,0
32603,,41,0,1,1,0,1,1,8,0.257544,0.268689,0,0,0
32605,,16,0,2,2,0,2,2,9,0.209645,0.21546,0,0,0
32607,,7,0,1,1,0,1,1,9,0.207291,0.212661,0,0,0
32608,,16,0,2,2,0,2,2,8,0.245252,0.255437,0,1,0
32609,,7,0,1,1,0,1,1,8,0.232406,0.239626,0,0,0
32611,,7,0,1,1,0,1,1,9,0.210437,0.216033,0,0,0
32612,,7,0,1,1,0,1,1,8,0.233969,0.24121,0,0,0
32613,,36,1,25,26,1,25,26,8,0.24335,0.252653,1,0.441538,0.000168
32616,,7,1,0,1,1,0,1,0,0,0,0,0,0.000175
32617,,16,0,1,1,0,1,1,8,0.238528,0.246408,0,0,0
32619,,7,0,1,1,0,1,1,9,0.226164,0.233246,0,0,0
32620,,41,0,1,1,0,1,1,9,0.211025,0.216219,0,0,0
32621,,16,0,1,1,0,1,1,9,0.226488,0.233295,0,0,0
32622,,7,0,1,1,0,1,1,9,0.204675,0.209511,0,0,0
32623,,7,0,1,1,0,1,1,10,0.195014,0.199652,0,0,0
32625,,7,0,1,1,0,1,1,9,0.210412,0.216165,0,0,0
32626,,53,0,1,1,0,1,1,9,0.220312,0.226978,0,0,0
32627,,16,0,1,1,0,1,1,9,0.209739,0.215108,0,0,0
32628,,7,0,1,1,0,1,1,10,0.191112,0.195486,0,0,0
32629,,656,0,1,1,0,1,1,1,1,1,0,0,0
32630,,656,1,0,1,1,0,1,0,0,0,0,0,0.000168
32631,,7,0,1,1,0,1,1,10,0.191112,0.195486,0,0,0
32633,,41,0,2,2,0,2,2,8,0.257548,0.268715,0,0.5,0
32636,,36,0,25,25,0,25,25,8,0.243357,0.252666,0,0.478333,0
32637,,12,0,3,3,0,3,3,10,0.16491,0.168133,0,0.5,0
32639,,16,0,1,1,0,1,1,8,0.234514,0.24306,0,0,0
32640,,67,0,1,1,0,1,1,3,0.5,0.583333,0,0,0
32641,,1,0,1,1,0,1,1,9,0.193642,0.198067,0,0,0
32644,,12,1,1,2,1,1,2,11,0.141559,0.143507,1,0,0.000168
32645,,7,0,4,4,0,4,4,8,0.248482,0.258146,0,0.416667,0
32646,,7,0,1,1,0,1,1,8,0.245899,0.253968,0,0,0
32647,,7,0,1,1,0,1,1,9,0.235541,0.243648,0,0,0
32648,,41,0,2,2,0,2,2,9,0.214174,0.219693,0,0,0
32649,,41,1,0,1,1,0,1,0,0,0,0,0,0.000168
32651,,16,0,1,1,0,1,1,9,0.203239,0.208464,0,0,0
32652,,7,0,2,2,0,2,2,8,0.266705,0.277648,0,1,0
32654,,7,0,1,1,0,1,1,9,0.228477,0.235727,0,0,0
32656,,67,0,1,1,0,1,1,1,1,1,0,0,0
32657,,7,0,1,1,0,1,1,8,0.217234,0.223577,0,0,0
32658,,16,0,1,1,0,1,1,9,0.20086,0.206556,0,0,0
32659,,67,0,5,5,0,5,5,9,0.222271,0.22966,0,0.3,0
32660,,67,4,0,4,4,0,4,0,0,0,0,0,0.000696
32665,,7,0,1,1,0,1,1,8,0.239167,0.246988,0,0,0
32668,,16,0,1,1,0,1,1,9,0.219293,0.225533,0,0,0
32669,,2,0,1,1,0,1,1,1,1,1,0,0,0
32670,,7,0,1,1,0,1,1,9,0.198461,0.20316,0,0,0
32671,,7,0,1,1,0,1,1,8,0.244345,0.253397,0,0,0
32673,,7,0,1,1,0,1,1,8,0.235105,0.243285,0,0,0
32675,,16,0,1,1,0,1,1,9,0.227599,0.234697,0,0,0
32738,,41,1,0,1,1,0,1,0,0,0,0,0,0.000173
32678,,67,0,1,1,0,1,1,1,1,1,0,0,0
32679,,7,0,1,1,0,1,1,8,0.263006,0.273325,0,0,0
32681,,16,0,1,1,0,1,1,9,0.192232,0.196901,0,0,0
32682,,7,0,1,1,0,1,1,8,0.261475,0.272568,0,0,0
32683,,7,0,1,1,0,1,1,8,0.263006,0.273325,0,0,0
32686,,7,0,1,1,0,1,1,9,0.197307,0.201703,0,0,0
32687,,69,0,1,1,0,1,1,9,0.188054,0.192248,0,0,0
32691,,7,0,1,1,0,1,1,9,0.239538,0.247501,0,0,0
32693,,7,0,2,2,0,2,2,8,0.264684,0.276244,0,0.5,0
32694,,7,0,1,1,0,1,1,1,1,1,0,0,0
32696,,7,0,1,1,0,1,1,8,0.263006,0.273325,0,0,0
32697,,7,0,2,2,0,2,2,9,0.227919,0.235167,0,0.5,0
32698,,41,0,1,1,0,1,1,2,0.6,0.666667,0,0,0
32699,,754,1,1,2,1,1,2,9,0.210242,0.21576,18827,0,0.000168
32700,,7,0,2,2,0,2,2,8,0.240165,0.249071,0,1,0
32701,,41,0,1,1,0,1,1,11,0.160269,0.162784,0,0,0
32704,,65,0,1,1,0,1,1,8,0.236841,0.24458,0,0,0
32706,,7,0,4,4,0,4,4,8,0.268099,0.279755,0,0.416667,0
32707,,41,0,1,1,0,1,1,8,0.257544,0.268689,0,0,0
32710,,7,0,2,2,0,2,2,9,0.226617,0.234158,0,0,0
32711,,16,0,1,1,0,1,1,9,0.223934,0.230711,0,0,0
32712,,7,0,1,1,0,1,1,9,0.221711,0.228654,0,0,0
32715,,41,0,1,1,0,1,1,9,0.210916,0.216683,0,0,0
32718,,7,0,1,1,0,1,1,8,0.228126,0.235578,0,0,0
32719,,2,0,1,1,0,1,1,9,0.208252,0.214065,0,0,0
32720,,7,1,1,2,1,1,2,8,0.254949,0.265094,826.453636,0,0.000168
32722,,7,0,1,1,0,1,1,9,0.234953,0.24388,0,0,0
33472,,7,1,1,2,1,1,2,8,0.242713,0.250553,0,0.5,0.000273
34032,,7,1,0,1,1,0,1,0,0,0,0,0,0.000273
32725,,16,0,1,1,0,1,1,9,0.201915,0.206674,0,0,0
32726,,41,0,1,1,0,1,1,8,0.234941,0.243151,0,0,0
32727,,7,0,1,1,0,1,1,8,0.239368,0.247149,0,0,0
32729,,7,0,1,1,0,1,1,8,0.227028,0.233491,0,0,0
32730,,41,0,1,1,0,1,1,8,0.257544,0.268689,0,0,0
32731,,41,0,2,2,0,2,2,9,0.234751,0.243275,0,0,0
32732,,41,3,0,3,3,0,3,0,0,0,0,0,0.000534
32733,,41,0,1,1,0,1,1,1,1,1,0,0,0
32734,,67,0,3,3,0,3,3,9,0.222266,0.229606,0,0.666667,0
35521,,67,1,1,2,1,1,2,9,0.221965,0.229191,0,1,0.000215
32736,,22,0,1,1,0,1,1,10,0.176315,0.179591,0,0,0
32740,,2,0,2,2,0,2,2,9,0.1974,0.202325,0,1,0
32741,,16,0,4,4,0,4,4,8,0.238202,0.24596,0,0.083333,0
32742,,7,0,1,1,0,1,1,8,0.265449,0.276753,0,0,0
32749,,41,0,1,1,0,1,1,9,0.234736,0.243231,0,0,0
32750,,7,0,1,1,0,1,1,9,0.211396,0.216926,0,0,0
32752,,7,0,1,1,0,1,1,8,0.232406,0.239626,0,0,0
32753,,16,0,1,1,0,1,1,9,0.218196,0.224517,0,0,0
32754,,16,0,1,1,0,1,1,9,0.207113,0.212719,0,0,0
32755,,16,0,1,1,0,1,1,8,0.23949,0.247366,0,0,0
32756,,7,0,1,1,0,1,1,9,0.222431,0.229647,0,0,0
32757,,67,0,1,1,0,1,1,2,0.666667,0.75,0,0,0
32758,,7,0,1,1,0,1,1,1,1,1,0,0,0
32761,,7,0,1,1,0,1,1,9,0.227844,0.235164,0,0,0
32762,,7,0,1,1,0,1,1,9,0.205353,0.21069,0,0,0
32764,,16,0,2,2,0,2,2,9,0.193399,0.198018,0,0,0
33870,,16,2,1,3,2,1,3,2,0.6,0.666667,77931,0,0.000354
32766,,657,0,1,1,0,1,1,1,1,1,0,0,0
32767,,657,1,0,1,1,0,1,0,0,0,0,0,0.000168
32768,,7,0,1,1,0,1,1,1,1,1,0,0,0
32769,,658,0,1,1,0,1,1,1,1,1,0,0,0
32770,,658,1,0,1,1,0,1,0,0,0,0,0,0.000168
32771,,34,0,1,1,0,1,1,1,1,1,0,0,0
32773,,7,0,1,1,0,1,1,9,0.217772,0.224194,0,0,0
32774,,16,0,1,1,0,1,1,10,0.186971,0.191183,0,0,0
32775,,14,0,1,1,0,1,1,10,0.19244,0.196511,0,0,0
32776,,7,0,1,1,0,1,1,9,0.218421,0.22521,0,0,0
32778,,12,0,1,1,0,1,1,11,0.136363,0.138027,0,0,0
32779,,16,0,1,1,0,1,1,8,0.216596,0.222828,0,0,0
32781,,16,0,1,1,0,1,1,11,0.153887,0.156263,0,0,0
32782,,67,0,1,1,0,1,1,9,0.193465,0.197512,0,0,0
32784,,1,0,1,1,0,1,1,10,0.188104,0.191839,0,0,0
32785,,7,0,1,1,0,1,1,9,0.218107,0.224532,0,0,0
32786,,7,0,1,1,0,1,1,9,0.222142,0.228387,0,0,0
32787,,7,0,1,1,0,1,1,9,0.218751,0.224866,0,0,0
32789,,14,0,2,2,0,2,2,8,0.219705,0.225909,0,0.5,0
32790,,1,0,1,1,0,1,1,9,0.209403,0.215422,0,0,0
32792,,16,0,2,2,0,2,2,12,0.132663,0.134092,0,0.5,0
32793,,16,0,3,3,0,3,3,11,0.152951,0.155115,0,1,0
32794,,41,0,1,1,0,1,1,8,0.227767,0.235137,0,0,0
32796,,659,1,1,2,1,1,2,1,1,1,0,0,0.000173
32797,,659,1,1,2,1,1,2,1,1,1,0,0,0.000173
32799,,7,0,1,1,0,1,1,9,0.226406,0.233591,0,0,0
32800,,7,0,1,1,0,1,1,9,0.219913,0.226466,0,0,0
32803,,12,0,3,3,0,3,3,10,0.164913,0.16814,0,0.5,0
32804,,69,0,1,1,0,1,1,10,0.181993,0.185878,0,0,0
32805,,67,0,1,1,0,1,1,1,1,1,0,0,0
32806,,7,0,1,1,0,1,1,10,0.179156,0.182314,0,0,0
32810,,36,0,1,1,0,1,1,10,0.176789,0.180292,0,0,0
32811,,7,0,1,1,0,1,1,8,0.262756,0.273466,0,0,0
32814,,41,0,1,1,0,1,1,8,0.236961,0.24442,0,0,0
32815,,7,0,1,1,0,1,1,9,0.207609,0.212853,0,0,0
32816,,7,0,1,1,0,1,1,8,0.251523,0.26155,0,0,0
32818,,16,0,1,1,0,1,1,8,0.239859,0.247713,0,0,0
32821,,7,0,3,3,0,3,3,8,0.246572,0.255645,0,0,0
32822,,41,0,1,1,0,1,1,9,0.21555,0.221855,0,0,0
32824,,660,0,1,1,0,1,1,1,1,1,0,0,0
32825,,660,1,0,1,1,0,1,0,0,0,0,0,0.000168
32827,,41,0,1,1,0,1,1,8,0.228356,0.235614,0,0,0
32828,,2,0,2,2,0,2,2,8,0.250672,0.261426,0,1,0
32829,,14,0,1,1,0,1,1,8,0.247395,0.256736,0,0,0
32834,,7,0,2,2,0,2,2,8,0.241384,0.249704,0,0.5,0
32835,,16,0,1,1,0,1,1,9,0.219883,0.226442,0,0,0
32836,,661,0,1,1,0,1,1,1,1,1,0,0,0
32837,,661,1,0,1,1,0,1,0,0,0,0,0,0.000168
32838,,7,0,1,1,0,1,1,9,0.223336,0.230404,0,0,0
32840,,16,0,1,1,0,1,1,10,0.184247,0.188166,0,0,0
32841,,67,0,3,3,0,3,3,10,0.190865,0.196575,0,0,0
32842,,67,1,0,1,1,0,1,0,0,0,0,0,0.000168
33883,,67,1,0,1,1,0,1,0,0,0,0,0,0.000168
32843,,7,0,3,3,0,3,3,8,0.264235,0.275183,0,0.166667,0
32844,,16,0,1,1,0,1,1,9,0.18542,0.189477,0,0,0
32845,,16,0,2,2,0,2,2,9,0.221411,0.228292,0,0,0
32846,,7,0,1,1,0,1,1,8,0.255022,0.264509,0,0,0
32848,,16,0,1,1,0,1,1,9,0.222268,0.22926,0,0,0
32849,,1,0,1,1,0,1,1,9,0.211335,0.217165,0,0,0
32850,,16,0,1,1,0,1,1,10,0.173287,0.1768,0,0,0
32853,,7,0,2,2,0,2,2,9,0.207748,0.21306,0,0,0
32854,,7,0,1,1,0,1,1,8,0.238359,0.245622,0,0,0
32856,,7,0,2,2,0,2,2,8,0.26169,0.272868,0,0.5,0
32857,,7,0,1,1,0,1,1,9,0.212528,0.218441,0,0,0
32858,,1,0,2,2,0,2,2,9,0.200253,0.20576,0,0,0
32859,,16,0,2,2,0,2,2,9,0.226365,0.234797,0,0,0
32860,,16,0,1,1,0,1,1,9,0.214646,0.22058,0,0,0
32861,,16,0,1,1,0,1,1,9,0.214646,0.22058,0,0,0
32863,,67,0,1,1,0,1,1,9,0.214724,0.220911,0,0,0
32865,,41,0,1,1,0,1,1,9,0.234736,0.243231,0,0,0
32867,,16,0,1,1,0,1,1,10,0.180344,0.183937,0,0,0
32870,,7,1,0,1,1,0,1,0,0,0,0,0,0.000185
32871,,7,0,1,1,0,1,1,9,0.224926,0.231589,0,0,0
32872,,41,0,1,1,0,1,1,8,0.257544,0.268689,0,0,0
32873,,7,0,1,1,0,1,1,8,0.240484,0.248319,0,0,0
32877,,16,0,1,1,0,1,1,9,0.201236,0.205916,0,0,0
32878,,16,0,2,2,0,2,2,8,0.238166,0.247485,0,1,0
32879,,16,0,1,1,0,1,1,9,0.214646,0.22058,0,0,0
32883,,16,0,1,1,0,1,1,8,0.229011,0.236303,0,0,0
32889,,7,0,1,1,0,1,1,8,0.244345,0.253397,0,0,0
32890,,41,0,1,1,0,1,1,8,0.257544,0.268689,0,0,0
32894,,7,0,1,1,0,1,1,9,0.231745,0.239907,0,0,0
32895,,7,0,1,1,0,1,1,9,0.208088,0.213254,0,0,0
32898,,7,0,1,1,0,1,1,9,0.220858,0.227933,0,0,0
32899,,662,0,1,1,0,1,1,1,1,1,0,0,0
32900,,662,1,0,1,1,0,1,0,0,0,0,0,0.000168
32906,,7,0,1,1,0,1,1,8,0.251523,0.26155,0,0,0
32908,,69,0,1,1,0,1,1,2,0.555556,0.6,0,0,0
32909,,69,0,1,1,0,1,1,2,0.555556,0.6,0,0,0
32912,,7,0,1,1,0,1,1,1,1,1,0,0,0
32913,,41,0,1,1,0,1,1,8,0.230249,0.237146,0,0,0
32916,,7,0,2,2,0,2,2,8,0.26276,0.273493,0,0.5,0
32918,,14,0,1,1,0,1,1,9,0.225039,0.232567,0,0,0
32919,,7,0,2,2,0,2,2,9,0.236324,0.245507,0,0,0
32920,,12,0,1,1,0,1,1,9,0.185524,0.189879,0,0,0
32921,,67,0,1,1,0,1,1,9,0.221969,0.229196,0,0,0
32925,,16,0,1,1,0,1,1,8,0.23674,0.244313,0,0,0
32926,,7,0,4,4,0,4,4,8,0.243312,0.251407,0,0,0
32930,,69,0,2,2,0,2,2,8,0.237361,0.244893,0,0,0
32934,,7,0,1,1,0,1,1,8,0.240484,0.248319,0,0,0
32935,,7,0,1,1,0,1,1,8,0.240484,0.248319,0,0,0
32936,,7,0,1,1,0,1,1,8,0.240484,0.248319,0,0,0
32937,,7,0,1,1,0,1,1,8,0.240484,0.248319,0,0,0
32938,,7,0,1,1,0,1,1,8,0.240484,0.248319,0,0,0
32940,,7,0,1,1,0,1,1,8,0.240484,0.248319,0,0,0
32941,,7,0,1,1,0,1,1,8,0.240484,0.248319,0,0,0
32942,,7,0,1,1,0,1,1,8,0.240484,0.248319,0,0,0
32943,,7,0,1,1,0,1,1,8,0.240484,0.248319,0,0,0
32944,,7,0,1,1,0,1,1,8,0.240484,0.248319,0,0,0
32945,,7,0,1,1,0,1,1,8,0.240484,0.248319,0,0,0
32946,,7,0,1,1,0,1,1,8,0.240484,0.248319,0,0,0
32947,,7,0,1,1,0,1,1,8,0.240484,0.248319,0,0,0
32948,,16,1,2,3,1,2,3,9,0.206394,0.212036,58.592819,0,0.000198
34953,,16,6,10,16,6,10,16,8,0.246598,0.25665,78225.889143,0.014286,0.001135
32949,,7,0,1,1,0,1,1,8,0.240484,0.248319,0,0,0
32953,,36,0,2,2,0,2,2,9,0.215405,0.222224,0,0,0
32954,,41,0,1,1,0,1,1,8,0.257544,0.268689,0,0,0
32956,,16,0,1,1,0,1,1,9,0.207526,0.213408,0,0,0
32957,,7,0,1,1,0,1,1,9,0.222352,0.229209,0,0,0
32958,,16,0,2,2,0,2,2,9,0.224866,0.232825,0,0,0
32959,,16,1,0,1,1,0,1,0,0,0,0,0,0.000168
32960,,7,0,1,1,0,1,1,9,0.222499,0.229441,0,0,0
32962,,7,0,1,1,0,1,1,8,0.224816,0.231667,0,0,0
32963,,7,0,1,1,0,1,1,8,0.244933,0.25344,0,0,0
32964,,7,0,1,1,0,1,1,8,0.270888,0.28334,0,0,0
32965,,7,0,1,1,0,1,1,8,0.270888,0.28334,0,0,0
32966,,7,0,1,1,0,1,1,9,0.231387,0.239068,0,0,0
32968,,663,0,1,1,0,1,1,9,0.207286,0.212647,0,0,0
32970,,41,0,1,1,0,1,1,8,0.236961,0.24442,0,0,0
32971,,16,0,1,1,0,1,1,9,0.208642,0.214343,0,0,0
32972,,36,0,1,1,0,1,1,9,0.223182,0.229597,0,0,0
32974,,16,0,1,1,0,1,1,8,0.21785,0.224416,0,0,0
32975,,12,0,1,1,0,1,1,11,0.141559,0.143507,0,0,0
32979,,664,0,1,1,0,1,1,10,0.179239,0.182791,0,0,0
32981,,53,0,1,1,0,1,1,9,0.208415,0.213645,0,0,0
32982,,53,0,1,1,0,1,1,9,0.208415,0.213645,0,0,0
32983,,16,0,1,1,0,1,1,9,0.217908,0.22531,0,0,0
32984,,665,0,1,1,0,1,1,1,1,1,0,0,0
32985,,665,1,0,1,1,0,1,0,0,0,0,0,0.000168
32986,,7,0,2,2,0,2,2,9,0.226468,0.23425,0,0,0
32987,,2,0,3,3,0,3,3,8,0.244812,0.253288,0,0.166667,0
32989,,53,0,1,1,0,1,1,9,0.215053,0.221273,0,0,0
32990,,14,0,2,2,0,2,2,8,0.235264,0.242793,0,1,0
32992,,16,0,1,1,0,1,1,8,0.239859,0.247713,0,0,0
32993,,7,0,1,1,0,1,1,8,0.244933,0.25344,0,0,0
32996,,22,0,1,1,0,1,1,9,0.208091,0.213257,0,0,0
33001,,7,0,1,1,0,1,1,9,0.204675,0.209511,0,0,0
33002,,16,0,1,1,0,1,1,9,0.211863,0.218335,0,0,0
33003,,7,0,1,1,0,1,1,9,0.226164,0.233246,0,0,0
33007,,65,0,2,2,0,2,2,9,0.213615,0.21959,0,0,0
33008,,65,1,0,1,1,0,1,0,0,0,0,0,0.000168
33009,,41,0,2,2,0,2,2,8,0.259901,0.271572,0,1,0
33010,,7,0,1,1,0,1,1,9,0.222889,0.229835,0,0,0
33011,,67,0,3,3,0,3,3,9,0.224476,0.232109,0,1,0
33013,,7,0,1,1,0,1,1,9,0.21491,0.22074,0,0,0
33014,,666,0,1,1,0,1,1,1,1,1,0,0,0
33015,,666,1,0,1,1,0,1,0,0,0,0,0,0.000168
33016,,7,0,1,1,0,1,1,8,0.231335,0.239437,0,0,0
33017,,7,0,1,1,0,1,1,9,0.217294,0.223355,0,0,0
33019,,16,0,1,1,0,1,1,10,0.178256,0.182143,0,0,0
33020,,7,0,1,1,0,1,1,10,0.18361,0.187614,0,0,0
33021,,16,0,1,1,0,1,1,10,0.170875,0.174107,0,0,0
33022,,14,0,1,1,0,1,1,8,0.25615,0.266929,0,0,0
33023,,7,0,1,1,0,1,1,9,0.192714,0.196774,0,0,0
33024,,7,0,1,1,0,1,1,8,0.262756,0.273466,0,0,0
33025,,7,0,1,1,0,1,1,9,0.239963,0.248532,0,0,0
33028,,7,0,2,2,0,2,2,9,0.233771,0.241081,0,0.5,0
33029,,7,0,1,1,0,1,1,8,0.234991,0.243288,0,0,0
33031,,7,0,1,1,0,1,1,8,0.262756,0.273466,0,0,0
33032,,36,0,1,1,0,1,1,9,0.216199,0.222536,0,0,0
33034,,7,0,1,1,0,1,1,10,0.186077,0.189834,0,0,0
33035,,7,0,1,1,0,1,1,9,0.208176,0.213378,0,0,0
33036,,41,0,1,1,0,1,1,8,0.257544,0.268689,0,0,0
33037,,67,0,1,1,0,1,1,9,0.218335,0.225066,0,0,0
33038,,16,0,1,1,0,1,1,9,0.183987,0.188014,0,0,0
33039,,7,0,1,1,0,1,1,8,0.242713,0.250553,0,0,0
33040,,667,0,2,2,0,2,2,9,0.229713,0.237755,0,0,0
33041,,667,1,0,1,1,0,1,0,0,0,0,0,0.000168
33042,,7,0,1,1,0,1,1,8,0.242982,0.251576,0,0,0
33043,,668,0,1,1,0,1,1,1,1,1,0,0,0
33044,,668,1,0,1,1,0,1,0,0,0,0,0,0.000168
33045,,7,0,3,3,0,3,3,8,0.234553,0.241471,0,0.166667,0
33050,,41,0,1,1,0,1,1,8,0.257544,0.268689,0,0,0
33051,,669,0,1,1,0,1,1,1,1,1,0,0,0
33052,,669,1,0,1,1,0,1,0,0,0,0,0,0.000168
33058,,16,0,1,1,0,1,1,9,0.201414,0.206778,0,0,0
33059,,16,0,1,1,0,1,1,10,0.18814,0.192441,0,0,0
33060,,16,0,1,1,0,1,1,9,0.227723,0.235174,0,0,0
33062,,16,0,1,1,0,1,1,9,0.192886,0.197046,0,0,0
33063,,22,0,2,2,0,2,2,10,0.176357,0.179677,0,0,0
33065,,36,0,1,1,0,1,1,1,1,1,0,0,0
33066,,16,0,1,1,0,1,1,9,0.206296,0.211252,0,0,0
33067,,7,0,1,1,0,1,1,8,0.265449,0.276753,0,0,0
33069,,16,1,1,2,1,1,2,10,0.161367,0.164262,0,0,0.000178
33070,,7,0,1,1,0,1,1,8,0.265449,0.276753,0,0,0
33072,,36,0,1,1,0,1,1,9,0.211904,0.218058,0,0,0
33075,,7,0,1,1,0,1,1,9,0.229134,0.236663,0,0,0
33078,,36,0,1,1,0,1,1,8,0.22375,0.230857,0,0,0
33079,,7,0,1,1,0,1,1,9,0.231745,0.239907,0,0,0
33081,,7,0,1,1,0,1,1,8,0.239167,0.246988,0,0,0
33085,,41,0,1,1,0,1,1,9,0.210713,0.216558,0,0,0
33087,,41,0,1,1,0,1,1,8,0.257544,0.268689,0,0,0
33089,,67,0,1,1,0,1,1,8,0.226943,0.233373,0,0,0
33090,,7,0,1,1,0,1,1,8,0.233882,0.2414,0,0,0
33093,,7,0,1,1,0,1,1,10,0.194225,0.198648,0,0,0
33094,,7,1,3,4,1,3,4,9,0.241029,0.249699,18827,0.083333,0.000168
34180,,41,1,1,2,1,1,2,10,0.190215,0.194606,0,0,0.000206
33098,,41,0,1,1,0,1,1,10,0.180225,0.183937,0,0,0
33099,,53,0,1,1,0,1,1,9,0.21225,0.217941,0,0,0
33105,,41,0,1,1,0,1,1,9,0.20457,0.209951,0,0,0
33106,,25,0,1,1,0,1,1,9,0.211834,0.217468,0,0,0
33107,,25,0,1,1,0,1,1,9,0.192204,0.196531,0,0,0
33108,,7,0,1,1,0,1,1,9,0.216779,0.223052,0,0,0
33109,,16,0,1,1,0,1,1,9,0.189542,0.193923,0,0,0
33110,,25,0,1,1,0,1,1,10,0.174818,0.177965,0,0,0
33112,,7,0,1,1,0,1,1,9,0.206708,0.212248,0,0,0
33114,,7,0,1,1,0,1,1,8,0.262756,0.273466,0,0,0
33115,,670,0,1,1,0,1,1,1,1,1,0,0,0
33116,,670,1,0,1,1,0,1,0,0,0,0,0,0.000168
34049,,42,1,0,1,1,0,1,0,0,0,0,0,0.000195
35576,,42,1,0,1,1,0,1,0,0,0,0,0,0.000195
33118,,16,0,1,1,0,1,1,9,0.225957,0.2335,0,0,0
33119,,41,0,1,1,0,1,1,9,0.186744,0.19112,0,0,0
35693,,7,1,0,1,1,0,1,0,0,0,0,0,0.000185
33123,,16,0,1,1,0,1,1,8,0.251382,0.261452,0,0,0
33124,,36,0,1,1,0,1,1,1,1,1,0,0,0
33125,,7,0,2,2,0,2,2,8,0.27062,0.282917,0,1,0
33126,,16,0,1,1,0,1,1,8,0.23949,0.247366,0,0,0
33793,,36,1,0,1,1,0,1,0,0,0,0,0,0.000173
33130,,69,0,1,1,0,1,1,9,0.206134,0.211532,0,0,0
33132,,1,0,1,1,0,1,1,8,0.238232,0.246371,0,0,0
33133,,7,0,1,1,0,1,1,9,0.223156,0.230196,0,0,0
33134,,7,0,1,1,0,1,1,9,0.222497,0.229179,0,0,0
33136,,16,0,1,1,0,1,1,9,0.200888,0.205871,0,0,0
33137,,25,0,1,1,0,1,1,9,0.211834,0.217468,0,0,0
33138,,16,0,2,2,0,2,2,8,0.251385,0.261478,0,1,0
33139,,16,0,16,16,0,16,16,8,0.264639,0.277081,0,0.079167,0
34485,,16,1,0,1,1,0,1,0,0,0,0,0,0.000168
33140,,16,0,1,1,0,1,1,9,0.202006,0.206973,0,0,0
33141,,67,0,2,2,0,2,2,9,0.224126,0.231661,0,1,0
33142,,16,0,1,1,0,1,1,9,0.195817,0.19993,0,0,0
33143,,16,0,1,1,0,1,1,8,0.236167,0.244733,0,0,0
33144,,7,0,1,1,0,1,1,8,0.265449,0.276753,0,0,0
33145,,16,0,1,1,0,1,1,9,0.199192,0.204219,0,0,0
33146,,2,0,1,1,0,1,1,9,0.217837,0.224577,0,0,0
33154,,16,0,1,1,0,1,1,9,0.23567,0.243316,0,0,0
33155,,671,0,1,1,0,1,1,1,1,1,0,0,0
33156,,671,1,0,1,1,0,1,0,0,0,0,0,0.000168
33157,,16,0,2,2,0,2,2,8,0.240134,0.248056,0,0,0
33158,,16,0,1,1,0,1,1,8,0.239859,0.247713,0,0,0
33160,,672,0,1,1,0,1,1,1,1,1,0,0,0
33161,,672,1,0,1,1,0,1,0,0,0,0,0,0.000168
33165,,408,0,1,1,0,1,1,10,0.182223,0.186129,0,0,0
33166,,7,0,1,1,0,1,1,9,0.227897,0.235595,0,0,0
33169,,16,0,2,2,0,2,2,10,0.177051,0.180662,0,0,0
33170,,16,1,0,1,1,0,1,0,0,0,0,0,0.000168
33171,,16,0,3,3,0,3,3,8,0.222583,0.229254,0,0.333333,0
33172,,16,0,1,1,0,1,1,9,0.217769,0.22458,0,0,0
33173,,16,0,1,1,0,1,1,8,0.238528,0.246408,0,0,0
33176,,16,0,1,1,0,1,1,9,0.206235,0.211976,0,0,0
33177,,7,0,1,1,0,1,1,9,0.231387,0.239068,0,0,0
33178,,7,0,1,1,0,1,1,8,0.257706,0.267944,0,0,0
33180,,7,0,1,1,0,1,1,8,0.239167,0.246988,0,0,0
33183,,7,0,1,1,0,1,1,8,0.233056,0.241283,0,0,0
33185,,16,0,1,1,0,1,1,10,0.179858,0.183256,0,0,0
33188,,16,0,1,1,0,1,1,9,0.213504,0.219764,0,0,0
33191,,7,0,1,1,0,1,1,9,0.204909,0.209909,0,0,0
33192,,2,0,1,1,0,1,1,8,0.235883,0.243933,0,0,0
33193,,7,0,1,1,0,1,1,9,0.217001,0.22352,0,0,0
33194,,2,0,3,3,0,3,3,9,0.207008,0.212819,0,0.5,0
33195,,7,0,1,1,0,1,1,8,0.230108,0.238119,0,0,0
33196,,41,0,1,1,0,1,1,9,0.204226,0.20904,0,0,0
33198,,32,0,1,1,0,1,1,1,1,1,0,0,0
33199,,7,0,4,4,0,4,4,8,0.247492,0.256744,0,0.166667,0
33200,,7,0,1,1,0,1,1,9,0.207609,0.212853,0,0,0
33201,,67,0,1,1,0,1,1,9,0.185597,0.189521,0,0,0
33202,,7,0,1,1,0,1,1,8,0.262756,0.273466,0,0,0
33205,,2,0,2,2,0,2,2,9,0.219582,0.226357,0,1,0
33207,,36,0,1,1,0,1,1,8,0.232346,0.238845,0,0,0
33210,,67,0,1,1,0,1,1,9,0.221969,0.229196,0,0,0
33211,,673,0,1,1,0,1,1,1,1,1,0,0,0
33212,,673,1,0,1,1,0,1,0,0,0,0,0,0.000168
33213,,7,0,1,1,0,1,1,8,0.235026,0.242987,0,0,0
33214,,12,0,2,2,0,2,2,9,0.210491,0.216022,0,0,0
33326,,12,1,0,1,1,0,1,0,0,0,0,0,0.000168
33215,,16,0,1,1,0,1,1,9,0.200469,0.205801,0,0,0
33216,,41,0,2,2,0,2,2,8,0.257706,0.268967,0,0.5,0
33217,,7,0,1,1,0,1,1,8,0.257706,0.267944,0,0,0
33218,,7,0,1,1,0,1,1,8,0.272188,0.283721,0,0,0
33220,,7,0,1,1,0,1,1,9,0.228477,0.235727,0,0,0
33223,,7,0,2,2,0,2,2,9,0.211039,0.216731,0,0,0
33224,,53,0,2,2,0,2,2,9,0.22087,0.227695,0,0,0
33225,,7,0,2,2,0,2,2,8,0.236197,0.243742,0,1,0
33226,,2,0,1,1,0,1,1,10,0.170034,0.173175,0,0,0
33227,,41,0,1,1,0,1,1,8,0.257544,0.268689,0,0,0
33229,,41,0,1,1,0,1,1,8,0.257544,0.268689,0,0,0
33231,,16,0,1,1,0,1,1,9,0.217442,0.223573,0,0,0
33232,,7,0,1,1,0,1,1,9,0.20921,0.214873,0,0,0
33233,,7,0,1,1,0,1,1,9,0.21237,0.218116,0,0,0
33234,,41,0,1,1,0,1,1,9,0.210713,0.216558,0,0,0
33235,,7,0,1,1,0,1,1,9,0.21237,0.218116,0,0,0
33236,,41,0,1,1,0,1,1,8,0.226676,0.234633,0,0,0
33238,,2,0,2,2,0,2,2,9,0.205394,0.210697,0,0.5,0
33239,,7,0,1,1,0,1,1,9,0.21237,0.218116,0,0,0
33242,,67,0,1,1,0,1,1,10,0.166368,0.169124,0,0,0
33243,,7,0,1,1,0,1,1,8,0.262756,0.273466,0,0,0
33244,,16,0,1,1,0,1,1,9,0.231783,0.240091,0,0,0
33246,,7,0,1,1,0,1,1,9,0.21491,0.22074,0,0,0
33251,,41,0,1,1,0,1,1,9,0.234736,0.243231,0,0,0
33252,,16,0,3,3,0,3,3,8,0.259794,0.271055,0,0.166667,0
33254,,41,0,2,2,0,2,2,8,0.257548,0.268715,0,1,0
33257,,41,0,1,1,0,1,1,9,0.210713,0.216558,0,0,0
33258,,7,0,1,1,0,1,1,1,1,1,0,0,0
33259,,25,0,1,1,0,1,1,9,0.211834,0.217468,0,0,0
33260,,46,0,1,1,0,1,1,1,1,1,0,0,0
33262,,41,0,1,1,0,1,1,8,0.257544,0.268689,0,0,0
33263,,81,0,1,1,0,1,1,9,0.224787,0.232402,0,0,0
33266,,674,0,1,1,0,1,1,1,1,1,0,0,0
33267,,674,1,0,1,1,0,1,0,0,0,0,0,0.000168
33270,,1,0,2,2,0,2,2,8,0.262675,0.274226,0,1,0
33272,,16,0,1,1,0,1,1,9,0.213018,0.218729,0,0,0
33275,,7,0,1,1,0,1,1,9,0.207022,0.212651,0,0,0
33276,,7,0,1,1,0,1,1,9,0.198405,0.202963,0,0,0
33280,,7,0,2,2,0,2,2,9,0.228394,0.235873,0,1,0
33281,,2,0,1,1,0,1,1,8,0.22917,0.236725,0,0,0
33282,,41,0,1,1,0,1,1,2,0.666667,0.75,0,0,0
33284,,14,0,2,2,0,2,2,9,0.218934,0.225544,0,0,0
33285,,2,0,2,2,0,2,2,8,0.242691,0.251268,0,1,0
33286,,36,0,1,1,0,1,1,9,0.216199,0.222536,0,0,0
33287,,2,1,3,4,1,3,4,8,0.235902,0.244014,18829,0,0.000168
33288,,2,1,0,1,1,0,1,0,0,0,0,0,0.000173
35482,,2,1,0,1,1,0,1,0,0,0,0,0,0.000173
33290,,7,0,1,1,0,1,1,9,0.196381,0.200812,0,0,0
33291,,7,0,1,1,0,1,1,10,0.180963,0.184482,0,0,0
33292,,7,0,1,1,0,1,1,9,0.211894,0.217644,0,0,0
33295,,7,0,1,1,0,1,1,9,0.21209,0.21763,0,0,0
33296,,1,0,1,1,0,1,1,8,0.230717,0.238683,0,0,0
33298,,32,1,0,1,1,0,1,0,0,0,0,0,0.000173
33299,,32,2,0,2,2,0,2,0,0,0,0,0,0.000341
33300,,1,0,1,1,0,1,1,9,0.204153,0.209703,0,0,0
33301,,7,0,1,1,0,1,1,9,0.225096,0.232329,0,0,0
33303,,7,0,1,1,0,1,1,9,0.204915,0.209925,0,0,0
33499,,7,1,0,1,1,0,1,0,0,0,0,0,0.000275
33307,,7,0,3,3,0,3,3,9,0.224355,0.231564,0,0.333333,0
33308,,16,0,1,1,0,1,1,9,0.197195,0.202032,0,0,0
33310,,675,0,1,1,0,1,1,1,1,1,0,0,0
33311,,675,1,0,1,1,0,1,0,0,0,0,0,0.000168
33312,,7,0,1,1,0,1,1,9,0.198884,0.203512,0,0,0
33313,,7,0,1,1,0,1,1,8,0.262756,0.273466,0,0,0
33314,,7,0,3,3,0,3,3,8,0.24684,0.255626,0,0.166667,0
33316,,7,0,1,1,0,1,1,9,0.200066,0.204368,0,0,0
33317,,7,0,1,1,0,1,1,8,0.240656,0.249158,0,0,0
33318,,7,0,1,1,0,1,1,9,0.211124,0.216724,0,0,0
33322,,41,0,1,1,0,1,1,8,0.257544,0.268689,0,0,0
33323,,7,0,1,1,0,1,1,9,0.218122,0.224516,0,0,0
33325,,7,0,1,1,0,1,1,9,0.223304,0.229864,0,0,0
33330,,7,0,1,1,0,1,1,8,0.248761,0.257751,0,0,0
33331,,16,0,1,1,0,1,1,8,0.230091,0.237701,0,0,0
33332,,7,0,1,1,0,1,1,9,0.20921,0.214873,0,0,0
33333,,67,0,1,1,0,1,1,9,0.197371,0.20178,0,0,0
33334,,7,0,1,1,0,1,1,9,0.220315,0.227121,0,0,0
33336,,53,2,0,2,2,0,2,0,0,0,0,0,0.000353
33337,,36,0,1,1,0,1,1,10,0.185771,0.189924,0,0,0
33340,,7,0,1,1,0,1,1,9,0.218036,0.224798,0,0,0
33341,,41,0,1,1,0,1,1,8,0.257544,0.268689,0,0,0
33343,,16,0,3,3,0,3,3,9,0.230401,0.238516,0,0.5,0
33345,,7,0,1,1,0,1,1,9,0.224027,0.230383,0,0,0
35407,,7,2,0,2,2,0,2,0,0,0,0,1,0.000586
33351,,7,0,1,1,0,1,1,9,0.223726,0.230675,0,0,0
33354,,67,0,10,10,0,10,10,9,0.200294,0.206547,0,0,0
33355,,67,1,0,1,1,0,1,0,0,0,0,0,0.000168
33357,,7,0,1,1,0,1,1,9,0.189802,0.193456,0,0,0
33358,,7,0,1,1,0,1,1,9,0.221081,0.227768,0,0,0
33361,,7,0,1,1,0,1,1,9,0.228024,0.235474,0,0,0
33362,,7,0,1,1,0,1,1,1,1,1,0,0,0
33363,,7,0,1,1,0,1,1,9,0.228024,0.235474,0,0,0
33366,,2,0,1,1,0,1,1,9,0.194087,0.198408,0,0,0
33367,,16,0,1,1,0,1,1,9,0.221831,0.228371,0,0,0
33368,,32,0,1,1,0,1,1,9,0.216731,0.222572,0,0,0
33369,,7,0,2,2,0,2,2,9,0.220268,0.227109,0,0.5,0
33378,,16,0,1,1,0,1,1,9,0.199173,0.20434,0,0,0
33382,,16,0,1,1,0,1,1,9,0.194556,0.198958,0,0,0
33383,,7,0,1,1,0,1,1,8,0.265449,0.276753,0,0,0
33384,,32,0,1,1,0,1,1,9,0.197675,0.202403,0,0,0
33386,,36,0,2,2,0,2,2,9,0.213253,0.219522,0,0,0
33387,,7,0,1,1,0,1,1,9,0.215743,0.222004,0,0,0
33389,,7,0,1,1,0,1,1,8,0.252153,0.261614,0,0,0
33391,,41,0,1,1,0,1,1,8,0.235753,0.244207,0,0,0
33393,,41,0,1,1,0,1,1,9,0.234736,0.243231,0,0,0
33394,,41,0,4,4,0,4,4,8,0.240718,0.249165,0,0,0
33396,,41,0,1,1,0,1,1,8,0.257544,0.268689,0,0,0
33397,,16,0,1,1,0,1,1,9,0.197371,0.201683,0,0,0
33398,,7,0,1,1,0,1,1,10,0.179156,0.182314,0,0,0
33400,,7,0,1,1,0,1,1,1,1,1,0,0,0
33402,,7,0,5,5,0,5,5,8,0.249745,0.259318,0,0.1,0
33405,,67,0,1,1,0,1,1,9,0.221969,0.229196,0,0,0
33408,,16,0,1,1,0,1,1,9,0.194289,0.198359,0,0,0
33413,,7,0,3,3,0,3,3,8,0.256635,0.266794,0,0.166667,0
33414,,16,0,1,1,0,1,1,9,0.212696,0.2189,0,0,0
33416,,7,0,1,1,0,1,1,8,0.248791,0.258416,0,0,0
33417,,7,0,1,1,0,1,1,9,0.215577,0.221749,0,0,0
33420,,1,0,1,1,0,1,1,8,0.226147,0.233528,0,0,0
33421,,2,0,1,1,0,1,1,10,0.178886,0.182567,0,0,0
33423,,7,0,1,1,0,1,1,9,0.231387,0.239068,0,0,0
33424,,67,0,1,1,0,1,1,10,0.162637,0.165121,0,0,0
33425,,67,0,1,1,0,1,1,10,0.162637,0.165121,0,0,0
33426,,7,0,8,8,0,8,8,8,0.259464,0.270291,0,0.125,0
33428,,67,0,1,1,0,1,1,10,0.178452,0.182062,0,0,0
33429,,7,0,1,1,0,1,1,8,0.262756,0.273466,0,0,0
33432,,1,0,1,1,0,1,1,9,0.200249,0.205725,0,0,0
33433,,7,0,1,1,0,1,1,9,0.216871,0.222917,0,0,0
33434,,676,0,1,1,0,1,1,10,0.175363,0.178603,0,0,0
33439,,7,0,2,2,0,2,2,9,0.224278,0.231264,0,0,0
33440,,25,0,1,1,0,1,1,9,0.206488,0.211947,0,0,0
33442,,16,0,2,2,0,2,2,8,0.2453,0.255044,0,1,0
33443,,14,0,3,3,0,3,3,8,0.233723,0.240872,0,0.333333,0
33444,,14,1,0,1,1,0,1,0,0,0,0,0,0.000168
33445,,22,0,1,1,0,1,1,2,0.545455,0.583333,0,0,0
33447,,7,0,1,1,0,1,1,9,0.20815,0.213325,0,0,0
33451,,544,0,1,1,0,1,1,3,0.5,0.611111,0,0,0
33452,,677,0,1,1,0,1,1,1,1,1,0,0,0
33453,,677,1,0,1,1,0,1,0,0,0,0,0,0.000168
33455,,41,0,1,1,0,1,1,9,0.234736,0.243231,0,0,0
33458,,7,0,1,1,0,1,1,9,0.239963,0.248532,0,0,0
33459,,7,0,1,1,0,1,1,8,0.244345,0.253397,0,0,0
33460,,7,0,1,1,0,1,1,9,0.230483,0.238015,0,0,0
33462,,7,0,1,1,0,1,1,8,0.257706,0.267944,0,0,0
33464,,1,0,1,1,0,1,1,9,0.194169,0.198907,0,0,0
33465,,36,0,1,1,0,1,1,9,0.212104,0.218034,0,0,0
33466,,7,0,1,1,0,1,1,9,0.211011,0.216637,0,0,0
33469,,16,0,1,1,0,1,1,8,0.239859,0.247713,0,0,0
33473,,7,0,1,1,0,1,1,9,0.209781,0.215335,0,0,0
33475,,7,0,2,2,0,2,2,8,0.257721,0.267986,0,0.5,0
33479,,7,0,50,50,0,50,50,8,0.298028,0.313668,0,0.068571,0
33480,,7,1,0,1,1,0,1,0,0,0,0,0,0.000168
33481,,7,1,0,1,1,0,1,0,0,0,0,0,0.000168
33482,,1,0,6,6,0,6,6,9,0.224464,0.231743,0,0.166667,0
33973,,1,1,0,1,1,0,1,0,0,0,0,0,0.000168
33485,,7,0,1,1,0,1,1,9,0.200066,0.204368,0,0,0
33486,,7,0,1,1,0,1,1,7,0.293553,0.307954,0,0,0
33492,,7,0,1,1,0,1,1,8,0.257706,0.267944,0,0,0
33493,,41,0,1,1,0,1,1,11,0.145633,0.147634,0,0,0
33495,,16,0,1,1,0,1,1,9,0.229337,0.237191,0,0,0
33496,,7,0,1,1,0,1,1,9,0.238286,0.246733,0,0,0
33497,,678,0,1,1,0,1,1,1,1,1,0,0,0
33498,,678,1,0,1,1,0,1,0,0,0,0,0,0.000168
33501,,7,0,1,1,0,1,1,10,0.182973,0.186681,0,0,0
33502,,7,0,1,1,0,1,1,10,0.184711,0.188557,0,0,0
33504,,7,0,2,2,0,2,2,9,0.23087,0.238562,0,0.5,0
33505,,7,0,1,1,0,1,1,8,0.23956,0.24711,0,0,0
33507,,41,0,2,2,0,2,2,9,0.215567,0.221926,0,0.5,0
33508,,7,0,1,1,0,1,1,8,0.271138,0.283493,0,0,0
33510,,7,0,1,1,0,1,1,9,0.193636,0.197971,0,0,0
33511,,7,0,1,1,0,1,1,8,0.243999,0.252847,0,0,0
33512,,14,0,1,1,0,1,1,9,0.199422,0.203936,0,0,0
33513,,12,0,1,1,0,1,1,1,1,1,0,0,0
33515,,41,0,1,1,0,1,1,8,0.242301,0.250673,0,0,0
33517,,16,0,1,1,0,1,1,9,0.219278,0.22586,0,0,0
33519,,53,0,1,1,0,1,1,1,1,1,0,0,0
33520,,7,0,1,1,0,1,1,8,0.261475,0.272568,0,0,0
33522,,12,0,1,1,0,1,1,1,1,1,0,0,0
33523,,67,0,1,1,0,1,1,9,0.221969,0.229196,0,0,0
33525,,7,0,3,3,0,3,3,8,0.26083,0.27175,0,0.5,0
33528,,1,0,1,1,0,1,1,8,0.232191,0.239323,0,0,0
33529,,7,0,1,1,0,1,1,9,0.200066,0.204368,0,0,0
33530,,7,0,1,1,0,1,1,8,0.217397,0.223349,0,0,0
33531,,7,0,1,1,0,1,1,9,0.20921,0.214873,0,0,0
33532,,7,0,1,1,0,1,1,9,0.226164,0.233246,0,0,0
33533,,7,0,1,1,0,1,1,9,0.218282,0.224678,0,0,0
33535,,16,0,1,1,0,1,1,8,0.247792,0.25846,0,0,0
33537,,32,0,1,1,0,1,1,9,0.213481,0.219174,0,0,0
33538,,65,0,1,1,0,1,1,10,0.178887,0.182524,0,0,0
33540,,41,0,1,1,0,1,1,10,0.174292,0.177627,0,0,0
33541,,16,0,1,1,0,1,1,9,0.217908,0.22531,0,0,0
33546,,7,0,1,1,0,1,1,10,0.176408,0.179844,0,0,0
33547,,7,0,1,1,0,1,1,9,0.235473,0.242933,0,0,0
33548,,16,0,1,1,0,1,1,1,1,1,0,0,0
33549,,16,0,1,1,0,1,1,9,0.219952,0.2264,0,0,0
33550,,65,0,1,1,0,1,1,9,0.205672,0.210922,0,0,0
33551,,1,0,1,1,0,1,1,1,1,1,0,0,0
33552,,16,0,1,1,0,1,1,1,1,1,0,0,0
33553,,16,1,2,3,1,2,3,9,0.215625,0.221633,0,1,0.000639
33554,,41,0,1,1,0,1,1,8,0.257544,0.268689,0,0,0
33558,,41,0,1,1,0,1,1,9,0.196863,0.201279,0,0,0
33559,,7,0,1,1,0,1,1,8,0.262756,0.273466,0,0,0
33563,,16,0,1,1,0,1,1,9,0.210874,0.217038,0,0,0
33564,,36,0,1,1,0,1,1,9,0.218761,0.22523,0,0,0
33567,,679,0,1,1,0,1,1,1,1,1,0,0,0
33568,,679,1,0,1,1,0,1,0,0,0,0,0,0.000168
33569,,16,0,1,1,0,1,1,9,0.214866,0.221492,0,0,0
33570,,16,0,1,1,0,1,1,9,0.224856,0.232784,0,0,0
33571,,16,0,1,1,0,1,1,8,0.251382,0.261452,0,0,0
33573,,41,0,4,4,0,4,4,8,0.236532,0.245228,0,0.833333,0
33574,,41,0,1,1,0,1,1,8,0.257544,0.268689,0,0,0
35441,,16,1,0,1,1,0,1,0,0,0,0,0,0.000181
33578,,7,0,1,1,0,1,1,9,0.222499,0.229441,0,0,0
33579,,36,0,1,1,0,1,1,9,0.207822,0.213226,0,0,0
33581,,16,0,1,1,0,1,1,8,0.239859,0.247713,0,0,0
33586,,16,0,1,1,0,1,1,9,0.220826,0.22761,0,0,0
33590,,69,0,2,2,0,2,2,8,0.239563,0.247921,0,0,0
33591,,41,0,1,1,0,1,1,8,0.257544,0.268689,0,0,0
33592,,12,0,3,3,0,3,3,10,0.1649,0.168085,0,0.666667,0
33593,,7,0,2,2,0,2,2,9,0.224339,0.231508,0,1,0
33594,,16,0,1,1,0,1,1,1,1,1,0,0,0
33596,,16,0,1,1,0,1,1,9,0.205347,0.210863,0,0,0
34224,,697,1,1,2,1,1,2,1,1,1,25976,0,0.000379
33598,,36,0,1,1,0,1,1,10,0.181675,0.185336,0,0,0
33603,,41,0,1,1,0,1,1,8,0.257544,0.268689,0,0,0
33604,,67,0,1,1,0,1,1,9,0.221969,0.229196,0,0,0
33606,,7,0,1,1,0,1,1,9,0.228104,0.235296,0,0,0
33608,,7,0,2,2,0,2,2,9,0.225779,0.232805,0,0,0
33667,,7,1,0,1,1,0,1,0,0,0,0,0,0.00026
33610,,81,0,1,1,0,1,1,1,1,1,0,0,0
33612,,16,0,1,1,0,1,1,9,0.221836,0.22815,0,0,0
33615,,16,0,1,1,0,1,1,8,0.236535,0.24595,0,0,0
33616,,7,0,1,1,0,1,1,9,0.207609,0.212853,0,0,0
33617,,16,0,1,1,0,1,1,1,1,1,0,0,0
33619,,7,0,1,1,0,1,1,9,0.222815,0.230116,0,0,0
33621,,41,0,1,1,0,1,1,9,0.210713,0.216558,0,0,0
33622,,680,0,1,1,0,1,1,1,1,1,0,0,0
33623,,680,1,0,1,1,0,1,0,0,0,0,0,0.000168
33624,,7,0,1,1,0,1,1,9,0.200066,0.204368,0,0,0
33625,,7,0,1,1,0,1,1,9,0.211236,0.21683,0,0,0
33627,,7,0,1,1,0,1,1,8,0.257706,0.267944,0,0,0
33628,,16,0,1,1,0,1,1,9,0.226657,0.233753,0,0,0
33632,,41,0,2,2,0,2,2,8,0.257548,0.268715,0,1,0
33633,,7,0,1,1,0,1,1,8,0.235105,0.243285,0,0,0
33635,,16,0,3,3,0,3,3,11,0.152951,0.155115,0,1,0
33636,,16,0,3,3,0,3,3,11,0.152951,0.155115,0,1,0
33638,,7,0,1,1,0,1,1,8,0.252153,0.261614,0,0,0
33641,,7,0,1,1,0,1,1,9,0.216146,0.222184,0,0,0
33643,,41,0,1,1,0,1,1,8,0.257544,0.268689,0,0,0
33644,,12,0,3,3,0,3,3,9,0.199202,0.204302,0,0.333333,0
35460,,12,1,0,1,1,0,1,0,0,0,0,0,0.000168
33645,,16,1,1,2,1,1,2,9,0.222661,0.228772,39.759809,0,0.000639
33646,,16,0,1,1,0,1,1,9,0.189968,0.194389,0,0,0
33647,,22,0,1,1,0,1,1,9,0.214045,0.219989,0,0,0
33650,,67,0,1,1,0,1,1,9,0.193465,0.197512,0,0,0
33651,,67,0,1,1,0,1,1,9,0.192495,0.19832,0,0,0
33652,,7,0,1,1,0,1,1,8,0.231489,0.238755,0,0,0
33653,,16,0,1,1,0,1,1,8,0.216596,0.222828,0,0,0
33656,,16,0,1,1,0,1,1,9,0.219196,0.225231,0,0,0
33657,,41,0,1,1,0,1,1,8,0.257544,0.268689,0,0,0
33658,,681,0,1,1,0,1,1,1,1,1,0,0,0
33659,,681,1,0,1,1,0,1,0,0,0,0,0,0.000168
33661,,7,0,1,1,0,1,1,9,0.212547,0.218255,0,0,0
33662,,1,0,1,1,0,1,1,9,0.196102,0.200893,0,0,0
33663,,7,0,1,1,0,1,1,9,0.238286,0.246733,0,0,0
33665,,16,0,1,1,0,1,1,9,0.205257,0.210582,0,0,0
33670,,682,0,1,1,0,1,1,9,0.204906,0.209904,0,0,0
33673,,2,0,1,1,0,1,1,9,0.217837,0.224577,0,0,0
33674,,67,0,2,2,0,2,2,9,0.222266,0.229577,0,0.5,0
33675,,14,0,1,1,0,1,1,10,0.183703,0.187709,0,0,0
33677,,41,0,2,2,0,2,2,8,0.234959,0.243213,0,1,0
33678,,2,0,1,1,0,1,1,9,0.217837,0.224577,0,0,0
33679,,41,0,3,3,0,3,3,8,0.26358,0.274572,0,0.666667,0
33681,,7,0,1,1,0,1,1,9,0.218297,0.224718,0,0,0
33683,,7,0,1,1,0,1,1,9,0.198884,0.203512,0,0,0
33687,,7,0,1,1,0,1,1,9,0.171887,0.17496,0,0,0
33688,,7,0,2,2,0,2,2,9,0.226351,0.233192,0,0.5,0
33689,,32,0,1,1,0,1,1,9,0.209401,0.215118,0,0,0
33690,,16,0,1,1,0,1,1,10,0.194816,0.199579,0,0,0
33691,,683,0,1,1,0,1,1,1,1,1,0,0,0
33692,,683,1,0,1,1,0,1,0,0,0,0,0,0.000168
33693,,7,0,2,2,0,2,2,9,0.231697,0.239325,0,0.5,0
33694,,16,0,1,1,0,1,1,9,0.196354,0.201057,0,0,0
33696,,36,0,1,1,0,1,1,9,0.216278,0.22219,0,0,0
33697,,7,0,1,1,0,1,1,8,0.255022,0.264509,0,0,0
33699,,16,0,1,1,0,1,1,9,0.232956,0.241234,0,0,0
33703,,16,0,4,4,0,4,4,9,0.196773,0.200953,0,0,0
33704,,16,1,0,1,1,0,1,0,0,0,0,0,0.000168
33705,,16,0,1,1,0,1,1,8,0.236767,0.24412,0,0,0
33707,,7,0,1,1,0,1,1,1,1,1,0,0,0
33708,,65,0,1,1,0,1,1,9,0.208155,0.213697,0,0,0
33710,,7,0,1,1,0,1,1,8,0.242475,0.25106,0,0,0
33711,,7,0,1,1,0,1,1,9,0.221094,0.227895,0,0,0
33712,,7,0,1,1,0,1,1,9,0.231387,0.239068,0,0,0
33714,,12,0,2,2,0,2,2,9,0.204908,0.210084,0,0,0
33716,,67,0,1,1,0,1,1,10,0.186181,0.189967,0,0,0
33717,,684,0,1,1,0,1,1,1,1,1,0,0,0
33718,,684,1,0,1,1,0,1,0,0,0,0,0,0.000168
33719,,41,0,1,1,0,1,1,8,0.257544,0.268689,0,0,0
33720,,7,0,1,1,0,1,1,8,0.232406,0.239626,0,0,0
33721,,36,0,1,1,0,1,1,9,0.207815,0.213246,0,0,0
33722,,36,0,1,1,0,1,1,9,0.216278,0.22219,0,0,0
33723,,7,0,1,1,0,1,1,10,0.178867,0.182209,0,0,0
33724,,7,0,1,1,0,1,1,8,0.233056,0.241283,0,0,0
33725,,7,0,1,1,0,1,1,8,0.234991,0.243288,0,0,0
33728,,16,0,1,1,0,1,1,9,0.23666,0.245195,0,0,0
33729,,65,0,1,1,0,1,1,8,0.236841,0.24458,0,0,0
33730,,67,0,1,1,0,1,1,10,0.187328,0.191544,0,0,0
33731,,16,0,1,1,0,1,1,8,0.232418,0.240737,0,0,0
33732,,12,0,1,1,0,1,1,11,0.150755,0.152747,0,0,0
33734,,67,0,2,2,0,2,2,1,1,1,0,0,0
33738,,12,0,1,1,0,1,1,11,0.151124,0.1532,0,0,0
33739,,16,0,1,1,0,1,1,9,0.229337,0.237191,0,0,0
33741,,7,0,1,1,0,1,1,8,0.257706,0.267944,0,0,0
33743,,67,0,1,1,0,1,1,9,0.221969,0.229196,0,0,0
33744,,16,0,1,1,0,1,1,9,0.222541,0.229274,0,0,0
33745,,16,0,1,1,0,1,1,9,0.21948,0.225447,0,0,0
33748,,67,0,1,1,0,1,1,10,0.187328,0.191544,0,0,0
33749,,67,0,1,1,0,1,1,10,0.187328,0.191544,0,0,0
33750,,67,0,1,1,0,1,1,10,0.187328,0.191544,0,0,0
33751,,67,0,1,1,0,1,1,10,0.187328,0.191544,0,0,0
33752,,7,0,1,1,0,1,1,9,0.227844,0.235164,0,0,0
33754,,12,0,3,3,0,3,3,9,0.209131,0.214504,0,0,0
33755,,12,0,1,1,0,1,1,9,0.199112,0.203549,0,0,0
33756,,12,0,1,1,0,1,1,9,0.199112,0.203549,0,0,0
33757,,16,0,1,1,0,1,1,9,0.220268,0.2265,0,0,0
33758,,65,0,3,3,0,3,3,10,0.173527,0.177099,0,0.666667,0
33759,,685,0,1,1,0,1,1,1,1,1,0,0,0
33760,,685,1,0,1,1,0,1,0,0,0,0,0,0.000168
33762,,7,0,4,4,0,4,4,8,0.272125,0.284759,0,0.416667,0
33763,,7,0,1,1,0,1,1,8,0.244933,0.25344,0,0,0
33764,,41,0,1,1,0,1,1,9,0.1979,0.202918,0,0,0
33765,,7,0,1,1,0,1,1,8,0.23956,0.24711,0,0,0
33769,,12,0,20,20,0,20,20,9,0.185749,0.190997,0,0.118421,0
34115,,12,2,0,2,2,0,2,0,0,0,0,0.5,0.000346
35255,,12,1,0,1,1,0,1,0,0,0,0,0,0.000168
35516,,12,1,0,1,1,0,1,0,0,0,0,0,0.000168
33771,,7,0,1,1,0,1,1,9,0.204967,0.210001,0,0,0
33773,,12,0,1,1,0,1,1,10,0.164896,0.168023,0,0,0
33774,,16,0,1,1,0,1,1,10,0.179856,0.183247,0,0,0
33776,,67,0,2,2,0,2,2,8,0.262763,0.273502,0,0,0
33780,,7,0,1,1,0,1,1,9,0.208127,0.213306,0,0,0
33781,,16,0,1,1,0,1,1,9,0.217769,0.22458,0,0,0
33782,,1,0,1,1,0,1,1,9,0.208947,0.214795,0,0,0
33783,,2,0,2,2,0,2,2,8,0.232987,0.241006,0,1,0
33784,,7,0,1,1,0,1,1,9,0.214238,0.220189,0,0,0
33786,,686,0,1,1,0,1,1,1,1,1,0,0,0
33788,,65,0,1,1,0,1,1,8,0.236841,0.24458,0,0,0
33789,,7,0,1,1,0,1,1,1,1,1,0,0,0
33791,,67,0,1,1,0,1,1,9,0.211072,0.21673,0,0,0
33794,,7,0,1,1,0,1,1,8,0.257706,0.267944,0,0,0
33795,,7,0,2,2,0,2,2,8,0.262811,0.274125,0,1,0
33798,,41,0,8,8,0,8,8,9,0.23166,0.23954,0,0.107143,0
33799,,53,0,1,1,0,1,1,9,0.211887,0.217855,0,0,0
33800,,687,0,1,1,0,1,1,1,1,1,0,0,0
33801,,687,1,0,1,1,0,1,0,0,0,0,0,0.000168
33803,,41,0,1,1,0,1,1,9,0.207661,0.213494,0,0,0
33805,,14,0,1,1,0,1,1,9,0.204284,0.209641,0,0,0
33810,,7,0,1,1,0,1,1,9,0.198884,0.203512,0,0,0
33811,,16,0,1,1,0,1,1,10,0.173599,0.176936,0,0,0
33812,,16,0,1,1,0,1,1,9,0.20702,0.213137,0,0,0
33813,,16,0,1,1,0,1,1,9,0.185667,0.189849,0,0,0
33815,,7,0,1,1,0,1,1,8,0.244503,0.252663,0,0,0
33816,,688,0,1,1,0,1,1,1,1,1,0,0,0
33817,,1,0,1,1,0,1,1,9,0.211335,0.217165,0,0,0
33818,,12,0,1,1,0,1,1,1,1,1,0,0,0
33819,,7,0,1,1,0,1,1,8,0.265449,0.276753,0,0,0
33821,,12,0,2,2,0,2,2,10,0.164899,0.168058,0,1,0
33822,,1,0,4,4,0,4,4,8,0.25659,0.26716,0,0.166667,0
33824,,7,0,1,1,0,1,1,8,0.232953,0.240316,0,0,0
33825,,36,0,1,1,0,1,1,10,0.177817,0.181262,0,0,0
33827,,69,0,1,1,0,1,1,9,0.193733,0.198249,0,0,0
33828,,25,0,1,1,0,1,1,9,0.213332,0.219326,0,0,0
33829,,7,0,1,1,0,1,1,8,0.262756,0.273466,0,0,0
33830,,7,0,1,1,0,1,1,9,0.232872,0.240708,0,0,0
33834,,7,0,1,1,0,1,1,9,0.238286,0.246157,0,0,0
33835,,7,0,1,1,0,1,1,9,0.214602,0.220513,0,0,0
33836,,69,0,1,1,0,1,1,9,0.218461,0.224529,0,0,0
33837,,12,0,1,1,0,1,1,9,0.200119,0.204941,0,0,0
33838,,32,0,2,2,0,2,2,9,0.204071,0.209258,0,0.5,0
33839,,1,0,1,1,0,1,1,9,0.215274,0.221176,0,0,0
33843,,36,0,1,1,0,1,1,1,1,1,0,0,0
33845,,7,0,1,1,0,1,1,9,0.208947,0.214165,0,0,0
33846,,7,0,1,1,0,1,1,9,0.216599,0.222787,0,0,0
33848,,2,0,1,1,0,1,1,9,0.20184,0.206976,0,0,0
33849,,7,0,2,2,0,2,2,9,0.20536,0.21073,0,0,0
33851,,41,0,1,1,0,1,1,8,0.257544,0.268689,0,0,0
33853,,16,0,1,1,0,1,1,9,0.211511,0.216772,0,0,0
33855,,65,0,1,1,0,1,1,9,0.196125,0.200716,0,0,0
33857,,7,0,1,1,0,1,1,1,1,1,0,0,0
33858,,1,0,2,2,0,2,2,8,0.248106,0.256992,0,0,0
33859,,32,0,2,2,0,2,2,9,0.202565,0.207614,0,1,0
33860,,7,0,1,1,0,1,1,9,0.220858,0.227933,0,0,0
33861,,7,0,2,2,0,2,2,8,0.239877,0.247699,0,0,0
33862,,41,0,1,1,0,1,1,9,0.194667,0.199521,0,0,0
33863,,7,0,1,1,0,1,1,9,0.212528,0.218441,0,0,0
33864,,16,0,1,1,0,1,1,9,0.208855,0.214236,0,0,0
33866,,41,0,1,1,0,1,1,9,0.217651,0.224244,0,0,0
33867,,16,0,1,1,0,1,1,9,0.203489,0.208664,0,0,0
33869,,12,0,1,1,0,1,1,10,0.177506,0.180764,0,0,0
33871,,16,1,2,3,1,2,3,1,1,1,51956,0,0.000178
34513,,16,1,0,1,1,0,1,0,0,0,0,0,0.000173
34557,,16,1,0,1,1,0,1,0,0,0,0,0,0.000173
33873,,65,0,2,2,0,2,2,9,0.19577,0.200088,0,0,0
33874,,7,0,5,5,0,5,5,8,0.26579,0.277323,0,0.15,0
33875,,12,0,1,1,0,1,1,10,0.177506,0.180764,0,0,0
33877,,7,0,1,1,0,1,1,8,0.267429,0.278245,0,0,0
33878,,41,0,1,1,0,1,1,9,0.216208,0.222155,0,0,0
33879,,7,0,1,1,0,1,1,9,0.209259,0.214889,0,0,0
33880,,7,0,1,1,0,1,1,8,0.230345,0.238007,0,0,0
33881,,7,0,1,1,0,1,1,9,0.222499,0.229441,0,0,0
33882,,16,0,1,1,0,1,1,8,0.251382,0.261452,0,0,0
33884,,7,0,1,1,0,1,1,9,0.212064,0.218043,0,0,0
33886,,12,0,1,1,0,1,1,1,1,1,0,0,0
33889,,7,0,1,1,0,1,1,10,0.179156,0.182314,0,0,0
33890,,14,0,1,1,0,1,1,9,0.225039,0.232567,0,0,0
33891,,16,0,1,1,0,1,1,9,0.214333,0.220614,0,0,0
33893,,1,0,1,1,0,1,1,1,1,1,0,0,0
33896,,7,0,1,1,0,1,1,8,0.263743,0.27463,0,0,0
33897,,7,0,1,1,0,1,1,9,0.224577,0.231594,0,0,0
33900,,41,0,1,1,0,1,1,10,0.162503,0.16503,0,0,0
33902,,16,0,1,1,0,1,1,9,0.208762,0.214329,0,0,0
33904,,16,0,1,1,0,1,1,9,0.22643,0.233486,0,0,0
33906,,16,0,2,2,0,2,2,8,0.251385,0.261478,0,1,0
33907,,41,0,1,1,0,1,1,9,0.211304,0.216824,0,0,0
33908,,14,0,1,1,0,1,1,9,0.226458,0.233655,0,0,0
33914,,41,0,1,1,0,1,1,8,0.257544,0.268689,0,0,0
33915,,41,0,1,1,0,1,1,11,0.160269,0.162784,0,0,0
33916,,7,0,3,3,0,3,3,10,0.176423,0.179931,0,0,0
33917,,14,0,1,1,0,1,1,8,0.249084,0.258104,0,0,0
33918,,16,0,2,2,0,2,2,9,0.235105,0.242749,0,0.5,0
33920,,41,0,3,3,0,3,3,9,0.227302,0.234551,0,0.5,0
33921,,41,0,1,1,0,1,1,9,0.234736,0.243231,0,0,0
33922,,67,1,1,2,1,1,2,10,0.18167,0.185563,18560.369108,0,0.000168
33924,,7,0,1,1,0,1,1,9,0.208825,0.214124,0,0,0
33926,,36,0,3,3,0,3,3,9,0.211737,0.218088,0,0,0
33930,,36,0,1,1,0,1,1,9,0.217963,0.224044,0,0,0
33931,,53,0,1,1,0,1,1,10,0.177974,0.18159,0,0,0
33932,,16,0,1,1,0,1,1,9,0.229337,0.237191,0,0,0
33933,,12,0,1,1,0,1,1,1,1,1,0,0,0
33934,,41,0,1,1,0,1,1,10,0.162503,0.16503,0,0,0
33935,,7,0,1,1,0,1,1,9,0.208947,0.214165,0,0,0
33936,,7,0,1,1,0,1,1,1,1,1,0,0,0
33937,,36,0,1,1,0,1,1,1,1,1,0,0,0
33939,,14,0,1,1,0,1,1,2,0.666667,0.75,0,0,0
33989,,1,1,2,3,1,2,3,1,1,1,2,0,0.000214
33942,,7,0,1,1,0,1,1,9,0.215567,0.221603,0,0,0
33943,,41,0,1,1,0,1,1,8,0.257544,0.268689,0,0,0
33944,,7,0,1,1,0,1,1,8,0.262756,0.273466,0,0,0
33947,,7,0,1,1,0,1,1,9,0.208162,0.213687,0,0,0
33950,,7,0,1,1,0,1,1,9,0.213822,0.21934,0,0,0
33951,,7,0,1,1,0,1,1,8,0.230345,0.238007,0,0,0
33952,,36,0,1,1,0,1,1,9,0.216199,0.222536,0,0,0
33954,,7,0,1,1,0,1,1,10,0.179156,0.182314,0,0,0
33955,,67,0,1,1,0,1,1,11,0.152113,0.154195,0,0,0
33956,,41,0,1,1,0,1,1,8,0.257544,0.268689,0,0,0
33957,,7,0,1,1,0,1,1,9,0.224618,0.231248,0,0,0
33959,,14,0,2,2,0,2,2,8,0.253276,0.262884,0,1,0
33961,,41,0,1,1,0,1,1,8,0.234094,0.242348,0,0,0
33962,,7,0,1,1,0,1,1,8,0.242475,0.25106,0,0,0
33963,,16,0,1,1,0,1,1,9,0.208929,0.214819,0,0,0
33964,,7,0,3,3,0,3,3,7,0.295363,0.310147,0,0.5,0
33965,,7,0,1,1,0,1,1,9,0.22391,0.230514,0,0,0
33968,,32,0,1,1,0,1,1,1,1,1,0,0,0
33969,,1,0,1,1,0,1,1,9,0.209903,0.215811,0,0,0
33970,,7,0,1,1,0,1,1,9,0.209678,0.215098,0,0,0
33971,,689,0,1,1,0,1,1,1,1,1,0,0,0
33972,,689,1,0,1,1,0,1,0,0,0,0,0,0.000168
33975,,24,0,1,1,0,1,1,1,1,1,0,0,0
33978,,16,0,1,1,0,1,1,9,0.208121,0.214176,0,0,0
33979,,41,0,1,1,0,1,1,8,0.257544,0.268689,0,0,0
33980,,65,0,1,1,0,1,1,9,0.208155,0.213697,0,0,0
33981,,16,0,1,1,0,1,1,9,0.192913,0.196689,0,0,0
33982,,12,0,1,1,0,1,1,10,0.164896,0.168023,0,0,0
33983,,42,0,1,1,0,1,1,2,0.571429,0.625,0,0,0
33984,,32,0,1,1,0,1,1,1,1,1,0,0,0
33986,,16,0,7,7,0,7,7,8,0.266245,0.277591,0,0.02381,0
33987,,7,0,2,2,0,2,2,9,0.194606,0.198878,0,0,0
33992,,7,0,1,1,0,1,1,9,0.217626,0.22351,0,0,0
33994,,16,0,1,1,0,1,1,1,1,1,0,0,0
33995,,7,0,2,2,0,2,2,9,0.22078,0.22776,0,0.5,0
33996,,16,0,11,11,0,11,11,8,0.246099,0.255742,0,0,0
34385,,16,1,0,1,1,0,1,0,0,0,0,0,0.000168
33997,,7,0,1,1,0,1,1,8,0.234991,0.243288,0,0,0
33998,,1,0,1,1,0,1,1,9,0.192206,0.196986,0,0,0
33999,,7,0,1,1,0,1,1,9,0.239963,0.248532,0,0,0
34002,,690,0,1,1,0,1,1,1,1,1,0,0,0
34003,,690,1,0,1,1,0,1,0,0,0,0,0,0.000168
34004,,7,0,2,2,0,2,2,8,0.243482,0.251758,0,0,0
34005,,7,0,7,7,0,7,7,8,0.249685,0.25907,0,0.238095,0
34008,,16,0,1,1,0,1,1,8,0.237376,0.246856,0,0,0
34009,,7,0,1,1,0,1,1,9,0.221309,0.227843,0,0,0
34010,,7,0,2,2,0,2,2,9,0.22676,0.234084,0,0,0
34011,,41,0,1,1,0,1,1,9,0.211304,0.216824,0,0,0
34012,,7,0,1,1,0,1,1,8,0.261475,0.272568,0,0,0
34013,,7,0,1,1,0,1,1,1,1,1,0,0,0
34015,,16,0,1,1,0,1,1,10,0.181659,0.185505,0,0,0
34016,,12,0,1,1,0,1,1,9,0.208199,0.213456,0,0,0
34017,,7,0,2,2,0,2,2,7,0.296372,0.311404,0,1,0
34018,,7,0,1,1,0,1,1,8,0.229128,0.236488,0,0,0
34019,,691,0,1,1,0,1,1,1,1,1,0,0,0
34020,,691,1,0,1,1,0,1,0,0,0,0,0,0.000168
34023,,7,0,1,1,0,1,1,8,0.262756,0.273466,0,0,0
34024,,7,0,1,1,0,1,1,1,1,1,0,0,0
34025,,7,0,2,2,0,2,2,8,0.233311,0.240323,0,0,0
34029,,7,0,1,1,0,1,1,9,0.227168,0.234544,0,0,0
34033,,7,0,1,1,0,1,1,8,0.225776,0.232613,0,0,0
34034,,692,0,1,1,0,1,1,1,1,1,0,0,0
34035,,692,1,0,1,1,0,1,0,0,0,0,0,0.000168
34036,,16,0,1,1,0,1,1,8,0.233638,0.242002,0,0,0
34037,,32,0,2,2,0,2,2,9,0.20941,0.215167,0,0.5,0
34038,,41,0,1,1,0,1,1,8,0.257544,0.268689,0,0,0
34040,,16,0,1,1,0,1,1,8,0.227253,0.234761,0,0,0
34042,,32,0,1,1,0,1,1,8,0.245851,0.255055,0,0,0
34043,,14,0,1,1,0,1,1,9,0.202971,0.207926,0,0,0
34045,,16,0,1,1,0,1,1,8,0.229011,0.236303,0,0,0
34046,,53,0,1,1,0,1,1,10,0.188052,0.192177,0,0,0
34047,,7,0,1,1,0,1,1,8,0.242475,0.25106,0,0,0
34048,,7,0,1,1,0,1,1,8,0.251449,0.261106,0,0,0
34052,,2,0,1,1,0,1,1,1,1,1,0,0,0
34053,,16,1,1,2,1,1,2,1,1,1,0,0,0.000189
34056,,16,0,1,1,0,1,1,9,0.197667,0.202287,0,0,0
34057,,7,0,1,1,0,1,1,10,0.167226,0.169765,0,0,0
34058,,36,0,1,1,0,1,1,9,0.219117,0.22557,0,0,0
34059,,7,0,1,1,0,1,1,9,0.235473,0.242933,0,0,0
34060,,7,0,1,1,0,1,1,1,1,1,0,0,0
34061,,7,0,2,2,0,2,2,9,0.238389,0.246904,0,0,0
34063,,16,0,1,1,0,1,1,9,0.222226,0.228905,0,0,0
34064,,67,0,1,1,0,1,1,10,0.178452,0.182062,0,0,0
34065,,7,0,1,1,0,1,1,9,0.193929,0.198102,0,0,0
34066,,41,1,1,2,1,1,2,9,0.210485,0.215946,0,0.5,0.000168
34068,,41,0,3,3,0,3,3,9,0.217338,0.223655,0,0.166667,0
34069,,14,0,1,1,0,1,1,8,0.249084,0.258104,0,0,0
34070,,7,0,1,1,0,1,1,9,0.213067,0.218887,0,0,0
34071,,7,0,1,1,0,1,1,9,0.221839,0.228332,0,0,0
34073,,7,0,1,1,0,1,1,8,0.257706,0.267944,0,0,0
34074,,53,0,1,1,0,1,1,9,0.214913,0.220648,0,0,0
34075,,7,0,1,1,0,1,1,9,0.218751,0.224866,0,0,0
34076,,2,0,1,1,0,1,1,1,1,1,0,0,0
34077,,7,0,1,1,0,1,1,8,0.265449,0.276753,0,0,0
34079,,14,0,1,1,0,1,1,8,0.247395,0.256736,0,0,0
34080,,22,0,1,1,0,1,1,2,0.666667,0.75,0,0,0
34081,,41,0,1,1,0,1,1,9,0.234736,0.243231,0,0,0
34085,,1,0,1,1,0,1,1,10,0.17877,0.182219,0,0,0
34087,,36,0,4,4,0,4,4,9,0.21914,0.226063,0,0.333333,0
34089,,7,0,1,1,0,1,1,8,0.262756,0.273466,0,0,0
34093,,7,0,1,1,0,1,1,9,0.196524,0.201048,0,0,0
34094,,7,0,2,2,0,2,2,9,0.223148,0.230149,0,0,0
34095,,41,0,1,1,0,1,1,8,0.257544,0.268689,0,0,0
34096,,693,0,1,1,0,1,1,1,1,1,0,0,0
34097,,693,1,0,1,1,0,1,0,0,0,0,0,0.000168
34098,,16,0,1,1,0,1,1,9,0.214333,0.220614,0,0,0
34099,,2,0,1,1,0,1,1,1,1,1,0,0,0
34100,,7,0,1,1,0,1,1,8,0.224682,0.231308,0,0,0
34102,,67,0,1,1,0,1,1,1,1,1,0,0,0
34104,,67,0,1,1,0,1,1,1,1,1,0,0,0
34106,,56,0,2,2,0,2,2,9,0.208664,0.21419,0,0,0
34107,,7,0,1,1,0,1,1,8,0.261475,0.272568,0,0,0
34108,,7,0,1,1,0,1,1,9,0.220178,0.227274,0,0,0
34109,,7,0,1,1,0,1,1,9,0.222497,0.229179,0,0,0
34110,,14,0,1,1,0,1,1,9,0.204253,0.209483,0,0,0
34112,,7,0,1,1,0,1,1,9,0.217943,0.224069,0,0,0
34113,,7,0,4,4,0,4,4,9,0.234327,0.242219,0,0.416667,0
34116,,7,0,1,1,0,1,1,10,0.178303,0.181862,0,0,0
34117,,7,0,1,1,0,1,1,8,0.243999,0.252847,0,0,0
34118,,1,0,1,1,0,1,1,9,0.222605,0.230046,0,0,0
34121,,694,0,1,1,0,1,1,1,1,1,0,0,0
34122,,694,1,0,1,1,0,1,0,0,0,0,0,0.000168
34123,,12,0,1,1,0,1,1,11,0.141623,0.143776,0,0,0
34126,,67,0,1,1,0,1,1,9,0.221969,0.229196,0,0,0
34127,,7,0,1,1,0,1,1,10,0.191306,0.195312,0,0,0
34129,,16,0,1,1,0,1,1,9,0.219903,0.226625,0,0,0
34130,,81,0,1,1,0,1,1,12,0.128771,0.130239,0,0,0
34133,,16,0,1,1,0,1,1,10,0.190291,0.194714,0,0,0
34134,,695,0,1,1,0,1,1,1,1,1,0,0,0
34135,,695,1,0,1,1,0,1,0,0,0,0,0,0.000168
34137,,7,0,1,1,0,1,1,8,0.248433,0.25796,0,0,0
34139,,16,0,1,1,0,1,1,9,0.203544,0.209057,0,0,0
34142,,7,0,3,3,0,3,3,8,0.240082,0.248471,0,0.5,0
34143,,16,0,1,1,0,1,1,1,1,1,0,0,0
34144,,16,0,1,1,0,1,1,8,0.244275,0.253708,0,0,0
34147,,7,0,1,1,0,1,1,9,0.230193,0.238549,0,0,0
34148,,67,0,1,1,0,1,1,10,0.192438,0.196795,0,0,0
34150,,696,0,1,1,0,1,1,2,0.666667,0.75,0,0,0
34151,,696,1,1,2,1,1,2,1,1,1,1,0,0.000168
34153,,16,0,1,1,0,1,1,8,0.23897,0.247046,0,0,0
34156,,7,0,1,1,0,1,1,9,0.215725,0.221768,0,0,0
34157,,7,0,1,1,0,1,1,8,0.251452,0.260347,0,0,0
34158,,67,0,1,1,0,1,1,9,0.199365,0.204461,0,0,0
34160,,12,0,1,1,0,1,1,10,0.164896,0.168023,0,0,0
34163,,7,0,2,2,0,2,2,8,0.24451,0.253761,0,0.5,0
34164,,7,0,1,1,0,1,1,8,0.229128,0.236488,0,0,0
34165,,7,0,1,1,0,1,1,8,0.234991,0.243288,0,0,0
34168,,16,0,1,1,0,1,1,1,1,1,0,0,0
34169,,1,0,2,2,0,2,2,11,0.147227,0.149348,0,0,0
34171,,41,1,1,2,1,1,2,10,0.178939,0.182224,0,0,0.000202
34172,,41,1,1,2,1,1,2,10,0.178939,0.182224,0,0,0.000202
34175,,41,0,1,1,0,1,1,10,0.178945,0.182241,0,0,0
34177,,41,0,1,1,0,1,1,10,0.178945,0.182241,0,0,0
34179,,41,0,1,1,0,1,1,10,0.178945,0.182241,0,0,0
34181,,7,0,2,2,0,2,2,8,0.247103,0.255735,0,0,0
34182,,1,0,1,1,0,1,1,9,0.212487,0.218157,0,0,0
34183,,7,0,10,10,0,10,10,8,0.277752,0.290826,0,0.344444,0
34186,,7,0,1,1,0,1,1,8,0.233233,0.240201,0,0,0
34187,,7,0,1,1,0,1,1,9,0.193032,0.196903,0,0,0
34189,,16,0,1,1,0,1,1,8,0.237095,0.244476,0,0,0
34192,,67,0,3,3,0,3,3,9,0.224476,0.232109,0,1,0
34194,,7,0,1,1,0,1,1,9,0.221928,0.228393,0,0,0
34197,,16,0,1,1,0,1,1,8,0.236535,0.24595,0,0,0
34202,,2,0,3,3,0,3,3,9,0.219585,0.226384,0,0.833333,0
34204,,7,0,1,1,0,1,1,9,0.232872,0.240708,0,0,0
34205,,53,0,1,1,0,1,1,9,0.220312,0.226978,0,0,0
34207,,7,0,1,1,0,1,1,10,0.183664,0.187335,0,0,0
34208,,7,0,1,1,0,1,1,9,0.216686,0.223215,0,0,0
34209,,7,0,1,1,0,1,1,1,1,1,0,0,0
34210,,16,0,1,1,0,1,1,8,0.251382,0.261452,0,0,0
34211,,12,0,1,1,0,1,1,10,0.164896,0.168023,0,0,0
34212,,25,0,1,1,0,1,1,9,0.214954,0.220677,0,0,0
34213,,12,0,1,1,0,1,1,10,0.164896,0.168023,0,0,0
34215,,14,0,2,2,0,2,2,8,0.248217,0.257679,0,0.5,0
34216,,41,0,1,1,0,1,1,8,0.235753,0.244207,0,0,0
34218,,7,0,1,1,0,1,1,9,0.217036,0.223277,0,0,0
34219,,7,0,1,1,0,1,1,9,0.213897,0.219946,0,0,0
34222,,16,0,1,1,0,1,1,8,0.229374,0.235958,0,0,0
34223,,7,0,1,1,0,1,1,9,0.225695,0.232516,0,0,0
34225,,697,1,0,1,1,0,1,0,0,0,0,0,0.000175
34226,,7,0,2,2,0,2,2,9,0.235476,0.24296,0,1,0
34228,,7,0,1,1,0,1,1,10,0.193383,0.197884,0,0,0
34229,,7,0,1,1,0,1,1,8,0.248761,0.257751,0,0,0
34230,,7,0,1,1,0,1,1,9,0.226264,0.233982,0,0,0
34231,,67,0,1,1,0,1,1,9,0.221969,0.229196,0,0,0
34235,,698,0,1,1,0,1,1,1,1,1,0,0,0
34236,,698,1,0,1,1,0,1,0,0,0,0,0,0.000168
34238,,67,0,3,3,0,3,3,9,0.224476,0.232109,0,1,0
34239,,16,0,1,1,0,1,1,8,0.238151,0.247423,0,0,0
34242,,7,0,1,1,0,1,1,8,0.262756,0.273466,0,0,0
34243,,41,0,1,1,0,1,1,8,0.257544,0.268689,0,0,0
34245,,41,0,1,1,0,1,1,8,0.230249,0.237146,0,0,0
34247,,7,0,1,1,0,1,1,9,0.21081,0.216444,0,0,0
34248,,41,0,1,1,0,1,1,9,0.234736,0.243231,0,0,0
34249,,699,0,1,1,0,1,1,1,1,1,0,0,0
34250,,699,1,0,1,1,0,1,0,0,0,0,0,0.000168
34253,,16,0,1,1,0,1,1,9,0.200469,0.205801,0,0,0
34254,,700,0,1,1,0,1,1,1,1,1,0,0,0
34255,,700,1,0,1,1,0,1,0,0,0,0,0,0.000168
34257,,16,0,1,1,0,1,1,9,0.190906,0.195091,0,0,0
34260,,7,0,1,1,0,1,1,9,0.195512,0.200438,0,0,0
34262,,41,0,1,1,0,1,1,9,0.234736,0.243231,0,0,0
34264,,67,0,1,1,0,1,1,12,0.131531,0.133,0,0,0
34265,,7,0,1,1,0,1,1,9,0.198884,0.203512,0,0,0
34266,,53,0,2,2,0,2,2,9,0.213759,0.219961,0,1,0
34267,,7,0,1,1,0,1,1,8,0.226185,0.232941,0,0,0
34268,,7,0,1,1,0,1,1,9,0.223336,0.230404,0,0,0
34269,,16,0,1,1,0,1,1,9,0.225085,0.231702,0,0,0
34270,,41,0,1,1,0,1,1,8,0.257544,0.268689,0,0,0
34271,,14,0,1,1,0,1,1,9,0.206584,0.212281,0,0,0
34272,,41,0,1,1,0,1,1,8,0.257544,0.268689,0,0,0
34273,,1,0,1,1,0,1,1,9,0.222216,0.229086,0,0,0
34274,,16,0,1,1,0,1,1,8,0.244433,0.254493,0,0,0
34275,,41,0,2,2,0,2,2,8,0.250516,0.261153,0,0.5,0
34276,,7,0,1,1,0,1,1,8,0.251664,0.260845,0,0,0
34277,,7,0,1,1,0,1,1,9,0.22667,0.233371,0,0,0
34278,,36,0,1,1,0,1,1,9,0.196184,0.20077,0,0,0
34279,,14,0,1,1,0,1,1,8,0.236758,0.244748,0,0,0
34280,,41,0,1,1,0,1,1,8,0.257544,0.268689,0,0,0
34281,,25,0,1,1,0,1,1,9,0.192204,0.196531,0,0,0
34282,,16,0,2,2,0,2,2,9,0.223262,0.230302,0,0.5,0
34284,,14,0,1,1,0,1,1,9,0.203445,0.208515,0,0,0
34285,,14,0,1,1,0,1,1,9,0.203445,0.208515,0,0,0
34286,,7,0,1,1,0,1,1,8,0.224682,0.231308,0,0,0
34287,,7,0,1,1,0,1,1,8,0.267429,0.278245,0,0,0
34288,,41,0,1,1,0,1,1,8,0.257544,0.268689,0,0,0
34289,,7,0,1,1,0,1,1,9,0.224765,0.231975,0,0,0
34291,,36,0,1,1,0,1,1,10,0.172717,0.175979,0,0,0
34292,,701,0,1,1,0,1,1,1,1,1,0,0,0
34293,,701,1,0,1,1,0,1,0,0,0,0,0,0.000168
34294,,7,0,1,1,0,1,1,9,0.233264,0.241028,0,0,0
34295,,41,0,1,1,0,1,1,8,0.257544,0.268689,0,0,0
34297,,2,0,2,2,0,2,2,1,1,1,0,0,0
34298,,16,0,1,1,0,1,1,9,0.194245,0.198959,0,0,0
34300,,16,0,1,1,0,1,1,8,0.216596,0.222828,0,0,0
34302,,14,0,3,3,0,3,3,8,0.239228,0.246864,0,0,0
34303,,14,0,3,3,0,3,3,8,0.239228,0.246864,0,0,0
34304,,7,0,1,1,0,1,1,8,0.272188,0.283721,0,0,0
34305,,41,0,2,2,0,2,2,8,0.235217,0.243542,0,0,0
34306,,7,0,1,1,0,1,1,9,0.223883,0.231045,0,0,0
34309,,7,0,1,1,0,1,1,9,0.221195,0.227881,0,0,0
34310,,69,0,1,1,0,1,1,10,0.162295,0.164913,0,0,0
34311,,1,0,1,1,0,1,1,10,0.188104,0.191839,0,0,0
34313,,702,0,1,1,0,1,1,1,1,1,0,0,0
34314,,702,1,0,1,1,0,1,0,0,0,0,0,0.000168
34315,,7,0,1,1,0,1,1,9,0.207293,0.21267,0,0,0
34316,,41,0,1,1,0,1,1,8,0.257544,0.268689,0,0,0
34319,,16,0,1,1,0,1,1,9,0.204014,0.209706,0,0,0
34321,,12,0,1,1,0,1,1,10,0.164896,0.168023,0,0,0
34322,,12,0,1,1,0,1,1,10,0.164896,0.168023,0,0,0
34323,,7,0,1,1,0,1,1,8,0.23893,0.247221,0,0,0
34327,,16,0,2,2,0,2,2,8,0.2374,0.246218,0,1,0
34328,,16,0,2,2,0,2,2,8,0.237688,0.245776,0,1,0
34330,,7,0,1,1,0,1,1,8,0.251449,0.261106,0,0,0
34331,,7,0,1,1,0,1,1,9,0.20921,0.214873,0,0,0
34332,,703,0,1,1,0,1,1,1,1,1,0,0,0
34333,,703,1,0,1,1,0,1,0,0,0,0,0,0.000168
34334,,16,0,1,1,0,1,1,9,0.210874,0.217038,0,0,0
34336,,16,0,1,1,0,1,1,9,0.192886,0.197046,0,0,0
34337,,7,0,1,1,0,1,1,9,0.227327,0.234472,0,0,0
34338,,7,0,1,1,0,1,1,9,0.208936,0.214425,0,0,0
34340,,7,0,1,1,0,1,1,8,0.242475,0.25106,0,0,0
34341,,19,0,1,1,0,1,1,9,0.213308,0.219119,0,0,0
34343,,7,0,1,1,0,1,1,8,0.248302,0.257867,0,0,0
34344,,2,0,1,1,0,1,1,10,0.176872,0.180264,0,0,0
34346,,16,0,1,1,0,1,1,1,1,1,0,0,0
34348,,16,0,1,1,0,1,1,8,0.230091,0.237701,0,0,0
34349,,7,0,1,1,0,1,1,9,0.218317,0.224658,0,0,0
34350,,36,0,1,1,0,1,1,9,0.218312,0.224902,0,0,0
34353,,53,0,1,1,0,1,1,9,0.214913,0.220648,0,0,0
34356,,704,0,1,1,0,1,1,1,1,1,0,0,0
34357,,704,1,0,1,1,0,1,0,0,0,0,0,0.000168
34358,,12,0,1,1,0,1,1,10,0.164896,0.168023,0,0,0
34359,,12,0,1,1,0,1,1,10,0.164896,0.168023,0,0,0
34360,,12,0,1,1,0,1,1,10,0.164896,0.168023,0,0,0
34362,,1,0,1,1,0,1,1,9,0.200249,0.205725,0,0,0
34363,,16,0,1,1,0,1,1,8,0.229011,0.236303,0,0,0
34364,,14,0,1,1,0,1,1,1,1,1,0,0,0
34365,,7,0,1,1,0,1,1,9,0.250609,0.260973,0,0,0
34367,,705,0,1,1,0,1,1,1,1,1,0,0,0
34368,,705,1,0,1,1,0,1,0,0,0,0,0,0.000168
34369,,2,0,1,1,0,1,1,9,0.209226,0.214674,0,0,0
34371,,7,0,3,3,0,3,3,8,0.240478,0.248672,0,0.166667,0
34372,,1,0,1,1,0,1,1,10,0.161176,0.163665,0,0,0
34373,,22,0,1,1,0,1,1,9,0.21286,0.218905,0,0,0
34374,,16,0,2,2,0,2,2,8,0.227036,0.23496,0,1,0
34375,,41,0,1,1,0,1,1,8,0.257544,0.268689,0,0,0
34376,,706,0,1,1,0,1,1,1,1,1,0,0,0
34377,,706,1,0,1,1,0,1,0,0,0,0,0,0.000168
34379,,41,0,1,1,0,1,1,8,0.257544,0.268689,0,0,0
34690,,7,1,1,2,1,1,2,9,0.213309,0.21933,18825,0.5,0.000174
34383,,707,0,2,2,0,2,2,9,0.239972,0.248572,0,0,0
34384,,707,1,0,1,1,0,1,0,0,0,0,0,0.000168
34386,,41,0,1,1,0,1,1,9,0.196863,0.201279,0,0,0
34387,,41,0,1,1,0,1,1,8,0.257544,0.268689,0,0,0
34388,,41,0,1,1,0,1,1,9,0.196863,0.201279,0,0,0
34389,,7,0,2,2,0,2,2,8,0.23941,0.248662,0,1,0
34390,,7,0,1,1,0,1,1,8,0.230596,0.237823,0,0,0
34391,,67,0,1,1,0,1,1,9,0.218335,0.225066,0,0,0
34393,,16,0,1,1,0,1,1,8,0.2284,0.235296,0,0,0
34397,,7,0,1,1,0,1,1,9,0.20669,0.212021,0,0,0
34398,,16,0,1,1,0,1,1,9,0.202026,0.207543,0,0,0
34399,,708,0,1,1,0,1,1,1,1,1,0,0,0
34400,,708,1,0,1,1,0,1,0,0,0,0,0,0.000168
34401,,41,0,1,1,0,1,1,9,0.234736,0.243231,0,0,0
34402,,7,0,1,1,0,1,1,9,0.199731,0.204756,0,0,0
34404,,7,0,1,1,0,1,1,8,0.242301,0.250615,0,0,0
34405,,16,0,1,1,0,1,1,9,0.210367,0.216353,0,0,0
34406,,1,0,1,1,0,1,1,1,1,1,0,0,0
34407,,41,0,1,1,0,1,1,9,0.211371,0.217148,0,0,0
34408,,41,0,1,1,0,1,1,9,0.211371,0.217148,0,0,0
34410,,2,0,1,1,0,1,1,9,0.190883,0.19506,0,0,0
34411,,7,0,1,1,0,1,1,9,0.213284,0.219286,0,0,0
34412,,7,0,1,1,0,1,1,9,0.226164,0.233246,0,0,0
34413,,16,0,1,1,0,1,1,1,1,1,0,0,0
34414,,7,0,1,1,0,1,1,9,0.22138,0.227546,0,0,0
35237,,16,1,0,1,1,0,1,0,0,0,0,0,0.000193
34416,,16,0,1,1,0,1,1,9,0.21785,0.223905,0,0,0
34418,,67,0,1,1,0,1,1,10,0.183099,0.187115,0,0,0
34419,,67,0,2,2,0,2,2,9,0.199733,0.204742,0,1,0
34421,,7,0,1,1,0,1,1,8,0.238709,0.246069,0,0,0
34422,,16,0,1,1,0,1,1,10,0.162257,0.164727,0,0,0
34425,,7,0,1,1,0,1,1,9,0.189974,0.193855,0,0,0
34426,,1,0,1,1,0,1,1,8,0.228936,0.236648,0,0,0
34428,,7,0,1,1,0,1,1,8,0.262756,0.273466,0,0,0
34430,,1,0,1,1,0,1,1,1,1,1,0,0,0
34431,,16,0,1,1,0,1,1,3,0.444444,0.541667,0,0,0
34432,,1,0,1,1,0,1,1,1,1,1,0,0,0
34434,,41,0,1,1,0,1,1,9,0.205436,0.210391,0,0,0
34436,,7,0,1,1,0,1,1,8,0.263278,0.27399,0,0,0
34437,,7,0,2,2,0,2,2,8,0.235806,0.244246,0,1,0
34440,,16,0,1,1,0,1,1,9,0.227448,0.235151,0,0,0
34441,,16,0,1,1,0,1,1,8,0.2284,0.235296,0,0,0
34443,,36,0,1,1,0,1,1,8,0.22375,0.230857,0,0,0
34444,,16,0,1,1,0,1,1,9,0.23085,0.239151,0,0,0
34445,,709,0,1,1,0,1,1,1,1,1,0,0,0
34446,,709,1,0,1,1,0,1,0,0,0,0,0,0.000168
34447,,2,0,1,1,0,1,1,8,0.235818,0.243199,0,0,0
34449,,67,0,3,3,0,3,3,10,0.181681,0.185652,0,0,0
35476,,67,1,0,1,1,0,1,0,0,0,0,0,0.000168
34450,,7,0,1,1,0,1,1,9,0.194071,0.198306,0,0,0
34452,,733,1,2,3,1,2,3,1,1,1,3,0.166667,0.000173
34453,,733,1,0,1,1,0,1,0,0,0,0,0,0.000173
34454,,733,2,0,2,2,0,2,0,0,0,0,0.5,0.000346
34455,,41,0,1,1,0,1,1,8,0.257544,0.268689,0,0,0
34456,,16,0,1,1,0,1,1,10,0.18091,0.184614,0,0,0
34457,,36,0,1,1,0,1,1,10,0.180642,0.184413,0,0,0
34459,,41,0,1,1,0,1,1,9,0.205901,0.211572,0,0,0
34461,,1,0,1,1,0,1,1,9,0.223974,0.230994,0,0,0
34462,,16,0,1,1,0,1,1,8,0.235824,0.242716,0,0,0
34463,,7,0,1,1,0,1,1,8,0.244345,0.253397,0,0,0
34464,,710,0,1,1,0,1,1,1,1,1,0,0,0
34465,,710,1,0,1,1,0,1,0,0,0,0,0,0.000168
34466,,7,0,1,1,0,1,1,1,1,1,0,0,0
34468,,7,0,1,1,0,1,1,8,0.257706,0.267944,0,0,0
34469,,32,0,2,2,0,2,2,9,0.209177,0.21478,0,0,0
35448,,32,1,0,1,1,0,1,0,0,0,0,0,0.000168
34470,,7,0,1,1,0,1,1,8,0.263006,0.273325,0,0,0
34471,,41,0,1,1,0,1,1,10,0.176228,0.179542,0,0,0
34474,,7,0,1,1,0,1,1,8,0.262756,0.273466,0,0,0
34475,,16,0,1,1,0,1,1,9,0.229337,0.237191,0,0,0
34477,,36,0,1,1,0,1,1,8,0.22375,0.230857,0,0,0
34479,,7,0,1,1,0,1,1,8,0.262756,0.273466,0,0,0
34480,,7,0,1,1,0,1,1,9,0.214655,0.22045,0,0,0
34482,,16,0,1,1,0,1,1,9,0.188555,0.192876,0,0,0
34484,,7,0,1,1,0,1,1,9,0.226025,0.232676,0,0,0
34486,,7,0,1,1,0,1,1,8,0.261475,0.272568,0,0,0
34487,,2,0,2,2,0,2,2,8,0.227528,0.234157,0,0,0
34488,,7,0,2,2,0,2,2,8,0.2445,0.253625,0,0.5,0
34489,,69,0,1,1,0,1,1,9,0.194139,0.198784,0,0,0
34490,,16,0,1,1,0,1,1,8,0.247792,0.25846,0,0,0
34491,,16,0,2,2,0,2,2,8,0.251385,0.261478,0,1,0
34492,,7,0,1,1,0,1,1,8,0.235791,0.243491,0,0,0
34494,,16,0,1,1,0,1,1,9,0.211511,0.216772,0,0,0
34495,,53,0,2,2,0,2,2,9,0.222987,0.22994,0,0.5,0
34497,,32,0,5,5,0,5,5,8,0.248135,0.257229,0,0.4,0
35140,,32,1,0,1,1,0,1,0,0,0,0,0,0.000168
34498,,711,0,1,1,0,1,1,1,1,1,0,0,0
34499,,711,1,0,1,1,0,1,0,0,0,0,0,0.000168
34500,,7,0,1,1,0,1,1,8,0.228875,0.236469,0,0,0
34502,,16,0,1,1,0,1,1,8,0.251382,0.261452,0,0,0
34503,,41,0,1,1,0,1,1,8,0.257544,0.268689,0,0,0
34504,,7,0,1,1,0,1,1,9,0.215533,0.221823,0,0,0
34505,,7,0,1,1,0,1,1,8,0.233233,0.240201,0,0,0
34506,,16,0,1,1,0,1,1,9,0.192161,0.196752,0,0,0
34507,,41,0,1,1,0,1,1,8,0.257544,0.268689,0,0,0
34509,,16,0,1,1,0,1,1,9,0.19012,0.194718,0,0,0
34512,,67,0,46,46,0,46,46,8,0.270185,0.284996,0,0.017874,0
34520,,67,1,0,1,1,0,1,0,0,0,0,0,0.000168
34521,,67,1,0,1,1,0,1,0,0,0,0,0,0.000168
34522,,67,1,0,1,1,0,1,0,0,0,0,0,0.000168
34727,,67,1,0,1,1,0,1,0,0,0,0,0,0.000168
34728,,67,1,0,1,1,0,1,0,0,0,0,0,0.000168
34729,,67,1,0,1,1,0,1,0,0,0,0,0,0.000168
34730,,67,1,0,1,1,0,1,0,0,0,0,0,0.000168
34731,,67,1,0,1,1,0,1,0,0,0,0,0,0.000168
34732,,67,1,0,1,1,0,1,0,0,0,0,0,0.000168
34733,,67,1,0,1,1,0,1,0,0,0,0,0,0.000168
34734,,67,1,0,1,1,0,1,0,0,0,0,0,0.000168
34735,,67,1,0,1,1,0,1,0,0,0,0,0,0.000168
34514,,7,0,1,1,0,1,1,8,0.224816,0.231667,0,0,0
34516,,14,0,1,1,0,1,1,8,0.247395,0.256736,0,0,0
34518,,764,1,1,2,1,1,2,9,0.210299,0.215735,18827,0,0.000168
34525,,2,0,2,2,0,2,2,8,0.232987,0.241006,0,1,0
34526,,16,0,1,1,0,1,1,9,0.193084,0.197315,0,0,0
34528,,41,0,1,1,0,1,1,9,0.215313,0.221009,0,0,0
34529,,41,0,1,1,0,1,1,8,0.257544,0.268689,0,0,0
34530,,1,0,1,1,0,1,1,9,0.209903,0.215811,0,0,0
34533,,7,0,1,1,0,1,1,9,0.234601,0.242743,0,0,0
34534,,41,0,1,1,0,1,1,8,0.257544,0.268689,0,0,0
34535,,16,0,1,1,0,1,1,9,0.204575,0.209961,0,0,0
34536,,7,0,1,1,0,1,1,1,1,1,0,0,0
34537,,16,0,1,1,0,1,1,9,0.187056,0.191076,0,0,0
34538,,41,0,1,1,0,1,1,8,0.257544,0.268689,0,0,0
34540,,7,0,1,1,0,1,1,8,0.219895,0.226484,0,0,0
34541,,712,0,1,1,0,1,1,1,1,1,0,0,0
34542,,712,1,0,1,1,0,1,0,0,0,0,0,0.000168
34544,,12,1,1,2,1,1,2,12,0.131868,0.133349,0,0,0.000187
34576,,12,1,2,3,1,2,3,10,0.179097,0.182848,37654,0,0.000187
34546,,7,0,1,1,0,1,1,8,0.262756,0.273466,0,0,0
34547,,36,0,2,2,0,2,2,9,0.220016,0.226599,0,0.5,0
34550,,16,0,1,1,0,1,1,8,0.234493,0.241933,0,0,0
34551,,14,0,1,1,0,1,1,8,0.236758,0.244748,0,0,0
34555,,16,0,5,5,0,5,5,8,0.257837,0.268503,0,0.2,0
34556,,7,0,1,1,0,1,1,8,0.239639,0.247488,0,0,0
34559,,42,0,1,1,0,1,1,2,0.571429,0.625,0,0,0
34561,,7,0,1,1,0,1,1,9,0.220751,0.227509,0,0,0
34562,,1,0,1,1,0,1,1,8,0.238232,0.246371,0,0,0
34563,,22,0,1,1,0,1,1,1,1,1,0,0,0
34564,,16,0,1,1,0,1,1,9,0.222195,0.229023,0,0,0
34565,,7,0,1,1,0,1,1,8,0.263621,0.273995,0,0,0
34566,,7,0,1,1,0,1,1,9,0.193869,0.197904,0,0,0
34568,,7,0,1,1,0,1,1,8,0.244345,0.253397,0,0,0
34571,,7,0,1,1,0,1,1,10,0.193877,0.198377,0,0,0
34572,,14,0,2,2,0,2,2,8,0.249153,0.258898,0,1,0
34573,,16,0,1,1,0,1,1,8,0.251382,0.261452,0,0,0
34574,,16,0,1,1,0,1,1,1,1,1,0,0,0
34577,,713,0,2,2,0,2,2,8,0.262766,0.273505,0,0,0
34578,,713,1,0,1,1,0,1,0,0,0,0,0,0.000168
34579,,12,0,1,1,0,1,1,10,0.179083,0.182788,0,0,0
34580,,16,0,1,1,0,1,1,8,0.246114,0.255055,0,0,0
34582,,16,0,1,1,0,1,1,8,0.234514,0.24306,0,0,0
34584,,714,0,1,1,0,1,1,1,1,1,0,0,0
34585,,714,1,0,1,1,0,1,0,0,0,0,0,0.000168
34586,,32,0,1,1,0,1,1,1,1,1,0,0,0
34587,,36,0,1,1,0,1,1,9,0.219954,0.226495,0,0,0
34588,,7,0,1,1,0,1,1,10,0.193687,0.198341,0,0,0
34589,,715,0,2,2,0,2,2,1,1,1,0,0,0
34590,,715,1,0,1,1,0,1,0,0,0,0,0,0.000168
35171,,715,1,0,1,1,0,1,0,0,0,0,0,0.000168
34591,,41,0,1,1,0,1,1,8,0.257544,0.268689,0,0,0
34592,,7,0,1,1,0,1,1,8,0.23893,0.247221,0,0,0
34593,,16,0,1,1,0,1,1,8,0.236167,0.244733,0,0,0
34594,,16,0,2,2,0,2,2,8,0.23816,0.247463,0,0,0
34595,,53,0,1,1,0,1,1,9,0.220312,0.226978,0,0,0
34596,,41,0,1,1,0,1,1,8,0.209429,0.215629,0,0,0
34597,,7,0,1,1,0,1,1,8,0.24685,0.256506,0,0,0
34603,,16,0,1,1,0,1,1,9,0.204724,0.210569,0,0,0
34605,,716,0,1,1,0,1,1,1,1,1,0,0,0
34606,,716,1,0,1,1,0,1,0,0,0,0,0,0.000168
34607,,16,0,1,1,0,1,1,10,0.185425,0.189443,0,0,0
34608,,67,0,1,1,0,1,1,1,1,1,0,0,0
34609,,1,0,1,1,0,1,1,10,0.191386,0.195438,0,0,0
34610,,41,0,1,1,0,1,1,8,0.236961,0.24442,0,0,0
34611,,39,0,1,1,0,1,1,9,0.195437,0.199907,0,0,0
34613,,7,0,1,1,0,1,1,9,0.221481,0.227789,0,0,0
34614,,41,0,1,1,0,1,1,8,0.257544,0.268689,0,0,0
34615,,41,0,1,1,0,1,1,8,0.236961,0.24442,0,0,0
34619,,16,0,1,1,0,1,1,9,0.213412,0.219402,0,0,0
34628,,41,0,1,1,0,1,1,9,0.197236,0.201881,0,0,0
34629,,7,0,1,1,0,1,1,9,0.215533,0.221823,0,0,0
34630,,36,0,1,1,0,1,1,10,0.186373,0.190547,0,0,0
34631,,36,0,1,1,0,1,1,10,0.192531,0.197115,0,0,0
34634,,7,0,1,1,0,1,1,9,0.239963,0.248532,0,0,0
34635,,7,0,1,1,0,1,1,8,0.262756,0.273466,0,0,0
34636,,14,0,1,1,0,1,1,9,0.226458,0.233655,0,0,0
34637,,65,0,1,1,0,1,1,9,0.200492,0.205579,0,0,0
34638,,16,0,1,1,0,1,1,9,0.214333,0.220614,0,0,0
34640,,7,0,1,1,0,1,1,9,0.23711,0.245258,0,0,0
34645,,7,0,1,1,0,1,1,9,0.214014,0.220089,0,0,0
34646,,7,0,1,1,0,1,1,10,0.179156,0.182314,0,0,0
34647,,16,0,1,1,0,1,1,9,0.197512,0.202006,0,0,0
34648,,7,0,1,1,0,1,1,9,0.21249,0.218584,0,0,0
34649,,16,0,1,1,0,1,1,1,1,1,0,0,0
34650,,130,0,1,1,0,1,1,10,0.172991,0.175975,0,0,0
34651,,1,0,1,1,0,1,1,9,0.199705,0.204961,0,0,0
34652,,7,0,1,1,0,1,1,8,0.244503,0.252663,0,0,0
34654,,16,0,1,1,0,1,1,9,0.202812,0.207666,0,0,0
34655,,41,0,1,1,0,1,1,10,0.174495,0.177695,0,0,0
34656,,7,0,1,1,0,1,1,8,0.232406,0.239626,0,0,0
34657,,7,0,1,1,0,1,1,8,0.232564,0.240768,0,0,0
34660,,41,0,1,1,0,1,1,8,0.236961,0.24442,0,0,0
34661,,7,0,1,1,0,1,1,8,0.228561,0.235614,0,0,0
34662,,41,0,1,1,0,1,1,9,0.234736,0.243231,0,0,0
34663,,16,0,1,1,0,1,1,9,0.225085,0.231702,0,0,0
34665,,16,0,1,1,0,1,1,9,0.224454,0.231835,0,0,0
34666,,16,0,1,1,0,1,1,1,1,1,0,0,0
34667,,7,0,1,1,0,1,1,8,0.251523,0.26155,0,0,0
34668,,16,0,1,1,0,1,1,8,0.251382,0.261452,0,0,0
34669,,7,0,1,1,0,1,1,9,0.209259,0.214889,0,0,0
34670,,7,0,1,1,0,1,1,9,0.238286,0.246733,0,0,0
34671,,717,0,2,2,0,2,2,1,1,1,0,0,0
34672,,717,1,0,1,1,0,1,0,0,0,0,0,0.000168
34827,,717,1,0,1,1,0,1,0,0,0,0,0,0.000168
34674,,67,0,1,1,0,1,1,10,0.192438,0.196795,0,0,0
34676,,41,0,1,1,0,1,1,8,0.235753,0.244207,0,0,0
34677,,16,0,1,1,0,1,1,9,0.197539,0.202089,0,0,0
34679,,7,0,1,1,0,1,1,8,0.265449,0.276753,0,0,0
34680,,16,0,1,1,0,1,1,9,0.206922,0.212471,0,0,0
34684,,1,0,1,1,0,1,1,9,0.221523,0.228343,0,0,0
34685,,718,0,1,1,0,1,1,1,1,1,0,0,0
34686,,718,1,0,1,1,0,1,0,0,0,0,0,0.000168
34688,,1,0,1,1,0,1,1,8,0.226147,0.233528,0,0,0
34689,,16,0,1,1,0,1,1,8,0.236167,0.244733,0,0,0
34692,,719,0,1,1,0,1,1,1,1,1,0,0,0
34693,,65,0,1,1,0,1,1,9,0.208155,0.213697,0,0,0
34695,,16,0,1,1,0,1,1,9,0.206235,0.211976,0,0,0
34697,,16,0,1,1,0,1,1,8,0.235824,0.242716,0,0,0
34698,,16,0,1,1,0,1,1,9,0.219883,0.226442,0,0,0
34699,,41,0,1,1,0,1,1,9,0.205901,0.211572,0,0,0
34701,,7,0,1,1,0,1,1,9,0.205742,0.211127,0,0,0
34703,,16,0,1,1,0,1,1,9,0.219952,0.2264,0,0,0
34705,,16,0,1,1,0,1,1,9,0.228527,0.235985,0,0,0
34706,,16,0,1,1,0,1,1,1,1,1,0,0,0
34709,,720,0,1,1,0,1,1,1,1,1,0,0,0
34710,,720,1,0,1,1,0,1,0,0,0,0,0,0.000168
34711,,7,0,1,1,0,1,1,8,0.242301,0.250615,0,0,0
34712,,41,0,1,1,0,1,1,8,0.230249,0.237146,0,0,0
34713,,7,0,1,1,0,1,1,9,0.188594,0.192926,0,0,0
34714,,41,0,1,1,0,1,1,9,0.234736,0.243231,0,0,0
34715,,16,0,2,2,0,2,2,8,0.236612,0.244353,0,0,0
34717,,7,0,1,1,0,1,1,9,0.208088,0.213254,0,0,0
34718,,7,0,1,1,0,1,1,9,0.195727,0.200675,0,0,0
34719,,41,0,1,1,0,1,1,8,0.257544,0.268689,0,0,0
34720,,36,0,1,1,0,1,1,9,0.208767,0.214577,0,0,0
34723,,14,0,2,2,0,2,2,8,0.249153,0.258898,0,1,0
34726,,69,0,1,1,0,1,1,9,0.218461,0.224529,0,0,0
34737,,7,0,2,2,0,2,2,9,0.233065,0.240634,0,0.5,0
34739,,7,0,1,1,0,1,1,10,0.178338,0.181752,0,0,0
34740,,7,0,1,1,0,1,1,9,0.212528,0.218441,0,0,0
34743,,7,0,1,1,0,1,1,9,0.214179,0.220404,0,0,0
34744,,12,0,2,2,0,2,2,9,0.195445,0.200169,0,0,0
34745,,16,0,1,1,0,1,1,8,0.251382,0.261452,0,0,0
34746,,1,0,1,1,0,1,1,3,0.5,0.611111,0,0,0
34747,,7,0,1,1,0,1,1,9,0.22667,0.233371,0,0,0
34748,,16,0,1,1,0,1,1,8,0.234108,0.241443,0,0,0
34749,,7,0,1,1,0,1,1,9,0.201092,0.205666,0,0,0
34753,,1,0,2,2,0,2,2,9,0.19215,0.196442,0,0,0
34754,,1,1,0,1,1,0,1,0,0,0,0,0,0.000168
34755,,721,0,1,1,0,1,1,1,1,1,0,0,0
34756,,721,1,0,1,1,0,1,0,0,0,0,0,0.000168
34757,,7,0,1,1,0,1,1,9,0.211297,0.216928,0,0,0
34759,,16,0,1,1,0,1,1,9,0.215121,0.221624,0,0,0
34760,,7,0,1,1,0,1,1,9,0.216335,0.222647,0,0,0
34761,,14,0,1,1,0,1,1,9,0.207004,0.212451,0,0,0
34762,,722,0,1,1,0,1,1,1,1,1,0,0,0
34763,,722,1,0,1,1,0,1,0,0,0,0,0,0.000168
34764,,32,0,1,1,0,1,1,10,0.174034,0.177197,0,0,0
34765,,16,0,1,1,0,1,1,9,0.227723,0.235174,0,0,0
34766,,16,0,1,1,0,1,1,8,0.238528,0.246408,0,0,0
34767,,36,0,1,1,0,1,1,9,0.202084,0.207066,0,0,0
34770,,16,0,1,1,0,1,1,9,0.219196,0.225231,0,0,0
34771,,67,0,5,5,0,5,5,11,0.153854,0.156381,0,0,0
34772,,67,1,0,1,1,0,1,0,0,0,0,0,0.000168
34773,,67,1,0,1,1,0,1,0,0,0,0,0,0.000168
34774,,67,1,0,1,1,0,1,0,0,0,0,0,0.000168
34775,,7,0,1,1,0,1,1,8,0.229128,0.236488,0,0,0
34780,,7,0,1,1,0,1,1,9,0.214123,0.219985,0,0,0
34782,,7,0,1,1,0,1,1,8,0.237622,0.245065,0,0,0
34783,,32,0,7,7,0,7,7,7,0.294879,0.309786,0,0.309524,0
34784,,32,1,0,1,1,0,1,0,0,0,0,0,0.000168
34785,,16,0,1,1,0,1,1,8,0.251382,0.261452,0,0,0
34788,,7,0,1,1,0,1,1,9,0.210892,0.216699,0,0,0
34789,,7,0,1,1,0,1,1,9,0.216594,0.222821,0,0,0
34790,,41,0,1,1,0,1,1,8,0.257544,0.268689,0,0,0
34793,,723,1,1,2,1,1,2,1,1,1,0,0,0.000173
34794,,723,1,1,2,1,1,2,1,1,1,0,0,0.000173
34795,,7,0,1,1,0,1,1,8,0.261475,0.272568,0,0,0
34798,,7,0,1,1,0,1,1,9,0.236556,0.244293,0,0,0
34802,,7,0,1,1,0,1,1,9,0.220762,0.227438,0,0,0
34803,,41,0,1,1,0,1,1,2,0.6,0.666667,0,0,0
34804,,41,0,1,1,0,1,1,8,0.257544,0.268689,0,0,0
34805,,25,0,1,1,0,1,1,1,1,1,0,0,0
34807,,16,0,1,1,0,1,1,1,1,1,0,0,0
34808,,16,0,1,1,0,1,1,9,0.221669,0.228885,0,0,0
34810,,67,0,1,1,0,1,1,9,0.193891,0.198045,0,0,0
34811,,67,0,1,1,0,1,1,9,0.193891,0.198045,0,0,0
34812,,7,0,1,1,0,1,1,10,0.198298,0.203268,0,0,0
34813,,7,0,1,1,0,1,1,9,0.223726,0.230675,0,0,0
34815,,724,0,1,1,0,1,1,1,1,1,0,0,0
34816,,724,1,0,1,1,0,1,0,0,0,0,0,0.000168
34817,,7,0,1,1,0,1,1,8,0.256649,0.267075,0,0,0
34818,,725,0,1,1,0,1,1,1,1,1,0,0,0
34819,,725,1,0,1,1,0,1,0,0,0,0,0,0.000168
34820,,1,0,1,1,0,1,1,11,0.15511,0.15758,0,0,0
34821,,1,0,7,7,0,7,7,8,0.24049,0.249222,0,0.428571,0
34823,,12,0,4,4,0,4,4,11,0.141638,0.143923,0,0.25,0
34824,,7,0,1,1,0,1,1,1,1,1,0,0,0
34825,,7,0,1,1,0,1,1,8,0.233233,0.240201,0,0,0
34826,,1,0,1,1,0,1,1,9,0.222605,0.230046,0,0,0
34828,,733,1,4,5,1,4,5,2,0.75,0.833333,12,0.05,0.000173
35266,,733,1,1,2,1,1,2,1,1,1,3,0,0.000173
35397,,733,1,0,1,1,0,1,0,0,0,0,0,0.000173
34829,,7,0,1,1,0,1,1,1,1,1,0,0,0
34830,,7,0,1,1,0,1,1,8,0.230955,0.238384,0,0,0
34831,,53,0,2,2,0,2,2,9,0.214518,0.221427,0,0,0
35284,,53,1,0,1,1,0,1,0,0,0,0,0,0.000168
34832,,7,3,6,9,3,6,9,8,0.251967,0.261959,55376.125018,0.152778,0.000504
34833,,41,0,1,1,0,1,1,9,0.208725,0.213946,0,0,0
34834,,7,0,1,1,0,1,1,9,0.211361,0.21694,0,0,0
34838,,1,0,1,1,0,1,1,9,0.222605,0.230046,0,0,0
34840,,16,0,1,1,0,1,1,10,0.175885,0.179194,0,0,0
34841,,7,0,1,1,0,1,1,1,1,1,0,0,0
34842,,7,0,1,1,0,1,1,9,0.227396,0.235291,0,0,0
34843,,67,0,1,1,0,1,1,10,0.156957,0.159284,0,0,0
34846,,67,1,1,2,1,1,2,9,0.221969,0.229196,0,0.5,0.000168
34848,,7,0,1,1,0,1,1,9,0.2229,0.230213,0,0,0
34849,,7,0,1,1,0,1,1,9,0.231387,0.239068,0,0,0
34850,,16,0,1,1,0,1,1,8,0.244275,0.253708,0,0,0
34852,,16,0,1,1,0,1,1,9,0.228869,0.236881,0,0,0
34853,,65,0,2,2,0,2,2,8,0.237152,0.244989,0,1,0
34854,,65,0,1,1,0,1,1,9,0.208155,0.213697,0,0,0
34856,,16,0,1,1,0,1,1,8,0.232418,0.240737,0,0,0
34857,,16,0,1,1,0,1,1,9,0.189707,0.193553,0,0,0
34858,,16,0,1,1,0,1,1,8,0.236767,0.24412,0,0,0
34859,,41,0,1,1,0,1,1,8,0.257544,0.268689,0,0,0
34860,,16,0,1,1,0,1,1,9,0.211511,0.216772,0,0,0
34862,,726,0,1,1,0,1,1,1,1,1,0,0,0
34863,,726,1,0,1,1,0,1,0,0,0,0,0,0.000168
34865,,16,0,1,1,0,1,1,9,0.189127,0.193496,0,0,0
34866,,7,0,1,1,0,1,1,9,0.209259,0.214889,0,0,0
34867,,36,0,1,1,0,1,1,10,0.182501,0.186226,0,0,0
34868,,1,0,1,1,0,1,1,10,0.188104,0.191839,0,0,0
34870,,7,0,1,1,0,1,1,8,0.257706,0.267944,0,0,0
34872,,41,0,3,3,0,3,3,9,0.208651,0.214664,0,0.166667,0
34873,,7,0,1,1,0,1,1,9,0.211577,0.217298,0,0,0
34874,,16,0,1,1,0,1,1,9,0.211511,0.216772,0,0,0
34875,,7,0,1,1,0,1,1,9,0.209152,0.214723,0,0,0
34876,,7,0,1,1,0,1,1,8,0.230345,0.238007,0,0,0
34877,,16,0,1,1,0,1,1,9,0.225849,0.233205,0,0,0
34879,,731,0,1,1,0,1,1,1,1,1,0,0,0
34880,,7,0,1,1,0,1,1,9,0.219616,0.22591,0,0,0
34881,,7,0,1,1,0,1,1,10,0.179156,0.182314,0,0,0
34882,,733,1,1,2,1,1,2,3,0.466667,0.52381,7,0,0.000168
34883,,16,0,1,1,0,1,1,9,0.205899,0.211486,0,0,0
34885,,32,0,1,1,0,1,1,8,0.234493,0.242444,0,0,0
34886,,7,0,1,1,0,1,1,9,0.218893,0.225422,0,0,0
34887,,727,0,1,1,0,1,1,1,1,1,0,0,0
34888,,727,1,0,1,1,0,1,0,0,0,0,0,0.000168
34890,,7,0,2,2,0,2,2,9,0.227434,0.234534,0,0,0
34891,,728,0,1,1,0,1,1,1,1,1,0,0,0
34892,,728,1,0,1,1,0,1,0,0,0,0,0,0.000168
34894,,16,0,1,1,0,1,1,9,0.197195,0.202032,0,0,0
34895,,16,0,1,1,0,1,1,11,0.153491,0.155642,0,0,0
34896,,25,0,1,1,0,1,1,8,0.234155,0.242097,0,0,0
34899,,16,0,2,2,0,2,2,9,0.225735,0.233776,0,0,0
34900,,12,0,1,1,0,1,1,1,1,1,0,0,0
34902,,7,0,1,1,0,1,1,9,0.195445,0.199593,0,0,0
34904,,7,0,1,1,0,1,1,8,0.257706,0.267944,0,0,0
34905,,14,0,1,1,0,1,1,10,0.181866,0.185716,0,0,0
34906,,7,0,2,2,0,2,2,9,0.235608,0.243355,0,0,0
34908,,16,0,1,1,0,1,1,9,0.192407,0.197369,0,0,0
34909,,16,0,1,1,0,1,1,10,0.188496,0.192511,0,0,0
34910,,7,0,1,1,0,1,1,9,0.231387,0.239068,0,0,0
34912,,7,0,1,1,0,1,1,8,0.245108,0.253561,0,0,0
34913,,7,0,1,1,0,1,1,9,0.188223,0.191808,0,0,0
34914,,16,0,1,1,0,1,1,8,0.246659,0.25616,0,0,0
34916,,16,0,2,2,0,2,2,8,0.223604,0.230972,0,1,0
34924,,16,1,3,4,1,3,4,9,0.205289,0.211051,59191.631253,0,0.00114
34938,,16,2,3,5,2,3,5,8,0.240256,0.249354,3544.022708,0.05,0.001308
34940,,16,1,0,1,1,0,1,0,0,0,0,0,0.00114
34941,,16,1,0,1,1,0,1,0,0,0,0,0,0.00114
34944,,16,1,1,2,1,1,2,10,0.177703,0.181218,0,0.5,0.00114
34987,,16,1,0,1,1,0,1,0,0,0,0,0,0.00114
35029,,16,1,1,2,1,1,2,9,0.201658,0.206723,25974,0,0.00114
34992,,16,4,4,8,4,4,8,8,0.250279,0.260237,64649.838578,0.095238,0.00168
35043,,16,2,3,5,2,3,5,9,0.228385,0.235693,390.326505,0.3,0.001341
35013,,16,1,1,2,1,1,2,1,1,1,25976,0,0.00114
35079,,16,1,0,1,1,0,1,0,0,0,0,0,0.00114
34918,,7,0,1,1,0,1,1,8,0.237017,0.244035,0,0,0
34919,,16,0,1,1,0,1,1,8,0.227105,0.234293,0,0,0
34965,,16,1,0,1,1,0,1,0,0,0,0,0,0.00028
34980,,16,1,1,2,1,1,2,8,0.228593,0.236142,116.238796,0,0.00028
35056,,16,1,1,2,1,1,2,8,0.231497,0.23901,89.246185,0.5,0.00028
34921,,7,0,1,1,0,1,1,1,1,1,0,0,0
34923,,16,2,7,9,2,7,9,8,0.23654,0.245661,49820.882712,0.013889,0.000352
34946,,16,1,1,2,1,1,2,8,0.231499,0.239015,657.954852,0,0.000178
34925,,16,0,1,1,0,1,1,9,0.205329,0.210602,0,0,0
34927,,7,0,1,1,0,1,1,9,0.224975,0.231937,0,0,0
34928,,16,0,1,1,0,1,1,9,0.21182,0.218077,0,0,0
34929,,16,0,1,1,0,1,1,8,0.251382,0.261452,0,0,0
34930,,36,0,1,1,0,1,1,9,0.21834,0.225148,0,0,0
34931,,12,0,1,1,0,1,1,1,1,1,0,0,0
34932,,16,0,1,1,0,1,1,8,0.2315,0.239015,0,0,0
34933,,16,0,1,1,0,1,1,8,0.2315,0.239015,0,0,0
34934,,16,0,1,1,0,1,1,1,1,1,0,0,0
34935,,69,0,1,1,0,1,1,2,0.555556,0.6,0,0,0
34936,,69,0,1,1,0,1,1,2,0.555556,0.6,0,0,0
34943,,16,1,0,1,1,0,1,0,0,0,0,0,0.000207
35038,,16,1,0,1,1,0,1,0,0,0,0,0,0.000204
34945,,1,0,5,5,0,5,5,7,0.294232,0.308929,0,0.6,0
35225,,31,3,0,3,3,0,3,0,0,0,0,0.333333,0.000543
35224,,31,1,2,3,1,2,3,9,0.20816,0.213394,0,1,0.000188
35232,,31,1,1,2,1,1,2,3,0.5,0.583333,0,0.5,0.000188
35230,,31,4,3,7,4,3,7,9,0.208165,0.21343,37653.5,0.133333,0.000697
35296,,31,4,2,6,4,2,6,2,0.75,0.833333,25986,0.05,0.000721
35382,,31,6,2,8,6,2,8,2,0.75,0.833333,25991,0.095238,0.001072
34948,,729,0,1,1,0,1,1,1,1,1,0,0,0
34949,,729,1,0,1,1,0,1,0,0,0,0,0,0.000168
34950,,53,0,1,1,0,1,1,9,0.200533,0.205138,0,0,0
34951,,16,0,1,1,0,1,1,9,0.1913,0.195936,0,0,0
34954,,16,0,1,1,0,1,1,8,0.2315,0.239015,0,0,0
34957,,7,0,1,1,0,1,1,8,0.232979,0.239794,0,0,0
34958,,12,1,2,3,1,2,3,10,0.188919,0.193151,412.980623,0,0.00018
34960,,7,0,2,2,0,2,2,9,0.22251,0.22949,0,0,0
34963,,730,0,1,1,0,1,1,9,0.201721,0.206326,0,0,0
34964,,7,0,1,1,0,1,1,8,0.228875,0.236469,0,0,0
34967,,16,0,1,1,0,1,1,8,0.2315,0.239015,0,0,0
34968,,508,0,1,1,0,1,1,1,1,1,0,0,0
34969,,508,0,1,1,0,1,1,1,1,1,0,0,0
34972,,16,0,1,1,0,1,1,8,0.239859,0.247713,0,0,0
34975,,731,0,1,1,0,1,1,1,1,1,0,0,0
34976,,7,0,1,1,0,1,1,8,0.245108,0.253561,0,0,0
34977,,7,0,1,1,0,1,1,1,1,1,0,0,0
34979,,16,1,5,6,1,5,6,8,0.235279,0.242715,3471.730062,0,0.000168
35028,,16,2,1,3,2,1,3,9,0.200187,0.205108,61.901005,0,0.000378
35069,,16,1,0,1,1,0,1,0,0,0,0,0,0.000173
34981,,16,0,2,2,0,2,2,9,0.205989,0.21138,0,0.5,0
35020,,16,1,5,6,1,5,6,8,0.237154,0.245702,90.597254,0.1,0.00024
35055,,16,1,0,1,1,0,1,0,0,0,0,0,0.00024
34983,,732,0,1,1,0,1,1,1,1,1,0,0,0
34984,,732,1,0,1,1,0,1,0,0,0,0,0,0.000168
34985,,16,0,1,1,0,1,1,8,0.2315,0.239015,0,0,0
34986,,16,0,2,2,0,2,2,8,0.231842,0.239547,0,0,0
34988,,16,0,1,1,0,1,1,8,0.2315,0.239015,0,0,0
34989,,7,0,1,1,0,1,1,8,0.227352,0.23384,0,0,0
34990,,7,0,1,1,0,1,1,8,0.240484,0.248319,0,0,0
35005,,16,1,0,1,1,0,1,0,0,0,0,0,0.000194
35081,,16,1,0,1,1,0,1,0,0,0,0,0,0.000198
34993,,16,0,1,1,0,1,1,9,0.23129,0.238425,0,0,0
34994,,7,0,1,1,0,1,1,9,0.216087,0.222461,0,0,0
34995,,16,0,4,4,0,4,4,9,0.222641,0.229599,0,0,0
34996,,36,0,1,1,0,1,1,9,0.216587,0.222886,0,0,0
34997,,7,0,1,1,0,1,1,9,0.200948,0.205772,0,0,0
34998,,7,0,1,1,0,1,1,10,0.179156,0.182314,0,0,0
34999,,69,0,3,3,0,3,3,8,0.243539,0.25269,0,0,0
35001,,1,0,1,1,0,1,1,10,0.161176,0.163665,0,0,0
35002,,41,0,1,1,0,1,1,9,0.20457,0.209951,0,0,0
35004,,36,0,1,1,0,1,1,8,0.232346,0.238845,0,0,0
35006,,36,0,1,1,0,1,1,8,0.232346,0.238845,0,0,0
35007,,41,0,1,1,0,1,1,8,0.257544,0.268689,0,0,0
35008,,36,0,1,1,0,1,1,8,0.232346,0.238845,0,0,0
35009,,7,0,1,1,0,1,1,1,1,1,0,0,0
35010,,16,0,1,1,0,1,1,9,0.213579,0.219742,0,0,0
35012,,16,0,1,1,0,1,1,8,0.212432,0.21837,0,0,0
35014,,16,2,0,2,2,0,2,0,0,0,0,0,0.000352
35016,,16,0,1,1,0,1,1,8,0.251382,0.261452,0,0,0
35017,,7,0,4,4,0,4,4,9,0.207375,0.213116,0,0,0
35018,,7,1,0,1,1,0,1,0,0,0,0,0,0.000168
35019,,7,1,0,1,1,0,1,0,0,0,0,0,0.000168
35049,,1,1,0,1,1,0,1,0,0,0,0,0,0.000183
35022,,16,0,1,1,0,1,1,8,0.2315,0.239015,0,0,0
35024,,16,0,1,1,0,1,1,2,0.6,0.666667,0,0,0
35026,,733,0,1,1,0,1,1,4,0.347826,0.416667,0,0,0
35027,,67,0,1,1,0,1,1,1,1,1,0,0,0
35030,,16,1,3,4,1,3,4,8,0.252586,0.262875,18825,0,0.000183
35160,,16,2,5,7,2,5,7,8,0.247733,0.256694,650.022663,0.142857,0.000424
35031,,16,0,1,1,0,1,1,9,0.205329,0.210602,0,0,0
35033,,7,0,1,1,0,1,1,8,0.230995,0.238519,0,0,0
35036,,7,0,1,1,0,1,1,8,0.263743,0.27463,0,0,0
35037,,16,0,2,2,0,2,2,8,0.233551,0.241237,0,0.5,0
35039,,81,0,1,1,0,1,1,9,0.189737,0.19334,0,0,0
35040,,16,0,1,1,0,1,1,9,0.217908,0.22531,0,0,0
35041,,16,0,1,1,0,1,1,10,0.191343,0.195558,0,0,0
35042,,7,0,1,1,0,1,1,9,0.235167,0.243063,0,0,0
35044,,12,0,1,1,0,1,1,1,1,1,0,0,0
35045,,16,0,2,2,0,2,2,8,0.232475,0.240338,0,0,0
35047,,7,0,1,1,0,1,1,9,0.217244,0.223553,0,0,0
35048,,7,0,1,1,0,1,1,10,0.180992,0.184791,0,0,0
35051,,1,1,1,2,1,1,2,8,0.230858,0.238674,57.354446,0,0.000189
35052,,16,0,2,2,0,2,2,9,0.204519,0.209988,0,0,0
35053,,7,0,2,2,0,2,2,9,0.212744,0.21853,0,0,0
35054,,16,0,1,1,0,1,1,10,0.191343,0.195558,0,0,0
35057,,7,0,3,3,0,3,3,9,0.231745,0.239611,0,0.166667,0
35059,,16,0,1,1,0,1,1,8,0.2315,0.239015,0,0,0
35060,,7,0,2,2,0,2,2,9,0.232352,0.240534,0,0,0
35061,,41,0,1,1,0,1,1,10,0.165906,0.168597,0,0,0
35062,,16,0,3,3,0,3,3,9,0.2319,0.239527,0,0.166667,0
35063,,39,0,1,1,0,1,1,10,0.180475,0.183809,0,0,0
35064,,1,0,1,1,0,1,1,9,0.219562,0.226336,0,0,0
35065,,16,0,1,1,0,1,1,8,0.2315,0.239015,0,0,0
35305,,7,1,0,1,1,0,1,0,0,0,0,0,0.000177
35067,,7,0,1,1,0,1,1,8,0.244933,0.25344,0,0,0
35068,,7,0,1,1,0,1,1,8,0.239554,0.247876,0,0,0
35070,,16,0,1,1,0,1,1,8,0.2315,0.239015,0,0,0
35072,,7,0,1,1,0,1,1,9,0.203892,0.209,0,0,0
35073,,41,0,1,1,0,1,1,8,0.257544,0.268689,0,0,0
35075,,16,0,2,2,0,2,2,8,0.231888,0.239499,0,0,0
35076,,16,0,1,1,0,1,1,1,1,1,0,0,0
35080,,16,0,1,1,0,1,1,10,0.191343,0.195558,0,0,0
35082,,16,0,1,1,0,1,1,8,0.2315,0.239015,0,0,0
35083,,7,0,1,1,0,1,1,9,0.206028,0.211464,0,0,0
35084,,16,0,1,1,0,1,1,8,0.2315,0.239015,0,0,0
35085,,16,0,1,1,0,1,1,8,0.2315,0.239015,0,0,0
35086,,16,0,1,1,0,1,1,8,0.2315,0.239015,0,0,0
35087,,734,0,1,1,0,1,1,1,1,1,0,0,0
35088,,734,1,0,1,1,0,1,0,0,0,0,0,0.000168
35089,,7,0,1,1,0,1,1,8,0.244933,0.25344,0,0,0
35090,,7,0,1,1,0,1,1,8,0.256747,0.266706,0,0,0
35092,,14,0,1,1,0,1,1,9,0.22624,0.233068,0,0,0
35094,,16,0,1,1,0,1,1,8,0.2315,0.239015,0,0,0
35096,,16,0,1,1,0,1,1,8,0.229011,0.236303,0,0,0
35098,,7,0,1,1,0,1,1,9,0.231387,0.239068,0,0,0
35100,,7,0,1,1,0,1,1,8,0.242713,0.250553,0,0,0
35101,,7,0,1,1,0,1,1,9,0.225849,0.233192,0,0,0
35102,,7,0,2,2,0,2,2,8,0.265453,0.27678,0,0.5,0
35105,,7,0,1,1,0,1,1,10,0.178303,0.181862,0,0,0
35106,,1,0,1,1,0,1,1,9,0.219562,0.226336,0,0,0
35108,,16,0,1,1,0,1,1,9,0.19689,0.20222,0,0,0
35109,,16,0,2,2,0,2,2,8,0.272519,0.284181,0,0,0
35111,,735,0,1,1,0,1,1,1,1,1,0,0,0
35112,,7,0,1,1,0,1,1,8,0.23867,0.246586,0,0,0
35114,,16,0,1,1,0,1,1,8,0.232249,0.239663,0,0,0
35115,,7,0,1,1,0,1,1,9,0.217276,0.223895,0,0,0
35116,,2,0,1,1,0,1,1,1,1,1,0,0,0
35117,,1,0,1,1,0,1,1,8,0.228936,0.236648,0,0,0
35118,,16,0,2,2,0,2,2,8,0.238154,0.247449,0,1,0
35122,,7,0,1,1,0,1,1,8,0.233233,0.240201,0,0,0
35123,,41,0,1,1,0,1,1,8,0.257544,0.268689,0,0,0
35125,,16,0,1,1,0,1,1,8,0.2315,0.239015,0,0,0
35126,,16,0,1,1,0,1,1,9,0.203544,0.209057,0,0,0
35128,,736,1,1,2,1,1,2,1,1,1,0,0,0.000173
35129,,736,1,1,2,1,1,2,1,1,1,0,0,0.000173
35130,,69,0,1,1,0,1,1,2,0.555556,0.6,0,0,0
35131,,69,0,2,2,0,2,2,2,0.625,0.7,0,0.5,0
35132,,737,0,1,1,0,1,1,1,1,1,0,0,0
35133,,737,1,0,1,1,0,1,0,0,0,0,0,0.000168
35135,,16,0,1,1,0,1,1,9,0.197534,0.202076,0,0,0
35142,,14,0,1,1,0,1,1,8,0.231954,0.238893,0,0,0
35143,,7,0,1,1,0,1,1,9,0.231387,0.239068,0,0,0
35144,,16,0,5,5,0,5,5,8,0.277869,0.290533,0,0.4,0
35145,,7,0,1,1,0,1,1,8,0.263743,0.27463,0,0,0
35147,,16,0,1,1,0,1,1,8,0.235824,0.242716,0,0,0
35148,,7,0,1,1,0,1,1,8,0.238229,0.245889,0,0,0
35151,,738,0,1,1,0,1,1,1,1,1,0,0,0
35152,,738,1,0,1,1,0,1,0,0,0,0,0,0.000168
35155,,7,0,1,1,0,1,1,9,0.231387,0.239068,0,0,0
35156,,16,0,1,1,0,1,1,9,0.21415,0.220455,0,0,0
35157,,739,0,1,1,0,1,1,1,1,1,0,0,0
35158,,739,1,0,1,1,0,1,0,0,0,0,0,0.000168
35162,,16,0,1,1,0,1,1,9,0.196428,0.201487,0,0,0
35163,,740,0,1,1,0,1,1,1,1,1,0,0,0
35164,,740,1,0,1,1,0,1,0,0,0,0,0,0.000168
35165,,7,0,1,1,0,1,1,9,0.217507,0.223845,0,0,0
35166,,41,0,1,1,0,1,1,8,0.257544,0.268689,0,0,0
35167,,16,0,1,1,0,1,1,9,0.223934,0.230711,0,0,0
35169,,14,0,3,3,0,3,3,8,0.235267,0.242819,0,0.833333,0
35172,,7,0,1,1,0,1,1,8,0.242475,0.25106,0,0,0
35173,,16,0,1,1,0,1,1,1,1,1,0,0,0
35174,,16,0,1,1,0,1,1,8,0.226935,0.234515,0,0,0
35175,,14,0,1,1,0,1,1,1,1,1,0,0,0
35179,,741,0,1,1,0,1,1,1,1,1,0,0,0
35180,,741,1,0,1,1,0,1,0,0,0,0,0,0.000168
35182,,1,0,1,1,0,1,1,9,0.203252,0.208399,0,0,0
35184,,7,0,1,1,0,1,1,1,1,1,0,0,0
35185,,7,0,1,1,0,1,1,8,0.257706,0.267944,0,0,0
35186,,36,0,1,1,0,1,1,10,0.179453,0.183225,0,0,0
35188,,41,0,1,1,0,1,1,8,0.235753,0.244207,0,0,0
35189,,742,0,1,1,0,1,1,1,1,1,0,0,0
35190,,742,1,0,1,1,0,1,0,0,0,0,0,0.000168
35192,,7,0,1,1,0,1,1,9,0.216221,0.222545,0,0,0
35193,,7,0,1,1,0,1,1,8,0.263621,0.273995,0,0,0
35195,,16,0,1,1,0,1,1,9,0.219598,0.226231,0,0,0
35196,,7,0,2,2,0,2,2,9,0.237466,0.246372,0,1,0
35197,,1,0,1,1,0,1,1,9,0.219562,0.226336,0,0,0
35198,,16,0,1,1,0,1,1,9,0.201132,0.206047,0,0,0
35202,,7,0,1,1,0,1,1,8,0.238712,0.2466,0,0,0
35203,,36,0,1,1,0,1,1,9,0.201055,0.206219,0,0,0
35204,,14,0,1,1,0,1,1,9,0.211837,0.217649,0,0,0
35205,,743,0,1,1,0,1,1,1,1,1,0,0,0
35206,,743,1,0,1,1,0,1,0,0,0,0,0,0.000168
35207,,7,0,1,1,0,1,1,9,0.232771,0.240328,0,0,0
35208,,67,0,4,4,0,4,4,9,0.221989,0.229308,0,0.416667,0
35209,,36,0,1,1,0,1,1,9,0.211727,0.217557,0,0,0
35210,,7,0,1,1,0,1,1,9,0.226406,0.233591,0,0,0
35211,,67,0,1,1,0,1,1,11,0.161421,0.164033,0,0,0
35212,,7,0,1,1,0,1,1,8,0.227028,0.233491,0,0,0
35214,,7,0,1,1,0,1,1,8,0.242301,0.250615,0,0,0
35216,,36,0,1,1,0,1,1,10,0.177062,0.180538,0,0,0
35217,,36,0,1,1,0,1,1,10,0.177062,0.180538,0,0,0
35218,,41,0,1,1,0,1,1,10,0.191907,0.196436,0,0,0
35220,,16,0,2,2,0,2,2,9,0.201719,0.206917,0,0,0
35221,,36,0,1,1,0,1,1,9,0.223111,0.229961,0,0,0
35223,,7,0,1,1,0,1,1,9,0.188504,0.192408,0,0,0
35227,,16,0,1,1,0,1,1,10,0.16172,0.163952,0,0,0
35228,,7,0,1,1,0,1,1,8,0.233233,0.240201,0,0,0
35235,,16,0,1,1,0,1,1,9,0.222268,0.22926,0,0,0
35236,,7,0,1,1,0,1,1,1,1,1,0,0,0
35239,,7,0,1,1,0,1,1,9,0.222431,0.229647,0,0,0
35241,,16,0,1,1,0,1,1,8,0.238528,0.246408,0,0,0
35244,,41,0,1,1,0,1,1,8,0.230249,0.237146,0,0,0
35247,,16,0,1,1,0,1,1,9,0.222807,0.229794,0,0,0
35248,,16,0,1,1,0,1,1,8,0.246659,0.25616,0,0,0
35249,,7,0,1,1,0,1,1,9,0.22138,0.227546,0,0,0
35250,,41,0,1,1,0,1,1,8,0.257544,0.268689,0,0,0
35251,,7,0,1,1,0,1,1,8,0.24587,0.25403,0,0,0
35252,,14,0,2,2,0,2,2,9,0.220335,0.22751,0,0.5,0
35254,,67,0,1,1,0,1,1,9,0.221969,0.229196,0,0,0
35256,,7,0,38,38,0,38,38,8,0.278633,0.293401,0,0.049787,0
35257,,7,1,0,1,1,0,1,0,0,0,0,0,0.000168
35258,,7,1,0,1,1,0,1,0,0,0,0,0,0.000168
35259,,7,1,0,1,1,0,1,0,0,0,0,0,0.000168
35260,,7,1,0,1,1,0,1,0,0,0,0,0,0.000168
35261,,7,1,0,1,1,0,1,0,0,0,0,0,0.000168
35264,,744,0,1,1,0,1,1,1,1,1,0,0,0
35265,,744,1,0,1,1,0,1,0,0,0,0,0,0.000168
35267,,733,1,0,1,1,0,1,0,0,0,0,0,0.000173
35268,,36,0,1,1,0,1,1,9,0.21834,0.225148,0,0,0
35270,,7,0,1,1,0,1,1,10,0.17543,0.178481,0,0,0
35271,,7,0,1,1,0,1,1,9,0.217683,0.224105,0,0,0
35272,,14,0,1,1,0,1,1,9,0.22031,0.227442,0,0,0
35273,,745,0,1,1,0,1,1,1,1,1,0,0,0
35274,,745,1,0,1,1,0,1,0,0,0,0,0,0.000168
35277,,53,0,1,1,0,1,1,10,0.156006,0.158513,0,0,0
35279,,41,0,1,1,0,1,1,8,0.236961,0.24442,0,0,0
35280,,14,0,1,1,0,1,1,8,0.247395,0.256736,0,0,0
35281,,746,0,1,1,0,1,1,1,1,1,0,0,0
35282,,746,1,0,1,1,0,1,0,0,0,0,0,0.000168
35283,,16,0,1,1,0,1,1,9,0.229659,0.236946,0,0,0
35286,,41,0,1,1,0,1,1,8,0.235753,0.244207,0,0,0
35287,,67,0,1,1,0,1,1,9,0.221969,0.229196,0,0,0
35289,,67,0,1,1,0,1,1,3,0.428571,0.5,0,0,0
35291,,41,0,1,1,0,1,1,9,0.211911,0.217841,0,0,0
35292,,7,0,1,1,0,1,1,9,0.217605,0.223812,0,0,0
35293,,7,0,1,1,0,1,1,8,0.263006,0.273325,0,0,0
35297,,31,1,0,1,1,0,1,0,0,0,0,0,0.000187
35298,,16,0,2,2,0,2,2,9,0.215748,0.222315,0,0,0
35299,,16,0,1,1,0,1,1,9,0.194027,0.198138,0,0,0
35300,,1,0,1,1,0,1,1,9,0.200454,0.205716,0,0,0
35301,,53,0,1,1,0,1,1,1,1,1,0,0,0
35302,,16,0,1,1,0,1,1,9,0.200413,0.205688,0,0,0
35303,,1,0,1,1,0,1,1,10,0.161181,0.163674,0,0,0
35304,,1,1,1,2,1,1,2,9,0.192142,0.196399,18827,0,0.000168
35308,,7,0,1,1,0,1,1,9,0.223726,0.230675,0,0,0
35311,,69,0,1,1,0,1,1,9,0.232711,0.240726,0,0,0
35313,,7,0,1,1,0,1,1,10,0.171155,0.174203,0,0,0
35314,,7,0,1,1,0,1,1,8,0.235538,0.2429,0,0,0
35315,,31,0,1,1,0,1,1,1,1,1,0,0,0
35316,,7,0,1,1,0,1,1,1,1,1,0,0,0
35320,,41,0,1,1,0,1,1,9,0.234736,0.243231,0,0,0
35321,,7,0,1,1,0,1,1,8,0.263278,0.27399,0,0,0
35324,,7,0,1,1,0,1,1,9,0.193032,0.196903,0,0,0
35326,,7,0,1,1,0,1,1,8,0.262756,0.273466,0,0,0
35329,,747,0,1,1,0,1,1,1,1,1,0,0,0
35330,,747,1,0,1,1,0,1,0,0,0,0,0,0.000168
35331,,16,0,1,1,0,1,1,9,0.217716,0.223687,0,0,0
35333,,53,0,1,1,0,1,1,1,1,1,0,0,0
35334,,1,0,1,1,0,1,1,1,1,1,0,0,0
35337,,1,0,1,1,0,1,1,1,1,1,0,0,0
35338,,65,0,1,1,0,1,1,1,1,1,0,0,0
35339,,7,0,1,1,0,1,1,9,0.217276,0.223895,0,0,0
35341,,16,0,1,1,0,1,1,9,0.229438,0.237372,0,0,0
35342,,41,0,1,1,0,1,1,8,0.257544,0.268689,0,0,0
35344,,7,0,1,1,0,1,1,8,0.244345,0.253397,0,0,0
35346,,16,0,1,1,0,1,1,9,0.192104,0.19612,0,0,0
35347,,7,0,2,2,0,2,2,8,0.225527,0.232706,0,0,0
35348,,16,0,1,1,0,1,1,9,0.201253,0.206248,0,0,0
35349,,1,0,1,1,0,1,1,9,0.204153,0.209703,0,0,0
35350,,7,0,1,1,0,1,1,9,0.230193,0.238549,0,0,0
35351,,7,0,1,1,0,1,1,8,0.257706,0.267944,0,0,0
35353,,14,0,1,1,0,1,1,9,0.22031,0.227442,0,0,0
35354,,41,0,1,1,0,1,1,9,0.210522,0.216384,0,0,0
35356,,748,0,1,1,0,1,1,1,1,1,0,0,0
35357,,748,1,0,1,1,0,1,0,0,0,0,0,0.000168
35358,,67,0,1,1,0,1,1,10,0.171278,0.17455,0,0,0
35360,,16,0,1,1,0,1,1,9,0.196047,0.201124,0,0,0
35362,,7,0,3,3,0,3,3,9,0.201712,0.206699,0,0,0
35363,,16,0,1,1,0,1,1,8,0.244161,0.253367,0,0,0
35364,,7,0,1,1,0,1,1,9,0.217001,0.22352,0,0,0
35365,,7,0,1,1,0,1,1,9,0.224158,0.230868,0,0,0
35366,,14,1,2,3,1,2,3,9,0.204684,0.210134,0,0.5,0.000168
35367,,14,0,3,3,0,3,3,9,0.204692,0.210176,0,0.5,0
35369,,65,0,1,1,0,1,1,8,0.236841,0.24458,0,0,0
35373,,7,0,1,1,0,1,1,8,0.244345,0.253397,0,0,0
35375,,65,0,1,1,0,1,1,9,0.191497,0.195504,0,0,0
35376,,12,0,1,1,0,1,1,10,0.164896,0.168023,0,0,0
35377,,7,0,1,1,0,1,1,8,0.247779,0.256716,0,0,0
35379,,7,0,3,3,0,3,3,8,0.228397,0.235511,0,0.166667,0
35380,,32,0,1,1,0,1,1,9,0.213511,0.219556,0,0,0
35381,,7,0,1,1,0,1,1,9,0.238286,0.246733,0,0,0
35383,,31,1,0,1,1,0,1,0,0,0,0,0,0.000197
35384,,16,0,1,1,0,1,1,8,0.246114,0.255055,0,0,0
35385,,31,0,1,1,0,1,1,10,0.172306,0.175257,0,0,0
35386,,7,0,2,2,0,2,2,9,0.225697,0.232994,0,0.5,0
35387,,7,0,1,1,0,1,1,10,0.184662,0.188787,0,0,0
35389,,7,0,3,3,0,3,3,9,0.234847,0.242873,0,0.666667,0
35390,,7,0,1,1,0,1,1,8,0.265449,0.276753,0,0,0
35391,,12,0,1,1,0,1,1,10,0.164896,0.168023,0,0,0
35392,,7,0,1,1,0,1,1,9,0.239963,0.248532,0,0,0
35393,,16,0,1,1,0,1,1,9,0.194594,0.19933,0,0,0
35394,,7,0,2,2,0,2,2,8,0.236346,0.244283,0,0.5,0
35395,,7,1,1,2,1,1,2,8,0.236336,0.244243,0,0.5,0.000168
35398,,7,0,1,1,0,1,1,9,0.250609,0.260973,0,0,0
35399,,1,0,1,1,0,1,1,11,0.147223,0.149306,0,0,0
35400,,1,0,1,1,0,1,1,11,0.147223,0.149306,0,0,0
35401,,16,0,1,1,0,1,1,9,0.187754,0.191792,0,0,0
35404,,7,0,2,2,0,2,2,8,0.246085,0.254455,0,1,0
35405,,7,0,1,1,0,1,1,9,0.224977,0.231842,0,0,0
35406,,41,0,1,1,0,1,1,9,0.216208,0.222155,0,0,0
35409,,32,0,1,1,0,1,1,1,1,1,0,0,0
35411,,7,0,1,1,0,1,1,8,0.251452,0.260347,0,0,0
35412,,36,0,1,1,0,1,1,1,1,1,0,0,0
35415,,41,0,1,1,0,1,1,1,1,1,0,0,0
35417,,31,0,1,1,0,1,1,3,0.5,0.583333,0,0,0
35419,,16,0,1,1,0,1,1,9,0.213412,0.219402,0,0,0
35420,,749,0,1,1,0,1,1,1,1,1,0,0,0
35421,,25,0,2,2,0,2,2,8,0.237742,0.245299,0,0,0
35423,,32,0,1,1,0,1,1,1,1,1,0,0,0
35424,,36,0,1,1,0,1,1,9,0.18594,0.190089,0,0,0
35426,,1,0,1,1,0,1,1,9,0.218294,0.224558,0,0,0
35427,,16,0,1,1,0,1,1,9,0.200187,0.205108,0,0,0
35428,,41,0,2,2,0,2,2,8,0.242307,0.251132,0,1,0
35429,,31,0,1,1,0,1,1,3,0.5,0.583333,0,0,0
35430,,31,0,1,1,0,1,1,3,0.5,0.583333,0,0,0
35431,,7,0,1,1,0,1,1,8,0.262756,0.273466,0,0,0
35432,,2,0,1,1,0,1,1,1,1,1,0,0,0
35433,,41,0,1,1,0,1,1,8,0.236961,0.24442,0,0,0
35434,,1,0,1,1,0,1,1,9,0.18405,0.18774,0,0,0
35438,,16,0,1,1,0,1,1,9,0.224977,0.23191,0,0,0
35439,,16,0,1,1,0,1,1,9,0.224977,0.23191,0,0,0
35440,,16,0,1,1,0,1,1,9,0.224977,0.23191,0,0,0
35442,,750,0,1,1,0,1,1,10,0.182166,0.185907,0,0,0
35443,,7,0,1,1,0,1,1,8,0.242301,0.250615,0,0,0
35446,,16,0,1,1,0,1,1,9,0.224032,0.231579,0,0,0
35451,,751,0,1,1,0,1,1,1,1,1,0,0,0
35452,,751,1,0,1,1,0,1,0,0,0,0,0,0.000168
35454,,41,0,1,1,0,1,1,9,0.234736,0.243231,0,0,0
35455,,7,0,1,1,0,1,1,8,0.23999,0.247696,0,0,0
35457,,16,0,1,1,0,1,1,9,0.20007,0.204807,0,0,0
35458,,16,0,1,1,0,1,1,8,0.235824,0.242716,0,0,0
35461,,7,0,1,1,0,1,1,10,0.179156,0.182314,0,0,0
35462,,752,0,1,1,0,1,1,1,1,1,0,0,0
35463,,752,1,0,1,1,0,1,0,0,0,0,0,0.000168
35464,,16,0,1,1,0,1,1,8,0.227253,0.234761,0,0,0
35465,,1,0,1,1,0,1,1,10,0.162384,0.165038,0,0,0
35466,,7,0,1,1,0,1,1,9,0.214123,0.219985,0,0,0
35469,,7,0,1,1,0,1,1,8,0.262756,0.273466,0,0,0
35470,,16,0,1,1,0,1,1,11,0.153491,0.155642,0,0,0
35471,,753,1,1,2,1,1,2,1,1,1,0,0,0.000173
35472,,753,1,1,2,1,1,2,1,1,1,0,0,0.000173
35474,,16,0,1,1,0,1,1,8,0.236167,0.244733,0,0,0
35478,,16,0,1,1,0,1,1,9,0.208121,0.214176,0,0,0
35480,,36,0,1,1,0,1,1,9,0.204915,0.210351,0,0,0
35483,,31,0,1,1,0,1,1,10,0.172306,0.175257,0,0,0
35484,,7,0,1,1,0,1,1,8,0.257706,0.267944,0,0,0
35485,,7,0,1,1,0,1,1,9,0.222499,0.229441,0,0,0
35487,,41,0,1,1,0,1,1,8,0.257544,0.268689,0,0,0
35489,,69,0,1,1,0,1,1,10,0.159964,0.16253,0,0,0
35490,,7,0,2,2,0,2,2,7,0.295358,0.310121,0,1,0
35492,,16,0,2,2,0,2,2,9,0.233071,0.241417,0,0,0
35493,,65,0,1,1,0,1,1,1,1,1,0,0,0
35494,,7,0,1,1,0,1,1,8,0.261475,0.272568,0,0,0
35495,,67,0,1,1,0,1,1,1,1,1,0,0,0
35496,,67,0,1,1,0,1,1,1,1,1,0,0,0
35499,,41,0,1,1,0,1,1,8,0.209429,0.215629,0,0,0
35500,,36,0,1,1,0,1,1,9,0.187449,0.191671,0,0,0
35501,,31,0,1,1,0,1,1,3,0.5,0.583333,0,0,0
35503,,41,0,1,1,0,1,1,8,0.257544,0.268689,0,0,0
35504,,7,0,1,1,0,1,1,10,0.179156,0.182314,0,0,0
35506,,7,0,1,1,0,1,1,9,0.214123,0.219985,0,0,0
35507,,65,0,1,1,0,1,1,8,0.236841,0.24458,0,0,0
35508,,7,0,1,1,0,1,1,9,0.200283,0.204748,0,0,0
35509,,754,0,1,1,0,1,1,10,0.173727,0.176812,0,0,0
35510,,1,0,1,1,0,1,1,8,0.242388,0.250662,0,0,0
35511,,16,0,1,1,0,1,1,10,0.187539,0.19191,0,0,0
35513,,7,0,1,1,0,1,1,10,0.186077,0.189834,0,0,0
35514,,1,0,1,1,0,1,1,9,0.21102,0.217224,0,0,0
35515,,7,0,1,1,0,1,1,9,0.216392,0.222482,0,0,0
35518,,16,0,1,1,0,1,1,8,0.21785,0.224416,0,0,0
35520,,7,0,1,1,0,1,1,10,0.180328,0.183952,0,0,0
35522,,69,0,1,1,0,1,1,10,0.180989,0.184644,0,0,0
35523,,7,0,1,1,0,1,1,8,0.262756,0.273466,0,0,0
35525,,755,0,1,1,0,1,1,1,1,1,0,0,0
35526,,755,1,0,1,1,0,1,0,0,0,0,0,0.000168
35529,,16,0,1,1,0,1,1,8,0.2284,0.235296,0,0,0
35530,,7,0,1,1,0,1,1,9,0.228747,0.235507,0,0,0
35532,,756,0,1,1,0,1,1,1,1,1,0,0,0
35533,,756,1,0,1,1,0,1,0,0,0,0,0,0.000168
35534,,7,0,1,1,0,1,1,9,0.231745,0.239907,0,0,0
35536,,7,0,1,1,0,1,1,8,0.223508,0.229876,0,0,0
35538,,16,0,1,1,0,1,1,8,0.23897,0.247046,0,0,0
35540,,16,0,1,1,0,1,1,9,0.187499,0.19159,0,0,0
35541,,16,0,1,1,0,1,1,9,0.221572,0.228332,0,0,0
35546,,16,0,1,1,0,1,1,9,0.201246,0.206574,0,0,0
35547,,757,0,1,1,0,1,1,1,1,1,0,0,0
35548,,757,1,0,1,1,0,1,0,0,0,0,0,0.000168
35550,,7,0,1,1,0,1,1,9,0.229134,0.236663,0,0,0
35551,,7,0,1,1,0,1,1,1,1,1,0,0,0
35552,,41,0,1,1,0,1,1,9,0.209788,0.215674,0,0,0
35554,,7,0,1,1,0,1,1,9,0.224765,0.231975,0,0,0
35555,,16,0,1,1,0,1,1,9,0.200422,0.205302,0,0,0
35556,,67,0,1,1,0,1,1,1,1,1,0,0,0
35557,,25,1,1,2,1,1,2,9,0.220039,0.226382,18827,0,0.000168
35558,,7,0,1,1,0,1,1,8,0.231489,0.238755,0,0,0
35560,,7,0,1,1,0,1,1,9,0.212491,0.218361,0,0,0
35561,,41,0,1,1,0,1,1,9,0.214851,0.22109,0,0,0
35565,,1,0,1,1,0,1,1,9,0.219562,0.226336,0,0,0
35566,,1,0,1,1,0,1,1,9,0.219562,0.226336,0,0,0
35567,,1,0,1,1,0,1,1,9,0.219562,0.226336,0,0,0
35569,,7,0,1,1,0,1,1,9,0.223294,0.230462,0,0,0
35571,,7,0,1,1,0,1,1,8,0.251664,0.260845,0,0,0
35572,,758,0,1,1,0,1,1,1,1,1,0,0,0
35573,,758,1,0,1,1,0,1,0,0,0,0,0,0.000168
35574,,7,0,1,1,0,1,1,9,0.208609,0.213898,0,0,0
35575,,32,0,1,1,0,1,1,1,1,1,0,0,0
35577,,7,0,2,2,0,2,2,9,0.232696,0.240516,0,0.5,0
35578,,7,0,1,1,0,1,1,10,0.186096,0.189943,0,0,0
35579,,65,0,1,1,0,1,1,9,0.191497,0.195504,0,0,0
35580,,41,0,1,1,0,1,1,8,0.257544,0.268689,0,0,0
35581,,7,0,2,2,0,2,2,9,0.234786,0.242861,0,1,0
35582,,7,0,1,1,0,1,1,9,0.216739,0.222835,0,0,0
35584,,7,0,1,1,0,1,1,8,0.234991,0.243288,0,0,0
35641,,16,1,0,1,1,0,1,0,0,0,0,0,0.000639
35737,,16,1,1,2,1,1,2,9,0.211246,0.216708,0,0,0.000639
35587,,7,0,1,1,0,1,1,9,0.211032,0.216691,0,0,0
35588,,16,0,1,1,0,1,1,8,0.230667,0.237711,0,0,0
35590,,16,0,1,1,0,1,1,8,0.230667,0.237711,0,0,0
35591,,41,0,1,1,0,1,1,8,0.236961,0.24442,0,0,0
35592,,41,0,1,1,0,1,1,8,0.236961,0.24442,0,0,0
35593,,41,0,1,1,0,1,1,8,0.236961,0.24442,0,0,0
35596,,16,0,1,1,0,1,1,8,0.230667,0.237711,0,0,0
35599,,7,0,1,1,0,1,1,9,0.201266,0.206193,0,0,0
35600,,16,0,1,1,0,1,1,9,0.221669,0.228885,0,0,0
35604,,41,0,1,1,0,1,1,8,0.257544,0.268689,0,0,0
35605,,16,0,1,1,0,1,1,9,0.224805,0.232229,0,0,0
35606,,16,0,1,1,0,1,1,9,0.224805,0.232229,0,0,0
35607,,16,0,1,1,0,1,1,9,0.224805,0.232229,0,0,0
35608,,16,0,1,1,0,1,1,9,0.224805,0.232229,0,0,0
35610,,43,0,1,1,0,1,1,1,1,1,0,0,0
35612,,16,0,1,1,0,1,1,8,0.222153,0.229249,0,0,0
35613,,7,0,1,1,0,1,1,8,0.247779,0.256716,0,0,0
35614,,36,0,1,1,0,1,1,9,0.208767,0.214577,0,0,0
35615,,14,0,1,1,0,1,1,8,0.231954,0.238893,0,0,0
35616,,7,0,2,2,0,2,2,8,0.263385,0.274288,0,1,0
35619,,41,0,1,1,0,1,1,8,0.236961,0.24442,0,0,0
35621,,7,0,1,1,0,1,1,8,0.237622,0.245065,0,0,0
35622,,16,0,1,1,0,1,1,9,0.215353,0.222032,0,0,0
35623,,7,0,1,1,0,1,1,9,0.223851,0.230913,0,0,0
35627,,16,0,1,1,0,1,1,8,0.251382,0.261452,0,0,0
35628,,7,0,1,1,0,1,1,9,0.221081,0.227768,0,0,0
35629,,16,0,1,1,0,1,1,8,0.227253,0.234761,0,0,0
35630,,16,0,1,1,0,1,1,9,0.193725,0.198077,0,0,0
35632,,16,0,1,1,0,1,1,9,0.202812,0.207666,0,0,0
35635,,7,0,1,1,0,1,1,8,0.234926,0.242134,0,0,0
35636,,7,0,1,1,0,1,1,8,0.239947,0.24793,0,0,0
35638,,7,0,1,1,0,1,1,8,0.272188,0.283721,0,0,0
35639,,67,0,1,1,0,1,1,9,0.20712,0.212824,0,0,0
35640,,7,0,1,1,0,1,1,9,0.224027,0.230383,0,0,0
35642,,16,0,1,1,0,1,1,9,0.219883,0.226442,0,0,0
35645,,7,0,1,1,0,1,1,9,0.20921,0.214873,0,0,0
35646,,7,0,1,1,0,1,1,9,0.20669,0.212021,0,0,0
35647,,7,0,1,1,0,1,1,9,0.214123,0.219985,0,0,0
35648,,16,0,1,1,0,1,1,9,0.211252,0.216723,0,0,0
35650,,16,0,1,1,0,1,1,8,0.230667,0.237711,0,0,0
35651,,7,0,1,1,0,1,1,7,0.293553,0.307954,0,0,0
35652,,7,0,1,1,0,1,1,8,0.265449,0.276753,0,0,0
35655,,14,0,1,1,0,1,1,8,0.247395,0.256736,0,0,0
35658,,1,0,1,1,0,1,1,9,0.192142,0.196399,0,0,0
35660,,7,0,1,1,0,1,1,8,0.226185,0.232941,0,0,0
35663,,759,0,1,1,0,1,1,1,1,1,0,0,0
35664,,759,1,0,1,1,0,1,0,0,0,0,0,0.000168
35665,,2,0,1,1,0,1,1,9,0.217837,0.224577,0,0,0
35667,,7,0,1,1,0,1,1,9,0.212011,0.2181,0,0,0
35668,,16,0,1,1,0,1,1,9,0.211252,0.216723,0,0,0
35671,,16,0,1,1,0,1,1,8,0.229011,0.236303,0,0,0
35672,,69,0,1,1,0,1,1,10,0.162295,0.164913,0,0,0
35674,,7,0,1,1,0,1,1,8,0.217234,0.223577,0,0,0
35675,,16,0,1,1,0,1,1,9,0.21182,0.218077,0,0,0
35677,,14,0,1,1,0,1,1,8,0.247395,0.256736,0,0,0
35678,,16,0,1,1,0,1,1,9,0.211252,0.216723,0,0,0
35679,,16,0,1,1,0,1,1,9,0.211252,0.216723,0,0,0
35680,,16,0,1,1,0,1,1,9,0.211252,0.216723,0,0,0
35686,,7,0,1,1,0,1,1,9,0.201266,0.206193,0,0,0
35687,,16,0,1,1,0,1,1,8,0.246659,0.25616,0,0,0
35688,,7,0,1,1,0,1,1,1,1,1,0,0,0
35690,,7,0,1,1,0,1,1,8,0.233056,0.241283,0,0,0
35696,,7,0,1,1,0,1,1,8,0.229128,0.236488,0,0,0
35697,,7,0,1,1,0,1,1,8,0.229128,0.236488,0,0,0
35699,,36,0,1,1,0,1,1,9,0.199145,0.203856,0,0,0
35702,,7,0,1,1,0,1,1,8,0.229128,0.236488,0,0,0
35705,,41,0,1,1,0,1,1,8,0.236961,0.24442,0,0,0
35707,,7,0,1,1,0,1,1,8,0.227308,0.234453,0,0,0
35708,,7,0,1,1,0,1,1,9,0.209829,0.215268,0,0,0
35709,,65,0,1,1,0,1,1,9,0.208155,0.213697,0,0,0
35710,,7,0,2,2,0,2,2,9,0.223029,0.229784,0,1,0
35711,,7,0,1,1,0,1,1,8,0.229128,0.236488,0,0,0
35712,,7,0,1,1,0,1,1,9,0.216087,0.222461,0,0,0
35716,,16,0,1,1,0,1,1,9,0.207501,0.213249,0,0,0
35717,,1,0,1,1,0,1,1,9,0.192287,0.196258,0,0,0
35718,,7,0,1,1,0,1,1,9,0.21396,0.220365,0,0,0
35719,,760,0,1,1,0,1,1,1,1,1,0,0,0
35720,,760,1,0,1,1,0,1,0,0,0,0,0,0.000168
35723,,7,0,1,1,0,1,1,9,0.239538,0.247501,0,0,0
35725,,7,0,1,1,0,1,1,9,0.231387,0.239068,0,0,0
35726,,761,0,1,1,0,1,1,1,1,1,0,0,0
35728,,36,0,1,1,0,1,1,9,0.216587,0.222886,0,0,0
35729,,53,0,1,1,0,1,1,9,0.19616,0.200485,0,0,0
35730,,25,0,1,1,0,1,1,9,0.214878,0.220568,0,0,0
35731,,7,0,1,1,0,1,1,9,0.218879,0.224876,0,0,0
35733,,12,0,1,1,0,1,1,10,0.164896,0.168023,0,0,0
35734,,16,0,1,1,0,1,1,8,0.251382,0.261452,0,0,0
35736,,7,0,1,1,0,1,1,8,0.262756,0.273466,0,0,0
35739,,16,0,1,1,0,1,1,9,0.225085,0.231702,0,0,0
35740,,16,0,1,1,0,1,1,9,0.211252,0.216723,0,0,0
35741,,16,0,1,1,0,1,1,9,0.211252,0.216723,0,0,0
35742,,16,0,1,1,0,1,1,9,0.211511,0.216772,0,0,0
35743,,16,0,1,1,0,1,1,9,0.229957,0.237934,0,0,0
35745,,12,0,1,1,0,1,1,10,0.164896,0.168023,0,0,0
35747,,12,0,2,2,0,2,2,9,0.199847,0.205116,0,1,0
35748,,7,0,1,1,0,1,1,9,0.21396,0.220365,0,0,0
35749,,7,0,2,2,0,2,2,8,0.271204,0.283708,0,0.5,0
35750,,762,0,1,1,0,1,1,1,1,1,0,0,0
35751,,762,1,0,1,1,0,1,0,0,0,0,0,0.000168
35752,,67,0,1,1,0,1,1,9,0.192576,0.19678,0,0,0
35754,,25,0,1,1,0,1,1,10,0.180362,0.183808,0,0,0
35755,,7,0,1,1,0,1,1,9,0.219947,0.22675,0,0,0
35756,,7,0,1,1,0,1,1,9,0.218751,0.224866,0,0,0
35757,,69,0,1,1,0,1,1,9,0.188054,0.192248,0,0,0
35758,,7,0,1,1,0,1,1,8,0.233233,0.240201,0,0,0
35759,,7,0,1,1,0,1,1,9,0.222499,0.229441,0,0,0
35760,,7,0,3,3,0,3,3,8,0.263883,0.274907,0,0.833333,0
35761,,449,0,1,1,0,1,1,10,0.182021,0.185765,0,0,0
35762,,7,0,2,2,0,2,2,9,0.214677,0.22055,0,0,0
35763,,7,0,1,1,0,1,1,8,0.221262,0.228206,0,0,0
35768,,7,0,1,1,0,1,1,9,0.207282,0.212605,0,0,0
35769,,7,0,1,1,0,1,1,8,0.262756,0.273466,0,0,0
35771,,67,0,3,3,0,3,3,10,0.179231,0.183003,0,0,0
35772,,763,0,1,1,0,1,1,1,1,1,0,0,0
35773,,763,1,0,1,1,0,1,0,0,0,0,0,0.000168
35774,,764,0,2,2,0,2,2,10,0.173773,0.17685,0,0,0
35775,,764,1,0,1,1,0,1,0,0,0,0,0,0.000168
