id,label,modularity_class,indegree,outdegree,degree,weighted indegree,weighted outdegree,weighted degree,eccentricity,closnesscentrality,harmonicclosnesscentrality,betweenesscentrality,clustering
0,,11,577,256,833,577,256,833,7,0.335777,0.362346,15491745.313262,0.014676
1,,11,4,11,15,4,11,15,8,0.252292,0.262687,52127.178917,0.190909
379,,11,10,5,15,10,5,15,8,0.25968,0.271019,48394.650165,0.166667
41,,2,1646,384,2030,1646,384,2030,7,0.354032,0.384665,56497535.80538,0.008165
810,,16,165,0,165,165,0,165,0,0,0,0,0.031966
852,,11,6,6,12,6,6,12,8,0.258149,0.269241,8489.935196,0.088889
386,,6,2,3,5,2,3,5,8,0.25374,0.264384,7326.846274,0.083333
1430,,8,2,1,3,2,1,3,9,0.215791,0.221919,4232.709363,0
1264,,11,109,52,161,109,52,161,8,0.284626,0.299941,1093540.467603,0.018849
2232,,11,17,1,18,17,1,18,8,0.251375,0.261439,18899.04108,0.080882
11,,6,283,301,584,283,301,584,7,0.344338,0.373302,11860001.585438,0.018531
2880,,11,4,1,5,4,1,5,8,0.251375,0.261439,0,0.666667
747,,11,231,121,352,231,121,352,7,0.326444,0.348992,5935005.881231,0.035995
1001,,10,33,3,36,33,3,36,8,0.243746,0.252027,76899.484673,0.097619
809,,7,249,0,249,249,0,249,0,0,0,0,0.05561
59,,8,2161,363,2524,2161,363,2524,7,0.356384,0.386029,67315506.893755,0.006503
691,,11,75,57,132,75,57,132,8,0.296781,0.315474,1037288.404903,0.079605
3453,,16,36,43,79,36,43,79,8,0.283464,0.299486,398079.701758,0.047368
3498,,11,1,1,2,1,1,2,8,0.251375,0.261439,0,0
3682,,11,4,3,7,4,3,7,8,0.245073,0.255515,7404.256163,0.166667
2980,,11,2,1,3,2,1,3,8,0.251375,0.261439,0,1
1106,,8,152,23,175,152,23,175,8,0.278957,0.293013,895728.145146,0.053769
224,,11,584,226,810,584,226,810,7,0.323493,0.349323,15760079.78942,0.021806
28,,11,256,141,397,256,141,397,7,0.327403,0.351489,6135724.182606,0.033855
286,,13,24,18,42,24,18,42,8,0.267879,0.280066,281000.189785,0.065854
2279,,8,5,1,6,5,1,6,10,0.170239,0.173367,7441.289922,0
2108,,8,72,0,72,72,0,72,0,0,0,0,0.118349
90,,10,50,39,89,50,39,89,8,0.277273,0.291384,684338.698604,0.033467
122,,7,454,1350,1804,454,1350,1804,6,0.415512,0.46228,63225312.470753,0.011332
160,,8,392,0,392,392,0,392,0,0,0,0,0.031669
336,,10,56,1,57,56,1,57,10,0.181312,0.184843,308841.997932,0.080201
1461,,16,93,36,129,93,36,129,7,0.284115,0.299778,935324.818096,0.080112
6612,,11,2,0,2,2,0,2,0,0,0,0,1
325,,11,285,103,388,285,103,388,7,0.306343,0.327059,4241331.379063,0.027618
6822,,11,1,1,2,1,1,2,8,0.251375,0.261439,0,0
6474,,11,3,2,5,3,2,5,8,0.252143,0.262299,33.878177,0.5
3439,,7,29,0,29,29,0,29,0,0,0,0,0.080049
393,,11,42,13,55,42,13,55,8,0.285719,0.299861,138956.556492,0.167755
263,,11,230,101,331,230,101,331,7,0.302776,0.322763,4205511.394171,0.032727
1385,,10,101,38,139,101,38,139,8,0.285914,0.301362,968810.177826,0.050616
385,,16,30,36,66,30,36,66,8,0.292007,0.308636,800641.95954,0.071303
3046,,10,101,189,290,101,189,290,7,0.330536,0.355159,3741390.103815,0.060392
7891,,11,1,1,2,1,1,2,8,0.251375,0.261439,0,0
6417,,11,2,2,4,2,2,4,8,0.251671,0.261774,15.681877,0.666667
657,,7,99,171,270,99,171,270,7,0.340348,0.365417,4278419.524602,0.075962
765,,11,168,97,265,168,97,265,8,0.303689,0.323552,3006749.275716,0.042497
195,,0,198,77,275,198,77,275,7,0.312719,0.33246,3944191.0757,0.048263
55,,7,757,40,797,757,40,797,8,0.292248,0.308426,4568813.43635,0.01862
6416,,11,3,3,6,3,3,6,8,0.251392,0.261514,25796.686993,0.25
3,,0,293,110,403,293,110,403,7,0.296893,0.315278,6004690.2766,0.02415
205,,11,73,55,128,73,55,128,7,0.313229,0.332214,1509964.606249,0.057662
9101,,0,6,0,6,6,0,6,0,0,0,0,0.166667
3316,,1,129,14,143,129,14,143,8,0.273725,0.286288,524143.553246,0.066625
9411,,11,10,6,16,10,6,16,8,0.258407,0.269657,23639.028627,0.066667
683,,19,92,54,146,92,54,146,8,0.289399,0.306342,1525299.825954,0.051599
9514,,11,1,2,3,1,2,3,8,0.251873,0.262016,0,1
8836,,11,1,1,2,1,1,2,8,0.251375,0.261439,0,0
9818,,11,1,0,1,1,0,1,0,0,0,0,0
182,,11,99,69,168,99,69,168,8,0.310015,0.330514,1446106.71059,0.063228
10030,,11,1,0,1,1,0,1,0,0,0,0,0
166,,15,879,3,882,879,3,882,9,0.218247,0.224008,2487609.941393,0.017527
2931,,11,27,0,27,27,0,27,0,0,0,0,0.07265
362,,11,478,63,541,478,63,541,7,0.315528,0.334601,5445615.448042,0.027844
190,,7,661,6,667,661,6,667,8,0.264544,0.276416,1298521.24278,0.025095
3229,,11,10,20,30,10,20,30,8,0.275774,0.290147,49155.266202,0.173846
1243,,15,19,12,31,19,12,31,8,0.272497,0.285055,132227.082107,0.094017
5169,,11,2,1,3,2,1,3,8,0.23322,0.240588,1024.897049,0.5
2901,,6,9,5,14,9,5,14,8,0.228913,0.236616,167090.346478,0.081818
136,,8,9,8,17,9,8,17,8,0.265088,0.276546,61106.673565,0.142857
2284,,0,2,3,5,2,3,5,8,0.230926,0.239034,45680.020175,0.1
317,,13,190,117,307,190,117,307,7,0.308684,0.328341,6241859.718708,0.026731
15,,1,234,5,239,234,5,239,9,0.216982,0.223544,664956.132268,0.039765
6205,,11,70,49,119,70,49,119,8,0.292475,0.31092,1131136.509518,0.068081
700,,11,6,7,13,6,7,13,8,0.278549,0.293382,42166.213741,0.344444
882,,11,11,37,48,11,37,48,7,0.308527,0.326756,152978.984789,0.158537
973,,11,34,40,74,34,40,74,8,0.291903,0.30923,488887.867895,0.10113
4628,,11,22,18,40,22,18,40,8,0.259594,0.272016,192759.087066,0.113191
11926,,11,1,0,1,1,0,1,0,0,0,0,0
797,,15,101,73,174,101,73,174,7,0.290278,0.307794,2045229.278988,0.038255
6,,0,276,75,351,276,75,351,8,0.286331,0.303478,3049814.048385,0.042076
5694,,16,3,1,4,3,1,4,9,0.211369,0.217147,22795.171101,0
209,,16,155,83,238,155,83,238,7,0.305731,0.324789,3424513.87574,0.037034
992,,11,10,9,19,10,9,19,8,0.262069,0.273974,110254.357698,0.186813
7681,,11,8,53,61,8,53,61,7,0.31261,0.331852,119669.427871,0.154221
369,,11,241,312,553,241,312,553,7,0.329402,0.357609,8772365.411872,0.022921
12407,,11,21,11,32,21,11,32,8,0.258163,0.270293,35964.746981,0.166667
963,,11,32,27,59,32,27,59,8,0.296491,0.31304,355532.773944,0.155219
6542,,11,2,1,3,2,1,3,8,0.251375,0.261439,18826,0
440,,8,236,117,353,236,117,353,8,0.29901,0.319033,3842237.53898,0.03689
4040,,11,2,8,10,2,8,10,8,0.252126,0.263527,33827.987478,0.188889
4236,,12,13,7,20,13,7,20,8,0.250299,0.259409,143165.10503,0.075163
1655,,10,39,30,69,39,30,69,8,0.289204,0.305041,310205.548098,0.082496
13351,,11,1,0,1,1,0,1,0,0,0,0,0
34,,11,374,160,534,374,160,534,7,0.309801,0.333148,7743439.614745,0.027556
10126,,11,1,2,3,1,2,3,8,0.251379,0.261466,0,1
2736,,11,17,17,34,17,17,34,8,0.276029,0.290294,78625.733661,0.205665
857,,11,36,37,73,36,37,73,8,0.285654,0.301038,322777.831274,0.091587
157,,10,442,48,490,442,48,490,8,0.291293,0.308081,2816788.427036,0.035456
602,,11,51,22,73,51,22,73,8,0.278314,0.29237,524326.330407,0.069444
4785,,10,10,7,17,10,7,17,9,0.237468,0.246333,158562.27202,0.070833
3642,,11,1,2,3,1,2,3,8,0.251379,0.261466,0,1
14056,,11,1,0,1,1,0,1,0,0,0,0,0
10629,,10,16,8,24,16,8,24,8,0.275415,0.287547,133893.820381,0.064935
10840,,16,7,8,15,7,8,15,8,0.265166,0.276501,3852.667256,0.157143
1181,,3,215,58,273,215,58,273,8,0.303547,0.322083,1765008.285481,0.062513
4133,,11,10,8,18,10,8,18,8,0.262387,0.274995,2275.516517,0.384615
451,,16,296,140,436,296,140,436,8,0.306722,0.327535,7330189.463893,0.015966
4961,,11,1,2,3,1,2,3,8,0.251379,0.261466,0,1
156,,7,457,209,666,457,209,666,7,0.336029,0.362217,10387910.396817,0.034315
69,,12,211,78,289,211,78,289,7,0.310327,0.329033,6750647.885847,0.016891
1767,,11,1,2,3,1,2,3,8,0.252082,0.262234,26130.112172,0
14970,,11,1,2,3,1,2,3,8,0.267955,0.279933,0,1
14532,,5,2,5,7,2,5,7,8,0.256705,0.267444,3599.340119,0.033333
15429,,11,1,2,3,1,2,3,8,0.251379,0.261466,0,1
15723,,11,1,0,1,1,0,1,0,0,0,0,0
1896,,7,71,15,86,71,15,86,8,0.286423,0.299931,273574.600627,0.129231
15799,,11,1,0,1,1,0,1,0,0,0,0,0
16009,,11,2,0,2,2,0,2,0,0,0,0,1
861,,21,177,0,177,177,0,177,0,0,0,0,0.019453
3684,,11,49,39,88,49,39,88,8,0.274443,0.289196,168767.779094,0.1237
916,,11,152,99,251,152,99,251,7,0.30592,0.324757,2567960.54923,0.037423
42,,7,816,0,816,816,0,816,0,0,0,0,0.01882
15195,,7,4,0,4,4,0,4,0,0,0,0,0.333333
16632,,7,7,6,13,7,6,13,8,0.272367,0.285021,12319.568562,0.262821
74,,8,282,59,341,282,59,341,8,0.304214,0.322574,2497056.474787,0.048747
164,,10,288,93,381,288,93,381,7,0.313992,0.333718,5038983.169061,0.032856
3803,,11,2,1,3,2,1,3,8,0.251375,0.261439,0,1
4103,,11,6,4,10,6,4,10,8,0.252956,0.263183,36446.746927,0.111111
57,,16,717,426,1143,717,426,1143,7,0.346863,0.377665,21792424.157276,0.008856
15184,,11,3,7,10,3,7,10,8,0.25968,0.271522,383.390306,0.517857
142,,2,169,57,226,169,57,226,8,0.292747,0.310695,1642507.85977,0.049605
16815,,11,13,27,40,13,27,40,7,0.310763,0.328256,97609.453544,0.174925
1822,,5,33,44,77,33,44,77,7,0.310881,0.328924,447430.433658,0.132192
16918,,11,2,2,4,2,2,4,8,0.251385,0.261483,0,1
372,,11,151,106,257,151,106,257,8,0.301592,0.320993,1948309.779795,0.049449
18109,,11,1,0,1,1,0,1,0,0,0,0,0
6983,,11,1,1,2,1,1,2,8,0.251375,0.261439,0,0
315,,10,154,0,154,154,0,154,0,0,0,0,0.060267
535,,8,30,20,50,30,20,50,8,0.279874,0.294054,208481.407674,0.074468
18810,,11,1,0,1,1,0,1,0,0,0,0,0
1711,,16,20,17,37,20,17,37,7,0.273201,0.285888,304827.671853,0.047379
19199,,11,2,0,2,2,0,2,0,0,0,0,1
19333,,11,1,2,3,1,2,3,8,0.252143,0.262299,0,1
19402,,11,1,0,1,1,0,1,0,0,0,0,0
20088,,11,2,2,4,2,2,4,8,0.251604,0.261733,0,1
97,,7,581,10,591,581,10,591,8,0.261989,0.272942,1353442.6029,0.030144
18346,,11,6,5,11,6,5,11,8,0.252167,0.262414,51290.310103,0.375
11754,,7,1,2,3,1,2,3,8,0.25156,0.26169,6.896361,0
17173,,11,3,3,6,3,3,6,8,0.264002,0.27572,32107.650857,0.416667
1089,,7,42,31,73,42,31,73,8,0.293112,0.308618,309550.23402,0.093849
16861,,11,6,4,10,6,4,10,8,0.25216,0.262378,28132.075429,0.309524
10046,,11,4,7,11,4,7,11,8,0.251644,0.261928,9983.21878,0.236111
418,,0,152,89,241,152,89,241,7,0.29222,0.309516,2844813.003167,0.042517
87,,8,229,169,398,229,169,398,7,0.342303,0.367116,9873160.226734,0.049994
323,,0,156,88,244,156,88,244,7,0.300126,0.31875,3264186.680153,0.037204
21393,,11,1,1,2,1,1,2,8,0.251375,0.261439,0,0
158,,8,442,9,451,442,9,451,8,0.264622,0.276451,997795.588868,0.031506
2382,,11,34,32,66,34,32,66,8,0.288115,0.303099,401800.350786,0.048485
21922,,11,3,0,3,3,0,3,0,0,0,0,1
19096,,11,3,5,8,3,5,8,8,0.25219,0.262439,6282.590033,0.366667
14919,,11,1,3,4,1,3,4,8,0.255906,0.266966,377.741408,0.5
22587,,11,1,0,1,1,0,1,0,0,0,0,0
22707,,11,1,2,3,1,2,3,8,0.251479,0.261622,5612.79128,0
2599,,5,11,18,29,11,18,29,8,0.272651,0.285501,102979.037593,0.136667
17013,,7,70,41,111,70,41,111,8,0.299044,0.316218,658979.802841,0.110603
821,,11,12,15,27,12,15,27,8,0.270995,0.283953,345138.702968,0.054348
21265,,11,24,8,32,24,8,32,8,0.261818,0.273829,162470.457944,0.076355
2418,,5,16,6,22,16,6,22,8,0.229513,0.236709,162842.364796,0.022876
4146,,16,11,0,11,11,0,11,0,0,0,0,0.154545
23328,,11,1,0,1,1,0,1,0,0,0,0,0
23381,,11,1,0,1,1,0,1,0,0,0,0,0
16892,,11,8,9,17,8,9,17,8,0.25219,0.262538,32641.347288,0.164835
23686,,11,1,1,2,1,1,2,8,0.251375,0.261439,0,0
16678,,11,10,9,19,10,9,19,8,0.252522,0.262926,26103.194054,0.261905
24213,,11,1,2,3,1,2,3,8,0.252143,0.262299,0,1
19809,,11,7,6,13,7,6,13,8,0.252248,0.262512,27763.356177,0.255556
22696,,11,4,5,9,4,5,9,8,0.25216,0.262396,1517.478489,0.285714
1649,,7,59,9,68,59,9,68,8,0.272083,0.285023,193049.8063,0.146875
17953,,11,5,4,9,5,4,9,8,0.252167,0.262392,14565.550599,0.392857
23080,,11,4,4,8,4,4,8,8,0.25216,0.262374,16465.65651,0.214286
14654,,11,73,40,113,73,40,113,8,0.292693,0.308871,671688.692736,0.084502
24836,,11,3,3,6,3,3,6,8,0.25215,0.262334,24858.091214,0.3
20029,,11,8,9,17,8,9,17,8,0.2522,0.262573,99553.928031,0.126374
20296,,11,5,5,10,5,5,10,8,0.251496,0.261692,11193.131067,0.339286
25689,,11,3,2,5,3,2,5,8,0.241604,0.249908,24022.314969,0.15
20215,,11,1,3,4,1,3,4,8,0.252146,0.262325,0,0.666667
225,,7,592,507,1099,592,507,1099,7,0.373962,0.407184,36925284.259688,0.018248
22203,,11,2,5,7,2,5,7,8,0.252167,0.262409,19.302702,0.65
25785,,11,1,1,2,1,1,2,8,0.251375,0.261439,0,0
25927,,11,7,8,15,7,8,15,8,0.251439,0.261718,56968.165382,0.303571
16641,,11,2,1,3,2,1,3,8,0.251375,0.261439,0,1
26144,,11,1,2,3,1,2,3,8,0.252143,0.262299,0,1
26107,,11,4,4,8,4,4,8,8,0.252156,0.262369,51981.878177,0.3
7155,,16,1,1,2,1,1,2,8,0.221261,0.228204,0,0.5
26330,,11,1,2,3,1,2,3,9,0.221691,0.228495,0,0.833333
25168,,11,1,4,5,1,4,5,8,0.25243,0.262656,12986.5,0.416667
1528,,0,127,7,134,127,7,134,8,0.232279,0.239808,408387.109102,0.061715
4346,,10,7,31,38,7,31,38,8,0.281599,0.296413,212404.329608,0.064171
1067,,11,134,70,204,134,70,204,7,0.31489,0.334015,2982621.775627,0.04478
20968,,11,5,2,7,5,2,7,9,0.219415,0.225675,20343.305603,0.309524
4360,,10,15,21,36,15,21,36,8,0.275419,0.289084,91131.990713,0.141129
19619,,11,4,3,7,4,3,7,8,0.25215,0.262334,13161.372875,0.35
16327,,11,4,3,7,4,3,7,8,0.255514,0.266465,224.359081,0.466667
27325,,11,1,0,1,1,0,1,0,0,0,0,0
751,,15,116,110,226,116,110,226,7,0.309333,0.328708,2919280.493464,0.037803
6449,,11,28,24,52,28,24,52,8,0.288534,0.303782,268401.157376,0.099734
1173,,11,46,27,73,46,27,73,8,0.290448,0.30541,390392.700576,0.106832
15337,,11,12,9,21,12,9,21,8,0.280499,0.293176,132911.510709,0.115789
28334,,11,1,0,1,1,0,1,0,0,0,0,0
26598,,11,3,3,6,3,3,6,8,0.25215,0.262334,3560.48508,0.55
25899,,11,2,3,5,2,3,5,8,0.25216,0.262356,8735.052751,0.666667
11288,,11,198,135,333,198,135,333,7,0.312579,0.335508,4395106.961506,0.039582
27858,,11,3,3,6,3,3,6,8,0.252153,0.262343,25974,0.666667
23550,,11,3,3,6,3,3,6,8,0.252153,0.262338,43.831324,0.5
6609,,11,11,9,20,11,9,20,8,0.278433,0.291467,146727.30749,0.099415
24984,,11,6,7,13,6,7,13,8,0.257876,0.268606,13236.648631,0.204545
26968,,11,4,4,8,4,4,8,8,0.251483,0.261644,33899.979435,0.357143
30071,,11,7,0,7,7,0,7,0,0,0,0,0.309524
30082,,11,2,0,2,2,0,2,0,0,0,0,1
395,,7,282,16,298,282,16,298,7,0.30416,0.320303,2089939.583591,0.052444
14165,,11,31,17,48,31,17,48,8,0.2806,0.294184,288729.576644,0.141536
30420,,11,2,0,2,2,0,2,0,0,0,0,1
3142,,5,40,92,132,40,92,132,7,0.308886,0.329732,704465.649905,0.093762
30604,,11,1,0,1,1,0,1,0,0,0,0,0
145,,8,166,328,494,166,328,494,7,0.356844,0.385308,7663225.730216,0.045497
7,,0,178,88,266,178,88,266,7,0.299896,0.318872,4520059.983963,0.022354
16183,,11,1,1,2,1,1,2,8,0.251375,0.261439,0,0
21004,,11,6,5,11,6,5,11,8,0.252386,0.26267,54966.662465,0.25
11296,,11,33,13,46,33,13,46,8,0.259805,0.271852,273695.198072,0.074332
120,,8,121,41,162,121,41,162,8,0.29506,0.311871,753186.144676,0.085979
30894,,11,2,2,4,2,2,4,8,0.251456,0.261542,1.4584,0.666667
26629,,11,1,6,7,1,6,7,8,0.25217,0.262436,22877.734332,0.333333
27241,,11,1,2,3,1,2,3,8,0.252143,0.262299,0,1
26027,,11,1,2,3,1,2,3,8,0.253395,0.263931,0,1
32862,,11,1,0,1,1,0,1,0,0,0,0,0
26867,,11,15,13,28,15,13,28,8,0.251937,0.262893,166847.628879,0.112648
16470,,11,3,4,7,3,4,7,8,0.251426,0.261589,4959.055742,0.5
25647,,11,1,2,3,1,2,3,8,0.251389,0.261488,14484.922772,0.5
2549,,11,36,37,73,36,37,73,8,0.276938,0.292712,482280.226346,0.070673
25804,,11,1,1,2,1,1,2,8,0.251375,0.261439,0,0
13244,,11,7,9,16,7,9,16,8,0.266518,0.279232,37504.304661,0.269231
27257,,11,3,1,4,3,1,4,8,0.251375,0.261439,0,0.666667
24833,,11,24,6,30,24,6,30,8,0.252617,0.262913,60100.635148,0.093846
33887,,11,2,0,2,2,0,2,0,0,0,0,1
33401,,11,3,2,5,3,2,5,8,0.251379,0.261466,463.841258,0.25
32833,,11,3,1,4,3,1,4,8,0.251375,0.261439,0,1
21269,,16,3,1,4,3,1,4,9,0.21976,0.22636,1394.853528,0.333333
7259,,11,55,30,85,55,30,85,7,0.29345,0.309064,472372.101001,0.124685
34511,,11,1,0,1,1,0,1,0,0,0,0,0
408,,11,88,55,143,88,55,143,7,0.293702,0.312025,1490091.11043,0.05668
25742,,11,2,3,5,2,3,5,8,0.251392,0.261519,25978.436045,0.5
20573,,11,2,4,6,2,4,6,8,0.25476,0.265275,2907.992908,0.2
34871,,11,2,0,2,2,0,2,0,0,0,0,1
752,,11,23,0,23,23,0,23,0,0,0,0,0.106719
34917,,11,111,75,186,111,75,186,7,0.301221,0.319055,2285759.94524,0.018486
26400,,11,2,2,4,2,2,4,8,0.251382,0.261475,12986.5,0.5
15670,,11,7,7,14,7,7,14,8,0.256979,0.268388,2888.92778,0.340909
18386,,11,1,0,1,1,0,1,0,0,0,0,0
19052,,11,1,0,1,1,0,1,0,0,0,0,0
2,,16,2,19,21,2,19,21,8,0.28117,0.294744,10395.821989,0.147619
475,,8,34,44,78,34,44,78,8,0.287437,0.303091,306289.240246,0.064588
23,,8,276,116,392,276,116,392,7,0.328116,0.349785,3338250.252091,0.051182
36,,7,953,4,957,953,4,957,8,0.25009,0.258688,2615131.036263,0.014685
7180,,9,595,29,624,595,29,624,8,0.227772,0.236403,6032646.891384,0.002161
2910,,10,27,2,29,27,2,29,8,0.25851,0.269748,31331.841171,0.167488
10607,,16,3,0,3,3,0,3,0,0,0,0,0.166667
380,,5,162,62,224,162,62,224,8,0.297226,0.314779,1760036.478326,0.052907
770,,8,41,20,61,41,20,61,7,0.301815,0.317756,330414.003333,0.073064
1516,,7,14,2,16,14,2,16,10,0.173055,0.176243,1055.802701,0.029167
11951,,16,3,0,3,3,0,3,0,0,0,0,0
288,,8,148,16,164,148,16,164,8,0.296739,0.312603,554296.138448,0.073248
485,,5,77,143,220,77,143,220,7,0.324368,0.345949,2098934.994496,0.046563
1275,,16,140,62,202,140,62,202,8,0.294308,0.312722,2031498.162592,0.052556
596,,5,44,36,80,44,36,80,8,0.287833,0.303834,504157.090516,0.125961
9110,,16,2,0,2,2,0,2,0,0,0,0,0
201,,0,4,1,5,4,1,5,9,0.21495,0.221357,332.09936,0.2
219,,0,5,4,9,5,4,9,8,0.230988,0.239351,1527.896521,0.178571
220,,0,2,1,3,2,1,3,8,0.228929,0.236634,18826,0
221,,0,1,3,4,1,3,4,8,0.230175,0.238335,102.105408,0.333333
268,,0,2,9,11,2,9,11,8,0.246079,0.256001,31607.48259,0.233333
652,,0,1,0,1,1,0,1,0,0,0,0,0
851,,0,76,36,112,76,36,112,8,0.267445,0.280909,1210445.560805,0.024325
2500,,0,10,13,23,10,13,23,8,0.237927,0.247436,285945.206759,0.038012
2596,,0,9,1,10,9,1,10,9,0.22397,0.230989,1124.573753,0.277778
1104,,0,7,4,11,7,4,11,8,0.233183,0.241355,19259.965858,0.277778
2060,,0,6,16,22,6,16,22,8,0.274916,0.287501,75617.254491,0.131579
715,,5,8,10,18,8,10,18,8,0.258149,0.269765,38162.252249,0.136029
5140,,11,7,0,7,7,0,7,0,0,0,0,0.261905
387,,0,27,4,31,27,4,31,8,0.23115,0.239421,40001.611614,0.116809
5783,,5,10,6,16,10,6,16,8,0.244786,0.254009,6406.526338,0.095238
6146,,0,1,0,1,1,0,1,0,0,0,0,0
6394,,0,3,7,10,3,7,10,8,0.24197,0.250238,4071.35041,0.444444
6925,,0,1,1,2,1,1,2,9,0.21495,0.221357,102.105408,0
6926,,0,1,1,2,1,1,2,9,0.21495,0.221357,102.105408,0
2539,,11,3,1,4,3,1,4,8,0.228929,0.236634,0,0.833333
6927,,0,2,1,3,2,1,3,8,0.228929,0.236634,1141.457295,0
1628,,0,30,22,52,30,22,52,8,0.286737,0.300709,192646.94186,0.106272
7019,,0,1,2,3,1,2,3,8,0.230172,0.238308,102.105408,0
1150,,0,13,4,17,13,4,17,8,0.228943,0.236731,53291.799413,0.195238
5817,,0,1,3,4,1,3,4,8,0.232039,0.239788,0,0.833333
7245,,0,1,0,1,1,0,1,0,0,0,0,0
7444,,0,1,2,3,1,2,3,8,0.228932,0.23666,0,1
2637,,5,28,13,41,28,13,41,8,0.26981,0.282866,262597.635,0.111538
121,,8,395,1,396,395,1,396,8,0.248246,0.257455,1285110.757562,0.02806
6853,,0,3,1,4,3,1,4,9,0.187753,0.192034,55.384399,0.5
3344,,0,8,4,12,8,4,12,8,0.231329,0.239635,1820.536336,0.218182
4494,,0,8,8,16,8,8,16,8,0.265274,0.277119,86951.36213,0.181319
2483,,0,1,5,6,1,5,6,8,0.230784,0.239128,26076.105408,0.4
2133,,0,34,20,54,34,20,54,7,0.298522,0.313816,315897.860805,0.080303
216,,0,29,24,53,29,24,53,8,0.266635,0.279769,295182.720128,0.098551
1401,,0,25,23,48,25,23,48,7,0.299844,0.316383,617697.701915,0.063063
6735,,0,2,3,5,2,3,5,8,0.2297,0.237622,29.350909,0.416667
197,,0,23,15,38,23,15,38,8,0.269262,0.281573,67598.810323,0.135484
6056,,0,9,5,14,9,5,14,8,0.229711,0.237692,93362.931311,0.133333
1784,,5,255,109,364,255,109,364,8,0.308098,0.327799,3405940.805265,0.048461
5012,,0,20,13,33,20,13,33,8,0.248099,0.257959,77210.476908,0.150769
12826,,0,54,1,55,54,1,55,9,0.202007,0.206974,155560.310392,0.055219
13137,,15,3,0,3,3,0,3,0,0,0,0,0.166667
2607,,0,5,8,13,5,8,13,8,0.241923,0.250808,20323.310313,0.145455
13668,,0,1,0,1,1,0,1,0,0,0,0,0
1860,,0,35,20,55,35,20,55,7,0.302392,0.318912,416022.898126,0.091755
3858,,0,3,2,5,3,2,5,9,0.189098,0.193341,10.497335,0.2
13023,,0,3,1,4,3,1,4,8,0.228929,0.236634,0,0.333333
15406,,0,1,1,2,1,1,2,8,0.228929,0.236634,0,0
16371,,0,1,3,4,1,3,4,8,0.229515,0.237336,0,0.666667
3006,,0,8,11,19,8,11,19,8,0.24418,0.253126,2482.443798,0.368132
2457,,0,3,8,11,3,8,11,8,0.232259,0.240638,2216.002574,0.255556
9248,,0,1,3,4,1,3,4,8,0.229728,0.23766,0,0.666667
10910,,0,2,2,4,2,2,4,8,0.22896,0.236699,0,0.666667
16372,,0,1,2,3,1,2,3,8,0.22896,0.236699,0,0.5
16373,,0,2,2,4,2,2,4,8,0.229627,0.237454,954.097872,0.333333
2255,,0,7,6,13,7,6,13,8,0.264842,0.276262,31669.678408,0.181818
2942,,0,7,9,16,7,9,16,8,0.230029,0.238158,767.422604,0.269231
340,,0,13,11,24,13,11,24,8,0.244974,0.254103,2396.767131,0.305147
9178,,0,6,12,18,6,12,18,8,0.274116,0.286425,24009.025881,0.316176
14116,,0,1,1,2,1,1,2,8,0.228929,0.236634,0,0
16374,,0,3,4,7,3,4,7,8,0.229868,0.237835,365.310411,0.333333
16375,,0,1,2,3,1,2,3,8,0.229485,0.23727,0,1
11036,,16,2,3,5,2,3,5,8,0.229639,0.237507,339.104865,0.25
117,,7,259,188,447,259,188,447,7,0.337154,0.361832,5195674.752426,0.057688
6102,,5,2,2,4,2,2,4,8,0.254767,0.264698,2101.46479,0.166667
11144,,0,2,5,7,2,5,7,8,0.235354,0.242552,14668.825041,0.566667
9670,,0,1,4,5,1,4,5,8,0.237549,0.246502,0,0.75
14486,,0,3,6,9,3,6,9,8,0.235243,0.243197,4.319048,0.392857
18962,,0,1,0,1,1,0,1,0,0,0,0,0
10399,,0,1,2,3,1,2,3,8,0.22901,0.236757,0,0.5
443,,7,374,150,524,374,150,524,7,0.323337,0.34623,6088646.169297,0.043085
4166,,0,8,8,16,8,8,16,8,0.239742,0.248264,44733.269413,0.119048
20374,,0,1,0,1,1,0,1,0,0,0,0,0
14939,,0,2,6,8,2,6,8,8,0.22908,0.236981,24286.051921,0.285714
706,,5,57,93,150,57,93,150,7,0.301946,0.320835,1451425.307386,0.05473
802,,16,37,15,52,37,15,52,8,0.277395,0.290188,362771.312195,0.059524
18570,,0,1,4,5,1,4,5,8,0.228979,0.236792,0,0.5
1520,,0,4,0,4,4,0,4,0,0,0,0,0.583333
5139,,11,8,8,16,8,8,16,8,0.242775,0.252645,71404.242424,0.131868
22617,,0,5,5,10,5,5,10,8,0.258365,0.269359,157928.793516,0.196429
23013,,0,2,0,2,2,0,2,0,0,0,0,0.5
24508,,0,2,1,3,2,1,3,8,0.228929,0.236634,0,1
7280,,0,7,5,12,7,5,12,8,0.230276,0.238595,135523.223502,0.133333
532,,0,179,25,204,179,25,204,8,0.250376,0.261778,1259752.6948,0.023891
307,,11,88,365,453,88,365,453,7,0.365036,0.395257,7841262.380812,0.032379
77,,7,295,219,514,295,219,514,8,0.326461,0.351208,7286338.850698,0.038251
23752,,0,1,2,3,1,2,3,8,0.229485,0.23727,0,1
19646,,0,2,1,3,2,1,3,8,0.228929,0.236634,0,1
16277,,0,3,1,4,3,1,4,8,0.228929,0.236634,0,0.666667
17884,,0,6,4,10,6,4,10,8,0.2359,0.244759,23089.638074,0.261905
29574,,0,1,1,2,1,1,2,8,0.228929,0.236634,0,0
29239,,0,1,1,2,1,1,2,8,0.228929,0.236634,0,0
15172,,0,1,2,3,1,2,3,8,0.22896,0.236699,0,0.5
31089,,0,2,0,2,2,0,2,0,0,0,0,0.5
28697,,0,3,1,4,3,1,4,11,0.143891,0.14568,25974,0.166667
25423,,0,1,1,2,1,1,2,8,0.228929,0.236634,0,0
12315,,0,2,2,4,2,2,4,8,0.22896,0.236699,0,0.666667
4,,0,3,6,9,3,6,9,8,0.255368,0.265493,57809.578638,0.069444
5,,0,3,1,4,3,1,4,8,0.230347,0.238009,790.442913,0
292,,11,213,193,406,213,193,406,7,0.323215,0.347336,6418589.837447,0.030136
19273,,0,2,0,2,2,0,2,0,0,0,0,0
1893,,1,111,59,170,111,59,170,7,0.302756,0.31976,1602713.336207,0.044521
1140,,7,28,19,47,28,19,47,7,0.300188,0.315969,216457.537642,0.104651
1028,,0,13,10,23,13,10,23,8,0.264607,0.276428,98615.244776,0.038961
285,,0,65,51,116,65,51,116,7,0.299267,0.317203,948623.946247,0.057772
2302,,11,22,32,54,22,32,54,8,0.296085,0.312292,274342.058902,0.059869
105,,8,440,0,440,440,0,440,0,0,0,0,0.032579
1258,,0,44,40,84,44,40,84,8,0.249526,0.260541,91987.387064,0.490221
1256,,0,34,40,74,34,40,74,8,0.246665,0.256878,36290.382285,0.704878
3227,,0,42,40,82,42,40,82,8,0.254,0.265231,52909.03032,0.504876
4461,,0,8,6,14,8,6,14,8,0.267274,0.279107,10545.409438,0.519231
550,,0,42,39,81,42,39,81,9,0.237124,0.246952,77833.910652,0.522606
7741,,0,13,5,18,13,5,18,8,0.26444,0.276138,74230.230673,0.058824
551,,0,82,29,111,82,29,111,8,0.273793,0.287845,381819.536568,0.069288
98,,0,44,41,85,44,41,85,8,0.275202,0.288536,198949.75669,0.46902
5066,,0,37,40,77,37,40,77,8,0.268245,0.281827,77943.504974,0.604123
4491,,0,43,45,88,43,45,88,8,0.252498,0.263872,98769.603999,0.423829
10388,,0,1,0,1,1,0,1,0,0,0,0,0
10499,,0,1,2,3,1,2,3,9,0.222603,0.230067,25974,0.5
2139,,0,2,1,3,2,1,3,9,0.222598,0.230031,0,1
341,,0,41,42,83,41,42,83,8,0.268954,0.281894,131317.447095,0.488163
1316,,0,18,19,37,18,19,37,8,0.243192,0.252766,4581.660068,0.683908
660,,0,105,31,136,105,31,136,8,0.285688,0.301139,772847.71382,0.075097
1206,,0,33,37,70,33,37,70,9,0.239602,0.249364,5160.534405,0.801051
5161,,0,38,37,75,38,37,75,9,0.240244,0.250197,7708.699944,0.689024
923,,0,37,37,74,37,37,74,8,0.248292,0.258959,9938.691881,0.713415
62,,0,54,43,97,54,43,97,8,0.246536,0.257233,103927.690753,0.31874
12040,,15,20,3,23,20,3,23,9,0.219989,0.226688,39238.741894,0.073123
13629,,0,1,0,1,1,0,1,0,0,0,0,0
1255,,0,39,42,81,39,42,81,8,0.270155,0.283633,95996.268296,0.551341
1400,,0,41,41,82,41,41,82,8,0.24471,0.254595,156773.228665,0.527926
1254,,0,36,42,78,36,42,78,8,0.247786,0.258353,10959.105625,0.615222
763,,0,48,39,87,48,39,87,9,0.23725,0.24709,102412.846952,0.425339
677,,0,34,38,72,34,38,72,8,0.250496,0.261417,7306.067758,0.763833
1317,,0,35,42,77,35,42,77,9,0.240051,0.250416,59140.396483,0.59778
605,,0,54,45,99,54,45,99,8,0.283836,0.298611,762929.361277,0.298611
329,,0,38,38,76,38,38,76,8,0.241035,0.251561,29691.644583,0.638981
762,,0,43,43,86,43,43,86,8,0.259379,0.271483,206704.312701,0.488946
61,,0,45,47,92,45,47,92,8,0.260225,0.272333,74200.878722,0.387531
93,,0,42,45,87,42,45,87,8,0.267278,0.281194,110264.037139,0.419287
1246,,0,35,35,70,35,35,70,8,0.242794,0.252299,3512.349127,0.834084
356,,0,43,38,81,43,38,81,8,0.243813,0.25369,48027.359714,0.536715
1477,,0,39,40,79,39,40,79,8,0.238924,0.249289,27797.441013,0.574242
5166,,0,35,41,76,35,41,76,8,0.264853,0.277862,52775.081152,0.60518
1032,,0,36,38,74,36,38,74,9,0.242875,0.253283,31615.165348,0.701829
3230,,0,34,38,72,34,38,72,8,0.264842,0.277627,64229.071569,0.747638
678,,0,34,39,73,34,39,73,8,0.243895,0.253693,32439.282285,0.767206
1257,,0,41,39,80,41,39,80,8,0.265293,0.278227,75147.420564,0.511563
1247,,0,35,44,79,35,44,79,8,0.242419,0.253696,36964.043695,0.559903
16503,,0,1,0,1,1,0,1,0,0,0,0,0
2354,,0,12,19,31,12,19,31,8,0.28104,0.295764,134679.787533,0.2
19235,,0,3,1,4,3,1,4,9,0.211514,0.217759,416.266439,0.416667
2014,,11,209,135,344,209,135,344,7,0.30917,0.330236,4735603.736608,0.031297
23466,,0,34,36,70,34,36,70,8,0.240039,0.250307,2321.538634,0.836336
6772,,0,7,15,22,7,15,22,8,0.244408,0.254382,16143.860759,0.286765
25593,,7,12,0,12,12,0,12,0,0,0,0,0.25
4434,,0,60,34,94,60,34,94,7,0.300236,0.316522,818994.395519,0.113924
44,,16,291,90,381,291,90,381,7,0.313547,0.332809,4033369.870731,0.033787
27416,,0,2,0,2,2,0,2,0,0,0,0,1
18599,,0,11,0,11,11,0,11,0,0,0,0,0.354545
32007,,0,1,2,3,1,2,3,9,0.228543,0.236195,0,1
33629,,0,2,0,2,2,0,2,0,0,0,0,0
33941,,0,3,1,4,3,1,4,2,0.666667,0.75,25978,0
405,,24,146,60,206,146,60,206,7,0.28823,0.304499,1951487.193926,0.041891
17923,,15,72,66,138,72,66,138,7,0.326065,0.346078,3625422.274602,0.058156
531,,0,9,2,11,9,2,11,8,0.231255,0.239404,39390.179793,0.152778
2075,,0,2,1,3,2,1,3,8,0.230711,0.238669,0,1
1129,,10,93,73,166,93,73,166,7,0.303024,0.322509,1369326.692856,0.062057
7304,,0,2,0,2,2,0,2,0,0,0,0,1
7344,,0,2,0,2,2,0,2,0,0,0,0,1
1814,,11,54,124,178,54,124,178,7,0.33552,0.358037,3916906.580917,0.07872
7697,,0,12,49,61,12,49,61,7,0.305776,0.323535,117392.168896,0.115537
8699,,0,3,2,5,3,2,5,9,0.200245,0.205735,78.713357,0.416667
6276,,0,1,1,2,1,1,2,8,0.230711,0.238669,0,0
425,,0,1,1,2,1,1,2,8,0.230711,0.238669,0,0
9592,,0,1,1,2,1,1,2,8,0.230711,0.238669,0,0
9775,,0,1,3,4,1,3,4,8,0.230722,0.238736,0,0.333333
10496,,0,1,0,1,1,0,1,0,0,0,0,0
3351,,0,40,1,41,40,1,41,8,0.262753,0.273463,159738.310872,0.043293
10863,,0,1,1,2,1,1,2,8,0.230711,0.238669,0,0
11217,,0,2,1,3,2,1,3,8,0.230711,0.238669,0,1
4400,,0,3,56,59,3,56,59,7,0.305835,0.32593,109879.191458,0.150376
9494,,0,1,2,3,1,2,3,8,0.230872,0.2389,0,1
876,,8,15,35,50,15,35,50,8,0.288583,0.305,178102.886005,0.113784
662,,0,17,2,19,17,2,19,8,0.231255,0.239404,115073.196488,0.080882
12202,,0,4,0,4,4,0,4,0,0,0,0,0.083333
12373,,0,2,2,4,2,2,4,8,0.233567,0.242144,0,0.666667
4989,,1,106,14,120,106,14,120,8,0.280717,0.293936,1110476.062756,0.025281
1245,,0,63,61,124,63,61,124,7,0.291293,0.308283,952569.684873,0.041376
13052,,0,1,0,1,1,0,1,0,0,0,0,0
13836,,0,1,1,2,1,1,2,8,0.230711,0.238669,0,0
948,,15,22,21,43,22,21,43,8,0.272809,0.286552,267511.050103,0.065244
9135,,5,5,0,5,5,0,5,0,0,0,0,0.05
1607,,15,15,19,34,15,19,34,8,0.259276,0.271346,256488.080877,0.033266
875,,5,142,0,142,142,0,142,0,0,0,0,0.051044
15741,,0,2,2,4,2,2,4,8,0.231255,0.239404,27.982667,0.5
1030,,0,45,375,420,45,375,420,7,0.333357,0.361253,7009518.370948,0.005574
1694,,15,63,40,103,63,40,103,8,0.290269,0.305927,945862.383913,0.053527
297,,7,84,74,158,84,74,158,8,0.314974,0.334322,1148537.050948,0.116413
9872,,0,1,2,3,1,2,3,8,0.230714,0.238696,0,0.5
423,,10,43,98,141,43,98,141,7,0.316755,0.336692,1116671.182317,0.062869
20474,,3,5,0,5,5,0,5,0,0,0,0,0
5261,,0,2,4,6,2,4,6,8,0.231263,0.239466,192.795396,0.75
10510,,0,5,4,9,5,4,9,8,0.238975,0.248099,20570.265842,0.107143
109,,15,81,67,148,81,67,148,8,0.28668,0.30342,1303669.856827,0.045001
11833,,0,2,2,4,2,2,4,9,0.222986,0.230471,205.197773,0.5
4411,,0,1,1,2,1,1,2,9,0.200245,0.205718,0,1
1973,,0,8,12,20,8,12,20,8,0.279243,0.292864,94601.499101,0.111111
1039,,7,109,1,110,109,1,110,9,0.200064,0.204366,185648.094236,0.081068
8823,,0,5,4,9,5,4,9,8,0.266152,0.277495,86122.242379,0.196429
22219,,0,2,1,3,2,1,3,8,0.230711,0.238669,17921.500392,0
659,,0,8,7,15,8,7,15,8,0.231502,0.239815,32436.311872,0.106061
24585,,0,1,0,1,1,0,1,0,0,0,0,0
3624,,15,7,6,13,7,6,13,8,0.266752,0.278368,21937.929524,0.108974
10293,,0,4,3,7,4,3,7,8,0.23357,0.24217,440.157063,0.2
5891,,0,2,1,3,2,1,3,8,0.230711,0.238669,0,1
26105,,0,1,1,2,1,1,2,8,0.230711,0.238669,0,0
2314,,11,75,57,132,75,57,132,8,0.30832,0.326508,1396460.003381,0.067807
13507,,9,56,40,96,56,40,96,8,0.277359,0.291465,3324988.210353,0.010295
28112,,15,2,0,2,2,0,2,0,0,0,0,0
28906,,0,3,1,4,3,1,4,8,0.230711,0.238669,3338.712583,0
4403,,0,8,8,16,8,8,16,8,0.235134,0.243688,86263.016673,0.076923
8597,,0,2,4,6,2,4,6,8,0.237393,0.2465,29203.353619,0
15312,,0,3,2,5,3,2,5,8,0.231255,0.239404,27.982667,0.416667
22514,,0,1,3,4,1,3,4,8,0.230728,0.238753,176.543362,0.666667
4534,,0,4,7,11,4,7,11,8,0.234145,0.243047,26704.695163,0.25
20516,,0,2,2,4,2,2,4,8,0.230716,0.238705,25973,0.5
14588,,0,1,2,3,1,2,3,8,0.231255,0.239404,0,1
20104,,0,2,0,2,2,0,2,0,0,0,0,1
11842,,15,2,2,4,2,2,4,8,0.231034,0.239111,32456.312745,0
13321,,0,1,1,2,1,1,2,8,0.230711,0.238669,0,0
8,,11,22,32,54,22,32,54,8,0.285083,0.3002,240612.160021,0.072727
9,,11,139,141,280,139,141,280,7,0.311246,0.334602,4461263.440466,0.027231
410,,11,43,25,68,43,25,68,8,0.279197,0.293709,426977.288429,0.063934
9096,,11,1,0,1,1,0,1,0,0,0,0,0
10275,,10,8,7,15,8,7,15,8,0.268016,0.280336,82826.115997,0.090909
5492,,11,9,11,20,9,11,20,8,0.252518,0.264096,58647.662245,0.107843
2521,,11,46,33,79,46,33,79,7,0.308582,0.32482,1284635.744936,0.020193
13700,,11,5,3,8,5,3,8,8,0.249837,0.261013,21079.815048,0.261905
14091,,11,12,8,20,12,8,20,8,0.273225,0.286447,69419.178848,0.242647
1692,,11,20,1,21,20,1,21,10,0.2004,0.205556,139130.324205,0.044737
3262,,11,23,26,49,23,26,49,7,0.278512,0.293018,306144.983653,0.052602
1530,,11,7,12,19,7,12,19,8,0.283592,0.297003,75924.967882,0.111111
92,,5,38,29,67,38,29,67,8,0.292447,0.307894,482671.320672,0.085593
1498,,11,18,21,39,18,21,39,8,0.271832,0.285236,127138.936282,0.068182
19474,,10,3,4,7,3,4,7,8,0.226604,0.234091,2216.815461,0.119048
4533,,16,37,22,59,37,22,59,8,0.280851,0.295422,309099.093905,0.06464
25493,,11,3,0,3,3,0,3,0,0,0,0,0
4664,,11,12,9,21,12,9,21,8,0.276296,0.289679,29691.736241,0.169935
29972,,11,2,0,2,2,0,2,0,0,0,0,0.5
30977,,11,1,0,1,1,0,1,0,0,0,0,0
31196,,0,1,1,2,1,1,2,9,0.192141,0.196399,1835.925565,0
30990,,11,7,2,9,7,2,9,8,0.239907,0.247202,1031.410636,0.214286
32511,,11,1,0,1,1,0,1,0,0,0,0,0
2186,,11,36,30,66,36,30,66,8,0.281843,0.296415,485252.762921,0.040327
33197,,11,2,0,2,2,0,2,0,0,0,0,0
34339,,11,1,0,1,1,0,1,0,0,0,0,0
672,,10,7,8,15,7,8,15,8,0.251198,0.262078,33198.3966,0.134615
1361,,10,82,96,178,82,96,178,8,0.306927,0.326855,1395066.830834,0.036624
2092,,11,27,55,82,27,55,82,8,0.298305,0.315803,616947.722827,0.064588
2834,,11,3,1,4,3,1,4,8,0.237369,0.246843,352.577573,0.333333
4635,,11,3,0,3,3,0,3,0,0,0,0,0.5
2112,,1,23,559,582,23,559,582,7,0.352316,0.385392,4575795.553293,0.009922
364,,11,75,43,118,75,43,118,8,0.296207,0.313445,517869.817613,0.076557
2046,,10,26,17,43,26,17,43,8,0.275875,0.289701,185022.857077,0.069501
4971,,11,1,5,6,1,5,6,8,0.24994,0.260554,1183.769057,0.15
1073,,10,130,59,189,130,59,189,8,0.291722,0.308668,1529665.717694,0.051721
4096,,10,25,25,50,25,25,50,8,0.289013,0.304407,252279.178764,0.104123
7888,,11,1,0,1,1,0,1,0,0,0,0,0
409,,10,23,25,48,23,25,48,8,0.277363,0.291445,269068.921337,0.06866
8240,,11,11,6,17,11,6,17,8,0.250649,0.261017,53146.184067,0.064103
3217,,11,4,6,10,4,6,10,8,0.243299,0.253718,3708.511319,0.267857
5109,,11,1,3,4,1,3,4,9,0.211246,0.217233,0,0.333333
3113,,11,4,3,7,4,3,7,8,0.266703,0.278777,42472.648539,0.1
2669,,10,6,4,10,6,4,10,8,0.23564,0.244173,32260.169726,0.055556
9737,,11,1,0,1,1,0,1,0,0,0,0,0
10020,,11,3,1,4,3,1,4,8,0.237369,0.246843,0,0.666667
5780,,10,13,5,18,13,5,18,8,0.252048,0.263665,20310.153627,0.4
10317,,11,2,0,2,2,0,2,0,0,0,0,0
5953,,11,30,16,46,30,16,46,8,0.279077,0.292834,359267.198302,0.050607
402,,10,27,19,46,27,19,46,8,0.265585,0.27825,115209.209593,0.101626
2922,,15,2,2,4,2,2,4,8,0.246824,0.256421,4361.904121,0.166667
3708,,2,13,22,35,13,22,35,8,0.277216,0.291172,374293.001863,0.052083
12423,,11,1,1,2,1,1,2,9,0.223677,0.230329,0,1
4309,,11,95,72,167,95,72,167,8,0.291366,0.308033,2362553.576906,0.043922
619,,11,17,15,32,17,15,32,8,0.252766,0.263151,206694.886386,0.032308
12907,,11,1,2,3,1,2,3,8,0.268314,0.279952,0,0.5
10569,,10,3,3,6,3,3,6,8,0.250733,0.261421,27047.80613,0.3
2201,,11,5,6,11,5,6,11,8,0.241691,0.25141,61592.740439,0.166667
181,,11,160,107,267,160,107,267,8,0.290068,0.308747,3041867.601235,0.03273
123,,6,379,180,559,379,180,559,7,0.328701,0.352719,9119669.211943,0.017264
266,,11,127,67,194,127,67,194,7,0.316446,0.335476,2212605.931085,0.054167
14479,,11,13,1,14,13,1,14,9,0.214329,0.220608,19319.478032,0.302198
14834,,11,1,0,1,1,0,1,0,0,0,0,0
7410,,11,4,5,9,4,5,9,8,0.249539,0.25877,3051.133332,0.404762
15237,,11,1,0,1,1,0,1,0,0,0,0,0
3898,,11,6,4,10,6,4,10,9,0.227082,0.234678,87828.735857,0
2045,,11,9,15,24,9,15,24,8,0.269039,0.281401,64405.255218,0.099567
1454,,10,20,19,39,20,19,39,8,0.284863,0.299822,247432.245517,0.077311
2598,,11,42,36,78,42,36,78,8,0.296715,0.312891,654237.407595,0.075661
11665,,11,3,1,4,3,1,4,9,0.231782,0.24009,18956.866984,0.083333
6296,,11,10,9,19,10,9,19,8,0.267107,0.279611,43254.901151,0.080882
18442,,11,2,1,3,2,1,3,8,0.217846,0.22441,114.492864,0.5
7329,,10,6,2,8,6,2,8,8,0.247343,0.256889,37953.243671,0.3
4174,,7,2,9,11,2,9,11,8,0.253771,0.264166,27438.819423,0.1
18695,,11,2,2,4,2,2,4,9,0.223783,0.230503,0,1
3589,,11,3,1,4,3,1,4,8,0.237369,0.246843,1279.993129,0.5
10918,,10,8,6,14,8,6,14,8,0.263596,0.27513,15916.718292,0.211111
17342,,11,5,0,5,5,0,5,0,0,0,0,0.45
836,,11,72,49,121,72,49,121,8,0.2828,0.298382,1142747.87987,0.026767
1431,,11,19,15,34,19,15,34,8,0.267791,0.280419,156239.730715,0.072414
21256,,11,23,25,48,23,25,48,8,0.264262,0.277676,112457.32335,0.091916
2723,,6,17,0,17,17,0,17,0,0,0,0,0.073529
9573,,7,202,53,255,202,53,255,8,0.307982,0.325697,1727389.112837,0.057406
3128,,11,1,1,2,1,1,2,8,0.237369,0.246843,0,0
1456,,11,47,66,113,47,66,113,7,0.290691,0.309274,732672.722117,0.065622
1938,,11,10,16,26,10,16,26,8,0.273399,0.286696,68716.782122,0.130435
1786,,10,28,28,56,28,28,56,8,0.279488,0.293478,312392.425341,0.067376
2061,,8,8,22,30,8,22,30,8,0.282668,0.297487,160890.394627,0.078042
24616,,11,1,0,1,1,0,1,0,0,0,0,0
515,,8,165,206,371,165,206,371,7,0.327739,0.352603,4349814.114862,0.030682
1158,,16,148,110,258,148,110,258,7,0.308461,0.329061,3789470.712147,0.030849
1131,,16,106,89,195,106,89,195,7,0.301014,0.319899,2835434.140801,0.03012
2159,,11,17,19,36,17,19,36,8,0.281237,0.296002,110926.922229,0.121839
25288,,11,1,0,1,1,0,1,0,0,0,0,0
14149,,11,90,61,151,90,61,151,7,0.29702,0.314033,1458768.84315,0.036337
20990,,12,18,13,31,18,13,31,8,0.255774,0.267135,457485.11426,0.043103
144,,2,377,94,471,377,94,471,8,0.312813,0.333378,4872539.617011,0.034819
712,,11,62,39,101,62,39,101,7,0.302489,0.319841,1066096.95367,0.059724
10717,,8,10,15,25,10,15,25,8,0.275013,0.288343,151972.480101,0.097403
10868,,10,4,2,6,4,2,6,9,0.199057,0.20426,1822.420273,0.15
5230,,11,11,7,18,11,7,18,8,0.261719,0.273896,31836.314264,0.195833
4338,,10,39,33,72,39,33,72,8,0.287639,0.3035,630775.191075,0.064208
19347,,11,5,0,5,5,0,5,0,0,0,0,0.1
27435,,11,2,0,2,2,0,2,0,0,0,0,0
5061,,10,8,0,8,8,0,8,0,0,0,0,0.142857
1950,,10,83,83,166,83,83,166,7,0.300942,0.32018,1350290.727452,0.055828
11147,,11,16,0,16,16,0,16,0,0,0,0,0.15
17926,,11,5,4,9,5,4,9,8,0.254646,0.265108,2128.048098,0.261905
2568,,10,10,8,18,10,8,18,8,0.25939,0.27034,38328.307124,0.1
28139,,11,3,0,3,3,0,3,0,0,0,0,0
980,,8,136,125,261,136,125,261,7,0.323526,0.344557,2663058.391419,0.057171
294,,24,317,103,420,317,103,420,8,0.301636,0.321153,4959260.008132,0.030236
20133,,13,204,79,283,204,79,283,7,0.297287,0.315129,3440834.938335,0.020246
8128,,11,4,2,6,4,2,6,8,0.228532,0.236242,20728.265811,0.066667
21129,,11,2,0,2,2,0,2,0,0,0,0,0.5
29465,,16,7,3,10,7,3,10,8,0.224397,0.231747,7075.83293,0.375
16881,,11,2,2,4,2,2,4,9,0.202445,0.207638,0,1
3906,,10,18,17,35,18,17,35,8,0.269108,0.282165,160097.613674,0.121693
854,,10,26,22,48,26,22,48,8,0.266604,0.279031,215593.485907,0.044949
27375,,11,1,1,2,1,1,2,9,0.206911,0.212596,185.442937,0
4852,,10,13,4,17,13,4,17,9,0.206127,0.211824,78241.649596,0.133333
639,,10,134,193,327,134,193,327,7,0.323016,0.346573,4614386.38541,0.026237
11966,,11,9,8,17,9,8,17,8,0.288097,0.302481,3304.140353,0.409524
788,,11,117,13,130,117,13,130,8,0.249569,0.260507,302581.150706,0.051097
253,,10,225,55,280,225,55,280,7,0.314332,0.333209,2333604.660646,0.053291
17000,,11,8,10,18,8,10,18,8,0.263025,0.275152,20965.915321,0.227273
33560,,11,1,0,1,1,0,1,0,0,0,0,0
12487,,11,6,2,8,6,2,8,9,0.232958,0.241264,708.978087,0.196429
1949,,10,22,28,50,22,28,50,8,0.290543,0.306034,211672.373791,0.094872
29308,,11,1,1,2,1,1,2,8,0.237369,0.246843,0,0
32852,,11,2,0,2,2,0,2,0,0,0,0,0
22254,,11,1,2,3,1,2,3,8,0.244167,0.253402,25975,0.333333
10,,6,123,51,174,123,51,174,8,0.278619,0.293596,1460716.939657,0.0166
503,,6,30,0,30,30,0,30,0,0,0,0,0.06092
1154,,6,6,5,11,6,5,11,8,0.256821,0.267892,47368.290584,0.222222
1271,,6,1,0,1,1,0,1,0,0,0,0,0
1629,,6,3,1,4,3,1,4,9,0.217909,0.224591,0,0.666667
1411,,6,29,28,57,29,28,57,8,0.254004,0.264518,304565.003427,0.046253
1645,,6,2,2,4,2,2,4,9,0.217911,0.224618,0.666667,0.666667
82,,6,4,5,9,4,5,9,8,0.257961,0.269258,783.745128,0.309524
651,,6,21,15,36,21,15,36,8,0.2705,0.283789,134805.998654,0.108602
2150,,6,10,13,23,10,13,23,8,0.265372,0.277601,152409.610741,0.119883
2158,,6,2,0,2,2,0,2,0,0,0,0,0.5
1176,,6,19,22,41,19,22,41,8,0.271573,0.285306,167350.237044,0.063814
2050,,6,6,7,13,6,7,13,8,0.257267,0.268541,26472.337488,0.242424
276,,6,30,20,50,30,20,50,8,0.278125,0.292255,298421.67422,0.084345
2688,,2,4,5,9,4,5,9,8,0.28482,0.298754,47557.903701,0.194444
313,,6,11,27,38,11,27,38,8,0.27722,0.291333,211469.072756,0.096591
2247,,24,4,2,6,4,2,6,9,0.208261,0.213784,39361.619944,0.15
2850,,6,2,0,2,2,0,2,0,0,0,0,1
2876,,6,2,5,7,2,5,7,8,0.257548,0.268785,28436.053603,0.285714
3145,,11,1,2,3,1,2,3,8,0.239883,0.247773,52077.639797,0
1887,,6,9,14,23,9,14,23,8,0.26915,0.282374,107210.243049,0.128655
433,,6,11,9,20,11,9,20,8,0.254258,0.264875,39671.704036,0.180952
3293,,6,1,0,1,1,0,1,0,0,0,0,0
1961,,6,3,2,5,3,2,5,9,0.220499,0.227628,18826,0.333333
3750,,6,1,0,1,1,0,1,0,0,0,0,0
3866,,6,3,2,5,3,2,5,9,0.217702,0.224195,6.990209,0.5
152,,6,11,8,19,11,8,19,8,0.263703,0.275664,46641.990802,0.137255
1666,,6,9,22,31,9,22,31,8,0.271487,0.285103,38604.996752,0.142857
272,,6,6,23,29,6,23,29,8,0.257636,0.269456,419169.300927,0.025132
277,,6,17,11,28,17,11,28,8,0.266013,0.279032,146148.290942,0.136364
4181,,6,2,1,3,2,1,3,1,1,1,0,0.666667
3600,,6,6,3,9,6,3,9,9,0.218085,0.224871,787.043266,0.196429
3780,,6,2,4,6,2,4,6,9,0.218088,0.224898,1004.608728,0.4
5416,,6,7,13,20,7,13,20,8,0.262328,0.274938,134997.110761,0.266667
184,,6,18,16,34,18,16,34,7,0.300327,0.315565,332958.633498,0.059829
4845,,6,8,1,9,8,1,9,8,0.256143,0.266917,6941.839048,0.142857
6368,,6,6,0,6,6,0,6,0,0,0,0,0.4
4188,,6,7,9,16,7,9,16,8,0.261847,0.273331,82967.695795,0.142857
7173,,6,3,1,4,3,1,4,8,0.256143,0.266917,0,0.666667
8566,,6,1,0,1,1,0,1,0,0,0,0,0
1117,,11,40,55,95,40,55,95,8,0.281115,0.297271,481203.433997,0.071455
5777,,6,13,11,24,13,11,24,8,0.276041,0.289538,63892.013157,0.096838
345,,10,26,17,43,26,17,43,8,0.274296,0.288095,284492.064245,0.074603
957,,10,43,21,64,43,21,64,8,0.279978,0.294348,252728.833961,0.086723
505,,10,47,59,106,47,59,106,8,0.275601,0.290923,804493.47262,0.061883
415,,6,7,6,13,7,6,13,9,0.228551,0.236063,24206.281864,0.122222
24,,6,3,0,3,3,0,3,0,0,0,0,0.5
230,,6,2,0,2,2,0,2,0,0,0,0,0
533,,6,26,19,45,26,19,45,8,0.281094,0.295282,145014.287916,0.128205
165,,1,284,118,402,284,118,402,8,0.307093,0.328793,3904450.575143,0.038233
597,,6,9,11,20,9,11,20,8,0.271942,0.285063,46563.683871,0.199346
155,,8,113,35,148,113,35,148,8,0.293555,0.310058,886218.70196,0.058993
1433,,7,26,0,26,26,0,26,0,0,0,0,0.018462
1435,,6,8,9,17,8,9,17,8,0.258606,0.270051,575.753917,0.25
1471,,0,3,7,10,3,7,10,8,0.259888,0.270697,4345.506237,0.152778
1458,,0,8,4,12,8,4,12,9,0.22401,0.231127,29589.719048,0.090909
1207,,6,58,65,123,58,65,123,8,0.285758,0.301982,1099169.605686,0.039604
1690,,6,5,6,11,5,6,11,8,0.256356,0.267393,38984.387921,0.194444
1702,,1,21,33,54,21,33,54,8,0.292375,0.307841,308437.021285,0.053725
1712,,6,6,0,6,6,0,6,0,0,0,0,0.233333
1759,,6,1,0,1,1,0,1,0,0,0,0,0
1799,,11,3,2,5,3,2,5,8,0.235546,0.244086,2021.709534,0.15
1189,,6,1,2,3,1,2,3,8,0.256234,0.267064,0,1
1054,,6,6,15,21,6,15,21,8,0.274716,0.28826,28674.179906,0.149123
600,,5,41,69,110,41,69,110,8,0.307459,0.32633,954891.352733,0.097962
2053,,6,4,1,5,4,1,5,9,0.226163,0.233245,83.795403,0.4
1999,,6,2,4,6,2,4,6,8,0.256289,0.267157,6.611744,0.45
2253,,6,1,0,1,1,0,1,0,0,0,0,0
2287,,6,4,0,4,4,0,4,0,0,0,0,0.416667
2288,,1,4,10,14,4,10,14,8,0.267464,0.279254,2969.269011,0.285714
2297,,6,1,0,1,1,0,1,0,0,0,0,0
2317,,6,1,0,1,1,0,1,0,0,0,0,0
1913,,15,44,30,74,44,30,74,8,0.290014,0.305956,331050.526766,0.070393
2343,,5,29,62,91,29,62,91,7,0.307218,0.326203,494261.548143,0.105225
2371,,6,3,1,4,3,1,4,10,0.183661,0.187331,139.578466,0.166667
795,,7,44,17,61,44,17,61,8,0.262456,0.27372,231919.792267,0.078571
2428,,8,22,12,34,22,12,34,8,0.276837,0.290293,109321.777695,0.141935
1486,,6,71,59,130,71,59,130,8,0.282545,0.298688,1310924.718086,0.033962
39,,10,109,90,199,109,90,199,8,0.297569,0.31615,2465465.009162,0.034324
2512,,6,2,1,3,2,1,3,8,0.254946,0.26509,8004.266032,0.5
792,,6,3,4,7,3,4,7,9,0.223815,0.231215,27354.466157,0.309524
2236,,6,1,1,2,1,1,2,8,0.256143,0.266917,0,0
527,,10,66,68,134,66,68,134,8,0.293931,0.312601,808189.56119,0.081725
718,,7,174,149,323,174,149,323,7,0.329379,0.352195,3040061.360973,0.049058
2792,,6,1,1,2,1,1,2,8,0.256143,0.266917,0,0
2797,,6,2,2,4,2,2,4,8,0.247564,0.257027,0,1
2800,,6,1,0,1,1,0,1,0,0,0,0,0
416,,6,4,1,5,4,1,5,9,0.195199,0.200058,719.064693,0.4
2948,,6,3,0,3,3,0,3,0,0,0,0,0.5
118,,0,43,111,154,43,111,154,7,0.326994,0.34901,1503708.276553,0.064588
3210,,6,2,1,3,2,1,3,1,1,1,25976,0.333333
637,,6,7,4,11,7,4,11,8,0.260485,0.272195,95013.870349,0.196429
3328,,6,1,0,1,1,0,1,0,0,0,0,0
3280,,13,48,25,73,48,25,73,7,0.306493,0.32325,883128.122765,0.048872
790,,16,66,102,168,66,102,168,8,0.298333,0.316769,3057234.130126,0.011399
321,,11,53,39,92,53,39,92,7,0.29884,0.316507,862013.05145,0.081182
3086,,6,1,3,4,1,3,4,8,0.256716,0.267711,2444.894146,0.833333
3486,,6,1,0,1,1,0,1,0,0,0,0,0
3505,,6,1,0,1,1,0,1,0,0,0,0,0
3513,,6,1,1,2,1,1,2,8,0.256143,0.266917,0,0
104,,8,132,158,290,132,158,290,7,0.314753,0.337151,2778165.091255,0.06104
176,,10,180,115,295,180,115,295,7,0.30485,0.325133,3360098.208655,0.034902
3621,,6,1,4,5,1,4,5,9,0.228868,0.236729,0,0.3
838,,8,71,59,130,71,59,130,8,0.290372,0.307723,1761151.277457,0.034279
783,,8,122,148,270,122,148,270,7,0.320683,0.343326,2883974.357036,0.036909
413,,7,410,49,459,410,49,459,8,0.286157,0.301891,2373448.366304,0.031715
3907,,6,1,0,1,1,0,1,0,0,0,0,0
627,,10,16,15,31,16,15,31,8,0.24109,0.250722,99564.931768,0.150769
3047,,6,1,1,2,1,1,2,8,0.256143,0.266917,0,0
2699,,6,2,1,3,2,1,3,8,0.247388,0.256723,0,1
4311,,6,1,2,3,1,2,3,8,0.25615,0.266952,25975,0
3421,,6,3,6,9,3,6,9,8,0.257594,0.268799,70944.6886,0.142857
4436,,6,3,3,6,3,3,6,8,0.256293,0.26713,6.132407,0.55
4276,,6,3,10,13,3,10,13,8,0.269162,0.281558,94165.989688,0.128788
1740,,16,18,11,29,18,11,29,8,0.243397,0.253609,171950.214992,0.050725
4551,,6,1,0,1,1,0,1,0,0,0,0,0
4568,,10,9,6,15,9,6,15,8,0.276963,0.289525,79404.979993,0.148352
4594,,6,2,2,4,2,2,4,9,0.219497,0.226563,0,0.666667
2073,,0,37,26,63,37,26,63,7,0.294432,0.310662,426438.534352,0.071104
2227,,10,24,14,38,24,14,38,8,0.256293,0.266778,109704.78606,0.0625
4674,,6,1,0,1,1,0,1,0,0,0,0,0
4761,,6,1,1,2,1,1,2,8,0.256143,0.266917,0,0
3561,,7,4,14,18,4,14,18,8,0.276122,0.289826,30162.522706,0.154412
4948,,6,2,2,4,2,2,4,8,0.257049,0.267964,18.870286,0.666667
5024,,6,1,0,1,1,0,1,0,0,0,0,0
5110,,6,2,0,2,2,0,2,0,0,0,0,1
2659,,6,14,19,33,14,19,33,8,0.278269,0.2924,137619.473587,0.146154
373,,0,77,43,120,77,43,120,8,0.289876,0.306905,930820.374788,0.075384
4687,,6,2,0,2,2,0,2,0,0,0,0,0.5
5342,,6,3,3,6,3,3,6,8,0.256188,0.267059,18831,0.25
257,,8,11,0,11,11,0,11,0,0,0,0,0.090909
5397,,2,4,1,5,4,1,5,1,1,1,24882.57231,0
5076,,6,2,3,5,2,3,5,8,0.257351,0.268391,0,1
4048,,6,7,6,13,7,6,13,8,0.257598,0.268808,72318.838712,0.208333
1991,,8,138,126,264,138,126,264,7,0.322733,0.344879,2479665.191136,0.055236
5615,,6,1,1,2,1,1,2,9,0.21881,0.225406,2630.423812,0
2329,,10,27,25,52,27,25,52,8,0.271366,0.284837,286845.941253,0.044444
5640,,6,4,2,6,4,2,6,8,0.256709,0.267676,40.462633,0.4
435,,7,130,7,137,130,7,137,8,0.260557,0.272055,436469.144998,0.083637
749,,15,9,11,20,9,11,20,8,0.265596,0.277789,62263.878594,0.122807
2246,,6,2,2,4,2,2,4,8,0.247077,0.255685,25988.480124,0.25
6011,,11,17,3,20,17,3,20,9,0.231947,0.238868,41039.136565,0.119883
3762,,6,4,1,5,4,1,5,8,0.256143,0.266917,0,0.5
6064,,6,1,0,1,1,0,1,0,0,0,0,0
756,,10,78,79,157,78,79,157,7,0.305627,0.32538,2149574.403949,0.028257
6230,,6,3,4,7,3,4,7,8,0.257049,0.268167,0,0.65
6049,,6,1,3,4,1,3,4,8,0.256751,0.267791,0,1
3604,,6,2,1,3,2,1,3,8,0.256143,0.266917,0,0.5
422,,6,130,126,256,130,126,256,7,0.306308,0.325707,3968067.444688,0.031753
6305,,7,270,144,414,270,144,414,7,0.320072,0.341675,4935460.251445,0.031085
6330,,6,1,1,2,1,1,2,8,0.256143,0.266917,0,0
6349,,6,2,1,3,2,1,3,8,0.256143,0.266917,0,1
359,,8,187,85,272,187,85,272,8,0.298404,0.316782,3027517.287026,0.054243
2091,,6,7,0,7,7,0,7,0,0,0,0,0.309524
1853,,11,34,54,88,34,54,88,8,0.295602,0.31304,590769.913104,0.079649
6513,,6,1,2,3,1,2,3,8,0.256234,0.267064,0,1
5608,,6,1,1,2,1,1,2,8,0.256143,0.266917,0,0
6523,,6,1,0,1,1,0,1,0,0,0,0,0
6570,,8,3,1,4,3,1,4,9,0.219673,0.226241,1052.321161,0.166667
6577,,6,1,0,1,1,0,1,0,0,0,0,0
6491,,6,1,1,2,1,1,2,8,0.256143,0.266917,0,0
3838,,0,4,5,9,4,5,9,8,0.241582,0.250058,3918.466294,0.303571
6718,,11,1,2,3,1,2,3,8,0.23654,0.245985,834.108637,0
6749,,6,2,1,3,2,1,3,8,0.256143,0.266917,0,1
287,,16,252,59,311,252,59,311,7,0.310532,0.328399,3458521.325761,0.026538
6840,,6,1,0,1,1,0,1,0,0,0,0,0
6900,,6,1,1,2,1,1,2,8,0.256143,0.266917,0,0
6938,,6,2,2,4,2,2,4,8,0.256147,0.266944,1,0.666667
6946,,8,9,0,9,9,0,9,0,0,0,0,0.166667
6377,,6,1,2,3,1,2,3,8,0.256551,0.267406,2911.620876,0
2059,,0,86,36,122,86,36,122,8,0.288601,0.304487,944614.370273,0.050756
7037,,1,3,1,4,3,1,4,9,0.221404,0.228257,1451.261837,0
211,,6,38,30,68,38,30,68,8,0.2795,0.29465,502482.162422,0.078896
7111,,6,1,1,2,1,1,2,8,0.256143,0.266917,0,0
5489,,8,11,14,25,11,14,25,8,0.270613,0.282889,142478.941868,0.081028
2907,,10,64,64,128,64,64,128,7,0.293821,0.310547,1210929.441487,0.038928
6931,,6,2,1,3,2,1,3,8,0.256143,0.266917,0,1
576,,21,6,0,6,6,0,6,0,0,0,0,0.3
7320,,8,1,1,2,1,1,2,8,0.262757,0.273467,0,0.5
7390,,6,1,0,1,1,0,1,0,0,0,0,0
2823,,6,24,33,57,24,33,57,8,0.272387,0.286457,372119.631909,0.069697
7495,,6,2,1,3,2,1,3,8,0.256143,0.266917,0,0.5
7749,,6,1,0,1,1,0,1,0,0,0,0,0
5925,,6,2,8,10,2,8,10,8,0.265174,0.277259,29980.450397,0.097222
815,,16,28,81,109,28,81,109,7,0.304239,0.322932,726332.570015,0.048485
7168,,6,1,1,2,1,1,2,9,0.204032,0.209352,5814.836388,0.5
7013,,6,9,5,14,9,5,14,8,0.263124,0.274574,25591.754948,0.224359
3675,,5,36,31,67,36,31,67,8,0.286549,0.302171,505317.04579,0.073221
226,,8,30,12,42,30,12,42,8,0.259476,0.270835,95534.63918,0.133713
7755,,6,2,2,4,2,2,4,8,0.247929,0.257579,16.703522,0.75
8470,,6,4,1,5,4,1,5,8,0.262757,0.273467,19273.544631,0.25
8134,,5,9,8,17,9,8,17,8,0.265746,0.277211,157184.874422,0.065934
7690,,6,2,1,3,2,1,3,8,0.256143,0.266917,0,0.5
8840,,6,2,1,3,2,1,3,9,0.207889,0.213377,26039.849811,0
4746,,6,2,1,3,2,1,3,8,0.247392,0.256732,440.682893,0.333333
9154,,6,4,4,8,4,4,8,8,0.260207,0.271916,106.180931,0.452381
9491,,6,1,0,1,1,0,1,0,0,0,0,0
9493,,6,1,0,1,1,0,1,0,0,0,0,0
1527,,6,25,29,54,25,29,54,8,0.284003,0.298593,383169.180252,0.06087
5636,,6,1,1,2,1,1,2,8,0.256143,0.266917,0,0
20,,5,206,192,398,206,192,398,7,0.336281,0.360253,5220002.889807,0.041656
2846,,19,5,3,8,5,3,8,8,0.263965,0.274924,29735.872683,0.035714
1494,,0,9,11,20,9,11,20,8,0.281115,0.294489,38123.063818,0.179167
10002,,6,1,1,2,1,1,2,1,1,1,25976,0
10089,,6,1,3,4,1,3,4,8,0.235378,0.243913,905.146161,0.166667
4256,,6,31,57,88,31,57,88,7,0.314621,0.332729,529165.720935,0.067327
10615,,8,1,5,6,1,5,6,8,0.267963,0.279501,1662.837649,0.3
5093,,0,4,10,14,4,10,14,8,0.276207,0.28965,33788.127056,0.126374
1677,,5,35,18,53,35,18,53,7,0.305711,0.322186,266174.771018,0.114141
11289,,6,1,1,2,1,1,2,8,0.256143,0.266917,0,0
2376,,10,118,2,120,118,2,120,8,0.26149,0.272622,190338.31515,0.069748
11208,,6,12,4,16,12,4,16,8,0.266028,0.27808,2900.023919,0.302198
11421,,6,2,2,4,2,2,4,8,0.25615,0.266952,25975,0.166667
4863,,6,4,0,4,4,0,4,0,0,0,0,0.916667
12038,,6,1,1,2,1,1,2,8,0.256143,0.266917,0,0
970,,17,2,0,2,2,0,2,0,0,0,0,0
11566,,6,39,15,54,39,15,54,8,0.278269,0.291686,224127.591862,0.104167
1586,,5,18,23,41,18,23,41,8,0.276544,0.290496,101469.829071,0.118391
2218,,8,15,17,32,15,17,32,8,0.277977,0.291657,77336.375207,0.194581
4258,,15,33,3,36,33,3,36,8,0.24328,0.251893,86972.343745,0.118487
2515,,12,7,6,13,7,6,13,8,0.237172,0.245117,41641.695396,0.172727
8990,,16,9,0,9,9,0,9,0,0,0,0,0.166667
2294,,7,26,8,34,26,8,34,8,0.24245,0.25182,85217.385629,0.081653
9822,,0,11,10,21,11,10,21,8,0.267951,0.280333,51063.472249,0.178363
1439,,16,52,65,117,52,65,117,8,0.303273,0.322251,1513641.234883,0.067295
434,,5,177,88,265,177,88,265,7,0.313924,0.334167,2344761.839285,0.072552
10312,,0,27,6,33,27,6,33,8,0.235894,0.244463,147890.799419,0.107863
1056,,10,165,54,219,165,54,219,8,0.298267,0.314976,1653035.343399,0.053119
3203,,2,54,28,82,54,28,82,8,0.287473,0.303615,420006.36764,0.091422
2346,,15,9,4,13,9,4,13,8,0.236787,0.244891,93580.660198,0.160256
289,,15,48,40,88,48,40,88,8,0.294797,0.311369,879804.645795,0.044466
4182,,7,16,17,33,16,17,33,8,0.291293,0.306464,96159.010064,0.156989
3208,,6,2,1,3,2,1,3,9,0.217609,0.224055,4.5,0.5
13543,,6,1,0,1,1,0,1,0,0,0,0,0
971,,8,23,30,53,23,30,53,7,0.288942,0.304622,244975.667745,0.0657
13578,,6,1,0,1,1,0,1,0,0,0,0,0
50,,15,14,18,32,14,18,32,8,0.261186,0.272595,140809.673926,0.051724
11544,,6,2,1,3,2,1,3,1,1,1,25976,0.166667
1347,,8,33,29,62,33,29,62,8,0.28017,0.294684,295236.635775,0.084876
2758,,6,8,2,10,8,2,10,9,0.215761,0.22246,6752.06333,0.291667
5209,,6,1,1,2,1,1,2,8,0.256143,0.266917,0,0
11464,,15,8,2,10,8,2,10,8,0.236279,0.244262,49921.637374,0.055556
4083,,7,173,7,180,173,7,180,8,0.269124,0.281826,305655.702854,0.07224
112,,6,134,163,297,134,163,297,7,0.331689,0.354914,4487691.425218,0.034073
2831,,8,7,8,15,7,8,15,8,0.264328,0.275891,51830.925146,0.212121
14554,,6,11,4,15,11,4,15,8,0.260456,0.27114,56613.315448,0.185897
2185,,11,32,24,56,32,24,56,8,0.283396,0.298516,355468.392383,0.075421
143,,3,253,12,265,253,12,265,8,0.27245,0.285018,811951.889204,0.046788
17738,,7,50,72,122,50,72,122,7,0.32341,0.343375,591589.432771,0.122604
22,,8,79,188,267,79,188,267,7,0.327488,0.350816,1805642.779971,0.05956
11823,,6,22,27,49,22,27,49,8,0.282736,0.29768,210659.938567,0.108974
2889,,11,46,27,73,46,27,73,8,0.268732,0.282271,417579.465853,0.063492
2905,,6,7,6,13,7,6,13,9,0.228318,0.235627,40408.601676,0.2
21420,,6,1,0,1,1,0,1,0,0,0,0,0
19040,,6,17,10,27,17,10,27,8,0.269154,0.281898,78718.199129,0.201299
943,,8,13,20,33,13,20,33,8,0.286036,0.300806,139026.452674,0.122581
11348,,6,47,60,107,47,60,107,7,0.310184,0.329339,715012.480306,0.072884
24849,,6,1,0,1,1,0,1,0,0,0,0,0
24794,,6,4,3,7,4,3,7,8,0.262434,0.273902,74117.808213,0.214286
26221,,6,1,0,1,1,0,1,0,0,0,0,0
491,,7,164,4,168,164,4,168,9,0.217818,0.223928,201406.267005,0.077987
28946,,6,1,2,3,1,2,3,8,0.256422,0.267299,445.252183,0
3051,,5,22,28,50,22,28,50,8,0.284363,0.298856,233413.241689,0.091304
950,,6,4,13,17,4,13,17,8,0.265904,0.27847,33393.324266,0.179167
1062,,10,46,70,116,46,70,116,7,0.310199,0.32791,944148.644835,0.039862
12,,8,0,3,3,0,3,3,8,0.264227,0.27527,0,0.833333
13,,8,326,384,710,326,384,710,7,0.358202,0.388495,14484128.050006,0.028094
15426,,7,24,12,36,24,12,36,8,0.280216,0.293616,12232.593861,0.194958
27498,,8,7,28,35,7,28,35,7,0.28661,0.302226,56553.80053,0.098039
539,,8,32,18,50,32,18,50,8,0.27418,0.287225,259075.445104,0.046099
563,,8,18,41,59,18,41,59,7,0.28668,0.302876,168522.316351,0.071267
835,,19,27,40,67,27,40,67,8,0.285537,0.300484,390929.444077,0.103672
545,,8,191,299,490,191,299,490,7,0.357977,0.386422,6380023.858655,0.050824
896,,15,89,39,128,89,39,128,7,0.30831,0.325887,886780.22773,0.067873
400,,8,71,66,137,71,66,137,7,0.305567,0.324277,696689.148535,0.101791
1716,,8,12,7,19,12,7,19,8,0.274632,0.287297,12102.923272,0.2125
300,,8,276,126,402,276,126,402,7,0.320541,0.341147,4340128.8299,0.039935
1952,,8,16,29,45,16,29,45,8,0.287789,0.303385,95441.040826,0.186555
812,,15,61,60,121,61,60,121,7,0.28323,0.299453,1137983.579916,0.048757
295,,8,23,65,88,23,65,88,7,0.314863,0.332993,226208.689543,0.15701
2100,,8,22,36,58,22,36,58,7,0.292588,0.308706,171483.487195,0.105958
1378,,7,57,3,60,57,3,60,8,0.253031,0.263325,24647.119884,0.122881
237,,8,342,104,446,342,104,446,7,0.307158,0.32726,3621295.895915,0.038745
4441,,7,8,0,8,8,0,8,0,0,0,0,0.267857
2985,,8,43,42,85,43,42,85,8,0.291844,0.308576,194586.115849,0.111282
162,,8,79,56,135,79,56,135,7,0.310174,0.329295,844075.906129,0.086167
114,,8,126,23,149,126,23,149,8,0.276914,0.290121,349326.57474,0.076466
2528,,15,6,5,11,6,5,11,8,0.245124,0.253581,1109.225906,0.375
2943,,8,24,30,54,24,30,54,8,0.287552,0.303242,250326.720612,0.070479
1570,,16,13,6,19,13,6,19,8,0.237405,0.245599,55004.004032,0.195833
301,,8,86,123,209,86,123,209,7,0.316579,0.3368,1844028.354431,0.065797
2305,,19,12,20,32,12,20,32,8,0.283191,0.296987,158052.758578,0.102217
249,,8,350,119,469,350,119,469,7,0.331117,0.353912,6954145.624113,0.041984
497,,8,74,48,122,74,48,122,7,0.299963,0.317246,1268052.995337,0.05613
3655,,8,13,15,28,13,15,28,8,0.270089,0.28272,72463.741605,0.14245
149,,7,98,136,234,98,136,234,7,0.330455,0.352848,1908574.040897,0.104741
6754,,8,2,4,6,2,4,6,9,0.241378,0.250122,2838.735181,0.5
1591,,8,36,34,70,36,34,70,8,0.302227,0.319918,222954.157377,0.182051
504,,15,186,46,232,186,46,232,8,0.282329,0.298282,1807753.223285,0.035588
727,,8,250,17,267,250,17,267,8,0.288689,0.302884,673075.289585,0.059994
361,,8,57,43,100,57,43,100,7,0.299063,0.316594,275795.340854,0.10412
1095,,2,10,16,26,10,16,26,8,0.276463,0.289957,140043.429296,0.133333
766,,8,104,67,171,104,67,171,7,0.303322,0.32173,1106884.989301,0.093063
1905,,2,27,45,72,27,45,72,8,0.28845,0.304713,488222.879675,0.100699
7563,,8,13,0,13,13,0,13,0,0,0,0,0.160256
8006,,8,1,0,1,1,0,1,0,0,0,0,0
8247,,7,1,5,6,1,5,6,8,0.246924,0.256045,26660.653412,0.066667
472,,8,34,62,96,34,62,96,8,0.298527,0.315488,917894.131934,0.078933
2532,,10,15,13,28,15,13,28,8,0.285212,0.299519,95153.806974,0.141667
8039,,8,3,4,7,3,4,7,8,0.27019,0.282415,635.39652,0.4
7144,,2,2,6,8,2,6,8,8,0.274981,0.288058,1211.352655,0.238095
8731,,5,12,6,18,12,6,18,7,0.297325,0.31226,107049.217452,0.106618
1175,,15,93,48,141,93,48,141,7,0.315756,0.334353,1313963.721735,0.057993
6175,,8,2,5,7,2,5,7,8,0.281283,0.29433,3160.076063,0.333333
256,,8,32,32,64,32,32,64,8,0.278933,0.293156,451708.359191,0.059837
5014,,3,6,7,13,6,7,13,8,0.265469,0.276957,115591.368365,0.108974
8993,,8,1,0,1,1,0,1,0,0,0,0,0
2585,,7,17,21,38,17,21,38,8,0.296575,0.31201,62159.011783,0.192513
1364,,8,168,99,267,168,99,267,8,0.315708,0.336719,2490879.297693,0.050933
5873,,15,12,10,22,12,10,22,8,0.252363,0.262553,122472.382967,0.04386
1521,,15,18,30,48,18,30,48,8,0.282414,0.296872,368541.816845,0.09939
67,,24,46,24,70,46,24,70,8,0.272072,0.28559,692474.116384,0.036538
8819,,8,8,22,30,8,22,30,7,0.307093,0.323617,67708.363052,0.142857
784,,7,67,125,192,67,125,192,7,0.312247,0.334394,1542495.512391,0.070683
1813,,6,30,30,60,30,30,60,8,0.283,0.296778,545281.14647,0.04596
9905,,8,4,6,10,4,6,10,8,0.267388,0.279091,1845.656316,0.347222
2776,,8,11,12,23,11,12,23,8,0.262153,0.27434,19204.141294,0.104762
10014,,8,2,4,6,2,4,6,8,0.265368,0.276544,264.129117,0.333333
366,,8,58,20,78,58,20,78,8,0.271194,0.284202,322160.704713,0.110766
1674,,5,105,68,173,105,68,173,8,0.295148,0.313083,1346464.909996,0.055982
489,,7,34,0,34,34,0,34,0,0,0,0,0.230838
5807,,10,4,6,10,4,6,10,8,0.253198,0.26278,3699.519103,0.138889
1222,,8,2,2,4,2,2,4,9,0.217939,0.224252,352.736808,0.5
284,,8,205,173,378,205,173,378,7,0.323721,0.346617,5115022.414576,0.037983
250,,11,22,19,41,22,19,41,7,0.278207,0.292298,171198.78421,0.09127
9116,,15,9,9,18,9,9,18,8,0.275246,0.288433,40613.008308,0.269231
4941,,15,14,7,21,14,7,21,9,0.229566,0.237951,61789.598995,0.180147
5995,,8,10,16,26,10,16,26,8,0.275508,0.289541,17202.274816,0.203557
1543,,7,36,47,83,36,47,83,7,0.31046,0.328247,235237.050029,0.140636
1541,,7,29,14,43,29,14,43,8,0.270356,0.282724,87558.671551,0.203659
1006,,8,8,11,19,8,11,19,8,0.274112,0.286937,46546.413927,0.091503
11557,,8,3,2,5,3,2,5,9,0.224928,0.232151,19003.340861,0.2
11619,,8,4,0,4,4,0,4,0,0,0,0,0.083333
1286,,8,23,20,43,23,20,43,8,0.285372,0.299808,100636.608211,0.230159
10066,,0,3,0,3,3,0,3,0,0,0,0,0.166667
607,,7,33,6,39,33,6,39,8,0.26584,0.277771,118401.883419,0.253036
9675,,10,15,8,23,15,8,23,8,0.251409,0.261341,75655.517549,0.107895
7062,,1,22,11,33,22,11,33,7,0.300889,0.316052,132969.485673,0.104301
9547,,15,4,6,10,4,6,10,8,0.268234,0.28007,90599.863723,0.166667
4604,,7,11,5,16,11,5,16,7,0.293748,0.308226,23588.013837,0.192308
842,,8,20,26,46,20,26,46,8,0.277183,0.290885,213272.432639,0.072009
1084,,8,60,48,108,60,48,108,7,0.308572,0.326126,1108029.949704,0.049084
326,,8,133,178,311,133,178,311,7,0.321011,0.344312,2537014.830141,0.049853
1024,,8,31,19,50,31,19,50,7,0.300605,0.31606,324450.000811,0.064482
467,,7,8,5,13,8,5,13,9,0.247333,0.257314,79829.167594,0.083333
3040,,8,30,38,68,30,38,68,7,0.304786,0.321836,221150.183132,0.09774
10217,,6,13,33,46,13,33,46,8,0.293707,0.309014,186014.069522,0.073643
2056,,8,41,39,80,41,39,80,7,0.305414,0.322423,341684.643458,0.078858
901,,8,55,74,129,55,74,129,7,0.311204,0.330483,573188.583248,0.116807
1479,,10,15,16,31,15,16,31,8,0.262369,0.274767,51125.660742,0.178333
863,,15,47,43,90,47,43,90,8,0.26864,0.281796,745592.767308,0.03499
1953,,8,69,46,115,69,46,115,8,0.289916,0.306407,897353.855338,0.054135
13285,,1,1,2,3,1,2,3,8,0.229127,0.236509,149.505008,0.5
2166,,11,23,26,49,23,26,49,8,0.268801,0.282835,161173.634959,0.114983
8891,,7,9,2,11,9,2,11,8,0.272556,0.284154,22878.692398,0.154545
1352,,15,35,26,61,35,26,61,7,0.290929,0.305916,463256.12819,0.076441
4634,,15,8,7,15,8,7,15,8,0.268483,0.280297,54938.337454,0.025641
1447,,8,7,12,19,7,12,19,8,0.244811,0.254476,79078.69317,0.032164
474,,10,18,15,33,18,15,33,8,0.279554,0.29308,147287.993492,0.095699
961,,1,81,69,150,81,69,150,7,0.297217,0.314486,1904960.635456,0.036838
1369,,8,74,38,112,74,38,112,8,0.281502,0.296158,1076155.44168,0.044296
3661,,7,36,6,42,36,6,42,7,0.295143,0.309736,105954.183604,0.148077
6942,,7,40,4,44,40,4,44,8,0.238915,0.247253,99806.229302,0.182724
8210,,8,3,15,18,3,15,18,8,0.289319,0.304241,2705.996386,0.301471
5305,,11,10,18,28,10,18,28,8,0.281237,0.295327,97959.199231,0.113846
6803,,8,32,0,32,32,0,32,0,0,0,0,0.178427
459,,0,147,105,252,147,105,252,7,0.31992,0.34044,3203881.640452,0.037975
2364,,11,31,14,45,31,14,45,8,0.277526,0.291742,32123.49799,0.160897
14355,,1,2,3,5,2,3,5,9,0.230683,0.239168,690.725141,0.25
4968,,8,10,0,10,10,0,10,0,0,0,0,0.177778
14471,,7,3,0,3,3,0,3,0,0,0,0,0.833333
12359,,8,4,7,11,4,7,11,8,0.260416,0.271041,468.9227,0.181818
1552,,8,24,35,59,24,35,59,7,0.308846,0.326594,462653.943391,0.102394
1490,,5,52,19,71,52,19,71,7,0.275387,0.288728,299076.588864,0.071429
1972,,8,65,68,133,65,68,133,7,0.298498,0.316314,955943.637041,0.054648
15056,,8,5,1,6,5,1,6,9,0.233264,0.241027,387.091184,0.1
246,,8,47,198,245,47,198,245,7,0.335897,0.361076,3163384.732631,0.043843
407,,11,98,66,164,98,66,164,8,0.301699,0.321357,1779643.784869,0.049845
4779,,15,30,1,31,30,1,31,9,0.224973,0.231836,51503.495653,0.054839
3416,,8,11,15,26,11,15,26,8,0.276187,0.289512,81832.602881,0.224615
2769,,8,7,7,14,7,7,14,8,0.270232,0.282212,12033.035552,0.333333
831,,7,63,5,68,63,5,68,8,0.249477,0.258616,114265.421053,0.106014
6140,,11,34,35,69,34,35,69,8,0.284368,0.299862,579973.267136,0.053552
14994,,11,7,3,10,7,3,10,8,0.242191,0.250512,20045.486424,0.166667
16021,,0,3,6,9,3,6,9,8,0.250806,0.26019,97476.090469,0.035714
4238,,6,29,20,49,29,20,49,8,0.255067,0.265925,426078.629171,0.059146
4853,,8,25,23,48,25,23,48,8,0.281405,0.295311,276419.528441,0.072947
5672,,7,51,7,58,51,7,58,7,0.296057,0.31086,210527.727882,0.125325
689,,10,65,101,166,65,101,166,8,0.302722,0.321741,859437.769947,0.0517
3875,,8,115,91,206,115,91,206,8,0.309837,0.328571,1964794.749857,0.041624
6630,,11,5,23,28,5,23,28,8,0.284273,0.299297,6261.732981,0.219577
7158,,8,2,2,4,2,2,4,8,0.244262,0.252947,166.428464,0.416667
322,,0,18,25,43,18,25,43,8,0.275706,0.288867,126476.107361,0.132254
667,,8,22,23,45,22,23,45,8,0.29282,0.307962,224107.670242,0.14367
5580,,10,33,34,67,33,34,67,8,0.284119,0.298983,435163.78566,0.077381
10375,,7,10,1,11,10,1,11,10,0.179155,0.182313,0,0.336364
2194,,15,43,50,93,43,50,93,8,0.287543,0.303631,609260.784891,0.060446
10155,,8,11,4,15,11,4,15,8,0.269147,0.28102,6954.00891,0.208791
514,,5,89,65,154,89,65,154,7,0.316611,0.335671,1179383.530446,0.070162
1059,,7,107,14,121,107,14,121,7,0.300797,0.316476,353518.44874,0.103227
282,,10,31,47,78,31,47,78,8,0.297738,0.316195,467778.146479,0.092788
1132,,16,128,106,234,128,106,234,7,0.307072,0.327009,3611241.530685,0.029567
88,,8,103,117,220,103,117,220,7,0.326014,0.346614,2295034.603976,0.059372
18123,,15,3,3,6,3,3,6,8,0.247675,0.257442,21037.833161,0.2
18182,,8,3,3,6,3,3,6,8,0.252586,0.262113,3286.628271,0.25
18189,,8,1,1,2,1,1,2,8,0.263736,0.274618,0,0
9505,,8,11,12,23,11,12,23,8,0.269035,0.281574,57708.146389,0.078947
18382,,8,1,1,2,1,1,2,8,0.263736,0.274618,0,0
3103,,5,69,54,123,69,54,123,7,0.29679,0.314474,977581.561298,0.102836
222,,7,59,68,127,59,68,127,7,0.314679,0.333536,396316.554327,0.116563
1239,,15,19,36,55,19,36,55,8,0.285628,0.301837,135373.079208,0.116425
8411,,24,10,8,18,10,8,18,8,0.236386,0.244653,97373.576877,0.095833
274,,8,101,27,128,101,27,128,8,0.29694,0.313063,497760.839706,0.077702
986,,11,51,235,286,51,235,286,7,0.339538,0.365636,5006519.785977,0.026336
1389,,10,67,88,155,67,88,155,7,0.303743,0.323576,1948334.015745,0.059218
19206,,8,1,4,5,1,4,5,8,0.264507,0.275566,26022.571138,0.25
19336,,1,2,0,2,2,0,2,0,0,0,0,0
4641,,15,17,14,31,17,14,31,8,0.278022,0.291882,121792.468594,0.133598
7632,,15,4,6,10,4,6,10,8,0.25939,0.270369,17355.838842,0.180556
127,,0,77,63,140,77,63,140,8,0.289952,0.307522,2208576.572779,0.025284
4129,,15,2,10,12,2,10,12,8,0.269922,0.282066,5071.405882,0.155556
1274,,1,60,10,70,60,10,70,8,0.264121,0.275234,92613.004261,0.143892
6324,,8,16,17,33,16,17,33,8,0.276414,0.289108,6412.603472,0.275132
5943,,8,6,14,20,6,14,20,8,0.264588,0.275867,93492.837031,0.117647
848,,0,36,32,68,36,32,68,8,0.292238,0.307774,609031.562371,0.071173
5306,,8,7,7,14,7,7,14,8,0.274977,0.287765,6314.645771,0.224359
20270,,1,4,0,4,4,0,4,0,0,0,0,0
8463,,10,12,6,18,12,6,18,8,0.249477,0.258818,25293.313452,0.191667
3191,,8,13,24,37,13,24,37,8,0.27426,0.287877,195445.604631,0.09375
2620,,8,31,10,41,31,10,41,8,0.273312,0.285715,122968.71198,0.150071
3000,,8,10,10,20,10,10,20,8,0.259486,0.270086,35728.679247,0.190476
4429,,8,7,21,28,7,21,28,8,0.281797,0.296418,161718.007832,0.129231
8173,,8,18,28,46,18,28,46,7,0.287714,0.302968,126672.340091,0.124359
4834,,8,100,0,100,100,0,100,0,0,0,0,0.121818
2245,,8,31,28,59,31,28,59,7,0.304254,0.321053,446804.737454,0.071644
20955,,8,1,0,1,1,0,1,0,0,0,0,0
3633,,8,15,9,24,15,9,24,8,0.263161,0.275451,62366.180891,0.202632
196,,7,31,23,54,31,23,54,8,0.276463,0.290056,105076.345748,0.1727
484,,10,72,81,153,72,81,153,8,0.312813,0.331885,1544007.349191,0.069222
650,,8,89,104,193,89,104,193,7,0.309313,0.329267,771933.151054,0.061215
19393,,11,34,9,43,34,9,43,8,0.245931,0.255818,146172.897617,0.051051
198,,7,194,154,348,194,154,348,7,0.330344,0.353081,2901932.372978,0.058135
3261,,8,33,11,44,33,11,44,8,0.281907,0.295325,163554.209172,0.129487
1656,,8,49,47,96,49,47,96,8,0.28682,0.303474,876353.097582,0.059301
4973,,8,3,5,8,3,5,8,8,0.263891,0.275142,29277.026907,0.107143
862,,7,37,1,38,37,1,38,8,0.24706,0.255638,1133.510758,0.255334
4134,,8,29,33,62,29,33,62,8,0.290466,0.306903,270545.451306,0.095082
170,,19,116,66,182,116,66,182,8,0.286044,0.302546,2442551.536693,0.034123
14199,,10,6,4,10,6,4,10,8,0.247551,0.257411,2531.887214,0.194444
1485,,7,11,9,20,11,9,20,8,0.230285,0.238347,101270.186006,0.057895
22863,,8,1,0,1,1,0,1,0,0,0,0,0
20017,,11,4,9,13,4,9,13,8,0.258574,0.270017,2888.163475,0.418182
1867,,2,33,18,51,33,18,51,8,0.281376,0.295962,276013.863731,0.087879
524,,15,24,21,45,24,21,45,8,0.278117,0.291398,267294.397501,0.084756
20698,,10,20,16,36,20,16,36,8,0.252678,0.26288,45702.800701,0.188034
5797,,8,9,7,16,9,7,16,8,0.250289,0.260256,102618.494865,0.071429
2191,,5,50,23,73,50,23,73,8,0.270023,0.282833,548690.060452,0.041923
8220,,8,1,1,2,1,1,2,9,0.216073,0.222086,53.622694,0
3607,,8,11,28,39,11,28,39,8,0.287947,0.302439,48249.370357,0.121622
5127,,10,15,29,44,15,29,44,8,0.275774,0.289972,181035.475466,0.103914
13742,,8,1,7,8,1,7,8,8,0.258588,0.269475,1093.381591,0.25
8914,,11,5,1,6,5,1,6,8,0.23451,0.243055,81.479792,0.333333
1318,,5,49,42,91,49,42,91,7,0.315011,0.333145,488932.593715,0.119693
130,,16,46,27,73,46,27,73,8,0.280876,0.294696,858639.678123,0.037158
2005,,8,35,26,61,35,26,61,8,0.276654,0.290346,181609.172957,0.099026
8853,,11,8,6,14,8,6,14,8,0.25283,0.263175,3452.640134,0.355556
1133,,7,45,2,47,45,2,47,8,0.279533,0.291995,75599.583383,0.241919
352,,8,95,72,167,95,72,167,7,0.311746,0.329911,1626003.611424,0.061346
3010,,8,41,51,92,41,51,92,7,0.299419,0.316907,193905.539457,0.152017
8973,,8,9,19,28,9,19,28,8,0.27424,0.287731,2292.853442,0.413158
20847,,8,8,12,20,8,12,20,8,0.269675,0.281876,246.939789,0.712121
10804,,8,16,13,29,16,13,29,8,0.269717,0.281907,2234.549479,0.431373
1701,,8,24,15,39,24,15,39,8,0.25615,0.267256,31860.931406,0.208602
238,,8,19,36,55,19,36,55,8,0.287653,0.303348,26720.677243,0.213705
2506,,11,30,10,40,30,10,40,9,0.238346,0.247338,322522.117062,0.044538
13627,,8,14,3,17,14,3,17,8,0.263426,0.27468,59762.231399,0.07619
25752,,8,1,2,3,1,2,3,8,0.235213,0.243617,0,0.666667
1818,,8,60,45,105,60,45,105,8,0.293927,0.310923,749608.769322,0.057895
25954,,8,2,0,2,2,0,2,0,0,0,0,0
25956,,8,1,2,3,1,2,3,8,0.263747,0.274663,0,1
113,,8,178,28,206,178,28,206,7,0.295546,0.312496,1779576.607628,0.081206
1538,,8,58,77,135,58,77,135,7,0.297682,0.315537,714352.73949,0.096177
476,,8,45,1,46,45,1,46,10,0.167363,0.17024,89611.957979,0.047475
3037,,8,14,28,42,14,28,42,8,0.285407,0.300745,66215.942869,0.208502
4067,,8,19,30,49,19,30,49,8,0.281472,0.296665,154083.610576,0.110897
394,,16,78,42,120,78,42,120,8,0.2995,0.317059,524076.40781,0.068449
8291,,8,7,4,11,7,4,11,8,0.238515,0.247224,9980.931491,0.109091
847,,7,39,2,41,39,2,41,9,0.212742,0.218228,38214.840711,0.138415
26851,,10,8,2,10,8,2,10,9,0.232848,0.240969,2287.198882,0.097222
4812,,11,17,14,31,17,14,31,8,0.257411,0.269664,187950.82912,0.072751
2316,,8,23,20,43,23,20,43,8,0.278133,0.292,171712.69324,0.070267
27422,,11,1,2,3,1,2,3,8,0.252491,0.263542,8051.163423,0
1573,,7,139,0,139,139,0,139,0,0,0,0,0.069649
7263,,5,31,37,68,31,37,68,7,0.289778,0.304812,396501.870117,0.108081
27932,,11,1,2,3,1,2,3,8,0.250709,0.260622,103.128725,0.666667
3658,,8,8,8,16,8,8,16,8,0.251856,0.262571,33628.362495,0.141026
8229,,8,3,5,8,3,5,8,8,0.241189,0.250124,1168.295579,0.2
1081,,8,38,51,89,38,51,89,8,0.301699,0.319355,323546.610629,0.129549
4528,,8,44,27,71,44,27,71,8,0.294244,0.310368,262141.503686,0.12084
7371,,10,2,9,11,2,9,11,8,0.277265,0.290539,18849.034861,0.211111
1825,,10,10,10,20,10,10,20,8,0.266084,0.277507,165393.82317,0.044118
945,,8,45,31,76,45,31,76,8,0.280914,0.295736,428378.361814,0.071009
8872,,8,2,6,8,2,6,8,9,0.23539,0.244249,20610.232944,0.178571
5147,,8,8,6,14,8,6,14,8,0.247688,0.257265,35334.169232,0.089744
3989,,10,10,5,15,10,5,15,8,0.236036,0.244738,45060.136848,0.060606
3967,,10,8,11,19,8,11,19,8,0.265566,0.277104,109679.824404,0.083333
5655,,15,13,12,25,13,12,25,8,0.233162,0.241912,57548.885829,0.184211
29311,,8,3,0,3,3,0,3,0,0,0,0,0.166667
29642,,8,1,0,1,1,0,1,0,0,0,0,0
1483,,7,49,46,95,49,46,95,7,0.315634,0.333245,531950.647372,0.10725
4849,,8,8,14,22,8,14,22,8,0.257749,0.268051,104524.906501,0.085714
1064,,8,52,63,115,52,63,115,7,0.306243,0.325973,1938254.229687,0.044623
7003,,8,3,10,13,3,10,13,8,0.273507,0.286585,81270.455796,0.212121
12469,,7,77,32,109,77,32,109,7,0.303684,0.320919,322632.837357,0.10641
1060,,10,19,30,49,19,30,49,8,0.263832,0.276194,236850.769604,0.063123
1134,,0,17,19,36,17,19,36,8,0.276471,0.289953,181817.938847,0.053782
1915,,8,16,10,26,16,10,26,8,0.269617,0.281847,93242.75705,0.127706
1882,,8,6,11,17,6,11,17,8,0.268421,0.280594,63167.972112,0.175
622,,10,51,44,95,51,44,95,7,0.306882,0.324336,705284.512865,0.073024
3438,,10,20,23,43,20,23,43,8,0.2755,0.288865,196126.236554,0.089744
17442,,7,5,7,12,5,7,12,8,0.28194,0.29594,5324.997188,0.4
7567,,8,10,11,21,10,11,21,8,0.276698,0.289901,67842.96432,0.157895
13666,,7,78,11,89,78,11,89,8,0.279986,0.293325,305649.970225,0.081532
2976,,10,3,8,11,3,8,11,8,0.265806,0.277787,45478.553813,0.333333
4175,,15,7,14,21,7,14,21,8,0.26557,0.277896,81134.690919,0.186275
32,,8,62,31,93,62,31,93,8,0.290377,0.305854,486464.999861,0.099177
1663,,8,76,67,143,76,67,143,7,0.291704,0.308498,1736168.326627,0.040152
16267,,8,3,1,4,3,1,4,8,0.224175,0.2311,577.97295,0.416667
12897,,8,5,3,8,5,3,8,8,0.226582,0.23435,20243.620178,0.095238
3256,,11,10,249,259,10,249,259,7,0.334494,0.362166,2197191.77839,0.025287
7049,,8,12,17,29,12,17,29,8,0.277363,0.291091,56331.948238,0.131054
871,,8,15,60,75,15,60,75,8,0.3028,0.320975,182095.367666,0.177748
12792,,8,7,4,11,7,4,11,8,0.264099,0.275163,11552.475895,0.152778
604,,8,15,8,23,15,8,23,8,0.246795,0.256466,84508.578703,0.067194
801,,8,4,15,19,4,15,19,8,0.278195,0.291663,117336.367389,0.186275
24795,,8,5,2,7,5,2,7,9,0.242581,0.25143,156.973524,0.4
1839,,8,59,36,95,59,36,95,8,0.277126,0.291519,661903.057552,0.059494
6254,,5,8,6,14,8,6,14,8,0.261628,0.272921,19878.820431,0.065934
10400,,24,23,18,41,23,18,41,8,0.241526,0.251347,119927.7443,0.219328
35149,,8,1,0,1,1,0,1,0,0,0,0,0
1844,,8,9,8,17,9,8,17,8,0.250926,0.261049,42860.692143,0.161905
1936,,5,49,75,124,49,75,124,7,0.319768,0.340184,909429.438751,0.074646
10338,,8,7,4,11,7,4,11,8,0.265439,0.276902,26758.600301,0.319444
2525,,8,32,30,62,32,30,62,8,0.282342,0.296952,250583.516505,0.106776
989,,8,106,26,132,106,26,132,8,0.290184,0.305189,239395.480325,0.100122
14,,1,0,3,3,0,3,3,8,0.264291,0.275267,0,0.5
2403,,8,50,56,106,50,56,106,8,0.289881,0.306663,714130.670433,0.046821
70,,7,47,25,72,47,25,72,8,0.259004,0.271026,555788.601453,0.091511
1889,,15,6,5,11,6,5,11,9,0.216319,0.222767,78435.168358,0.055556
2393,,1,11,6,17,11,6,17,8,0.26619,0.277685,402303.085774,0.058824
14854,,1,1,1,2,1,1,2,10,0.178297,0.181845,0,0
16,,24,15,7,22,15,7,22,9,0.235413,0.243746,88647.073308,0.130719
17,,24,5,0,5,5,0,5,0,0,0,0,0.3
18,,24,2,9,11,2,9,11,8,0.236629,0.245093,26403.130962,0.263889
21,,24,30,18,48,30,18,48,8,0.268341,0.280841,241172.503445,0.090244
2998,,24,10,4,14,10,4,14,8,0.274552,0.286562,45690.52346,0.242424
4363,,24,12,11,23,12,11,23,8,0.268647,0.281064,203600.591409,0.107843
31405,,24,3,0,3,3,0,3,0,0,0,0,1
1448,,24,6,19,25,6,19,25,8,0.283699,0.297329,159533.290737,0.121377
1582,,24,50,18,68,50,18,68,8,0.280003,0.294204,550098.716616,0.046721
8174,,24,1,0,1,1,0,1,0,0,0,0,0
10082,,24,2,1,3,2,1,3,10,0.178866,0.182208,2.185065,0.166667
19,,11,9,20,29,9,20,29,8,0.269412,0.282459,100856.657434,0.047009
2629,,11,1,0,1,1,0,1,0,0,0,0,0
940,,10,14,54,68,14,54,68,8,0.303768,0.321654,181879.156474,0.087302
269,,1,14,39,53,14,39,53,8,0.261055,0.273058,129216.124182,0.04463
7592,,8,18,4,22,18,4,22,7,0.293674,0.308179,247332.090883,0.030303
7593,,11,2,0,2,2,0,2,0,0,0,0,0
24229,,1,2,0,2,2,0,2,0,0,0,0,0
17088,,11,21,16,37,21,16,37,8,0.284441,0.298843,573400.190684,0.054367
18174,,11,80,59,139,80,59,139,8,0.298612,0.31731,1221055.523319,0.068794
15399,,12,6,3,9,6,3,9,8,0.238162,0.246207,38387.083732,0.02381
332,,8,20,27,47,20,27,47,8,0.282962,0.297805,181578.730184,0.109081
579,,7,11,14,25,11,14,25,8,0.271652,0.284463,36144.401058,0.183794
1804,,5,3,0,3,3,0,3,0,0,0,0,0.5
1733,,8,14,14,28,14,14,28,8,0.2846,0.299501,26409.399912,0.293651
1488,,7,11,6,17,11,6,17,8,0.262533,0.274003,2744.071802,0.266667
442,,5,90,1,91,90,1,91,8,0.231853,0.238629,100856.680814,0.065793
2920,,5,1,3,4,1,3,4,8,0.266941,0.279254,762.820146,0.333333
5177,,7,14,14,28,14,14,28,8,0.276519,0.289765,29280.212133,0.118234
4683,,10,11,10,21,11,10,21,8,0.269024,0.281777,22176.10087,0.202206
429,,7,64,90,154,64,90,154,8,0.306493,0.326054,640215.532038,0.106788
2433,,5,2,6,8,2,6,8,8,0.231386,0.239263,104766.992825,0.035714
621,,24,22,9,31,22,9,31,8,0.274656,0.287816,188284.13439,0.098291
6571,,8,2,7,9,2,7,9,8,0.267115,0.279259,398.208282,0.303571
2024,,11,14,3,17,14,3,17,8,0.24586,0.256052,20779.956179,0.011029
643,,7,152,50,202,152,50,202,7,0.311668,0.329506,1494377.232857,0.064742
6869,,5,1,2,3,1,2,3,8,0.251661,0.260858,0,0.5
7096,,5,1,0,1,1,0,1,0,0,0,0,0
7097,,5,1,2,3,1,2,3,8,0.251661,0.260858,0,0.5
5351,,5,2,5,7,2,5,7,8,0.252793,0.262286,139.239717,0.25
7098,,5,4,5,9,4,5,9,8,0.251843,0.261137,1447.338852,0.125
7099,,15,2,5,7,2,5,7,8,0.264121,0.275139,105.472193,0.214286
6475,,5,5,9,14,5,9,14,7,0.301733,0.317354,5289.398667,0.189394
7100,,5,1,4,5,1,4,5,8,0.256989,0.266995,26325.880422,0.166667
4585,,10,18,11,29,18,11,29,8,0.251695,0.261573,85522.712134,0.138333
214,,10,46,52,98,46,52,98,8,0.294649,0.312201,786853.64047,0.071261
1020,,5,37,26,63,37,26,63,8,0.278302,0.292433,140748.421467,0.111111
4956,,7,3,9,12,3,9,12,8,0.269946,0.281984,2501.853196,0.209091
1940,,8,9,2,11,9,2,11,9,0.218696,0.224955,47194.169194,0.081818
733,,8,22,36,58,22,36,58,7,0.286982,0.302534,118053.393665,0.151293
9401,,8,1,2,3,1,2,3,9,0.230852,0.238136,318.765988,0.166667
665,,7,152,17,169,152,17,169,8,0.273491,0.286334,629461.972239,0.073085
80,,7,73,215,288,73,215,288,7,0.33117,0.356228,1306795.498907,0.073433
5036,,5,1,1,2,1,1,2,8,0.232188,0.239318,0,1
3150,,11,102,22,124,102,22,124,8,0.293491,0.307602,1321167.655463,0.051963
9698,,7,2,2,4,2,2,4,9,0.207616,0.212893,25975,0.25
10419,,5,1,4,5,1,4,5,8,0.251748,0.261045,21.538827,0.25
586,,24,60,19,79,60,19,79,8,0.275948,0.288794,497672.1865,0.05118
2534,,5,65,30,95,65,30,95,8,0.278384,0.292519,732523.164854,0.034054
11361,,5,1,0,1,1,0,1,0,0,0,0,0
11873,,5,1,0,1,1,0,1,0,0,0,0,0
91,,5,124,61,185,124,61,185,8,0.298196,0.316703,1450104.258326,0.077679
512,,8,18,12,30,18,12,30,8,0.267548,0.279618,4756.707806,0.208046
2786,,5,57,54,111,57,54,111,8,0.290086,0.306159,730088.136918,0.077364
2649,,5,47,48,95,47,48,95,7,0.301081,0.318381,187533.365699,0.172509
739,,5,42,56,98,42,56,98,8,0.303376,0.321231,447532.199903,0.098904
1806,,5,38,45,83,38,45,83,7,0.311658,0.329128,251795.505069,0.129508
13462,,5,1,0,1,1,0,1,0,0,0,0,0
644,,15,112,34,146,112,34,146,8,0.291181,0.306948,896051.942345,0.045406
14268,,5,1,0,1,1,0,1,0,0,0,0,0
9019,,11,13,12,25,13,12,25,8,0.268878,0.281035,133119.1582,0.060606
3368,,5,51,22,73,51,22,73,8,0.282059,0.29671,469207.216858,0.09747
1778,,5,114,106,220,114,106,220,8,0.310788,0.330675,2529656.081339,0.068768
14830,,5,1,0,1,1,0,1,0,0,0,0,0
12653,,5,3,0,3,3,0,3,0,0,0,0,0.666667
2070,,8,23,15,38,23,15,38,8,0.281869,0.296192,151749.48154,0.112698
1790,,5,36,48,84,36,48,84,7,0.310092,0.32787,143999.217017,0.154634
15948,,5,1,0,1,1,0,1,0,0,0,0,0
16552,,5,1,0,1,1,0,1,0,0,0,0,0
16553,,5,1,1,2,1,1,2,8,0.251658,0.260832,0,0
498,,8,56,42,98,56,42,98,7,0.297611,0.313351,405465.112464,0.098502
16993,,5,1,0,1,1,0,1,0,0,0,0,0
5682,,5,1,1,2,1,1,2,9,0.206471,0.211864,134.416774,0
18256,,5,7,4,11,7,4,11,8,0.27045,0.282462,33086.133572,0.133333
18400,,5,1,0,1,1,0,1,0,0,0,0,0
18541,,5,2,1,3,2,1,3,8,0.251658,0.260832,0,0.5
924,,7,98,142,240,98,142,240,7,0.327899,0.350701,2087467.986021,0.071455
18947,,5,10,0,10,10,0,10,0,0,0,0,0.2
5470,,7,72,12,84,72,12,84,8,0.280633,0.294121,245591.249804,0.085957
10268,,11,86,65,151,86,65,151,8,0.300121,0.319655,895807.507819,0.067806
3454,,5,138,116,254,138,116,254,7,0.324676,0.345907,2027944.801247,0.059455
20418,,5,1,1,2,1,1,2,9,0.212822,0.218686,56.593964,0.5
12572,,5,56,37,93,56,37,93,8,0.294064,0.310788,346850.968252,0.085773
20925,,5,1,0,1,1,0,1,0,0,0,0,0
233,,7,347,433,780,347,433,780,7,0.361357,0.39311,13442908.319953,0.027792
7984,,7,52,57,109,52,57,109,7,0.3122,0.330194,962396.226181,0.138746
1684,,10,26,22,48,26,22,48,7,0.302683,0.318811,208870.047465,0.11336
22284,,5,1,0,1,1,0,1,0,0,0,0,0
22205,,7,5,1,6,5,1,6,9,0.221715,0.228356,104.394454,0.366667
3807,,5,48,70,118,48,70,118,7,0.30772,0.325346,547419.137318,0.111966
6002,,5,38,44,82,38,44,82,8,0.294737,0.312161,613163.793727,0.127305
4329,,5,60,186,246,60,186,246,7,0.330304,0.354974,1065203.759286,0.056034
493,,5,49,38,87,49,38,87,7,0.294161,0.310616,357188.889446,0.095738
22156,,7,22,15,37,22,15,37,8,0.286297,0.301162,27408.653764,0.182709
20396,,5,4,3,7,4,3,7,8,0.251671,0.260903,45328.810307,0.2
7177,,5,1,6,7,1,6,7,8,0.266695,0.278489,2545.647099,0.333333
13833,,5,97,166,263,97,166,263,7,0.32598,0.349467,3768561.554651,0.032332
27169,,5,1,0,1,1,0,1,0,0,0,0,0
27170,,5,1,0,1,1,0,1,0,0,0,0,0
19756,,5,7,2,9,7,2,9,9,0.223269,0.230196,3845.155029,0.069444
2394,,8,12,3,15,12,3,15,8,0.23115,0.239209,63640.012573,0.019048
10907,,5,1,2,3,1,2,3,8,0.253525,0.262942,48.550233,0
28155,,5,1,1,2,1,1,2,8,0.251658,0.260832,0,0
1643,,7,36,26,62,36,26,62,7,0.30771,0.324982,186052.010733,0.169462
3367,,10,64,43,107,64,43,107,8,0.29247,0.309807,700351.044874,0.067637
139,,8,54,34,88,54,34,88,8,0.286802,0.302422,591691.027724,0.058149
30276,,5,1,0,1,1,0,1,0,0,0,0,0
13522,,11,6,7,13,6,7,13,8,0.273677,0.286295,39699.846515,0.19697
1294,,11,62,51,113,62,51,113,8,0.290175,0.306748,1101294.608973,0.04292
3074,,11,8,12,20,8,12,20,8,0.269895,0.282152,149253.001053,0.04902
31254,,5,6,0,6,6,0,6,0,0,0,0,0.333333
31277,,16,14,8,22,14,8,22,8,0.232279,0.240769,6830.236572,0.133333
19826,,5,15,11,26,15,11,26,8,0.284867,0.299582,55671.630302,0.222222
31637,,5,1,0,1,1,0,1,0,0,0,0,0
2658,,5,21,19,40,21,19,40,8,0.27992,0.294179,83662.975635,0.141129
18294,,11,2,6,8,2,6,8,8,0.26086,0.272334,1632.595643,0.464286
1734,,21,127,68,195,127,68,195,8,0.285281,0.30182,3315078.320646,0.016556
32967,,5,1,0,1,1,0,1,0,0,0,0,0
5418,,5,2,0,2,2,0,2,0,0,0,0,0.5
32991,,15,4,2,6,4,2,6,8,0.261727,0.272872,3830.371145,0.1
2203,,6,27,17,44,27,17,44,7,0.297965,0.313347,174811.854362,0.085714
27691,,15,6,36,42,6,36,42,8,0.264369,0.276642,146327.566957,0.013495
34184,,5,1,1,2,1,1,2,8,0.248299,0.257863,0,1
3917,,24,6,2,8,6,2,8,9,0.218955,0.22553,2388.614071,0.261905
20525,,24,1,0,1,1,0,1,0,0,0,0,0
4498,,24,5,6,11,5,6,11,9,0.225148,0.232925,12623.533016,0.208333
8301,,24,3,3,6,3,3,6,8,0.273829,0.285606,9787.286915,0.166667
464,,8,8,23,31,8,23,31,8,0.290395,0.304702,87354.781514,0.197044
890,,8,1,1,2,1,1,2,9,0.212007,0.217882,38.296754,0
378,,7,21,40,61,21,40,61,7,0.30585,0.322677,65120.911953,0.139286
1267,,8,18,20,38,18,20,38,8,0.272991,0.286379,123676.650866,0.120168
1506,,15,6,3,9,6,3,9,8,0.229278,0.236034,163.869722,0.035714
728,,8,24,22,46,24,22,46,8,0.285897,0.300625,40008.703408,0.214744
1976,,8,1,0,1,1,0,1,0,0,0,0,0
328,,7,81,1,82,81,1,82,8,0.24048,0.248315,98380.560769,0.13249
339,,12,45,28,73,45,28,73,7,0.308158,0.325045,1836885.801391,0.037087
4557,,8,4,9,13,4,9,13,8,0.272841,0.286077,551.371331,0.590909
135,,7,12,0,12,12,0,12,0,0,0,0,0.219697
223,,7,75,77,152,75,77,152,7,0.306438,0.325187,762564.818814,0.096491
4862,,8,6,8,14,6,8,14,8,0.238222,0.246806,3893.361042,0.082418
1880,,8,28,43,71,28,43,71,7,0.299077,0.315842,264310.45727,0.159375
110,,6,8,8,16,8,8,16,8,0.270046,0.282838,27529.642035,0.192308
65,,8,39,30,69,39,30,69,7,0.292284,0.307648,534139.772594,0.061756
781,,8,48,103,151,48,103,151,7,0.310281,0.329664,1113494.311631,0.061062
3091,,8,22,12,34,22,12,34,8,0.274808,0.288211,133387.902911,0.125
496,,8,12,19,31,12,19,31,8,0.279496,0.292992,72224.004314,0.21164
179,,8,114,105,219,114,105,219,7,0.303861,0.323698,2110983.316741,0.064136
2827,,8,39,23,62,39,23,62,8,0.283503,0.298269,259264.214474,0.101504
7071,,8,1,0,1,1,0,1,0,0,0,0,0
5078,,8,16,23,39,16,23,39,8,0.28526,0.300319,97544.325165,0.141176
2839,,8,10,36,46,10,36,46,7,0.300049,0.317021,103744.809226,0.124242
3617,,12,10,6,16,10,6,16,8,0.268674,0.280607,237763.775066,0.066667
1749,,11,91,43,134,91,43,134,7,0.29981,0.316204,1304412.062242,0.040509
7864,,8,12,7,19,12,7,19,8,0.268391,0.280479,104236.9729,0.1375
2784,,8,5,7,12,5,7,12,8,0.265402,0.276805,20263.29344,0.277778
5098,,7,6,3,9,6,3,9,8,0.22521,0.2325,2191.294027,0.111111
1230,,8,83,55,138,83,55,138,8,0.292415,0.310213,699670.253898,0.059174
10105,,8,2,3,5,2,3,5,8,0.23937,0.247991,108.357137,0.55
2132,,10,6,51,57,6,51,57,7,0.302864,0.319895,194858.591828,0.107617
236,,7,28,0,28,28,0,28,0,0,0,0,0.166667
782,,8,21,5,26,21,5,26,8,0.257333,0.267269,107351.214573,0.144269
8711,,15,5,6,11,5,6,11,8,0.235169,0.24395,11368.542723,0.111111
1639,,8,25,51,76,25,51,76,7,0.305265,0.323043,209345.326782,0.12634
8157,,8,16,20,36,16,20,36,8,0.271609,0.284234,233201.927111,0.097291
3225,,8,21,33,54,21,33,54,7,0.281864,0.296554,125605.198884,0.146934
254,,8,27,34,61,27,34,61,8,0.287253,0.302879,164757.902539,0.098039
11854,,8,3,2,5,3,2,5,8,0.247353,0.256631,17.842781,0.333333
849,,8,62,43,105,62,43,105,8,0.290583,0.306888,576087.788577,0.065132
1395,,7,16,27,43,16,27,43,8,0.286877,0.301925,199784.807701,0.125178
11127,,8,5,5,10,5,5,10,8,0.251348,0.261358,4682.750423,0.410714
13425,,8,1,9,10,1,9,10,8,0.27038,0.283019,147.357481,0.444444
13725,,16,3,2,5,3,2,5,8,0.237489,0.24497,299.438266,0.05
1251,,7,122,18,140,122,18,140,8,0.272773,0.286353,475531.664772,0.070587
2395,,8,20,23,43,20,23,43,8,0.282817,0.297232,314276.60376,0.085586
8613,,8,2,4,6,2,4,6,8,0.253774,0.263982,40.514497,0.4
5747,,8,7,47,54,7,47,54,7,0.295509,0.312771,79256.407419,0.082857
3395,,8,12,29,41,12,29,41,8,0.288388,0.304046,155296.537605,0.134921
10232,,8,4,5,9,4,5,9,8,0.256611,0.267662,1785.105926,0.333333
7189,,8,3,2,5,3,2,5,8,0.272209,0.283785,669.117283,0.25
3590,,8,21,28,49,21,28,49,8,0.291672,0.307343,173279.406305,0.138211
1636,,8,47,13,60,47,13,60,8,0.269493,0.281788,133197.442939,0.164646
998,,11,43,86,129,43,86,129,8,0.312844,0.332386,781271.373449,0.075712
3876,,8,5,7,12,5,7,12,8,0.270932,0.282914,27459.644795,0.133333
1977,,8,22,25,47,22,25,47,8,0.281199,0.29556,162300.213816,0.159317
3211,,8,15,24,39,15,24,39,8,0.283272,0.298307,108398.936133,0.164884
5685,,8,12,19,31,12,19,31,8,0.271256,0.283966,16069.638952,0.181034
18535,,8,1,0,1,1,0,1,0,0,0,0,0
2824,,8,19,26,45,19,26,45,7,0.282456,0.296755,156158.809864,0.137195
2531,,8,3,3,6,3,3,6,8,0.263201,0.275242,12461.128064,0.166667
3090,,8,15,21,36,15,21,36,8,0.275992,0.289474,146076.800009,0.116092
7515,,8,7,7,14,7,7,14,8,0.277596,0.290731,67285.212607,0.384615
581,,7,29,150,179,29,150,179,7,0.333381,0.356193,319516.57345,0.096273
218,,7,95,106,201,95,106,201,7,0.320956,0.342326,1032267.217708,0.080284
4373,,8,9,20,29,9,20,29,8,0.282562,0.29776,55481.479725,0.238462
102,,8,15,13,28,15,13,28,8,0.275863,0.288792,67435.048175,0.12963
7727,,8,9,11,20,9,11,20,8,0.279243,0.293255,41603.70164,0.143275
7564,,8,5,0,5,5,0,5,0,0,0,0,0.45
1375,,8,17,34,51,17,34,51,8,0.285758,0.301746,167210.733431,0.162602
8355,,8,121,164,285,121,164,285,7,0.335903,0.358982,2728315.485876,0.058906
3341,,8,9,1,10,9,1,10,8,0.262753,0.273463,6417.502658,0.211111
2172,,8,18,14,32,18,14,32,8,0.26457,0.276085,351799.597235,0.118234
6603,,10,16,20,36,16,20,36,8,0.25399,0.26434,84969.592973,0.132184
972,,8,18,36,54,18,36,54,8,0.295532,0.31202,42602.797889,0.25
180,,8,63,38,101,63,38,101,8,0.284351,0.299744,543901.886207,0.061423
5179,,8,3,3,6,3,3,6,8,0.265896,0.277108,37754.165307,0.2
11531,,12,15,5,20,15,5,20,8,0.243961,0.253074,194117.773826,0.025735
24584,,7,38,46,84,38,46,84,7,0.310281,0.328602,127742.49325,0.178452
27608,,8,1,0,1,1,0,1,0,0,0,0,0
278,,8,47,40,87,47,40,87,7,0.294363,0.311372,227459.897514,0.144206
20790,,9,1,2,3,1,2,3,9,0.199847,0.205116,560.154047,0.333333
1603,,8,12,18,30,12,18,30,8,0.278611,0.292185,69828.463473,0.155172
806,,11,143,83,226,143,83,226,8,0.297306,0.316229,2211373.851906,0.046944
103,,8,43,92,135,43,92,135,7,0.324687,0.345314,662456.181028,0.090841
29770,,10,2,0,2,2,0,2,0,0,0,0,0
912,,7,48,40,88,48,40,88,8,0.287244,0.303197,440632.165751,0.093514
2772,,8,11,29,40,11,29,40,8,0.284003,0.298959,47514.447907,0.13964
9819,,8,8,10,18,8,10,18,8,0.252268,0.26189,1496.040072,0.120879
446,,8,57,96,153,57,96,153,7,0.31499,0.334935,943085.035997,0.09172
4367,,7,15,16,31,15,16,31,8,0.268855,0.281747,42943.826654,0.185185
28608,,11,2,2,4,2,2,4,8,0.251395,0.261495,44799,0.166667
26770,,8,7,1,8,7,1,8,1,1,1,14.872264,0.142857
2273,,8,24,45,69,24,45,69,8,0.300711,0.318471,148506.439066,0.151366
16997,,8,3,5,8,3,5,8,8,0.267993,0.279763,37652,0.357143
1210,,10,12,190,202,12,190,202,7,0.339073,0.363705,646284.438628,0.056139
33437,,8,1,0,1,1,0,1,0,0,0,0,0
25668,,8,7,5,12,7,5,12,8,0.254378,0.264454,1943.773642,0.566667
1929,,8,11,12,23,11,12,23,8,0.27019,0.282876,42154.272105,0.17316
5210,,8,14,16,30,14,16,30,8,0.284192,0.298648,121551.578945,0.235507
358,,8,41,31,72,41,31,72,8,0.284488,0.299334,263561.622936,0.149718
1452,,8,2,4,6,2,4,6,8,0.265844,0.277155,1272.990737,0.266667
30302,,8,2,0,2,2,0,2,0,0,0,0,1
28406,,8,1,3,4,1,3,4,8,0.264577,0.27575,5.309673,0.416667
365,,8,3,2,5,3,2,5,9,0.230006,0.237692,914.303938,0.1
935,,7,50,36,86,50,36,86,7,0.313015,0.331303,316084.300072,0.128124
562,,8,9,16,25,9,16,25,8,0.279048,0.293016,167475.40206,0.151515
1192,,8,39,36,75,39,36,75,8,0.301226,0.318924,198754.881829,0.161106
499,,8,134,88,222,134,88,222,8,0.301028,0.319276,2283622.608445,0.036
427,,7,89,27,116,89,27,116,8,0.294455,0.310322,502757.622805,0.139148
3685,,8,4,1,5,4,1,5,8,0.262753,0.273463,0,0.65
283,,8,43,21,64,43,21,64,8,0.277752,0.291544,232714.054777,0.070069
2621,,8,16,7,23,16,7,23,8,0.269841,0.282074,53348.591707,0.266667
4099,,11,23,37,60,23,37,60,8,0.276013,0.290257,493877.557903,0.03064
4007,,8,25,4,29,25,4,29,8,0.265574,0.276719,21839.337834,0.155172
1438,,16,18,19,37,18,19,37,7,0.287508,0.302073,316138.769178,0.111895
10383,,8,1,0,1,1,0,1,0,0,0,0,0
4462,,8,3,5,8,3,5,8,8,0.251067,0.26079,1047.386853,0.095238
1881,,8,21,14,35,21,14,35,8,0.256084,0.26635,87959.929616,0.097884
2117,,7,43,55,98,43,55,98,8,0.296258,0.313179,185340.086678,0.128657
2707,,8,44,38,82,44,38,82,8,0.282885,0.298373,492590.308576,0.074922
6484,,1,8,0,8,8,0,8,0,0,0,0,0.089286
1462,,7,89,61,150,89,61,150,8,0.303533,0.321563,1766707.725116,0.056211
11010,,9,2,2,4,2,2,4,9,0.185525,0.189905,1227.082356,0.166667
11108,,7,8,5,13,8,5,13,8,0.249361,0.258511,1666.660263,0.24359
12311,,7,93,0,93,93,0,93,0,0,0,0,0.099579
8420,,8,2,10,12,2,10,12,8,0.267312,0.279174,5799.937659,0.3
1303,,8,30,31,61,30,31,61,7,0.283417,0.297851,73720.600613,0.20296
16019,,8,1,0,1,1,0,1,0,0,0,0,0
1350,,8,12,19,31,12,19,31,7,0.276548,0.289634,18876.49337,0.22
3889,,8,9,1,10,9,1,10,9,0.22723,0.234,20077.947602,0.138889
1863,,8,13,11,24,13,11,24,8,0.24498,0.254248,98514.429287,0.106061
1046,,8,65,65,130,65,65,130,7,0.317942,0.336542,1736516.757782,0.050459
4984,,7,9,11,20,9,11,20,8,0.250229,0.260447,6220.992517,0.136842
19520,,8,2,0,2,2,0,2,0,0,0,0,1
174,,8,39,31,70,39,31,70,8,0.29001,0.30593,241966.374929,0.14887
3245,,8,13,21,34,13,21,34,8,0.281658,0.295819,19108.71276,0.189247
3247,,10,38,40,78,38,40,78,8,0.291023,0.307312,437182.11459,0.085405
25,,11,19,38,57,19,38,57,8,0.292975,0.309768,312948.408706,0.109729
26,,11,108,113,221,108,113,221,8,0.313652,0.334744,2273488.17976,0.048343
1858,,11,42,29,71,42,29,71,8,0.275129,0.289277,733704.842094,0.070219
78,,8,57,427,484,57,427,484,7,0.359069,0.390481,3138737.570923,0.034817
5865,,11,9,5,14,9,5,14,8,0.262915,0.274786,38606.391216,0.071429
834,,11,14,10,24,14,10,24,8,0.245146,0.255892,249435.294551,0.120915
8778,,11,2,1,3,2,1,3,9,0.196883,0.202204,0,0.5
9063,,11,3,7,10,3,7,10,8,0.247187,0.257624,1867.340827,0.222222
2179,,11,10,11,21,10,11,21,8,0.252011,0.263138,142575.80393,0.191667
13366,,11,1,0,1,1,0,1,0,0,0,0,0
262,,11,47,28,75,47,28,75,8,0.280625,0.295237,459620.419313,0.090693
3823,,11,17,20,37,17,20,37,7,0.284059,0.298488,133058.248278,0.092692
14151,,11,8,4,12,8,4,12,9,0.216912,0.224107,148155.544566,0.066667
7047,,11,10,5,15,10,5,15,8,0.252987,0.262613,91631.58881,0.076923
12488,,11,5,3,8,5,3,8,8,0.272821,0.284565,41403.781896,0.047619
13709,,11,27,17,44,27,17,44,7,0.302956,0.319104,355486.154148,0.084756
5117,,11,32,14,46,32,14,46,7,0.278187,0.292161,155266.704975,0.146424
713,,11,40,15,55,40,15,55,8,0.26721,0.280336,307794.681493,0.069388
477,,7,36,37,73,36,37,73,7,0.289836,0.305656,516304.002675,0.069979
1249,,11,58,38,96,58,38,96,7,0.289635,0.306001,989115.563948,0.064593
1412,,11,13,26,39,13,26,39,8,0.270399,0.284122,119155.329794,0.101587
383,,16,2,4,6,2,4,6,8,0.275851,0.287896,1865.228771,0.25
280,,11,82,45,127,82,45,127,8,0.291055,0.307817,1030091.559351,0.082814
2809,,11,2,1,3,2,1,3,9,0.238766,0.247348,0,1
4455,,11,10,13,23,10,13,23,8,0.255635,0.266852,25569.07995,0.139706
1151,,8,34,7,41,34,7,41,8,0.265181,0.276477,102264.320907,0.118065
5927,,11,2,2,4,2,2,4,9,0.238772,0.247383,26077.735118,0
3616,,11,1,1,2,1,1,2,8,0.239858,0.247713,0,0.5
9104,,16,2,0,2,2,0,2,0,0,0,0,0
730,,11,60,42,102,60,42,102,8,0.293071,0.309337,752367.324524,0.071409
5669,,11,4,9,13,4,9,13,8,0.251064,0.261108,2237.352736,0.222222
9817,,11,10,6,16,10,6,16,8,0.257897,0.269374,320947.444929,0.080952
11790,,11,1,4,5,1,4,5,8,0.270819,0.283389,0,0.75
17234,,11,1,0,1,1,0,1,0,0,0,0,0
17235,,11,1,0,1,1,0,1,0,0,0,0,0
17394,,11,1,0,1,1,0,1,0,0,0,0,0
17462,,11,2,2,4,2,2,4,8,0.272201,0.283767,1114.46609,0.666667
7529,,16,8,7,15,8,7,15,8,0.261255,0.273189,45186.490487,0.07619
6167,,11,11,13,24,11,13,24,8,0.265656,0.278122,174467.815326,0.157895
1231,,11,2,0,2,2,0,2,0,0,0,0,0
2873,,8,17,1,18,17,1,18,8,0.261472,0.272564,6284.340133,0.179739
17810,,11,3,4,7,3,4,7,9,0.240416,0.2492,26193.231957,0.2
19592,,11,3,2,5,3,2,5,9,0.240198,0.249013,3862.518253,0.333333
2449,,11,38,34,72,38,34,72,7,0.305652,0.322891,563548.676389,0.101538
2392,,11,7,4,11,7,4,11,9,0.240788,0.249656,269.04389,0.25
1253,,2,38,13,51,38,13,51,8,0.279276,0.293134,160166.758681,0.100951
21047,,11,2,1,3,2,1,3,9,0.226424,0.233471,0,1
21325,,11,1,0,1,1,0,1,0,0,0,0,0
21474,,11,3,2,5,3,2,5,9,0.228876,0.237009,231.684889,0.2
21535,,11,2,1,3,2,1,3,9,0.238766,0.247348,0,1
134,,7,57,636,693,57,636,693,7,0.371982,0.408038,5083750.132878,0.023889
13136,,11,5,6,11,5,6,11,8,0.247733,0.256699,49648.859487,0.097222
1876,,11,22,19,41,22,19,41,8,0.258503,0.271163,174640.405664,0.119318
748,,11,9,12,21,9,12,21,8,0.250546,0.261685,154716.196906,0.02924
2033,,11,29,1,30,29,1,30,9,0.2097,0.215028,94526.356724,0.081609
830,,11,20,20,40,20,20,40,8,0.267365,0.280759,94467.317747,0.107008
4553,,7,16,12,28,16,12,28,8,0.279251,0.292644,7176.910847,0.212963
21040,,16,14,8,22,14,8,22,8,0.258923,0.270396,58766.056812,0.15
13942,,11,7,2,9,7,2,9,9,0.232909,0.240347,273.684346,0.055556
21854,,11,3,2,5,3,2,5,8,0.249249,0.258812,596.672909,0.25
22151,,10,10,15,25,10,15,25,7,0.277772,0.290769,58452.118227,0.118333
21732,,11,6,4,10,6,4,10,9,0.243889,0.253607,2624.266654,0.380952
22172,,11,1,0,1,1,0,1,0,0,0,0,0
2563,,15,11,1,12,11,1,12,1,1,1,25979,0.045455
4216,,11,17,25,42,17,25,42,8,0.290278,0.305613,152968.107997,0.15722
4750,,16,93,25,118,93,25,118,8,0.266952,0.279508,2135465.663559,0.018432
22720,,15,1,1,2,1,1,2,10,0.179155,0.182313,0,0.5
11680,,15,7,1,8,7,1,8,9,0.194785,0.199183,1692.932255,0.053571
14000,,11,4,3,7,4,3,7,8,0.232995,0.240114,29282.844957,0.071429
4617,,11,2,2,4,2,2,4,8,0.245003,0.255124,290.35365,0.25
2283,,11,32,21,53,32,21,53,8,0.286493,0.301271,199355.31698,0.123299
3232,,11,24,13,37,24,13,37,8,0.255462,0.266144,298179.997321,0.078598
2630,,7,45,2,47,45,2,47,8,0.273225,0.285822,86804.995895,0.116559
529,,11,38,27,65,38,27,65,8,0.285775,0.301431,254956.401129,0.069156
13010,,11,2,0,2,2,0,2,0,0,0,0,0
25790,,11,1,0,1,1,0,1,0,0,0,0,0
18957,,11,7,19,26,7,19,26,8,0.268372,0.28109,16892.319564,0.270563
7399,,11,64,45,109,64,45,109,7,0.310153,0.328218,1054853.949376,0.085348
2808,,11,2,2,4,2,2,4,9,0.238769,0.247374,2.686321,0.666667
31504,,11,1,0,1,1,0,1,0,0,0,0,0
2507,,11,17,14,31,17,14,31,8,0.254031,0.265546,181635.029953,0.106838
13445,,8,3,2,5,3,2,5,9,0.222304,0.228866,194.002876,0.1
34847,,11,1,0,1,1,0,1,0,0,0,0,0
552,,11,36,34,70,36,34,70,7,0.307323,0.324843,623456.515614,0.114943
1120,,7,62,1,63,62,1,63,8,0.237615,0.245052,60026.604391,0.103649
27,,24,66,34,100,66,34,100,8,0.279313,0.294436,1563725.084812,0.016553
1728,,16,2,3,5,2,3,5,8,0.263212,0.274094,1408.885451,0.1
7785,,24,1,0,1,1,0,1,0,0,0,0,0
9360,,24,1,1,2,1,1,2,9,0.218333,0.225134,0,0
11323,,24,1,0,1,1,0,1,0,0,0,0,0
11471,,24,1,1,2,1,1,2,9,0.218333,0.225134,0,0
5254,,10,18,15,33,18,15,33,8,0.274192,0.288267,75265.904704,0.094624
21727,,24,1,1,2,1,1,2,9,0.218333,0.225134,0,0
22405,,24,1,1,2,1,1,2,9,0.218333,0.225134,0,0
7615,,16,15,12,27,15,12,27,8,0.252349,0.262752,244982.905639,0.03442
8918,,24,3,1,4,3,1,4,9,0.218333,0.225134,0,0.333333
25306,,24,1,0,1,1,0,1,0,0,0,0,0
25424,,24,1,1,2,1,1,2,9,0.218333,0.225134,0,0
570,,24,7,3,10,7,3,10,9,0.231096,0.238803,4191.849181,0.125
26482,,24,1,0,1,1,0,1,0,0,0,0,0
13050,,24,6,4,10,6,4,10,9,0.228144,0.236028,49498.677472,0.107143
27132,,24,1,0,1,1,0,1,0,0,0,0,0
27285,,24,1,0,1,1,0,1,0,0,0,0,0
19716,,24,15,8,23,15,8,23,8,0.280587,0.294643,129648.297313,0.166667
29148,,24,2,0,2,2,0,2,0,0,0,0,0.5
24788,,24,1,1,2,1,1,2,9,0.218333,0.225134,0,0
32606,,24,1,0,1,1,0,1,0,0,0,0,0
26753,,24,2,1,3,2,1,3,9,0.218333,0.225134,0,0.5
3895,,24,7,6,13,7,6,13,8,0.264689,0.275952,76703.772063,0.127273
34361,,24,1,0,1,1,0,1,0,0,0,0,0
2012,,24,2,3,5,2,3,5,9,0.218435,0.225323,25978.641279,0.333333
436,,11,2,2,4,2,2,4,8,0.246656,0.256174,0.666667,0.666667
371,,11,3,7,10,3,7,10,8,0.255732,0.266686,45027.920256,0.222222
1605,,11,1,0,1,1,0,1,0,0,0,0,0
3929,,11,6,6,12,6,6,12,8,0.246843,0.256542,32.681001,0.339286
3822,,11,13,10,23,13,10,23,8,0.249229,0.259139,90557.926951,0.208791
4376,,11,1,2,3,1,2,3,8,0.251715,0.261511,0,1
4512,,8,10,5,15,10,5,15,8,0.267138,0.278765,68308.478096,0.142857
3753,,11,3,0,3,3,0,3,0,0,0,0,0.333333
4689,,11,4,3,7,4,3,7,8,0.248371,0.257852,44918.735627,0.166667
267,,11,14,15,29,14,15,29,8,0.2484,0.258652,114248.976512,0.106884
2042,,6,8,5,13,8,5,13,8,0.247359,0.257105,65543.08289,0.090909
5264,,11,4,1,5,4,1,5,8,0.246653,0.256147,0,0.583333
3025,,11,44,34,78,44,34,78,8,0.271002,0.285427,529607.699185,0.079376
107,,11,16,32,48,16,32,48,7,0.30415,0.321405,356454.743019,0.067125
6830,,11,2,3,5,2,3,5,8,0.267073,0.27855,94.051414,0.5
7015,,11,1,1,2,1,1,2,8,0.246653,0.256147,0,0
818,,15,22,22,44,22,22,44,8,0.28022,0.29461,211215.830221,0.086585
7340,,11,1,1,2,1,1,2,8,0.246653,0.256147,0,0
5741,,11,3,6,9,3,6,9,8,0.252265,0.26251,26904.007529,0.214286
7680,,11,1,0,1,1,0,1,0,0,0,0,0
7634,,11,4,1,5,4,1,5,8,0.230085,0.237687,19186.791165,0
817,,11,12,7,19,12,7,19,8,0.273364,0.28639,27369.810666,0.195238
8679,,11,1,0,1,1,0,1,0,0,0,0,0
2542,,11,44,36,80,44,36,80,8,0.28939,0.305327,389617.356106,0.089904
8709,,11,4,2,6,4,2,6,8,0.249074,0.259195,786.181697,0.166667
8746,,11,5,2,7,5,2,7,8,0.24675,0.256301,2.203517,0.75
1468,,11,66,42,108,66,42,108,8,0.298111,0.315026,889265.753535,0.071557
9686,,11,1,0,1,1,0,1,0,0,0,0,0
9770,,5,8,9,17,8,9,17,8,0.252539,0.263317,65644.317259,0.208791
9811,,11,4,4,8,4,4,8,8,0.248535,0.258117,18844.317185,0.6
11767,,11,1,0,1,1,0,1,0,0,0,0,0
1583,,10,50,56,106,50,56,106,8,0.29282,0.310069,1087503.039529,0.057872
11667,,16,3,12,15,3,12,15,8,0.272025,0.285304,10340.905314,0.21978
7870,,15,1,3,4,1,3,4,9,0.223565,0.230836,556.022894,0.083333
2267,,11,54,47,101,54,47,101,7,0.314674,0.333987,1048217.405389,0.080581
16600,,11,1,2,3,1,2,3,8,0.247223,0.256798,0,1
16957,,11,1,0,1,1,0,1,0,0,0,0,0
5446,,13,4,1,5,4,1,5,8,0.229169,0.236724,593.527678,0.05
18375,,11,3,1,4,3,1,4,8,0.246653,0.256147,0,0.666667
18537,,11,2,1,3,2,1,3,8,0.246653,0.256147,0,1
3821,,11,2,4,6,2,4,6,8,0.248535,0.258117,0,0.85
11956,,11,2,0,2,2,0,2,0,0,0,0,0
1362,,6,48,46,94,48,46,94,7,0.306308,0.323897,1174773.809917,0.048288
7915,,11,4,5,9,4,5,9,8,0.258372,0.269378,6616.204201,0.433333
18376,,11,2,3,5,2,3,5,8,0.255687,0.266523,0.666667,0.583333
6313,,16,11,7,18,11,7,18,8,0.266235,0.277748,84641.297792,0.090476
133,,8,27,84,111,27,84,111,8,0.301844,0.321676,314583.908962,0.087487
21463,,11,1,0,1,1,0,1,0,0,0,0,0
2015,,11,78,58,136,78,58,136,7,0.294069,0.311484,2589185.169098,0.067566
20203,,6,1,4,5,1,4,5,8,0.24909,0.259275,651.719339,0.333333
9614,,11,1,1,2,1,1,2,8,0.246653,0.256147,0,0
22428,,11,1,1,2,1,1,2,8,0.246653,0.256147,0,0
33,,11,13,11,24,13,11,24,8,0.272068,0.285078,114806.691272,0.142857
3131,,15,19,12,31,19,12,31,8,0.251802,0.261739,132486.703249,0.019841
1592,,11,6,8,14,6,8,14,8,0.259083,0.270504,24228.92865,0.272727
16378,,11,69,39,108,69,39,108,8,0.284785,0.301088,822789.257468,0.091209
24604,,11,39,18,57,39,18,57,7,0.276467,0.290093,879894.33879,0.023384
1802,,11,24,18,42,24,18,42,8,0.278615,0.293502,228016.667733,0.155405
27840,,11,1,2,3,1,2,3,8,0.247414,0.256974,0,1
16647,,11,2,0,2,2,0,2,0,0,0,0,0
13430,,11,4,0,4,4,0,4,0,0,0,0,0.333333
28243,,11,1,0,1,1,0,1,0,0,0,0,0
28531,,11,1,0,1,1,0,1,0,0,0,0,0
29674,,11,2,1,3,2,1,3,8,0.246653,0.256147,0,1
471,,7,108,62,170,108,62,170,7,0.293537,0.311115,1969222.464159,0.030375
9576,,15,6,4,10,6,4,10,8,0.240686,0.249373,25906.032567,0.111111
32464,,11,2,1,3,2,1,3,8,0.246653,0.256147,0,1
12840,,11,12,16,28,12,16,28,8,0.264853,0.277856,290296.331456,0.120553
319,,11,34,24,58,34,24,58,8,0.285299,0.301319,333399.827018,0.090986
11954,,11,24,14,38,24,14,38,8,0.272686,0.286059,156006.284912,0.102521
14085,,11,7,7,14,7,7,14,8,0.254557,0.265252,47189.205673,0.137363
9122,,7,24,8,32,24,8,32,8,0.265788,0.277171,22780.181158,0.235484
34643,,11,2,2,4,2,2,4,8,0.246656,0.256174,0,1
1626,,10,54,15,69,54,15,69,8,0.276308,0.289541,235647.300473,0.120913
29,,15,21,11,32,21,11,32,8,0.255548,0.266925,278548.764709,0.057882
30,,15,4,1,5,4,1,5,9,0.203538,0.209042,143.946471,0.166667
7110,,15,1,1,2,1,1,2,9,0.203538,0.209042,0,0
7781,,15,1,18,19,1,18,19,7,0.30048,0.316085,61894.705604,0.088235
855,,8,22,25,47,22,25,47,8,0.271362,0.28419,496721.006829,0.051923
31,,7,65,401,466,65,401,466,7,0.365468,0.397027,1966770.921961,0.053733
159,,7,30,11,41,30,11,41,8,0.284059,0.298578,130311.490323,0.131098
49,,7,64,42,106,64,42,106,8,0.292625,0.309774,337462.383063,0.116246
419,,7,29,21,50,29,21,50,8,0.28931,0.304121,157557.258056,0.173635
173,,8,42,39,81,42,39,81,8,0.28703,0.302247,345584.642416,0.102308
889,,0,2,0,2,2,0,2,0,0,0,0,0
1669,,11,12,0,12,12,0,12,0,0,0,0,0.242424
2331,,11,67,47,114,67,47,114,8,0.282168,0.297886,1051984.067555,0.046276
437,,7,34,220,254,34,220,254,7,0.345209,0.372272,506054.548114,0.090933
2155,,7,18,0,18,18,0,18,0,0,0,0,0.320261
314,,7,92,221,313,92,221,313,7,0.345419,0.37185,1286162.558105,0.077886
670,,7,30,9,39,30,9,39,8,0.273574,0.287134,85868.589404,0.123044
273,,8,99,88,187,99,88,187,7,0.307353,0.32707,1663449.339578,0.043892
2691,,8,45,58,103,45,58,103,8,0.30777,0.326137,446709.561997,0.089211
1508,,7,46,7,53,46,7,53,8,0.275863,0.289156,181080.071846,0.173061
47,,7,111,43,154,111,43,154,8,0.289444,0.305911,416175.986719,0.106315
1533,,8,28,39,67,28,39,67,7,0.313542,0.33113,313622.037047,0.120397
71,,7,73,3,76,73,3,76,9,0.212747,0.218263,92064.681114,0.104737
898,,8,43,55,98,43,55,98,8,0.294465,0.31097,589109.837709,0.057712
2600,,11,14,12,26,14,12,26,7,0.261135,0.271809,217598.718283,0.088768
3550,,8,5,0,5,5,0,5,0,0,0,0,0.1
1170,,1,46,29,75,46,29,75,7,0.310953,0.328261,663372.577031,0.095259
685,,7,134,4,138,134,4,138,8,0.239194,0.246697,288189.449963,0.069504
251,,7,20,25,45,20,25,45,7,0.280278,0.294804,348086.193088,0.111862
3629,,7,40,0,40,40,0,40,0,0,0,0,0.144872
1277,,7,105,99,204,105,99,204,7,0.316909,0.337851,1882513.747648,0.080328
1357,,7,118,219,337,118,219,337,7,0.340576,0.365689,2765361.064146,0.069408
4882,,7,13,1,14,13,1,14,9,0.222659,0.228769,18911.268297,0.17033
4871,,10,41,25,66,41,25,66,8,0.279733,0.294232,327279.013342,0.111299
2416,,7,23,4,27,23,4,27,9,0.211189,0.217068,28160.344403,0.156923
1864,,7,51,11,62,51,11,62,8,0.26444,0.27571,119495.158017,0.14962
1745,,16,6,10,16,6,10,16,8,0.278598,0.292814,107242.547387,0.104762
2848,,7,6,11,17,6,11,17,8,0.285593,0.299152,19904.225055,0.308824
1542,,7,30,3,33,30,3,33,8,0.265563,0.276934,53973.653349,0.185484
2710,,7,23,20,43,23,20,43,8,0.276045,0.289672,65158.481452,0.190244
81,,7,63,36,99,63,36,99,8,0.291393,0.307986,540713.883954,0.154931
4342,,16,41,21,62,41,21,62,8,0.278664,0.293439,283592.941336,0.105724
5729,,7,13,0,13,13,0,13,0,0,0,0,0.198718
3974,,11,30,22,52,30,22,52,8,0.286227,0.301226,184047.616349,0.112077
3049,,8,29,13,42,29,13,42,8,0.279941,0.293911,141558.223955,0.121457
306,,8,16,9,25,16,9,25,8,0.264748,0.276477,92286.019751,0.093333
808,,7,87,92,179,87,92,179,7,0.315148,0.334393,1228412.870765,0.070814
592,,7,26,22,48,26,22,48,8,0.285446,0.300966,137393.338332,0.182861
1638,,8,25,38,63,25,38,63,7,0.305781,0.322174,120169.947857,0.120464
79,,7,27,8,35,27,8,35,8,0.270905,0.283093,91055.183444,0.134454
2270,,7,27,11,38,27,11,38,8,0.271789,0.284744,304271.927041,0.079659
3359,,7,9,2,11,9,2,11,9,0.216358,0.222413,1209.948814,0.263636
1987,,7,31,45,76,31,45,76,7,0.312937,0.330316,513409.03832,0.21167
738,,7,51,70,121,51,70,121,7,0.313474,0.332659,784934.810172,0.085897
5719,,7,29,7,36,29,7,36,7,0.281548,0.295759,345034.118025,0.163866
1917,,10,14,10,24,14,10,24,8,0.263828,0.275831,13776.731968,0.164286
7806,,8,7,0,7,7,0,7,0,0,0,0,0.238095
1121,,8,58,1,59,58,1,59,9,0.229787,0.237536,66572.450981,0.084454
1861,,5,40,28,68,40,28,68,7,0.292575,0.307886,252830.412278,0.128449
2113,,7,7,1,8,7,1,8,8,0.223746,0.230851,271.904314,0.303571
5631,,7,27,2,29,27,2,29,8,0.248932,0.257947,26538.247154,0.215517
7463,,10,2,1,3,2,1,3,9,0.225591,0.232932,0,0.333333
3631,,10,6,5,11,6,5,11,8,0.264536,0.276058,514.446769,0.4
1604,,7,35,150,185,35,150,185,7,0.332251,0.356264,310521.312321,0.115649
4709,,7,40,25,65,40,25,65,8,0.285061,0.299133,456956.099375,0.068079
1155,,8,12,18,30,12,18,30,8,0.283952,0.298598,83213.583622,0.295385
2564,,7,45,8,53,45,8,53,8,0.28326,0.297088,138357.083336,0.113061
3078,,11,22,12,34,22,12,34,7,0.298702,0.313835,231814.081465,0.068182
9540,,7,2,0,2,2,0,2,0,0,0,0,0.5
9541,,7,2,0,2,2,0,2,0,0,0,0,0.5
6172,,5,53,4,57,53,4,57,8,0.247587,0.256966,141861.309626,0.074875
883,,10,64,11,75,64,11,75,8,0.281401,0.294871,193689.584874,0.103691
261,,7,46,90,136,46,90,136,7,0.317134,0.336852,531749.268554,0.108193
575,,21,12,9,21,12,9,21,8,0.27117,0.283966,150591.098431,0.104762
3097,,7,23,0,23,23,0,23,0,0,0,0,0.171937
2594,,15,47,29,76,47,29,76,8,0.274736,0.288468,658226.096961,0.035337
5681,,7,17,0,17,17,0,17,0,0,0,0,0.231618
753,,7,18,21,39,18,21,39,8,0.28491,0.299331,23871.068834,0.145804
11491,,7,2,3,5,2,3,5,9,0.224643,0.231721,128.986297,0.1
2295,,7,67,30,97,67,30,97,8,0.283815,0.298731,3082372.938179,0.109771
10104,,11,19,10,29,19,10,29,8,0.273423,0.286453,194324.864265,0.083333
296,,7,9,195,204,9,195,204,7,0.336527,0.361596,154255.594161,0.089055
4104,,7,12,3,15,12,3,15,8,0.267134,0.278334,47000.603533,0.12381
146,,7,19,32,51,19,32,51,8,0.292325,0.3078,44315.302773,0.207729
1667,,7,20,18,38,20,18,38,8,0.279061,0.293149,36789.219796,0.235887
960,,0,15,9,24,15,9,24,8,0.240942,0.25039,223383.795216,0.12253
3770,,13,6,3,9,6,3,9,8,0.237924,0.246057,64316.184034,0.095238
3778,,8,98,23,121,98,23,121,8,0.286153,0.30106,644781.147417,0.056932
15853,,13,6,5,11,6,5,11,8,0.273741,0.288066,173575.982615,0.25
1635,,8,17,4,21,17,4,21,8,0.265705,0.277314,6573.359649,0.134211
8959,,7,30,3,33,30,3,33,8,0.272131,0.284663,23847.19047,0.28629
6055,,9,3,9,12,3,9,12,8,0.283332,0.29677,5125.144186,0.265152
17125,,7,1,0,1,1,0,1,0,0,0,0,0
17143,,7,5,7,12,5,7,12,8,0.247405,0.257004,683.458236,0.219697
116,,7,11,44,55,11,44,55,7,0.311168,0.328871,114386.969814,0.172714
16941,,7,5,5,10,5,5,10,8,0.279807,0.292514,2039.245738,0.3
13587,,7,89,275,364,89,275,364,7,0.345241,0.373214,1888209.052142,0.060368
6739,,7,29,131,160,29,131,160,7,0.333682,0.356228,542255.779261,0.094702
1884,,5,48,26,74,48,26,74,8,0.285758,0.301076,294722.142538,0.084125
2738,,8,15,26,41,15,26,41,8,0.284419,0.298902,111608.565426,0.213462
17633,,7,5,0,5,5,0,5,0,0,0,0,0.5
5501,,11,6,11,17,6,11,17,8,0.272351,0.28576,4578.529094,0.304762
10633,,7,52,150,202,52,150,202,7,0.338098,0.362054,544242.673055,0.10175
11207,,7,6,0,6,6,0,6,0,0,0,0,0.133333
594,,5,47,3,50,47,3,50,9,0.219208,0.225305,220572.987643,0.07483
4003,,0,3,6,9,3,6,9,8,0.277383,0.291109,19236.639998,0.305556
16330,,7,15,15,30,15,15,30,8,0.24734,0.256968,197407.420496,0.094253
19185,,7,5,21,26,5,21,26,8,0.292465,0.308289,13204.522594,0.230769
19186,,7,1,1,2,1,1,2,8,0.257707,0.267945,0,0.5
18968,,5,2,3,5,2,3,5,8,0.245239,0.253767,206.701528,0.15
54,,7,38,84,122,38,84,122,7,0.317637,0.336873,293314.98829,0.139616
735,,7,32,35,67,32,35,67,7,0.300131,0.317018,139016.440592,0.180063
13868,,7,11,6,17,11,6,17,8,0.269826,0.282039,19805.769185,0.254167
1797,,7,80,2,82,80,2,82,8,0.244576,0.25369,149016.068782,0.116079
656,,16,64,40,104,64,40,104,8,0.287065,0.303713,971883.674882,0.065266
1047,,10,38,49,87,38,49,87,8,0.286471,0.303273,569852.420526,0.09234
11246,,0,15,9,24,15,9,24,8,0.26746,0.279465,49240.250096,0.099638
3679,,7,5,9,14,5,9,14,8,0.280324,0.293621,1283.042672,0.30303
754,,7,17,21,38,17,21,38,7,0.301023,0.316998,67507.136885,0.183333
19790,,5,1,2,3,1,2,3,8,0.230133,0.236944,51968.111856,0
17162,,21,12,25,37,12,25,37,8,0.260074,0.272015,231833.890523,0.048128
2209,,7,17,21,38,17,21,38,8,0.276491,0.289317,166883.125047,0.134921
1788,,0,11,16,27,11,16,27,8,0.263884,0.275864,53793.490556,0.190217
1107,,8,55,23,78,55,23,78,8,0.283464,0.297935,344845.596591,0.087709
707,,8,10,25,35,10,25,35,8,0.278722,0.293307,92006.512412,0.142045
7871,,7,2,7,9,2,7,9,8,0.247164,0.256487,28211.356986,0.152778
567,,1,29,34,63,29,34,63,8,0.288579,0.304153,330495.832908,0.130791
231,,15,41,157,198,41,157,198,7,0.32946,0.351791,2240848.042819,0.014088
4046,,10,38,24,62,38,24,62,8,0.294658,0.311385,234818.85422,0.11865
5062,,24,54,32,86,54,32,86,8,0.270632,0.284062,791719.809416,0.037291
8244,,7,7,1,8,7,1,8,9,0.238286,0.246732,332.645011,0.25
3942,,7,43,59,102,43,59,102,7,0.314695,0.333076,225171.489019,0.117708
21215,,7,4,2,6,4,2,6,10,0.182599,0.186111,800.74398,0.233333
6547,,7,18,0,18,18,0,18,0,0,0,0,0.124183
3385,,10,11,18,29,11,18,29,7,0.301235,0.317183,54468.193861,0.212308
19459,,15,7,4,11,7,4,11,8,0.237056,0.245685,30156.488576,0.055556
21632,,7,1,1,2,1,1,2,9,0.21847,0.224245,0,1
21703,,7,1,0,1,1,0,1,0,0,0,0,0
21762,,7,2,1,3,2,1,3,9,0.218742,0.224812,23.431241,0
12174,,21,16,0,16,16,0,16,0,0,0,0,0.075
7954,,7,12,5,17,12,5,17,9,0.224761,0.232323,87638.152133,0.099265
13506,,7,27,28,55,27,28,55,8,0.297743,0.313963,56896.044623,0.212439
22267,,7,1,0,1,1,0,1,0,0,0,0,0
3704,,8,8,13,21,8,13,21,8,0.247691,0.259639,146510.572886,0.073099
18823,,8,42,12,54,42,12,54,7,0.298702,0.314097,214558.65729,0.095686
260,,8,47,90,137,47,90,137,8,0.306238,0.325492,426461.669668,0.111222
1366,,7,28,47,75,28,47,75,7,0.311472,0.328899,130879.183271,0.180461
11136,,7,9,3,12,9,3,12,8,0.252752,0.263926,592.657443,0.287879
1927,,7,9,51,60,9,51,60,7,0.313521,0.33134,76496.604309,0.198653
1721,,7,16,115,131,16,115,131,7,0.319952,0.340999,480173.134976,0.077524
5376,,5,26,31,57,26,31,57,8,0.290265,0.30603,426312.638369,0.137879
21520,,1,8,1,9,8,1,9,8,0.245895,0.253964,265.939394,0.194444
22652,,7,4,0,4,4,0,4,0,0,0,0,0.333333
3292,,8,16,16,32,16,16,32,8,0.274508,0.288032,102081.283146,0.12963
1580,,8,8,13,21,8,13,21,8,0.277686,0.291646,37265.025932,0.207895
22560,,1,118,5,123,118,5,123,8,0.265331,0.27648,1055083.011445,0.016593
4936,,8,16,1,17,16,1,17,9,0.200796,0.205193,56606.7003,0.073529
3725,,7,45,14,59,45,14,59,8,0.266382,0.278654,115430.111616,0.142771
14367,,7,6,3,9,6,3,9,8,0.265923,0.277153,54537.260329,0.180556
23454,,10,3,1,4,3,1,4,1,1,1,1205.185773,0
8024,,7,3,6,9,3,6,9,8,0.267369,0.279472,56378.057275,0.166667
20325,,11,38,41,79,38,41,79,8,0.278607,0.295183,409480.196254,0.087726
19537,,7,371,286,657,371,286,657,7,0.347157,0.374795,8716409.273202,0.03018
8861,,8,3,5,8,3,5,8,8,0.277604,0.290652,44888.586392,0.232143
9459,,24,42,40,82,42,40,82,8,0.285593,0.3014,547347.618691,0.108829
958,,11,43,39,82,43,39,82,8,0.300865,0.317445,649610.386235,0.083561
17117,,11,9,14,23,9,14,23,8,0.286127,0.300171,22119.869388,0.131579
2779,,7,42,32,74,42,32,74,8,0.289235,0.305284,341771.42097,0.110817
20720,,7,49,25,74,49,25,74,8,0.293098,0.308856,122120.633071,0.174317
5542,,7,11,22,33,11,22,33,7,0.303915,0.320452,113441.641622,0.185961
424,,10,126,60,186,126,60,186,8,0.294857,0.312118,1322495.689052,0.053132
15816,,16,18,17,35,18,17,35,8,0.273578,0.286469,98544.122247,0.103831
985,,7,90,600,690,90,600,690,7,0.371512,0.407545,5264042.869913,0.027481
3398,,11,18,31,49,18,31,49,8,0.290345,0.306596,142854.661174,0.185476
9612,,7,8,7,15,8,7,15,8,0.27916,0.291518,2479480.784072,0.32967
26365,,7,1,0,1,1,0,1,0,0,0,0,0
30548,,7,19,34,53,19,34,53,7,0.2916,0.307201,180736.930141,0.135686
1779,,5,86,10,96,86,10,96,8,0.27334,0.285853,426908.701754,0.098224
18754,,7,35,0,35,35,0,35,0,0,0,0,0.172269
8119,,7,4,2,6,4,2,6,8,0.272237,0.283802,0,0.633333
30166,,24,3,1,4,3,1,4,9,0.194548,0.19942,19024.036737,0
31126,,7,6,2,8,6,2,8,8,0.258354,0.268802,12019.261074,0.339286
26527,,7,98,75,173,98,75,173,7,0.320486,0.339809,857406.833929,0.091757
31535,,11,9,7,16,9,7,16,8,0.260207,0.271548,125830.724735,0.173077
7232,,7,6,28,34,6,28,34,7,0.315016,0.332219,98958.450538,0.25
29153,,7,3,4,7,3,4,7,8,0.228282,0.235387,7512.016318,0.133333
28288,,7,2,2,4,2,2,4,9,0.222414,0.229168,206.810083,0.166667
21894,,7,17,2,19,17,2,19,8,0.262816,0.273564,27759.280984,0.24269
33403,,7,15,5,20,15,5,20,8,0.270948,0.283474,667.802904,0.47076
20879,,7,59,40,99,59,40,99,8,0.296123,0.312836,224612.44473,0.13418
1302,,15,93,17,110,93,17,110,8,0.274116,0.287745,761099.500042,0.027822
24763,,7,10,13,23,10,13,23,8,0.275637,0.289469,119011.855897,0.230952
13364,,8,2,1,3,2,1,3,9,0.225035,0.231884,0,0.5
4955,,8,4,2,6,4,2,6,8,0.264369,0.275976,994.759825,0.2
17930,,8,1,5,6,1,5,6,8,0.25591,0.265892,858.054147,0.1
7913,,10,8,8,16,8,8,16,8,0.244015,0.252614,98012.137949,0.004762
2212,,8,11,1,12,11,1,12,1,1,1,3.237037,0.204545
11924,,8,7,4,11,7,4,11,8,0.265953,0.277194,20128.626872,0.181818
4771,,8,4,3,7,4,3,7,8,0.241858,0.250034,113.983919,0.3
34922,,1,1,1,2,1,1,2,8,0.229127,0.236487,88.929789,0
1370,,8,5,13,18,5,13,18,8,0.27112,0.28342,1464.778578,0.175
2954,,8,3,8,11,3,8,11,8,0.266257,0.277398,34327.065256,0.066667
5723,,11,1,2,3,1,2,3,9,0.228974,0.236446,83.662595,0.166667
10133,,11,3,3,6,3,3,6,8,0.247949,0.257635,846.364218,0.333333
20513,,11,3,3,6,3,3,6,9,0.229956,0.237973,18976.153694,0.1
138,,11,30,28,58,30,28,58,8,0.287534,0.302326,444326.457991,0.061224
2077,,11,8,3,11,8,3,11,9,0.226825,0.234134,45460.375156,0.319444
1343,,11,77,46,123,77,46,123,8,0.290269,0.306138,1468979.420989,0.057624
4222,,11,4,2,6,4,2,6,9,0.217737,0.224183,26024.627225,0.1
5517,,11,3,0,3,3,0,3,0,0,0,0,0
5291,,11,43,26,69,43,26,69,8,0.26922,0.282851,500323.9958,0.074518
6029,,11,1,0,1,1,0,1,0,0,0,0,0
4717,,11,4,6,10,4,6,10,8,0.257421,0.267659,30900.169571,0.144444
4057,,12,13,1,14,13,1,14,8,0.235569,0.242723,159147.338567,0.108974
255,,11,28,42,70,28,42,70,8,0.292838,0.310037,370421.402618,0.111607
363,,11,36,42,78,36,42,78,8,0.298726,0.315593,832259.84613,0.091346
2175,,11,5,5,10,5,5,10,8,0.272525,0.28534,32340.816982,0.319444
4690,,11,18,11,29,18,11,29,8,0.271299,0.284193,298115.05502,0.044615
318,,11,47,24,71,47,24,71,8,0.258397,0.269966,686790.61755,0.04548
4651,,11,15,42,57,15,42,57,8,0.296421,0.31461,277308.821826,0.12373
8994,,11,1,0,1,1,0,1,0,0,0,0,0
3015,,11,58,28,86,58,28,86,8,0.276434,0.291359,551523.964615,0.077932
3216,,11,20,17,37,20,17,37,8,0.293959,0.309985,139758.793344,0.136364
2333,,11,8,16,24,8,16,24,8,0.292393,0.307188,164425.116576,0.12253
3501,,11,26,15,41,26,15,41,8,0.27355,0.286982,316305.949868,0.08254
10203,,11,36,40,76,36,40,76,7,0.284527,0.299032,535908.574553,0.063652
9549,,11,7,2,9,7,2,9,8,0.228175,0.235753,57091.83615,0.089286
7500,,11,3,5,8,3,5,8,8,0.259651,0.270597,23287.411837,0.047619
8465,,11,16,10,26,16,10,26,8,0.255438,0.267281,133100.962123,0.240476
11865,,11,5,0,5,5,0,5,0,0,0,0,0.25
1007,,11,54,32,86,54,32,86,8,0.285052,0.299709,792759.023443,0.079017
6864,,11,2,1,3,2,1,3,8,0.261472,0.272564,13926.439191,0.333333
13951,,11,1,0,1,1,0,1,0,0,0,0,0
14285,,11,1,0,1,1,0,1,0,0,0,0,0
1739,,11,48,27,75,48,27,75,7,0.285706,0.300285,618426.129488,0.053596
9914,,11,6,3,9,6,3,9,8,0.23311,0.240973,6074.241047,0.138889
7512,,6,8,5,13,8,5,13,8,0.242744,0.251059,8772.706357,0.281818
4377,,11,4,10,14,4,10,14,8,0.260882,0.272785,64799.034024,0.070513
3400,,16,27,29,56,27,29,56,8,0.276572,0.291713,330028.743649,0.095294
9898,,11,31,31,62,31,31,62,8,0.283755,0.297883,503415.894793,0.111008
3509,,11,30,40,70,30,40,70,8,0.287525,0.303383,246778.162252,0.101639
11580,,7,57,42,99,57,42,99,7,0.295992,0.311941,1243653.751753,0.04872
16038,,11,4,2,6,4,2,6,8,0.264458,0.276054,19414.327162,0.25
1285,,11,24,25,49,24,25,49,8,0.291055,0.306109,314266.545723,0.06871
13092,,11,9,2,11,9,2,11,8,0.220486,0.227208,147.268541,0.266667
880,,11,53,29,82,53,29,82,8,0.289235,0.305084,789822.404342,0.09441
14889,,11,4,3,7,4,3,7,8,0.250529,0.260006,6325.657229,0.166667
11305,,11,3,0,3,3,0,3,0,0,0,0,0
11921,,11,5,6,11,5,6,11,8,0.261458,0.273639,30004.701213,0.411111
22357,,11,3,4,7,3,4,7,8,0.242285,0.251995,45411.278868,0.066667
247,,11,10,19,29,10,19,29,8,0.287666,0.302529,151492.528106,0.172308
20193,,11,5,6,11,5,6,11,8,0.25523,0.266728,85039.07582,0.194444
23545,,11,3,1,4,3,1,4,9,0.19129,0.196109,1175.683024,0.333333
1336,,11,18,16,34,18,16,34,8,0.271569,0.284863,355640.973616,0.037931
18775,,11,12,8,20,12,8,20,8,0.26828,0.279922,128193.19801,0.095588
20976,,11,4,1,5,4,1,5,1,1,1,25977,0.3
24397,,11,4,1,5,4,1,5,9,0.23238,0.240363,18939.841832,0.083333
10520,,11,64,38,102,64,38,102,8,0.288698,0.305911,775545.627285,0.069357
2983,,11,16,15,31,16,15,31,8,0.275089,0.288194,93685.524326,0.150769
20547,,11,2,1,3,2,1,3,9,0.219134,0.225736,0,1
18991,,11,19,10,29,19,10,29,8,0.269304,0.281717,113792.39569,0.106154
5570,,11,10,12,22,10,12,22,8,0.257175,0.268346,50957.082708,0.150735
19677,,11,1,1,2,1,1,2,8,0.246656,0.256156,0,1
23603,,11,16,38,54,16,38,54,8,0.27468,0.289355,331458.968153,0.060727
2571,,11,35,31,66,35,31,66,8,0.284544,0.299853,1082457.638902,0.080808
1535,,11,10,6,16,10,6,16,8,0.24286,0.25225,24107.149514,0.21978
27365,,11,6,4,10,6,4,10,8,0.244316,0.253628,41430.969117,0.1
29663,,11,1,0,1,1,0,1,0,0,0,0,0
29471,,11,2,0,2,2,0,2,0,0,0,0,1
519,,11,13,19,32,13,19,32,8,0.254533,0.266677,287015.712006,0.096866
17673,,11,10,6,16,10,6,16,8,0.269717,0.282145,148636.32445,0.191667
31316,,11,8,5,13,8,5,13,8,0.245745,0.255449,19805.630193,0.318182
21698,,11,6,6,12,6,6,12,8,0.248791,0.25969,79278.266098,0.2
14501,,11,11,8,19,11,8,19,8,0.270593,0.28283,68375.273824,0.108333
32360,,11,21,24,45,21,24,45,8,0.265896,0.278735,314585.370634,0.140825
30566,,11,7,4,11,7,4,11,8,0.245712,0.256093,56684.370754,0.190909
30960,,11,53,27,80,53,27,80,8,0.272789,0.28647,480726.573405,0.066506
32995,,11,5,1,6,5,1,6,9,0.220458,0.227371,9781.340288,0.8
33077,,11,8,0,8,8,0,8,0,0,0,0,0.071429
8453,,11,4,2,6,4,2,6,8,0.22625,0.233221,190.138465,0.3
23680,,16,25,6,31,25,6,31,8,0.268755,0.280716,400836.644484,0.032258
17258,,16,2,4,6,2,4,6,9,0.232952,0.240666,81129.094398,0
2868,,11,10,7,17,10,7,17,8,0.258255,0.269264,102681.106703,0.066667
35,,7,1,1,2,1,1,2,9,0.200066,0.204368,0.133333,0
1301,,11,23,30,53,23,30,53,8,0.289867,0.305634,737007.506629,0.116667
9412,,7,2,1,3,2,1,3,9,0.222656,0.228765,903.97696,0.166667
37,,6,0,2,2,0,2,2,8,0.234499,0.242479,0,0.5
38,,6,3,2,5,3,2,5,8,0.235249,0.243357,146.857769,0.55
5041,,6,23,20,43,23,20,43,8,0.256373,0.267125,352806.488501,0.043651
40,,10,1,3,4,1,3,4,9,0.236528,0.245206,0,0.833333
1363,,8,26,0,26,26,0,26,0,0,0,0,0.08
1578,,10,2,4,6,2,4,6,9,0.238903,0.247672,3957.724785,0.3
2960,,10,1,0,1,1,0,1,0,0,0,0,0
4218,,10,1,1,2,1,1,2,9,0.229331,0.237177,0,0
4802,,10,2,2,4,2,2,4,9,0.229336,0.237212,104.197198,0.333333
5738,,10,1,0,1,1,0,1,0,0,0,0,0
7718,,10,8,8,16,8,8,16,8,0.250946,0.261201,12941.05718,0.12381
7469,,10,3,2,5,3,2,5,9,0.236525,0.245179,37649,0.416667
9963,,10,5,2,7,5,2,7,9,0.233518,0.242098,18.893841,0.95
4513,,10,10,16,26,10,16,26,8,0.271487,0.284201,28073.823202,0.17619
1109,,10,42,62,104,42,62,104,8,0.282147,0.298307,772791.727381,0.032437
11321,,11,5,1,6,5,1,6,8,0.211021,0.216745,2948.265715,0
8980,,10,1,1,2,1,1,2,9,0.229331,0.237177,0,0
11938,,18,2,2,4,2,2,4,9,0.231343,0.239632,324.381976,0.333333
11973,,10,4,3,7,4,3,7,9,0.236513,0.245165,536.223145,0.2
11759,,10,1,1,2,1,1,2,9,0.229331,0.237177,0,0
11092,,10,1,1,2,1,1,2,9,0.229331,0.237177,0,0
428,,10,62,63,125,62,63,125,8,0.294741,0.313044,1055413.115335,0.046437
543,,18,162,36,198,162,36,198,8,0.270407,0.28358,5007148.655538,0.008571
11409,,10,1,1,2,1,1,2,9,0.229331,0.237177,0,0
15893,,10,1,0,1,1,0,1,0,0,0,0,0
15955,,10,2,1,3,2,1,3,9,0.232998,0.240571,35.650748,0.666667
17593,,10,1,1,2,1,1,2,1,1,1,0,0.5
18229,,10,1,0,1,1,0,1,0,0,0,0,0
10644,,11,13,6,19,13,6,19,8,0.246691,0.255451,136313.996849,0.029412
16543,,10,6,0,6,6,0,6,0,0,0,0,0
17701,,10,6,2,8,6,2,8,9,0.22656,0.233977,27088.45434,0.333333
21615,,10,2,1,3,2,1,3,9,0.229331,0.237177,0,0.5
23145,,10,2,0,2,2,0,2,0,0,0,0,0.5
13998,,11,14,12,26,14,12,26,8,0.27243,0.285016,115011.864888,0.143116
2969,,10,10,42,52,10,42,52,8,0.280082,0.294821,458572.181306,0.051429
25445,,10,1,0,1,1,0,1,0,0,0,0,0
28513,,10,1,0,1,1,0,1,0,0,0,0,0
17958,,10,5,1,6,5,1,6,9,0.226293,0.233846,18826.463366,0.633333
23784,,13,207,33,240,207,33,240,8,0.278491,0.293415,3235225.262609,0.006954
14703,,10,5,4,9,5,4,9,9,0.238833,0.248081,2647.050471,0.4
5773,,7,17,19,36,17,19,36,8,0.271256,0.284393,51908.380405,0.145238
18360,,10,4,3,7,4,3,7,9,0.229602,0.23755,52571.189629,0.3
29489,,10,1,0,1,1,0,1,0,0,0,0,0
7694,,11,19,15,34,19,15,34,8,0.265851,0.278695,86965.361024,0.14245
20495,,11,63,36,99,63,36,99,7,0.314076,0.331472,1382537.223614,0.052317
28542,,10,3,1,4,3,1,4,10,0.188828,0.19309,509.767106,0.166667
23281,,10,2,0,2,2,0,2,0,0,0,0,0
199,,8,17,39,56,17,39,56,8,0.291465,0.307019,254291.997627,0.121633
33385,,10,1,1,2,1,1,2,9,0.229331,0.237177,0,0
33438,,11,15,3,18,15,3,18,8,0.268234,0.279265,184677.996805,0.088235
17981,,10,15,4,19,15,4,19,9,0.21525,0.221716,62029.595881,0.052288
35243,,10,1,0,1,1,0,1,0,0,0,0,0
11532,,10,18,12,30,18,12,30,9,0.239465,0.248898,33856.891913,0.13
200,,5,8,3,11,8,3,11,8,0.249566,0.25973,69166.22152,0.155556
826,,0,15,16,31,15,16,31,8,0.246378,0.255933,81547.766954,0.156923
846,,11,6,3,9,6,3,9,8,0.268571,0.280854,2611.894673,0.285714
975,,2,4,4,8,4,4,8,8,0.266937,0.278911,2574.387015,0.533333
979,,8,26,16,42,26,16,42,8,0.278664,0.292409,250690.635806,0.105169
987,,10,13,6,19,13,6,19,8,0.249094,0.259053,83655.491513,0.208333
1017,,8,26,28,54,26,28,54,8,0.276886,0.291,353379.613131,0.069728
744,,7,38,63,101,38,63,101,7,0.314159,0.333103,325208.759351,0.159048
1293,,8,12,16,28,12,16,28,8,0.280859,0.294753,103561.678145,0.175
824,,16,101,69,170,101,69,170,7,0.293103,0.31167,1503787.750519,0.034177
239,,0,17,22,39,17,22,39,8,0.249242,0.259313,157995.531391,0.12619
2258,,8,27,2,29,27,2,29,9,0.212742,0.218228,38696.529932,0.091133
1183,,10,35,14,49,35,14,49,8,0.273463,0.286424,207743.224479,0.112179
3134,,2,3,0,3,3,0,3,0,0,0,0,0.333333
3235,,8,21,11,32,21,11,32,8,0.275077,0.288357,83375.703479,0.124339
1166,,8,33,45,78,33,45,78,8,0.289836,0.306218,622183.296175,0.062011
1518,,8,59,46,105,59,46,105,7,0.288596,0.305092,1071550.645282,0.048137
511,,8,21,14,35,21,14,35,8,0.26651,0.278378,188985.50696,0.069519
1460,,16,15,0,15,15,0,15,0,0,0,0,0.161905
2650,,7,4,6,10,4,6,10,8,0.245963,0.254524,61376.646244,0.133333
4396,,15,4,5,9,4,5,9,8,0.268341,0.280434,25777.758457,0.107143
4784,,0,5,1,6,5,1,6,9,0.210702,0.216514,859.489969,0.35
4865,,24,11,17,28,11,17,28,9,0.238246,0.247737,169942.59028,0.4
4350,,8,3,8,11,3,8,11,8,0.270073,0.281866,45275.10844,0.222222
4636,,5,26,4,30,26,4,30,9,0.236113,0.244316,71049.091368,0.092365
6407,,2,5,3,8,5,3,8,9,0.228637,0.236015,31748.680302,0.196429
589,,7,6,12,18,6,12,18,8,0.2898,0.303862,95114.277925,0.198529
2684,,16,10,8,18,10,8,18,8,0.266604,0.278243,22724.125054,0.333333
1040,,9,9,7,16,9,7,16,8,0.251587,0.26139,27060.432185,0.133333
3064,,8,33,9,42,33,9,42,8,0.267791,0.279646,101177.519321,0.119231
6308,,7,4,2,6,4,2,6,8,0.232949,0.240235,18827.10124,0.366667
3029,,7,37,50,87,37,50,87,7,0.299148,0.316981,332554.02431,0.129704
538,,10,21,22,43,21,22,43,7,0.277981,0.291363,104701.639767,0.168691
8594,,2,2,0,2,2,0,2,0,0,0,0,0
1027,,0,7,1,8,7,1,8,9,0.215529,0.221817,4038.99738,0.196429
7520,,5,16,8,24,16,8,24,8,0.291181,0.305351,98452.658311,0.119048
4229,,11,5,17,22,5,17,22,8,0.283772,0.298487,106236.158023,0.154971
5628,,8,11,12,23,11,12,23,8,0.279135,0.292953,148091.85179,0.111905
9651,,8,2,3,5,2,3,5,8,0.244691,0.253374,21.450226,0.45
1968,,2,2,4,6,2,4,6,8,0.267742,0.279588,6410.950019,0.2
9782,,2,2,0,2,2,0,2,0,0,0,0,0.5
9828,,8,3,1,4,3,1,4,9,0.219671,0.226237,238.538025,0.25
95,,16,15,25,40,15,25,40,8,0.288468,0.304763,355148.300741,0.127731
100,,7,42,44,86,42,44,86,8,0.291722,0.308559,410079.410441,0.104961
8925,,7,9,3,12,9,3,12,7,0.296753,0.311735,94784.397181,0.122222
2801,,7,29,1,30,29,1,30,1,1,1,25977,0.116092
1443,,8,17,19,36,17,19,36,8,0.278145,0.290963,365735.952342,0.05746
3844,,5,11,8,19,11,8,19,8,0.258606,0.270018,105865.073667,0.1875
10699,,2,1,1,2,1,1,2,9,0.211028,0.216688,683.098048,0
4077,,10,15,13,28,15,13,28,8,0.267073,0.279485,179508.401585,0.06
1688,,7,69,5,74,69,5,74,8,0.248485,0.258206,99654.637471,0.098965
7546,,24,4,2,6,4,2,6,9,0.21964,0.225878,46.078184,0.566667
1481,,11,25,0,25,25,0,25,0,0,0,0,0.136667
342,,15,67,44,111,67,44,111,8,0.281915,0.2971,1102217.225402,0.02505
7217,,2,3,3,6,3,3,6,8,0.264961,0.276895,22628.609294,0.25
2787,,0,41,38,79,41,38,79,8,0.284183,0.300134,534662.824907,0.069215
12996,,2,1,0,1,1,0,1,0,0,0,0,0
432,,0,24,13,37,24,13,37,8,0.266945,0.279373,213743.715293,0.100379
5318,,11,3,2,5,3,2,5,8,0.254485,0.264719,1129.548093,0.333333
13228,,7,2,4,6,2,4,6,8,0.246866,0.25574,20421.30195,0.133333
1315,,17,8,0,8,8,0,8,0,0,0,0,0.053571
1423,,10,4,2,6,4,2,6,8,0.245082,0.253589,19498.654323,0.266667
3283,,15,36,30,66,36,30,66,8,0.252586,0.264174,577208.500035,0.041579
2290,,5,8,15,23,8,15,23,8,0.280884,0.294115,174388.109431,0.075758
12975,,8,19,31,50,19,31,50,7,0.316446,0.333978,271316.946802,0.134848
7641,,8,9,6,15,9,6,15,8,0.266235,0.278321,36602.646911,0.310606
909,,8,34,44,78,34,44,78,7,0.298342,0.315238,439008.961029,0.106014
12722,,11,7,4,11,7,4,11,9,0.230065,0.238,79959.106503,0.111111
3098,,0,12,19,31,12,19,31,8,0.247106,0.257026,152601.225808,0.159544
15537,,2,1,1,2,1,1,2,8,0.261469,0.272555,0,0
5212,,24,10,9,19,10,9,19,8,0.274492,0.287635,127512.976706,0.069853
16668,,10,5,2,7,5,2,7,9,0.216505,0.222627,4047.496363,0.071429
5102,,7,5,7,12,5,7,12,8,0.246543,0.256032,23794.04904,0.098485
9347,,10,8,6,14,8,6,14,8,0.241566,0.250558,34836.265075,0.3
9510,,16,4,1,5,4,1,5,9,0.206897,0.212558,8558.098175,0.25
15323,,8,8,11,19,8,11,19,8,0.277077,0.290636,69979.478444,0.084967
17383,,1,4,4,8,4,4,8,8,0.263028,0.273942,36662.146631,0.232143
7154,,2,3,1,4,3,1,4,8,0.248758,0.257747,38603.425691,0.25
17637,,2,9,4,13,9,4,13,8,0.262004,0.27323,98157.186597,0.1
8288,,9,11,9,20,11,9,20,8,0.257654,0.267627,177296.241194,0.060526
3382,,10,25,21,46,25,21,46,8,0.255036,0.267545,362582.48597,0.181452
19088,,2,1,0,1,1,0,1,0,0,0,0,0
1726,,10,9,9,18,9,9,18,8,0.281637,0.294926,101649.546369,0.110294
15427,,16,3,4,7,3,4,7,9,0.230657,0.238813,2140.975297,0.4
10894,,16,6,4,10,6,4,10,8,0.258078,0.269404,5432.652504,0.111111
4355,,8,10,20,30,10,20,30,7,0.303797,0.3198,250648.503041,0.126781
1339,,19,8,9,17,8,9,17,8,0.277089,0.290324,98359.913638,0.138095
20584,,2,3,0,3,3,0,3,0,0,0,0,0.333333
1751,,0,14,19,33,14,19,33,8,0.234493,0.243992,87338.041029,0.202381
19522,,2,1,1,2,1,1,2,10,0.170906,0.174084,3584.380618,0
3140,,8,17,16,33,17,16,33,8,0.282139,0.296254,104530.570809,0.1367
2450,,7,6,9,15,6,9,15,8,0.26457,0.276153,103035.668257,0.115385
829,,2,9,4,13,9,4,13,9,0.214676,0.221045,58179.051043,0.305556
21452,,2,1,1,2,1,1,2,9,0.216316,0.222798,8234.686696,0
947,,7,9,8,17,9,8,17,8,0.245905,0.255329,54601.657293,0.125
1517,,7,21,1,22,21,1,22,9,0.209252,0.214874,18874.299471,0.211905
3173,,5,25,24,49,25,24,49,8,0.289707,0.304925,252548.134417,0.127907
11781,,7,19,10,29,19,10,29,8,0.275085,0.288225,89940.518035,0.103989
2892,,7,28,25,53,28,25,53,8,0.284854,0.300336,424663.028384,0.106765
872,,10,42,27,69,42,27,69,8,0.276613,0.290943,359359.098664,0.086499
13997,,8,3,3,6,3,3,6,9,0.250682,0.261129,65629.934868,0.066667
23150,,2,1,0,1,1,0,1,0,0,0,0,0
23186,,2,1,0,1,1,0,1,0,0,0,0,0
333,,7,17,8,25,17,8,25,8,0.265147,0.276433,125986.420107,0.181818
4155,,10,11,16,27,11,16,27,8,0.256178,0.266632,151646.681225,0.134387
8450,,1,5,3,8,5,3,8,8,0.244897,0.254069,41803.144787,0.119048
23639,,2,1,0,1,1,0,1,0,0,0,0,0
11519,,11,14,8,22,14,8,22,8,0.244993,0.253643,144924.560012,0.128947
22788,,1,12,8,20,12,8,20,8,0.250429,0.259654,81774.381186,0.128676
10468,,1,25,19,44,25,19,44,7,0.302265,0.318289,399397.971342,0.080159
19134,,2,2,1,3,2,1,3,9,0.190875,0.19539,2009.988716,0
4624,,0,4,9,13,4,9,13,8,0.226386,0.234115,49234.225398,0.287879
4894,,7,7,14,21,7,14,21,8,0.280931,0.295393,91682.996845,0.137427
6724,,0,12,11,23,12,11,23,8,0.267233,0.279279,83716.93828,0.134503
603,,10,29,9,38,29,9,38,8,0.275867,0.288924,129695.591261,0.146396
23775,,11,6,8,14,6,8,14,8,0.268265,0.28006,94412.462877,0.083333
7852,,8,3,0,3,3,0,3,0,0,0,0,0.666667
1920,,11,23,11,34,23,11,34,8,0.281894,0.296351,173182.045093,0.07957
9160,,8,10,2,12,10,2,12,8,0.243513,0.252024,4216.59014,0.219697
101,,7,35,19,54,35,19,54,8,0.271092,0.283994,189219.630813,0.088435
26440,,2,1,1,2,1,1,2,8,0.261469,0.272555,0,0
3668,,15,19,29,48,19,29,48,7,0.280637,0.295288,269791.580437,0.103594
8720,,7,5,15,20,5,15,20,8,0.281485,0.295118,146251.396185,0.166667
25672,,5,10,3,13,10,3,13,8,0.282308,0.295496,3287.561628,0.348485
612,,0,17,20,37,17,20,37,8,0.278904,0.292896,154749.642508,0.122689
8734,,16,5,1,6,5,1,6,9,0.234729,0.243217,23033.541166,0.3
6841,,5,12,13,25,12,13,25,8,0.284299,0.29797,102605.920001,0.180952
27337,,2,1,0,1,1,0,1,0,0,0,0,0
11694,,10,14,15,29,14,15,29,8,0.271773,0.284973,118993.181531,0.15942
7109,,11,4,5,9,4,5,9,8,0.272434,0.285372,69442.832004,0.285714
3552,,5,7,8,15,7,8,15,9,0.248299,0.257988,40173.398089,0.147619
17231,,8,9,9,18,9,9,18,8,0.266156,0.278007,68200.443577,0.109524
8919,,10,4,3,7,4,3,7,8,0.233858,0.242343,26471.420113,0.4
27509,,7,47,25,72,47,25,72,8,0.288397,0.304303,241653.718789,0.127739
3649,,8,9,4,13,9,4,13,9,0.224987,0.23246,29265.573192,0.209091
649,,5,22,21,43,22,21,43,8,0.288415,0.303637,146845.754373,0.149015
28629,,24,1,1,2,1,1,2,9,0.218245,0.224831,2512.932885,0.5
3958,,7,35,8,43,35,8,43,8,0.238111,0.247385,131591.714396,0.087179
28549,,11,12,7,19,12,7,19,8,0.277159,0.290583,25504.203204,0.180147
23257,,2,2,4,6,2,4,6,9,0.225485,0.232616,2407.459293,0.25
4496,,0,13,12,25,13,12,25,8,0.269779,0.282041,56943.2176,0.136667
9795,,2,13,9,22,13,9,22,7,0.30049,0.31611,149750.637801,0.102339
22588,,1,2,1,3,2,1,3,9,0.2097,0.215028,186.73956,0.333333
29936,,2,1,0,1,1,0,1,0,0,0,0,0
9975,,15,3,2,5,3,2,5,8,0.261519,0.27266,10484.905487,0
1618,,8,34,0,34,34,0,34,0,0,0,0,0.148841
6127,,8,6,5,11,6,5,11,8,0.24859,0.257797,33937.172762,0.244444
23026,,16,2,1,3,2,1,3,9,0.194664,0.199518,2516.124052,0.5
26799,,5,10,11,21,10,11,21,8,0.270353,0.282883,111487.631257,0.134503
23323,,1,7,7,14,7,7,14,8,0.242609,0.250864,107380.088666,0.181818
28533,,2,1,2,3,1,2,3,8,0.215942,0.222075,26465.587725,0
3610,,16,44,26,70,44,26,70,8,0.27916,0.29328,313940.786982,0.093989
30817,,2,1,1,2,1,1,2,8,0.261469,0.272555,0,0
8346,,11,3,3,6,3,3,6,8,0.241062,0.249344,26092.428347,0.2
2207,,11,14,11,25,14,11,25,8,0.254144,0.265929,141179.157119,0.130435
2219,,8,6,9,15,6,9,15,8,0.284742,0.29864,64722.635413,0.21978
984,,10,49,15,64,49,15,64,8,0.27254,0.285967,487649.83453,0.052525
27446,,15,26,16,42,26,16,42,7,0.303728,0.319494,321590.181005,0.099206
1982,,15,30,19,49,30,19,49,8,0.277711,0.292308,318520.442154,0.108333
10475,,16,6,5,11,6,5,11,9,0.23169,0.239745,42762.58836,0.069444
13504,,11,11,12,23,11,12,23,7,0.28472,0.298626,156876.81578,0.156863
10757,,10,5,2,7,5,2,7,8,0.262889,0.273633,1169.206944,0.404762
3402,,10,6,5,11,6,5,11,8,0.246504,0.255698,1442.459678,0.222222
30809,,2,2,1,3,2,1,3,8,0.263548,0.2744,18744.458652,0.666667
31780,,2,1,1,2,1,1,2,9,0.225588,0.232928,0,1
856,,6,30,19,49,30,19,49,7,0.28154,0.295147,382604.060687,0.07971
26876,,11,5,3,8,5,3,8,8,0.241201,0.24936,54905.751411,0.433333
31031,,2,3,0,3,3,0,3,0,0,0,0,0.5
837,,11,33,36,69,33,36,69,8,0.289983,0.306899,579703.443003,0.058284
1679,,5,16,30,46,16,30,46,8,0.283995,0.298784,362545.530639,0.079268
32055,,1,6,1,7,6,1,7,8,0.2324,0.239613,18824,0.2
15213,,7,34,3,37,34,3,37,8,0.262893,0.273704,99605.627439,0.100601
29997,,5,2,2,4,2,2,4,8,0.252617,0.262109,9644.660863,0.333333
25414,,16,6,0,6,6,0,6,0,0,0,0,0.266667
3005,,15,8,0,8,8,0,8,0,0,0,0,0.142857
11736,,24,4,0,4,4,0,4,0,0,0,0,0.333333
1069,,7,45,94,139,45,94,139,7,0.31895,0.339903,2270083.408267,0.143569
384,,16,34,32,66,34,32,66,8,0.274036,0.288669,535029.254599,0.087719
18390,,2,3,1,4,3,1,4,1,1,1,25976,0.083333
31435,,8,30,0,30,30,0,30,0,0,0,0,0.106897
5163,,7,6,4,10,6,4,10,7,0.295909,0.310927,16864.952107,0.266667
31651,,10,4,4,8,4,4,8,8,0.241001,0.250309,11977.622479,0.303571
7791,,8,7,4,11,7,4,11,8,0.264106,0.275562,57235.58876,0.066667
34114,,11,6,1,7,6,1,7,9,0.211814,0.218062,183.980921,0.3
3189,,10,2,3,5,2,3,5,9,0.23303,0.240995,33539.945837,0.25
4794,,0,14,9,23,14,9,23,8,0.248876,0.259166,44651.409666,0.230952
35669,,2,1,0,1,1,0,1,0,0,0,0,0
954,,10,46,40,86,46,40,86,8,0.27286,0.286915,419560.915134,0.081818
31669,,7,4,5,9,4,5,9,8,0.244579,0.253619,63824.274754,0.222222
43,,7,5,164,169,5,164,169,7,0.332081,0.354744,492323.97913,0.071286
724,,15,62,54,116,62,54,116,7,0.306917,0.324311,1002280.899985,0.055717
6195,,7,1,0,1,1,0,1,0,0,0,0,0
3545,,10,13,0,13,13,0,13,0,0,0,0,0.121795
1975,,7,30,8,38,30,8,38,9,0.250429,0.260847,124443.309926,0.095365
1005,,8,7,2,9,7,2,9,9,0.212742,0.218228,134.948019,0.041667
1187,,11,33,21,54,33,21,54,8,0.27972,0.294407,315094.995751,0.080782
2673,,7,19,0,19,19,0,19,0,0,0,0,0.055556
5533,,7,17,1,18,17,1,18,8,0.262753,0.273463,2800.405755,0.166667
939,,8,83,62,145,83,62,145,8,0.293574,0.311024,1499720.18496,0.033957
1776,,7,35,0,35,35,0,35,0,0,0,0,0.097479
11585,,7,1,0,1,1,0,1,0,0,0,0,0
629,,7,14,1,15,14,1,15,9,0.214441,0.220553,38165.736529,0.119048
126,,16,63,58,121,63,58,121,7,0.30211,0.320138,1736338.212649,0.040575
12444,,7,1,0,1,1,0,1,0,0,0,0,0
9198,,7,21,1,22,21,1,22,9,0.193867,0.197901,331.536432,0.17316
3417,,8,31,1,32,31,1,32,8,0.232417,0.240736,41355.534381,0.116935
14072,,7,1,0,1,1,0,1,0,0,0,0,0
2526,,15,19,7,26,19,7,26,8,0.235723,0.244689,112059.029711,0.083333
5028,,15,5,6,11,5,6,11,8,0.23549,0.24294,270.528472,0.072727
3071,,5,11,28,39,11,28,39,7,0.282902,0.297439,53508.636037,0.113798
16382,,7,1,1,2,1,1,2,9,0.214324,0.220606,1.049405,0
16403,,10,7,1,8,7,1,8,9,0.214122,0.219984,23.362653,0.142857
3972,,16,23,27,50,23,27,50,8,0.279446,0.2945,206010.061785,0.108586
8758,,7,10,1,11,10,1,11,9,0.226163,0.233245,0,0.363636
11185,,8,9,7,16,9,7,16,8,0.282821,0.297357,57338.692585,0.233333
8587,,15,7,0,7,7,0,7,0,0,0,0,0.071429
7948,,7,18,3,21,18,3,21,8,0.278664,0.291134,2997.793974,0.184211
19108,,7,1,1,2,1,1,2,9,0.196522,0.201122,0.928325,0
1224,,11,60,33,93,60,33,93,8,0.27838,0.293473,909026.840371,0.056777
21664,,8,3,4,7,3,4,7,8,0.266653,0.27853,808.579219,0.266667
353,,11,118,93,211,118,93,211,7,0.315,0.335389,1757023.577613,0.050081
10080,,7,3,0,3,3,0,3,0,0,0,0,0
16319,,7,12,2,14,12,2,14,9,0.220179,0.226692,374.284742,0.269231
5510,,11,8,2,10,8,2,10,8,0.245584,0.254332,3257.944667,0.1
8740,,1,3,2,5,3,2,5,8,0.262841,0.273627,695.518588,0.2
2709,,15,31,13,44,31,13,44,8,0.254024,0.26407,190016.578942,0.082051
6551,,16,3,5,8,3,5,8,8,0.275153,0.287342,28105.974336,0.266667
15182,,7,4,2,6,4,2,6,9,0.21715,0.223557,620.548903,0
12660,,7,9,2,11,9,2,11,9,0.226309,0.234326,101616.05736,0.033333
27477,,7,18,10,28,18,10,28,8,0.266288,0.277751,67963.514736,0.098462
4714,,16,15,7,22,15,7,22,8,0.25243,0.263481,72698.830765,0.154971
3285,,1,17,21,38,17,21,38,8,0.276134,0.289402,244224.927031,0.0625
29557,,7,5,0,5,5,0,5,0,0,0,0,0
1941,,8,21,0,21,21,0,21,0,0,0,0,0.102381
6560,,7,17,0,17,17,0,17,0,0,0,0,0.143382
34380,,7,1,0,1,1,0,1,0,0,0,0,0
15736,,8,14,15,29,14,15,29,8,0.278219,0.291297,48722.703198,0.184615
10707,,7,33,0,33,33,0,33,0,0,0,0,0.166667
1571,,16,1,2,3,1,2,3,8,0.238712,0.246622,1564.126558,0
3399,,16,2,1,3,2,1,3,8,0.226669,0.234619,0,1
2094,,5,34,57,91,34,57,91,8,0.297048,0.314701,539771.520436,0.058796
3653,,16,1,0,1,1,0,1,0,0,0,0,0
3852,,16,2,1,3,2,1,3,8,0.226669,0.234619,0,1
6198,,16,5,7,12,5,7,12,8,0.266582,0.278159,44390.77811,0.05303
6626,,16,1,1,2,1,1,2,9,0.213539,0.219309,0,0.5
4200,,8,4,7,11,4,7,11,8,0.266495,0.27834,38191.041757,0.155556
4810,,16,4,0,4,4,0,4,0,0,0,0,0.25
6620,,16,16,36,52,16,36,52,8,0.288388,0.304761,200007.944635,0.117874
10263,,16,1,0,1,1,0,1,0,0,0,0,0
290,,8,37,29,66,37,29,66,8,0.275855,0.289712,427693.99891,0.055815
10764,,16,4,2,6,4,2,6,8,0.237244,0.244831,19132.632758,0.25
11371,,16,1,1,2,1,1,2,1,1,1,0,0.5
4656,,16,12,9,21,12,9,21,8,0.245105,0.253928,104585.124108,0.064327
10895,,7,4,2,6,4,2,6,9,0.225596,0.232968,163.922527,0.133333
1414,,5,7,2,9,7,2,9,9,0.253771,0.264659,30294.499524,0.178571
1291,,16,7,9,16,7,9,16,8,0.272536,0.285252,35531.537714,0.195238
779,,16,17,12,29,17,12,29,8,0.267909,0.27972,101591.349635,0.103333
16131,,16,1,0,1,1,0,1,0,0,0,0,0
12855,,8,9,5,14,9,5,14,8,0.240791,0.249126,22183.828978,0.068182
12561,,8,14,7,21,14,7,21,8,0.26268,0.274237,20530.044671,0.140523
10215,,16,12,3,15,12,3,15,9,0.200563,0.205625,72913.559078,0.098901
6317,,11,5,9,14,5,9,14,8,0.242907,0.252061,135236.116476,0.019231
3470,,8,2,2,4,2,2,4,9,0.233478,0.241636,1806.062404,0.416667
13404,,16,5,3,8,5,3,8,8,0.253877,0.264094,25262.353185,0.119048
13044,,11,14,2,16,14,2,16,8,0.238521,0.247789,76729.752595,0.171429
18074,,16,16,1,17,16,1,17,11,0.147791,0.149809,463.299387,0.180147
16487,,16,9,1,10,9,1,10,10,0.1765,0.179963,29452.841315,0.166667
5643,,16,11,13,24,11,13,24,8,0.271507,0.283879,158752.287895,0.084416
18039,,16,2,3,5,2,3,5,8,0.245453,0.254074,6431.489264,0.166667
27821,,16,2,1,3,2,1,3,9,0.221404,0.228257,19519.118822,0
5518,,8,5,5,10,5,5,10,8,0.246504,0.255409,28946.469068,0.035714
20267,,16,2,0,2,2,0,2,0,0,0,0,0.5
18458,,16,4,3,7,4,3,7,8,0.242313,0.251168,228.283161,0.4
6037,,16,4,5,9,4,5,9,8,0.223425,0.230507,22761.177594,0.190476
232,,7,11,12,23,11,12,23,8,0.279974,0.29319,28868.151961,0.147619
21906,,8,2,2,4,2,2,4,9,0.227074,0.233788,119.080057,0.333333
10643,,24,5,5,10,5,5,10,8,0.261865,0.273662,36653.252041,0.111111
11613,,16,3,4,7,3,4,7,8,0.239027,0.247019,179.531692,0.2
32238,,16,4,0,4,4,0,4,0,0,0,0,0.583333
22811,,16,4,1,5,4,1,5,8,0.238706,0.246587,18826,0.25
33174,,16,1,0,1,1,0,1,0,0,0,0,0
33305,,16,1,0,1,1,0,1,0,0,0,0,0
1960,,16,13,1,14,13,1,14,8,0.262753,0.273463,75773.985568,0.093407
21565,,6,1,1,2,1,1,2,8,0.247395,0.256737,1061.203198,0
33966,,16,5,0,5,5,0,5,0,0,0,0,0.25
32293,,16,2,0,2,2,0,2,0,0,0,0,1
45,,16,0,4,4,0,4,4,11,0.160291,0.162917,0,0
46,,16,1,0,1,1,0,1,0,0,0,0,0
1392,,16,1,0,1,1,0,1,0,0,0,0,0
3605,,16,1,0,1,1,0,1,0,0,0,0,0
1284,,16,24,4,28,24,4,28,10,0.190848,0.195156,266016.15477,0.028333
2121,,9,3,8,11,3,8,11,8,0.264767,0.276211,1241.278412,0.145455
2223,,7,34,20,54,34,20,54,8,0.266892,0.27957,116157.4746,0.112077
10824,,9,67,0,67,67,0,67,0,0,0,0,0.017187
10926,,7,2,5,7,2,5,7,9,0.214353,0.22078,6830.230345,0.166667
15290,,7,1,0,1,1,0,1,0,0,0,0,0
3315,,5,26,15,41,26,15,41,8,0.276138,0.289942,90890.614475,0.187688
18807,,9,4,0,4,4,0,4,0,0,0,0,0.25
5174,,7,22,14,36,22,14,36,8,0.282622,0.296959,48194.365465,0.205882
14150,,16,3,1,4,3,1,4,9,0.220525,0.227177,194.798122,0
48,,7,0,1,1,0,1,1,9,0.226389,0.233867,0,0
679,,7,26,41,67,26,41,67,8,0.288269,0.303913,304600.717978,0.116667
734,,7,31,35,66,31,35,66,8,0.285109,0.300821,98713.8252,0.20791
4408,,7,1,0,1,1,0,1,0,0,0,0,0
2064,,7,24,11,35,24,11,35,8,0.261949,0.273322,113593.578242,0.181034
1581,,7,2,6,8,2,6,8,9,0.231793,0.239649,188.478765,0.233333
1590,,7,8,5,13,8,5,13,8,0.259547,0.270513,1668.174228,0.255556
2963,,7,9,15,24,9,15,24,7,0.30321,0.319179,37295.339245,0.20471
210,,7,31,72,103,31,72,103,7,0.317123,0.337057,427150.73567,0.129832
841,,7,48,25,73,48,25,73,8,0.284449,0.300012,231067.295837,0.098077
6231,,7,6,5,11,6,5,11,8,0.248913,0.258311,44860.741847,0.285714
12879,,7,2,2,4,2,2,4,8,0.250366,0.259493,53.188908,0.833333
10286,,7,8,1,9,8,1,9,9,0.22979,0.23754,25726.04056,0.041667
9814,,8,7,0,7,7,0,7,0,0,0,0,0.071429
6074,,7,3,5,8,3,5,8,8,0.265611,0.276755,12355.445123,0.125
2151,,16,18,18,36,18,18,36,8,0.282911,0.297696,204674.840068,0.082796
15341,,7,39,108,147,39,108,147,7,0.323615,0.344034,580309.346169,0.085998
51,,15,2,1,3,2,1,3,9,0.215531,0.221822,77.009988,0.166667
6270,,7,1,3,4,1,3,4,8,0.261055,0.271091,664.414563,0.166667
9560,,5,7,15,22,7,15,22,8,0.246043,0.256264,43979.82027,0.060526
18230,,9,30,0,30,30,0,30,0,0,0,0,0.041379
12378,,9,273,18,291,273,18,291,9,0.197445,0.20318,2919126.380807,0.008001
439,,8,34,47,81,34,47,81,8,0.271742,0.285436,270321.970943,0.073121
35662,,15,1,0,1,1,0,1,0,0,0,0,0
52,,8,0,1,1,0,1,1,9,0.196323,0.200759,0,0
53,,8,12,9,21,12,9,21,8,0.244268,0.253124,60524.795375,0.109524
2008,,8,22,12,34,22,12,34,9,0.230643,0.23926,27711.119769,0.148333
3506,,8,40,41,81,40,41,81,8,0.283294,0.298866,436308.47357,0.069825
13808,,8,4,5,9,4,5,9,9,0.233878,0.242799,763.47064,0.222222
1765,,7,3,2,5,3,2,5,9,0.200939,0.206047,43.521239,0.15
3415,,7,1,0,1,1,0,1,0,0,0,0,0
666,,8,2,4,6,2,4,6,9,0.236312,0.243975,18850.625481,0.033333
1930,,7,4,33,37,4,33,37,7,0.306358,0.323291,64406.595451,0.138889
4356,,11,5,28,33,5,28,33,8,0.291271,0.307882,20862.338598,0.226326
4539,,7,2,2,4,2,2,4,10,0.17916,0.182353,0,0.5
3935,,7,2,17,19,2,17,19,7,0.303728,0.319765,383.901671,0.411765
350,,7,3,2,5,3,2,5,8,0.26283,0.273597,11.650805,0.6
5011,,8,3,7,10,3,7,10,8,0.264931,0.276188,3174.936054,0.188889
9866,,7,25,339,364,25,339,364,7,0.354152,0.383315,769677.183786,0.056664
2248,,0,34,23,57,34,23,57,8,0.292788,0.308213,481187.690781,0.06902
2381,,7,9,0,9,9,0,9,0,0,0,0,0.055556
13241,,7,40,69,109,40,69,109,7,0.315835,0.334449,324707.972373,0.131881
3238,,7,2,7,9,2,7,9,7,0.298693,0.314012,1428.646638,0.375
96,,7,14,126,140,14,126,140,7,0.328351,0.350071,232681.707415,0.098584
14808,,7,4,1,5,4,1,5,9,0.235466,0.24292,0,0.583333
2655,,8,7,7,14,7,7,14,8,0.266363,0.277974,34719.64712,0.054945
24043,,7,1,1,2,1,1,2,8,0.262285,0.274017,75.521465,0.5
5386,,7,11,13,24,11,13,24,8,0.272833,0.285538,45429.829941,0.156126
27087,,7,2,0,2,2,0,2,0,0,0,0,1
6562,,7,15,19,34,15,19,34,8,0.280608,0.294216,51542.91776,0.202652
27542,,7,33,11,44,33,11,44,8,0.288442,0.30261,70904.471596,0.254878
26552,,7,9,10,19,9,10,19,8,0.271863,0.28448,3334.767591,0.25
17219,,7,45,65,110,45,65,110,7,0.307113,0.325836,318446.043243,0.113438
1903,,0,8,14,22,8,14,22,8,0.248765,0.258309,133924.81738,0.015152
5128,,7,14,13,27,14,13,27,8,0.276276,0.289598,41424.598395,0.2151
13703,,7,8,0,8,8,0,8,0,0,0,0,0.464286
20335,,7,1,1,2,1,1,2,8,0.243013,0.252183,5514.532033,0
2867,,7,10,1,11,10,1,11,8,0.25152,0.261547,2584.207847,0.218182
13223,,15,3,5,8,3,5,8,8,0.253952,0.263652,14598.306667,0.053571
5383,,8,21,47,68,21,47,68,7,0.299691,0.316562,344036.169743,0.074038
31276,,7,1,0,1,1,0,1,0,0,0,0,0
1519,,1,11,15,26,11,15,26,8,0.288517,0.303078,51162.862051,0.318182
56,,16,0,1,1,0,1,1,8,0.257544,0.268689,0,0
2087,,7,12,2,14,12,2,14,9,0.2192,0.225265,485.217737,0.071429
1736,,7,21,0,21,21,0,21,0,0,0,0,0.102381
2734,,5,6,1,7,6,1,7,9,0.223701,0.230397,2819.492728,0.133333
2805,,7,8,16,24,8,16,24,8,0.27012,0.282679,8147.501262,0.206522
2881,,5,3,1,4,3,1,4,9,0.227246,0.234543,1273.782537,0.333333
708,,7,35,11,46,35,11,46,7,0.304924,0.320855,249769.860405,0.126087
3055,,16,3,2,5,3,2,5,9,0.211371,0.217173,10808.767663,0.15
3112,,7,7,0,7,7,0,7,0,0,0,0,0.142857
3547,,16,1,0,1,1,0,1,0,0,0,0,0
3553,,15,5,0,5,5,0,5,0,0,0,0,0.05
3595,,16,2,1,3,2,1,3,9,0.221412,0.227907,4177.418715,0.333333
1125,,16,15,8,23,15,8,23,8,0.263227,0.275296,247624.212964,0.093567
638,,7,6,30,36,6,30,36,8,0.292043,0.308369,94341.824536,0.184034
3928,,11,7,0,7,7,0,7,0,0,0,0,0.047619
3366,,12,3,1,4,3,1,4,9,0.209852,0.215169,190.767224,0
4164,,1,4,1,5,4,1,5,8,0.257538,0.268676,19858.812658,0.083333
2455,,16,5,0,5,5,0,5,0,0,0,0,0.05
2162,,2,24,23,47,24,23,47,8,0.277575,0.292101,285806.133394,0.081313
4556,,16,1,0,1,1,0,1,0,0,0,0,0
4558,,16,1,0,1,1,0,1,0,0,0,0,0
4566,,16,2,0,2,2,0,2,0,0,0,0,0
4591,,16,5,0,5,5,0,5,0,0,0,0,0.05
4885,,16,1,0,1,1,0,1,0,0,0,0,0
5341,,21,3,0,3,3,0,3,0,0,0,0,0
5550,,16,3,0,3,3,0,3,0,0,0,0,0.333333
5831,,16,6,0,6,6,0,6,0,0,0,0,0.066667
1672,,2,6,0,6,6,0,6,0,0,0,0,0.2
6052,,10,14,1,15,14,1,15,9,0.200064,0.204366,10.199967,0.166667
2169,,15,26,0,26,26,0,26,0,0,0,0,0.113846
1587,,16,22,0,22,22,0,22,0,0,0,0,0.012987
6500,,16,1,0,1,1,0,1,0,0,0,0,0
6689,,16,1,0,1,1,0,1,0,0,0,0,0
6775,,16,1,0,1,1,0,1,0,0,0,0,0
5332,,16,3,7,10,3,7,10,8,0.265375,0.277615,5714.840514,0.277778
6940,,16,1,0,1,1,0,1,0,0,0,0,0
5167,,16,2,0,2,2,0,2,0,0,0,0,1
7208,,15,6,5,11,6,5,11,9,0.222062,0.229838,27544.645751,0.036364
5699,,16,1,1,2,1,1,2,9,0.211369,0.217147,1774.525358,0
7612,,16,1,0,1,1,0,1,0,0,0,0,0
7685,,16,1,0,1,1,0,1,0,0,0,0,0
6896,,7,8,4,12,8,4,12,9,0.214141,0.220442,79185.705202,0.145455
7848,,16,2,0,2,2,0,2,0,0,0,0,0
6224,,24,11,0,11,11,0,11,0,0,0,0,0.1
1420,,10,13,27,40,13,27,40,8,0.278425,0.292881,195729.950604,0.042857
3322,,7,15,21,36,15,21,36,8,0.280186,0.294043,153916.862287,0.168449
8213,,7,8,1,9,8,1,9,9,0.206706,0.212246,48.30439,0.111111
8255,,16,1,1,2,1,1,2,1,1,1,25976,0
905,,10,17,18,35,17,18,35,8,0.269829,0.282937,172481.960672,0.061492
6831,,7,4,0,4,4,0,4,0,0,0,0,0
2347,,8,28,21,49,28,21,49,8,0.290247,0.304835,147562.695072,0.099303
7513,,5,14,0,14,14,0,14,0,0,0,0,0.016484
4669,,8,7,3,10,7,3,10,8,0.250203,0.259133,27464.498788,0.122222
9310,,16,3,0,3,3,0,3,0,0,0,0,0.166667
5511,,11,5,0,5,5,0,5,0,0,0,0,0.2
9439,,2,2,1,3,2,1,3,9,0.209329,0.214656,4845.553401,0
9503,,16,3,3,6,3,3,6,8,0.250276,0.259973,3091.480228,0.2
9527,,16,1,0,1,1,0,1,0,0,0,0,0
9586,,16,1,0,1,1,0,1,0,0,0,0,0
4711,,7,7,7,14,7,7,14,8,0.267168,0.278624,39016.729824,0.217949
9754,,8,1,3,4,1,3,4,8,0.263113,0.274012,1138.547808,0.416667
9824,,16,2,0,2,2,0,2,0,0,0,0,0.5
9962,,1,1,1,2,1,1,2,9,0.219195,0.22523,133.545486,0
10024,,16,1,0,1,1,0,1,0,0,0,0,0
10161,,16,1,3,4,1,3,4,9,0.231534,0.239422,29581.946849,0
10195,,16,1,0,1,1,0,1,0,0,0,0,0
10299,,21,2,1,3,2,1,3,9,0.193785,0.197907,25989.351588,0.333333
9155,,16,4,1,5,4,1,5,10,0.170245,0.173393,26154.992098,0.3
9332,,16,7,6,13,7,6,13,8,0.235063,0.242859,235991.242599,0.009091
7036,,15,10,11,21,10,11,21,8,0.244522,0.253628,144042.631819,0.081871
10448,,16,1,0,1,1,0,1,0,0,0,0,0
10540,,16,2,0,2,2,0,2,0,0,0,0,0.5
9052,,16,3,0,3,3,0,3,0,0,0,0,0.333333
10584,,16,1,0,1,1,0,1,0,0,0,0,0
10623,,16,1,0,1,1,0,1,0,0,0,0,0
6285,,15,16,10,26,16,10,26,7,0.302654,0.31753,174918.207036,0.079051
6367,,7,3,1,4,3,1,4,9,0.215531,0.221822,20625.039762,0
4985,,10,64,53,117,64,53,117,8,0.284381,0.300641,704367.333817,0.034932
10774,,8,13,0,13,13,0,13,0,0,0,0,0.282051
10810,,16,2,1,3,2,1,3,9,0.230691,0.23804,0,0.5
4945,,16,8,4,12,8,4,12,9,0.197259,0.202006,121960.852122,0.144444
1135,,15,19,5,24,19,5,24,9,0.244243,0.253728,147985.964135,0.1
2401,,8,9,15,24,9,15,24,8,0.272442,0.285164,38198.904807,0.188312
3317,,2,4,0,4,4,0,4,0,0,0,0,0.166667
10942,,16,1,1,2,1,1,2,9,0.211369,0.217147,1774.525358,0
11212,,16,1,1,2,1,1,2,9,0.21451,0.221387,2244.720859,0
469,,7,9,0,9,9,0,9,0,0,0,0,0.097222
1010,,16,44,11,55,44,11,55,8,0.25465,0.264851,272188.932455,0.04209
11584,,16,1,0,1,1,0,1,0,0,0,0,0
11887,,16,2,0,2,2,0,2,0,0,0,0,0.5
1873,,5,18,18,36,18,18,36,8,0.277735,0.291446,83991.519542,0.08871
11934,,16,1,0,1,1,0,1,0,0,0,0,0
4384,,11,3,3,6,3,3,6,9,0.224536,0.23146,7882.698502,0.15
11052,,16,3,0,3,3,0,3,0,0,0,0,0.333333
6692,,16,3,0,3,3,0,3,0,0,0,0,0.333333
12062,,10,3,0,3,3,0,3,0,0,0,0,0.333333
12115,,16,1,0,1,1,0,1,0,0,0,0,0
11739,,8,3,0,3,3,0,3,0,0,0,0,0.333333
12284,,16,1,0,1,1,0,1,0,0,0,0,0
1446,,15,16,1,17,16,1,17,9,0.196674,0.20147,22223.885614,0.033088
12304,,16,3,0,3,3,0,3,0,0,0,0,0
12364,,16,1,1,2,1,1,2,8,0.236957,0.244416,0,1
5113,,8,7,9,16,7,9,16,8,0.268835,0.281011,53441.689835,0.114286
1297,,15,25,28,53,25,28,53,8,0.280939,0.296076,507484.534908,0.067944
12563,,16,1,0,1,1,0,1,0,0,0,0,0
12568,,16,1,2,3,1,2,3,9,0.231576,0.239406,658.020026,0.166667
12736,,16,1,0,1,1,0,1,0,0,0,0,0
12896,,16,13,7,20,13,7,20,8,0.280232,0.294052,52274.720006,0.15
12945,,16,1,0,1,1,0,1,0,0,0,0,0
3956,,16,6,5,11,6,5,11,8,0.23821,0.247442,15012.428969,0.236111
9049,,15,4,2,6,4,2,6,9,0.191418,0.195438,63685.066497,0.05
12980,,16,10,0,10,10,0,10,0,0,0,0,0.177778
7850,,8,9,0,9,9,0,9,0,0,0,0,0.208333
12430,,7,8,23,31,8,23,31,8,0.281548,0.296561,128433.846094,0.186508
2377,,7,14,20,34,14,20,34,8,0.273809,0.286704,1000794.67754,0.088068
13881,,16,1,0,1,1,0,1,0,0,0,0,0
10206,,16,1,2,3,1,2,3,8,0.25806,0.269344,0,1
14335,,16,2,1,3,2,1,3,9,0.201686,0.206522,683.382727,0.166667
346,,8,20,62,82,20,62,82,7,0.303979,0.32324,199775.450698,0.137455
2469,,8,21,16,37,21,16,37,8,0.289671,0.304482,143141.60899,0.099822
8653,,7,7,10,17,7,10,17,7,0.301771,0.317713,15192.661869,0.319048
2013,,1,9,14,23,9,14,23,8,0.24101,0.250143,225578.468787,0.028571
1031,,7,54,46,100,54,46,100,8,0.292652,0.309137,424604.870256,0.111384
15168,,8,4,2,6,4,2,6,8,0.259776,0.271408,1049.967612,0.166667
15328,,16,2,1,3,2,1,3,9,0.211369,0.217147,1946.863176,0.166667
7960,,21,10,5,15,10,5,15,8,0.263621,0.275669,95752.645874,0.217949
15080,,10,118,46,164,118,46,164,7,0.304278,0.320149,2406003.864919,0.038413
13931,,16,2,1,3,2,1,3,8,0.257538,0.268676,0,0.5
7404,,16,10,13,23,10,13,23,8,0.27363,0.28716,104936.597971,0.157895
13956,,16,2,8,10,2,8,10,8,0.261023,0.272849,7209.560914,0.305556
6299,,8,9,7,16,9,7,16,8,0.262391,0.274303,26857.218555,0.211538
16768,,16,1,0,1,1,0,1,0,0,0,0,0
5888,,7,8,5,13,8,5,13,8,0.266186,0.278015,25792.400141,0.211538
7474,,0,3,5,8,3,5,8,7,0.293693,0.308222,33638.438534,0.089286
1311,,8,32,34,66,32,34,66,8,0.295611,0.312265,308089.807599,0.10589
6031,,15,11,4,15,11,4,15,8,0.251543,0.261657,30363.73585,0.12381
17053,,16,1,1,2,1,1,2,8,0.257538,0.268676,0,0
1437,,16,44,37,81,44,37,81,7,0.300298,0.317618,714052.507507,0.090373
7262,,11,25,43,68,25,43,68,8,0.288614,0.305364,343136.988099,0.106313
17327,,16,1,0,1,1,0,1,0,0,0,0,0
10944,,8,3,13,16,3,13,16,8,0.275057,0.288173,2555.70182,0.195833
16916,,16,1,1,2,1,1,2,8,0.257538,0.268676,0,0
16132,,2,3,1,4,3,1,4,9,0.238283,0.246728,18.264392,0.5
18348,,16,7,0,7,7,0,7,0,0,0,0,0.071429
16274,,16,6,1,7,6,1,7,8,0.234934,0.243137,4989.413873,0.233333
18524,,16,1,0,1,1,0,1,0,0,0,0,0
18202,,16,1,1,2,1,1,2,8,0.257538,0.268676,0,0
14696,,16,2,1,3,2,1,3,8,0.257538,0.268676,0,0.5
17539,,16,2,1,3,2,1,3,9,0.211369,0.217147,2317.600999,0.333333
19526,,16,1,1,2,1,1,2,8,0.257538,0.268676,0,0
9333,,16,9,6,15,9,6,15,8,0.243501,0.253001,115695.505626,0.113636
17271,,7,20,24,44,20,24,44,8,0.28213,0.295966,115719.093636,0.149502
13058,,16,1,2,3,1,2,3,8,0.269949,0.282402,0,1
2262,,7,24,15,39,24,15,39,8,0.27609,0.289655,81739.619312,0.119841
15554,,7,18,41,59,18,41,59,8,0.299863,0.316937,140710.847405,0.158442
12360,,15,3,6,9,3,6,9,8,0.247665,0.257591,33932.117224,0.055556
11730,,16,2,1,3,2,1,3,9,0.211364,0.217133,1774.525358,0
22327,,16,3,1,4,3,1,4,8,0.257538,0.268676,0,0.333333
1077,,8,11,11,22,11,11,22,8,0.271221,0.283492,34022.22306,0.251082
1142,,8,168,236,404,168,236,404,8,0.334399,0.361469,7437431.140257,0.028415
22775,,16,1,1,2,1,1,2,8,0.257538,0.268676,0,0
1665,,10,34,20,54,34,20,54,8,0.257123,0.268212,193150.788454,0.093434
23122,,16,1,1,2,1,1,2,9,0.211369,0.217147,1774.525358,0
21919,,1,2,1,3,2,1,3,9,0.2097,0.215028,84.70475,0.333333
3160,,7,10,3,13,10,3,13,8,0.245427,0.254612,16117.304919,0.326923
13378,,16,4,5,9,4,5,9,8,0.261927,0.273656,1418.8683,0.232143
23926,,16,1,0,1,1,0,1,0,0,0,0,0
24018,,16,1,0,1,1,0,1,0,0,0,0,0
2756,,16,1,5,6,1,5,6,9,0.195323,0.199765,31016.217467,0.233333
20969,,8,5,1,6,5,1,6,9,0.209257,0.214887,0.557344,0.233333
12164,,8,3,21,24,3,21,24,8,0.27571,0.289016,28929.862707,0.213768
1178,,5,62,77,139,62,77,139,8,0.300639,0.318981,1587483.221678,0.034986
16420,,16,1,2,3,1,2,3,8,0.236273,0.244246,27660.006906,0
8093,,8,13,13,26,13,13,26,8,0.278384,0.292289,53712.636956,0.193676
14907,,7,19,0,19,19,0,19,0,0,0,0,0.128655
13460,,16,88,63,151,88,63,151,8,0.265469,0.278326,2791183.871034,0.008196
19596,,16,2,1,3,2,1,3,9,0.225591,0.232932,21.573089,0.166667
22310,,16,5,5,10,5,5,10,8,0.257168,0.268226,44826.31318,0.1
25539,,16,2,0,2,2,0,2,0,0,0,0,0.5
4595,,7,5,1,6,5,1,6,9,0.21668,0.2232,594.712612,0.3
12374,,11,6,9,15,6,9,15,8,0.270259,0.282489,36729.975667,0.095238
1244,,8,12,4,16,12,4,16,8,0.276041,0.289202,23709.628366,0.27619
26625,,16,2,2,4,2,2,4,8,0.258894,0.2703,0,1
16313,,11,8,8,16,8,8,16,8,0.233945,0.242432,47678.843969,0.136364
17035,,16,16,3,19,16,3,19,8,0.240376,0.248344,46216.090497,0.220833
27226,,16,1,0,1,1,0,1,0,0,0,0,0
1781,,16,11,1,12,11,1,12,8,0.257538,0.268676,18925.434754,0.081818
22468,,16,10,2,12,10,2,12,8,0.258894,0.2703,6202.6674,0.211111
17813,,7,5,1,6,5,1,6,8,0.272186,0.283719,316.028607,0.266667
6073,,7,6,0,6,6,0,6,0,0,0,0,0.266667
2674,,16,7,23,30,7,23,30,8,0.281649,0.296307,92782.095848,0.116995
29132,,16,2,0,2,2,0,2,0,0,0,0,0
29283,,16,1,0,1,1,0,1,0,0,0,0,0
29160,,16,11,3,14,11,3,14,8,0.243614,0.252682,29312.71639,0.134615
26464,,7,10,5,15,10,5,15,8,0.272379,0.284044,2848.071035,0.180952
29617,,16,1,0,1,1,0,1,0,0,0,0,0
1388,,16,26,17,43,26,17,43,8,0.2828,0.297435,324349.962752,0.061111
29949,,7,8,2,10,8,2,10,8,0.273225,0.285822,384.915229,0.388889
9219,,16,6,8,14,6,8,14,8,0.273185,0.286409,123734.39337,0.1
30336,,16,1,0,1,1,0,1,0,0,0,0,0
3886,,8,12,3,15,12,3,15,8,0.274375,0.286324,17799.041914,0.066667
1115,,11,10,3,13,10,3,13,8,0.249993,0.260311,21713.757949,0.166667
30127,,16,2,2,4,2,2,4,8,0.257954,0.26923,0,1
31434,,16,1,2,3,1,2,3,8,0.257541,0.268703,0,1
6797,,16,10,36,46,10,36,46,8,0.242194,0.251442,499643.098147,0.013742
6710,,1,11,1,12,11,1,12,1,1,1,12757.927089,0.151515
32241,,16,1,1,2,1,1,2,9,0.22142,0.228563,0,1
32580,,16,1,0,1,1,0,1,0,0,0,0,0
23023,,7,10,0,10,10,0,10,0,0,0,0,0.133333
4068,,6,2,2,4,2,2,4,8,0.26149,0.272611,26742.919261,0.083333
21609,,7,18,3,21,18,3,21,8,0.256653,0.267124,6874.082733,0.297368
3790,,10,29,3,32,29,3,32,8,0.246996,0.255972,44813.744346,0.082661
33390,,16,1,1,2,1,1,2,8,0.257538,0.268676,0,0
33379,,16,1,1,2,1,1,2,8,0.257538,0.268676,0,0
10294,,7,1,1,2,1,1,2,9,0.226163,0.233245,0,0.5
33894,,16,1,0,1,1,0,1,0,0,0,0,0
25989,,16,1,1,2,1,1,2,8,0.257538,0.268676,0,0
13152,,11,7,16,23,7,16,23,8,0.278879,0.293003,57658.761864,0.190476
34185,,16,1,0,1,1,0,1,0,0,0,0,0
34458,,16,1,0,1,1,0,1,0,0,0,0,0
34467,,16,1,1,2,1,1,2,8,0.257538,0.268676,0,0
31894,,16,1,3,4,1,3,4,8,0.260297,0.271899,1204.300374,0.333333
2123,,7,7,10,17,7,10,17,8,0.281611,0.295754,5986.770824,0.233333
956,,7,11,0,11,11,0,11,0,0,0,0,0.145455
35631,,16,1,1,2,1,1,2,8,0.257538,0.268676,0,0
58,,7,19,472,491,19,472,491,7,0.367358,0.400395,2061552.868504,0.042221
349,,7,2,1,3,2,1,3,1,1,1,25977,0
641,,7,5,0,5,5,0,5,0,0,0,0,0.05
1038,,0,1,3,4,1,3,4,9,0.231508,0.239617,25985.453232,0.25
1577,,24,20,22,42,20,22,42,8,0.265118,0.277356,47946.137897,0.303226
1735,,6,2,1,3,2,1,3,8,0.25615,0.26693,106.909262,0.333333
1840,,7,16,15,31,16,15,31,8,0.275005,0.288016,59935.475044,0.156695
420,,7,5,32,37,5,32,37,7,0.307218,0.324587,33776.428368,0.207958
1174,,5,51,41,92,51,41,92,8,0.298551,0.315587,629430.868596,0.095886
2782,,7,23,7,30,23,7,30,8,0.27305,0.285225,147010.125749,0.147126
591,,7,19,33,52,19,33,52,8,0.282554,0.29775,120276.572625,0.161585
217,,7,32,69,101,32,69,101,7,0.313641,0.333245,272716.510938,0.141902
4836,,7,1,0,1,1,0,1,0,0,0,0,0
86,,7,16,58,74,16,58,74,7,0.305528,0.324367,145530.785422,0.131064
4838,,7,7,13,20,7,13,20,8,0.251567,0.262112,50810.957262,0.095238
3702,,11,32,17,49,32,17,49,8,0.269031,0.282516,405816.26454,0.083838
5668,,8,20,1,21,20,1,21,9,0.200796,0.205193,57196.816618,0.107143
1215,,7,26,21,47,26,21,47,8,0.287723,0.303116,42472.011809,0.193939
4151,,7,26,0,26,26,0,26,0,0,0,0,0.238462
148,,7,40,46,86,40,46,86,8,0.297993,0.314992,264731.245229,0.106964
4263,,24,11,33,44,11,33,44,7,0.303049,0.320067,222814.897881,0.253659
4848,,7,3,20,23,3,20,23,7,0.306503,0.322881,27715.028468,0.246753
1310,,8,67,160,227,67,160,227,7,0.340391,0.364679,1453503.133547,0.087812
1144,,7,22,60,82,22,60,82,7,0.312714,0.3312,530160.126534,0.078378
982,,7,9,17,26,9,17,26,8,0.292284,0.307629,63663.716784,0.23
6660,,7,15,13,28,15,13,28,8,0.278549,0.291694,65607.768911,0.227273
6370,,8,4,11,15,4,11,15,8,0.259022,0.269896,28761.875303,0.119048
7218,,7,2,2,4,2,2,4,8,0.26867,0.280327,326.814479,0.5
1341,,7,3,42,45,3,42,45,8,0.292134,0.30915,63318.84313,0.142424
5380,,8,8,3,11,8,3,11,8,0.223898,0.23087,14550.415376,0.1
412,,7,15,123,138,15,123,138,7,0.32881,0.351177,123874.281387,0.12406
7481,,7,1,0,1,1,0,1,0,0,0,0,0
7525,,7,1,0,1,1,0,1,0,0,0,0,0
2127,,7,3,14,17,3,14,17,7,0.299858,0.315503,7371.219297,0.285714
4124,,7,8,3,11,8,3,11,8,0.26208,0.273291,1654.644832,0.345455
1993,,8,20,28,48,20,28,48,8,0.2832,0.298314,154237.199336,0.131822
8046,,7,3,0,3,3,0,3,0,0,0,0,0
2558,,7,14,18,32,14,18,32,8,0.274407,0.288314,30413.747163,0.260081
2610,,7,21,40,61,21,40,61,8,0.30027,0.317212,124505.737806,0.145237
5162,,7,6,21,27,6,21,27,7,0.308093,0.325387,78321.084326,0.133903
8669,,7,1,0,1,1,0,1,0,0,0,0,0
2083,,8,11,16,27,11,16,27,8,0.281245,0.295453,18668.302161,0.25
8883,,7,1,0,1,1,0,1,0,0,0,0,0
9246,,7,2,1,3,2,1,3,8,0.261538,0.272148,209.22796,0.666667
2009,,8,17,17,34,17,17,34,8,0.271108,0.283874,60112.523345,0.287356
1197,,5,7,15,22,7,15,22,7,0.260798,0.271395,62578.682979,0.092105
4088,,11,15,6,21,15,6,21,8,0.266197,0.277828,89349.373625,0.130952
759,,7,3,0,3,3,0,3,0,0,0,0,0.166667
1078,,11,4,26,30,4,26,30,7,0.310799,0.328188,44880.672398,0.137566
2206,,7,21,31,52,21,31,52,8,0.28513,0.300712,155166.006622,0.116471
2182,,24,5,6,11,5,6,11,8,0.274419,0.287426,50623.707728,0.154545
5426,,7,3,2,5,3,2,5,8,0.263895,0.274976,0,0.55
7787,,8,5,5,10,5,5,10,8,0.246365,0.255252,9865.429485,0.166667
8678,,7,2,2,4,2,2,4,9,0.191263,0.19565,54.995012,0.25
10536,,8,3,0,3,3,0,3,0,0,0,0,0
3157,,8,17,25,42,17,25,42,8,0.292012,0.308091,92623.036246,0.224158
10782,,7,18,30,48,18,30,48,7,0.307213,0.324435,106784.168095,0.155039
12252,,7,1,0,1,1,0,1,0,0,0,0,0
12251,,7,16,1,17,16,1,17,7,0.293546,0.307944,30082.687249,0.170833
3036,,10,2,2,4,2,2,4,9,0.228023,0.235495,372.901564,0.166667
2854,,8,23,0,23,23,0,23,0,0,0,0,0.073123
12978,,7,2,0,2,2,0,2,0,0,0,0,1
2350,,7,3,2,5,3,2,5,8,0.271307,0.283094,3192.346711,0.15
6266,,8,10,6,16,10,6,16,8,0.276191,0.288177,28250.015507,0.1
13476,,11,17,11,28,17,11,28,7,0.298678,0.314265,184650.264301,0.123077
13882,,7,1,0,1,1,0,1,0,0,0,0,0
557,,7,21,0,21,21,0,21,0,0,0,0,0.142857
7449,,8,4,16,20,4,16,20,8,0.281233,0.295007,53175.198401,0.265789
11327,,10,9,6,15,9,6,15,8,0.245287,0.2542,42449.058549,0.120879
4161,,11,24,23,47,24,23,47,7,0.276816,0.290594,210124.19481,0.096899
3310,,5,24,6,30,24,6,30,8,0.250562,0.260584,46479.835325,0.078042
3075,,7,26,38,64,26,38,64,7,0.307047,0.324035,158358.751967,0.139071
3392,,15,13,19,32,13,19,32,8,0.293707,0.309629,115625.014442,0.193103
2646,,10,18,65,83,18,65,83,7,0.305181,0.323309,727326.428812,0.034965
14043,,7,9,29,38,9,29,38,7,0.309247,0.326304,53676.114843,0.215686
15110,,10,24,14,38,24,14,38,8,0.252434,0.262222,191972.915836,0.081609
1405,,8,22,20,42,22,20,42,8,0.276041,0.28982,101674.393076,0.107397
9728,,7,6,7,13,6,7,13,9,0.224269,0.231523,148741.28037,0.075758
906,,7,29,44,73,29,44,73,8,0.299296,0.316529,284383.605689,0.134328
2768,,7,26,56,82,26,56,82,7,0.311596,0.329956,480895.545166,0.094234
7324,,11,22,17,39,22,17,39,8,0.260164,0.271483,242925.922425,0.060504
1551,,8,79,85,164,79,85,164,7,0.304687,0.323928,1282917.313697,0.06621
17028,,10,2,0,2,2,0,2,0,0,0,0,0
3281,,7,13,37,50,13,37,50,8,0.290064,0.305673,42088.64431,0.164541
6529,,7,6,2,8,6,2,8,9,0.227406,0.234482,286.12786,0.232143
8707,,7,7,2,9,7,2,9,8,0.268674,0.280536,158.492122,0.5
9164,,11,2,2,4,2,2,4,8,0.24207,0.250722,165.773546,0.083333
17840,,7,2,1,3,2,1,3,10,0.179155,0.182313,0,0.666667
4907,,0,15,10,25,15,10,25,8,0.273245,0.286674,173214.22387,0.08
5231,,8,15,15,30,15,15,30,8,0.279978,0.29321,46208.476442,0.093596
2102,,7,32,37,69,32,37,69,7,0.316552,0.334743,668597.579449,0.093958
5121,,8,5,5,10,5,5,10,8,0.243895,0.25214,79762.576053,0.055556
2785,,7,17,51,68,17,51,68,7,0.295532,0.312822,538256.358606,0.087814
14066,,21,2,0,2,2,0,2,0,0,0,0,0
18608,,11,3,0,3,3,0,3,0,0,0,0,0.333333
11947,,7,7,0,7,7,0,7,0,0,0,0,0.071429
19213,,7,1,0,1,1,0,1,0,0,0,0,0
85,,7,35,58,93,35,58,93,8,0.299682,0.317273,148275.3591,0.127743
11012,,7,50,52,102,50,52,102,8,0.295495,0.312172,977842.505034,0.094177
10462,,7,10,6,16,10,6,16,8,0.278668,0.29122,47139.065817,0.170833
19730,,2,1,1,2,1,1,2,8,0.261476,0.272569,0,0.5
19806,,5,6,0,6,6,0,6,0,0,0,0,0.033333
10578,,7,1,22,23,1,22,23,8,0.28355,0.29835,98.212725,0.209486
63,,12,111,98,209,111,98,209,7,0.306213,0.324512,5292584.600255,0.008983
2725,,8,32,110,142,32,110,142,7,0.318168,0.338738,564820.331479,0.099183
7973,,7,5,4,9,5,4,9,8,0.265065,0.27665,18852.708157,0.236111
3916,,8,22,34,56,22,34,56,8,0.28617,0.300986,250288.811154,0.166667
742,,16,18,15,33,18,15,33,8,0.253204,0.263595,361311.669359,0.041311
5970,,7,19,1,20,19,1,20,9,0.2097,0.215028,39257.342392,0.078947
16930,,7,3,1,4,3,1,4,9,0.226465,0.234217,18826,0.333333
4415,,7,1,6,7,1,6,7,8,0.246746,0.256223,26569.588608,0.095238
16769,,7,6,0,6,6,0,6,0,0,0,0,0.266667
5013,,7,6,6,12,6,6,12,7,0.297414,0.312436,21784.228358,0.234848
21675,,7,13,74,87,13,74,87,7,0.323599,0.344479,297253.577066,0.146914
2984,,7,33,0,33,33,0,33,0,0,0,0,0.056818
18984,,7,14,5,19,14,5,19,8,0.26628,0.277898,51807.202564,0.113971
22002,,8,2,2,4,2,2,4,9,0.219103,0.225518,96.469578,0.166667
18796,,7,16,1,17,16,1,17,10,0.175256,0.178633,56654.602561,0.0625
4726,,7,13,8,21,13,8,21,8,0.259022,0.270221,42678.040216,0.189542
11013,,11,1,1,2,1,1,2,9,0.219141,0.225752,1.518056,0
7480,,8,10,10,20,10,10,20,8,0.252579,0.263194,49610.189205,0.104575
14581,,7,5,4,9,5,4,9,8,0.273316,0.285977,5088.015999,0.222222
22930,,7,3,0,3,3,0,3,0,0,0,0,0.166667
8087,,7,1,5,6,1,5,6,8,0.266096,0.277438,0,0.366667
21285,,7,7,23,30,7,23,30,8,0.289956,0.305019,27365.476854,0.171182
4137,,24,23,11,34,23,11,34,8,0.286388,0.300377,138887.990933,0.077419
23947,,7,3,0,3,3,0,3,0,0,0,0,0.833333
12081,,7,10,6,16,10,6,16,7,0.294843,0.309761,77432.673699,0.158333
19062,,7,5,0,5,5,0,5,0,0,0,0,0.8
7957,,5,4,4,8,4,4,8,8,0.238821,0.247635,1114.510797,0.125
3336,,7,6,3,9,6,3,9,9,0.20133,0.206951,47531.509838,0.166667
4463,,16,21,3,24,21,3,24,8,0.251748,0.261722,118677.788482,0.071146
24723,,7,4,7,11,4,7,11,8,0.27406,0.286307,3800.581626,0.222222
3651,,15,8,7,15,8,7,15,9,0.232984,0.240923,14530.915653,0.127273
25807,,8,4,0,4,4,0,4,0,0,0,0,0.5
18431,,10,14,0,14,14,0,14,0,0,0,0,0.065934
26242,,7,7,0,7,7,0,7,0,0,0,0,0.261905
26793,,7,11,6,17,11,6,17,8,0.268123,0.280398,45916.826093,0.227941
3521,,7,12,4,16,12,4,16,8,0.241427,0.249656,46729.930494,0.145833
5473,,6,11,15,26,11,15,26,8,0.284475,0.298451,53741.195648,0.113333
4130,,7,14,2,16,14,2,16,9,0.224338,0.231369,39169.657632,0.1625
28188,,8,28,53,81,28,53,81,7,0.301202,0.318242,407622.067613,0.137544
270,,1,16,4,20,16,4,20,8,0.241787,0.251131,14376.261254,0.1
12646,,24,18,3,21,18,3,21,8,0.25708,0.267229,36897.428344,0.184211
17109,,0,13,0,13,13,0,13,0,0,0,0,0.166667
1537,,8,28,23,51,28,23,51,8,0.279094,0.292851,227614.00633,0.128964
28189,,7,6,14,20,6,14,20,7,0.302679,0.318756,26700.326666,0.343137
25188,,11,3,1,4,3,1,4,1,1,1,25975,0
1698,,7,15,34,49,15,34,49,7,0.308927,0.326156,85289.717631,0.165587
26605,,7,31,35,66,31,35,66,8,0.281607,0.296466,119041.043469,0.176797
1584,,2,12,12,24,12,12,24,9,0.22089,0.228075,178915.413014,0.031579
6722,,5,11,9,20,11,9,20,8,0.2533,0.263158,79223.82109,0.120915
22623,,7,15,3,18,15,3,18,9,0.223829,0.230479,51345.079021,0.218954
11150,,7,9,14,23,9,14,23,7,0.305295,0.321151,75417.1429,0.373684
746,,15,42,25,67,42,25,67,7,0.277506,0.291468,443993.285591,0.065476
25031,,7,7,3,10,7,3,10,8,0.26428,0.275225,20524.798236,0.177778
33319,,7,2,0,2,2,0,2,0,0,0,0,1
13264,,8,7,10,17,7,10,17,8,0.267381,0.279115,27598.226679,0.191667
33597,,7,12,6,18,12,6,18,8,0.245854,0.254707,55886.110896,0.261438
11874,,7,8,13,21,8,13,21,8,0.280374,0.293658,2227.710744,0.292857
3308,,8,4,5,9,4,5,9,7,0.297677,0.312539,27139.746318,0.267857
27553,,7,36,45,81,36,45,81,8,0.278817,0.293893,284529.823652,0.102484
29841,,7,7,0,7,7,0,7,0,0,0,0,0.404762
1658,,5,1,3,4,1,3,4,8,0.26329,0.274165,2411.10242,0
2173,,0,5,4,9,5,4,9,8,0.281527,0.294271,79172.10657,0.232143
3377,,8,6,0,6,6,0,6,0,0,0,0,0.333333
1235,,1,28,16,44,28,16,44,8,0.269039,0.282078,214360.160197,0.066667
569,,16,3,2,5,3,2,5,8,0.262863,0.273613,18316.93722,0.166667
3951,,7,6,6,12,6,6,12,8,0.252966,0.262788,71120.296226,0.127273
3991,,7,5,0,5,5,0,5,0,0,0,0,0.65
2861,,8,10,16,26,10,16,26,8,0.276584,0.289558,46157.902427,0.132308
3117,,8,12,0,12,12,0,12,0,0,0,0,0.083333
4747,,7,3,3,6,3,3,6,9,0.248462,0.258416,1900.318629,0.4
5313,,12,4,3,7,4,3,7,9,0.222827,0.23019,55453.228141,0.047619
5361,,7,1,3,4,1,3,4,9,0.223552,0.230581,11245.048094,0.166667
5830,,9,1,2,3,1,2,3,9,0.199845,0.205113,18409.074329,0.333333
6013,,7,2,5,7,2,5,7,8,0.272438,0.285218,4641.374058,0.6
6014,,11,1,1,2,1,1,2,8,0.231499,0.239015,5003.530066,0
2574,,7,8,20,28,8,20,28,8,0.271663,0.284706,224976.059654,0.09127
6341,,8,2,1,3,2,1,3,8,0.262749,0.273454,0,0.5
6495,,16,2,1,3,2,1,3,9,0.234732,0.243226,248.054705,0.5
6669,,7,1,1,2,1,1,2,8,0.272186,0.283719,0,1
6120,,9,4,12,16,4,12,16,8,0.272013,0.285492,60293.133109,0.3
7026,,2,1,1,2,1,1,2,8,0.261472,0.272564,0,1
4190,,8,7,5,12,7,5,12,7,0.297296,0.312313,66857.766462,0.263889
4387,,7,4,7,11,4,7,11,8,0.275049,0.288044,49936.928699,0.291667
7710,,8,1,0,1,1,0,1,0,0,0,0,0
7728,,8,1,0,1,1,0,1,0,0,0,0,0
4024,,8,3,2,5,3,2,5,9,0.221621,0.228835,683.934,0.3
5627,,5,9,1,10,9,1,10,9,0.229787,0.237536,2464.780036,0.122222
4212,,7,4,0,4,4,0,4,0,0,0,0,0.25
8525,,8,1,0,1,1,0,1,0,0,0,0,0
1329,,5,47,45,92,47,45,92,8,0.295658,0.312751,388299.503429,0.140443
1885,,8,20,27,47,20,27,47,8,0.277053,0.291121,200487.621171,0.098862
8972,,8,1,0,1,1,0,1,0,0,0,0,0
6450,,15,8,9,17,8,9,17,9,0.23713,0.246488,56219.506381,0.121324
2164,,8,17,9,26,17,9,26,8,0.244338,0.253941,125388.5872,0.112319
1709,,8,24,17,41,24,17,41,8,0.288906,0.303535,207878.660304,0.128205
9972,,8,1,2,3,1,2,3,8,0.235234,0.243617,8175.321705,0.166667
2032,,15,10,18,28,10,18,28,8,0.273332,0.286965,164794.218235,0.166154
6312,,5,7,6,13,7,6,13,8,0.262533,0.273854,53222.096351,0.166667
10301,,8,1,0,1,1,0,1,0,0,0,0,0
10302,,8,2,0,2,2,0,2,0,0,0,0,1
10303,,8,1,0,1,1,0,1,0,0,0,0,0
10304,,8,1,0,1,1,0,1,0,0,0,0,0
10305,,8,1,0,1,1,0,1,0,0,0,0,0
5168,,8,5,13,18,5,13,18,8,0.288645,0.302783,42059.2319,0.294118
10306,,8,3,0,3,3,0,3,0,0,0,0,0.666667
2640,,10,14,20,34,14,20,34,8,0.280935,0.294268,86987.035036,0.131183
2595,,9,3,9,12,3,9,12,8,0.263481,0.274853,61404.528121,0.127273
2423,,11,31,19,50,31,19,50,8,0.278215,0.292744,150693.145241,0.110366
10860,,8,2,0,2,2,0,2,0,0,0,0,0
4484,,15,5,3,8,5,3,8,8,0.232747,0.24058,53426.555368,0.107143
12056,,11,6,9,15,6,9,15,8,0.277093,0.290692,136761.099373,0.160256
12286,,6,2,0,2,2,0,2,0,0,0,0,1
12376,,7,1,1,2,1,1,2,8,0.25152,0.261547,0,1
3644,,6,6,1,7,6,1,7,9,0.238283,0.246728,35.295963,0.285714
3495,,8,9,6,15,9,6,15,8,0.265611,0.276689,26422.678727,0.463636
12583,,8,1,0,1,1,0,1,0,0,0,0,0
9635,,8,16,5,21,16,5,21,8,0.262819,0.273644,31091.718734,0.165789
4332,,10,32,25,57,32,25,57,8,0.281877,0.296803,486139.197192,0.06
6241,,8,43,20,63,43,20,63,8,0.281329,0.295769,329413.599823,0.09688
2988,,15,16,20,36,16,20,36,8,0.254657,0.265397,332440.595497,0.078629
3608,,0,9,11,20,9,11,20,8,0.283243,0.297148,107823.176684,0.169118
14322,,8,1,0,1,1,0,1,0,0,0,0,0
15061,,16,1,2,3,1,2,3,9,0.213464,0.219869,8757.973077,0.166667
15320,,8,1,0,1,1,0,1,0,0,0,0,0
5805,,11,3,3,6,3,3,6,9,0.205854,0.211433,27963.535153,0.35
6486,,1,4,20,24,4,20,24,8,0.24076,0.250434,80289.152252,0.094203
2275,,1,10,9,19,10,9,19,8,0.269362,0.282256,40862.144886,0.149123
899,,8,33,1,34,33,1,34,9,0.219566,0.226117,62602.919581,0.093583
1074,,8,31,54,85,31,54,85,7,0.315682,0.334987,262184.957791,0.137191
9757,,7,2,7,9,2,7,9,8,0.259286,0.270385,3640.998355,0.25
2693,,8,10,14,24,10,14,24,8,0.276812,0.290777,39343.512231,0.161232
717,,8,11,17,28,11,17,28,8,0.278466,0.292528,127288.559247,0.116923
2001,,7,2,4,6,2,4,6,9,0.214644,0.220761,411.678216,0.2
833,,15,56,43,99,56,43,99,8,0.282245,0.298041,883820.074976,0.039656
17905,,8,1,0,1,1,0,1,0,0,0,0,0
17833,,8,2,1,3,2,1,3,8,0.244382,0.252458,19967.464528,0.166667
18317,,8,1,0,1,1,0,1,0,0,0,0,0
2430,,24,17,7,24,17,7,24,8,0.265047,0.277716,76494.764729,0.132035
3476,,0,12,17,29,12,17,29,8,0.282537,0.297369,162068.234357,0.107692
18602,,8,1,0,1,1,0,1,0,0,0,0,0
4768,,8,14,10,24,14,10,24,8,0.252701,0.262869,109541.64699,0.092885
3957,,11,22,25,47,22,25,47,8,0.289542,0.304483,233571.49284,0.136637
8988,,5,3,3,6,3,3,6,8,0.237336,0.244916,10146.881189,0.233333
19226,,8,1,0,1,1,0,1,0,0,0,0,0
1236,,5,37,17,54,37,17,54,8,0.273019,0.286261,309869.623054,0.058055
2849,,8,7,3,10,7,3,10,8,0.265934,0.277894,3843.565271,0.236111
606,,8,11,10,21,11,10,21,8,0.275617,0.288573,75837.953825,0.084211
9955,,7,4,0,4,4,0,4,0,0,0,0,0.166667
2484,,5,14,17,31,14,17,31,8,0.273015,0.286241,125966.439737,0.123333
468,,8,4,3,7,4,3,7,9,0.215689,0.221882,7087.279459,0.095238
20037,,5,3,0,3,3,0,3,0,0,0,0,0.166667
348,,1,35,51,86,35,51,86,7,0.295918,0.31275,1084927.522142,0.058386
5276,,16,6,5,11,6,5,11,8,0.259301,0.270817,42211.017362,0.254545
12235,,8,3,3,6,3,3,6,9,0.231944,0.24013,1340.699696,0.433333
690,,8,63,39,102,63,39,102,8,0.275669,0.289687,1700734.257833,0.052454
10128,,8,8,5,13,8,5,13,8,0.264013,0.275485,161.955261,0.307692
60,,7,4,50,54,4,50,54,8,0.302392,0.320868,30832.731993,0.174703
3263,,0,13,6,19,13,6,19,8,0.237091,0.244987,205432.662596,0.0625
1306,,0,8,4,12,8,4,12,8,0.235066,0.242971,680.995691,0.462121
7496,,0,14,14,28,14,14,28,7,0.294465,0.309438,75849.589949,0.470356
10339,,0,19,0,19,19,0,19,0,0,0,0,0.491228
3201,,0,12,5,17,12,5,17,8,0.259458,0.270647,66979.548732,0.033088
2438,,1,36,19,55,36,19,55,8,0.276763,0.290412,426877.715318,0.054286
30039,,0,1,0,1,1,0,1,0,0,0,0,0
34797,,0,9,7,16,9,7,16,8,0.238954,0.247066,680.715885,0.638095
1579,,0,14,12,26,14,12,26,8,0.230932,0.239504,54524.383628,0.178571
3878,,0,2,0,2,2,0,2,0,0,0,0,0
8416,,11,3,3,6,3,3,6,8,0.228496,0.235741,2809.444489,0
64,,12,2,2,4,2,2,4,8,0.235475,0.243206,1335.176931,0.333333
94,,12,3,3,6,3,3,6,8,0.234782,0.242478,18826.5,0.3
457,,12,9,10,19,9,10,19,8,0.236909,0.245011,90737.923984,0.120833
757,,12,1,0,1,1,0,1,0,0,0,0,0
758,,12,3,2,5,3,2,5,8,0.234434,0.242024,5478.944609,0.416667
648,,12,1,1,2,1,1,2,8,0.234431,0.241997,0,0
926,,12,5,11,16,5,11,16,8,0.234498,0.242369,128241.543557,0.121795
1608,,12,3,3,6,3,3,6,8,0.234452,0.242086,1.666667,0.55
1273,,12,2,1,3,2,1,3,8,0.234431,0.241997,0,1
1772,,12,1,0,1,1,0,1,0,0,0,0,0
3065,,12,1,0,1,1,0,1,0,0,0,0,0
458,,12,9,7,16,9,7,16,8,0.234475,0.242228,52023.506057,0.198718
3306,,12,1,0,1,1,0,1,0,0,0,0,0
3352,,12,1,0,1,1,0,1,0,0,0,0,0
2927,,12,16,9,25,16,9,25,8,0.251077,0.261865,227355.683802,0.062771
3724,,12,2,2,4,2,2,4,8,0.234437,0.242033,25975,0.333333
3757,,12,1,2,3,1,2,3,8,0.239767,0.247985,182.826007,0
2165,,12,3,1,4,3,1,4,8,0.234431,0.241997,18826,0.333333
705,,11,47,64,111,47,64,111,8,0.289337,0.307115,547608.994465,0.059266
1079,,12,2,4,6,2,4,6,8,0.234785,0.242505,10.597148,0.45
927,,12,8,9,17,8,9,17,8,0.234478,0.242281,122131.961922,0.137363
6072,,12,1,0,1,1,0,1,0,0,0,0,0
4860,,12,10,3,13,10,3,13,8,0.234791,0.242505,44946.258702,0.233333
3960,,12,4,3,7,4,3,7,8,0.234458,0.242104,43480.867043,0.2
5551,,12,3,6,9,3,6,9,8,0.234469,0.242192,96750.916667,0.142857
7427,,12,2,3,5,2,3,5,8,0.234437,0.242051,0.833333,0.5
7859,,12,2,0,2,2,0,2,0,0,0,0,0
2326,,12,1,1,2,1,1,2,8,0.234431,0.241997,0,0
8559,,12,1,2,3,1,2,3,8,0.234443,0.242042,0,1
2597,,12,2,1,3,2,1,3,8,0.234431,0.241997,0,1
1557,,12,12,15,27,12,15,27,8,0.276138,0.288945,180145.912676,0.097403
9105,,12,1,0,1,1,0,1,0,0,0,0,0
7406,,12,1,1,2,1,1,2,8,0.234431,0.241997,0,0
3964,,12,2,2,4,2,2,4,8,0.23444,0.242042,0,1
10712,,12,3,1,4,3,1,4,8,0.234431,0.241997,0,0.5
8320,,12,2,5,7,2,5,7,8,0.234452,0.24213,31462.317243,0.333333
2174,,12,2,5,7,2,5,7,9,0.1919,0.19614,51951.833333,0.238095
11159,,12,1,0,1,1,0,1,0,0,0,0,0
11228,,12,2,0,2,2,0,2,0,0,0,0,1
11287,,12,1,0,1,1,0,1,0,0,0,0,0
11677,,12,1,1,2,1,1,2,8,0.234431,0.241997,0,0
11060,,12,33,13,46,33,13,46,8,0.278685,0.292521,709361.661655,0.023718
10490,,12,1,2,3,1,2,3,8,0.234437,0.242033,25974,0.5
12157,,12,3,1,4,3,1,4,8,0.234431,0.241997,0,0.666667
6354,,12,4,3,7,4,3,7,8,0.237462,0.245691,51139.855818,0.095238
4763,,12,7,5,12,7,5,12,8,0.23531,0.2431,172109.334849,0.083333
6293,,12,3,2,5,3,2,5,8,0.234586,0.242249,371.597554,0.166667
3893,,12,1,1,2,1,1,2,9,0.191537,0.195659,0,1
7248,,6,15,9,24,15,9,24,8,0.252946,0.263213,58225.674286,0.128655
13993,,12,4,3,7,4,3,7,8,0.234782,0.242478,46.920901,0.55
14024,,12,1,0,1,1,0,1,0,0,0,0,0
15302,,12,1,0,1,1,0,1,0,0,0,0,0
8052,,12,4,4,8,4,4,8,8,0.234788,0.242513,30698.154354,0.3
17240,,12,1,1,2,1,1,2,8,0.234431,0.241997,0,0
17249,,12,2,0,2,2,0,2,0,0,0,0,0
17878,,12,1,4,5,1,4,5,8,0.234446,0.242095,25974,0.416667
5434,,12,1,2,3,1,2,3,8,0.2363,0.244242,423.151976,0
18001,,12,1,0,1,1,0,1,0,0,0,0,0
14181,,12,1,1,2,1,1,2,9,0.191537,0.195659,0,1
18362,,12,3,1,4,3,1,4,1,1,1,25976,0.333333
18322,,12,2,1,3,2,1,3,8,0.234431,0.241997,0,1
18664,,12,2,0,2,2,0,2,0,0,0,0,1
19132,,12,1,0,1,1,0,1,0,0,0,0,0
17534,,12,1,1,2,1,1,2,8,0.234431,0.241997,0,0
18160,,12,2,0,2,2,0,2,0,0,0,0,1
20621,,12,1,0,1,1,0,1,0,0,0,0,0
16399,,12,1,4,5,1,4,5,8,0.234612,0.242298,51949,0.166667
24721,,12,2,6,8,2,6,8,8,0.234463,0.242179,109382.867366,0.095238
23966,,12,1,1,2,1,1,2,8,0.234431,0.241997,0,0
25400,,12,1,1,2,1,1,2,8,0.234431,0.241997,0,0
25648,,12,1,0,1,1,0,1,0,0,0,0,0
1878,,12,7,3,10,7,3,10,8,0.237414,0.245347,19164.185534,0.194444
4824,,12,9,3,12,9,3,12,9,0.213822,0.219728,23277.81192,0.054545
27817,,12,1,1,2,1,1,2,8,0.234431,0.241997,0,0
28519,,12,1,0,1,1,0,1,0,0,0,0,0
26460,,12,4,4,8,4,4,8,8,0.237997,0.246373,65627.54138,0.142857
29262,,12,1,0,1,1,0,1,0,0,0,0,0
29519,,12,1,0,1,1,0,1,0,0,0,0,0
29646,,12,1,2,3,1,2,3,8,0.234443,0.242051,0,1
28660,,12,3,1,4,3,1,4,8,0.234431,0.241997,0,0.666667
16070,,12,8,8,16,8,8,16,8,0.246724,0.256504,152706.544001,0.109091
30994,,12,1,0,1,1,0,1,0,0,0,0,0
2935,,11,3,4,7,3,4,7,8,0.259877,0.270324,7034.449539,0
1556,,8,1,2,3,1,2,3,8,0.226184,0.232962,166.448494,0.5
6846,,8,1,2,3,1,2,3,8,0.2309,0.238613,1020.567459,0
8770,,8,3,1,4,3,1,4,9,0.207627,0.213,326.606661,0.25
675,,15,12,19,31,12,19,31,8,0.262995,0.275404,128966.184409,0.083333
10371,,8,3,1,4,3,1,4,8,0.239541,0.247664,0,0.666667
10377,,8,1,0,1,1,0,1,0,0,0,0,0
14943,,8,4,0,4,4,0,4,0,0,0,0,0.166667
1967,,8,3,10,13,3,10,13,8,0.262033,0.273534,54765.979368,0.072727
12000,,1,2,3,5,2,3,5,9,0.22619,0.233345,25686.412237,0.1
34633,,8,1,0,1,1,0,1,0,0,0,0,0
34920,,5,13,24,37,13,24,37,7,0.269717,0.282549,177609.522869,0.022222
66,,15,1,1,2,1,1,2,9,0.21389,0.220141,86.399862,0
3795,,8,16,20,36,16,20,36,8,0.279094,0.292674,246411.170421,0.033144
4444,,8,10,3,13,10,3,13,8,0.251345,0.261826,80022.214556,0.083333
1501,,24,15,7,22,15,7,22,8,0.263032,0.274543,182622.595281,0.028571
8079,,24,1,0,1,1,0,1,0,0,0,0,0
8743,,24,2,3,5,2,3,5,9,0.214268,0.220656,17.104832,0.666667
8744,,24,2,2,4,2,2,4,9,0.213886,0.220151,0,1
8860,,24,1,0,1,1,0,1,0,0,0,0,0
2183,,11,32,24,56,32,24,56,8,0.282075,0.297435,168009.680105,0.06938
14985,,24,2,0,2,2,0,2,0,0,0,0,1
16389,,24,1,0,1,1,0,1,0,0,0,0,0
14326,,24,2,0,2,2,0,2,0,0,0,0,0
6406,,6,8,8,16,8,8,16,9,0.234493,0.243459,40189.621745,0.049451
4114,,5,12,6,18,12,6,18,9,0.236516,0.245101,79771.090231,0.0375
3307,,15,47,25,72,47,25,72,8,0.28255,0.297376,691117.954246,0.047268
4412,,24,2,2,4,2,2,4,9,0.232618,0.240925,297.018642,0.166667
68,,12,0,1,1,0,1,1,8,0.236841,0.24458,0,0
1033,,12,65,23,88,65,23,88,8,0.26286,0.274645,1645806.033154,0.013632
1164,,8,13,9,22,13,9,22,8,0.279019,0.293021,87962.155721,0.075758
566,,12,21,12,33,21,12,33,8,0.250756,0.261145,184586.101768,0.05665
2093,,12,3,0,3,3,0,3,0,0,0,0,0.666667
154,,12,73,75,148,73,75,148,8,0.242244,0.25313,2791528.157849,0.003279
2711,,12,1,0,1,1,0,1,0,0,0,0,0
4012,,12,4,1,5,4,1,5,8,0.236835,0.244567,609.527018,0.416667
4230,,12,2,2,4,2,2,4,8,0.236838,0.244593,0,1
4255,,12,1,1,2,1,1,2,9,0.213602,0.219543,0,1
4370,,12,2,0,2,2,0,2,0,0,0,0,0
6109,,12,1,0,1,1,0,1,0,0,0,0,0
4963,,12,4,0,4,4,0,4,0,0,0,0,0.083333
7646,,12,2,1,3,2,1,3,9,0.208151,0.213691,80.963656,0.833333
4358,,12,2,2,4,2,2,4,8,0.236838,0.244593,0,1
178,,12,71,41,112,71,41,112,8,0.271612,0.284599,1983186.000766,0.006465
8313,,12,1,0,1,1,0,1,0,0,0,0,0
12295,,11,4,3,7,4,3,7,8,0.240486,0.248599,83816.812987,0.1
8121,,15,2,1,3,2,1,3,8,0.236835,0.244567,81.543564,0
5904,,6,2,6,8,2,6,8,7,0.297475,0.312562,18821.322091,0.178571
2096,,12,1,2,3,1,2,3,8,0.236838,0.244593,0,0.5
15404,,12,1,3,4,1,3,4,8,0.236853,0.244646,0,0.666667
15470,,11,2,2,4,2,2,4,8,0.23988,0.248252,254.535107,0.5
15845,,12,3,3,6,3,3,6,8,0.25894,0.270356,32548.211787,0.05
9669,,12,3,4,7,3,4,7,8,0.238006,0.246073,172.117257,0.666667
16303,,12,1,0,1,1,0,1,0,0,0,0,0
16430,,12,1,2,3,1,2,3,8,0.236847,0.244615,51950,0
974,,12,2,2,4,2,2,4,8,0.237145,0.244976,18826,0.333333
18212,,12,1,0,1,1,0,1,0,0,0,0,0
18213,,12,1,0,1,1,0,1,0,0,0,0,0
18214,,12,1,0,1,1,0,1,0,0,0,0,0
17902,,15,12,0,12,12,0,12,0,0,0,0,0.015152
19286,,12,1,0,1,1,0,1,0,0,0,0,0
19835,,12,1,0,1,1,0,1,0,0,0,0,0
517,,7,15,16,31,15,16,31,7,0.277981,0.292777,73306.467499,0.152709
9763,,12,1,1,2,1,1,2,8,0.236835,0.244567,0,0
23637,,12,1,0,1,1,0,1,0,0,0,0,0
483,,10,21,14,35,21,14,35,8,0.279048,0.29306,224666.329779,0.060484
12313,,12,13,6,19,13,6,19,8,0.2434,0.251876,121193.77392,0.080952
7380,,2,1,1,2,1,1,2,9,0.223292,0.230461,0,0.5
13810,,5,2,3,5,2,3,5,8,0.263736,0.274192,46950.36588,0.1
25626,,11,4,0,4,4,0,4,0,0,0,0,0.166667
21292,,11,3,5,8,3,5,8,8,0.254192,0.264522,49231.471333,0.238095
26539,,12,3,1,4,3,1,4,9,0.195758,0.200039,0,0.75
27767,,12,1,0,1,1,0,1,0,0,0,0,0
29186,,12,1,0,1,1,0,1,0,0,0,0,0
29668,,12,1,0,1,1,0,1,0,0,0,0,0
6882,,11,9,11,20,9,11,20,8,0.265203,0.27713,34103.811469,0.098039
2514,,12,2,1,3,2,1,3,9,0.191709,0.195787,66.038552,0.5
32348,,12,1,2,3,1,2,3,8,0.237145,0.244976,0,1
35765,,12,1,0,1,1,0,1,0,0,0,0,0
450,,7,20,18,38,20,18,38,8,0.290767,0.305466,184222.115928,0.090756
3969,,2,13,12,25,13,12,25,8,0.278113,0.291618,115657.321951,0.145
12089,,8,48,1,49,48,1,49,8,0.251234,0.26002,518341.729328,0.01233
4969,,7,11,1,12,11,1,12,9,0.215996,0.222129,3383.091209,0.127273
18647,,11,1,4,5,1,4,5,9,0.233472,0.24156,27916.642031,0.15
305,,0,11,33,44,11,33,44,8,0.278957,0.295161,251566.0822,0.072536
10606,,21,4,0,4,4,0,4,0,0,0,0,0.333333
1241,,0,4,39,43,4,39,43,8,0.281388,0.297038,86739.401715,0.072436
10370,,1,3,2,5,3,2,5,9,0.212742,0.218228,25.963891,0.2
26621,,11,18,27,45,18,27,45,8,0.266382,0.279603,216308.154154,0.108537
35585,,11,59,18,77,59,18,77,8,0.267818,0.279436,578893.959448,0.011066
72,,6,9,91,100,9,91,100,7,0.296486,0.314249,560081.587647,0.031243
73,,6,9,8,17,9,8,17,8,0.236603,0.244302,61776.394782,0.114286
1320,,6,9,30,39,9,30,39,8,0.255517,0.26735,207564.599206,0.06982
521,,6,48,0,48,48,0,48,0,0,0,0,0.041667
1632,,11,5,2,7,5,2,7,8,0.246834,0.255549,1057.237555,0.2
755,,6,7,2,9,7,2,9,8,0.247398,0.256768,8286.270596,0.178571
5495,,6,2,2,4,2,2,4,9,0.238304,0.246779,29082.384461,0.083333
1105,,5,9,14,23,9,14,23,8,0.264596,0.276351,188899.362219,0.106061
3835,,6,15,15,30,15,15,30,9,0.249424,0.259495,103229.925367,0.103333
9876,,6,1,0,1,1,0,1,0,0,0,0,0
2029,,6,6,9,15,6,9,15,8,0.250542,0.260958,34822.141756,0.120879
11900,,0,4,5,9,4,5,9,9,0.198137,0.203476,90629.039457,0.02381
324,,11,46,30,76,46,30,76,8,0.281376,0.296136,325292.771064,0.070807
1295,,6,23,11,34,23,11,34,8,0.254395,0.264358,255918.548612,0.043011
2323,,8,7,13,20,7,13,20,8,0.267422,0.279736,41311.435855,0.130719
22746,,16,1,1,2,1,1,2,9,0.227397,0.235293,0,0.5
3426,,8,6,5,11,6,5,11,8,0.264722,0.276005,1340.642704,0.305556
17922,,8,1,1,2,1,1,2,1,1,1,339.120133,0
6835,,15,3,53,56,3,53,56,7,0.285619,0.301867,181275.32751,0.025589
11510,,8,16,17,33,16,17,33,8,0.266257,0.277825,52167.528673,0.071225
22844,,6,1,0,1,1,0,1,0,0,0,0,0
12737,,11,2,1,3,2,1,3,9,0.211182,0.216821,92.523475,0
2025,,8,4,2,6,4,2,6,9,0.222028,0.228976,18861.199523,0.3
2282,,8,1,1,2,1,1,2,8,0.26276,0.27347,26.860619,0
22845,,6,1,0,1,1,0,1,0,0,0,0,0
9297,,5,11,5,16,11,5,16,8,0.235449,0.244004,42325.688334,0.016484
21764,,7,3,4,7,3,4,7,7,0.29389,0.308497,8812.493846,0.190476
22846,,8,2,1,3,2,1,3,9,0.217004,0.223523,0,0.333333
11536,,6,2,5,7,2,5,7,8,0.245379,0.254346,26404.018992,0.095238
937,,8,19,11,30,19,11,30,8,0.274484,0.288328,176677.209582,0.08
7507,,6,2,7,9,2,7,9,8,0.270586,0.283148,662.640185,0.138889
20170,,5,2,3,5,2,3,5,8,0.229857,0.237799,293.872495,0.3
12154,,8,11,8,19,11,8,19,8,0.25575,0.266115,26066.897399,0.052288
22847,,6,1,0,1,1,0,1,0,0,0,0,0
12061,,11,13,4,17,13,4,17,8,0.258539,0.268684,28542.165019,0.159341
22848,,6,1,1,2,1,1,2,9,0.216446,0.222582,184.753558,0
3619,,8,11,12,23,11,12,23,8,0.275093,0.288311,122863.732379,0.107895
5859,,8,4,10,14,4,10,14,8,0.285381,0.300045,4993.882323,0.294872
24190,,6,1,0,1,1,0,1,0,0,0,0,0
13067,,6,5,11,16,5,11,16,8,0.254107,0.264513,158760.453978,0.095833
17451,,6,5,2,7,5,2,7,9,0.225038,0.232588,82799.206219,0.033333
26275,,6,6,2,8,6,2,8,8,0.242126,0.251564,39505.464926,0.02381
7358,,6,6,23,29,6,23,29,8,0.253477,0.264275,87714.035475,0.09127
3019,,6,30,0,30,30,0,30,0,0,0,0,0.047126
3146,,6,4,3,7,4,3,7,9,0.203531,0.208644,662.067507,0.25
520,,6,36,17,53,36,17,53,8,0.241501,0.249948,387665.356145,0.036565
6432,,6,11,1,12,11,1,12,9,0.203873,0.208821,3608.457485,0.145455
1016,,11,12,9,21,12,9,21,8,0.256289,0.268115,73565.066871,0.139706
4424,,8,1,0,1,1,0,1,0,0,0,0,0
5757,,8,1,1,2,1,1,2,8,0.233015,0.239907,241.267356,0.5
2821,,15,10,2,12,10,2,12,8,0.2795,0.292266,11274.347808,0.204545
4283,,8,23,11,34,23,11,34,8,0.269872,0.282475,226206.625102,0.073563
27811,,7,6,0,6,6,0,6,0,0,0,0,0.233333
291,,15,16,9,25,16,9,25,8,0.266725,0.278207,108463.213168,0.134199
7771,,8,3,0,3,3,0,3,0,0,0,0,0.5
75,,7,0,2,2,0,2,2,8,0.234167,0.242598,0,0
76,,7,16,26,42,16,26,42,8,0.282987,0.297384,57227.344898,0.120783
4715,,7,9,13,22,9,13,22,8,0.269795,0.28206,160554.611905,0.166667
12188,,7,2,2,4,2,2,4,8,0.261483,0.272604,247.156084,0.083333
1791,,7,9,9,18,9,9,18,8,0.268751,0.280783,2029.316516,0.225275
4199,,7,6,14,20,6,14,20,8,0.289439,0.304321,11079.53814,0.263158
807,,7,43,31,74,43,31,74,8,0.281254,0.295614,239036.803079,0.072115
2616,,10,12,21,33,12,21,33,8,0.277522,0.291309,221271.384854,0.104839
2307,,8,31,26,57,31,26,57,8,0.276572,0.2904,239752.254073,0.062353
30464,,7,1,0,1,1,0,1,0,0,0,0,0
11674,,7,37,5,42,37,5,42,9,0.212998,0.218921,158553.422853,0.021154
4621,,7,5,0,5,5,0,5,0,0,0,0,0.2
1600,,7,13,2,15,13,2,15,8,0.251017,0.260703,114162.617157,0.051282
2442,,7,9,6,15,9,6,15,9,0.247766,0.257712,3544.533982,0.21978
2906,,15,1,3,4,1,3,4,8,0.261774,0.272656,34894.971862,0.083333
212,,7,8,24,32,8,24,32,8,0.284807,0.299419,33136.777546,0.214286
4364,,7,1,0,1,1,0,1,0,0,0,0,0
894,,7,6,27,33,6,27,33,7,0.296262,0.312458,229139.338264,0.178571
5579,,7,9,0,9,9,0,9,0,0,0,0,0.166667
5677,,8,9,12,21,9,12,21,8,0.270058,0.28252,75657.203193,0.102339
4918,,8,8,16,24,8,16,24,8,0.269297,0.281585,78500.355109,0.071429
6516,,7,2,3,5,2,3,5,9,0.220288,0.227084,855.733191,0.2
2950,,8,6,6,12,6,6,12,8,0.248181,0.257298,10999.465097,0.172727
6986,,7,1,0,1,1,0,1,0,0,0,0,0
887,,16,14,16,30,14,16,30,8,0.244802,0.255231,44098.452297,0.197628
7522,,5,19,12,31,19,12,31,8,0.269281,0.281061,119216.291248,0.061254
3557,,15,5,0,5,5,0,5,0,0,0,0,0.15
2022,,6,6,6,12,6,6,12,8,0.241691,0.250679,4320.06984,0.05303
3183,,7,23,8,31,23,8,31,8,0.268889,0.280949,31012.650334,0.236782
10162,,7,8,0,8,8,0,8,0,0,0,0,0.142857
11030,,7,3,1,4,3,1,4,8,0.237618,0.245061,9.481561,0.5
1904,,2,19,18,37,19,18,37,8,0.279218,0.293219,97935.47325,0.106952
11328,,7,1,3,4,1,3,4,8,0.262944,0.273735,99420.269563,0.083333
3012,,7,10,3,13,10,3,13,8,0.235428,0.242767,2306.939136,0.090909
12371,,7,1,3,4,1,3,4,9,0.246539,0.256222,3160.190847,0
703,,7,28,31,59,28,31,59,7,0.310629,0.327263,308985.931006,0.120287
4093,,7,1,3,4,1,3,4,9,0.246265,0.255945,377.199749,0.333333
396,,15,33,28,61,33,28,61,8,0.2832,0.297512,376426.35273,0.062772
803,,7,9,10,19,9,10,19,8,0.276215,0.289472,107426.807806,0.108333
9538,,3,2,4,6,2,4,6,8,0.257319,0.267661,1717.727702,0.25
15464,,16,6,3,9,6,3,9,9,0.203758,0.20847,23116.286493,0.069444
4472,,7,6,0,6,6,0,6,0,0,0,0,0.366667
17971,,7,8,7,15,8,7,15,8,0.242098,0.250524,350565.902246,0.038462
8595,,7,23,470,493,23,470,493,7,0.355523,0.388394,1666225.081691,0.041523
10722,,5,4,5,9,4,5,9,9,0.240201,0.249345,21658.235245,0.125
2583,,7,7,98,105,7,98,105,7,0.320754,0.342296,276813.345331,0.154917
21437,,7,1,0,1,1,0,1,0,0,0,0,0
17024,,7,3,3,6,3,3,6,9,0.246265,0.25598,1637.684616,0.1
1373,,15,34,42,76,34,42,76,8,0.289586,0.306304,529341.593029,0.071126
26073,,19,3,1,4,3,1,4,9,0.225429,0.232571,881.131706,0.333333
17960,,7,1,4,5,1,4,5,8,0.252722,0.262794,2993.535123,0.25
13947,,7,30,39,69,30,39,69,8,0.291397,0.308015,567470.126333,0.083413
20921,,7,2,8,10,2,8,10,8,0.262131,0.273349,28053.326538,0.111111
8862,,7,2,0,2,2,0,2,0,0,0,0,1
2140,,15,3,3,6,3,3,6,9,0.240333,0.248963,5619.067937,0.2
8073,,5,3,3,6,3,3,6,8,0.232512,0.240642,27166.988132,0.166667
14432,,7,5,0,5,5,0,5,0,0,0,0,0.15
8296,,7,10,28,38,10,28,38,8,0.291005,0.307032,58140.837975,0.204202
2617,,7,22,0,22,22,0,22,0,0,0,0,0.112554
30015,,7,2,0,2,2,0,2,0,0,0,0,1
8537,,7,1,1,2,1,1,2,9,0.200654,0.205448,0,1
4386,,7,6,21,27,6,21,27,8,0.283977,0.298881,21170.506738,0.190769
1562,,10,76,69,145,76,69,145,8,0.298186,0.316997,912810.790195,0.054142
31156,,7,1,0,1,1,0,1,0,0,0,0,0
12981,,7,2,4,6,2,4,6,9,0.248932,0.259006,4.389351,0.25
32033,,8,7,1,8,7,1,8,9,0.204909,0.210336,21228.438416,0.261905
1731,,5,31,44,75,31,44,75,7,0.300365,0.317912,193466.089982,0.161654
5695,,5,12,11,23,12,11,23,9,0.245783,0.255503,29061.792691,0.11039
28311,,16,7,4,11,7,4,11,8,0.25263,0.262479,70004.726244,0.027778
2908,,5,7,3,10,7,3,10,8,0.257912,0.268633,43323.447351,0.097222
21813,,7,3,0,3,3,0,3,0,0,0,0,0.5
33113,,16,1,1,2,1,1,2,8,0.231859,0.238642,613.383693,0
14927,,7,5,9,14,5,9,14,8,0.266224,0.277248,30191.288798,0.166667
25012,,8,1,2,3,1,2,3,9,0.246124,0.255732,918.279857,0
34027,,7,1,0,1,1,0,1,0,0,0,0,0
167,,7,7,0,7,7,0,7,0,0,0,0,0.190476
544,,8,14,20,34,14,20,34,8,0.273003,0.286387,299831.968137,0.083744
1002,,8,18,7,25,18,7,25,8,0.24992,0.260537,22529.356696,0.12253
1325,,7,39,19,58,39,19,58,8,0.283836,0.298915,143770.397663,0.145864
1397,,1,2,2,4,2,2,4,9,0.214926,0.220803,59.668584,0.083333
2229,,8,20,11,31,20,11,31,8,0.258425,0.269182,71459.68014,0.138462
2265,,7,9,0,9,9,0,9,0,0,0,0,0.319444
2369,,8,1,1,2,1,1,2,10,0.18241,0.186163,291.579616,0
1440,,5,11,0,11,11,0,11,0,0,0,0,0.136364
2909,,8,2,4,6,2,4,6,8,0.264555,0.275493,26042.253466,0.133333
2310,,8,2,2,4,2,2,4,10,0.176387,0.179876,26112.952329,0.083333
3442,,8,1,0,1,1,0,1,0,0,0,0,0
3451,,15,6,3,9,6,3,9,8,0.224984,0.232588,26152.662707,0.160714
213,,5,64,32,96,64,32,96,7,0.29395,0.309348,810667.889677,0.058808
3532,,7,3,0,3,3,0,3,0,0,0,0,0.166667
1179,,8,46,3,49,46,3,49,8,0.243554,0.252176,200614.127522,0.068027
3952,,8,1,0,1,1,0,1,0,0,0,0,0
309,,8,66,101,167,66,101,167,8,0.293473,0.311718,1264601.0505,0.042007
4191,,8,1,0,1,1,0,1,0,0,0,0,0
4192,,1,3,2,5,3,2,5,10,0.187517,0.191527,155.791724,0.35
2286,,2,10,0,10,10,0,10,0,0,0,0,0.266667
4497,,9,2,0,2,2,0,2,0,0,0,0,0
4547,,8,2,0,2,2,0,2,0,0,0,0,1
4590,,8,4,0,4,4,0,4,0,0,0,0,0.166667
4029,,15,14,12,26,14,12,26,8,0.271057,0.283453,86631.03266,0.106719
3747,,7,6,8,14,6,8,14,8,0.270438,0.28277,26149.795108,0.217949
275,,7,54,375,429,54,375,429,7,0.357345,0.387118,4369855.681182,0.033753
4923,,8,1,0,1,1,0,1,0,0,0,0,0
1980,,11,8,15,23,8,15,23,8,0.290243,0.304778,70194.412708,0.108696
3139,,7,3,4,7,3,4,7,8,0.258124,0.268505,572.986656,0.261905
5170,,5,15,18,33,15,18,33,8,0.277952,0.291811,168043.632236,0.097701
5238,,8,5,4,9,5,4,9,8,0.263087,0.274014,537.046878,0.305556
3185,,5,9,17,26,9,17,26,8,0.252197,0.262635,146726.837391,0.02
5439,,10,9,2,11,9,2,11,8,0.261599,0.272734,1696.233868,0.209091
5737,,9,5,1,6,5,1,6,10,0.179155,0.182313,18830.409457,0.1
6087,,8,1,0,1,1,0,1,0,0,0,0,0
5540,,2,1,1,2,1,1,2,8,0.261472,0.272564,0,1
736,,10,15,35,50,15,35,50,8,0.289288,0.304764,180606.853318,0.100221
6190,,8,1,0,1,1,0,1,0,0,0,0,0
6607,,8,3,3,6,3,3,6,9,0.21179,0.217704,25988.131939,0.066667
6670,,8,1,0,1,1,0,1,0,0,0,0,0
4859,,11,2,0,2,2,0,2,0,0,0,0,0
6974,,8,7,8,15,7,8,15,8,0.265806,0.277018,31630.493998,0.142857
1036,,5,3,1,4,3,1,4,9,0.220015,0.226628,7.742383,0.083333
7094,,8,5,1,6,5,1,6,8,0.261472,0.272564,22403.822558,0.133333
840,,7,13,21,34,13,21,34,8,0.283298,0.297872,93673.295963,0.256989
7388,,8,1,0,1,1,0,1,0,0,0,0,0
6865,,15,5,0,5,5,0,5,0,0,0,0,0.25
7453,,10,2,0,2,2,0,2,0,0,0,0,0
2063,,8,8,0,8,8,0,8,0,0,0,0,0.160714
7518,,8,3,2,5,3,2,5,9,0.198889,0.203549,1.737114,0.3
7640,,0,1,4,5,1,4,5,8,0.252912,0.262263,51974.811646,0.25
7713,,2,10,6,16,10,6,16,8,0.223932,0.23118,41239.132051,0.098901
7932,,8,1,0,1,1,0,1,0,0,0,0,0
6027,,8,10,0,10,10,0,10,0,0,0,0,0.022222
6740,,5,2,3,5,2,3,5,9,0.211179,0.216833,21.886348,0.15
8393,,1,6,0,6,6,0,6,0,0,0,0,0.066667
2885,,10,11,9,20,11,9,20,8,0.251355,0.261878,84505.226901,0.058824
1379,,8,12,5,17,12,5,17,8,0.266114,0.277461,57913.109086,0.183824
709,,10,11,26,37,11,26,37,8,0.288853,0.30515,82775.502409,0.099206
9357,,8,2,3,5,2,3,5,8,0.238715,0.247469,100.275987,0.1
9397,,8,2,0,2,2,0,2,0,0,0,0,0
3832,,1,35,29,64,35,29,64,7,0.289715,0.304758,418357.93784,0.05817
9791,,21,2,0,2,2,0,2,0,0,0,0,0
4947,,8,5,0,5,5,0,5,0,0,0,0,0.05
9858,,11,2,1,3,2,1,3,9,0.228696,0.235899,0,0.333333
620,,11,7,11,18,7,11,18,8,0.272434,0.285914,177629.483375,0.129167
9211,,8,5,7,12,5,7,12,8,0.255757,0.266938,4139.992538,0.245455
411,,15,30,17,47,30,17,47,8,0.276796,0.290303,350210.198486,0.055168
5840,,11,15,14,29,15,14,29,8,0.269393,0.282259,293824.62024,0.085
10655,,8,3,0,3,3,0,3,0,0,0,0,0
4597,,7,13,6,19,13,6,19,8,0.261799,0.272632,69128.970662,0.076023
7121,,8,7,0,7,7,0,7,0,0,0,0,0
7275,,8,3,0,3,3,0,3,0,0,0,0,0
4223,,6,8,15,23,8,15,23,8,0.276235,0.289385,114102.643499,0.111905
11570,,8,1,0,1,1,0,1,0,0,0,0,0
8605,,7,2,3,5,2,3,5,9,0.211752,0.21807,534.764548,0
3540,,8,12,12,24,12,12,24,8,0.278726,0.291721,75408.173403,0.058442
8593,,8,1,1,2,1,1,2,1,1,1,0,0.5
11908,,15,2,0,2,2,0,2,0,0,0,0,0.5
7940,,8,4,0,4,4,0,4,0,0,0,0,0.333333
12445,,8,1,0,1,1,0,1,0,0,0,0,0
3520,,7,23,19,42,23,19,42,8,0.283627,0.298546,420357.467994,0.106613
12662,,8,2,0,2,2,0,2,0,0,0,0,0.5
12846,,7,7,4,11,7,4,11,8,0.26315,0.273941,103461.616877,0.222222
1034,,8,10,16,26,10,16,26,8,0.275335,0.289227,53099.396459,0.177536
4162,,7,3,8,11,3,8,11,8,0.266205,0.277801,61921.368204,0.055556
399,,8,48,52,100,48,52,100,7,0.310593,0.328485,469568.678676,0.078652
13113,,8,2,1,3,2,1,3,8,0.220724,0.227862,15.427508,0.166667
774,,5,11,11,22,11,11,22,9,0.224424,0.232123,104362.145317,0.077206
13246,,8,1,0,1,1,0,1,0,0,0,0,0
8307,,8,1,1,2,1,1,2,8,0.224716,0.231686,0,0.5
8948,,6,10,14,24,10,14,24,8,0.272194,0.285207,41172.876013,0.152632
14773,,8,1,0,1,1,0,1,0,0,0,0,0
4586,,8,4,3,7,4,3,7,8,0.244066,0.253402,2635.16941,0.02381
17253,,8,1,0,1,1,0,1,0,0,0,0,0
16077,,2,3,1,4,3,1,4,9,0.217604,0.223811,19.831762,0
814,,7,7,18,25,7,18,25,8,0.282249,0.296531,41906.968346,0.208333
21574,,8,1,0,1,1,0,1,0,0,0,0,0
10651,,15,1,4,5,1,4,5,9,0.232139,0.239714,128.410488,0.05
1622,,15,10,7,17,10,7,17,8,0.266401,0.278724,43498.308098,0.113971
6709,,8,8,4,12,8,4,12,8,0.263142,0.274047,5588.907121,0.145455
4478,,8,11,17,28,11,17,28,8,0.278335,0.292186,73010.720434,0.098333
26360,,8,1,0,1,1,0,1,0,0,0,0,0
2692,,16,27,27,54,27,27,54,8,0.286366,0.302403,205699.244824,0.107568
8677,,8,53,0,53,53,0,53,0,0,0,0,0.013788
28680,,8,1,0,1,1,0,1,0,0,0,0,0
29531,,8,1,0,1,1,0,1,0,0,0,0,0
6022,,10,5,4,9,5,4,9,8,0.244351,0.253077,330.15691,0.214286
30780,,8,3,0,3,3,0,3,0,0,0,0,0.333333
4235,,11,5,3,8,5,3,8,9,0.229275,0.236791,1143.211683,0.017857
9629,,10,5,2,7,5,2,7,8,0.215376,0.222145,378.105578,0.1
1216,,8,47,87,134,47,87,134,7,0.298868,0.317843,642316.534086,0.065929
2301,,5,13,13,26,13,13,26,8,0.265964,0.277683,79798.977864,0.061594
30773,,10,7,8,15,7,8,15,8,0.288858,0.303205,126510.41271,0.205128
9056,,8,10,5,15,10,5,15,9,0.237594,0.246045,1127.499527,0.257576
30184,,0,2,0,2,2,0,2,0,0,0,0,0
14057,,7,7,6,13,7,6,13,8,0.263496,0.275085,1637.258975,0.211538
5525,,19,7,14,21,7,14,21,8,0.267176,0.27915,93917.294641,0.060526
4694,,3,4,5,9,4,5,9,8,0.271828,0.284462,972.916562,0.5
2789,,8,4,6,10,4,6,10,8,0.270516,0.28249,2741.17602,0.122222
5989,,15,1,1,2,1,1,2,9,0.220179,0.227275,37.466643,0
16111,,7,1,0,1,1,0,1,0,0,0,0,0
1758,,7,1,0,1,1,0,1,0,0,0,0,0
2126,,5,5,5,10,5,5,10,8,0.230906,0.238186,36266.700727,0.066667
888,,16,38,25,63,38,25,63,8,0.272123,0.28524,364714.862709,0.085306
6038,,8,26,2,28,26,2,28,2,0.75,0.833333,27154.754177,0.088624
6046,,7,2,0,2,2,0,2,0,0,0,0,0
7531,,7,1,2,3,1,2,3,8,0.231053,0.23841,43.461055,0.333333
3016,,7,9,33,42,9,33,42,7,0.300356,0.31672,82648.314801,0.128734
3017,,7,14,17,31,14,17,31,8,0.274375,0.287442,100247.451019,0.12931
1964,,9,7,9,16,7,9,16,8,0.266476,0.278484,47723.280062,0.115385
2817,,7,7,56,63,7,56,63,7,0.309368,0.32804,28251.423141,0.168579
3394,,7,2,15,17,2,15,17,7,0.301404,0.317154,26386.440223,0.233333
942,,0,12,8,20,12,8,20,8,0.240908,0.249748,36770.466272,0.091503
4207,,5,2,0,2,2,0,2,0,0,0,0,0
9588,,7,12,2,14,12,2,14,9,0.219589,0.22636,22132.313941,0.108974
4562,,7,4,44,48,4,44,48,7,0.299106,0.316361,15537.107534,0.184551
1330,,11,25,14,39,25,14,39,8,0.277846,0.291208,218513.818698,0.072917
699,,15,13,7,20,13,7,20,8,0.271612,0.284785,83060.477294,0.094737
14928,,7,1,0,1,1,0,1,0,0,0,0,0
16193,,16,1,1,2,1,1,2,10,0.167063,0.169947,24.786062,0
3963,,2,13,0,13,13,0,13,0,0,0,0,0.038462
9285,,11,45,46,91,45,46,91,7,0.297226,0.313817,737163.591604,0.056943
8844,,7,2,56,58,2,56,58,7,0.312771,0.330447,32695.542275,0.161341
12541,,7,15,0,15,15,0,15,0,0,0,0,0.042857
6629,,7,26,59,85,26,59,85,7,0.310645,0.329053,80381.514591,0.150276
8888,,7,2,40,42,2,40,42,7,0.308532,0.326344,19371.936874,0.195732
11023,,5,2,2,4,2,2,4,9,0.218131,0.224557,9.778685,0.083333
8921,,7,5,2,7,5,2,7,8,0.251668,0.260876,2123.25811,0.142857
22152,,7,23,53,76,23,53,76,8,0.297513,0.314788,164459.385376,0.118349
27176,,11,8,7,15,8,7,15,8,0.236273,0.24476,64852.062921,0.134615
3023,,7,31,34,65,31,34,65,8,0.292866,0.310001,335611.094365,0.120397
30267,,7,2,1,3,2,1,3,9,0.207577,0.212983,0,0.5
8191,,7,5,0,5,5,0,5,0,0,0,0,0.4
28331,,7,29,9,38,29,9,38,8,0.261186,0.272319,54644.472369,0.167417
29409,,7,10,18,28,10,18,28,8,0.277686,0.291936,32096.745294,0.245
928,,7,11,9,20,11,9,20,8,0.267134,0.280129,69836.344025,0.073684
7554,,7,4,8,12,4,8,12,8,0.273693,0.285885,2540.032882,0.2
21766,,7,7,11,18,7,11,18,8,0.26381,0.275463,6928.110976,0.295238
1817,,5,19,14,33,19,14,33,8,0.273122,0.285994,117859.722665,0.152308
10616,,9,178,30,208,178,30,208,8,0.247975,0.258373,2395214.359121,0.009535
15850,,9,14,7,21,14,7,21,8,0.262372,0.273897,447146.365426,0.087719
21833,,7,18,0,18,18,0,18,0,0,0,0,0.323529
26198,,7,1,0,1,1,0,1,0,0,0,0,0
26199,,7,1,0,1,1,0,1,0,0,0,0,0
24842,,7,25,28,53,25,28,53,8,0.284893,0.30071,48606.518054,0.15202
7271,,15,42,376,418,42,376,418,7,0.337741,0.367567,5377863.997146,0.018891
30669,,7,2,0,2,2,0,2,0,0,0,0,0
397,,6,15,33,48,15,33,48,8,0.287943,0.304294,262920.824546,0.060354
83,,8,9,65,74,9,65,74,7,0.301844,0.319925,24200.477957,0.130282
84,,8,24,32,56,24,32,56,8,0.281397,0.296267,125966.740558,0.109043
1627,,8,5,2,7,5,2,7,8,0.243359,0.252616,3185.935346,0.142857
1505,,8,9,3,12,9,3,12,9,0.233047,0.241897,777.540917,0.377778
3335,,8,16,18,34,16,18,34,8,0.242688,0.253251,67878.714308,0.153846
1855,,8,9,1,10,9,1,10,1,1,1,7.034984,0.044444
14451,,8,11,11,22,11,11,22,8,0.245063,0.254759,42736.688229,0.176471
3804,,8,10,13,23,10,13,23,8,0.242947,0.253151,70341.410175,0.205882
6688,,8,5,0,5,5,0,5,0,0,0,0,0.7
1180,,8,18,7,25,18,7,25,8,0.2499,0.259745,70434.533764,0.183333
9177,,8,4,3,7,4,3,7,9,0.230615,0.239178,18.157636,0.4
8261,,8,3,3,6,3,3,6,9,0.230615,0.239178,74.931296,0.583333
9816,,8,17,19,36,17,19,36,8,0.265653,0.278278,267668.809849,0.081609
15634,,8,1,1,2,1,1,2,9,0.230189,0.238544,0,1
23191,,8,2,0,2,2,0,2,0,0,0,0,0
24690,,8,2,0,2,2,0,2,0,0,0,0,1
11974,,8,8,10,18,8,10,18,8,0.237801,0.247291,27829.065129,0.186813
33467,,8,2,1,3,2,1,3,9,0.230186,0.238536,0,1
1465,,7,8,0,8,8,0,8,0,0,0,0,0.375
3271,,7,19,1,20,19,1,20,10,0.191906,0.196436,39914.330005,0.081579
2678,,0,34,29,63,34,29,63,8,0.250696,0.261639,105431.439444,0.20155
8641,,7,1,0,1,1,0,1,0,0,0,0,0
8947,,7,1,0,1,1,0,1,0,0,0,0,0
2233,,19,19,21,40,19,21,40,8,0.276025,0.289258,199108.77983,0.05641
2195,,7,8,2,10,8,2,10,9,0.226877,0.234269,618.064332,0.077778
3033,,7,5,9,14,5,9,14,8,0.251951,0.261602,29223.912885,0.10989
1292,,8,7,10,17,7,10,17,8,0.256147,0.267075,4858.378348,0.057143
2732,,6,3,1,4,3,1,4,9,0.198834,0.203574,43.076179,0
6941,,7,13,16,29,13,16,29,8,0.28634,0.301316,41634.443374,0.257246
20803,,7,17,52,69,17,52,69,7,0.314076,0.332218,454757.679765,0.098911
11215,,8,17,6,23,17,6,23,8,0.267742,0.27971,103866.938351,0.130719
23712,,7,4,1,5,4,1,5,9,0.226163,0.233245,25.096326,0.25
34409,,7,2,2,4,2,2,4,9,0.235131,0.244128,995.799549,0.166667
1532,,8,15,21,36,15,21,36,8,0.274672,0.288264,131151.341795,0.12043
1874,,7,15,46,61,15,46,61,8,0.297367,0.314863,417363.342087,0.076856
6352,,8,1,0,1,1,0,1,0,0,0,0,0
8203,,8,2,1,3,2,1,3,8,0.255015,0.264497,0,0.5
6574,,16,4,0,4,4,0,4,0,0,0,0,0
2875,,10,6,14,20,6,14,20,7,0.301612,0.317269,29083.079422,0.117647
9450,,8,2,9,11,2,9,11,8,0.262753,0.27383,620.886869,0.155556
1143,,8,14,31,45,14,31,45,8,0.274352,0.287779,206527.785607,0.054878
9973,,8,4,3,7,4,3,7,8,0.256569,0.266816,2981.001974,0.285714
12013,,15,3,3,6,3,3,6,8,0.222311,0.229574,12384.719392,0
2842,,8,4,8,12,4,8,12,8,0.264291,0.275599,167140.966723,0.1
767,,11,40,27,67,40,27,67,7,0.307479,0.324909,473804.404468,0.105868
14046,,8,3,0,3,3,0,3,0,0,0,0,0.5
13662,,9,4,1,5,4,1,5,8,0.255015,0.264497,45218.858894,0.083333
2224,,7,6,0,6,6,0,6,0,0,0,0,0.433333
6890,,8,15,3,18,15,3,18,8,0.249311,0.259149,22504.786094,0.114379
16828,,8,2,0,2,2,0,2,0,0,0,0,0.5
2482,,15,34,10,44,34,10,44,9,0.242244,0.251472,193785.99074,0.05061
4242,,8,2,1,3,2,1,3,9,0.202367,0.207302,1200.823697,0
6802,,8,12,10,22,12,10,22,8,0.279417,0.293427,27845.971039,0.274854
4402,,8,29,28,57,29,28,57,8,0.281199,0.295417,642036.923015,0.095455
556,,21,22,472,494,22,472,494,8,0.30418,0.332421,10424802.843608,0.002147
18438,,8,1,0,1,1,0,1,0,0,0,0,0
19315,,2,1,1,2,1,1,2,8,0.261472,0.272564,0,1
11428,,2,13,15,28,13,15,28,8,0.285593,0.299743,127249.423261,0.162338
7899,,15,7,4,11,7,4,11,9,0.232555,0.241309,32724.405933,0.177778
3313,,8,11,24,35,11,24,35,8,0.276118,0.289804,58949.130951,0.198276
2858,,15,16,5,21,16,5,21,8,0.251647,0.261083,152331.877686,0.102381
3124,,5,19,17,36,19,17,36,8,0.275077,0.288663,101226.93477,0.102823
10752,,11,1,11,12,1,11,12,8,0.273435,0.285966,9067.023378,0.181818
698,,16,16,19,35,16,19,35,8,0.277122,0.290903,312330.36265,0.012097
25080,,15,2,0,2,2,0,2,0,0,0,0,0
29418,,8,1,0,1,1,0,1,0,0,0,0,0
20263,,12,1,1,2,1,1,2,10,0.188104,0.191839,1260.464602,0
9519,,15,7,5,12,7,5,12,8,0.257714,0.268984,130235.397095,0.072727
23007,,7,11,1,12,11,1,12,9,0.223908,0.230513,20297.919247,0.075758
2622,,8,2,0,2,2,0,2,0,0,0,0,0.5
3449,,7,2,3,5,2,3,5,9,0.217185,0.223553,26208.467048,0.1
740,,8,5,5,10,5,5,10,8,0.237681,0.245326,53928.927893,0.089286
3563,,8,2,2,4,2,2,4,9,0.216237,0.222615,196.028061,0.166667
6973,,16,4,6,10,4,6,10,9,0.239331,0.248417,31466.557743,0.066667
7394,,0,3,0,3,3,0,3,0,0,0,0,0.5
558,,0,13,124,137,13,124,137,7,0.313552,0.333891,853204.716833,0.04168
9078,,8,1,0,1,1,0,1,0,0,0,0,0
9422,,16,1,3,4,1,3,4,9,0.211935,0.217702,15276.321043,0.083333
2384,,8,5,6,11,5,6,11,8,0.251291,0.260872,1262.641329,0.433333
11168,,15,3,4,7,3,4,7,8,0.250329,0.259487,26239.901697,0.4
15666,,6,4,1,5,4,1,5,9,0.226451,0.23364,792.692215,0
18319,,8,1,0,1,1,0,1,0,0,0,0,0
8855,,8,2,2,4,2,2,4,8,0.238642,0.247136,690.226561,0
4931,,8,4,4,8,4,4,8,8,0.258046,0.268039,18892.628788,0.433333
20973,,3,3,2,5,3,2,5,9,0.219566,0.22637,25975,0.25
9083,,8,4,5,9,4,5,9,8,0.241923,0.250891,1839.50031,0.152778
12316,,3,24,27,51,24,27,51,8,0.281317,0.296351,785749.516524,0.030127
14251,,8,7,8,15,7,8,15,8,0.275677,0.288899,6151.37198,0.241758
1925,,8,19,20,39,19,20,39,8,0.28731,0.301973,217307.231284,0.116807
1810,,8,6,17,23,6,17,23,8,0.272544,0.285321,121753.388776,0.082251
9534,,8,5,3,8,5,3,8,8,0.265473,0.276834,19615.990653,0.160714
18753,,8,4,1,5,4,1,5,8,0.24301,0.252179,38115.654768,0.1
680,,8,17,19,36,17,19,36,8,0.273407,0.28681,19102.321597,0.225287
28957,,8,1,1,2,1,1,2,8,0.245863,0.254017,0,0
22573,,10,4,3,7,4,3,7,8,0.23913,0.247324,174.091844,0.5
3118,,5,9,0,9,9,0,9,0,0,0,0,0.083333
19446,,8,43,3,46,43,3,46,9,0.220934,0.227441,142646.681837,0.054545
18358,,0,7,1,8,7,1,8,9,0.2097,0.215028,22.321219,0.107143
731,,8,3,7,10,3,7,10,8,0.273387,0.285911,3533.076023,0.2
10326,,8,7,12,19,7,12,19,8,0.279127,0.292756,62124.080725,0.133987
25843,,7,10,1,11,10,1,11,1,1,1,6.866853,0.3
7499,,15,21,20,41,21,20,41,8,0.266193,0.278793,128525.563243,0.073084
33577,,8,1,0,1,1,0,1,0,0,0,0,0
17145,,15,7,2,9,7,2,9,10,0.190329,0.19459,56845.436327,0.027778
89,,10,1,3,4,1,3,4,8,0.237678,0.245482,26228.426453,0.083333
32023,,10,1,0,1,1,0,1,0,0,0,0,0
4510,,10,27,6,33,27,6,33,9,0.243296,0.252498,172514.483375,0.063508
4770,,10,5,6,11,5,6,11,8,0.253157,0.262903,3537.087815,0.208333
4059,,15,2,1,3,2,1,3,9,0.205665,0.211195,263.583109,0
12032,,10,2,3,5,2,3,5,8,0.238132,0.245821,350.060144,0.333333
9070,,10,3,5,8,3,5,8,8,0.257179,0.268418,2056.831504,0.25
18612,,10,2,0,2,2,0,2,0,0,0,0,0
6601,,11,20,16,36,20,16,36,8,0.261052,0.273964,98725.794602,0.111494
12506,,10,2,1,3,2,1,3,8,0.233634,0.241997,163.403224,0.333333
21142,,10,1,0,1,1,0,1,0,0,0,0,0
9987,,10,6,1,7,6,1,7,10,0.189185,0.193344,2939.080798,0.238095
22672,,1,2,10,12,2,10,12,8,0.244748,0.25373,64218.961934,0.063636
6578,,10,5,3,8,5,3,8,8,0.238972,0.246805,48407.973713,0.107143
2197,,10,9,9,18,9,9,18,9,0.229978,0.237964,131200.449497,0.049451
640,,10,2,0,2,2,0,2,0,0,0,0,1
27880,,10,1,0,1,1,0,1,0,0,0,0,0
6338,,10,9,13,22,9,13,22,8,0.251897,0.263292,35372.015715,0.161765
893,,10,27,13,40,27,13,40,8,0.252769,0.263255,301789.532788,0.039216
3276,,10,19,11,30,19,11,30,8,0.254409,0.265702,41336.244781,0.132411
27125,,10,1,3,4,1,3,4,9,0.221524,0.228469,23.676905,0.333333
32222,,10,1,0,1,1,0,1,0,0,0,0,0
20550,,10,5,3,8,5,3,8,8,0.21525,0.221956,82814.079562,0.071429
11049,,10,5,5,10,5,5,10,9,0.237735,0.247205,11425.804647,0.180556
18279,,10,5,4,9,5,4,9,9,0.22896,0.237401,29694.166782,0.222222
2643,,15,11,12,23,11,12,23,8,0.251705,0.262221,60831.730174,0.102632
242,,5,20,19,39,20,19,39,8,0.267871,0.280221,193310.037173,0.047899
5071,,0,24,17,41,24,17,41,8,0.261403,0.27353,208477.086223,0.074324
3496,,5,5,17,22,5,17,22,8,0.281637,0.295828,37613.521179,0.173684
1138,,8,15,26,41,15,26,41,7,0.291957,0.308148,101722.874113,0.127312
823,,5,7,16,23,7,16,23,8,0.27654,0.289237,5966.548722,0.145022
568,,5,8,3,11,8,3,11,8,0.248975,0.258504,1107.823519,0.25
17329,,16,4,8,12,4,8,12,8,0.252997,0.263043,3739.327582,0.154545
16360,,5,9,3,12,9,3,12,9,0.230496,0.238544,113267.233833,0.081818
21337,,5,48,106,154,48,106,154,8,0.289519,0.30686,757966.647997,0.035361
22767,,5,15,0,15,15,0,15,0,0,0,0,0.152381
23692,,5,1,0,1,1,0,1,0,0,0,0,0
907,,5,14,6,20,14,6,20,8,0.246701,0.256128,90728.224151,0.077206
11752,,24,2,1,3,2,1,3,9,0.229703,0.237593,459.99069,0
5857,,5,10,0,10,10,0,10,0,0,0,0,0
8412,,5,2,1,3,2,1,3,9,0.226277,0.233078,2288.481004,0
8842,,5,2,2,4,2,2,4,8,0.26149,0.272611,26196.217076,0.083333
11866,,5,1,0,1,1,0,1,0,0,0,0,0
2147,,5,12,15,27,12,15,27,8,0.289644,0.303978,80138.825916,0.140316
8014,,8,3,2,5,3,2,5,9,0.216113,0.222502,265.930902,0.2
35322,,5,2,2,4,2,2,4,9,0.230161,0.238113,0,1
17135,,0,1,0,1,1,0,1,0,0,0,0,0
6314,,0,11,8,19,11,8,19,9,0.2232,0.231094,10643.121298,0.24269
20002,,0,1,0,1,1,0,1,0,0,0,0,0
5290,,16,2,4,6,2,4,6,8,0.226726,0.234806,11876.880151,0.166667
8238,,16,1,0,1,1,0,1,0,0,0,0,0
9857,,16,12,2,14,12,2,14,9,0.223698,0.231126,37901.378843,0.121795
12562,,7,3,2,5,3,2,5,7,0.29755,0.312704,882.238367,0.25
1068,,16,14,25,39,14,25,39,8,0.283093,0.298357,135294.035619,0.151515
6263,,5,5,12,17,5,12,17,8,0.2733,0.285321,75008.704836,0.051471
760,,7,14,11,25,14,11,25,7,0.301245,0.316753,3443.956694,0.205534
2153,,16,17,33,50,17,33,50,8,0.283665,0.298975,391853.693212,0.073737
3287,,1,10,11,21,10,11,21,8,0.274985,0.287681,116373.94594,0.118421
194,,7,24,52,76,24,52,76,7,0.312662,0.331051,111812.783995,0.186335
4573,,7,3,0,3,3,0,3,0,0,0,0,0.666667
4756,,7,3,61,64,3,61,64,7,0.314721,0.33334,188242.589777,0.197917
3683,,8,1,1,2,1,1,2,10,0.191152,0.195118,35.025216,0
5165,,7,1,0,1,1,0,1,0,0,0,0,0
6189,,7,7,13,20,7,13,20,7,0.300908,0.316631,75766.233928,0.235294
5705,,7,3,86,89,3,86,89,7,0.31916,0.339243,30824.61973,0.164577
9931,,7,2,0,2,2,0,2,0,0,0,0,1
9938,,7,1,1,2,1,1,2,8,0.238358,0.245622,0,0.5
351,,7,15,9,24,15,9,24,8,0.265417,0.277061,79241.591133,0.181159
3472,,13,28,0,28,28,0,28,0,0,0,0,0.104497
14884,,7,3,0,3,3,0,3,0,0,0,0,1
10889,,11,46,19,65,46,19,65,7,0.303474,0.319986,947376.350656,0.056254
14381,,7,5,2,7,5,2,7,8,0.239322,0.247377,18866.29986,0.380952
2308,,7,5,3,8,5,3,8,8,0.261912,0.273175,208.942074,0.464286
17836,,7,3,1,4,3,1,4,8,0.244382,0.252458,0,0.916667
19103,,7,2,0,2,2,0,2,0,0,0,0,1
19847,,7,3,0,3,3,0,3,0,0,0,0,0.5
19848,,7,1,0,1,1,0,1,0,0,0,0,0
1509,,8,2,2,4,2,2,4,8,0.244624,0.253661,25.882545,0.083333
21127,,7,5,0,5,5,0,5,0,0,0,0,0.25
192,,16,37,15,52,37,15,52,8,0.273797,0.286107,384542.6025,0.062016
235,,16,7,22,29,7,22,29,7,0.301829,0.317522,168889.175606,0.109687
1670,,11,35,26,61,35,26,61,8,0.278187,0.292781,1060221.508131,0.042088
31813,,0,1,1,2,1,1,2,9,0.215813,0.22186,0,0
99,,11,1,4,5,1,4,5,8,0.265848,0.278628,1162.131108,0.083333
4318,,6,8,6,14,8,6,14,8,0.25012,0.259455,5303.906987,0.277778
6747,,9,1,6,7,1,6,7,8,0.243309,0.252751,238.546114,0.233333
7903,,7,2,4,6,2,4,6,8,0.254722,0.26444,131.328805,0.166667
2704,,2,11,6,17,11,6,17,8,0.285567,0.299326,69258.444039,0.073529
16037,,7,1,0,1,1,0,1,0,0,0,0,0
3119,,7,8,12,20,8,12,20,8,0.270597,0.283688,34336.907379,0.264706
6423,,8,13,11,24,13,11,24,8,0.284794,0.298672,42342.8167,0.173203
11928,,9,88,11,99,88,11,99,9,0.215803,0.22184,948183.993583,0.013268
6819,,15,11,14,25,11,14,25,8,0.279633,0.293626,113048.00619,0.15368
4607,,7,15,9,24,15,9,24,8,0.267346,0.279071,68935.590325,0.092857
17048,,7,3,0,3,3,0,3,0,0,0,0,0.5
14667,,5,11,4,15,11,4,15,8,0.233524,0.241344,63062.004444,0.06044
5134,,8,26,13,39,26,13,39,7,0.279687,0.293496,79479.552537,0.075075
31725,,7,5,1,6,5,1,6,10,0.177505,0.180763,1499.837234,0.233333
2432,,7,5,8,13,5,8,13,8,0.269074,0.281204,94469.510674,0.141026
2362,,8,7,10,17,7,10,17,8,0.274792,0.287803,56352.12329,0.209524
3931,,15,26,11,37,26,11,37,8,0.280462,0.293605,137840.39588,0.057932
3698,,8,12,10,22,12,10,22,8,0.272166,0.284659,84013.337824,0.052381
21237,,8,2,1,3,2,1,3,9,0.212064,0.218044,4.479768,0
1524,,15,16,25,41,16,25,41,8,0.280504,0.294676,236842.270037,0.101326
3218,,8,10,3,13,10,3,13,9,0.233565,0.241788,21698.454347,0.096154
5183,,8,4,2,6,4,2,6,8,0.243177,0.25239,1883.196916,0.166667
3151,,15,40,37,77,40,37,77,8,0.28208,0.297478,604457.287559,0.046752
11082,,8,12,29,41,12,29,41,8,0.291366,0.306699,108540.02671,0.114286
12131,,8,1,0,1,1,0,1,0,0,0,0,0
13641,,8,1,0,1,1,0,1,0,0,0,0,0
12300,,11,1,2,3,1,2,3,8,0.236089,0.245247,1896.031915,0
4561,,1,47,38,85,47,38,85,8,0.27792,0.292232,1087654.55947,0.027494
18561,,8,2,0,2,2,0,2,0,0,0,0,0
3450,,2,7,11,18,7,11,18,8,0.282177,0.29593,4473.411367,0.238562
1996,,8,66,36,102,66,36,102,8,0.28819,0.30386,623593.710224,0.055677
1262,,8,54,27,81,54,27,81,8,0.294271,0.310346,517101.915033,0.049451
1937,,10,8,8,16,8,8,16,8,0.272438,0.28567,5237.571467,0.205128
15776,,8,2,1,3,2,1,3,9,0.217418,0.223378,2414.441196,0
3319,,7,17,24,41,17,24,41,8,0.293771,0.309094,126597.549177,0.109531
29953,,8,1,0,1,1,0,1,0,0,0,0,0
23845,,24,24,9,33,24,9,33,8,0.23068,0.238837,28613.235356,0.285282
30679,,7,3,3,6,3,3,6,9,0.235664,0.24392,4517.474387,0.1
2324,,8,18,24,42,18,24,42,8,0.289279,0.304434,204756.478466,0.12437
3833,,8,2,5,7,2,5,7,8,0.275576,0.287501,1761.989485,0.142857
6696,,15,1,2,3,1,2,3,8,0.239422,0.248442,0.490844,0
3538,,8,5,11,16,5,11,16,8,0.262343,0.274075,27082.511982,0.148352
4678,,8,1,2,3,1,2,3,8,0.239666,0.248786,0,1
7568,,8,1,3,4,1,3,4,8,0.249107,0.258867,0,0.5
7488,,8,3,3,6,3,3,6,8,0.265398,0.276934,302.158936,0.55
4010,,8,4,7,11,4,7,11,8,0.240671,0.249414,4899.016277,0.194444
8687,,8,1,1,2,1,1,2,9,0.199671,0.204229,0,0.5
5755,,8,11,12,23,11,12,23,8,0.267369,0.28031,5764.239679,0.269006
9380,,8,1,1,2,1,1,2,10,0.183627,0.187124,373.11557,0
3514,,8,7,16,23,7,16,23,8,0.275427,0.288751,46290.938834,0.25
10364,,8,1,2,3,1,2,3,8,0.241576,0.250744,22.715723,0
11556,,10,1,1,2,1,1,2,9,0.225429,0.232571,51.512391,0
10592,,8,8,2,10,8,2,10,8,0.245536,0.254913,3077.705338,0.177778
2268,,8,26,20,46,26,20,46,8,0.278829,0.292605,268762.360798,0.109312
5358,,8,5,11,16,5,11,16,8,0.268885,0.281315,3635.035745,0.241758
1983,,8,4,13,17,4,13,17,8,0.27012,0.282294,52982.892673,0.2
2004,,8,4,44,48,4,44,48,7,0.308947,0.326474,82806.729832,0.162319
9749,,8,7,4,11,7,4,11,8,0.246317,0.255368,74572.890823,0.122222
2561,,8,2,6,8,2,6,8,8,0.276865,0.290137,88.573769,0.803571
14739,,8,3,1,4,3,1,4,8,0.239404,0.248376,0,0.833333
7602,,8,15,30,45,15,30,45,8,0.295537,0.312086,167989.092639,0.127439
5443,,8,4,0,4,4,0,4,0,0,0,0,0
15455,,8,3,2,5,3,2,5,8,0.263747,0.274663,634.381876,0.3
4727,,8,6,8,14,6,8,14,9,0.228718,0.235721,30089.807232,0.109091
8104,,8,1,2,3,1,2,3,8,0.23944,0.248451,0,1
2560,,8,8,7,15,8,7,15,8,0.273332,0.285783,5336.031569,0.237179
21584,,8,1,1,2,1,1,2,8,0.239404,0.248376,0,0
16355,,8,4,5,9,4,5,9,8,0.267761,0.279834,563.416367,0.303571
18935,,8,19,30,49,19,30,49,8,0.278063,0.292439,232043.333984,0.101883
22952,,8,1,0,1,1,0,1,0,0,0,0,0
1399,,8,6,7,13,6,7,13,7,0.276837,0.290178,19785.983136,0.30303
25376,,8,1,0,1,1,0,1,0,0,0,0,0
18870,,8,3,3,6,3,3,6,8,0.244284,0.254049,44812.077443,0.333333
27952,,8,1,0,1,1,0,1,0,0,0,0,0
24869,,8,4,9,13,4,9,13,8,0.267616,0.279746,45818.59217,0.177778
7652,,8,3,2,5,3,2,5,9,0.191635,0.196419,16889.938423,0
1606,,8,8,5,13,8,5,13,8,0.278792,0.291997,1766.006119,0.416667
6457,,8,2,5,7,2,5,7,8,0.25264,0.262223,372.876111,0.380952
20865,,8,3,6,9,3,6,9,8,0.245809,0.255428,1780.589661,0.380952
14972,,8,1,2,3,1,2,3,9,0.227436,0.234526,195.581719,0
1836,,8,16,51,67,16,51,67,7,0.29488,0.311548,165723.472439,0.118798
20450,,8,3,0,3,3,0,3,0,0,0,0,0.833333
34791,,8,1,0,1,1,0,1,0,0,0,0,0
17388,,8,1,8,9,1,8,9,8,0.270652,0.283285,56.340003,0.446429
106,,21,1,3,4,1,3,4,8,0.238994,0.246919,54121.544537,0.083333
11058,,21,1,4,5,1,4,5,9,0.230555,0.238078,26286.653455,0
2777,,8,2,1,3,2,1,3,8,0.226182,0.232936,162.287103,0.5
479,,6,16,1,17,16,1,17,11,0.15349,0.155642,150669.7642,0.014706
7760,,11,1,0,1,1,0,1,0,0,0,0,0
6711,,8,3,6,9,3,6,9,9,0.234501,0.243683,23113.245861,0.125
207,,13,39,0,39,39,0,39,0,0,0,0,0.062753
10171,,11,4,1,5,4,1,5,9,0.219136,0.225745,39.817075,0.15
15279,,11,2,2,4,2,2,4,9,0.225845,0.233331,34.384278,0.333333
8646,,8,11,2,13,11,2,13,8,0.262018,0.273157,90296.683827,0.076923
6090,,11,5,4,9,5,4,9,8,0.230756,0.238612,73703.829432,0.095238
19344,,11,28,12,40,28,12,40,8,0.267236,0.278987,352864.924403,0.057143
2277,,11,39,16,55,39,16,55,8,0.279716,0.293251,263761.852603,0.071837
22083,,11,4,0,4,4,0,4,0,0,0,0,0.166667
23691,,11,1,0,1,1,0,1,0,0,0,0,0
1650,,16,49,66,115,49,66,115,7,0.264894,0.278592,1587962.842438,0.012755
25570,,11,1,1,2,1,1,2,9,0.207609,0.212854,0.406536,0
108,,15,1,2,3,1,2,3,9,0.224218,0.231724,67.09361,0.5
4268,,15,11,11,22,11,11,22,8,0.268582,0.28098,73929.958309,0.094771
4847,,15,2,3,5,2,3,5,10,0.196315,0.201139,18825,0.2
5463,,15,2,0,2,2,0,2,0,0,0,0,1
3240,,15,4,7,11,4,7,11,8,0.228515,0.236155,26952.98546,0.180556
8027,,15,2,3,5,2,3,5,9,0.229672,0.237586,125.461425,0.416667
9465,,10,7,4,11,7,4,11,8,0.25159,0.262135,4146.6229,0.208333
10072,,15,1,0,1,1,0,1,0,0,0,0,0
10590,,7,6,6,12,6,6,12,9,0.235404,0.244062,53018.898898,0.081818
4953,,15,8,7,15,8,7,15,8,0.226997,0.235028,35237.837283,0.163636
19300,,15,1,0,1,1,0,1,0,0,0,0,0
5455,,15,4,8,12,4,8,12,8,0.241381,0.251097,5659.972076,0.180556
2687,,15,10,13,23,10,13,23,8,0.276686,0.289336,113163.615686,0.060526
21555,,15,1,1,2,1,1,2,10,0.179458,0.182867,120.711278,0
22000,,1,2,0,2,2,0,2,0,0,0,0,0
13867,,1,4,1,5,4,1,5,9,0.219198,0.225232,119.643075,0
19664,,15,2,2,4,2,2,4,9,0.222832,0.230166,49.145473,0.333333
799,,1,11,6,17,11,6,17,8,0.226035,0.233838,142918.954524,0.057143
26614,,15,2,0,2,2,0,2,0,0,0,0,0
8606,,15,10,7,17,10,7,17,8,0.231107,0.239861,74768.175942,0.066667
7331,,15,6,3,9,6,3,9,8,0.263537,0.274547,68567.62241,0.02381
14398,,15,1,2,3,1,2,3,1,1,1,25976,0.166667
14687,,15,6,1,7,6,1,7,9,0.226296,0.233851,780.617247,0.047619
796,,8,24,19,43,24,19,43,8,0.27243,0.285242,47293.805865,0.127731
6781,,15,2,6,8,2,6,8,8,0.2369,0.245096,368.097776,0.266667
293,,11,58,6,64,58,6,64,8,0.258862,0.270685,121499.43236,0.075141
35524,,15,1,0,1,1,0,1,0,0,0,0,0
111,,6,2,3,5,2,3,5,8,0.255396,0.265777,25975.25,0.5
3106,,6,26,30,56,26,30,56,8,0.292738,0.309143,728909.566441,0.062905
12882,,6,6,1,7,6,1,7,1,1,1,6.25,0
1659,,6,1,0,1,1,0,1,0,0,0,0,0
2031,,6,1,0,1,1,0,1,0,0,0,0,0
2256,,6,2,6,8,2,6,8,8,0.24911,0.258264,51133.868949,0.266667
5075,,6,1,0,1,1,0,1,0,0,0,0,0
4506,,6,10,9,19,10,9,19,8,0.254042,0.263989,54345.578579,0.141667
5834,,6,1,1,2,1,1,2,8,0.249077,0.258092,0,0
7010,,6,3,1,4,3,1,4,8,0.249077,0.258092,0,0.666667
7141,,6,1,0,1,1,0,1,0,0,0,0,0
8146,,6,1,0,1,1,0,1,0,0,0,0,0
9774,,6,12,3,15,12,3,15,8,0.255392,0.265768,83631.728323,0.181818
10442,,8,3,0,3,3,0,3,0,0,0,0,0.5
11281,,10,4,0,4,4,0,4,0,0,0,0,0.166667
11360,,6,1,0,1,1,0,1,0,0,0,0,0
11445,,6,2,0,2,2,0,2,0,0,0,0,1
11503,,6,2,4,6,2,4,6,8,0.261316,0.273267,463.863238,0.75
4237,,6,18,14,32,18,14,32,8,0.280784,0.294932,35362.137427,0.195157
3686,,1,9,0,9,9,0,9,0,0,0,0,0.041667
12735,,6,1,0,1,1,0,1,0,0,0,0,0
12804,,6,3,0,3,3,0,3,0,0,0,0,1
14076,,8,3,0,3,3,0,3,0,0,0,0,0
14565,,8,7,3,10,7,3,10,8,0.249344,0.258452,1569.302312,0.305556
8217,,6,3,0,3,3,0,3,0,0,0,0,0
15055,,6,3,1,4,3,1,4,8,0.249077,0.258092,18825,0.5
15153,,6,17,3,20,17,3,20,8,0.249084,0.258145,89231.067118,0.088235
9165,,6,14,13,27,14,13,27,8,0.254107,0.264181,183283.495746,0.135714
15136,,6,2,3,5,2,3,5,8,0.249087,0.258154,44799,0.166667
16184,,6,2,1,3,2,1,3,8,0.247392,0.256732,0,1
16406,,6,4,8,12,4,8,12,8,0.25374,0.264026,54150.640072,0.227273
16980,,6,1,1,2,1,1,2,8,0.249077,0.258092,0,0
15862,,6,1,2,3,1,2,3,8,0.255386,0.265733,0,1
17581,,6,3,1,4,3,1,4,8,0.249077,0.258092,0,0.666667
8931,,6,8,6,14,8,6,14,8,0.256667,0.267445,129345.16742,0.05303
17609,,6,1,1,2,1,1,2,8,0.249077,0.258092,0,0
14711,,6,1,2,3,1,2,3,8,0.24909,0.258145,0,1
15937,,6,1,3,4,1,3,4,8,0.249097,0.258176,0,0.666667
18444,,11,10,3,13,10,3,13,8,0.256695,0.266468,27566.442621,0.019231
4102,,8,17,5,22,17,5,22,8,0.265211,0.277002,147150.139604,0.078947
19579,,6,14,14,28,14,14,28,8,0.255458,0.266127,109128.589595,0.109524
19622,,6,2,1,3,2,1,3,9,0.202391,0.207416,27.889536,0.833333
18826,,6,12,16,28,12,16,28,8,0.278203,0.29275,24801.336278,0.255435
19392,,6,3,7,10,3,7,10,8,0.254926,0.264877,4098.439517,0.208333
13673,,6,13,7,20,13,7,20,8,0.26789,0.279797,66521.304765,0.163399
17963,,6,8,5,13,8,5,13,8,0.249831,0.259142,530.621108,0.309091
7885,,8,23,20,43,23,20,43,8,0.261534,0.273109,174046.21767,0.105856
20870,,6,1,1,2,1,1,2,8,0.249077,0.258092,0,0
13663,,6,3,1,4,3,1,4,8,0.249077,0.258092,0,0.666667
21111,,6,1,0,1,1,0,1,0,0,0,0,0
21673,,6,1,0,1,1,0,1,0,0,0,0,0
21527,,8,1,3,4,1,3,4,8,0.249216,0.258285,0,0.5
17370,,6,3,3,6,3,3,6,8,0.24909,0.258162,2012.2567,0.5
21759,,6,11,4,15,11,4,15,8,0.2491,0.258202,16669.049184,0.211538
17634,,6,1,4,5,1,4,5,9,0.216972,0.223333,5069.168923,0.65
21788,,6,2,2,4,2,2,4,8,0.229577,0.236332,25977.220824,0.333333
12383,,7,33,248,281,33,248,281,7,0.342173,0.36915,2048482.34052,0.041124
22817,,6,2,3,5,2,3,5,8,0.249084,0.258145,1,0.5
23703,,6,2,3,5,2,3,5,8,0.267138,0.279004,566.190253,0.416667
23817,,6,3,4,7,3,4,7,8,0.247792,0.257359,26282.616303,0.233333
24225,,8,4,4,8,4,4,8,8,0.258478,0.268744,2705.859689,0.333333
15839,,6,3,1,4,3,1,4,9,0.199413,0.203922,1512.323475,0.416667
24372,,6,1,0,1,1,0,1,0,0,0,0,0
7176,,9,8,10,18,8,10,18,8,0.254529,0.265098,19482.04255,0.252747
25261,,6,1,0,1,1,0,1,0,0,0,0,0
25262,,6,2,1,3,2,1,3,9,0.20348,0.20863,0,1
25348,,6,1,1,2,1,1,2,8,0.249077,0.258092,0,0
26129,,6,1,0,1,1,0,1,0,0,0,0,0
24274,,6,1,2,3,1,2,3,8,0.249087,0.258136,0,1
26053,,6,2,1,3,2,1,3,8,0.249077,0.258092,274.093684,0
27062,,6,1,0,1,1,0,1,0,0,0,0,0
27969,,6,3,0,3,3,0,3,0,0,0,0,0.333333
22815,,6,4,3,7,4,3,7,9,0.209271,0.215148,1575.351125,0.566667
28315,,6,2,3,5,2,3,5,8,0.253942,0.263678,0,0.833333
24186,,6,7,12,19,7,12,19,8,0.254646,0.264832,46062.268755,0.120833
20222,,6,1,2,3,1,2,3,8,0.24908,0.258118,0,1
22929,,6,2,1,3,2,1,3,9,0.20348,0.20863,0,1
29354,,6,5,7,12,5,7,12,8,0.268759,0.281084,69291.760916,0.166667
19143,,6,31,24,55,31,24,55,7,0.301989,0.318063,528063.002091,0.084058
30580,,6,2,0,2,2,0,2,0,0,0,0,1
30577,,6,1,1,2,1,1,2,8,0.249077,0.258092,0,0
32334,,6,1,0,1,1,0,1,0,0,0,0,0
32642,,6,1,1,2,1,1,2,8,0.249077,0.258092,0,0
33852,,6,2,1,3,2,1,3,8,0.249077,0.258092,0,1
7692,,9,2,4,6,2,4,6,8,0.262691,0.274201,1673.984204,0.233333
29523,,6,2,1,3,2,1,3,9,0.203483,0.208639,6.162338,0.5
34675,,6,1,0,1,1,0,1,0,0,0,0,0
12243,,7,16,464,480,16,464,480,7,0.355765,0.387323,1383277.718758,0.032408
5554,,8,5,0,5,5,0,5,0,0,0,0,0.1
12669,,24,1,1,2,1,1,2,9,0.231745,0.239906,282.934482,0
5749,,7,7,0,7,7,0,7,0,0,0,0,0.166667
5314,,15,6,2,8,6,2,8,9,0.216334,0.222463,7110.724655,0.017857
16699,,10,8,6,14,8,6,14,8,0.260712,0.271158,48573.787624,0.137363
115,,11,0,5,5,0,5,5,8,0.254594,0.26521,0,0.3
3082,,11,2,4,6,2,4,6,7,0.298163,0.313406,3950.46302,0.3
9102,,7,1,4,5,1,4,5,8,0.23955,0.247278,8.035199,0.25
2081,,24,22,19,41,22,19,41,8,0.279268,0.29375,263724.590321,0.100794
8064,,7,7,4,11,7,4,11,8,0.255261,0.266278,32526.080046,0.1
3076,,7,34,32,66,34,32,66,8,0.282668,0.298007,130681.913036,0.106895
4233,,8,5,8,13,5,8,13,8,0.274344,0.2865,2156.697597,0.266667
28375,,7,2,2,4,2,2,4,9,0.228175,0.235825,380.417983,0.166667
35414,,7,1,0,1,1,0,1,0,0,0,0,0
2137,,1,7,10,17,7,10,17,8,0.277543,0.290285,43028.408169,0.102941
3735,,5,1,6,7,1,6,7,8,0.270656,0.281928,366.862961,0.285714
5598,,7,2,4,6,2,4,6,8,0.270318,0.28291,964.303703,0.25
161,,7,14,15,29,14,15,29,8,0.275597,0.28915,18282.103027,0.198006
5004,,8,12,9,21,12,9,21,8,0.270221,0.282984,58939.502252,0.080952
19116,,7,1,4,5,1,4,5,8,0.264165,0.276196,1256.410633,0.55
3327,,15,6,5,11,6,5,11,8,0.269957,0.282376,38173.331624,0.2
9652,,11,23,18,41,23,18,41,8,0.25599,0.26597,763306.145138,0.028571
20394,,16,3,0,3,3,0,3,0,0,0,0,0.166667
11856,,7,5,6,11,5,6,11,8,0.243177,0.252373,7661.78099,0.233333
26308,,7,6,15,21,6,15,21,7,0.30124,0.316797,25838.971765,0.271242
3953,,8,3,10,13,3,10,13,8,0.284781,0.298465,136690.188996,0.102564
2145,,5,27,37,64,27,37,64,7,0.304588,0.321135,147844.836758,0.1128
780,,1,18,23,41,18,23,41,8,0.291077,0.306323,235017.978658,0.123106
2315,,7,17,15,32,17,15,32,7,0.298253,0.313812,104525.200495,0.123656
14491,,7,33,106,139,33,106,139,7,0.30946,0.328732,1031808.031523,0.07874
7923,,7,8,25,33,8,25,33,8,0.284962,0.299731,33501.575042,0.200605
7824,,7,4,8,12,4,8,12,8,0.2452,0.254264,9489.300441,0.1
335,,15,39,44,83,39,44,83,8,0.283447,0.299368,460012.854968,0.047505
1803,,9,16,13,29,16,13,29,8,0.259651,0.270576,89787.572647,0.11039
33991,,7,1,0,1,1,0,1,0,0,0,0,0
29492,,7,15,26,41,15,26,41,8,0.293094,0.308336,75303.622356,0.208393
35091,,7,1,0,1,1,0,1,0,0,0,0,0
119,,8,11,2,13,11,2,13,9,0.219302,0.225377,37708.652462,0.217949
816,,0,17,143,160,17,143,160,7,0.330217,0.353717,1753857.558519,0.057104
2125,,10,4,1,5,4,1,5,9,0.196507,0.201039,131.272684,0.25
630,,6,2,3,5,2,3,5,8,0.25576,0.265696,162.856549,0.333333
5073,,0,13,4,17,13,4,17,8,0.25899,0.269604,26420.068221,0.153846
900,,10,31,43,74,31,43,74,8,0.294649,0.310978,292094.220415,0.081413
5863,,7,3,2,5,3,2,5,8,0.274192,0.286131,2615.434509,0.2
5144,,7,2,6,8,2,6,8,8,0.266725,0.278415,653.156844,0.380952
466,,11,43,327,370,43,327,370,7,0.357848,0.387668,5244379.044289,0.035483
9471,,0,1,0,1,1,0,1,0,0,0,0,0
9472,,15,6,5,11,6,5,11,8,0.235561,0.243717,3441.759503,0.181818
10514,,0,1,0,1,1,0,1,0,0,0,0,0
6041,,10,35,8,43,35,8,43,8,0.269818,0.28192,247049.921673,0.028239
5988,,8,4,7,11,4,7,11,8,0.24604,0.254617,20185.598082,0.054545
7835,,11,13,3,16,13,3,16,8,0.266725,0.277938,157928.703344,0.129167
3258,,0,36,31,67,36,31,67,7,0.289845,0.305376,702550.123183,0.066883
2893,,21,7,1,8,7,1,8,1,1,1,864.125799,0.089286
6643,,0,26,3,29,26,3,29,9,0.225945,0.232693,68379.840298,0.021164
8026,,0,1,2,3,1,2,3,8,0.255233,0.265166,0,1
22874,,0,1,0,1,1,0,1,0,0,0,0,0
4110,,11,4,8,12,4,8,12,8,0.233605,0.242844,48155.119217,0.036364
23942,,0,1,0,1,1,0,1,0,0,0,0,0
23287,,0,1,1,2,1,1,2,8,0.247792,0.25846,128.474585,0
22940,,16,3,2,5,3,2,5,8,0.234186,0.242208,1118.76687,0.55
10622,,0,3,12,15,3,12,15,8,0.266284,0.278084,2776.880088,0.114286
15793,,1,12,0,12,12,0,12,0,0,0,0,0.05303
3678,,0,31,19,50,31,19,50,8,0.241604,0.251619,76228.303138,0.141649
30055,,11,3,3,6,3,3,6,9,0.230488,0.238401,216.747009,0.166667
8452,,0,13,6,19,13,6,19,8,0.232239,0.24073,49358.066679,0.046784
28253,,11,4,7,11,4,7,11,8,0.279791,0.293672,54417.323535,0.036364
25211,,7,9,19,28,9,19,28,8,0.277371,0.291554,5526.680574,0.148148
2635,,15,12,9,21,12,9,21,8,0.267837,0.279656,30608.994655,0.118421
5228,,8,2,0,2,2,0,2,0,0,0,0,0.5
14201,,8,1,0,1,1,0,1,0,0,0,0,0
4179,,8,18,5,23,18,5,23,9,0.236252,0.244771,48083.484887,0.221429
17163,,8,1,0,1,1,0,1,0,0,0,0,0
17204,,8,18,1,19,18,1,19,1,1,1,16323.030457,0.143275
5488,,8,4,3,7,4,3,7,9,0.231902,0.240515,85.55495,0.5
15189,,10,9,0,9,9,0,9,0,0,0,0,0.166667
24160,,8,1,0,1,1,0,1,0,0,0,0,0
203,,7,3,0,3,3,0,3,0,0,0,0,0.5
392,,16,10,11,21,10,11,21,8,0.243598,0.25405,147251.695489,0.125
343,,7,17,87,104,17,87,104,7,0.317144,0.336191,303939.1116,0.098149
921,,11,23,11,34,23,11,34,8,0.268043,0.28026,289666.890976,0.058621
1100,,11,21,14,35,21,14,35,8,0.270143,0.283499,262802.049954,0.077011
1351,,5,13,13,26,13,13,26,8,0.269891,0.282164,85253.811323,0.104743
522,,10,10,34,44,10,34,44,7,0.290006,0.304984,188675.274983,0.052326
1752,,7,3,29,32,3,29,32,8,0.287793,0.303143,43155.783422,0.193548
2543,,7,4,22,26,4,22,26,7,0.295523,0.310496,39567.716955,0.203333
3388,,8,14,14,28,14,14,28,8,0.258173,0.269886,43693.552158,0.152174
1252,,10,20,53,73,20,53,73,8,0.287758,0.304259,301649.70286,0.072115
344,,7,13,67,80,13,67,80,7,0.310747,0.329912,491506.384837,0.104069
3965,,8,1,5,6,1,5,6,9,0.218907,0.225707,10616.564046,0.066667
2327,,7,1,4,5,1,4,5,8,0.274052,0.285962,748.249049,0.45
2917,,11,36,22,58,36,22,58,8,0.276666,0.290203,543123.033716,0.054286
4260,,0,1,3,4,1,3,4,8,0.235826,0.24456,1087.180993,0.25
671,,11,33,96,129,33,96,129,7,0.319768,0.340494,1951296.517938,0.05331
611,,8,6,5,11,6,5,11,8,0.248666,0.257764,5045.708675,0.127273
4982,,7,1,0,1,1,0,1,0,0,0,0,0
791,,16,46,28,74,46,28,74,8,0.268009,0.280463,998603.374391,0.009375
4456,,11,13,8,21,13,8,21,8,0.240017,0.24911,135430.912828,0.107843
5089,,7,1,0,1,1,0,1,0,0,0,0,0
5141,,7,1,0,1,1,0,1,0,0,0,0,0
5154,,7,3,2,5,3,2,5,8,0.244373,0.253475,561.360708,0.55
4866,,11,5,11,16,5,11,16,8,0.263437,0.27524,37801.488909,0.204762
248,,11,5,5,10,5,5,10,8,0.265679,0.278174,17587.837004,0.196429
6107,,7,2,0,2,2,0,2,0,0,0,0,1
582,,7,10,30,40,10,30,40,7,0.308441,0.326075,4770.673151,0.261024
2731,,7,8,10,18,8,10,18,8,0.270097,0.283185,12731.143898,0.231618
1058,,7,2,4,6,2,4,6,7,0.293619,0.308126,6148.801599,0.3
2715,,0,9,21,30,9,21,30,8,0.239343,0.248221,34314.375695,0.406085
4972,,7,3,5,8,3,5,8,8,0.247998,0.25884,61820.902454,0.02381
7051,,5,3,13,16,3,13,16,8,0.271178,0.283414,23095.690913,0.166667
1901,,8,5,8,13,5,8,13,8,0.241328,0.250883,75962.680136,0.077778
1305,,15,30,155,185,30,155,185,7,0.322921,0.344792,2173438.726099,0.025651
7052,,5,1,4,5,1,4,5,8,0.245626,0.254672,0,0.3
7053,,7,1,0,1,1,0,1,0,0,0,0,0
7332,,7,1,0,1,1,0,1,0,0,0,0,0
455,,11,5,15,20,5,15,20,8,0.255185,0.265116,280050.45154,0.079167
6358,,7,15,6,21,15,6,21,8,0.238654,0.247044,947.781111,0.2
6924,,5,4,3,7,4,3,7,9,0.228835,0.236878,1411.200345,0.095238
6554,,7,5,0,5,5,0,5,0,0,0,0,0.15
7431,,7,2,1,3,2,1,3,8,0.250203,0.259009,0,1
7437,,7,3,1,4,3,1,4,8,0.257703,0.26794,21456.645429,0.166667
7494,,7,1,0,1,1,0,1,0,0,0,0,0
445,,8,3,5,8,3,5,8,8,0.246018,0.255065,5014.505632,0.4
426,,7,2,4,6,2,4,6,8,0.266295,0.277831,26010.749152,0.4
1018,,7,6,32,38,6,32,38,7,0.305374,0.322315,12099.817068,0.223708
1966,,8,15,18,33,15,18,33,8,0.24577,0.254503,196079.235062,0.061538
8230,,16,5,6,11,5,6,11,9,0.223287,0.230902,30392.626572,0.111111
4097,,8,26,35,61,26,35,61,8,0.289604,0.305498,342464.939484,0.111594
8266,,8,5,5,10,5,5,10,8,0.261818,0.272147,28173.13098,0.083333
8513,,7,3,0,3,3,0,3,0,0,0,0,0.5
1647,,11,45,28,73,45,28,73,8,0.271448,0.285062,745192.811419,0.061072
8698,,7,7,4,11,7,4,11,8,0.24045,0.248949,52847.166621,0.1
3717,,7,14,4,18,14,4,18,8,0.248972,0.257873,106364.651653,0.165441
1653,,12,3,6,9,3,6,9,8,0.24118,0.24973,174505.345942,0.263889
338,,12,4,3,7,4,3,7,8,0.240671,0.248821,18826,0.433333
9245,,24,7,3,10,7,3,10,9,0.221997,0.228795,20046.921386,0.055556
9392,,8,8,11,19,8,11,19,8,0.267301,0.27914,39435.239682,0.215686
8656,,16,5,5,10,5,5,10,8,0.239182,0.248082,22759.902854,0.25
554,,7,5,10,15,5,10,15,8,0.285104,0.299107,5268.953745,0.324176
5118,,7,5,3,8,5,3,8,8,0.24291,0.251038,18839.096741,0.428571
3274,,16,13,7,20,13,7,20,8,0.262651,0.274406,53380.968374,0.196078
10391,,7,6,3,9,6,3,9,8,0.244167,0.255054,153881.903865,0.339286
7558,,7,4,0,4,4,0,4,0,0,0,0,0.166667
10424,,1,3,3,6,3,3,6,7,0.294074,0.308682,63624,0.083333
4486,,0,15,12,27,15,12,27,8,0.243384,0.253169,61428.019327,0.108333
1413,,11,9,10,19,9,10,19,8,0.255427,0.26609,69965.620409,0.098039
10560,,11,4,4,8,4,4,8,7,0.293784,0.308378,18914.800691,0.55
6003,,5,10,17,27,10,17,27,8,0.271863,0.284789,26720.383064,0.219368
2251,,8,11,32,43,11,32,43,8,0.26732,0.279818,95107.797783,0.093651
10632,,10,2,0,2,2,0,2,0,0,0,0,0.5
10710,,7,1,1,2,1,1,2,8,0.250033,0.258898,0,1
10458,,7,3,0,3,3,0,3,0,0,0,0,0.333333
839,,5,9,58,67,9,58,67,8,0.307896,0.32587,124444.791532,0.078322
11341,,7,2,1,3,2,1,3,9,0.192844,0.197088,0,0.5
3497,,8,30,21,51,30,21,51,8,0.27824,0.29233,203879.958362,0.086494
4014,,10,15,14,29,15,14,29,8,0.261796,0.273931,75713.484467,0.105072
6310,,6,8,6,14,8,6,14,8,0.248824,0.25864,27176.47543,0.227273
4663,,11,21,8,29,21,8,29,8,0.246772,0.256204,160198.722767,0.048433
7067,,5,7,5,12,7,5,12,8,0.277969,0.291143,4246.288955,0.190909
11179,,7,1,1,2,1,1,2,8,0.248322,0.25719,0,1
11969,,7,1,1,2,1,1,2,8,0.248322,0.25719,0,1
10158,,10,2,34,36,2,34,36,7,0.302713,0.319208,165611.524794,0.084874
2103,,7,6,6,12,6,6,12,8,0.278141,0.291735,803.449884,0.295455
668,,8,12,15,27,12,15,27,8,0.273379,0.286588,152171.883705,0.118333
4563,,11,5,3,8,5,3,8,8,0.265409,0.276755,27518.971684,0.214286
2319,,7,3,5,8,3,5,8,8,0.268701,0.280561,20608.727738,0.309524
12490,,8,2,3,5,2,3,5,9,0.219745,0.226413,467.68333,0.5
281,,7,7,32,39,7,32,39,7,0.305508,0.322284,130457.515557,0.195798
5657,,15,5,7,12,5,7,12,8,0.27402,0.286109,52754.657457,0.106061
11178,,8,11,12,23,11,12,23,7,0.29452,0.309441,92808.415675,0.166667
9856,,11,5,7,12,5,7,12,8,0.267176,0.278997,67556.053211,0.211111
4482,,7,17,21,38,17,21,38,8,0.288495,0.303287,176894.787627,0.063492
10862,,8,2,0,2,2,0,2,0,0,0,0,0
11470,,7,2,1,3,2,1,3,9,0.205479,0.211208,0,0.666667
13446,,21,3,0,3,3,0,3,0,0,0,0,0.166667
11322,,7,3,3,6,3,3,6,8,0.237948,0.245516,13.719588,0.466667
4448,,0,16,10,26,16,10,26,7,0.294547,0.309286,304446.668032,0.134503
3522,,8,2,3,5,2,3,5,8,0.235393,0.243692,309.363262,0.25
7059,,7,7,12,19,7,12,19,8,0.262336,0.27463,118874.613137,0.194853
14096,,7,5,7,12,5,7,12,8,0.277244,0.290591,6786.358325,0.280303
4341,,8,1,1,2,1,1,2,9,0.224026,0.230382,0,0.5
2602,,7,5,21,26,5,21,26,8,0.26724,0.279688,63386.446939,0.155797
14353,,7,1,0,1,1,0,1,0,0,0,0,0
14513,,8,1,1,2,1,1,2,9,0.198884,0.203512,0,0.5
702,,0,14,15,29,14,15,29,8,0.259418,0.270331,125609.096423,0.03202
5258,,7,16,3,19,16,3,19,8,0.258407,0.269472,64459.830602,0.067251
14655,,11,2,3,5,2,3,5,8,0.266209,0.27786,18825,0.45
11041,,7,12,2,14,12,2,14,7,0.29356,0.307984,11599.54169,0.212121
6746,,1,6,8,14,6,8,14,7,0.267925,0.279239,45619.026613,0.136364
3826,,11,24,40,64,24,40,64,7,0.294847,0.311901,698964.735634,0.047187
1730,,5,16,17,33,16,17,33,8,0.278846,0.292771,34642.112368,0.130952
10503,,7,2,1,3,2,1,3,9,0.207607,0.212851,0.272442,0.166667
2027,,15,11,5,16,11,5,16,8,0.263987,0.275029,49827.051027,0.1375
5198,,11,3,3,6,3,3,6,8,0.247437,0.258095,18913.524232,0.266667
1897,,7,11,10,21,11,10,21,8,0.28286,0.297387,81909.494257,0.195906
15166,,11,2,1,3,2,1,3,9,0.223927,0.230697,0,0.5
8752,,11,27,5,32,27,5,32,8,0.248712,0.258355,145149.57917,0.05665
12914,,16,2,5,7,2,5,7,8,0.25834,0.269475,31531.767823,0.214286
15144,,7,3,1,4,3,1,4,8,0.254055,0.263551,700.496316,0.666667
15028,,7,2,1,3,2,1,3,8,0.254059,0.26356,220.257227,0.666667
8277,,7,12,15,27,12,15,27,7,0.299853,0.315435,26460.119722,0.269928
14365,,11,4,4,8,4,4,8,8,0.257369,0.268656,81013.633034,0.178571
15288,,10,1,6,7,1,6,7,8,0.23856,0.246299,7122.766118,0.285714
15157,,10,5,5,10,5,5,10,8,0.2408,0.248085,27262.869897,0.375
15126,,10,13,17,30,13,17,30,7,0.294566,0.309468,342055.692407,0.123188
15365,,10,7,3,10,7,3,10,8,0.234154,0.24107,20758.110774,0.277778
15411,,7,1,0,1,1,0,1,0,0,0,0,0
431,,16,9,4,13,9,4,13,8,0.236442,0.244505,26863.765257,0.227273
15638,,0,27,14,41,27,14,41,8,0.235281,0.24441,56435.568652,0.145238
3657,,0,8,5,13,8,5,13,8,0.22629,0.233807,21981.633504,0.272727
14475,,10,20,17,37,20,17,37,8,0.264983,0.276903,289384.199409,0.107863
5275,,10,14,7,21,14,7,21,9,0.22641,0.234487,108434.863003,0.058824
14347,,8,5,6,11,5,6,11,8,0.246185,0.255689,4053.272425,0.163636
9758,,11,13,25,38,13,25,38,8,0.282838,0.297977,233472.693821,0.082386
16042,,7,20,30,50,20,30,50,8,0.294193,0.310498,156395.168277,0.179463
3665,,7,6,7,13,6,7,13,8,0.263518,0.274505,21987.68963,0.115385
5599,,24,32,28,60,32,28,60,8,0.279164,0.293683,335095.928002,0.0773
15871,,10,2,1,3,2,1,3,10,0.184614,0.18884,0,0.5
8553,,8,10,9,19,10,9,19,7,0.298683,0.313866,21883.800455,0.242857
8388,,7,11,24,35,11,24,35,8,0.296197,0.311641,53130.475576,0.096591
16617,,7,1,0,1,1,0,1,0,0,0,0,0
16461,,7,4,17,21,4,17,21,8,0.259508,0.271033,35404.323926,0.175439
16775,,10,5,4,9,5,4,9,7,0.294543,0.309192,3065.056695,0.267857
3304,,7,2,2,4,2,2,4,8,0.228175,0.23575,0,0.5
16844,,11,3,0,3,3,0,3,0,0,0,0,0.333333
4552,,7,24,5,29,24,5,29,8,0.267464,0.279397,48749.809674,0.134236
17049,,7,10,1,11,10,1,11,10,0.167063,0.169947,573.069062,0.090909
5371,,8,14,10,24,14,10,24,8,0.263326,0.274446,111689.153399,0.083004
17224,,7,1,0,1,1,0,1,0,0,0,0,0
17099,,7,4,1,5,4,1,5,9,0.235472,0.242933,6.363376,0.35
6200,,5,27,33,60,27,33,60,7,0.308294,0.32492,262675.281358,0.136067
4044,,7,2,13,15,2,13,15,8,0.276361,0.289516,48610.19762,0.290476
17425,,8,1,4,5,1,4,5,8,0.254138,0.263713,983.263403,0.2
14065,,11,16,15,31,16,15,31,8,0.280525,0.294051,60312.426394,0.230769
3997,,7,1,1,2,1,1,2,1,1,1,17953.074542,0
8223,,15,4,8,12,4,8,12,8,0.263323,0.274112,10302.505785,0.166667
10649,,0,6,9,15,6,9,15,8,0.265203,0.276574,47260.095071,0.119048
6592,,19,15,25,40,15,25,40,8,0.285827,0.300371,356463.244233,0.107357
5661,,7,8,0,8,8,0,8,0,0,0,0,0.214286
12678,,7,5,41,46,5,41,46,7,0.31203,0.329929,23646.384342,0.225
18269,,7,1,1,2,1,1,2,8,0.234961,0.242801,0,1
18231,,7,6,2,8,6,2,8,7,0.294349,0.308784,379.10617,0.380952
10528,,7,4,3,7,4,3,7,8,0.250662,0.260735,25879.682893,0.233333
2633,,7,3,6,9,3,6,9,8,0.264678,0.27574,25981.6428,0.375
18835,,121,3,2,5,3,2,5,10,0.178467,0.182124,228794.34086,0.083333
2055,,5,5,5,10,5,5,10,8,0.251873,0.261205,80018.642629,0.125
14476,,7,11,0,11,11,0,11,0,0,0,0,0.090909
14106,,15,1,2,3,1,2,3,8,0.261487,0.272617,0,0.666667
19216,,7,3,0,3,3,0,3,0,0,0,0,0.666667
6243,,11,26,10,36,26,10,36,8,0.246352,0.255604,161453.726778,0.075397
19469,,7,4,1,5,4,1,5,8,0.265447,0.27675,19016.527931,0.35
5394,,11,9,11,20,9,11,20,8,0.264637,0.277233,18872.138336,0.268382
959,,15,31,104,135,31,104,135,8,0.31591,0.336866,698582.873016,0.045333
19631,,121,2,0,2,2,0,2,0,0,0,0,0
19633,,121,3,5,8,3,5,8,9,0.214889,0.221016,86998.869106,0.166667
1209,,8,8,13,21,8,13,21,8,0.278265,0.2918,13626.622641,0.210526
1875,,10,42,54,96,42,54,96,8,0.295361,0.312615,755633.660889,0.081986
18595,,7,1,1,2,1,1,2,8,0.237014,0.24403,0,1
5453,,21,4,0,4,4,0,4,0,0,0,0,0.083333
1757,,5,15,6,21,15,6,21,9,0.232019,0.239765,46773.175597,0.071053
17284,,7,5,1,6,5,1,6,8,0.262753,0.273463,0,0.566667
14010,,7,7,2,9,7,2,9,9,0.224933,0.231628,135.702303,0.138889
13813,,7,7,6,13,7,6,13,8,0.266964,0.279333,3885.62694,0.282051
18373,,7,9,7,16,9,7,16,7,0.298035,0.313601,185807.2993,0.083333
20484,,7,8,21,29,8,21,29,7,0.30182,0.317714,55848.709583,0.210145
11907,,11,2,4,6,2,4,6,8,0.23778,0.246605,1968.141203,0.15
20722,,7,1,0,1,1,0,1,0,0,0,0,0
1555,,7,5,0,5,5,0,5,0,0,0,0,0.15
1205,,11,11,0,11,11,0,11,0,0,0,0,0.063636
9615,,7,7,2,9,7,2,9,8,0.262797,0.27355,18873.936028,0.291667
8761,,2,3,6,9,3,6,9,9,0.241855,0.251065,101639.066631,0.027778
13252,,11,3,6,9,3,6,9,8,0.252515,0.263845,22998.859209,0.180556
470,,11,3,8,11,3,8,11,8,0.251651,0.262242,4888.051178,0.081818
17320,,7,9,1,10,9,1,10,9,0.212488,0.218582,75403.763193,0.122222
21259,,0,2,3,5,2,3,5,7,0.29367,0.308158,13421.497705,0.166667
21304,,11,4,0,4,4,0,4,0,0,0,0,0.166667
16565,,11,3,7,10,3,7,10,8,0.25242,0.262191,26700.708235,0.155556
3890,,11,1,7,8,1,7,8,8,0.277469,0.291579,388.351777,0.607143
3249,,8,28,26,54,28,26,54,8,0.26112,0.27295,322665.908998,0.064734
6535,,11,13,4,17,13,4,17,8,0.276406,0.288899,48772.341594,0.080882
13258,,11,5,5,10,5,5,10,8,0.262445,0.273109,3763.588167,0.452381
6292,,10,15,0,15,15,0,15,0,0,0,0,0.128571
3981,,15,9,11,20,9,11,20,8,0.274732,0.286781,63002.677568,0.111111
19750,,8,1,3,4,1,3,4,9,0.225702,0.233129,742.905478,0.083333
2697,,11,14,11,25,14,11,25,8,0.239273,0.247612,131290.168063,0.121053
16988,,11,8,2,10,8,2,10,9,0.225186,0.232184,3546.651231,0.464286
7530,,7,6,8,14,6,8,14,8,0.272434,0.285499,12533.726683,0.159341
3774,,16,3,0,3,3,0,3,0,0,0,0,0.333333
615,,11,22,23,45,22,23,45,8,0.274467,0.288319,199569.589409,0.078151
22266,,11,2,0,2,2,0,2,0,0,0,0,0
1307,,11,36,18,54,36,18,54,8,0.279475,0.294421,432539.112676,0.069082
11403,,7,5,8,13,5,8,13,8,0.257968,0.268143,39639.577429,0.280303
22212,,7,3,1,4,3,1,4,10,0.192757,0.196858,6586.276273,0.416667
7508,,7,1,5,6,1,5,6,9,0.243737,0.252905,1777.370047,0.2
2184,,11,8,11,19,8,11,19,8,0.274308,0.286666,132284.461439,0.091667
11059,,10,5,5,10,5,5,10,8,0.262398,0.273042,3209.794269,0.194444
22783,,21,1,3,4,1,3,4,7,0.293821,0.308265,27669.859546,0.166667
19073,,1,7,1,8,7,1,8,8,0.244433,0.254493,1879.710413,0.232143
6375,,5,16,15,31,16,15,31,8,0.265683,0.277414,86824.197253,0.092593
18093,,11,3,4,7,3,4,7,8,0.257601,0.268214,1441.604585,0.5
23240,,7,1,0,1,1,0,1,0,0,0,0,0
1123,,5,11,16,27,11,16,27,8,0.273114,0.286122,56356.142966,0.131054
14693,,11,8,20,28,8,20,28,8,0.279766,0.294185,124285.842098,0.152308
1703,,10,28,15,43,28,15,43,8,0.258606,0.270617,136857.158572,0.084835
389,,8,2,3,5,2,3,5,9,0.238951,0.247301,18826,0.15
16608,,10,1,2,3,1,2,3,9,0.227678,0.234823,0,0.333333
20697,,10,31,24,55,31,24,55,8,0.254822,0.265596,159000.479914,0.121564
19618,,16,14,6,20,14,6,20,8,0.250096,0.259655,62100.901189,0.055556
9047,,0,2,13,15,2,13,15,8,0.281485,0.295033,32919.139221,0.133333
951,,0,11,15,26,11,15,26,8,0.236713,0.245899,39890.569683,0.19697
3669,,0,20,12,32,20,12,32,8,0.243579,0.253118,53808.679897,0.137931
9302,,11,2,5,7,2,5,7,8,0.256937,0.268156,27792.373967,0.4
6496,,16,8,6,14,8,6,14,8,0.241597,0.251006,53844.675507,0.143939
1575,,5,14,17,31,14,17,31,8,0.256464,0.267959,120776.034922,0.101852
24278,,11,2,3,5,2,3,5,8,0.230341,0.238765,13551.648153,0.1
19127,,5,4,3,7,4,3,7,8,0.274036,0.285907,37809.543747,0.266667
16847,,7,13,21,34,13,21,34,8,0.284196,0.299153,39136.772506,0.177419
4267,,11,11,19,30,11,19,30,7,0.284871,0.29905,174482.080216,0.089744
1203,,15,9,10,19,9,10,19,8,0.24998,0.259708,114100.054639,0.071895
7635,,15,18,21,39,18,21,39,8,0.268839,0.28161,291456.625571,0.079637
22865,,11,3,2,5,3,2,5,8,0.242794,0.252738,0,0.666667
20259,,7,9,3,12,9,3,12,8,0.260911,0.271236,713.878454,0.245455
16295,,11,9,18,27,9,18,27,8,0.278396,0.292049,109982.042846,0.115
5658,,5,11,12,23,11,12,23,8,0.255469,0.266171,14958.432048,0.135714
5389,,5,26,62,88,26,62,88,8,0.303229,0.321632,400015.07863,0.105439
6065,,7,3,32,35,3,32,35,7,0.303225,0.319833,7310.31611,0.187166
13961,,7,6,22,28,6,22,28,8,0.279782,0.29383,1423.564605,0.236772
14851,,11,3,7,10,3,7,10,8,0.271875,0.284938,45164.439797,0.233333
2625,,8,10,11,21,10,11,21,8,0.262402,0.273884,127945.323488,0.090643
17264,,11,74,65,139,74,65,139,8,0.302722,0.321629,934926.462577,0.07724
13781,,7,4,0,4,4,0,4,0,0,0,0,0.25
172,,7,21,22,43,21,22,43,8,0.278335,0.292665,215262.261463,0.059233
687,,21,2,0,2,2,0,2,0,0,0,0,0
9336,,16,3,12,15,3,12,15,8,0.275956,0.288725,53881.224595,0.171429
22470,,7,5,8,13,5,8,13,8,0.272635,0.285393,95170.292651,0.102564
25670,,8,6,15,21,6,15,21,8,0.273391,0.286388,4938.50603,0.266082
9807,,7,4,9,13,4,9,13,7,0.295727,0.310949,10933.884924,0.209091
25732,,7,2,1,3,2,1,3,9,0.227249,0.234547,0,0.333333
6552,,0,8,14,22,8,14,22,8,0.277706,0.290777,80162.988714,0.090909
3433,,7,16,10,26,16,10,26,8,0.252915,0.262635,100707.496387,0.14
1026,,0,9,14,23,9,14,23,8,0.271233,0.283777,25484.411378,0.094862
25104,,7,5,0,5,5,0,5,0,0,0,0,0.25
19956,,7,3,5,8,3,5,8,9,0.224874,0.232415,11685.034151,0.267857
1548,,8,10,18,28,10,18,28,8,0.275782,0.289829,48792.951058,0.147692
21122,,5,1,3,4,1,3,4,7,0.294051,0.308593,2208.897097,0.166667
22654,,5,2,2,4,2,2,4,8,0.236033,0.244694,10400.669151,0.25
15481,,11,19,10,29,19,10,29,8,0.245953,0.256579,163255.99731,0.061254
6019,,3,1,2,3,1,2,3,9,0.2141,0.220025,6105.168399,0
1376,,7,10,21,31,10,21,31,8,0.284059,0.299045,102577.85979,0.096866
26158,,7,1,0,1,1,0,1,0,0,0,0,0
23284,,11,15,5,20,15,5,20,7,0.293693,0.308208,157013.310584,0.129167
6206,,2,4,3,7,4,3,7,8,0.244789,0.25407,26066.678293,0.166667
10166,,7,5,1,6,5,1,6,9,0.21809,0.224439,57293.11405,0
21701,,7,3,0,3,3,0,3,0,0,0,0,0.666667
15735,,8,5,7,12,5,7,12,8,0.265518,0.276422,5748.115886,0.254545
4449,,11,8,17,25,8,17,25,7,0.306253,0.323118,35818.866209,0.243083
26382,,8,1,1,2,1,1,2,9,0.224764,0.231974,0,0.5
26348,,11,2,0,2,2,0,2,0,0,0,0,1
26452,,7,1,0,1,1,0,1,0,0,0,0,0
26459,,9,4,0,4,4,0,4,0,0,0,0,0.083333
16179,,7,12,28,40,12,28,40,7,0.293583,0.308903,15197.990905,0.210526
10878,,9,32,13,45,32,13,45,8,0.273566,0.286343,286387.466645,0.073643
23825,,7,3,1,4,3,1,4,9,0.223927,0.230697,261.681328,0.333333
26532,,7,7,3,10,7,3,10,8,0.250193,0.26015,71392.645191,0.25
24525,,7,8,4,12,8,4,12,8,0.270031,0.281991,41077.330529,0.118182
26773,,7,4,8,12,4,8,12,8,0.26864,0.280735,824.88467,0.309091
26955,,7,1,0,1,1,0,1,0,0,0,0,0
16325,,16,14,23,37,14,23,37,7,0.305508,0.322217,204031.517405,0.123886
2342,,7,5,4,9,5,4,9,8,0.26498,0.276255,253.671254,0.347222
24802,,7,1,2,3,1,2,3,8,0.271061,0.283036,0,0.833333
1660,,0,24,36,60,24,36,60,7,0.309302,0.327162,525016.428735,0.042208
2167,,11,29,23,52,29,23,52,8,0.262804,0.275713,329494.230028,0.06866
8351,,16,9,7,16,9,7,16,8,0.266827,0.278126,42422.598768,0.21978
27283,,21,3,0,3,3,0,3,0,0,0,0,0.5
27315,,7,1,0,1,1,0,1,0,0,0,0,0
6092,,8,8,6,14,8,6,14,8,0.274784,0.288012,12818.870672,0.236364
8449,,8,4,3,7,4,3,7,9,0.234484,0.242354,879.135544,0.095238
2086,,10,37,37,74,37,37,74,8,0.293583,0.309603,454419.186442,0.063748
21363,,7,5,1,6,5,1,6,9,0.232871,0.240708,85.60929,0.3
27693,,7,1,0,1,1,0,1,0,0,0,0,0
27752,,7,1,0,1,1,0,1,0,0,0,0,0
16402,,7,1,1,2,1,1,2,9,0.207607,0.212851,0,0.5
9939,,7,9,14,23,9,14,23,8,0.280977,0.295737,74932.317219,0.197619
5018,,7,23,35,58,23,35,58,8,0.295185,0.311026,128421.028768,0.143771
11501,,7,8,4,12,8,4,12,8,0.251456,0.260459,39793.59784,0.143939
11647,,11,5,2,7,5,2,7,9,0.219443,0.226012,271.548283,0.119048
12704,,5,7,5,12,7,5,12,8,0.257319,0.268073,49531.653323,0.19697
7636,,5,4,7,11,4,7,11,8,0.260947,0.272348,6569.71772,0.233333
28160,,7,1,0,1,1,0,1,0,0,0,0,0
7194,,0,6,12,18,6,12,18,8,0.270244,0.282547,51598.050788,0.036765
24172,,7,8,2,10,8,2,10,8,0.252146,0.261641,19079.165855,0.166667
12012,,5,7,1,8,7,1,8,9,0.219195,0.22523,18847.980317,0.160714
28605,,7,1,0,1,1,0,1,0,0,0,0,0
2902,,1,3,4,7,3,4,7,9,0.212836,0.21843,26032.149262,0.142857
28683,,7,1,0,1,1,0,1,0,0,0,0,0
24423,,7,20,21,41,20,21,41,8,0.281338,0.295699,51300.876178,0.22437
26654,,7,5,3,8,5,3,8,8,0.244462,0.253362,88.511605,0.366667
28797,,7,10,36,46,10,36,46,7,0.292338,0.308814,65890.087778,0.170732
17465,,11,5,10,15,5,10,15,8,0.25872,0.270499,91117.01335,0.166667
11290,,24,9,15,24,9,15,24,8,0.268943,0.281433,215544.467377,0.130435
6904,,21,8,0,8,8,0,8,0,0,0,0,0.071429
13149,,0,4,1,5,4,1,5,9,0.209385,0.215066,2963.469442,0.05
29128,,7,6,1,7,6,1,7,1,1,1,25977,0.119048
8604,,8,2,2,4,2,2,4,9,0.227923,0.235169,472.957426,0.333333
8094,,8,4,4,8,4,4,8,9,0.228938,0.236398,1653.864543,0.466667
7465,,2,9,5,14,9,5,14,8,0.264574,0.276557,58159.415961,0.108974
6594,,11,6,2,8,6,2,8,9,0.216321,0.222409,38597.753814,0.02381
27475,,16,9,5,14,9,5,14,9,0.238428,0.246971,77514.629059,0.159091
3121,,8,10,5,15,10,5,15,9,0.230796,0.239349,6649.783186,0.173077
29334,,7,3,0,3,3,0,3,0,0,0,0,0.5
29605,,7,1,0,1,1,0,1,0,0,0,0,0
6981,,0,13,9,22,13,9,22,8,0.252529,0.26288,38320.488865,0.07619
17238,,7,9,0,9,9,0,9,0,0,0,0,0.263889
2730,,16,41,43,84,41,43,84,8,0.292284,0.308594,809157.69279,0.041408
6582,,7,8,4,12,8,4,12,8,0.251637,0.262089,84678.360704,0.054545
16531,,7,12,14,26,12,14,26,8,0.257912,0.269277,148100.458901,0.13834
3233,,0,17,9,26,17,9,26,8,0.245684,0.255142,81195.388963,0.12619
2813,,8,8,5,13,8,5,13,8,0.24652,0.256231,20976.798857,0.190909
2588,,5,10,11,21,10,11,21,8,0.254584,0.265192,40374.998645,0.127451
15700,,8,4,9,13,4,9,13,8,0.279231,0.293176,57601.009645,0.318182
5402,,24,3,0,3,3,0,3,0,0,0,0,0.166667
30534,,7,1,0,1,1,0,1,0,0,0,0,0
7772,,5,7,11,18,7,11,18,8,0.256607,0.267501,19985.859025,0.117647
28977,,11,8,12,20,8,12,20,8,0.243806,0.252683,113439.649852,0.125
17668,,11,1,1,2,1,1,2,8,0.236737,0.244308,0,1
3748,,0,7,8,15,7,8,15,9,0.235014,0.242744,110001.88441,0.068182
8773,,8,27,27,54,27,27,54,8,0.272186,0.286107,405123.898674,0.070588
8900,,0,1,6,7,1,6,7,8,0.23421,0.243116,26134.402164,0.357143
24132,,7,26,34,60,26,34,60,7,0.306174,0.323138,124583.679495,0.140271
28187,,8,9,8,17,9,8,17,8,0.267282,0.279019,86545.766386,0.22381
20937,,8,2,5,7,2,5,7,8,0.281843,0.294852,35.956709,0.642857
24871,,11,17,19,36,17,19,36,8,0.243841,0.254192,246001.703753,0.067734
15648,,152,3,6,9,3,6,9,9,0.219861,0.226714,180476.850796,0.071429
15712,,8,2,0,2,2,0,2,0,0,0,0,0
3732,,15,3,1,4,3,1,4,10,0.174695,0.178001,1673.86705,0.5
794,,7,9,7,16,9,7,16,8,0.264693,0.275903,11976.163333,0.186813
12920,,7,2,3,5,2,3,5,8,0.279903,0.293472,0,0.75
31461,,7,1,0,1,1,0,1,0,0,0,0,0
20414,,2,3,6,9,3,6,9,8,0.269806,0.281794,36251.160896,0.107143
17762,,7,5,1,6,5,1,6,8,0.262753,0.273463,12782.559776,0.3
31523,,12,5,1,6,5,1,6,10,0.193268,0.197384,51942.5,0.25
31038,,7,21,13,34,21,13,34,8,0.289484,0.304358,92220.509152,0.193548
30101,,11,26,0,26,26,0,26,0,0,0,0,0.035385
28271,,7,8,4,12,8,4,12,9,0.229016,0.237214,26880.462766,0.227273
4925,,7,5,5,10,5,5,10,8,0.264518,0.275593,1162.498406,0.244444
23512,,8,25,0,25,25,0,25,0,0,0,0,0.101667
31890,,7,1,0,1,1,0,1,0,0,0,0,0
22749,,7,3,0,3,3,0,3,0,0,0,0,0.833333
634,,0,16,14,30,16,14,30,8,0.271911,0.284878,274441.990339,0.075385
24913,,7,6,9,15,6,9,15,8,0.278014,0.291342,17904.322794,0.271429
4483,,7,15,21,36,15,21,36,7,0.306149,0.322732,403468.242154,0.065591
25030,,15,2,0,2,2,0,2,0,0,0,0,0.5
25029,,15,3,1,4,3,1,4,1,1,1,90.443695,0.083333
3638,,15,20,17,37,20,17,37,8,0.293826,0.309472,235724.077493,0.107843
7464,,2,2,1,3,2,1,3,9,0.209222,0.214924,0,0.5
14582,,7,2,0,2,2,0,2,0,0,0,0,0.5
16989,,7,5,6,11,5,6,11,8,0.267483,0.27927,45385.092187,0.311111
773,,8,4,8,12,4,8,12,8,0.266714,0.278398,34137.669095,0.181818
5968,,10,15,8,23,15,8,23,8,0.245376,0.255061,91895.884858,0.094771
3737,,21,5,0,5,5,0,5,0,0,0,0,0.15
32880,,7,1,0,1,1,0,1,0,0,0,0,0
22175,,21,6,0,6,6,0,6,0,0,0,0,0.066667
1384,,7,2,4,6,2,4,6,8,0.243139,0.250802,4581.552155,0.433333
8439,,5,29,38,67,29,38,67,7,0.299106,0.315098,943413.454629,0.021751
7201,,16,8,2,10,8,2,10,1,1,1,39982.155035,0.055556
32961,,8,2,2,4,2,2,4,9,0.220473,0.226999,25973,0.166667
15747,,7,37,28,65,37,28,65,7,0.290001,0.305523,299884.248499,0.145082
5295,,7,4,9,13,4,9,13,8,0.268851,0.281041,133264.635207,0.121795
28163,,10,10,4,14,10,4,14,8,0.267929,0.280016,21018.700483,0.237179
14520,,5,11,12,23,11,12,23,8,0.271581,0.284241,103309.208944,0.126316
33269,,5,4,0,4,4,0,4,0,0,0,0,0.166667
24970,,5,11,14,25,11,14,25,8,0.264477,0.27626,239407.674641,0.097619
33348,,7,1,0,1,1,0,1,0,0,0,0,0
33349,,7,1,0,1,1,0,1,0,0,0,0,0
33350,,7,3,0,3,3,0,3,0,0,0,0,0.666667
30880,,7,1,3,4,1,3,4,8,0.246352,0.255124,4617.246871,0.25
28227,,10,3,1,4,3,1,4,9,0.228017,0.23546,0,0.5
11935,,8,2,5,7,2,5,7,8,0.250429,0.259395,96748,0.214286
33483,,7,2,0,2,2,0,2,0,0,0,0,1
32321,,7,5,10,15,5,10,15,8,0.264536,0.276503,1379.925648,0.32967
31899,,7,6,4,10,6,4,10,8,0.2807,0.293793,33238.659116,0.388889
31827,,7,9,20,29,9,20,29,8,0.268005,0.280342,46537.930735,0.170635
14827,,7,8,17,25,8,17,25,8,0.278076,0.29134,64854.657668,0.126812
32327,,7,1,1,2,1,1,2,8,0.270885,0.283337,0,1
33304,,7,6,2,8,6,2,8,8,0.257714,0.26798,45091.029337,0.303571
33637,,7,1,1,2,1,1,2,9,0.209985,0.215393,0,0.5
32638,,7,2,3,5,2,3,5,9,0.221958,0.228985,78050.418596,0.15
33785,,7,2,2,4,2,2,4,7,0.29356,0.307988,0,1
2178,,0,5,7,12,5,7,12,8,0.267335,0.27951,23875.143652,0.159091
33642,,2,2,0,2,2,0,2,0,0,0,0,0
27530,,7,3,3,6,3,3,6,9,0.220991,0.227776,58702.513008,0.3
29082,,11,2,6,8,2,6,8,8,0.271495,0.284405,4259.259474,0.482143
4898,,16,5,3,8,5,3,8,9,0.222487,0.228957,67658.210639,0.066667
31443,,7,2,1,3,2,1,3,9,0.228843,0.235795,0,0.5
10269,,24,3,5,8,3,5,8,8,0.267906,0.280181,25990.238659,0.380952
828,,2,18,14,32,18,14,32,8,0.268421,0.281205,349701.743594,0.085
23982,,11,2,3,5,2,3,5,8,0.24613,0.255135,27016.965853,0.333333
21123,,15,3,2,5,3,2,5,8,0.226239,0.233166,253.496172,0.15
19632,,10,5,7,12,5,7,12,8,0.260528,0.271609,39713.958884,0.2
5058,,8,7,10,17,7,10,17,8,0.253826,0.263716,41988.20623,0.166667
9350,,8,8,5,13,8,5,13,9,0.213333,0.219549,55706.207661,0.136364
34442,,24,2,1,3,2,1,3,8,0.223743,0.230843,0,0.5
31364,,8,3,3,6,3,3,6,8,0.229417,0.236244,569.613374,0.25
34545,,7,1,1,2,1,1,2,8,0.248788,0.258412,0,1
2900,,7,2,0,2,2,0,2,0,0,0,0,0.5
34617,,7,1,0,1,1,0,1,0,0,0,0,0
7138,,7,6,9,15,6,9,15,8,0.25105,0.260524,119751.106186,0.093407
15428,,16,6,4,10,6,4,10,8,0.23614,0.244629,1393.735293,0.196429
23120,,7,6,13,19,6,13,19,8,0.278289,0.291856,144324.073014,0.158088
10160,,11,10,8,18,10,8,18,8,0.262749,0.274417,154940.582838,0.025735
5252,,8,4,4,8,4,4,8,8,0.247857,0.256973,43314.016557,0.190476
20842,,7,3,7,10,3,7,10,8,0.273332,0.285898,71.011458,0.444444
21875,,7,3,0,3,3,0,3,0,0,0,0,0.166667
13247,,7,12,1,13,12,1,13,9,0.2097,0.215028,18946.845931,0.083333
34779,,10,2,0,2,2,0,2,0,0,0,0,0
27761,,11,6,6,12,6,6,12,8,0.248942,0.259491,1611.089012,0.25
34982,,5,5,12,17,5,12,17,8,0.244748,0.254357,78480.09261,0.029167
25161,,7,9,12,21,9,12,21,8,0.260056,0.271117,37655.393068,0.176316
35107,,11,5,4,9,5,4,9,8,0.244859,0.253148,26948.080247,0.125
18564,,24,34,13,47,34,13,47,8,0.253252,0.2635,112249.555079,0.165433
4567,,2,4,6,10,4,6,10,9,0.226527,0.233624,23215.367448,0.244444
1394,,8,7,9,16,7,9,16,8,0.2888,0.303361,69212.09189,0.2125
34644,,7,2,4,6,2,4,6,8,0.248308,0.257833,8.651223,0.266667
3968,,8,5,11,16,5,11,16,8,0.263932,0.276527,103882.38398,0.147619
4839,,8,10,12,22,10,12,22,8,0.25281,0.26316,120550.150764,0.130719
35306,,7,3,0,3,3,0,3,0,0,0,0,1
35307,,7,3,0,3,3,0,3,0,0,0,0,1
35328,,7,1,0,1,1,0,1,0,0,0,0,0
15727,,11,6,4,10,6,4,10,8,0.234073,0.241136,48492.52696,0.055556
34439,,16,2,2,4,2,2,4,9,0.216068,0.222294,6804.060047,0.166667
35178,,0,1,3,4,1,3,4,9,0.223837,0.231419,179.462163,0.666667
3742,,0,12,18,30,12,18,30,8,0.242098,0.251756,55411.539258,0.135385
33872,,8,3,3,6,3,3,6,8,0.252593,0.262779,784.460996,0.266667
34618,,8,3,0,3,3,0,3,0,0,0,0,0.166667
1093,,8,22,24,46,22,24,46,8,0.281031,0.295814,345726.084055,0.080288
29126,,7,2,1,3,2,1,3,9,0.200064,0.204366,0,0.666667
5932,,7,7,7,14,7,7,14,8,0.234621,0.242898,105204.85424,0.115385
7748,,7,2,0,2,2,0,2,0,0,0,0,0
5472,,16,15,12,27,15,12,27,8,0.282894,0.296675,56591.830916,0.143116
31954,,7,5,1,6,5,1,6,8,0.261472,0.272564,41.69357,0.566667
357,,6,1,0,1,1,0,1,0,0,0,0,0
1021,,6,2,4,6,2,4,6,8,0.247476,0.256929,469.97024,0.35
953,,6,15,28,43,15,28,43,8,0.263899,0.277204,208397.138508,0.090327
2144,,6,2,0,2,2,0,2,0,0,0,0,1
3299,,7,7,6,13,7,6,13,8,0.274284,0.287179,39614.510898,0.128205
1569,,6,3,3,6,3,3,6,8,0.251523,0.261723,663.889064,0.25
4323,,6,1,0,1,1,0,1,0,0,0,0,0
4751,,7,2,2,4,2,2,4,9,0.204107,0.209197,788.874521,0
2237,,15,15,17,32,15,17,32,8,0.286057,0.300079,151942.783458,0.070106
5067,,13,6,10,16,6,10,16,8,0.247512,0.256828,85217.314025,0.038095
5171,,6,1,0,1,1,0,1,0,0,0,0,0
5184,,10,6,0,6,6,0,6,0,0,0,0,0.066667
5712,,6,1,0,1,1,0,1,0,0,0,0,0
7044,,6,1,0,1,1,0,1,0,0,0,0,0
7576,,6,1,0,1,1,0,1,0,0,0,0,0
7733,,5,2,3,5,2,3,5,8,0.240766,0.248891,933.011494,0.05
8322,,6,2,1,3,2,1,3,9,0.207887,0.213396,1145.019577,0.333333
8560,,6,1,0,1,1,0,1,0,0,0,0,0
8600,,6,2,2,4,2,2,4,8,0.247926,0.257571,0,1
3038,,6,2,3,5,2,3,5,8,0.25347,0.263406,393.715826,0.333333
3756,,6,2,2,4,2,2,4,8,0.247564,0.257027,0,1
9720,,6,2,0,2,2,0,2,0,0,0,0,0.5
9861,,6,6,2,8,6,2,8,1,1,1,27685.91424,0.166667
2163,,10,5,12,17,5,12,17,8,0.273757,0.286502,56534.866231,0.1625
694,,5,4,6,10,4,6,10,8,0.250916,0.260887,15107.544002,0.125
10477,,6,6,3,9,6,3,9,8,0.249374,0.259238,5.882712,0.595238
5175,,6,1,1,2,1,1,2,8,0.256147,0.266926,0,1
5108,,6,10,26,36,10,26,36,8,0.289275,0.304765,173099.56825,0.107955
1812,,6,4,4,8,4,4,8,8,0.249784,0.260752,37306.272665,0.2
4647,,6,2,1,3,2,1,3,8,0.247388,0.256723,147.737027,0
11523,,6,1,0,1,1,0,1,0,0,0,0,0
1029,,0,10,11,21,10,11,21,8,0.260871,0.272989,97829.830434,0.05
11442,,0,3,7,10,3,7,10,8,0.254808,0.265738,10773.412001,0.069444
1011,,6,6,9,15,6,9,15,8,0.253569,0.264243,7222.871902,0.179487
12275,,6,2,0,2,2,0,2,0,0,0,0,0.5
13193,,6,3,2,5,3,2,5,8,0.255729,0.266673,1571.474646,0.083333
5940,,10,11,8,19,11,8,19,8,0.242531,0.252204,140940.613863,0.040441
13772,,6,1,0,1,1,0,1,0,0,0,0,0
14794,,6,1,0,1,1,0,1,0,0,0,0,0
15129,,8,2,2,4,2,2,4,8,0.226301,0.233496,1280.215426,0.416667
7023,,6,1,1,2,1,1,2,8,0.247388,0.256723,0,0
16597,,6,4,0,4,4,0,4,0,0,0,0,0.583333
17206,,6,2,1,3,2,1,3,8,0.247388,0.256723,0,1
14092,,11,3,0,3,3,0,3,0,0,0,0,0.166667
17862,,7,3,0,3,3,0,3,0,0,0,0,0.333333
18833,,6,2,0,2,2,0,2,0,0,0,0,1
18943,,6,1,0,1,1,0,1,0,0,0,0,0
19573,,6,1,0,1,1,0,1,0,0,0,0,0
16701,,10,8,7,15,8,7,15,8,0.227987,0.235983,88419.948994,0.082418
22265,,6,1,0,1,1,0,1,0,0,0,0,0
22704,,6,1,0,1,1,0,1,0,0,0,0,0
20902,,6,1,1,2,1,1,2,8,0.247388,0.256723,0,0
4646,,6,1,1,2,1,1,2,8,0.247388,0.256723,0,0
19554,,6,3,4,7,3,4,7,8,0.24916,0.258956,52365.928724,0.2
32795,,6,1,0,1,1,0,1,0,0,0,0,0
13548,,9,3,2,5,3,2,5,10,0.164897,0.168056,5430.293452,0
19901,,6,4,3,7,4,3,7,8,0.268406,0.279859,1055.457584,0.166667
32314,,6,1,1,2,1,1,2,8,0.247388,0.256723,0,0
1705,,6,4,1,5,4,1,5,8,0.247388,0.256723,0,0.583333
124,,11,7,7,14,7,7,14,8,0.262838,0.275161,46268.740813,0.24359
4041,,11,2,0,2,2,0,2,0,0,0,0,0
22387,,11,1,1,2,1,1,2,9,0.189972,0.194396,8.496425,0
125,,16,0,1,1,0,1,1,8,0.232025,0.239654,0,0
1931,,16,1,1,2,1,1,2,8,0.232019,0.23964,0,0
2538,,16,1,0,1,1,0,1,0,0,0,0,0
3073,,8,4,14,18,4,14,18,8,0.279891,0.294281,61494.979252,0.2
4251,,1,13,6,19,13,6,19,8,0.265323,0.27658,102715.944957,0.036765
4252,,16,1,0,1,1,0,1,0,0,0,0,0
4581,,16,1,0,1,1,0,1,0,0,0,0,0
1229,,16,3,6,9,3,6,9,8,0.232044,0.239808,83692.830626,0.047619
3267,,16,4,3,7,4,3,7,8,0.232036,0.239729,6665.830151,0.2
6051,,16,4,1,5,4,1,5,8,0.232019,0.23964,18826,0.333333
6174,,16,2,1,3,2,1,3,8,0.232019,0.23964,0,0.5
12984,,16,1,1,2,1,1,2,8,0.232019,0.23964,0,0
15357,,16,1,0,1,1,0,1,0,0,0,0,0
15358,,16,1,0,1,1,0,1,0,0,0,0,0
2221,,16,3,21,24,3,21,24,8,0.256772,0.267541,293942.514085,0.032468
16426,,16,2,0,2,2,0,2,0,0,0,0,1
20289,,16,1,1,2,1,1,2,8,0.232019,0.23964,0,0
22450,,16,1,1,2,1,1,2,8,0.232019,0.23964,0,0
22469,,16,1,0,1,1,0,1,0,0,0,0,0
25993,,16,1,0,1,1,0,1,0,0,0,0,0
11950,,8,7,4,11,7,4,11,8,0.265476,0.276937,21698.089179,0.1
17706,,16,1,1,2,1,1,2,8,0.232019,0.23964,0,0
30535,,16,2,0,2,2,0,2,0,0,0,0,1
8732,,11,4,5,9,4,5,9,8,0.266835,0.278697,474.970565,0.357143
7252,,16,1,1,2,1,1,2,1,1,1,25976,0
6259,,16,18,21,39,18,21,39,8,0.287705,0.303537,320563.34876,0.095644
35698,,16,1,0,1,1,0,1,0,0,0,0,0
128,,0,6,5,11,6,5,11,8,0.264366,0.275526,94530.03131,0.166667
1169,,0,1,3,4,1,3,4,8,0.23707,0.244876,0,1
1633,,0,11,8,19,11,8,19,8,0.237097,0.24504,126259.803358,0.12381
2656,,0,3,1,4,3,1,4,9,0.22478,0.232388,0,1
6159,,0,5,4,9,5,4,9,8,0.264373,0.275521,3935.98177,0.309524
6678,,0,1,0,1,1,0,1,0,0,0,0,0
6779,,0,1,0,1,1,0,1,0,0,0,0,0
7183,,0,1,1,2,1,1,2,9,0.22478,0.232388,0,0
7745,,0,1,1,2,1,1,2,9,0.22478,0.232388,0,0
4960,,0,3,4,7,3,4,7,9,0.224788,0.232468,1,0.75
8156,,0,3,3,6,3,3,6,9,0.226511,0.234535,126.833781,0.6
6096,,0,2,3,5,2,3,5,9,0.224799,0.232481,2945.95593,0.333333
8631,,0,3,2,5,3,2,5,9,0.224783,0.232414,1701.515508,0.333333
4026,,0,4,3,7,4,3,7,8,0.237064,0.244863,2698.767344,0.233333
9021,,0,3,5,8,3,5,8,8,0.237085,0.244951,1.956349,0.666667
9095,,0,2,15,17,2,15,17,8,0.275528,0.288794,10642.083585,0.104167
9477,,0,1,0,1,1,0,1,0,0,0,0,0
9498,,0,1,0,1,1,0,1,0,0,0,0,0
8333,,0,1,1,2,1,1,2,9,0.22478,0.232388,0,0
11253,,0,1,2,3,1,2,3,9,0.224783,0.232414,0,1
11811,,0,3,0,3,3,0,3,0,0,0,0,0.666667
12247,,0,2,1,3,2,1,3,10,0.183532,0.187583,25974,0.5
9868,,0,3,5,8,3,5,8,8,0.238503,0.24651,541.349927,0.4
8252,,0,4,8,12,4,8,12,9,0.234855,0.243439,27140.449099,0.208333
12522,,0,1,0,1,1,0,1,0,0,0,0,0
12556,,0,1,0,1,1,0,1,0,0,0,0,0
12709,,0,4,3,7,4,3,7,8,0.23707,0.244876,0,0.916667
13101,,0,1,1,2,1,1,2,9,0.22478,0.232388,0,0
12199,,0,4,5,9,4,5,9,8,0.237067,0.244907,9342.669684,0.309524
14062,,0,4,3,7,4,3,7,8,0.237061,0.244854,428.689039,0.65
16458,,0,1,0,1,1,0,1,0,0,0,0,0
17725,,0,1,0,1,1,0,1,0,0,0,0,0
18843,,8,5,1,6,5,1,6,9,0.21125,0.216722,19777.962722,0
14159,,0,3,1,4,3,1,4,9,0.191658,0.195731,0,1
21775,,0,2,3,5,2,3,5,9,0.224912,0.23262,0,0.833333
22881,,0,2,4,6,2,4,6,8,0.23719,0.245048,11.950756,0.75
25299,,0,1,0,1,1,0,1,0,0,0,0,0
3491,,0,1,1,2,1,1,2,9,0.209092,0.21442,0,0
13564,,0,1,2,3,1,2,3,9,0.224788,0.232432,0,1
129,,11,1,6,7,1,6,7,8,0.278557,0.291968,6797.152747,0.333333
4681,,6,3,0,3,3,0,3,0,0,0,0,0.666667
2911,,6,2,5,7,2,5,7,9,0.219479,0.225851,5106.514637,0.15
8208,,16,2,1,3,2,1,3,9,0.219287,0.225519,0,1
9721,,16,15,15,30,15,15,30,9,0.248508,0.259315,132394.508805,0.052308
19523,,16,1,0,1,1,0,1,0,0,0,0,0
23335,,16,1,1,2,1,1,2,9,0.219287,0.225519,0,0
23815,,16,1,1,2,1,1,2,9,0.219287,0.225519,0,0
14789,,16,1,1,2,1,1,2,9,0.219287,0.225519,0,0
21411,,16,2,0,2,2,0,2,0,0,0,0,0.5
23470,,16,2,2,4,2,2,4,9,0.219289,0.225545,18826,0.333333
29235,,16,2,0,2,2,0,2,0,0,0,0,0
29431,,16,2,3,5,2,3,5,8,0.231519,0.239386,3440.624108,0.166667
32760,,16,1,1,2,1,1,2,9,0.219287,0.225519,0,0
33152,,16,1,0,1,1,0,1,0,0,0,0,0
33190,,16,2,1,3,2,1,3,9,0.219287,0.225519,18826,0
2970,,16,14,15,29,14,15,29,8,0.278314,0.291385,291391.29952,0.08658
34926,,16,10,13,23,10,13,23,8,0.258368,0.26933,72448.889939,0.038095
131,,12,0,1,1,0,1,1,8,0.234438,0.242011,0,0
132,,10,2,4,6,2,4,6,8,0.275218,0.2881,13397.526596,0.2
9701,,10,12,6,18,12,6,18,9,0.231371,0.239896,97268.145156,0.021978
1281,,8,23,23,46,23,23,46,7,0.288159,0.303558,390587.379471,0.08141
542,,1,5,0,5,5,0,5,0,0,0,0,0.1
3436,,11,6,8,14,6,8,14,8,0.261719,0.27325,35224.273519,0.128205
5771,,0,28,16,44,28,16,44,8,0.263621,0.27556,25525.717081,0.320076
1719,,16,18,16,34,18,16,34,8,0.285346,0.300687,64708.259163,0.167339
31409,,8,1,1,2,1,1,2,9,0.231862,0.240182,0,0
31421,,8,1,1,2,1,1,2,9,0.231862,0.240182,0,0
398,,8,3,5,8,3,5,8,8,0.264533,0.276388,2439.705417,0.178571
5324,,7,2,4,6,2,4,6,9,0.243086,0.252,893.969247,0.166667
8336,,7,1,0,1,1,0,1,0,0,0,0,0
9343,,7,1,0,1,1,0,1,0,0,0,0,0
11399,,10,3,8,11,3,8,11,8,0.266276,0.277725,19876.725407,0.172727
2716,,7,4,5,9,4,5,9,8,0.252451,0.262107,698.948076,0.166667
2934,,11,12,4,16,12,4,16,8,0.276442,0.288997,62465.965905,0.12381
6042,,7,7,0,7,7,0,7,0,0,0,0,0.190476
5356,,10,11,8,19,11,8,19,8,0.272327,0.285296,55726.619091,0.120915
14260,,7,1,0,1,1,0,1,0,0,0,0,0
14407,,7,1,0,1,1,0,1,0,0,0,0,0
6733,,7,4,1,5,4,1,5,8,0.248322,0.25719,368.345245,0.15
11527,,8,1,3,4,1,3,4,8,0.266427,0.277828,51.389242,0.416667
3246,,16,14,14,28,14,14,28,8,0.272387,0.284944,187282.915455,0.061265
15412,,7,1,0,1,1,0,1,0,0,0,0,0
15675,,7,4,0,4,4,0,4,0,0,0,0,0.083333
5090,,11,21,19,40,21,19,40,7,0.301979,0.318282,270004.708699,0.070588
15314,,11,31,17,48,31,17,48,8,0.262607,0.275541,174408.259779,0.115385
17369,,7,1,0,1,1,0,1,0,0,0,0,0
17741,,0,10,11,21,10,11,21,8,0.244716,0.25522,433807.567333,0.133333
18114,,7,1,0,1,1,0,1,0,0,0,0,0
12613,,2,3,1,4,3,1,4,8,0.261476,0.272569,12.491764,0.166667
18383,,7,1,0,1,1,0,1,0,0,0,0,0
7466,,8,1,3,4,1,3,4,8,0.261146,0.271569,0,0.333333
12031,,7,3,2,5,3,2,5,9,0.199225,0.2039,5241.964111,0.05
929,,10,10,24,34,10,24,34,8,0.280989,0.295771,46587.881902,0.152218
18846,,8,2,0,2,2,0,2,0,0,0,0,0
3647,,16,7,9,16,7,9,16,8,0.265994,0.277569,46012.842624,0.095833
19084,,7,1,0,1,1,0,1,0,0,0,0,0
11797,,16,7,6,13,7,6,13,8,0.243999,0.253935,125638.674787,0.05303
19854,,7,1,0,1,1,0,1,0,0,0,0,0
2426,,16,10,7,17,10,7,17,8,0.244072,0.252558,192930.944687,0.021978
14828,,7,18,7,25,18,7,25,8,0.263503,0.274522,238620.350645,0.037549
20400,,7,2,0,2,2,0,2,0,0,0,0,0.5
3468,,1,3,0,3,3,0,3,0,0,0,0,0
265,,11,4,2,6,4,2,6,8,0.240391,0.248239,60.579308,0.416667
14345,,8,1,4,5,1,4,5,8,0.254004,0.265393,757.913886,0.15
14140,,21,4,0,4,4,0,4,0,0,0,0,0
18396,,7,2,2,4,2,2,4,8,0.253044,0.262915,18853.05874,0.166667
4596,,8,6,2,8,6,2,8,8,0.244446,0.252827,19131.579823,0.095238
20063,,7,3,5,8,3,5,8,8,0.269632,0.281992,3865.463127,0.178571
5145,,11,16,15,31,16,15,31,7,0.277069,0.291001,122072.909317,0.091168
8109,,10,28,29,57,28,29,57,8,0.286872,0.302221,188176.226281,0.121256
21819,,7,1,0,1,1,0,1,0,0,0,0,0
22005,,7,1,0,1,1,0,1,0,0,0,0,0
22099,,7,1,0,1,1,0,1,0,0,0,0,0
3148,,16,8,17,25,8,17,25,7,0.285109,0.30011,59069.495979,0.164032
14717,,11,16,21,37,16,21,37,8,0.285706,0.300613,237793.437017,0.09916
3179,,7,4,4,8,4,4,8,9,0.214534,0.220542,26060.565477,0.035714
13483,,11,6,6,12,6,6,12,8,0.241836,0.251851,48159.053638,0.109091
22765,,7,1,0,1,1,0,1,0,0,0,0,0
22810,,7,1,0,1,1,0,1,0,0,0,0,0
16899,,5,4,5,9,4,5,9,8,0.260312,0.27137,1716.116591,0.25
23073,,7,1,0,1,1,0,1,0,0,0,0,0
2565,,7,5,3,8,5,3,8,8,0.264124,0.275002,37787.100738,0.196429
3824,,8,20,20,40,20,20,40,8,0.269463,0.282279,431120.199315,0.087702
22600,,7,2,0,2,2,0,2,0,0,0,0,1
17020,,16,1,2,3,1,2,3,9,0.200796,0.206016,175.810756,0.166667
1503,,11,1,5,6,1,5,6,8,0.277155,0.291128,42.293092,0.4
20458,,7,4,0,4,4,0,4,0,0,0,0,0.166667
17413,,7,2,0,2,2,0,2,0,0,0,0,0
10173,,8,6,8,14,6,8,14,8,0.268858,0.281072,27222.089202,0.142857
18946,,7,3,0,3,3,0,3,0,0,0,0,0.333333
21938,,7,4,1,5,4,1,5,1,1,1,25976,0.25
25004,,7,1,0,1,1,0,1,0,0,0,0,0
20481,,7,2,1,3,2,1,3,2,0.666667,0.75,302.762798,0
19204,,5,6,3,9,6,3,9,8,0.271397,0.283855,59230.506805,0.119048
24334,,11,1,1,2,1,1,2,9,0.220466,0.227386,119.968155,0
21558,,2,2,0,2,2,0,2,0,0,0,0,0
19704,,11,7,16,23,7,16,23,8,0.286864,0.301335,39190.932599,0.2
10760,,7,3,14,17,3,14,17,8,0.273586,0.286338,2105.89363,0.279412
2353,,7,18,8,26,18,8,26,8,0.27365,0.286652,6871.282102,0.155
10164,,7,5,11,16,5,11,16,8,0.271018,0.283292,427.129112,0.295833
21511,,21,4,0,4,4,0,4,0,0,0,0,0.083333
25939,,10,2,0,2,2,0,2,0,0,0,0,0
19129,,1,3,0,3,3,0,3,0,0,0,0,0
5037,,8,9,6,15,9,6,15,8,0.2555,0.265188,23026.402084,0.054945
23694,,15,2,0,2,2,0,2,0,0,0,0,0
25346,,11,10,5,15,10,5,15,8,0.238234,0.248027,69002.89651,0.082418
16052,,7,2,2,4,2,2,4,8,0.244348,0.253518,22.01472,0.416667
26412,,7,1,0,1,1,0,1,0,0,0,0,0
26374,,11,10,7,17,10,7,17,9,0.238105,0.248048,4125.459716,0.401515
27313,,0,2,0,2,2,0,2,0,0,0,0,0
20472,,7,2,0,2,2,0,2,0,0,0,0,0
22222,,7,3,13,16,3,13,16,8,0.292502,0.307326,106531.565512,0.438095
27565,,7,1,0,1,1,0,1,0,0,0,0,0
908,,21,4,0,4,4,0,4,0,0,0,0,0
27747,,12,1,1,2,1,1,2,10,0.188104,0.191839,185.408029,0
1755,,24,6,3,9,6,3,9,8,0.272631,0.284326,8537.974601,0.138889
14336,,7,7,5,12,7,5,12,9,0.229052,0.237003,79423.137835,0.009091
9003,,3,4,14,18,4,14,18,8,0.269845,0.281825,39656.867333,0.179167
19626,,5,7,32,39,7,32,39,8,0.279164,0.293213,139227.311409,0.099099
28232,,7,1,0,1,1,0,1,0,0,0,0,0
25718,,11,3,9,12,3,9,12,8,0.276706,0.290268,61198.374465,0.180556
26439,,5,1,14,15,1,14,15,7,0.296193,0.311089,156189.220477,0.104762
17978,,1,3,2,5,3,2,5,8,0.262775,0.273521,317.117309,0.333333
20280,,11,7,10,17,7,10,17,8,0.27815,0.292165,48547.410357,0.075
29088,,7,1,0,1,1,0,1,0,0,0,0,0
5619,,21,7,0,7,7,0,7,0,0,0,0,0
29504,,7,1,0,1,1,0,1,0,0,0,0,0
3695,,15,5,8,13,5,8,13,8,0.242763,0.251807,45557.16873,0.174242
25432,,11,3,0,3,3,0,3,0,0,0,0,0
29139,,7,9,5,14,9,5,14,9,0.236356,0.244182,45463.161396,0.082418
25134,,7,1,1,2,1,1,2,1,1,1,25976,0
29714,,11,4,6,10,4,6,10,8,0.275238,0.288245,1328.503474,0.194444
29743,,7,1,0,1,1,0,1,0,0,0,0,0
29757,,7,1,0,1,1,0,1,0,0,0,0,0
9815,,7,6,3,9,6,3,9,9,0.218518,0.225124,21911.367515,0.083333
7919,,7,7,2,9,7,2,9,9,0.218594,0.224819,95054.593546,0.055556
28273,,13,2,1,3,2,1,3,8,0.251453,0.260348,891.734208,0
16010,,21,4,0,4,4,0,4,0,0,0,0,0.083333
30487,,7,2,0,2,2,0,2,0,0,0,0,0.5
4004,,8,2,13,15,2,13,15,8,0.258248,0.269347,1299.558924,0.257143
5328,,7,2,6,8,2,6,8,7,0.298555,0.313413,1773.225751,0.267857
5480,,8,3,13,16,3,13,16,9,0.238425,0.247516,72472.449942,0.141667
30722,,11,1,1,2,1,1,2,8,0.239858,0.247713,0,0.5
24793,,8,3,17,20,3,17,20,7,0.304047,0.319791,26887.448106,0.321053
28135,,21,3,0,3,3,0,3,0,0,0,0,0.166667
25303,,7,3,7,10,3,7,10,8,0.261236,0.272199,117.462221,0.255556
28789,,7,21,15,36,21,15,36,8,0.288282,0.30295,21013.856254,0.227586
31223,,7,4,3,7,4,3,7,8,0.255247,0.265357,737.001183,0.119048
31243,,7,1,0,1,1,0,1,0,0,0,0,0
31755,,7,1,0,1,1,0,1,0,0,0,0,0
31759,,7,1,0,1,1,0,1,0,0,0,0,0
32029,,7,1,0,1,1,0,1,0,0,0,0,0
1259,,8,16,11,27,16,11,27,8,0.274248,0.286995,125956.890115,0.055
4887,,7,7,0,7,7,0,7,0,0,0,0,0.214286
17133,,7,3,0,3,3,0,3,0,0,0,0,0.166667
12718,,16,18,20,38,18,20,38,8,0.259276,0.271186,222902.669808,0.064706
32550,,7,1,0,1,1,0,1,0,0,0,0,0
32709,,7,1,0,1,1,0,1,0,0,0,0,0
21234,,24,2,2,4,2,2,4,9,0.21375,0.220007,154.216881,0.333333
32737,,7,1,0,1,1,0,1,0,0,0,0,0
32501,,7,2,0,2,2,0,2,0,0,0,0,0
7956,,8,1,3,4,1,3,4,8,0.263076,0.273964,22.52989,0.5
3544,,15,7,12,19,7,12,19,8,0.267107,0.279052,92825.227664,0.113971
33404,,7,1,0,1,1,0,1,0,0,0,0,0
34039,,7,1,0,1,1,0,1,0,0,0,0,0
34145,,7,1,0,1,1,0,1,0,0,0,0,0
34317,,7,1,0,1,1,0,1,0,0,0,0,0
34342,,7,2,1,3,2,1,3,8,0.271131,0.283482,18826,0
2744,,5,9,5,14,9,5,14,9,0.239513,0.248551,23644.606618,0.141026
29150,,7,6,0,6,6,0,6,0,0,0,0,0.033333
3494,,7,19,25,44,19,25,44,8,0.281367,0.29651,184818.45429,0.09878
33346,,16,11,10,21,11,10,21,8,0.275613,0.289061,72505.834503,0.178363
3343,,8,6,41,47,6,41,47,7,0.313057,0.331307,52973.124006,0.147826
15999,,1,3,3,6,3,3,6,8,0.244367,0.253116,8675.266764,0.133333
3109,,21,14,0,14,14,0,14,0,0,0,0,0.065934
35570,,7,1,0,1,1,0,1,0,0,0,0,0
137,,8,1,2,3,1,2,3,8,0.262797,0.27356,0,0.5
140,,8,9,5,14,9,5,14,8,0.239054,0.247289,6682.836368,0.185897
17646,,8,6,3,9,6,3,9,9,0.216839,0.223097,26491.853764,0.035714
2544,,8,3,4,7,3,4,7,8,0.2417,0.251181,1364.676622,0.309524
3193,,11,1,1,2,1,1,2,8,0.236531,0.245945,0,1
5477,,11,2,0,2,2,0,2,0,0,0,0,1
6573,,11,1,1,2,1,1,2,9,0.223324,0.229909,0,0
8437,,11,1,0,1,1,0,1,0,0,0,0,0
9666,,11,7,0,7,7,0,7,0,0,0,0,0.119048
2107,,11,17,15,32,17,15,32,8,0.268567,0.281154,86290.97939,0.049858
8875,,11,2,1,3,2,1,3,9,0.223324,0.229909,0,0.5
5500,,11,1,1,2,1,1,2,9,0.223324,0.229909,0,0
4240,,11,5,5,10,5,5,10,8,0.248765,0.259613,28450.876033,0.214286
23421,,11,1,1,2,1,1,2,9,0.202648,0.208356,17.604907,0.5
17655,,11,3,3,6,3,3,6,9,0.227824,0.236169,10190.820349,0.166667
2822,,8,2,4,6,2,4,6,9,0.223714,0.230862,33884.816186,0.3
5912,,8,2,0,2,2,0,2,0,0,0,0,1
1800,,8,21,19,40,21,19,40,8,0.267883,0.280408,149216.826518,0.1
229,,8,3,10,13,3,10,13,8,0.265656,0.277194,52500.195868,0.185897
10793,,8,3,4,7,3,4,7,8,0.26361,0.274662,775.322979,0.52381
13189,,8,9,7,16,9,7,16,8,0.275734,0.28873,83383.717631,0.211538
15226,,8,1,0,1,1,0,1,0,0,0,0,0
22451,,8,2,0,2,2,0,2,0,0,0,0,0
23805,,8,1,0,1,1,0,1,0,0,0,0,0
24389,,8,1,1,2,1,1,2,9,0.222883,0.229821,0,0
10236,,8,6,7,13,6,7,13,8,0.263814,0.27506,37504.982251,0.344444
16549,,8,3,1,4,3,1,4,9,0.219914,0.226026,0,0.833333
9486,,5,5,8,13,5,8,13,8,0.272446,0.285403,10664.440713,0.166667
495,,5,25,57,82,25,57,82,7,0.291293,0.307277,713247.291324,0.039235
141,,8,1,189,190,1,189,190,7,0.338226,0.362472,131836.242537,0.067251
922,,1,2,0,2,2,0,2,0,0,0,0,0
1747,,8,1,0,1,1,0,1,0,0,0,0,0
2735,,0,1,1,2,1,1,2,9,0.22222,0.22909,0.66847,0
4018,,8,2,2,4,2,2,4,8,0.262771,0.27351,25975,0.166667
4453,,8,1,0,1,1,0,1,0,0,0,0,0
4613,,5,61,1,62,61,1,62,8,0.261472,0.272564,206761.377244,0.020624
574,,7,38,22,60,38,22,60,8,0.274068,0.288203,341601.262924,0.044724
2444,,8,15,20,35,15,20,35,8,0.278962,0.292257,187479.175179,0.048128
5787,,24,18,8,26,18,8,26,8,0.247952,0.257036,53326.622034,0.092391
5967,,0,2,3,5,2,3,5,9,0.222047,0.229584,145.941993,0.166667
6004,,8,2,1,3,2,1,3,9,0.238289,0.246735,0,0.333333
5395,,24,1,3,4,1,3,4,8,0.262709,0.274157,1.542939,0.416667
8484,,16,4,2,6,4,2,6,9,0.211288,0.217039,26293.449327,0.05
10174,,11,3,2,5,3,2,5,8,0.234274,0.242098,202.469746,0.2
3279,,15,9,0,9,9,0,9,0,0,0,0,0.055556
11089,,8,1,0,1,1,0,1,0,0,0,0,0
168,,2,1,0,1,1,0,1,0,0,0,0,0
1768,,2,2,2,4,2,2,4,8,0.257552,0.268725,26813.237519,0.25
4353,,2,1,1,2,1,1,2,9,0.210436,0.216032,106.214955,0
6235,,2,3,0,3,3,0,3,0,0,0,0,0.166667
1725,,0,2,4,6,2,4,6,8,0.267818,0.280177,387.298964,0.4
8318,,2,1,0,1,1,0,1,0,0,0,0,0
8319,,2,2,1,3,2,1,3,8,0.261472,0.272564,0,0.5
4626,,2,1,4,5,1,4,5,8,0.269239,0.280713,1413.866008,0.4
14421,,2,2,0,2,2,0,2,0,0,0,0,0.5
15545,,2,2,1,3,2,1,3,8,0.261472,0.272564,0,0.666667
19661,,2,1,0,1,1,0,1,0,0,0,0,0
20412,,2,1,1,2,1,1,2,1,1,1,25976,0
15451,,2,2,3,5,2,3,5,8,0.261792,0.272993,3706.967037,0.15
21522,,2,1,0,1,1,0,1,0,0,0,0,0
22365,,2,1,1,2,1,1,2,9,0.218757,0.225112,301.508154,0
25619,,2,1,0,1,1,0,1,0,0,0,0,0
17679,,24,6,2,8,6,2,8,9,0.218468,0.224922,49942.747652,0
31139,,8,3,0,3,3,0,3,0,0,0,0,0
31207,,2,2,1,3,2,1,3,9,0.207262,0.212653,240.994245,0
11300,,7,4,8,12,4,8,12,8,0.280086,0.293125,14420.159172,0.212121
23232,,11,5,0,5,5,0,5,0,0,0,0,0.15
3829,,8,7,3,10,7,3,10,8,0.265181,0.276451,22392.441515,0.125
4766,,11,4,0,4,4,0,4,0,0,0,0,0.083333
8405,,2,1,0,1,1,0,1,0,0,0,0,0
4932,,2,3,3,6,3,3,6,8,0.261494,0.272644,70772,0.1
13207,,2,1,0,1,1,0,1,0,0,0,0,0
3609,,16,5,6,11,5,6,11,8,0.26486,0.276475,3576.40394,0.291667
16484,,2,1,0,1,1,0,1,0,0,0,0,0
11206,,2,4,6,10,4,6,10,8,0.262533,0.273903,57927.619476,0.122222
9980,,2,6,8,14,6,8,14,8,0.268475,0.280756,12464.970512,0.181818
2527,,2,4,12,16,4,12,16,8,0.254612,0.265092,52305.496543,0.082418
16591,,11,4,5,9,4,5,9,8,0.248505,0.257805,27874.089238,0.089286
22738,,2,1,0,1,1,0,1,0,0,0,0,0
1738,,2,1,5,6,1,5,6,8,0.268548,0.280282,54311.323508,0.166667
8795,,2,1,1,2,1,1,2,9,0.23828,0.246719,0,0
23309,,11,9,8,17,9,8,17,9,0.246352,0.256038,131009.036662,0.065934
19749,,11,7,16,23,7,16,23,8,0.274352,0.288135,86633.070939,0.108187
9634,,2,6,3,9,6,3,9,8,0.247216,0.25593,37994.650199,0.142857
25269,,2,3,4,7,3,4,7,8,0.240357,0.248937,25993.130461,0.4
7016,,2,1,1,2,1,1,2,9,0.23828,0.246719,0,0
20985,,11,12,14,26,12,14,26,8,0.267902,0.279598,89283.341162,0.152632
27594,,2,1,0,1,1,0,1,0,0,0,0,0
14617,,2,1,1,2,1,1,2,8,0.261472,0.272564,0,1
29068,,2,1,0,1,1,0,1,0,0,0,0,0
29450,,2,1,0,1,1,0,1,0,0,0,0,0
1696,,2,3,4,7,3,4,7,8,0.276641,0.290535,54056.0278,0.366667
9224,,8,3,3,6,3,3,6,8,0.246488,0.255419,18998.074968,0.05
14707,,2,1,1,2,1,1,2,1,1,1,0,0.5
33294,,2,1,0,1,1,0,1,0,0,0,0,0
33456,,2,1,0,1,1,0,1,0,0,0,0,0
11727,,15,2,3,5,2,3,5,8,0.264221,0.275852,2478.068974,0.5
10037,,15,5,7,12,5,7,12,9,0.252403,0.262933,48481.406819,0.071429
35694,,2,1,0,1,1,0,1,0,0,0,0,0
4905,,8,1,0,1,1,0,1,0,0,0,0,0
6863,,8,1,0,1,1,0,1,0,0,0,0,0
8254,,8,1,0,1,1,0,1,0,0,0,0,0
2448,,2,2,1,3,2,1,3,8,0.261476,0.272569,18826,0.166667
10216,,8,1,1,2,1,1,2,8,0.262753,0.273463,0,1
5990,,16,15,20,35,15,20,35,8,0.272324,0.285195,389233.483325,0.077419
12870,,8,1,0,1,1,0,1,0,0,0,0,0
14996,,8,1,0,1,1,0,1,0,0,0,0,0
11129,,8,3,8,11,3,8,11,8,0.274632,0.287718,2368.812771,0.436364
10139,,7,3,5,8,3,5,8,8,0.268402,0.28035,115.872284,0.52381
11911,,8,3,2,5,3,2,5,8,0.238688,0.248194,397.844947,0.1
6362,,8,8,11,19,8,11,19,8,0.273467,0.2868,24931.095547,0.186275
18121,,1,3,5,8,3,5,8,8,0.261847,0.272601,820.667065,0.214286
9680,,7,7,13,20,7,13,20,8,0.278162,0.292271,5621.890561,0.190058
879,,11,31,26,57,31,26,57,8,0.282478,0.296289,780244.657064,0.072939
2590,,11,17,0,17,17,0,17,0,0,0,0,0.036765
17228,,11,4,3,7,4,3,7,8,0.236856,0.24561,3190.631929,0.5
15181,,8,7,1,8,7,1,8,8,0.243996,0.252843,20310.94577,0.142857
7316,,7,2,2,4,2,2,4,8,0.251305,0.26033,777.596854,0.25
24714,,8,1,0,1,1,0,1,0,0,0,0,0
11175,,2,6,12,18,6,12,18,8,0.285299,0.299295,63821.669498,0.133987
25734,,11,2,1,3,2,1,3,9,0.232955,0.241233,18864.412635,0
26705,,8,1,1,2,1,1,2,9,0.209606,0.214992,6.916162,0
7393,,11,3,2,5,3,2,5,8,0.257175,0.269014,101.442529,0.416667
27613,,8,1,0,1,1,0,1,0,0,0,0,0
8451,,8,7,8,15,7,8,15,8,0.25694,0.267432,65145.352339,0.137363
27885,,11,3,3,6,3,3,6,8,0.238361,0.246096,370.069463,0.1
22107,,11,4,6,10,4,6,10,9,0.233243,0.240785,86843.312547,0.069444
5334,,3,1,1,2,1,1,2,9,0.209786,0.215254,647.660384,0
27363,,7,3,6,9,3,6,9,7,0.296729,0.311692,1923.523833,0.452381
3178,,1,8,3,11,8,3,11,8,0.262911,0.273717,27970.458277,0.136364
6197,,16,3,7,10,3,7,10,8,0.2369,0.245586,18972.165213,0.180556
10701,,8,11,6,17,11,6,17,8,0.272131,0.284976,69868.626685,0.217949
1288,,8,6,5,11,6,5,11,9,0.23428,0.242677,59277.716098,0.178571
31841,,8,1,0,1,1,0,1,0,0,0,0,0
4520,,8,16,15,31,16,15,31,8,0.285719,0.300297,75807.167633,0.165242
5808,,8,22,5,27,22,5,27,8,0.267297,0.279076,40446.381992,0.078348
32398,,8,1,0,1,1,0,1,0,0,0,0,0
32530,,8,1,0,1,1,0,1,0,0,0,0,0
32634,,8,3,0,3,3,0,3,0,0,0,0,0
7378,,8,5,3,8,5,3,8,8,0.245101,0.253893,20325.976432,0.285714
33766,,8,1,0,1,1,0,1,0,0,0,0,0
2406,,11,11,5,16,11,5,16,8,0.277191,0.28983,187225.250177,0.104396
4655,,8,3,6,9,3,6,9,8,0.276739,0.290006,41783.935588,0.178571
28755,,8,2,0,2,2,0,2,0,0,0,0,0.5
147,,8,1,2,3,1,2,3,8,0.262885,0.273661,18827,0
5936,,7,1,2,3,1,2,3,9,0.209215,0.214909,0,0.333333
10896,,7,4,2,6,4,2,6,8,0.243898,0.252139,486.193269,0.45
18733,,8,2,0,2,2,0,2,0,0,0,0,0
23222,,7,1,0,1,1,0,1,0,0,0,0,0
19133,,7,2,5,7,2,5,7,9,0.235078,0.243001,25.919334,0.35
5312,,7,1,0,1,1,0,1,0,0,0,0,0
5799,,7,1,0,1,1,0,1,0,0,0,0,0
897,,7,2,2,4,2,2,4,8,0.251846,0.260857,0.637274,0.333333
4782,,7,8,3,11,8,3,11,9,0.207378,0.212848,41722.486118,0.054545
7354,,7,1,2,3,1,2,3,8,0.248453,0.257266,1296.822771,0
9501,,7,2,2,4,2,2,4,8,0.248387,0.25719,2056.698193,0
1708,,8,8,33,41,8,33,41,7,0.289217,0.304308,277396.673116,0.126923
5538,,7,7,12,19,7,12,19,8,0.273797,0.286597,40733.894904,0.180147
549,,8,10,11,21,10,11,21,8,0.257912,0.26928,85112.158407,0.052381
14534,,7,2,3,5,2,3,5,8,0.242375,0.250603,6.209705,0.35
19371,,7,1,0,1,1,0,1,0,0,0,0,0
2932,,7,3,3,6,3,3,6,8,0.24947,0.258507,126.118005,0.333333
19413,,7,2,2,4,2,2,4,8,0.249934,0.258987,0,1
4487,,0,6,0,6,6,0,6,0,0,0,0,0.066667
22682,,7,1,0,1,1,0,1,0,0,0,0,0
22960,,7,1,1,2,1,1,2,8,0.248381,0.257155,0,0
2844,,7,5,2,7,5,2,7,10,0.179164,0.182357,44799.666667,0.2
27753,,7,5,10,15,5,10,15,7,0.300203,0.316055,23719.958094,0.333333
6631,,8,4,7,11,4,7,11,8,0.273881,0.28686,26095.984292,0.3
21443,,8,2,1,3,2,1,3,8,0.23499,0.243288,0,0.333333
150,,1,1,1,2,1,1,2,9,0.195725,0.200672,371.921847,0
151,,1,12,18,30,12,18,30,8,0.243346,0.253377,119153.157519,0.067692
1811,,1,3,1,4,3,1,4,8,0.229124,0.236483,944.377005,0.25
4008,,1,1,2,3,1,2,3,8,0.263758,0.274674,27655.122037,0
13988,,8,5,2,7,5,2,7,8,0.242832,0.251864,26906.240448,0.238095
16147,,8,5,2,7,5,2,7,8,0.247073,0.255683,29193.121808,0.02381
10961,,1,4,2,6,4,2,6,8,0.229127,0.236509,811.930314,0.3
22399,,1,4,0,4,4,0,4,0,0,0,0,0.166667
6761,,5,9,12,21,9,12,21,8,0.272347,0.28464,25580.705807,0.132353
3414,,1,2,8,10,2,8,10,8,0.230347,0.238193,53449.116229,0.232143
2486,,10,7,9,16,7,9,16,9,0.215899,0.223245,55265.336781,0.06044
153,,12,0,4,4,0,4,4,8,0.246453,0.25547,0,0.416667
1331,,12,1,1,2,1,1,2,9,0.195007,0.200116,0,0
2990,,12,1,0,1,1,0,1,0,0,0,0,0
4872,,12,1,0,1,1,0,1,0,0,0,0,0
4729,,12,1,1,2,1,1,2,1,1,1,25976,0
5490,,12,1,0,1,1,0,1,0,0,0,0,0
6977,,12,1,2,3,1,2,3,1,1,1,51952,0
7534,,12,1,0,1,1,0,1,0,0,0,0,0
7873,,12,1,0,1,1,0,1,0,0,0,0,0
8275,,12,1,0,1,1,0,1,0,0,0,0,0
8422,,12,1,0,1,1,0,1,0,0,0,0,0
8754,,12,1,1,2,1,1,2,8,0.236838,0.244576,0,1
8801,,12,1,0,1,1,0,1,0,0,0,0,0
8930,,12,1,2,3,1,2,3,9,0.201738,0.207211,3451.185664,0.333333
8939,,12,1,0,1,1,0,1,0,0,0,0,0
9077,,12,1,0,1,1,0,1,0,0,0,0,0
9315,,12,1,1,2,1,1,2,9,0.195007,0.200116,0,0
9500,,12,1,1,2,1,1,2,9,0.208151,0.213691,1253.210132,0.5
9903,,12,1,0,1,1,0,1,0,0,0,0,0
5790,,12,1,1,2,1,1,2,9,0.195007,0.200116,0,0
10544,,12,2,0,2,2,0,2,0,0,0,0,0
6448,,12,4,2,6,4,2,6,10,0.172391,0.175609,27325.915386,0.1
10884,,12,1,0,1,1,0,1,0,0,0,0,0
10920,,12,1,0,1,1,0,1,0,0,0,0,0
11033,,12,1,0,1,1,0,1,0,0,0,0,0
12025,,12,3,0,3,3,0,3,0,0,0,0,0
13487,,12,2,0,2,2,0,2,0,0,0,0,0
12225,,12,2,1,3,2,1,3,9,0.195007,0.200116,0,1
13991,,12,1,0,1,1,0,1,0,0,0,0,0
13950,,12,4,2,6,4,2,6,9,0.213604,0.219569,27150.842111,0.2
15722,,12,1,0,1,1,0,1,0,0,0,0,0
15873,,12,1,0,1,1,0,1,0,0,0,0,0
15980,,12,1,0,1,1,0,1,0,0,0,0,0
15991,,12,1,1,2,1,1,2,10,0.162503,0.164968,25974,0
16413,,12,1,0,1,1,0,1,0,0,0,0,0
16972,,12,1,0,1,1,0,1,0,0,0,0,0
17583,,12,1,0,1,1,0,1,0,0,0,0,0
9609,,12,1,1,2,1,1,2,9,0.200693,0.205958,0,1
18939,,12,1,0,1,1,0,1,0,0,0,0,0
19715,,12,1,0,1,1,0,1,0,0,0,0,0
20004,,12,1,0,1,1,0,1,0,0,0,0,0
20789,,12,1,0,1,1,0,1,0,0,0,0,0
21050,,12,1,0,1,1,0,1,0,0,0,0,0
21995,,12,1,0,1,1,0,1,0,0,0,0,0
19440,,12,1,1,2,1,1,2,8,0.236838,0.244576,0,1
22480,,12,1,0,1,1,0,1,0,0,0,0,0
22502,,12,1,0,1,1,0,1,0,0,0,0,0
22670,,12,1,0,1,1,0,1,0,0,0,0,0
23479,,12,1,0,1,1,0,1,0,0,0,0,0
23683,,12,1,0,1,1,0,1,0,0,0,0,0
9544,,12,2,2,4,2,2,4,8,0.237106,0.244933,8458.10807,0.333333
24720,,12,2,0,2,2,0,2,0,0,0,0,0
17001,,12,1,1,2,1,1,2,9,0.195007,0.200116,0,0
3712,,12,16,10,26,16,10,26,8,0.236927,0.24495,457305.5,0.02924
2953,,16,19,31,50,19,31,50,7,0.282334,0.297849,373002.41691,0.084567
9798,,12,1,1,2,1,1,2,9,0.191898,0.196101,411.751597,0.5
25873,,12,2,1,3,2,1,3,8,0.236838,0.244576,603.126405,0.333333
27508,,12,1,0,1,1,0,1,0,0,0,0,0
16380,,12,2,1,3,2,1,3,10,0.173309,0.176657,4429.274162,0.5
29684,,12,1,0,1,1,0,1,0,0,0,0,0
30114,,12,1,0,1,1,0,1,0,0,0,0,0
30396,,12,1,0,1,1,0,1,0,0,0,0,0
31061,,12,1,0,1,1,0,1,0,0,0,0,0
25025,,12,2,2,4,2,2,4,9,0.232819,0.240898,15774.617793,0
31711,,12,1,0,1,1,0,1,0,0,0,0,0
4022,,12,5,9,14,5,9,14,8,0.24188,0.250662,73141.717885,0.083333
26443,,12,1,2,3,1,2,3,8,0.23688,0.244674,0,1
34166,,12,1,0,1,1,0,1,0,0,0,0,0
8374,,12,1,1,2,1,1,2,8,0.236838,0.244576,0,1
34382,,12,2,0,2,2,0,2,0,0,0,0,0.5
3705,,0,2,0,2,2,0,2,0,0,0,0,0.5
6202,,15,8,9,17,8,9,17,8,0.230296,0.238493,47507.902939,0.236364
6203,,2,2,1,3,2,1,3,9,0.196657,0.201325,599.417204,0.166667
7132,,15,7,3,10,7,3,10,9,0.210255,0.215858,71269.633028,0.111111
2859,,7,21,0,21,21,0,21,0,0,0,0,0.033333
14698,,8,1,0,1,1,0,1,0,0,0,0,0
21095,,10,2,2,4,2,2,4,9,0.229376,0.237556,592.872908,0.333333
3300,,10,11,12,23,11,12,23,8,0.228343,0.236267,154715.128397,0.097368
1240,,15,12,20,32,12,20,32,8,0.276857,0.290393,139633.182866,0.163333
5160,,7,1,0,1,1,0,1,0,0,0,0,0
1113,,11,15,24,39,15,24,39,8,0.278002,0.292324,120216.324584,0.125889
3588,,10,7,6,13,7,6,13,8,0.24345,0.252089,96500.057567,0.127273
2047,,0,14,14,28,14,14,28,8,0.234782,0.243723,27290.409012,0.222826
9702,,10,9,6,15,9,6,15,8,0.237864,0.246626,57659.128681,0.104762
2660,,7,6,8,14,6,8,14,8,0.271648,0.283892,1648.182022,0.348485
16773,,11,4,2,6,4,2,6,8,0.236558,0.244742,1211.825464,0.133333
5556,,15,12,10,22,12,10,22,7,0.296323,0.311325,85050.465399,0.130952
2606,,8,13,18,31,13,18,31,8,0.277257,0.290996,129130.27252,0.076355
2170,,11,23,12,35,23,12,35,8,0.259902,0.270155,330031.622807,0.101538
20341,,11,18,15,33,18,15,33,8,0.274056,0.286552,246924.033787,0.06
12098,,7,1,1,2,1,1,2,9,0.200798,0.205195,60.534852,0
590,,8,12,6,18,12,6,18,8,0.265878,0.277285,5486.766084,0.222222
2454,,15,11,1,12,11,1,12,8,0.24048,0.248315,1003.042715,0.05303
5516,,16,18,15,33,18,15,33,8,0.268747,0.280965,130497.263599,0.063218
22971,,7,1,0,1,1,0,1,0,0,0,0,0
26143,,7,1,0,1,1,0,1,0,0,0,0,0
26355,,11,16,11,27,16,11,27,8,0.2612,0.272967,135873.999613,0.116923
10358,,11,7,10,17,7,10,17,8,0.250783,0.260989,29764.84681,0.192308
6278,,15,3,5,8,3,5,8,9,0.233916,0.242748,10624.208491,0.238095
4490,,10,11,10,21,11,10,21,8,0.255618,0.266066,77106.043284,0.128676
30941,,7,1,0,1,1,0,1,0,0,0,0,0
28412,,11,4,3,7,4,3,7,9,0.229647,0.237287,907.462292,0.166667
530,,10,10,4,14,10,4,14,8,0.251201,0.260783,43068.878251,0.06044
9966,,10,1,1,2,1,1,2,9,0.197559,0.202742,1016.434598,0
11298,,10,2,0,2,2,0,2,0,0,0,0,0
6058,,10,3,5,8,3,5,8,8,0.25687,0.268206,11130.707502,0.166667
13978,,10,1,0,1,1,0,1,0,0,0,0,0
17968,,10,2,2,4,2,2,4,9,0.211205,0.217266,1114.268355,0.416667
5323,,10,5,87,92,5,87,92,7,0.3053,0.32486,290467.450441,0.060201
26846,,10,2,1,3,2,1,3,9,0.227595,0.234692,519.913358,0.666667
1619,,6,6,5,11,6,5,11,8,0.249738,0.258964,20114.583592,0.088889
21373,,11,4,4,8,4,4,8,9,0.231158,0.239598,41832.531117,0.357143
4473,,8,2,3,5,2,3,5,9,0.226702,0.234273,10535.661155,0.25
4728,,8,1,4,5,1,4,5,9,0.214222,0.220419,30572.942749,0.25
4474,,8,7,6,13,7,6,13,8,0.247965,0.257348,62785.502227,0.076923
12733,,8,1,0,1,1,0,1,0,0,0,0,0
4439,,8,16,20,36,16,20,36,8,0.273229,0.286887,104430.41863,0.038655
2141,,15,21,15,36,21,15,36,8,0.258912,0.270509,157859.35952,0.036542
4347,,8,3,4,7,3,4,7,8,0.235387,0.243177,7770.907042,0.066667
7976,,8,13,4,17,13,4,17,9,0.223094,0.230112,140880.058033,0.029412
14247,,2,1,2,3,1,2,3,8,0.264347,0.275635,0,0.5
15026,,8,1,0,1,1,0,1,0,0,0,0,0
19707,,8,1,0,1,1,0,1,0,0,0,0,0
12952,,8,6,7,13,6,7,13,8,0.275073,0.287427,28723.370322,0.127273
4884,,8,1,3,4,1,3,4,8,0.263489,0.274374,9742.340043,0.25
163,,10,20,14,34,20,14,34,8,0.257267,0.268683,90573.138617,0.128736
1345,,15,5,0,5,5,0,5,0,0,0,0,0.05
510,,10,36,23,59,36,23,59,8,0.265166,0.278704,346652.655623,0.071693
17232,,10,6,2,8,6,2,8,8,0.265334,0.276654,5914.593954,0.142857
23978,,10,1,0,1,1,0,1,0,0,0,0,0
4061,,10,5,1,6,5,1,6,9,0.190117,0.194375,20141.739383,0.333333
5860,,10,10,9,19,10,9,19,8,0.259004,0.270453,6174.639912,0.238095
2503,,10,9,10,19,9,10,19,8,0.262995,0.275194,16345.710823,0.158333
8250,,10,18,16,34,18,16,34,8,0.260896,0.272555,204429.20107,0.10582
1041,,11,4,33,37,4,33,37,8,0.286619,0.30182,77655.192485,0.088235
8295,,10,19,12,31,19,12,31,8,0.254302,0.264708,9689.851015,0.159544
5905,,10,20,32,52,20,32,52,8,0.296533,0.312644,232468.875901,0.105691
11226,,10,5,3,8,5,3,8,8,0.240262,0.248664,884.914321,0.261905
3639,,10,10,9,19,10,9,19,8,0.25924,0.270046,17550.406584,0.214286
8108,,8,4,0,4,4,0,4,0,0,0,0,0.083333
1261,,15,27,22,49,27,22,49,8,0.26575,0.27809,219742.47507,0.066802
15225,,10,19,13,32,19,13,32,8,0.253658,0.264261,16631.399563,0.206667
5867,,10,8,8,16,8,8,16,8,0.25433,0.264309,94143.021845,0.119048
16820,,10,11,13,24,11,13,24,8,0.257622,0.269554,11233.879038,0.295833
2529,,10,19,23,42,19,23,42,8,0.261734,0.273662,147270.752197,0.075758
17683,,10,1,0,1,1,0,1,0,0,0,0,0
7035,,10,7,9,16,7,9,16,8,0.282037,0.296104,68568.895275,0.164835
11505,,10,4,3,7,4,3,7,8,0.245636,0.254876,1154.496659,0.45
20330,,10,5,7,12,5,7,12,9,0.244031,0.253705,19100.814587,0.372727
21260,,10,4,0,4,4,0,4,0,0,0,0,0.166667
10620,,10,25,19,44,25,19,44,8,0.270679,0.283449,78860.671936,0.181818
10523,,10,15,12,27,15,12,27,8,0.270205,0.283176,45798.375374,0.215415
16367,,10,16,7,23,16,7,23,8,0.247002,0.256103,23396.69869,0.21345
5223,,11,16,31,47,16,31,47,8,0.281928,0.297315,94765.411873,0.113462
9144,,10,12,11,23,12,11,23,8,0.245197,0.254471,7990.878615,0.260234
6428,,10,8,11,19,8,11,19,8,0.252963,0.262872,8717.540744,0.150735
23168,,11,4,0,4,4,0,4,0,0,0,0,0.25
24564,,10,14,16,30,14,16,30,8,0.253761,0.26434,27090.648833,0.158103
25883,,10,3,6,9,3,6,9,8,0.246604,0.25539,120.41937,0.714286
11076,,10,2,4,6,2,4,6,8,0.246504,0.255245,22145.468665,0.35
26282,,10,2,0,2,2,0,2,0,0,0,0,1
4744,,6,3,5,8,3,5,8,8,0.266865,0.27834,6841.594108,0.142857
26257,,10,1,1,2,1,1,2,8,0.238963,0.247033,0,0
27958,,10,2,7,9,2,7,9,8,0.263109,0.274535,4150.704123,0.160714
29938,,10,19,15,34,19,15,34,8,0.266397,0.279161,59139.142411,0.135468
28340,,13,47,10,57,47,10,57,8,0.247057,0.256652,232329.037127,0.030588
10267,,10,4,4,8,4,4,8,9,0.231201,0.238731,394.341146,0.178571
32086,,10,1,2,3,1,2,3,8,0.238969,0.247068,5306.16577,0
20328,,11,7,10,17,7,10,17,8,0.256454,0.267403,38374.264932,0.0875
24762,,11,4,6,10,4,6,10,8,0.249589,0.258917,28833.272728,0.285714
8579,,10,2,10,12,2,10,12,8,0.252505,0.263971,27554.665111,0.381818
10040,,10,3,3,6,3,3,6,9,0.220714,0.227359,53538.740956,0.05
34855,,10,4,3,7,4,3,7,8,0.250646,0.260482,23016.078422,0.066667
2114,,8,6,1,7,6,1,7,1,1,1,6161.261163,0.095238
3973,,1,2,0,2,2,0,2,0,0,0,0,0.5
7389,,1,3,1,4,3,1,4,9,0.217034,0.223029,3673.842334,0.333333
9801,,1,1,0,1,1,0,1,0,0,0,0,0
10323,,1,2,2,4,2,2,4,9,0.22123,0.22785,81.863139,0.166667
18112,,1,1,1,2,1,1,2,9,0.234946,0.243866,0,0
5009,,1,4,3,7,4,3,7,9,0.225913,0.23286,64054.993578,0.047619
2694,,2,3,2,5,3,2,5,9,0.208252,0.213736,2267.086478,0.083333
21324,,8,2,4,6,2,4,6,9,0.210707,0.216344,26392.49167,0
3155,,8,4,4,8,4,4,8,9,0.230657,0.238223,6861.365771,0.089286
11829,,5,4,14,18,4,14,18,8,0.285779,0.300777,87869.747768,0.130719
17261,,1,1,1,2,1,1,2,9,0.214175,0.220398,84.219405,0.5
10337,,15,1,1,2,1,1,2,9,0.215529,0.221817,0,1
11550,,7,1,2,3,1,2,3,9,0.229753,0.236954,0,0.5
30542,,1,1,1,2,1,1,2,9,0.222685,0.230059,450.950501,0.5
35352,,1,1,0,1,1,0,1,0,0,0,0,0
34776,,15,2,0,2,2,0,2,0,0,0,0,0.5
169,,19,17,18,35,17,18,35,8,0.240272,0.249316,190905.92647,0.092593
994,,19,21,12,33,21,12,33,8,0.231596,0.239747,248687.260286,0.064039
2579,,7,16,15,31,16,15,31,8,0.27715,0.29069,59257.908399,0.130952
4173,,19,21,1,22,21,1,22,9,0.193727,0.198233,95077.610629,0.097619
5707,,19,3,6,9,3,6,9,9,0.227653,0.235299,360.892814,0.464286
2626,,19,8,7,15,8,7,15,9,0.225899,0.233674,35168.463147,0.166667
1473,,19,6,0,6,6,0,6,0,0,0,0,0.3
11304,,19,5,1,6,5,1,6,8,0.262757,0.273467,4872.578195,0.6
7179,,7,15,16,31,15,16,31,8,0.279512,0.292756,294001.543177,0.064815
8335,,19,5,3,8,5,3,8,9,0.229367,0.237023,66.348039,0.452381
3773,,19,7,7,14,7,7,14,8,0.237384,0.246012,82908.178357,0.072727
2445,,19,4,5,9,4,5,9,9,0.222872,0.230249,20066.457112,0.261905
2439,,19,1,1,2,1,1,2,9,0.222424,0.229632,0,0
2611,,19,1,1,2,1,1,2,9,0.222424,0.229632,0,0
692,,19,3,2,5,3,2,5,9,0.223094,0.230416,44816.061908,0.166667
4616,,19,1,0,1,1,0,1,0,0,0,0,0
5923,,5,3,0,3,3,0,3,0,0,0,0,0
6871,,19,2,1,3,2,1,3,10,0.181959,0.185822,10682.603703,0.5
4275,,15,14,7,21,14,7,21,8,0.266506,0.27828,72677.56131,0.040476
9318,,19,5,5,10,5,5,10,9,0.227653,0.235282,15585.845448,0.404762
9183,,19,2,6,8,2,6,8,8,0.240908,0.249314,26850.782334,0.047619
10928,,19,4,3,7,4,3,7,9,0.223898,0.231159,7750.951267,0.333333
370,,19,4,10,14,4,10,14,8,0.275726,0.289246,52635.923467,0.227273
12971,,19,1,0,1,1,0,1,0,0,0,0,0
11698,,19,4,1,5,4,1,5,9,0.222424,0.229632,9112.635737,0.25
12905,,19,2,1,3,2,1,3,9,0.222424,0.229632,9112.635737,0
15835,,19,1,0,1,1,0,1,0,0,0,0,0
3741,,19,6,8,14,6,8,14,8,0.240896,0.250123,78641.918032,0.118182
16830,,19,2,0,2,2,0,2,0,0,0,0,0
17726,,19,1,1,2,1,1,2,9,0.22212,0.228772,0,1
12384,,8,7,3,10,7,3,10,9,0.22697,0.234551,33025.677387,0.088889
6485,,19,4,2,6,4,2,6,9,0.222472,0.229736,18830.505576,0.333333
22287,,7,11,7,18,11,7,18,8,0.266763,0.278455,7111.406989,0.137255
21918,,19,1,2,3,1,2,3,9,0.222427,0.229659,0,1
12354,,19,7,2,9,7,2,9,8,0.230852,0.2383,2372.229333,0.357143
19053,,19,6,0,6,6,0,6,0,0,0,0,0.266667
18791,,19,1,1,2,1,1,2,9,0.222424,0.229632,0,0
12555,,19,10,6,16,10,6,16,9,0.228349,0.236031,102651.071235,0.061905
32601,,19,1,1,2,1,1,2,9,0.222424,0.229632,0,0
2624,,19,1,2,3,1,2,3,9,0.22243,0.229668,7303.766426,0.5
171,,7,1,4,5,1,4,5,9,0.247903,0.257879,4604.351934,0.15
11214,,7,3,7,10,3,7,10,8,0.24386,0.252719,71092.4963,0.027778
3667,,15,2,0,2,2,0,2,0,0,0,0,0.5
4092,,8,15,5,20,15,5,20,8,0.263408,0.275176,88991.122568,0.117647
9843,,7,2,1,3,2,1,3,9,0.217735,0.224251,18826,0
4452,,0,3,7,10,3,7,10,8,0.235549,0.244602,29234.830618,0.166667
19957,,7,3,1,4,3,1,4,1,1,1,15.828861,0.166667
27455,,7,1,0,1,1,0,1,0,0,0,0,0
27114,,0,6,0,6,6,0,6,0,0,0,0,0
3764,,8,3,0,3,3,0,3,0,0,0,0,0.166667
6059,,8,1,0,1,1,0,1,0,0,0,0,0
5374,,8,1,3,4,1,3,4,8,0.229247,0.236813,6.344302,0.333333
642,,8,3,2,5,3,2,5,8,0.224914,0.231893,6.494211,0.833333
4308,,8,12,7,19,12,7,19,9,0.234516,0.243045,25107.040291,0.111111
8935,,8,2,0,2,2,0,2,0,0,0,0,1
20816,,8,7,10,17,7,10,17,8,0.269074,0.281714,64393.629036,0.1
25008,,11,2,0,2,2,0,2,0,0,0,0,0
15209,,8,3,2,5,3,2,5,9,0.21974,0.226332,60.648506,0.05
34694,,8,2,1,3,2,1,3,9,0.22302,0.229743,0,0.5
9314,,8,3,0,3,3,0,3,0,0,0,0,0
19319,,7,1,3,4,1,3,4,9,0.215017,0.221067,27.447539,0
9214,,8,4,4,8,4,4,8,8,0.241784,0.250461,48.138284,0.285714
175,,7,0,1,1,0,1,1,9,0.213168,0.218889,0,0
595,,10,14,5,19,14,5,19,8,0.250906,0.262427,24640.001223,0.171429
771,,10,8,6,14,8,6,14,9,0.21563,0.222603,30592.058613,0.151515
2192,,10,4,3,7,4,3,7,9,0.229387,0.237605,1767.28226,0.533333
2937,,10,1,0,1,1,0,1,0,0,0,0,0
3083,,10,2,0,2,2,0,2,0,0,0,0,0
3105,,10,2,2,4,2,2,4,8,0.236122,0.244806,216.957451,0.5
4306,,10,1,0,1,1,0,1,0,0,0,0,0
5220,,10,5,14,19,5,14,19,8,0.267852,0.27984,82357.54079,0.1375
2926,,10,23,15,38,23,15,38,8,0.242416,0.252635,94092.088387,0.105114
6026,,2,1,2,3,1,2,3,8,0.261639,0.272826,201.927377,0.166667
1868,,10,39,31,70,39,31,70,7,0.27195,0.285972,247832.728997,0.075835
2452,,10,7,8,15,7,8,15,8,0.253273,0.264634,29832.396492,0.212121
8447,,11,6,10,16,6,10,16,8,0.260092,0.272519,22592.906174,0.265152
7127,,10,9,19,28,9,19,28,8,0.273304,0.28703,115812.302417,0.148551
3137,,10,20,14,34,20,14,34,8,0.256457,0.268361,73242.330518,0.097291
12120,,10,3,2,5,3,2,5,8,0.233852,0.242307,84.692606,0.5
5645,,10,7,1,8,7,1,8,9,0.200796,0.205193,153.989467,0.125
1644,,10,55,92,147,55,92,147,8,0.294395,0.312556,1091887.867338,0.051259
2441,,10,6,5,11,6,5,11,8,0.243513,0.253188,46138.218639,0.152778
15467,,10,1,0,1,1,0,1,0,0,0,0,0
16163,,10,2,2,4,2,2,4,8,0.234557,0.243107,10.381534,0.666667
5567,,10,19,13,32,19,13,32,8,0.280746,0.294858,97133.275824,0.121921
19027,,10,2,0,2,2,0,2,0,0,0,0,1
7896,,10,1,2,3,1,2,3,8,0.233637,0.242023,0,1
6047,,10,5,14,19,5,14,19,8,0.261392,0.272844,63972.929245,0.139706
18604,,10,1,1,2,1,1,2,8,0.233631,0.241988,0,0
22449,,10,1,1,2,1,1,2,8,0.233631,0.241988,0,0
8212,,10,9,6,15,9,6,15,8,0.236235,0.245232,35795.540392,0.290909
4702,,10,5,12,17,5,12,17,8,0.235222,0.244076,142980.043909,0.057143
10127,,10,6,4,10,6,4,10,8,0.251947,0.262126,54333.510399,0.166667
5794,,10,1,3,4,1,3,4,8,0.237301,0.246147,1173.826342,0.25
23822,,10,2,2,4,2,2,4,8,0.232047,0.24015,261.598397,0.666667
2250,,10,1,1,2,1,1,2,8,0.233631,0.241988,0,0
26011,,10,2,0,2,2,0,2,0,0,0,0,1
4691,,10,10,7,17,10,7,17,8,0.252062,0.262466,25293.832819,0.129167
20022,,10,2,2,4,2,2,4,9,0.22773,0.235343,132.499141,0.416667
4475,,10,3,6,9,3,6,9,8,0.239858,0.249254,1973.196434,0.107143
28851,,10,2,0,2,2,0,2,0,0,0,0,1
10146,,10,6,7,13,6,7,13,8,0.244249,0.253699,5748.504993,0.189394
25411,,10,1,1,2,1,1,2,8,0.233631,0.241988,0,0
20342,,10,3,7,10,3,7,10,8,0.24457,0.254519,71049.887788,0.160714
30016,,10,1,0,1,1,0,1,0,0,0,0,0
3542,,10,3,6,9,3,6,9,8,0.253822,0.265752,988.579307,0.380952
2023,,10,9,8,17,9,8,17,8,0.254467,0.266583,28651.751034,0.269231
18644,,10,1,2,3,1,2,3,8,0.237148,0.246138,0,1
31677,,10,1,0,1,1,0,1,0,0,0,0,0
29348,,10,1,2,3,1,2,3,8,0.234624,0.243225,0,1
8834,,10,12,7,19,12,7,19,8,0.234738,0.243728,24352.282844,0.228571
2340,,10,16,32,48,16,32,48,8,0.289066,0.305115,284444.147558,0.074242
21302,,11,2,8,10,2,8,10,8,0.264258,0.276069,3151.300539,0.166667
14438,,10,1,7,8,1,7,8,8,0.243246,0.253027,2844.413185,0.47619
4421,,10,3,1,4,3,1,4,8,0.262753,0.273463,18826,0.333333
3020,,10,9,18,27,9,18,27,8,0.282711,0.297161,46546.93126,0.112319
3849,,10,5,2,7,5,2,7,8,0.23382,0.242305,390.369411,0.5
177,,12,5,2,7,5,2,7,9,0.213602,0.21956,37652.5,0.166667
13181,,12,8,0,8,8,0,8,0,0,0,0,0.125
6139,,12,1,0,1,1,0,1,0,0,0,0,0
6793,,12,1,0,1,1,0,1,0,0,0,0,0
6992,,12,1,1,2,1,1,2,9,0.213599,0.219534,0,0
7409,,12,1,0,1,1,0,1,0,0,0,0,0
7659,,12,1,0,1,1,0,1,0,0,0,0,0
7837,,12,1,1,2,1,1,2,9,0.213599,0.219534,0,0
7927,,12,4,0,4,4,0,4,0,0,0,0,0.083333
9692,,12,1,0,1,1,0,1,0,0,0,0,0
10897,,12,1,4,5,1,4,5,9,0.213607,0.219614,0,0.5
11220,,12,1,0,1,1,0,1,0,0,0,0,0
11529,,12,1,0,1,1,0,1,0,0,0,0,0
11721,,12,3,2,5,3,2,5,9,0.213604,0.219569,2,0.416667
10832,,12,3,1,4,3,1,4,9,0.213599,0.219534,68.608518,0.166667
11826,,12,1,0,1,1,0,1,0,0,0,0,0
11818,,12,1,1,2,1,1,2,9,0.213599,0.219534,0,0
12265,,12,1,1,2,1,1,2,9,0.213599,0.219534,0,0
12331,,12,1,0,1,1,0,1,0,0,0,0,0
12332,,12,1,0,1,1,0,1,0,0,0,0,0
12408,,12,1,0,1,1,0,1,0,0,0,0,0
13565,,12,1,0,1,1,0,1,0,0,0,0,0
16452,,12,2,1,3,2,1,3,9,0.213599,0.219534,0,0.5
18525,,12,2,0,2,2,0,2,0,0,0,0,0
18771,,12,1,0,1,1,0,1,0,0,0,0,0
20613,,12,1,0,1,1,0,1,0,0,0,0,0
21093,,12,1,0,1,1,0,1,0,0,0,0,0
15118,,12,2,2,4,2,2,4,9,0.213604,0.219569,18826,0.333333
23154,,12,1,0,1,1,0,1,0,0,0,0,0
28867,,12,1,0,1,1,0,1,0,0,0,0,0
29163,,12,1,0,1,1,0,1,0,0,0,0,0
1939,,8,7,14,21,7,14,21,8,0.267871,0.280083,100330.495002,0.133333
3284,,8,1,1,2,1,1,2,8,0.246704,0.255764,209.48659,0.5
3289,,237,3,3,6,3,3,6,8,0.233061,0.24134,48115.024825,0.166667
2281,,8,12,24,36,12,24,36,8,0.290776,0.307124,82867.413856,0.123106
5983,,237,29,21,50,29,21,50,8,0.249609,0.260321,453109.04875,0.068067
6701,,237,4,1,5,4,1,5,8,0.23305,0.241269,83.589628,0.5
7667,,8,1,1,2,1,1,2,8,0.23305,0.241269,0,0
8565,,8,4,0,4,4,0,4,0,0,0,0,0.75
3129,,8,4,5,9,4,5,9,8,0.264946,0.276308,3825.685259,0.142857
9000,,237,6,2,8,6,2,8,8,0.233096,0.241424,0,0.433333
11825,,8,1,0,1,1,0,1,0,0,0,0,0
11893,,237,2,2,4,2,2,4,8,0.233096,0.241424,0,0.833333
12515,,8,7,10,17,7,10,17,8,0.261469,0.272567,32492.969593,0.076923
13057,,8,1,0,1,1,0,1,0,0,0,0,0
1624,,8,10,7,17,10,7,17,8,0.267529,0.279238,27397.678619,0.2125
12599,,8,3,8,11,3,8,11,8,0.237047,0.246401,64603.910409,0.138889
2856,,8,7,7,14,7,7,14,8,0.267214,0.278866,2505.483971,0.295455
15659,,237,4,12,16,4,12,16,8,0.233139,0.241729,128358.794869,0.25641
12192,,8,10,6,16,10,6,16,8,0.249377,0.258426,20406.433297,0.208791
24102,,8,4,5,9,4,5,9,8,0.235867,0.244495,30122.099095,0.366667
22814,,8,2,1,3,2,1,3,1,1,1,1226.399129,0.333333
21866,,237,1,5,6,1,5,6,8,0.23574,0.244746,19734.088219,0.5
1828,,10,23,40,63,23,40,63,8,0.288875,0.304875,316904.840374,0.091883
28060,,8,3,1,4,3,1,4,8,0.261476,0.272569,0,0.416667
23286,,8,12,21,33,12,21,33,7,0.30765,0.32336,173780.788537,0.170968
31032,,8,4,0,4,4,0,4,0,0,0,0,0.5
21280,,8,4,1,5,4,1,5,8,0.243999,0.252847,728.834433,0.15
33976,,8,2,0,2,2,0,2,0,0,0,0,0
8638,,15,2,3,5,2,3,5,8,0.224887,0.232277,647.110181,0.083333
8977,,8,1,5,6,1,5,6,8,0.236689,0.245442,0,0.55
8317,,8,7,9,16,7,9,16,8,0.249864,0.259159,77260.22261,0.185897
13992,,8,1,1,2,1,1,2,9,0.221399,0.228244,0,0
23730,,2,1,3,4,1,3,4,8,0.264845,0.276657,544.561868,0.166667
22411,,8,1,2,3,1,2,3,8,0.228092,0.235701,0,1
23376,,8,2,2,4,2,2,4,8,0.247515,0.256011,1268.557309,0.166667
29484,,8,8,1,9,8,1,9,9,0.18813,0.192452,732.999526,0.214286
25294,,8,3,1,4,3,1,4,9,0.221399,0.228244,0,0.833333
29230,,8,3,3,6,3,3,6,8,0.231722,0.240024,19099.72186,0.5
3612,,11,1,0,1,1,0,1,0,0,0,0,0
4470,,11,2,0,2,2,0,2,0,0,0,0,0.5
5487,,11,1,0,1,1,0,1,0,0,0,0,0
6635,,11,13,8,21,13,8,21,8,0.262146,0.274053,60841.845109,0.166667
7626,,11,2,1,3,2,1,3,8,0.236163,0.244728,70.923129,0.333333
7897,,0,8,4,12,8,4,12,8,0.255088,0.265649,60640.813636,0.072727
8873,,11,3,1,4,3,1,4,9,0.217037,0.222893,37652,0.166667
7247,,11,8,6,14,8,6,14,8,0.240235,0.250262,26997.514517,0.224359
5196,,11,9,12,21,9,12,21,8,0.277416,0.290843,69878.38644,0.196078
12723,,11,5,1,6,5,1,6,9,0.199731,0.205081,11.590114,0.3
13065,,11,6,5,11,6,5,11,8,0.253211,0.262955,8655.157066,0.090909
15657,,11,2,1,3,2,1,3,9,0.207499,0.213247,18933.948459,0
2524,,10,11,5,16,11,5,16,8,0.239593,0.249012,86687.527916,0.066667
6651,,11,1,6,7,1,6,7,8,0.268506,0.281173,2095.847423,0.266667
16159,,11,4,5,9,4,5,9,8,0.242503,0.252388,19882.722219,0.142857
18127,,11,3,6,9,3,6,9,8,0.247528,0.256957,47513.400965,0.125
18617,,0,4,0,4,4,0,4,0,0,0,0,0.083333
1536,,11,4,2,6,4,2,6,9,0.228172,0.236365,19077.5264,0.25
12813,,11,5,2,7,5,2,7,8,0.233431,0.241904,19613.3422,0.1
21636,,11,1,0,1,1,0,1,0,0,0,0,0
22274,,11,4,2,6,4,2,6,9,0.223685,0.230369,26662.144193,0.2
24681,,11,1,0,1,1,0,1,0,0,0,0,0
24870,,11,1,0,1,1,0,1,0,0,0,0,0
24923,,11,4,4,8,4,4,8,8,0.246801,0.257226,2660.022002,0.214286
27600,,11,1,1,2,1,1,2,8,0.24443,0.254489,0,1
3517,,11,3,4,7,3,4,7,8,0.250886,0.260874,1287.390867,0.095238
28471,,11,5,0,5,5,0,5,0,0,0,0,0.55
3812,,0,13,29,42,13,29,42,8,0.256509,0.268158,755491.207857,0.013514
3681,,11,8,3,11,8,3,11,9,0.230815,0.239205,40474.234301,0.125
30230,,11,1,0,1,1,0,1,0,0,0,0,0
6982,,11,3,3,6,3,3,6,8,0.242104,0.250341,3319.916284,0.2
12876,,11,2,2,4,2,2,4,9,0.225315,0.233365,37.111737,0.166667
31473,,11,5,4,9,5,4,9,8,0.238337,0.247918,9776.847282,0.261905
32170,,11,1,1,2,1,1,2,9,0.22485,0.23277,0,0
7655,,16,3,6,9,3,6,9,8,0.260553,0.272003,6891.145053,0.25
11668,,11,5,5,10,5,5,10,8,0.246153,0.254922,93055.185194,0.152778
34415,,11,1,5,6,1,5,6,8,0.239687,0.248172,29347.610774,0.066667
34524,,11,1,1,2,1,1,2,9,0.22485,0.23277,0,0
7040,,11,4,2,6,4,2,6,8,0.235149,0.243928,347.326602,0.233333
15205,,11,1,0,1,1,0,1,0,0,0,0,0
1773,,11,6,7,13,6,7,13,9,0.243271,0.252747,47098.006947,0.030303
16476,,11,1,9,10,1,9,10,8,0.24882,0.259299,27274.970399,0.180556
9008,,11,1,1,2,1,1,2,9,0.210386,0.216025,1192.591507,0
14419,,15,2,6,8,2,6,8,9,0.224007,0.231311,31683.766745,0.142857
21320,,11,3,2,5,3,2,5,9,0.236659,0.245217,25974,0.5
9803,,11,6,11,17,6,11,17,8,0.26064,0.273331,91153.2602,0.158333
7068,,11,1,1,2,1,1,2,8,0.246656,0.256156,0,1
183,,6,1,2,3,1,2,3,8,0.242609,0.251078,0,1
11263,,11,4,0,4,4,0,4,0,0,0,0,0.416667
12665,,6,1,1,2,1,1,2,8,0.230966,0.237588,0,0
13749,,6,2,2,4,2,2,4,9,0.218704,0.22554,105.445329,0.333333
21069,,6,2,0,2,2,0,2,0,0,0,0,1
13694,,6,7,9,16,7,9,16,8,0.252976,0.263402,99293.566656,0.087912
185,,12,0,2,2,0,2,2,8,0.235382,0.243477,0,0
186,,7,0,2,2,0,2,2,9,0.208339,0.214095,0,0
187,,0,19,8,27,19,8,27,8,0.263146,0.275117,128461.261124,0.096667
8211,,0,1,4,5,1,4,5,9,0.222906,0.230676,250.8341,0.05
188,,15,8,12,20,8,12,20,8,0.240324,0.249531,65372.529199,0.154167
189,,15,24,21,45,24,21,45,7,0.278743,0.291992,271856.744367,0.073549
3578,,15,7,9,16,7,9,16,8,0.241895,0.250598,70659.069638,0.089744
3243,,7,1,3,4,1,3,4,9,0.253727,0.26439,498.873886,0.166667
14412,,15,1,0,1,1,0,1,0,0,0,0,0
6813,,15,7,0,7,7,0,7,0,0,0,0,0.095238
3839,,11,6,11,17,6,11,17,8,0.248725,0.25893,59092.499948,0.132353
1522,,15,17,15,32,17,15,32,8,0.281961,0.296352,235982.798903,0.10582
9736,,15,3,6,9,3,6,9,8,0.228424,0.235708,19170.781286,0.261905
12138,,15,3,2,5,3,2,5,8,0.226784,0.233669,291.368241,0.083333
16742,,15,2,0,2,2,0,2,0,0,0,0,0
7862,,15,7,8,15,7,8,15,8,0.238681,0.247547,136239.585753,0.071429
27615,,15,1,0,1,1,0,1,0,0,0,0,0
22364,,24,4,1,5,4,1,5,8,0.217984,0.224012,648.924422,0.25
24124,,15,2,0,2,2,0,2,0,0,0,0,0
3474,,5,2,0,2,2,0,2,0,0,0,0,0
7305,,5,1,1,2,1,1,2,9,0.214669,0.220509,493.000822,0.5
7306,,5,3,3,6,3,3,6,9,0.231642,0.239444,7036.506788,0.3
191,,16,25,18,43,25,18,43,8,0.237924,0.24651,297702.749811,0.054367
1689,,16,11,8,19,11,8,19,8,0.236508,0.244734,16165.191,0.269231
7779,,16,5,1,6,5,1,6,8,0.234148,0.242084,8349.000182,0.45
13163,,16,1,0,1,1,0,1,0,0,0,0,0
16387,,16,1,0,1,1,0,1,0,0,0,0,0
19233,,16,4,3,7,4,3,7,8,0.236451,0.244524,2.542909,0.75
22378,,16,4,3,7,4,3,7,8,0.236451,0.244524,1513.289144,0.583333
208,,16,5,35,40,5,35,40,8,0.282101,0.296209,93920.195953,0.094595
23842,,16,1,0,1,1,0,1,0,0,0,0,0
23583,,16,3,1,4,3,1,4,9,0.192198,0.196515,4.866141,0.833333
23821,,16,1,2,3,1,2,3,9,0.215142,0.220969,0,1
22048,,16,1,3,4,1,3,4,8,0.236424,0.244453,0,1
24341,,16,4,2,6,4,2,6,8,0.23482,0.242896,7549.189637,0.266667
31487,,16,2,0,2,2,0,2,0,0,0,0,0
12941,,16,1,1,2,1,1,2,9,0.214948,0.220662,0,0
9367,,16,5,5,10,5,5,10,8,0.236436,0.244524,10498.696178,0.428571
18921,,16,1,2,3,1,2,3,9,0.214987,0.220762,0,1
26064,,16,1,0,1,1,0,1,0,0,0,0,0
30442,,16,2,3,5,2,3,5,8,0.234163,0.242163,8475.082637,0.583333
193,,24,1,4,5,1,4,5,9,0.21984,0.226715,25981.200588,0.25
13126,,24,1,1,2,1,1,2,9,0.215484,0.2216,0,0.5
4950,,7,3,9,12,3,9,12,8,0.28052,0.294079,1757.932347,0.319444
8704,,7,1,0,1,1,0,1,0,0,0,0,0
11188,,7,1,0,1,1,0,1,0,0,0,0,0
14193,,7,1,1,2,1,1,2,9,0.193014,0.197058,26.499449,0
1377,,0,9,11,20,9,11,20,8,0.263769,0.275698,44119.256496,0.106618
2030,,0,11,3,14,11,3,14,8,0.23889,0.247253,177.390573,0.365385
1442,,0,29,16,45,29,16,45,8,0.239088,0.247773,93746.596686,0.25976
3611,,0,8,9,17,8,9,17,8,0.240572,0.249305,26591.84754,0.269231
4047,,0,1,0,1,1,0,1,0,0,0,0,0
5178,,0,1,0,1,1,0,1,0,0,0,0,0
3930,,0,29,15,44,29,15,44,8,0.264377,0.276332,38479.465274,0.280952
5571,,0,10,17,27,10,17,27,8,0.239376,0.248166,52214.640957,0.533597
4032,,0,10,24,34,10,24,34,8,0.275113,0.288875,27583.071656,0.279101
5711,,0,20,18,38,20,18,38,8,0.239718,0.248612,596.396705,0.486154
1335,,0,25,16,41,25,16,41,8,0.240085,0.249272,2338.599415,0.37931
5820,,0,16,17,33,16,17,33,8,0.239157,0.247866,16953.061062,0.436923
4095,,0,22,16,38,22,16,38,8,0.240825,0.249989,4610.669445,0.441799
1668,,0,15,17,32,15,17,32,8,0.240893,0.249993,4041.488342,0.222222
6872,,0,12,20,32,12,20,32,8,0.239871,0.24886,1828.251377,0.43254
1899,,0,20,22,42,20,22,42,8,0.243832,0.253374,7356.792926,0.346591
4094,,0,25,16,41,25,16,41,8,0.240131,0.248929,66653.412186,0.356989
5769,,0,18,12,30,18,12,30,8,0.239051,0.247625,1412.326269,0.559289
5748,,0,9,20,29,9,20,29,8,0.241474,0.250783,1508.327294,0.298913
7747,,0,1,0,1,1,0,1,0,0,0,0,0
8265,,0,1,1,2,1,1,2,8,0.228932,0.236642,0,1
8398,,0,6,7,13,6,7,13,8,0.239039,0.247508,236849.893289,0.054545
4310,,8,7,8,15,7,8,15,8,0.263839,0.275172,54693.884555,0.057143
5704,,0,9,4,13,9,4,13,8,0.238563,0.246907,3018.895464,0.309091
4210,,0,16,17,33,16,17,33,8,0.263695,0.275671,14017.777939,0.505
9610,,0,4,0,4,4,0,4,0,0,0,0,0.416667
12436,,0,19,3,22,19,3,22,9,0.193855,0.198434,64248.338628,0.192857
11183,,0,1,2,3,1,2,3,8,0.238295,0.246485,0,1
2518,,0,7,8,15,7,8,15,8,0.227008,0.235056,67705.836252,0.096154
4661,,0,18,16,34,18,16,34,8,0.239837,0.248724,384.376267,0.485
1122,,0,5,3,8,5,3,8,8,0.239048,0.247447,412.994319,0.333333
5770,,0,25,25,50,25,25,50,8,0.243926,0.253648,23343.391842,0.33908
1419,,0,19,11,30,19,11,30,8,0.239614,0.248483,88190.357953,0.133333
5785,,0,10,11,21,10,11,21,8,0.267107,0.279288,41434.739621,0.19883
5716,,0,13,23,36,13,23,36,8,0.240646,0.250012,2554.648954,0.397701
571,,24,9,9,18,9,9,18,8,0.251671,0.261656,148033.147741,0.061905
21683,,0,9,0,9,9,0,9,0,0,0,0,0.069444
24459,,0,1,1,2,1,1,2,8,0.238225,0.246357,0,0
25349,,0,3,0,3,3,0,3,0,0,0,0,0.833333
5735,,0,21,8,29,21,8,29,8,0.238936,0.247379,954.690426,0.528986
25001,,0,2,1,3,2,1,3,8,0.238225,0.246357,0,1
28012,,0,1,0,1,1,0,1,0,0,0,0,0
12048,,7,1,0,1,1,0,1,0,0,0,0,0
10638,,7,4,1,5,4,1,5,9,0.207607,0.212851,1.863856,0.2
18797,,9,10,4,14,10,4,14,9,0.229004,0.237119,21709.133762,0.115385
26659,,8,3,0,3,3,0,3,0,0,0,0,0
1932,,8,3,0,3,3,0,3,0,0,0,0,0
5935,,8,5,0,5,5,0,5,0,0,0,0,0.2
5984,,8,3,0,3,3,0,3,0,0,0,0,0.166667
2874,,9,10,25,35,10,25,35,8,0.285195,0.300084,236556.26774,0.070076
7627,,7,1,0,1,1,0,1,0,0,0,0,0
10006,,7,7,5,12,7,5,12,8,0.252001,0.261481,1583.254271,0.366667
10741,,16,17,11,28,17,11,28,8,0.239718,0.247921,132652.027654,0.104743
10771,,7,2,2,4,2,2,4,8,0.257323,0.267234,0,0.833333
13216,,8,1,1,2,1,1,2,8,0.262753,0.273463,0,1
11676,,7,3,2,5,3,2,5,9,0.215373,0.22149,3857.43622,0
13802,,7,18,0,18,18,0,18,0,0,0,0,0.071895
3298,,0,4,2,6,4,2,6,8,0.243104,0.25145,2977.653461,0
15630,,7,1,0,1,1,0,1,0,0,0,0,0
6321,,7,3,6,9,3,6,9,8,0.263036,0.273762,3228.453213,0.339286
18307,,10,1,2,3,1,2,3,8,0.239392,0.247305,19.721884,0.166667
7028,,7,7,3,10,7,3,10,8,0.261487,0.272631,66909.452861,0.111111
920,,7,13,30,43,13,30,43,8,0.279878,0.294551,114748.793842,0.11036
2798,,8,11,14,25,11,14,25,8,0.27628,0.289308,42017.610343,0.167984
20478,,7,1,0,1,1,0,1,0,0,0,0,0
7950,,7,4,4,8,4,4,8,9,0.24096,0.249797,1665.273851,0.285714
9418,,7,11,12,23,11,12,23,8,0.26682,0.278761,32997.055404,0.197368
16164,,7,1,3,4,1,3,4,8,0.24045,0.249,1818.464317,0.25
14688,,7,2,0,2,2,0,2,0,0,0,0,1
3397,,7,4,6,10,4,6,10,8,0.2609,0.272112,26028.17877,0.595238
25909,,7,1,0,1,1,0,1,0,0,0,0,0
6915,,7,3,4,7,3,4,7,8,0.251533,0.26107,2.330684,0.65
30351,,7,1,0,1,1,0,1,0,0,0,0,0
13806,,10,3,3,6,3,3,6,8,0.263551,0.274968,504.740417,0.2
32875,,7,1,0,1,1,0,1,0,0,0,0,0
33353,,7,4,7,11,4,7,11,8,0.265908,0.27738,978.939972,0.255556
7310,,15,2,4,6,2,4,6,8,0.271131,0.282664,1348.696301,0.166667
18392,,7,7,0,7,7,0,7,0,0,0,0,0.095238
27117,,8,1,4,5,1,4,5,8,0.241381,0.250307,15.664428,0.583333
15885,,8,1,2,3,1,2,3,8,0.235625,0.243983,0,1
35003,,8,1,0,1,1,0,1,0,0,0,0,0
13654,,5,1,0,1,1,0,1,0,0,0,0,0
202,,6,11,12,23,11,12,23,8,0.25316,0.264539,149178.08085,0.087719
17278,,6,1,0,1,1,0,1,0,0,0,0,0
2804,,11,8,8,16,8,8,16,8,0.26539,0.276692,79120.561415,0.033333
13055,,11,8,4,12,8,4,12,8,0.24485,0.255122,3585.194822,0.288889
29072,,6,1,0,1,1,0,1,0,0,0,0,0
204,,11,4,4,8,4,4,8,8,0.246117,0.25486,38019.763928,0.142857
1322,,11,6,6,12,6,6,12,8,0.246895,0.256471,54171.778967,0.163636
969,,11,5,3,8,5,3,8,8,0.238784,0.246769,10314.283488,0.2
1037,,11,1,1,2,1,1,2,8,0.238521,0.246394,0,0
4913,,11,1,2,3,1,2,3,8,0.238524,0.246421,0,0.5
6160,,11,2,0,2,2,0,2,0,0,0,0,1
5591,,11,3,2,5,3,2,5,8,0.23853,0.246434,9149.877983,0.5
10049,,11,1,0,1,1,0,1,0,0,0,0,0
11792,,11,1,2,3,1,2,3,8,0.238527,0.24643,25974,0.5
12177,,11,1,0,1,1,0,1,0,0,0,0,0
7572,,0,1,7,8,1,7,8,9,0.254014,0.265461,72283.546082,0.053571
15075,,11,1,0,1,1,0,1,0,0,0,0,0
17002,,11,1,0,1,1,0,1,0,0,0,0,0
20166,,11,8,11,19,8,11,19,8,0.268452,0.28137,64862.930733,0.195833
3044,,11,6,12,18,6,12,18,8,0.257531,0.269302,5873.66147,0.1875
764,,11,9,5,14,9,5,14,9,0.236329,0.245139,27814.069573,0.022727
28858,,11,1,1,2,1,1,2,8,0.238521,0.246394,0,0
15612,,6,6,4,10,6,4,10,8,0.240036,0.248238,25367.798559,0.111111
34044,,11,1,0,1,1,0,1,0,0,0,0,0
34725,,11,7,3,10,7,3,10,9,0.232268,0.239953,20512.51891,0.055556
206,,13,26,34,60,26,34,60,8,0.252868,0.263659,554560.929508,0.071765
406,,13,14,26,40,14,26,40,8,0.248702,0.259012,243397.645409,0.125806
376,,13,2,3,5,2,3,5,1,1,1,0,0.4
1744,,13,5,7,12,5,7,12,9,0.201864,0.207187,2.825,0.361111
2819,,13,7,0,7,7,0,7,0,0,0,0,0.404762
2062,,13,7,0,7,7,0,7,0,0,0,0,0.5
2111,,13,19,20,39,19,20,39,8,0.263014,0.275352,323200.399346,0.060215
304,,13,9,14,23,9,14,23,8,0.265585,0.277363,149835.815375,0.160819
4111,,13,5,0,5,5,0,5,0,0,0,0,0.75
3100,,13,5,7,12,5,7,12,10,0.167975,0.171107,109860.474319,0.155556
4072,,13,4,2,6,4,2,6,1,1,1,1.125,0.266667
377,,13,28,0,28,28,0,28,0,0,0,0,0.093915
6343,,13,1,0,1,1,0,1,0,0,0,0,0
4090,,13,5,12,17,5,12,17,9,0.204404,0.210174,307.418335,0.262821
8366,,13,3,0,3,3,0,3,0,0,0,0,1
8080,,13,20,24,44,20,24,44,8,0.241498,0.25072,225350.841022,0.133523
12185,,13,5,7,12,5,7,12,9,0.204388,0.210023,370.980076,0.311111
11624,,1,2,2,4,2,2,4,8,0.236205,0.244388,175.214259,0.333333
9145,,13,5,0,5,5,0,5,0,0,0,0,0.55
13906,,13,7,4,11,7,4,11,8,0.235998,0.244224,27449.762566,0.339286
5754,,11,4,7,11,4,7,11,8,0.269127,0.281032,15048.264411,0.152778
7334,,13,7,13,20,7,13,20,9,0.213444,0.219989,26825.671703,0.295238
27936,,13,1,0,1,1,0,1,0,0,0,0,0
11469,,13,4,2,6,4,2,6,9,0.209936,0.216045,502.144058,0.533333
32864,,13,2,3,5,2,3,5,9,0.19821,0.203326,25.881568,0.5
31683,,13,4,2,6,4,2,6,9,0.194084,0.198428,15.27038,0.75
31809,,13,3,3,6,3,3,6,8,0.2359,0.244013,7520.582895,0.75
4132,,16,3,2,5,3,2,5,8,0.24374,0.252825,1802.973797,0.416667
9744,,16,3,2,5,3,2,5,8,0.234157,0.242128,0,0.75
1474,,16,20,11,31,20,11,31,8,0.273673,0.285872,184947.115672,0.064615
3594,,16,3,2,5,3,2,5,8,0.234151,0.24211,242.315414,0.416667
14064,,11,4,9,13,4,9,13,8,0.253627,0.263643,86566.63411,0.083333
430,,16,9,14,23,9,14,23,8,0.255392,0.266655,143156.243816,0.118421
13250,,16,7,3,10,7,3,10,9,0.217934,0.224002,149.711273,0.311111
11314,,16,4,1,5,4,1,5,8,0.234148,0.242084,0,0.583333
5176,,16,5,4,9,5,4,9,8,0.256422,0.266608,50930.83588,0.266667
4930,,16,4,5,9,4,5,9,8,0.251846,0.261777,8082.462876,0.309524
24296,,16,3,2,5,3,2,5,9,0.192643,0.197031,13.769478,0.35
17196,,16,3,2,5,3,2,5,8,0.234151,0.24211,1.5,0.666667
6858,,16,2,1,3,2,1,3,8,0.234148,0.242084,0,1
9598,,16,2,1,3,2,1,3,8,0.234148,0.242084,0,1
14756,,16,8,4,12,8,4,12,8,0.260622,0.27167,49919.696253,0.177778
4357,,16,1,0,1,1,0,1,0,0,0,0,0
1083,,16,3,2,5,3,2,5,8,0.236418,0.244418,37674.390228,0.333333
7990,,16,2,2,4,2,2,4,8,0.234151,0.24211,0,1
9346,,16,1,2,3,1,2,3,8,0.236418,0.244418,0,1
1082,,16,2,2,4,2,2,4,8,0.234151,0.24211,0.833333,0.666667
12525,,16,1,7,8,1,7,8,8,0.238455,0.246756,25974,0.547619
16663,,16,2,0,2,2,0,2,0,0,0,0,0
11575,,16,2,4,6,2,4,6,8,0.236466,0.244548,0,0.833333
18540,,16,1,0,1,1,0,1,0,0,0,0,0
16429,,16,3,4,7,3,4,7,8,0.251204,0.260694,698.379172,0.3
19369,,16,1,2,3,1,2,3,8,0.250886,0.26019,0,1
8697,,16,3,4,7,3,4,7,8,0.266759,0.278175,4229.270047,0.133333
16328,,0,3,5,8,3,5,8,8,0.277032,0.289368,3604.607777,0.142857
18459,,16,1,2,3,1,2,3,8,0.234399,0.24241,136.503506,0.5
19948,,16,2,1,3,2,1,3,8,0.234148,0.242084,0,0.5
26425,,16,1,2,3,1,2,3,9,0.191232,0.195422,0,0.666667
15243,,16,1,3,4,1,3,4,8,0.236451,0.244524,0,1
7242,,16,2,1,3,2,1,3,8,0.226929,0.234501,0,0.5
27296,,16,1,0,1,1,0,1,0,0,0,0,0
28766,,16,2,0,2,2,0,2,0,0,0,0,0.5
31239,,16,1,1,2,1,1,2,9,0.206745,0.212093,0,1
31728,,16,1,0,1,1,0,1,0,0,0,0,0
32510,,16,1,0,1,1,0,1,0,0,0,0,0
2000,,6,5,11,16,5,11,16,8,0.270652,0.282616,177810.208151,0.083333
25986,,16,1,1,2,1,1,2,9,0.214874,0.220562,0,1
7589,,7,1,0,1,1,0,1,0,0,0,0,0
6504,,7,1,7,8,1,7,8,8,0.267609,0.279502,26076.978861,0.160714
8892,,8,3,3,6,3,3,6,8,0.264377,0.274939,1460.727195,0.1
6028,,7,12,7,19,12,7,19,8,0.250562,0.261038,30571.398031,0.124183
7328,,7,2,3,5,2,3,5,8,0.240198,0.248227,93.382084,0.3
5803,,7,5,7,12,5,7,12,8,0.276325,0.289431,42084.026179,0.121212
35497,,7,1,0,1,1,0,1,0,0,0,0,0
8246,,6,2,0,2,2,0,2,0,0,0,0,1
528,,10,8,10,18,8,10,18,8,0.267282,0.279342,11705.515359,0.211538
27913,,10,6,0,6,6,0,6,0,0,0,0,0.1
29035,,6,4,2,6,4,2,6,8,0.249146,0.258885,31.011392,0.65
30209,,6,1,1,2,1,1,2,9,0.218447,0.225271,0,0
30856,,6,1,0,1,1,0,1,0,0,0,0,0
27175,,6,1,1,2,1,1,2,8,0.247392,0.256732,0,1
33797,,6,1,0,1,1,0,1,0,0,0,0,0
14700,,9,3,2,5,3,2,5,8,0.247626,0.257517,14793.826282,0.2
16139,,5,1,1,2,1,1,2,8,0.240483,0.248319,72.524759,0
17300,,5,3,1,4,3,1,4,9,0.186671,0.190441,0,0.666667
15045,,8,5,2,7,5,2,7,8,0.225558,0.23308,19965.51598,0.133333
19391,,5,1,0,1,1,0,1,0,0,0,0,0
1185,,5,10,20,30,10,20,30,7,0.287829,0.302095,154734.542388,0.075397
3084,,10,36,11,47,36,11,47,8,0.272734,0.285423,293727.630669,0.031008
215,,10,2,0,2,2,0,2,0,0,0,0,0
1833,,24,1,1,2,1,1,2,9,0.218759,0.225229,61.324518,0
4574,,10,5,5,10,5,5,10,8,0.267685,0.279403,2130.774618,0.25
3114,,11,4,4,8,4,4,8,8,0.233634,0.242435,385.093007,0.4
8299,,11,6,9,15,6,9,15,8,0.272355,0.285701,30551.477609,0.211538
11053,,10,1,1,2,1,1,2,9,0.227593,0.235164,0,0
11636,,11,1,1,2,1,1,2,8,0.231499,0.239015,418.097895,0
9497,,10,1,2,3,1,2,3,9,0.233924,0.242202,82.174222,0
16832,,10,1,0,1,1,0,1,0,0,0,0,0
3796,,7,4,5,9,4,5,9,8,0.260315,0.27112,27197.998924,0.097222
16812,,10,2,16,18,2,16,18,8,0.279264,0.292522,5707.245058,0.084967
22003,,10,1,0,1,1,0,1,0,0,0,0,0
22168,,10,1,0,1,1,0,1,0,0,0,0,0
24402,,10,1,0,1,1,0,1,0,0,0,0,0
25616,,10,1,0,1,1,0,1,0,0,0,0,0
24679,,10,2,3,5,2,3,5,8,0.239852,0.247976,37.07556,0.6
1754,,10,2,10,12,2,10,12,8,0.256258,0.266481,888.142377,0.1
28985,,2,1,2,3,1,2,3,8,0.261752,0.272933,48.571406,0.166667
25097,,10,1,2,3,1,2,3,9,0.233518,0.241708,26074.441274,0
3846,,0,15,14,29,15,14,29,8,0.242494,0.251932,4492.924336,0.139601
16025,,0,2,2,4,2,2,4,8,0.22894,0.236682,25974,0.25
1103,,0,12,13,25,12,13,25,8,0.242422,0.251472,108669.832537,0.127706
850,,0,1,5,6,1,5,6,8,0.234215,0.242464,145.690793,0.366667
34155,,0,1,0,1,1,0,1,0,0,0,0,0
3978,,0,1,1,2,1,1,2,8,0.228932,0.236642,0,1
2494,,7,3,5,8,3,5,8,8,0.243425,0.252386,1173.751438,0.196429
9587,,7,1,0,1,1,0,1,0,0,0,0,0
4868,,7,5,9,14,5,9,14,8,0.272091,0.285151,22972.284652,0.186813
12614,,7,2,0,2,2,0,2,0,0,0,0,0
5512,,7,2,1,3,2,1,3,9,0.222498,0.22944,0,0.5
2051,,7,3,16,19,3,16,19,8,0.282694,0.296882,10467.04888,0.22807
24452,,7,2,2,4,2,2,4,9,0.209896,0.215958,26073.655221,0
26132,,7,16,34,50,16,34,50,8,0.289177,0.305438,133871.551184,0.162791
3802,,7,2,2,4,2,2,4,8,0.263187,0.273987,18826,0.166667
34051,,7,2,1,3,2,1,3,8,0.244567,0.253556,89.139709,0
1391,,7,1,59,60,1,59,60,7,0.307459,0.325042,62981.714245,0.146893
6716,,7,4,13,17,4,13,17,8,0.27256,0.286003,1170.276017,0.183824
10090,,7,1,3,4,1,3,4,9,0.223621,0.230471,1654.434906,0.166667
16078,,7,2,2,4,2,2,4,8,0.240843,0.249492,123.079655,0.333333
2337,,7,15,26,41,15,26,41,8,0.288318,0.30336,164921.373067,0.147059
25216,,7,1,7,8,1,7,8,8,0.260827,0.271634,46.149416,0.196429
20827,,5,6,4,10,6,4,10,8,0.26495,0.276614,53291.310025,0.160714
30698,,7,1,2,3,1,2,3,8,0.24301,0.25163,38.002235,0.5
31550,,7,4,0,4,4,0,4,0,0,0,0,0.416667
30092,,7,3,6,9,3,6,9,8,0.28151,0.295486,1470.854523,0.402778
33103,,7,4,0,4,4,0,4,0,0,0,0,0.166667
31615,,7,3,2,5,3,2,5,8,0.243217,0.252084,166.146857,0.4
7946,,7,7,3,10,7,3,10,9,0.231619,0.239515,1922.785193,0.111111
10933,,9,1,2,3,1,2,3,10,0.164899,0.168058,114.431309,0
31704,,7,3,2,5,3,2,5,8,0.233852,0.24124,266.465841,0.333333
35336,,7,1,0,1,1,0,1,0,0,0,0,0
10055,,7,3,5,8,3,5,8,8,0.254399,0.264433,745.597767,0.428571
1774,,8,14,9,23,14,9,23,8,0.274336,0.287413,40088.1518,0.147059
13647,,7,1,1,2,1,1,2,8,0.248322,0.25719,0,1
2456,,5,1,6,7,1,6,7,8,0.273185,0.285459,686.345088,0.071429
3391,,5,4,11,15,4,11,15,8,0.256335,0.267411,2279.485609,0.141026
9524,,8,33,21,54,33,21,54,8,0.292016,0.307025,326735.368392,0.05017
31078,,7,4,5,9,4,5,9,8,0.260755,0.27123,0,0.5
23148,,7,10,6,16,10,6,16,8,0.261302,0.271787,3734.538351,0.282051
10189,,7,1,0,1,1,0,1,0,0,0,0,0
11216,,7,1,1,2,1,1,2,9,0.200066,0.204368,0,0.5
13919,,7,1,1,2,1,1,2,8,0.234563,0.242402,0,0
8628,,5,2,2,4,2,2,4,8,0.235407,0.24275,28.227563,0.166667
3396,,8,2,3,5,2,3,5,8,0.244703,0.253102,827.485972,0.083333
12427,,8,3,7,10,3,7,10,8,0.268463,0.280379,20318.905242,0.291667
30207,,7,3,0,3,3,0,3,0,0,0,0,0
28940,,7,3,4,7,3,4,7,9,0.23546,0.243165,1098.592504,0.190476
2160,,11,1,0,1,1,0,1,0,0,0,0,0
2263,,11,2,2,4,2,2,4,9,0.251285,0.261812,0,1
624,,11,7,8,15,7,8,15,9,0.216742,0.223592,295764.9544,0.063636
5239,,11,1,1,2,1,1,2,9,0.216555,0.222363,332.476128,0.5
5285,,16,4,4,8,4,4,8,9,0.237642,0.246668,56700.843732,0.142857
6544,,13,2,0,2,2,0,2,0,0,0,0,1
7227,,11,4,2,6,4,2,6,8,0.246976,0.2563,1940.852933,0.35
9539,,11,1,0,1,1,0,1,0,0,0,0,0
8923,,16,21,0,21,21,0,21,0,0,0,0,0.045238
3265,,11,15,21,36,15,21,36,8,0.268632,0.282144,234792.456808,0.062069
6103,,11,2,1,3,2,1,3,9,0.2125,0.218571,2673.362178,0.166667
11542,,11,7,3,10,7,3,10,8,0.238087,0.246908,45668.390442,0.214286
2631,,11,10,6,16,10,6,16,8,0.267259,0.279495,36411.967147,0.17619
13769,,11,1,1,2,1,1,2,8,0.244427,0.25448,0,0
10676,,11,4,5,9,4,5,9,8,0.271245,0.283818,33029.465429,0.232143
1049,,11,2,1,3,2,1,3,1,1,1,25976,0
16512,,8,3,0,3,3,0,3,0,0,0,0,0.333333
16625,,11,2,1,3,2,1,3,8,0.226877,0.233704,0,1
5245,,16,3,0,3,3,0,3,0,0,0,0,0
14120,,11,3,4,7,3,4,7,8,0.246046,0.255807,27405.890529,0.366667
3347,,11,2,1,3,2,1,3,9,0.232952,0.241229,378.066235,0.5
4327,,0,15,18,33,15,18,33,8,0.258812,0.269942,255159.662174,0.03908
1891,,11,2,3,5,2,3,5,8,0.237085,0.244808,29203.163316,0.083333
17914,,19,3,0,3,3,0,3,0,0,0,0,0.166667
12417,,11,2,2,4,2,2,4,9,0.208617,0.213939,31858.645718,0
20866,,8,5,0,5,5,0,5,0,0,0,0,0.15
21635,,11,1,0,1,1,0,1,0,0,0,0,0
5116,,11,4,6,10,4,6,10,8,0.255628,0.266225,12986.037578,0.321429
20432,,11,2,0,2,2,0,2,0,0,0,0,0.5
18414,,11,4,4,8,4,4,8,8,0.242788,0.252663,1873.893195,0.47619
18449,,11,10,5,15,10,5,15,8,0.241047,0.24994,47392.136373,0.10989
5029,,11,2,3,5,2,3,5,9,0.226961,0.234436,1980.142377,0.1
17849,,16,1,3,4,1,3,4,8,0.24568,0.255239,142.526132,0.416667
24899,,11,1,0,1,1,0,1,0,0,0,0,0
19287,,11,3,1,4,3,1,4,9,0.2135,0.219758,2332.299385,0.166667
25285,,11,4,1,5,4,1,5,9,0.231286,0.23842,3634.782957,0.4
26200,,11,1,1,2,1,1,2,9,0.210556,0.216299,1755.527911,0
2299,,1,20,7,27,20,7,27,8,0.229644,0.237416,77373.141552,0.088768
15214,,11,5,11,16,5,11,16,7,0.267449,0.279637,152026.2365,0.058333
28316,,11,2,0,2,2,0,2,0,0,0,0,0
14058,,11,2,1,3,2,1,3,9,0.224852,0.232779,29.957425,0.666667
28719,,11,1,0,1,1,0,1,0,0,0,0,0
24649,,11,7,4,11,7,4,11,8,0.254289,0.266219,24171.061702,0.222222
23541,,11,2,1,3,2,1,3,8,0.239855,0.247708,410.895937,0.166667
10356,,11,1,3,4,1,3,4,8,0.244348,0.254201,4829.442185,0.5
30282,,11,5,5,10,5,5,10,8,0.248695,0.259141,82494.0162,0.1
4378,,16,23,20,43,23,20,43,8,0.272458,0.285804,270177.759083,0.073077
6874,,11,2,2,4,2,2,4,8,0.240075,0.248051,1435.767131,0.5
1948,,11,2,6,8,2,6,8,8,0.253908,0.266041,53597.153923,0.25
32896,,11,3,2,5,3,2,5,9,0.208936,0.215055,2620.022103,0.25
9335,,11,7,12,19,7,12,19,8,0.274957,0.287994,26462.505492,0.290476
28715,,1,9,1,10,9,1,10,9,0.238283,0.246728,160252.66392,0.022222
34105,,11,1,0,1,1,0,1,0,0,0,0,0
27522,,11,3,3,6,3,3,6,9,0.215803,0.22268,26916.031318,0.15
27124,,11,2,0,2,2,0,2,0,0,0,0,0.5
35093,,11,1,0,1,1,0,1,0,0,0,0,0
2826,,11,5,8,13,5,8,13,8,0.248909,0.259521,125875.508444,0.027273
3056,,8,15,46,61,15,46,61,7,0.309206,0.327271,340320.633474,0.087338
5271,,11,7,1,8,7,1,8,9,0.233261,0.241023,161.728765,0.196429
5437,,1,4,2,6,4,2,6,8,0.23113,0.238573,2395.378522,0.1
5650,,7,2,0,2,2,0,2,0,0,0,0,0
6040,,11,1,7,8,1,7,8,8,0.261723,0.273268,42585.294067,0.160714
6517,,7,1,0,1,1,0,1,0,0,0,0,0
7753,,7,1,0,1,1,0,1,0,0,0,0,0
2099,,10,2,1,3,2,1,3,8,0.232563,0.240767,161.073546,0.166667
8702,,7,1,0,1,1,0,1,0,0,0,0,0
9469,,7,1,0,1,1,0,1,0,0,0,0,0
5667,,5,2,0,2,2,0,2,0,0,0,0,0
9470,,7,1,0,1,1,0,1,0,0,0,0,0
1796,,11,6,0,6,6,0,6,0,0,0,0,0.033333
10819,,7,1,0,1,1,0,1,0,0,0,0,0
10879,,7,1,0,1,1,0,1,0,0,0,0,0
11137,,7,1,0,1,1,0,1,0,0,0,0,0
11138,,7,1,0,1,1,0,1,0,0,0,0,0
2124,,10,6,2,8,6,2,8,8,0.244563,0.253576,19670.511121,0.2
13139,,7,1,2,3,1,2,3,8,0.230971,0.237729,292.790614,0.166667
14387,,7,1,0,1,1,0,1,0,0,0,0,0
8807,,8,6,5,11,6,5,11,8,0.248982,0.258537,12052.436381,0.166667
5083,,8,12,22,34,12,22,34,8,0.272505,0.285689,125501.906479,0.068182
9481,,7,3,0,3,3,0,3,0,0,0,0,0.5
16005,,7,1,0,1,1,0,1,0,0,0,0,0
8263,,16,8,27,35,8,27,35,8,0.260632,0.272052,699933.955204,0.038306
4970,,7,6,0,6,6,0,6,0,0,0,0,0.133333
13027,,7,1,1,2,1,1,2,8,0.248761,0.257751,0,0.5
16562,,7,2,0,2,2,0,2,0,0,0,0,0
17006,,7,1,0,1,1,0,1,0,0,0,0,0
13117,,7,3,4,7,3,4,7,8,0.255199,0.264814,43516.523926,0.214286
17758,,7,4,0,4,4,0,4,0,0,0,0,0.333333
19115,,7,1,1,2,1,1,2,1,1,1,101.281921,0
17338,,11,3,4,7,3,4,7,8,0.253405,0.263993,1541.043269,0.357143
5448,,0,2,11,13,2,11,13,8,0.249318,0.259271,22548.73398,0.141026
20306,,7,1,0,1,1,0,1,0,0,0,0,0
17834,,8,4,7,11,4,7,11,8,0.272091,0.284922,27647.312188,0.233333
20602,,7,1,0,1,1,0,1,0,0,0,0,0
11202,,1,3,7,10,3,7,10,8,0.280491,0.293376,1642.515167,0.347222
991,,7,2,1,3,2,1,3,8,0.245867,0.254025,37.789469,0.333333
2993,,5,7,12,19,7,12,19,7,0.298759,0.314226,89062.793135,0.180147
8833,,5,6,5,11,6,5,11,8,0.241238,0.249231,1733.615339,0.277778
775,,5,41,37,78,41,37,78,8,0.282792,0.29816,593919.417333,0.056052
22386,,7,1,0,1,1,0,1,0,0,0,0,0
6978,,10,10,11,21,10,11,21,8,0.25435,0.264677,125736.574995,0.046784
10783,,5,6,4,10,6,4,10,8,0.240742,0.248883,55926.523809,0.069444
10444,,7,2,6,8,2,6,8,8,0.275811,0.289312,36187.912317,0.321429
23971,,7,1,0,1,1,0,1,0,0,0,0,0
2146,,5,6,4,10,6,4,10,9,0.22475,0.231305,15859.424561,0.261905
16558,,15,1,3,4,1,3,4,10,0.179584,0.182927,27121.606214,0.166667
24614,,7,1,0,1,1,0,1,0,0,0,0,0
24815,,7,1,0,1,1,0,1,0,0,0,0,0
19211,,24,4,5,9,4,5,9,9,0.234058,0.242822,44315.23933,0.125
25695,,7,1,0,1,1,0,1,0,0,0,0,0
6923,,7,1,2,3,1,2,3,9,0.223542,0.230522,2122.649337,0
26924,,7,3,0,3,3,0,3,0,0,0,0,0.333333
6472,,24,15,18,33,15,18,33,8,0.27645,0.290154,444869.327154,0.062808
5921,,7,2,1,3,2,1,3,9,0.226505,0.233974,575.653983,0.166667
29887,,7,1,0,1,1,0,1,0,0,0,0,0
27595,,11,2,3,5,2,3,5,8,0.264369,0.275933,74.312012,0.7
29891,,7,2,0,2,2,0,2,0,0,0,0,0
30475,,7,1,0,1,1,0,1,0,0,0,0,0
13284,,11,2,2,4,2,2,4,8,0.243863,0.252655,618.201265,0.666667
24756,,7,3,0,3,3,0,3,0,0,0,0,0.5
13846,,10,3,1,4,3,1,4,8,0.263548,0.2744,0,0.666667
1204,,11,24,11,35,24,11,35,9,0.2406,0.248941,241434.68737,0.048295
865,,2,16,9,25,16,9,25,8,0.263836,0.276044,492595.430791,0.032164
31620,,7,5,0,5,5,0,5,0,0,0,0,0.3
32485,,7,1,0,1,1,0,1,0,0,0,0,0
32886,,7,2,0,2,2,0,2,0,0,0,0,1
32950,,7,1,0,1,1,0,1,0,0,0,0,0
25119,,7,1,1,2,1,1,2,9,0.200064,0.204366,0,0.5
33660,,7,1,1,2,1,1,2,8,0.257541,0.268685,0,1
20051,,7,7,30,37,7,30,37,7,0.29267,0.308134,60316.122659,0.095345
12848,,11,1,3,4,1,3,4,8,0.250719,0.260661,1296.678599,0.5
34519,,7,1,0,1,1,0,1,0,0,0,0,0
21120,,7,1,1,2,1,1,2,9,0.209259,0.21489,0,0.5
5885,,0,10,13,23,10,13,23,8,0.269304,0.281982,187020.080194,0.082251
35418,,7,1,0,1,1,0,1,0,0,0,0,0
8242,,8,3,3,6,3,3,6,8,0.231967,0.240304,19045.800165,0.1
227,,10,15,16,31,15,16,31,8,0.268878,0.281559,92699.690531,0.083908
228,,10,1,0,1,1,0,1,0,0,0,0,0
5674,,10,5,2,7,5,2,7,8,0.236796,0.24426,91.814231,0.190476
7574,,10,12,0,12,12,0,12,0,0,0,0,0.128788
14496,,10,10,1,11,10,1,11,10,0.180353,0.184085,1304.585534,0.109091
5019,,15,21,8,29,21,8,29,9,0.220885,0.228397,138365.301382,0.049231
8224,,10,10,1,11,10,1,11,9,0.219727,0.226388,451.021778,0.133333
9023,,10,15,9,24,15,9,24,8,0.277834,0.29138,97163.248277,0.094203
6898,,8,1,0,1,1,0,1,0,0,0,0,0
17280,,8,1,0,1,1,0,1,0,0,0,0,0
886,,15,1,0,1,1,0,1,0,0,0,0,0
1451,,15,1,0,1,1,0,1,0,0,0,0,0
2545,,21,12,0,12,12,0,12,0,0,0,0,0.075758
452,,0,11,7,18,11,7,18,8,0.250656,0.260337,5047.744855,0.120833
7034,,0,3,3,6,3,3,6,8,0.228957,0.236738,27009.201306,0.2
7136,,9,1,1,2,1,1,2,10,0.177507,0.180765,682.345729,0
8895,,15,2,0,2,2,0,2,0,0,0,0,0
3719,,8,4,4,8,4,4,8,8,0.255399,0.266059,39241.580693,0.047619
1919,,0,8,4,12,8,4,12,8,0.269884,0.281495,29512.611809,0.128788
9436,,15,1,0,1,1,0,1,0,0,0,0,0
4912,,2,1,4,5,1,4,5,8,0.242672,0.251387,127.158314,0.3
11034,,15,3,2,5,3,2,5,9,0.229471,0.236707,131.969833,0
11040,,15,2,0,2,2,0,2,0,0,0,0,0
10924,,9,1,2,3,1,2,3,1,1,1,25175.429676,0
3910,,0,2,2,4,2,2,4,9,0.200245,0.205735,106.00312,0.166667
12866,,15,1,0,1,1,0,1,0,0,0,0,0
13015,,15,1,0,1,1,0,1,0,0,0,0,0
12551,,15,2,0,2,2,0,2,0,0,0,0,0
13470,,15,2,0,2,2,0,2,0,0,0,0,0
13892,,15,2,0,2,2,0,2,0,0,0,0,1
1529,,10,16,32,48,16,32,48,8,0.272971,0.286306,356054.578123,0.040244
2652,,8,4,4,8,4,4,8,8,0.267586,0.279353,9873.672009,0.190476
6600,,0,3,6,9,3,6,9,9,0.223298,0.230902,1411.493467,0.232143
17693,,11,2,2,4,2,2,4,8,0.246143,0.25513,79.538684,0.333333
18494,,15,1,0,1,1,0,1,0,0,0,0,0
4809,,8,4,3,7,4,3,7,8,0.2313,0.239954,2784.293472,0.25
18849,,15,1,0,1,1,0,1,0,0,0,0,0
564,,8,18,25,43,18,25,43,7,0.305235,0.321219,249071.751114,0.103361
19852,,21,11,1,12,11,1,12,8,0.227016,0.233478,132072.248782,0.030303
10750,,2,4,3,7,4,3,7,8,0.273308,0.285006,36398.086241,0.166667
20180,,6,3,1,4,3,1,4,9,0.197555,0.202729,146.439107,0
17636,,15,1,1,2,1,1,2,9,0.205641,0.211331,6.159085,0
21171,,15,1,0,1,1,0,1,0,0,0,0,0
12142,,15,4,4,8,4,4,8,8,0.249288,0.258509,27018.503361,0.033333
21570,,15,1,0,1,1,0,1,0,0,0,0,0
21811,,15,1,0,1,1,0,1,0,0,0,0,0
22085,,15,1,0,1,1,0,1,0,0,0,0,0
13706,,10,7,4,11,7,4,11,9,0.231417,0.239299,39813.095778,0.022222
20237,,11,5,4,9,5,4,9,8,0.232494,0.239642,10170.889903,0.3
8521,,16,4,3,7,4,3,7,8,0.237023,0.24588,801.642872,0.35
23119,,15,1,0,1,1,0,1,0,0,0,0,0
23242,,5,3,1,4,3,1,4,9,0.20107,0.205638,387.150419,0.166667
23259,,15,1,0,1,1,0,1,0,0,0,0,0
23265,,15,1,0,1,1,0,1,0,0,0,0,0
14303,,15,4,5,9,4,5,9,8,0.239215,0.248212,26625.822324,0.142857
23565,,15,2,0,2,2,0,2,0,0,0,0,1
11029,,15,9,8,17,9,8,17,8,0.259519,0.270741,25886.382421,0.084559
8650,,15,7,6,13,7,6,13,8,0.252851,0.263281,64632.941516,0.05303
24060,,15,1,0,1,1,0,1,0,0,0,0,0
25391,,15,1,0,1,1,0,1,0,0,0,0,0
25546,,15,1,0,1,1,0,1,0,0,0,0,0
13121,,16,6,8,14,6,8,14,8,0.269439,0.281814,5772.759484,0.126374
26666,,15,1,1,2,1,1,2,9,0.200454,0.205716,43.662479,0
26679,,15,1,0,1,1,0,1,0,0,0,0,0
28116,,11,5,1,6,5,1,6,9,0.231153,0.23891,2009.875311,0.333333
29425,,15,1,0,1,1,0,1,0,0,0,0,0
30497,,15,1,0,1,1,0,1,0,0,0,0,0
20908,,11,9,4,13,9,4,13,8,0.25332,0.263288,3539.766234,0.19697
12064,,15,2,2,4,2,2,4,8,0.265278,0.276506,18920.733448,0.083333
7766,,8,6,4,10,6,4,10,8,0.267769,0.278704,28556.415114,0.055556
30292,,15,2,0,2,2,0,2,0,0,0,0,0
28641,,2,2,2,4,2,2,4,9,0.226473,0.234256,18857.762251,0
9171,,8,2,6,8,2,6,8,8,0.252396,0.262544,30029.9864,0
3740,,8,6,11,17,6,11,17,8,0.26952,0.282107,24381.22611,0.091912
33601,,10,4,1,5,4,1,5,9,0.216058,0.222882,183.0253,0.166667
1862,,21,5,48,53,5,48,53,8,0.23837,0.250618,697095.107561,0.009804
35491,,15,1,0,1,1,0,1,0,0,0,0,0
9523,,2,3,2,5,3,2,5,9,0.212387,0.218373,1979.856952,0.25
31233,,11,5,5,10,5,5,10,8,0.23676,0.244445,27552.648837,0.333333
5916,,10,3,4,7,3,4,7,9,0.216142,0.222367,1500.602485,0.095238
1319,,9,7,3,10,7,3,10,8,0.248138,0.25779,16179.573811,0.077778
234,,7,1,2,3,1,2,3,8,0.265462,0.276803,0,0.5
2918,,7,1,2,3,1,2,3,9,0.22311,0.230207,0,0.5
3080,,7,1,0,1,1,0,1,0,0,0,0,0
3333,,7,1,0,1,1,0,1,0,0,0,0,0
3765,,7,2,10,12,2,10,12,7,0.303034,0.319028,25.420591,0.515152
4937,,7,2,0,2,2,0,2,0,0,0,0,1
3646,,7,5,4,9,5,4,9,8,0.250519,0.260474,9168.942174,0.263889
5788,,7,1,0,1,1,0,1,0,0,0,0,0
2816,,7,7,10,17,7,10,17,8,0.279081,0.292885,14176.640511,0.180952
5894,,7,1,1,2,1,1,2,8,0.265443,0.276741,0,0
4924,,8,3,1,4,3,1,4,8,0.265443,0.276741,18826,0.333333
8607,,7,1,0,1,1,0,1,0,0,0,0,0
6639,,7,1,1,2,1,1,2,8,0.234566,0.242411,46.913861,0.5
5821,,7,7,17,24,7,17,24,8,0.279305,0.293317,8510.018913,0.142857
5960,,0,3,3,6,3,3,6,8,0.261599,0.272811,94452.330679,0.1
7197,,5,4,2,6,4,2,6,9,0.227549,0.234905,19449.650828,0.166667
11200,,7,1,0,1,1,0,1,0,0,0,0,0
3671,,7,26,33,59,26,33,59,7,0.304731,0.321577,314092.795314,0.076241
3767,,7,4,5,9,4,5,9,8,0.232168,0.240088,837.433141,0.125
9212,,11,31,20,51,31,20,51,8,0.277322,0.291251,346403.992423,0.049645
15624,,7,1,0,1,1,0,1,0,0,0,0,0
4375,,8,4,1,5,4,1,5,9,0.211871,0.217611,19129.986321,0
15274,,7,1,8,9,1,8,9,8,0.27654,0.289273,2764.204817,0.472222
2383,,15,14,4,18,14,4,18,9,0.223231,0.230169,65796.27089,0.055147
1714,,10,12,20,32,12,20,32,8,0.273304,0.286768,49246.924921,0.104301
16580,,7,10,0,10,10,0,10,0,0,0,0,0.1
16256,,8,3,3,6,3,3,6,8,0.254069,0.263617,19135.940469,0.166667
18484,,7,30,63,93,30,63,93,8,0.302091,0.320953,446517.421667,0.047676
14624,,7,8,2,10,8,2,10,8,0.239993,0.248116,401.779071,0.263889
3751,,7,10,10,20,10,10,20,8,0.281928,0.296059,34067.073418,0.152047
21717,,7,5,0,5,5,0,5,0,0,0,0,0.45
21457,,11,7,11,18,7,11,18,8,0.28414,0.299267,81464.015745,0.409524
5321,,10,28,18,46,28,18,46,8,0.279666,0.293084,250228.843092,0.083056
23005,,7,1,0,1,1,0,1,0,0,0,0,0
11852,,7,6,0,6,6,0,6,0,0,0,0,0.4
20498,,7,6,0,6,6,0,6,0,0,0,0,0.4
9511,,7,1,1,2,1,1,2,8,0.265443,0.276741,0,0
23753,,7,1,0,1,1,0,1,0,0,0,0,0
23975,,7,4,0,4,4,0,4,0,0,0,0,0.166667
1191,,10,5,4,9,5,4,9,8,0.250292,0.259476,949.656885,0.263889
25039,,7,1,0,1,1,0,1,0,0,0,0,0
19777,,7,3,1,4,3,1,4,10,0.158135,0.160654,9860.60704,0.166667
25613,,7,4,2,6,4,2,6,8,0.243633,0.251877,18974.473786,0.433333
24666,,7,4,4,8,4,4,8,8,0.239959,0.248746,175.684692,0.47619
14832,,7,5,1,6,5,1,6,8,0.261472,0.272564,75.072715,0.666667
25811,,7,5,4,9,5,4,9,8,0.27019,0.282358,966.274678,0.766667
25772,,7,2,0,2,2,0,2,0,0,0,0,1
25872,,7,3,0,3,3,0,3,0,0,0,0,0.333333
24708,,7,3,3,6,3,3,6,8,0.243668,0.25194,17900.786931,0.4
28825,,7,1,0,1,1,0,1,0,0,0,0,0
28662,,8,1,2,3,1,2,3,8,0.265709,0.27707,0,1
28585,,7,13,25,38,13,25,38,8,0.283289,0.298135,173637.354003,0.115865
11827,,7,3,5,8,3,5,8,8,0.267936,0.279804,5569.054541,0.4
28530,,6,1,1,2,1,1,2,8,0.236757,0.244747,361.498355,0
1390,,7,2,4,6,2,4,6,8,0.268755,0.281181,8132.751545,0.333333
21287,,9,3,2,5,3,2,5,8,0.265458,0.27679,38651.596549,0
28632,,7,1,4,5,1,4,5,8,0.265514,0.276949,0,0.666667
4302,,1,8,3,11,8,3,11,9,0.217584,0.223653,20332.131459,0.127273
31323,,7,6,0,6,6,0,6,0,0,0,0,0.166667
29898,,7,5,2,7,5,2,7,8,0.266005,0.277387,1829.349337,0.366667
30673,,8,7,27,34,7,27,34,8,0.28634,0.301997,117003.41893,0.178571
5207,,10,5,4,9,5,4,9,8,0.249011,0.258422,2166.416534,0.097222
21263,,7,2,6,8,2,6,8,8,0.269174,0.281454,2659.581287,0.482143
32263,,7,1,0,1,1,0,1,0,0,0,0,0
7203,,7,4,1,5,4,1,5,1,1,1,25976,0.05
32391,,7,5,0,5,5,0,5,0,0,0,0,0.35
14392,,8,5,2,7,5,2,7,8,0.24552,0.253876,1430.190649,0.266667
25904,,8,3,4,7,3,4,7,8,0.236383,0.244835,54409.698202,0.071429
28210,,7,2,1,3,2,1,3,8,0.265443,0.276741,18826,0
32458,,7,1,0,1,1,0,1,0,0,0,0,0
3158,,8,6,6,12,6,6,12,9,0.244478,0.253898,71669.343149,0.172727
17717,,6,3,1,4,3,1,4,9,0.210898,0.216681,5.470254,0.166667
33064,,7,2,2,4,2,2,4,8,0.270613,0.282905,0,1
33168,,7,2,2,4,2,2,4,8,0.232405,0.239648,102.895245,0.5
29358,,7,3,5,8,3,5,8,8,0.270038,0.282223,36.631965,0.533333
32477,,7,5,1,6,5,1,6,9,0.199042,0.203724,24354.999676,0.1
22314,,8,2,52,54,2,52,54,8,0.298844,0.315855,65430.458243,0.167365
29254,,7,6,16,22,6,16,22,7,0.29912,0.314895,256.558856,0.309524
33587,,2,1,1,2,1,1,2,8,0.261472,0.272564,0,1
20626,,7,1,1,2,1,1,2,8,0.265443,0.276741,0,0
33634,,7,2,0,2,2,0,2,0,0,0,0,0.5
33898,,7,1,0,1,1,0,1,0,0,0,0,0
33901,,7,3,1,4,3,1,4,10,0.179155,0.182313,0.857908,0.25
3693,,7,5,16,21,5,16,21,8,0.27103,0.28388,51624.559398,0.147368
33609,,7,4,9,13,4,9,13,8,0.274977,0.287821,28349.238759,0.242424
24252,,8,6,1,7,6,1,7,9,0.208751,0.214114,2906.804903,0.047619
25663,,7,2,3,5,2,3,5,8,0.238349,0.246159,39.712739,0.416667
34078,,7,4,5,9,4,5,9,8,0.271389,0.283901,319.554085,0.380952
32724,,7,6,10,16,6,10,16,8,0.263736,0.275244,92661.75434,0.171429
34787,,7,1,0,1,1,0,1,0,0,0,0,0
35046,,7,1,0,1,1,0,1,0,0,0,0,0
9010,,7,2,2,4,2,2,4,8,0.248187,0.25727,329.411607,0.333333
35724,,7,1,0,1,1,0,1,0,0,0,0,0
4738,,7,7,12,19,7,12,19,8,0.279999,0.29386,43452.671651,0.191176
10138,,16,2,0,2,2,0,2,0,0,0,0,0
18007,,16,1,1,2,1,1,2,8,0.25495,0.265095,428.564172,0
3687,,8,7,11,18,7,11,18,8,0.251023,0.261351,6597.925705,0.241667
13054,,8,1,0,1,1,0,1,0,0,0,0,0
13381,,8,1,0,1,1,0,1,0,0,0,0,0
5241,,8,15,28,43,15,28,43,8,0.280387,0.294473,84279.433159,0.165079
8458,,8,3,7,10,3,7,10,8,0.248407,0.258413,9346.133516,0.285714
23094,,8,1,0,1,1,0,1,0,0,0,0,0
23782,,8,2,2,4,2,2,4,9,0.222848,0.229562,53.197496,0.25
15161,,7,1,2,3,1,2,3,8,0.250803,0.26022,423.325769,0.333333
14950,,8,2,3,5,2,3,5,8,0.235487,0.243965,308.447695,0.083333
2555,,8,10,7,17,10,7,17,8,0.242907,0.252655,1684.835117,0.104167
4515,,8,26,23,49,26,23,49,8,0.284273,0.298383,125238.843768,0.101329
27268,,8,14,2,16,14,2,16,8,0.238694,0.246735,385.920565,0.180952
240,,0,19,28,47,19,28,47,8,0.253863,0.265416,119957.32985,0.157658
3689,,0,14,12,26,14,12,26,8,0.233712,0.242099,3273.686664,0.266234
1922,,0,34,18,52,34,18,52,8,0.234408,0.243818,68490.898494,0.135354
4543,,0,9,5,14,9,5,14,8,0.242107,0.251673,67011.678077,0.051282
7597,,0,14,1,15,14,1,15,8,0.230847,0.238656,18826,0.324176
15534,,0,26,0,26,26,0,26,0,0,0,0,0.232308
5827,,0,5,2,7,5,2,7,9,0.226165,0.233272,180.944229,0.071429
4504,,0,14,6,20,14,6,20,8,0.23638,0.245107,9747.66515,0.196078
2936,,0,12,11,23,12,11,23,8,0.248784,0.258265,7133.329206,0.177489
2214,,0,7,15,22,7,15,22,8,0.234116,0.242959,52542.370776,0.205882
27085,,0,10,0,10,10,0,10,0,0,0,0,0.344444
4140,,0,10,9,19,10,9,19,8,0.227065,0.234959,19785.909033,0.220833
3569,,0,16,17,33,16,17,33,8,0.244764,0.253999,199928.190548,0.050769
6151,,9,9,12,21,9,12,21,8,0.257675,0.267781,125485.400183,0.042105
669,,0,15,12,27,15,12,27,8,0.273336,0.285592,50300.834187,0.244589
1545,,0,10,11,21,10,11,21,8,0.231819,0.240193,29834.08313,0.231618
10372,,0,2,1,3,2,1,3,8,0.230849,0.238665,0,1
5227,,0,11,15,26,11,15,26,8,0.251338,0.261822,15363.613595,0.155844
5804,,0,10,10,20,10,10,20,8,0.231536,0.239869,10506.63012,0.300654
16034,,0,3,1,4,3,1,4,9,0.190875,0.195256,3.008708,0.25
2467,,0,14,19,33,14,19,33,8,0.236223,0.245372,22608.227723,0.198276
2547,,0,9,15,24,9,15,24,8,0.264518,0.276772,49070.366897,0.207792
2216,,0,10,18,28,10,18,28,8,0.274272,0.287119,18759.403766,0.245059
701,,0,8,13,21,8,13,21,8,0.233657,0.24279,2251.888352,0.248538
2780,,0,4,9,13,4,9,13,8,0.2313,0.239552,185.503953,0.4
17357,,0,1,1,2,1,1,2,8,0.230849,0.238665,0,1
4876,,0,19,17,36,19,17,36,8,0.243431,0.253699,32083.439233,0.090909
18936,,2,1,1,2,1,1,2,8,0.261476,0.272569,757.528221,0
241,,0,0,4,4,0,4,4,8,0.23803,0.246819,0,0.083333
5001,,5,2,1,3,2,1,3,9,0.229706,0.237602,0,1
7352,,5,1,0,1,1,0,1,0,0,0,0,0
8120,,5,1,0,1,1,0,1,0,0,0,0,0
18776,,5,1,2,3,1,2,3,9,0.211811,0.217678,5.561491,0.5
23215,,5,1,1,2,1,1,2,1,1,1,0,0.5
243,,16,2,4,6,2,4,6,8,0.273415,0.286088,1489.473566,0.233333
244,,7,0,1,1,0,1,1,9,0.226164,0.233246,0,0
245,,8,0,1,1,0,1,1,8,0.251449,0.261106,0,0
2747,,8,2,3,5,2,3,5,8,0.231633,0.239422,166.684982,0.166667
1421,,8,15,15,30,15,15,30,8,0.270878,0.283683,96195.14384,0.044615
4736,,8,1,0,1,1,0,1,0,0,0,0,0
5300,,0,2,7,9,2,7,9,8,0.268291,0.280097,1095.002134,0.166667
2754,,5,3,5,8,3,5,8,9,0.220846,0.227949,28080.693633,0.214286
1676,,16,1,1,2,1,1,2,8,0.23696,0.24442,13.887932,0
9781,,8,1,0,1,1,0,1,0,0,0,0,0
6387,,8,5,2,7,5,2,7,8,0.263113,0.273922,20641.663548,0.119048
12560,,8,1,1,2,1,1,2,8,0.225837,0.233102,112.693627,0
12676,,8,1,0,1,1,0,1,0,0,0,0,0
9997,,21,47,36,83,47,36,83,8,0.273423,0.286968,591854.545138,0.035558
3048,,8,2,3,5,2,3,5,8,0.240014,0.247724,2605.930216,0.166667
2035,,10,27,11,38,27,11,38,8,0.241539,0.250309,121923.621033,0.116935
19080,,8,1,2,3,1,2,3,10,0.182126,0.185483,26006.231197,0
5428,,8,2,3,5,2,3,5,8,0.262317,0.273346,131.214068,0.25
1463,,11,15,13,28,15,13,28,8,0.257855,0.270153,50270.63855,0.094203
20970,,8,1,0,1,1,0,1,0,0,0,0,0
548,,8,4,5,9,4,5,9,8,0.248158,0.258202,11521.045496,0.071429
23331,,8,1,0,1,1,0,1,0,0,0,0,0
1642,,8,3,1,4,3,1,4,9,0.250602,0.26096,0,0.5
24028,,8,1,1,2,1,1,2,8,0.251442,0.261093,0,0
24310,,8,2,0,2,2,0,2,0,0,0,0,0.5
1888,,11,11,16,27,11,16,27,8,0.275045,0.288567,123530.338117,0.081522
25988,,16,3,0,3,3,0,3,0,0,0,0,0.166667
26021,,8,1,0,1,1,0,1,0,0,0,0,0
27618,,8,1,0,1,1,0,1,0,0,0,0,0
28181,,1,2,0,2,2,0,2,0,0,0,0,0.5
2422,,1,7,32,39,7,32,39,7,0.306727,0.323663,56938.508079,0.161269
2385,,10,23,36,59,23,36,59,7,0.287017,0.301953,257947.467057,0.077647
26658,,8,2,4,6,2,4,6,8,0.232477,0.240288,27103.210258,0.033333
25877,,8,4,0,4,4,0,4,0,0,0,0,0.083333
2724,,8,2,3,5,2,3,5,8,0.262984,0.273771,19817.988453,0.25
33500,,8,1,0,1,1,0,1,0,0,0,0,0
12965,,8,2,3,5,2,3,5,8,0.263888,0.27497,2580.819471,0.35
1928,,10,17,23,40,17,23,40,8,0.282571,0.296652,201860.313832,0.069069
35666,,15,2,0,2,2,0,2,0,0,0,0,0
5232,,11,2,2,4,2,2,4,9,0.226038,0.233016,0,1
24281,,11,1,1,2,1,1,2,9,0.223404,0.230042,0,0
1136,,16,19,30,49,19,30,49,8,0.276609,0.291191,183231.153294,0.075858
461,,17,7,26,33,7,26,33,9,0.201244,0.207712,1130858.926788,0.057882
12585,,8,1,0,1,1,0,1,0,0,0,0,0
13354,,2,2,2,4,2,2,4,8,0.227719,0.234981,16011.663009,0
14466,,8,4,1,5,4,1,5,8,0.234987,0.243283,7.500204,0.25
10605,,8,2,5,7,2,5,7,8,0.27334,0.285497,286.0032,0.7
18125,,21,2,0,2,2,0,2,0,0,0,0,0
19429,,8,1,0,1,1,0,1,0,0,0,0,0
5557,,8,4,4,8,4,4,8,8,0.241964,0.250385,45411.519759,0.142857
20625,,8,1,0,1,1,0,1,0,0,0,0,0
7686,,8,13,12,25,13,12,25,8,0.268878,0.28177,87188.81172,0.110526
14463,,11,2,2,4,2,2,4,8,0.235832,0.242755,22614.072071,0
2869,,15,29,18,47,29,18,47,8,0.262555,0.274052,227722.065596,0.068151
17753,,7,1,2,3,1,2,3,8,0.275302,0.287057,243.046808,0.5
8639,,1,4,4,8,4,4,8,8,0.228865,0.236165,1894.878825,0.066667
682,,15,4,3,7,4,3,7,9,0.217027,0.223337,19663.022273,0.066667
674,,15,40,64,104,40,64,104,8,0.285346,0.302801,700852.39181,0.040883
3027,,15,4,3,7,4,3,7,9,0.214784,0.220625,77939.765734,0
2036,,11,11,10,21,11,10,21,8,0.246323,0.25708,66297.099336,0.099265
9065,,5,2,1,3,2,1,3,1,1,1,25976,0
506,,7,3,3,6,3,3,6,8,0.262044,0.273265,6865.131836,0.25
2973,,7,1,0,1,1,0,1,0,0,0,0,0
10307,,16,2,2,4,2,2,4,1,1,1,51952,0.083333
18788,,7,7,1,8,7,1,8,1,1,1,25976,0.178571
2188,,11,23,55,78,23,55,78,8,0.295741,0.312666,983159.55458,0.030181
825,,16,1,3,4,1,3,4,8,0.237594,0.246333,901.133661,0.166667
34329,,7,1,0,1,1,0,1,0,0,0,0,0
252,,8,11,11,22,11,11,22,8,0.261305,0.272496,42827.794291,0.236264
4921,,10,7,6,13,7,6,13,8,0.23477,0.243395,8881.495254,0.098485
2771,,10,9,1,10,9,1,10,9,0.207173,0.212533,20227.29213,0.027778
2348,,8,9,12,21,9,12,21,8,0.271139,0.284039,95551.401843,0.252381
5590,,7,2,2,4,2,2,4,8,0.24732,0.25647,470.329858,0.25
5734,,10,5,6,11,5,6,11,8,0.264801,0.276424,96947.766569,0.089286
9234,,10,1,5,6,1,5,6,8,0.262233,0.273604,15072.175788,0.166667
7951,,10,6,6,12,6,6,12,8,0.262863,0.274329,32221.755953,0.106061
18613,,10,3,0,3,3,0,3,0,0,0,0,0.666667
661,,7,1,9,10,1,9,10,8,0.280216,0.292634,56023.136328,0.138889
19125,,9,3,2,5,3,2,5,8,0.239867,0.247986,689.817293,0.25
27935,,10,1,3,4,1,3,4,8,0.24375,0.252547,537.465627,0.333333
21367,,10,8,5,13,8,5,13,8,0.251537,0.26112,64690.273487,0.081818
3234,,8,7,11,18,7,11,18,8,0.274969,0.288184,9257.605728,0.202206
3945,,8,17,14,31,17,14,31,8,0.272979,0.286205,171747.492062,0.126812
1630,,8,3,9,12,3,9,12,8,0.282046,0.296203,44236.01384,0.109091
15730,,15,1,2,3,1,2,3,9,0.223674,0.23077,162.626094,0
19146,,8,1,0,1,1,0,1,0,0,0,0,0
21976,,8,8,0,8,8,0,8,0,0,0,0,0.017857
3860,,8,5,4,9,5,4,9,8,0.253928,0.264671,1615.72324,0.089286
1763,,11,1,1,2,1,1,2,9,0.226511,0.233992,0,0
13758,,8,5,3,8,5,3,8,8,0.233605,0.241425,598.053603,0
6608,,16,1,2,3,1,2,3,8,0.227057,0.235229,323.641458,0.333333
1756,,11,2,5,7,2,5,7,8,0.240241,0.249946,26067.636179,0.133333
17977,,11,6,4,10,6,4,10,8,0.265375,0.276769,2361.842657,0.125
5333,,8,2,2,4,2,2,4,9,0.22284,0.229929,64.894228,0.166667
10550,,8,2,1,3,2,1,3,1,1,1,22.611231,0.166667
10266,,8,3,2,5,3,2,5,8,0.236152,0.244551,200.365018,0.2
2647,,15,7,8,15,7,8,15,8,0.272347,0.28438,34943.904926,0.121795
28318,,8,1,0,1,1,0,1,0,0,0,0,0
28215,,8,2,2,4,2,2,4,8,0.242741,0.250989,185.697655,0.166667
20327,,8,1,1,2,1,1,2,9,0.218101,0.224517,0,0
4316,,8,7,14,21,7,14,21,8,0.258876,0.270182,113603.059444,0.046784
258,,11,6,9,15,6,9,15,8,0.26952,0.282009,59018.077694,0.166667
259,,11,1,0,1,1,0,1,0,0,0,0,0
1634,,11,1,0,1,1,0,1,0,0,0,0,0
2492,,11,7,12,19,7,12,19,8,0.262073,0.274362,155207.760372,0.051471
320,,8,1,0,1,1,0,1,0,0,0,0,0
8652,,8,4,6,10,4,6,10,8,0.248732,0.257907,270.196434,0.482143
13682,,8,1,2,3,1,2,3,8,0.244697,0.253524,0,1
10229,,8,14,28,42,14,28,42,8,0.282728,0.296511,44276.111953,0.132799
1631,,8,13,21,34,13,21,34,8,0.28778,0.302241,77171.691855,0.099432
6996,,8,14,9,23,14,9,23,8,0.270722,0.283639,44356.951359,0.164286
19296,,8,4,8,12,4,8,12,8,0.266216,0.277908,3355.450735,0.454545
560,,21,55,103,158,55,103,158,7,0.316387,0.33621,2690807.941167,0.02485
11237,,8,1,1,2,1,1,2,9,0.223025,0.229756,21.894262,0
5006,,8,1,3,4,1,3,4,8,0.241433,0.249556,2.888709,0.75
5986,,7,2,5,7,2,5,7,8,0.247502,0.257306,6741.904553,0.119048
5854,,7,2,0,2,2,0,2,0,0,0,0,1
9260,,7,1,1,2,1,1,2,8,0.240779,0.248796,0,0
10539,,7,1,2,3,1,2,3,8,0.239495,0.247045,0,1
8387,,8,1,1,2,1,1,2,9,0.221485,0.22813,4.578706,0.5
22186,,8,2,3,5,2,3,5,9,0.224245,0.230853,0,0.833333
19536,,7,1,3,4,1,3,4,8,0.258972,0.26963,81.518225,0.333333
15958,,7,2,0,2,2,0,2,0,0,0,0,0
26100,,7,1,1,2,1,1,2,9,0.214762,0.220711,0,1
3825,,11,2,5,7,2,5,7,8,0.249301,0.259443,1100.912358,0.166667
3409,,11,2,4,6,2,4,6,8,0.244192,0.253169,1024.551666,0.433333
6917,,11,2,3,5,2,3,5,8,0.25834,0.268988,1945.850473,0.05
12390,,11,9,5,14,9,5,14,8,0.240625,0.249097,21962.537413,0.179487
13764,,11,2,0,2,2,0,2,0,0,0,0,1
13828,,11,11,7,18,11,7,18,8,0.255962,0.266394,34676.945448,0.161905
14887,,11,4,3,7,4,3,7,8,0.243485,0.25155,18828.040412,0.35
2193,,11,4,5,9,4,5,9,8,0.234609,0.243311,26407.403184,0.266667
1954,,8,5,16,21,5,16,21,8,0.271573,0.284067,150447.62498,0.049708
7637,,11,1,0,1,1,0,1,0,0,0,0,0
8577,,11,1,2,3,1,2,3,8,0.242453,0.252626,0,1
8904,,11,3,0,3,3,0,3,0,0,0,0,0.5
1308,,11,35,2,37,35,2,37,8,0.232888,0.241335,175348.712751,0.051261
9338,,11,1,1,2,1,1,2,8,0.232411,0.240723,0,0
7070,,11,4,4,8,4,4,8,8,0.26467,0.276745,4210.00846,0.366667
10252,,11,1,3,4,1,3,4,8,0.232417,0.240776,0,0.333333
10797,,11,1,0,1,1,0,1,0,0,0,0,0
10985,,11,2,0,2,2,0,2,0,0,0,0,1
11104,,11,9,7,16,9,7,16,8,0.235738,0.244208,50386.009018,0.082418
11596,,11,3,0,3,3,0,3,0,0,0,0,0.5
11691,,11,1,0,1,1,0,1,0,0,0,0,0
12086,,11,3,0,3,3,0,3,0,0,0,0,0.666667
11704,,11,1,1,2,1,1,2,8,0.232411,0.240723,0,0
13281,,11,2,0,2,2,0,2,0,0,0,0,1
10280,,11,1,1,2,1,1,2,8,0.232411,0.240723,0,0
13733,,11,2,0,2,2,0,2,0,0,0,0,1
2775,,8,6,4,10,6,4,10,8,0.263411,0.274235,5239.622102,0.089286
8088,,11,3,3,6,3,3,6,8,0.242459,0.252662,26327.542925,0.2
16418,,11,1,0,1,1,0,1,0,0,0,0,0
5390,,11,8,1,9,8,1,9,1,1,1,925.800295,0.291667
18020,,13,3,0,3,3,0,3,0,0,0,0,0.333333
18708,,11,1,4,5,1,4,5,8,0.23242,0.240803,0,0.583333
18710,,11,3,3,6,3,3,6,8,0.232417,0.240776,12.967756,0.6
18709,,11,1,4,5,1,4,5,8,0.23242,0.240803,0,0.666667
18867,,11,1,2,3,1,2,3,8,0.232414,0.24075,0,1
18837,,11,8,2,10,8,2,10,8,0.232414,0.24075,9112.359762,0.166667
18013,,11,1,1,2,1,1,2,8,0.232411,0.240723,0,0
20530,,11,2,1,3,2,1,3,8,0.232411,0.240723,0,1
19276,,11,1,6,7,1,6,7,8,0.232425,0.240856,0,0.466667
18768,,11,1,6,7,1,6,7,8,0.234355,0.242745,25974,0.4
19351,,11,24,2,26,24,2,26,8,0.232414,0.24075,75380.395581,0.08
19200,,11,2,1,3,2,1,3,9,0.238772,0.247361,19452.341586,0
24270,,11,1,3,4,1,3,4,8,0.23242,0.240785,25007.373556,0.333333
20601,,11,20,3,23,20,3,23,8,0.232417,0.240776,64689.116549,0.093074
25853,,11,1,0,1,1,0,1,0,0,0,0,0
18725,,11,1,2,3,1,2,3,9,0.214725,0.220804,0,0.666667
7498,,11,4,3,7,4,3,7,8,0.260715,0.271738,17053.790301,0.4
23849,,11,4,2,6,4,2,6,9,0.220406,0.227198,91.40662,0.55
23295,,11,1,1,2,1,1,2,8,0.232411,0.240723,0,0
30333,,11,1,0,1,1,0,1,0,0,0,0,0
18437,,11,1,1,2,1,1,2,8,0.232411,0.240723,0,0
264,,6,0,1,1,0,1,1,8,0.247395,0.256736,0,0
881,,11,10,6,16,10,6,16,8,0.245386,0.254,65867.220362,0.071429
2436,,11,1,0,1,1,0,1,0,0,0,0,0
4888,,11,6,5,11,6,5,11,8,0.252059,0.261828,1671.209164,0.25
5809,,11,1,1,2,1,1,2,8,0.240382,0.248195,0,0
5349,,11,3,2,5,3,2,5,8,0.240388,0.248231,26079.878337,0.166667
10526,,11,1,2,3,1,2,3,8,0.240391,0.248239,0,1
11533,,11,1,1,2,1,1,2,8,0.240382,0.248195,0,0
14580,,11,6,4,10,6,4,10,8,0.235989,0.244251,1841.569413,0.410714
16207,,11,1,0,1,1,0,1,0,0,0,0,0
1648,,11,2,3,5,2,3,5,8,0.24088,0.248823,229.429022,0.416667
18722,,11,1,2,3,1,2,3,8,0.240385,0.248222,0,1
15318,,11,5,4,9,5,4,9,8,0.253696,0.263454,45210.50287,0.071429
5811,,11,1,1,2,1,1,2,8,0.240382,0.248195,0,0
20579,,11,1,1,2,1,1,2,8,0.240382,0.248195,0,0
24209,,0,1,1,2,1,1,2,8,0.250023,0.260333,18781.401622,0
16239,,11,2,1,3,2,1,3,8,0.240382,0.248195,0,0.5
30352,,11,4,2,6,4,2,6,8,0.23428,0.242109,1084.140971,0.366667
10736,,11,27,15,42,27,15,42,8,0.281957,0.296182,529336.343644,0.048799
33264,,11,1,0,1,1,0,1,0,0,0,0,0
32229,,11,3,1,4,3,1,4,9,0.22979,0.23754,1204.405253,0.333333
6515,,11,1,3,4,1,3,4,8,0.246662,0.256209,0,0.833333
1172,,11,3,2,5,3,2,5,9,0.233753,0.242085,209.944799,0.333333
18803,,11,1,0,1,1,0,1,0,0,0,0,0
25330,,11,1,1,2,1,1,2,8,0.246656,0.256156,0,1
32819,,11,1,0,1,1,0,1,0,0,0,0,0
28959,,0,1,0,1,1,0,1,0,0,0,0,0
4380,,15,9,10,19,9,10,19,8,0.243004,0.25265,58885.535916,0.099415
2274,,1,6,8,14,6,8,14,8,0.266374,0.278554,56399.947566,0.032051
9483,,1,10,0,10,10,0,10,0,0,0,0,0.066667
8820,,1,3,0,3,3,0,3,0,0,0,0,0.333333
28033,,1,1,0,1,1,0,1,0,0,0,0,0
6316,,7,2,2,4,2,2,4,9,0.225531,0.232512,65.890297,0
31597,,1,1,0,1,1,0,1,0,0,0,0,0
21194,,1,1,1,2,1,1,2,9,0.217145,0.223522,149.825383,0
271,,6,0,2,2,0,2,2,8,0.251104,0.260668,0,0
2202,,6,1,0,1,1,0,1,0,0,0,0,0
4087,,6,1,0,1,1,0,1,0,0,0,0,0
2689,,6,4,8,12,4,8,12,8,0.266808,0.279264,11465.519045,0.154545
5959,,6,1,0,1,1,0,1,0,0,0,0,0
6460,,6,1,0,1,1,0,1,0,0,0,0,0
6461,,6,1,0,1,1,0,1,0,0,0,0,0
6462,,6,1,0,1,1,0,1,0,0,0,0,0
6463,,6,1,0,1,1,0,1,0,0,0,0,0
6464,,6,1,0,1,1,0,1,0,0,0,0,0
5280,,6,1,1,2,1,1,2,9,0.213808,0.219913,3.108824,0
6465,,6,1,2,3,1,2,3,8,0.256712,0.267685,0,0.833333
6466,,6,1,1,2,1,1,2,10,0.183362,0.187357,26393.769349,0
6467,,6,1,0,1,1,0,1,0,0,0,0,0
6468,,6,1,0,1,1,0,1,0,0,0,0,0
6469,,6,1,0,1,1,0,1,0,0,0,0,0
13653,,9,1,1,2,1,1,2,9,0.185527,0.189881,167.003117,0
28854,,6,2,0,2,2,0,2,0,0,0,0,0
30198,,6,4,0,4,4,0,4,0,0,0,0,0.333333
1280,,16,8,10,18,8,10,18,8,0.277973,0.290824,228931.651748,0.152381
2128,,8,9,6,15,9,6,15,8,0.262874,0.274798,30882.338612,0.164835
2727,,8,1,0,1,1,0,1,0,0,0,0,0
3226,,8,1,0,1,1,0,1,0,0,0,0,0
663,,2,2,6,8,2,6,8,8,0.245261,0.254218,78155.282086,0.119048
14397,,8,1,2,3,1,2,3,8,0.235105,0.243307,25974,0.5
2361,,11,11,15,26,11,15,26,8,0.280675,0.295204,63354.688986,0.119048
11132,,8,3,0,3,3,0,3,0,0,0,0,0.166667
6083,,16,11,18,29,11,18,29,8,0.27137,0.285207,88001.858789,0.075499
28424,,5,1,1,2,1,1,2,9,0.20867,0.213849,25974,0
28663,,8,1,0,1,1,0,1,0,0,0,0,0
28721,,16,2,2,4,2,2,4,9,0.212973,0.219169,175.180425,0.166667
7751,,16,6,6,12,6,6,12,8,0.237858,0.245592,39474.993383,0.136364
27059,,16,5,6,11,5,6,11,8,0.239313,0.248571,27460.132772,0.097222
31113,,8,1,1,2,1,1,2,8,0.235099,0.243272,0,0
17642,,16,6,5,11,6,5,11,8,0.242519,0.25093,19196.312981,0.054545
4576,,8,18,10,28,18,10,28,8,0.274969,0.28795,131182.643136,0.075385
14958,,8,2,2,4,2,2,4,8,0.243904,0.252523,194.049973,0.5
3859,,10,30,47,77,30,47,77,7,0.285584,0.301669,446105.654606,0.058413
1715,,15,4,2,6,4,2,6,8,0.224981,0.232562,9211.957922,0.2
2161,,0,8,15,23,8,15,23,8,0.279629,0.293567,15928.258616,0.147186
4645,,11,3,3,6,3,3,6,8,0.25214,0.262461,62.44679,0.433333
5424,,7,1,0,1,1,0,1,0,0,0,0,0
5259,,7,1,1,2,1,1,2,8,0.263271,0.273978,0,0
311,,8,11,37,48,11,37,48,7,0.309054,0.326256,120263.036856,0.136469
3831,,16,2,1,3,2,1,3,9,0.215095,0.221727,0,0.5
310,,8,6,14,20,6,14,20,8,0.277805,0.291075,4888.014739,0.124183
8160,,7,1,0,1,1,0,1,0,0,0,0,0
6138,,1,2,2,4,2,2,4,9,0.215763,0.221893,4.701604,0.416667
5289,,8,2,13,15,2,13,15,8,0.279467,0.292748,1249.040938,0.247253
1934,,8,2,7,9,2,7,9,8,0.264592,0.275648,3.156245,0.309524
10433,,8,2,0,2,2,0,2,0,0,0,0,0
11945,,7,1,0,1,1,0,1,0,0,0,0,0
12071,,1,3,0,3,3,0,3,0,0,0,0,0.333333
11336,,1,3,0,3,3,0,3,0,0,0,0,0.166667
10107,,7,6,10,16,6,10,16,8,0.252966,0.263111,45043.554002,0.138095
15062,,7,1,0,1,1,0,1,0,0,0,0,0
15063,,7,1,0,1,1,0,1,0,0,0,0,0
965,,11,8,15,23,8,15,23,8,0.25828,0.271148,106428.92832,0.239766
15169,,7,1,0,1,1,0,1,0,0,0,0,0
15197,,7,1,0,1,1,0,1,0,0,0,0,0
15400,,7,1,0,1,1,0,1,0,0,0,0,0
16516,,7,1,0,1,1,0,1,0,0,0,0,0
16900,,7,1,0,1,1,0,1,0,0,0,0,0
17825,,7,2,3,5,2,3,5,7,0.296594,0.311278,5367.074881,0.5
19325,,11,3,0,3,3,0,3,0,0,0,0,0
12455,,21,2,0,2,2,0,2,0,0,0,0,0
7255,,11,8,13,21,8,13,21,8,0.278294,0.29128,275209.774124,0.026316
20322,,7,1,0,1,1,0,1,0,0,0,0,0
10230,,8,4,5,9,4,5,9,8,0.264566,0.275571,24929.980864,0.2
20488,,7,2,0,2,2,0,2,0,0,0,0,0.5
11098,,11,10,7,17,10,7,17,7,0.29763,0.312569,119994.854555,0.080952
480,,15,5,10,15,5,10,15,7,0.303225,0.318874,35443.463912,0.21978
10017,,1,8,8,16,8,8,16,8,0.251332,0.26293,197349.966702,0.019048
22875,,7,2,1,3,2,1,3,9,0.199325,0.203834,14.979027,0.166667
10098,,11,1,4,5,1,4,5,8,0.236862,0.244646,722.074798,0.2
16204,,10,4,2,6,4,2,6,1,1,1,554.477833,0.066667
3939,,7,4,4,8,4,4,8,8,0.261832,0.273033,6428.051171,0.196429
23320,,7,1,0,1,1,0,1,0,0,0,0,0
23321,,7,1,0,1,1,0,1,0,0,0,0,0
23547,,7,1,0,1,1,0,1,0,0,0,0,0
21857,,9,18,13,31,18,13,31,10,0.164981,0.168653,378414.918044,0.08867
8503,,5,4,6,10,4,6,10,8,0.247567,0.257389,52572.703334,0.088889
25507,,56,69,8,77,69,8,77,8,0.251951,0.261116,1229493.214399,0.002105
26411,,7,1,0,1,1,0,1,0,0,0,0,0
8659,,3,2,3,5,2,3,5,8,0.264162,0.275047,84.26707,0.4
28496,,6,2,0,2,2,0,2,0,0,0,0,0
2605,,8,11,0,11,11,0,11,0,0,0,0,0.163636
9703,,10,8,73,81,8,73,81,7,0.307997,0.326566,280829.079498,0.054938
9427,,0,3,7,10,3,7,10,9,0.238126,0.246916,852.004745,0.214286
5298,,15,25,23,48,25,23,48,8,0.270481,0.283212,166292.105431,0.075574
19016,,7,2,7,9,2,7,9,8,0.279762,0.293532,254.130792,0.444444
32494,,7,1,0,1,1,0,1,0,0,0,0,0
32523,,7,3,1,4,3,1,4,1,1,1,287.893197,0.166667
16048,,16,7,5,12,7,5,12,8,0.272517,0.284177,239361.934414,0.022222
7181,,8,8,4,12,8,4,12,8,0.23969,0.247921,27740.841532,0.090909
22734,,0,1,1,2,1,1,2,9,0.222606,0.230047,0,0.5
617,,5,19,9,28,19,9,28,8,0.275427,0.288583,70176.032307,0.098462
3648,,8,7,5,12,7,5,12,8,0.234472,0.24225,24243.243524,0.045455
33121,,0,2,40,42,2,40,42,7,0.300394,0.317971,133089.659722,0.067308
24118,,1,2,0,2,2,0,2,0,0,0,0,0.5
33948,,7,1,0,1,1,0,1,0,0,0,0,0
11069,,24,6,10,16,6,10,16,8,0.267818,0.279978,14933.136725,0.125
26862,,8,3,3,6,3,3,6,8,0.247138,0.255808,1923.304716,0.2
22700,,1,1,1,2,1,1,2,9,0.209702,0.21503,0,0.5
34947,,14,3,7,10,3,7,10,8,0.262874,0.273758,283053.5,0.125
5800,,1,6,0,6,6,0,6,0,0,0,0,0.133333
35240,,7,1,0,1,1,0,1,0,0,0,0,0
35559,,7,1,0,1,1,0,1,0,0,0,0,0
34962,,21,1,1,2,1,1,2,2,0.666667,0.75,25976,0
9740,,8,6,0,6,6,0,6,0,0,0,0,0.066667
35682,,7,1,0,1,1,0,1,0,0,0,0,0
10374,,24,5,2,7,5,2,7,8,0.272194,0.283754,23464.637072,0.119048
22999,,11,3,7,10,3,7,10,8,0.275997,0.289299,7616.596758,0.1
1101,,6,2,2,4,2,2,4,8,0.247854,0.257417,34.488963,0.5
1265,,6,1,0,1,1,0,1,0,0,0,0,0
2941,,6,3,0,3,3,0,3,0,0,0,0,1
2204,,6,5,8,13,5,8,13,8,0.257901,0.269293,33489.412588,0.242424
4107,,6,2,3,5,2,3,5,8,0.256324,0.267219,18839.334671,0.416667
2790,,6,5,3,8,5,3,8,9,0.218356,0.225099,19047.678986,0.233333
3132,,6,3,3,6,3,3,6,9,0.21773,0.224262,19.508696,0.3
7350,,6,1,1,2,1,1,2,9,0.217606,0.224047,0,0
4193,,6,2,7,9,2,7,9,8,0.260358,0.272211,45021.476818,0.196429
1609,,6,2,1,3,2,1,3,10,0.171275,0.174461,25974,0
17197,,8,3,6,9,3,6,9,8,0.26665,0.278011,371.408813,0.232143
279,,11,3,11,14,3,11,14,8,0.281847,0.296511,12629.725873,0.192308
3197,,11,2,3,5,2,3,5,9,0.218414,0.224786,289.814652,0.3
3820,,11,13,10,23,13,10,23,9,0.244643,0.254121,33283.997477,0.131579
719,,11,11,11,22,11,11,22,8,0.281519,0.295692,76160.536674,0.194737
720,,11,7,2,9,7,2,9,9,0.226503,0.234104,4445.259442,0.214286
9463,,11,1,0,1,1,0,1,0,0,0,0,0
3933,,11,6,5,11,6,5,11,8,0.240189,0.248472,65615.962399,0.089286
13245,,11,3,2,5,3,2,5,8,0.231576,0.239583,206.717761,0.666667
16502,,11,1,1,2,1,1,2,9,0.225442,0.23274,0,0
18527,,11,2,0,2,2,0,2,0,0,0,0,1
8041,,7,4,7,11,4,7,11,8,0.266099,0.277426,3880.128933,0.145455
26905,,11,1,0,1,1,0,1,0,0,0,0,0
24645,,11,1,1,2,1,1,2,9,0.225442,0.23274,0,0
7630,,11,3,4,7,3,4,7,8,0.253679,0.264432,18976.946552,0.5
29904,,11,2,0,2,2,0,2,0,0,0,0,0
1837,,11,4,1,5,4,1,5,9,0.201384,0.206729,312.141208,0.083333
13238,,11,1,2,3,1,2,3,9,0.225445,0.232767,0,0.5
34001,,11,4,0,4,4,0,4,0,0,0,0,0.25
34193,,11,1,0,1,1,0,1,0,0,0,0,0
1829,,7,2,0,2,2,0,2,0,0,0,0,1
2407,,7,1,0,1,1,0,1,0,0,0,0,0
4704,,7,1,0,1,1,0,1,0,0,0,0,0
4901,,7,2,3,5,2,3,5,9,0.20918,0.215038,27.896084,0.15
1946,,7,1,11,12,1,11,12,7,0.301607,0.317514,39.291614,0.265152
18900,,7,1,0,1,1,0,1,0,0,0,0,0
12690,,7,2,27,29,2,27,29,7,0.313213,0.331065,26414.082609,0.324074
8092,,10,3,2,5,3,2,5,9,0.232581,0.240936,29.904405,0.416667
7429,,10,7,7,14,7,7,14,8,0.245892,0.254494,102460.611589,0.038462
11808,,10,2,0,2,2,0,2,0,0,0,0,0
8017,,11,3,6,9,3,6,9,8,0.265211,0.276996,97003.233684,0.041667
13072,,10,4,5,9,4,5,9,8,0.265364,0.277157,25988.819713,0.214286
25903,,10,1,2,3,1,2,3,9,0.218186,0.224631,25992.006587,0
8349,,10,10,14,24,10,14,24,8,0.283243,0.298002,80422.462938,0.206522
9837,,7,3,1,4,3,1,4,9,0.232955,0.241233,944.629463,0
7880,,8,11,5,16,11,5,16,8,0.257094,0.267173,10366.529802,0.066667
1327,,10,4,6,10,4,6,10,8,0.251964,0.262135,7903.54124,0.069444
8289,,10,5,1,6,5,1,6,9,0.217498,0.223717,26042.611841,0.066667
22392,,8,9,1,10,9,1,10,8,0.253928,0.263534,20186.48096,0.097222
3345,,8,4,5,9,4,5,9,7,0.29429,0.308804,59017.116265,0.160714
3490,,8,1,0,1,1,0,1,0,0,0,0,0
4225,,15,4,2,6,4,2,6,8,0.272501,0.284101,20840.078945,0.1
3332,,8,5,5,10,5,5,10,8,0.250113,0.26009,4612.625694,0.25
4803,,15,1,5,6,1,5,6,8,0.262959,0.273846,774.819117,0.266667
1472,,8,9,7,16,9,7,16,8,0.268272,0.280172,41095.214626,0.104762
1212,,8,6,6,12,6,6,12,8,0.269166,0.281255,61899.50456,0.177778
5458,,0,8,11,19,8,11,19,8,0.264076,0.275047,96637.892388,0.071895
1365,,8,2,1,3,2,1,3,9,0.235349,0.243061,254.903902,0.333333
6355,,8,1,1,2,1,1,2,8,0.244557,0.25354,0,0
9690,,8,1,0,1,1,0,1,0,0,0,0,0
9869,,8,1,0,1,1,0,1,0,0,0,0,0
9873,,8,1,1,2,1,1,2,8,0.244557,0.25354,0,0
10035,,8,1,0,1,1,0,1,0,0,0,0,0
10145,,8,1,0,1,1,0,1,0,0,0,0,0
4927,,6,17,11,28,17,11,28,8,0.252305,0.262985,198296.548979,0.065
1214,,8,20,20,40,20,20,40,8,0.27146,0.284474,348948.792769,0.032773
2490,,8,11,8,19,11,8,19,8,0.248433,0.258092,150596.071572,0.153846
13509,,6,2,1,3,2,1,3,8,0.244557,0.25354,0,1
14764,,8,1,0,1,1,0,1,0,0,0,0,0
15643,,8,1,0,1,1,0,1,0,0,0,0,0
1843,,8,6,3,9,6,3,9,8,0.249549,0.259337,20776.934285,0.303571
15446,,9,1,1,2,1,1,2,9,0.217142,0.223519,1297.974087,0
4917,,8,9,5,14,9,5,14,8,0.255237,0.265899,49332.525875,0.151515
3985,,8,3,2,5,3,2,5,9,0.220771,0.22703,1924.100779,0.35
6273,,5,2,2,4,2,2,4,9,0.20995,0.215581,7144.491121,0.166667
12998,,8,1,1,2,1,1,2,11,0.154832,0.157133,20141.845451,0
4427,,8,9,12,21,9,12,21,8,0.273885,0.287488,36433.927703,0.097368
9051,,24,4,0,4,4,0,4,0,0,0,0,0.083333
8602,,8,1,1,2,1,1,2,8,0.244557,0.25354,0,0
7038,,8,17,11,28,17,11,28,8,0.256646,0.267195,99706.158639,0.128458
22079,,8,1,0,1,1,0,1,0,0,0,0,0
21598,,8,1,3,4,1,3,4,8,0.255965,0.266158,462.806815,0.25
22807,,8,1,0,1,1,0,1,0,0,0,0,0
23422,,6,2,0,2,2,0,2,0,0,0,0,1
404,,21,6,3,9,6,3,9,8,0.244567,0.253602,8997.537206,0.089286
24933,,15,1,1,2,1,1,2,9,0.209036,0.21438,3751.636258,0
4938,,6,4,3,7,4,3,7,9,0.221337,0.227656,26482.761155,0.35
24178,,6,2,2,4,2,2,4,9,0.220903,0.227168,6167.974543,0.833333
10766,,8,2,4,6,2,4,6,8,0.228097,0.235911,6799.785495,0.2
827,,2,16,13,29,16,13,29,8,0.25014,0.260214,165746.182838,0.077922
8342,,5,7,6,13,7,6,13,8,0.265447,0.277146,101099.510877,0.151515
7443,,8,6,14,20,6,14,20,8,0.286829,0.301443,30193.47052,0.201754
30203,,8,1,0,1,1,0,1,0,0,0,0,0
3707,,6,9,13,22,9,13,22,8,0.244335,0.253243,130608.839228,0.117647
32088,,8,2,1,3,2,1,3,9,0.222068,0.228831,51.279539,0.333333
1300,,8,10,12,22,10,12,22,8,0.285446,0.300476,171234.663004,0.131579
2862,,8,3,1,4,3,1,4,1,1,1,25976,0.083333
32459,,8,1,1,2,1,1,2,8,0.244557,0.25354,0,0
34604,,8,1,0,1,1,0,1,0,0,0,0,0
33487,,8,1,1,2,1,1,2,10,0.170068,0.173135,114.286192,0
22112,,8,2,2,4,2,2,4,8,0.244624,0.25365,6.96412,0.666667
2964,,0,3,2,5,3,2,5,8,0.218219,0.224556,2838.523781,0
7078,,0,1,0,1,1,0,1,0,0,0,0,0
10253,,0,1,1,2,1,1,2,8,0.234058,0.241902,0,0.5
9732,,7,7,6,13,7,6,13,8,0.265911,0.27711,26752.630322,0.151515
12298,,0,2,1,3,2,1,3,8,0.230338,0.237993,18826,0
12350,,0,2,0,2,2,0,2,0,0,0,0,0.5
12352,,0,1,1,2,1,1,2,1,1,1,0,0.5
4476,,15,8,8,16,8,8,16,8,0.274148,0.287216,34273.820519,0.129167
2609,,5,3,3,6,3,3,6,8,0.231639,0.239529,2924.88258,0
2898,,15,4,3,7,4,3,7,9,0.212608,0.218673,26564.924838,0.071429
1621,,11,14,18,32,14,18,32,8,0.264095,0.276621,85543.161466,0.121921
4708,,13,1,0,1,1,0,1,0,0,0,0,0
9704,,15,4,8,12,4,8,12,8,0.247593,0.258039,25126.670428,0.018182
16855,,13,2,0,2,2,0,2,0,0,0,0,0.5
19270,,13,2,0,2,2,0,2,0,0,0,0,0
1959,,16,8,4,12,8,4,12,9,0.240493,0.24933,38135.610379,0.077778
19135,,12,1,3,4,1,3,4,8,0.264147,0.275091,789.129035,0.166667
7017,,16,5,6,11,5,6,11,9,0.23598,0.244814,45511.526807,0.041667
2341,,16,1,2,3,1,2,3,8,0.240361,0.248293,0,1
7538,,16,1,1,2,1,1,2,8,0.236954,0.244407,0,0
9279,,16,11,3,14,11,3,14,8,0.262347,0.274289,31056.210163,0.166667
12700,,8,9,9,18,9,9,18,8,0.254392,0.264389,11571.856124,0.12381
13190,,8,2,1,3,2,1,3,8,0.26374,0.274627,622.569062,0.333333
17322,,16,1,0,1,1,0,1,0,0,0,0,0
22717,,16,2,2,4,2,2,4,9,0.202976,0.207967,25991.833163,0.25
24997,,16,1,0,1,1,0,1,0,0,0,0,0
6215,,8,16,5,21,16,5,21,8,0.263928,0.275005,25577.634739,0.092105
26495,,16,1,1,2,1,1,2,8,0.236954,0.244407,0,0
27044,,16,2,0,2,2,0,2,0,0,0,0,0.5
21842,,16,2,2,4,2,2,4,8,0.264693,0.275747,608.39818,0.833333
28202,,16,3,0,3,3,0,3,0,0,0,0,0.333333
32319,,16,1,0,1,1,0,1,0,0,0,0,0
10925,,16,6,0,6,6,0,6,0,0,0,0,0.3
27949,,16,4,0,4,4,0,4,0,0,0,0,0.5
27564,,16,2,0,2,2,0,2,0,0,0,0,0.5
34220,,16,1,1,2,1,1,2,8,0.236954,0.244407,0,0
34246,,16,1,0,1,1,0,1,0,0,0,0,0
35213,,16,1,1,2,1,1,2,8,0.236954,0.244407,0,0
10858,,16,3,1,4,3,1,4,9,0.230482,0.238015,184.351662,0
32428,,16,3,0,3,3,0,3,0,0,0,0,0.666667
4944,,15,3,2,5,3,2,5,9,0.228821,0.236196,3411.010215,0.25
11294,,15,2,2,4,2,2,4,9,0.241139,0.250334,494.165192,0.333333
9646,,11,3,5,8,3,5,8,8,0.235457,0.243692,45502.06672,0.047619
8809,,8,2,1,3,2,1,3,9,0.220869,0.227961,536.615438,0.166667
17654,,15,1,0,1,1,0,1,0,0,0,0,0
14543,,15,7,4,11,7,4,11,9,0.223049,0.230175,99207.380534,0.088889
1564,,8,4,5,9,4,5,9,8,0.271182,0.283705,38538.322861,0.166667
26218,,15,1,0,1,1,0,1,0,0,0,0,0
10513,,15,1,1,2,1,1,2,9,0.227681,0.234865,0,0
27931,,15,1,2,3,1,2,3,9,0.227697,0.234913,0,1
11020,,10,2,3,5,2,3,5,8,0.240364,0.248636,705.533786,0.1
35370,,15,1,0,1,1,0,1,0,0,0,0,0
312,,15,14,11,25,14,11,25,8,0.250249,0.259504,27952.900108,0.142105
2890,,8,3,3,6,3,3,6,8,0.238857,0.246629,363.133924,0.333333
4075,,15,1,1,2,1,1,2,9,0.197758,0.202227,23.457394,0.5
1163,,6,11,13,24,11,13,24,9,0.222456,0.229887,96984.548505,0.073099
9662,,15,5,8,13,5,8,13,8,0.257774,0.268589,33563.72963,0.128788
23979,,8,1,1,2,1,1,2,9,0.216214,0.22253,0,0
4331,,8,3,5,8,3,5,8,9,0.205987,0.211387,28524.128662,0.107143
19713,,16,1,2,3,1,2,3,8,0.264875,0.276637,957.303417,0.166667
12591,,8,4,4,8,4,4,8,8,0.241396,0.249537,1908.274744,0.095238
11659,,8,3,4,7,3,4,7,9,0.220471,0.227592,9971.840507,0.047619
15805,,15,1,0,1,1,0,1,0,0,0,0,0
20138,,15,1,0,1,1,0,1,0,0,0,0,0
360,,10,12,17,29,12,17,29,8,0.262544,0.27569,29485.103053,0.160079
546,,11,3,4,7,3,4,7,8,0.244287,0.253796,45090.782691,0.166667
1149,,11,9,17,26,9,17,26,8,0.26674,0.279715,62644.091898,0.202632
3294,,11,2,1,3,2,1,3,8,0.239855,0.247708,0,0.5
1453,,11,12,18,30,12,18,30,8,0.28151,0.296269,94968.182671,0.176667
534,,11,9,8,17,9,8,17,8,0.253031,0.263404,1005.622741,0.285714
1852,,11,16,10,26,16,10,26,8,0.277514,0.29174,140331.48543,0.12253
5337,,11,1,0,1,1,0,1,0,0,0,0,0
1597,,11,11,26,37,11,26,37,8,0.265215,0.278984,62870.249007,0.200739
5234,,11,3,2,5,3,2,5,8,0.239871,0.247766,64.054525,0.5
6713,,11,1,1,2,1,1,2,9,0.196319,0.201063,0,1
2582,,11,3,7,10,3,7,10,8,0.252339,0.262806,2804.21727,0.25
2523,,11,7,9,16,7,9,16,8,0.261396,0.273174,39855.773938,0.212121
8294,,11,4,7,11,4,7,11,8,0.243857,0.252548,825.102327,0.4
4627,,11,6,8,14,6,8,14,8,0.259058,0.27101,27562.280339,0.372727
1087,,11,11,22,33,11,22,33,8,0.270531,0.284621,18161.483802,0.179894
10005,,11,3,4,7,3,4,7,8,0.27195,0.284894,5709.246079,0.366667
8708,,11,2,4,6,2,4,6,8,0.250983,0.261024,0,0.9
2215,,15,8,24,32,8,24,32,8,0.259884,0.271534,90057.906082,0.063218
11607,,11,3,1,4,3,1,4,8,0.244268,0.253694,18825,0.5
7543,,10,7,9,16,7,9,16,8,0.246488,0.256713,33595.549457,0.275641
11860,,11,1,0,1,1,0,1,0,0,0,0,0
11273,,8,22,8,30,22,8,30,8,0.24478,0.254228,66603.684736,0.087302
4946,,11,2,6,8,2,6,8,8,0.245793,0.255722,27542.27433,0.142857
3855,,11,13,24,37,13,24,37,8,0.272864,0.287656,47390.887339,0.176411
1945,,15,12,12,24,12,12,24,8,0.242897,0.251822,80740.377686,0.060526
3331,,10,9,11,20,9,11,20,8,0.256091,0.267436,122683.414394,0.025735
12933,,11,4,5,9,4,5,9,8,0.251903,0.262188,849.660688,0.452381
10421,,11,4,7,11,4,7,11,8,0.258862,0.270659,573.26656,0.392857
16864,,11,1,0,1,1,0,1,0,0,0,0,0
6566,,11,6,4,10,6,4,10,8,0.260817,0.273067,10828.168736,0.5
11601,,11,2,3,5,2,3,5,8,0.254419,0.266202,2478.151302,0.5
17861,,11,9,6,15,9,6,15,8,0.262135,0.274318,2657.458273,0.454545
7009,,11,5,8,13,5,8,13,8,0.254172,0.265044,260.305057,0.378788
1764,,15,10,2,12,10,2,12,8,0.235334,0.242884,20912.211505,0.188889
21966,,11,1,3,4,1,3,4,8,0.254162,0.26515,0,0.916667
20373,,11,3,3,6,3,3,6,8,0.245165,0.25479,93.020563,0.3
1118,,11,3,1,4,3,1,4,9,0.219433,0.226579,0,0.666667
22374,,11,1,0,1,1,0,1,0,0,0,0,0
22426,,11,1,0,1,1,0,1,0,0,0,0,0
22743,,11,1,0,1,1,0,1,0,0,0,0,0
23345,,11,1,4,5,1,4,5,8,0.254289,0.266101,0,0.666667
20888,,11,6,7,13,6,7,13,8,0.266627,0.279535,883.197825,0.638889
4820,,11,6,7,13,6,7,13,8,0.257407,0.269758,10195.397321,0.4
22334,,11,12,3,15,12,3,15,8,0.254323,0.265363,42768.010362,0.12381
19298,,11,11,17,28,11,17,28,8,0.275613,0.289035,37924.689714,0.188333
4519,,8,6,4,10,6,4,10,8,0.265765,0.27668,60396.975586,0.125
30701,,11,1,0,1,1,0,1,0,0,0,0,0
6953,,11,2,2,4,2,2,4,9,0.223986,0.231568,346.963192,0.333333
30730,,11,3,5,8,3,5,8,9,0.236146,0.244327,26222.277469,0.166667
5481,,11,2,1,3,2,1,3,9,0.205636,0.211324,10.844781,0.333333
31371,,11,1,2,3,1,2,3,8,0.247799,0.258496,25975,0.333333
11880,,11,1,2,3,1,2,3,9,0.206881,0.212803,0,0.666667
20465,,11,1,2,3,1,2,3,9,0.226814,0.234126,0,1
401,,10,15,14,29,15,14,29,8,0.261858,0.274265,77130.712656,0.285714
32595,,11,1,0,1,1,0,1,0,0,0,0,0
10834,,15,5,4,9,5,4,9,8,0.249784,0.260693,4241.135856,0.214286
32643,,11,1,0,1,1,0,1,0,0,0,0,0
32897,,11,1,0,1,1,0,1,0,0,0,0,0
7995,,11,6,8,14,6,8,14,8,0.243551,0.254319,29833.648985,0.181319
1944,,15,6,8,14,6,8,14,9,0.232116,0.240852,20257.990724,0.127273
1845,,15,63,40,103,63,40,103,8,0.273074,0.288233,857790.995225,0.0226
30794,,10,3,4,7,3,4,7,9,0.232388,0.240842,7406.381829,0.35
1219,,11,12,24,36,12,24,36,8,0.274736,0.288072,230854.110912,0.075758
15763,,11,2,3,5,2,3,5,8,0.244598,0.253452,428.191,0.333333
3165,,24,2,0,2,2,0,2,0,0,0,0,0
2447,,15,2,3,5,2,3,5,9,0.231964,0.240266,6445.368066,0.25
4815,,24,1,0,1,1,0,1,0,0,0,0,0
4062,,8,7,1,8,7,1,8,8,0.225832,0.233088,38063.797288,0.095238
2940,,15,12,10,22,12,10,22,8,0.267765,0.279635,74166.791196,0.1
6586,,24,1,0,1,1,0,1,0,0,0,0,0
2226,,10,3,4,7,3,4,7,9,0.236871,0.245411,941.763726,0.166667
14979,,24,1,0,1,1,0,1,0,0,0,0,0
15387,,24,2,0,2,2,0,2,0,0,0,0,0
2357,,15,8,11,19,8,11,19,8,0.27064,0.28339,148931.206687,0.158333
16732,,24,1,1,2,1,1,2,1,1,1,25976,0
18361,,10,3,0,3,3,0,3,0,0,0,0,0
6576,,24,4,4,8,4,4,8,9,0.254261,0.265514,2223.944608,0.190476
19308,,15,4,2,6,4,2,6,9,0.216994,0.22382,19034.769491,0.333333
19455,,24,3,0,3,3,0,3,0,0,0,0,0
726,,15,14,17,31,14,17,31,8,0.274712,0.288355,142408.997849,0.10468
15718,,24,15,10,25,15,10,25,8,0.275266,0.288701,110296.933399,0.123377
4532,,24,17,13,30,17,13,30,8,0.275891,0.289367,172336.933562,0.082011
22268,,24,2,4,6,2,4,6,8,0.235049,0.243756,28708.502704,0.3
580,,15,10,34,44,10,34,44,7,0.310727,0.327742,316021.922938,0.059379
22784,,24,1,0,1,1,0,1,0,0,0,0,0
15519,,24,2,0,2,2,0,2,0,0,0,0,1
23315,,24,1,2,3,1,2,3,9,0.232165,0.240394,3075.08133,0
12878,,15,2,1,3,2,1,3,9,0.215147,0.221452,0,0.5
28741,,15,5,2,7,5,2,7,8,0.236054,0.243692,43970.147276,0.095238
29620,,24,1,1,2,1,1,2,9,0.231739,0.239893,0,0
4895,,15,1,4,5,1,4,5,8,0.23657,0.244456,4961.982432,0.5
10887,,1,11,3,14,11,3,14,8,0.24491,0.253704,210763.645723,0
31812,,7,5,0,5,5,0,5,0,0,0,0,0.35
15258,,24,6,5,11,6,5,11,9,0.227255,0.235122,27725.363375,0.266667
11165,,15,2,2,4,2,2,4,9,0.235564,0.244088,870.91189,0.666667
2259,,6,2,8,10,2,8,10,8,0.278104,0.290981,61852.033964,0.194444
35388,,24,1,0,1,1,0,1,0,0,0,0,0
6280,,8,2,1,3,2,1,3,9,0.229826,0.237591,0,0.5
9097,,21,6,0,6,6,0,6,0,0,0,0,0.066667
6935,,5,1,1,2,1,1,2,9,0.207285,0.212646,2.798724,0
5772,,8,9,9,18,9,9,18,8,0.280462,0.293394,2134.088719,0.515152
13291,,7,3,0,3,3,0,3,0,0,0,0,0.5
20861,,7,1,0,1,1,0,1,0,0,0,0,0
1221,,7,22,9,31,22,9,31,7,0.299044,0.314504,115116.146264,0.105413
20862,,7,1,0,1,1,0,1,0,0,0,0,0
9058,,16,5,10,15,5,10,15,8,0.276276,0.289749,53608.189478,0.119048
26972,,7,1,0,1,1,0,1,0,0,0,0,0
19853,,8,5,6,11,5,6,11,8,0.266684,0.278051,39062.736549,0.127273
9580,,7,4,1,5,4,1,5,1,1,1,0.676364,0.35
3865,,10,2,0,2,2,0,2,0,0,0,0,0
20598,,8,1,2,3,1,2,3,8,0.247642,0.257041,275.942919,0.166667
26166,,7,1,0,1,1,0,1,0,0,0,0,0
298,,15,7,7,14,7,7,14,8,0.241217,0.249113,180317.982299,0.081818
299,,15,1,2,3,1,2,3,9,0.194345,0.198384,25975,0
17167,,15,2,1,3,2,1,3,11,0.136492,0.138139,51946,0
20419,,8,1,1,2,1,1,2,8,0.225834,0.233097,0,1
5725,,15,1,2,3,1,2,3,9,0.226683,0.233945,275.061312,0
4786,,15,3,2,5,3,2,5,9,0.22312,0.230003,26405.76462,0.2
8042,,15,1,0,1,1,0,1,0,0,0,0,0
1380,,10,3,3,6,3,3,6,8,0.245626,0.254538,27899.776512,0.25
8237,,5,3,3,6,3,3,6,8,0.243274,0.251613,26193.207158,0.15
8832,,5,8,3,11,8,3,11,9,0.240128,0.249029,21783.597806,0.178571
10565,,6,2,2,4,2,2,4,8,0.248171,0.257658,18854.341766,0.25
16893,,8,1,0,1,1,0,1,0,0,0,0,0
16942,,8,1,1,2,1,1,2,8,0.242738,0.250962,0,0
17747,,8,8,2,10,8,2,10,8,0.244675,0.253312,477.773986,0.208333
6604,,5,4,4,8,4,4,8,9,0.21943,0.225808,1065.729675,0.071429
1918,,8,18,18,36,18,18,36,8,0.260936,0.273244,69189.109845,0.072581
21143,,8,1,0,1,1,0,1,0,0,0,0,0
21509,,8,3,0,3,3,0,3,0,0,0,0,0.666667
5597,,15,7,2,9,7,2,9,8,0.236766,0.244809,37674.663879,0.236111
3500,,15,2,5,7,2,5,7,8,0.254763,0.264679,1316.446822,0.166667
22852,,8,8,0,8,8,0,8,0,0,0,0,0.232143
13741,,10,4,5,9,4,5,9,8,0.252674,0.262749,3234.793661,0.309524
23711,,5,1,2,3,1,2,3,8,0.232064,0.240058,284.433153,0.166667
24829,,8,1,0,1,1,0,1,0,0,0,0,0
27090,,10,1,3,4,1,3,4,8,0.244522,0.253044,0,0.666667
25439,,8,2,3,5,2,3,5,9,0.22459,0.23176,14477.298037,0.15
30454,,8,1,0,1,1,0,1,0,0,0,0,0
9113,,8,2,2,4,2,2,4,8,0.242741,0.250989,165.823011,0.333333
7815,,11,11,24,35,11,24,35,8,0.286667,0.302318,216109.893852,0.077652
16000,,15,2,0,2,2,0,2,0,0,0,0,1
7007,,8,3,4,7,3,4,7,8,0.245802,0.254747,25993.181278,0.416667
15568,,8,3,3,6,3,3,6,9,0.225132,0.231952,38279.559346,0.05
12667,,8,4,8,12,4,8,12,8,0.270652,0.282464,33156.419651,0.127273
302,,8,7,2,9,7,2,9,9,0.215277,0.221155,19647.837946,0.180556
1226,,8,6,12,18,6,12,18,8,0.27611,0.289013,55181.492987,0.120833
868,,8,7,10,17,7,10,17,8,0.27432,0.286939,84964.305846,0.1125
2944,,8,2,1,3,2,1,3,8,0.240459,0.248592,0,0.5
2138,,8,11,16,27,11,16,27,8,0.274164,0.287273,130644.582177,0.192029
5456,,15,1,1,2,1,1,2,10,0.184076,0.188001,3245.69958,0
6116,,8,1,1,2,1,1,2,9,0.201234,0.206187,0,1
6117,,8,9,10,19,9,10,19,8,0.251924,0.262046,27415.816327,0.214286
3355,,8,5,9,14,5,9,14,8,0.267085,0.279402,58855.793567,0.153846
8012,,8,2,4,6,2,4,6,8,0.240689,0.248968,6.646513,0.3
4775,,8,8,12,20,8,12,20,8,0.259773,0.270831,19781.312042,0.279412
11451,,8,10,8,18,10,8,18,8,0.240883,0.249338,258872.43284,0.033333
1706,,8,9,11,20,9,11,20,8,0.276377,0.289756,51657.663658,0.117647
3209,,7,2,10,12,2,10,12,8,0.275013,0.288187,3187.667045,0.154545
1227,,8,6,0,6,6,0,6,0,0,0,0,0.2
3181,,8,8,13,21,8,13,21,8,0.266246,0.278078,118039.424945,0.1125
16024,,8,2,1,3,2,1,3,8,0.240459,0.248592,0,1
8000,,8,5,7,12,5,7,12,8,0.273566,0.286039,28157.771057,0.181818
1883,,5,1,2,3,1,2,3,9,0.223794,0.230878,493.530195,0
19519,,8,1,0,1,1,0,1,0,0,0,0,0
6624,,8,4,3,7,4,3,7,8,0.265731,0.277462,961.703694,0.35
20189,,8,1,0,1,1,0,1,0,0,0,0,0
918,,8,9,5,14,9,5,14,8,0.243772,0.251925,50593.601136,0.077778
10557,,8,3,2,5,3,2,5,9,0.229958,0.237798,18860.867419,0.2
11683,,8,2,5,7,2,5,7,8,0.25615,0.266086,163.288358,0.2
24050,,8,1,0,1,1,0,1,0,0,0,0,0
24807,,8,8,0,8,8,0,8,0,0,0,0,0.107143
24758,,8,1,1,2,1,1,2,8,0.240459,0.248592,0,0
20749,,9,1,2,3,1,2,3,9,0.199847,0.205116,702.991109,0.333333
29166,,8,1,1,2,1,1,2,9,0.225041,0.231897,26.41676,0
26133,,7,6,9,15,6,9,15,8,0.28104,0.294953,5051.649199,0.219697
21731,,8,1,2,3,1,2,3,8,0.240579,0.248797,0,1
34681,,8,1,0,1,1,0,1,0,0,0,0,0
303,,13,0,1,1,0,1,1,9,0.20986,0.215414,0,0
3001,,13,1,0,1,1,0,1,0,0,0,0,0
3672,,13,1,0,1,1,0,1,0,0,0,0,0
3901,,13,1,4,5,1,4,5,1,1,1,1.869877,0.15
4705,,13,2,0,2,2,0,2,0,0,0,0,1
1449,,24,3,0,3,3,0,3,0,0,0,0,0
869,,0,14,19,33,14,19,33,8,0.243114,0.253295,34241.865623,0.153439
11319,,8,2,2,4,2,2,4,8,0.233974,0.242626,259.692083,0
5034,,5,2,6,8,2,6,8,8,0.256499,0.267383,2496.338793,0.125
16352,,1,2,1,3,2,1,3,8,0.244386,0.252463,240.954455,0
17195,,8,1,0,1,1,0,1,0,0,0,0,0
1063,,11,1,0,1,1,0,1,0,0,0,0,0
3370,,11,2,0,2,2,0,2,0,0,0,0,0
4909,,11,2,0,2,2,0,2,0,0,0,0,1
3371,,11,2,2,4,2,2,4,9,0.217378,0.223993,3552.222741,0.333333
6328,,9,1,2,3,1,2,3,9,0.199847,0.205116,548.959541,0.333333
7161,,11,1,0,1,1,0,1,0,0,0,0,0
8302,,11,2,1,3,2,1,3,9,0.218121,0.224515,29.183191,0
8446,,11,2,0,2,2,0,2,0,0,0,0,1
6402,,11,2,5,7,2,5,7,8,0.250206,0.260721,2118.036946,0.119048
1482,,19,5,64,69,5,64,69,7,0.300826,0.319141,138491.58571,0.063725
8916,,11,3,0,3,3,0,3,0,0,0,0,0.333333
2427,,16,6,4,10,6,4,10,9,0.196202,0.200575,81821.139568,0.035714
9495,,11,1,0,1,1,0,1,0,0,0,0,0
867,,8,3,3,6,3,3,6,9,0.229038,0.237009,5040.804624,0.166667
6537,,11,2,3,5,2,3,5,8,0.269632,0.281947,44800,0.2
11077,,11,1,1,2,1,1,2,1,1,1,32.16455,0
2496,,8,12,12,24,12,12,24,8,0.277698,0.292278,23695.001247,0.112554
11018,,11,3,2,5,3,2,5,8,0.263725,0.274152,107.242212,0.2
3444,,11,5,3,8,5,3,8,8,0.22706,0.235035,58815.13959,0.142857
14784,,11,1,0,1,1,0,1,0,0,0,0,0
1846,,15,27,38,65,27,38,65,8,0.280713,0.29561,644302.123315,0.044465
6176,,0,2,6,8,2,6,8,9,0.212284,0.21914,27988.490015,0.071429
15499,,11,1,0,1,1,0,1,0,0,0,0,0
16088,,11,14,3,17,14,3,17,8,0.231244,0.238929,59820.813228,0.141667
7714,,11,7,3,10,7,3,10,8,0.238627,0.246607,38085.102298,0.111111
11796,,10,4,3,7,4,3,7,8,0.25282,0.262936,19660.049879,0.066667
15864,,10,2,7,9,2,7,9,8,0.256761,0.267336,147.775171,0.152778
5996,,11,5,4,9,5,4,9,8,0.25001,0.259217,27405.62035,0.027778
13815,,11,2,1,3,2,1,3,8,0.262753,0.273463,0,0.5
12554,,11,3,4,7,3,4,7,8,0.249794,0.258404,63721.895395,0.095238
18572,,11,1,0,1,1,0,1,0,0,0,0,0
13289,,11,1,1,2,1,1,2,9,0.197937,0.202631,36.519125,0
14791,,8,2,6,8,2,6,8,9,0.224012,0.231277,26784.283071,0.107143
4548,,21,10,4,14,10,4,14,9,0.228762,0.235912,139191.672556,0.064103
21774,,16,3,3,6,3,3,6,8,0.262281,0.273525,19042.822837,0.1
22271,,11,1,0,1,1,0,1,0,0,0,0,0
22423,,11,1,0,1,1,0,1,0,0,0,0,0
1266,,8,23,29,52,23,29,52,7,0.290243,0.304582,161681.912017,0.112079
22554,,11,1,0,1,1,0,1,0,0,0,0,0
8489,,6,13,9,22,13,9,22,8,0.254216,0.264221,173497.983608,0.147059
8153,,16,1,2,3,1,2,3,9,0.250622,0.261016,9308.789114,0.166667
23306,,11,2,0,2,2,0,2,0,0,0,0,0
14904,,11,2,1,3,2,1,3,9,0.212012,0.218101,33.471094,0.333333
6821,,11,7,3,10,7,3,10,8,0.230671,0.237768,71361.017026,0.041667
24600,,11,1,1,2,1,1,2,8,0.247064,0.255643,0,0.5
8894,,11,1,3,4,1,3,4,8,0.27426,0.286366,6214.474394,0.416667
25278,,11,1,0,1,1,0,1,0,0,0,0,0
26054,,11,1,1,2,1,1,2,8,0.267422,0.278233,0,0
895,,8,6,7,13,6,7,13,8,0.25264,0.262702,106452.354524,0.098485
8256,,12,27,10,37,27,10,37,9,0.231673,0.238852,461163.391171,0.011905
4797,,11,8,5,13,8,5,13,8,0.246188,0.2566,99846.211779,0.068182
11476,,8,1,3,4,1,3,4,8,0.237088,0.244924,55.642472,0.416667
27314,,5,1,5,6,1,5,6,8,0.255358,0.265462,118.072926,0.333333
3326,,11,1,4,5,1,4,5,8,0.237849,0.245501,1408.640908,0
28111,,11,1,0,1,1,0,1,0,0,0,0,0
28275,,11,1,0,1,1,0,1,0,0,0,0,0
10546,,0,3,177,180,3,177,180,7,0.321834,0.345209,276565.89032,0.033085
28558,,21,3,0,3,3,0,3,0,0,0,0,0.166667
4271,,5,11,8,19,11,8,19,7,0.302067,0.317894,62333.273025,0.156863
30200,,11,1,0,1,1,0,1,0,0,0,0,0
9628,,6,3,1,4,3,1,4,9,0.206643,0.211806,577.121036,0.083333
30543,,11,3,0,3,3,0,3,0,0,0,0,0.833333
3353,,16,1,1,2,1,1,2,9,0.227395,0.235291,33.499919,0
16508,,285,11,5,16,11,5,16,2,0.777778,0.857143,181888,0.012821
4900,,9,1,2,3,1,2,3,10,0.17995,0.183352,51964.680884,0.166667
9011,,15,4,3,7,4,3,7,8,0.264477,0.275433,2410.176083,0.238095
15191,,5,3,3,6,3,3,6,9,0.240597,0.249288,778.924007,0.2
31514,,11,1,0,1,1,0,1,0,0,0,0,0
12917,,11,4,1,5,4,1,5,8,0.239483,0.247352,121.39458,0.25
14644,,11,8,8,16,8,8,16,8,0.259272,0.270883,24412.842279,0.120833
32884,,11,2,0,2,2,0,2,0,0,0,0,0.5
14993,,11,1,2,3,1,2,3,8,0.247421,0.25681,5150.03975,0
33555,,11,1,0,1,1,0,1,0,0,0,0,0
25328,,0,2,2,4,2,2,4,9,0.223975,0.23102,168.607542,0.166667
34200,,11,1,0,1,1,0,1,0,0,0,0,0
34201,,11,1,0,1,1,0,1,0,0,0,0,0
30806,,11,2,0,2,2,0,2,0,0,0,0,1
3565,,0,16,8,24,16,8,24,8,0.238503,0.24706,48702.323319,0.118421
308,,8,7,12,19,7,12,19,8,0.266484,0.278694,61552.314988,0.296703
3423,,8,13,13,26,13,13,26,8,0.265458,0.277203,107373.149571,0.125541
8983,,8,2,3,5,2,3,5,9,0.227164,0.235083,13.322386,0.583333
5868,,8,3,4,7,3,4,7,9,0.245389,0.255173,955.178833,0.357143
11243,,8,8,5,13,8,5,13,8,0.237711,0.246555,8769.317687,0.2
1282,,8,7,3,10,7,3,10,9,0.238509,0.247887,20172.096056,0.266667
1321,,8,1,0,1,1,0,1,0,0,0,0,0
2260,,8,1,0,1,1,0,1,0,0,0,0,0
2530,,8,2,0,2,2,0,2,0,0,0,0,0
4366,,8,1,0,1,1,0,1,0,0,0,0,0
3710,,8,1,4,5,1,4,5,9,0.227857,0.235924,0,0.583333
3805,,8,7,16,23,7,16,23,8,0.269876,0.282977,19631.508313,0.140351
8063,,8,4,1,5,4,1,5,9,0.217576,0.224094,821.883487,0
5159,,8,1,2,3,1,2,3,9,0.226907,0.234691,0,1
3877,,8,3,4,7,3,4,7,9,0.224812,0.232459,19118.454977,0.166667
2662,,8,21,30,51,21,30,51,8,0.281342,0.296328,85604.811178,0.123477
5730,,8,5,8,13,5,8,13,8,0.264458,0.275568,67552.584597,0.083333
16638,,8,1,0,1,1,0,1,0,0,0,0,0
17323,,8,2,2,4,2,2,4,8,0.273904,0.285737,3006.103764,0.5
19927,,8,1,1,2,1,1,2,9,0.22689,0.234625,0,0
20454,,8,4,0,4,4,0,4,0,0,0,0,0.416667
22402,,8,1,0,1,1,0,1,0,0,0,0,0
22899,,8,1,0,1,1,0,1,0,0,0,0,0
12692,,2,3,0,3,3,0,3,0,0,0,0,0.333333
11258,,8,1,3,4,1,3,4,9,0.234236,0.243175,72.590407,0.25
12822,,8,2,0,2,2,0,2,0,0,0,0,0
23010,,8,2,5,7,2,5,7,9,0.227995,0.236085,5323.229076,0.2
25682,,8,1,0,1,1,0,1,0,0,0,0,0
27144,,8,4,2,6,4,2,6,9,0.215371,0.221462,492.815297,0.65
26720,,8,2,3,5,2,3,5,9,0.223775,0.230795,26101.807035,0.333333
21982,,7,1,1,2,1,1,2,1,1,1,0,0.5
8199,,8,2,1,3,2,1,3,9,0.22689,0.234625,595.838679,0
32973,,8,1,0,1,1,0,1,0,0,0,0,0
1902,,8,6,6,12,6,6,12,8,0.231477,0.239249,21760.588404,0.036364
23803,,8,3,2,5,3,2,5,9,0.219602,0.226469,26647.530754,0
33306,,8,1,1,2,1,1,2,9,0.209777,0.215329,0,1
8415,,8,4,10,14,4,10,14,8,0.270081,0.282224,15022.683918,0.252747
32624,,1,3,0,3,3,0,3,0,0,0,0,0
8572,,8,1,4,5,1,4,5,8,0.263422,0.27424,1132.53472,0.7
15093,,10,9,2,11,9,2,11,9,0.209168,0.214595,30752.359904,0.305556
10093,,7,1,6,7,1,6,7,8,0.267157,0.278543,20.447057,0.2
21188,,8,1,0,1,1,0,1,0,0,0,0,0
2830,,15,8,13,21,8,13,21,8,0.247512,0.256406,56046.690147,0.180147
1553,,6,1,7,8,1,7,8,8,0.256457,0.267509,4.008237,0.261905
2157,,6,1,2,3,1,2,3,9,0.217914,0.224627,17.582349,0.5
3061,,6,2,0,2,2,0,2,0,0,0,0,1
3108,,6,1,0,1,1,0,1,0,0,0,0,0
3156,,6,1,1,2,1,1,2,9,0.204052,0.209422,0,1
3220,,6,3,1,4,3,1,4,9,0.207515,0.213016,12.068122,0.25
5309,,6,1,0,1,1,0,1,0,0,0,0,0
13375,,6,4,4,8,4,4,8,8,0.257894,0.269047,1954.027931,0.392857
3159,,7,1,0,1,1,0,1,0,0,0,0,0
1921,,0,2,9,11,2,9,11,8,0.280993,0.295069,264.809685,0.372727
15678,,7,1,0,1,1,0,1,0,0,0,0,0
2234,,0,6,15,21,6,15,21,7,0.300687,0.316064,51918.94849,0.088095
22118,,7,1,0,1,1,0,1,0,0,0,0,0
17118,,7,2,0,2,2,0,2,0,0,0,0,0.5
6113,,15,6,3,9,6,3,9,8,0.225575,0.233146,8239.249232,0.190476
29833,,7,1,0,1,1,0,1,0,0,0,0,0
316,,6,4,7,11,4,7,11,8,0.252929,0.262704,83815.377718,0.071429
21724,,6,4,2,6,4,2,6,8,0.23449,0.241946,655.334567,0.4
14037,,6,2,1,3,2,1,3,9,0.201872,0.206661,0,1
33053,,6,1,4,5,1,4,5,9,0.19485,0.199373,26116.324914,0.2
463,,13,3,8,11,3,8,11,8,0.238893,0.247688,20529.121795,0.111111
1794,,13,1,0,1,1,0,1,0,0,0,0,0
4584,,13,4,1,5,4,1,5,2,0.666667,0.75,0.333333,0.45
4903,,13,5,1,6,5,1,6,1,1,1,2,0.466667
1398,,13,5,7,12,5,7,12,8,0.236469,0.24486,58889.325683,0.472222
7022,,13,3,0,3,3,0,3,0,0,0,0,0
7868,,13,2,1,3,2,1,3,8,0.235876,0.24392,18826,0
2493,,13,3,3,6,3,3,6,8,0.235888,0.24399,70773,0.166667
7403,,16,2,1,3,2,1,3,9,0.214847,0.221084,357.451347,0.333333
9700,,13,1,2,3,1,2,3,11,0.143819,0.145717,0,0.333333
10278,,13,1,0,1,1,0,1,0,0,0,0,0
10156,,13,8,0,8,8,0,8,0,0,0,0,0.303571
10464,,13,2,0,2,2,0,2,0,0,0,0,1
10639,,13,1,0,1,1,0,1,0,0,0,0,0
11747,,13,1,2,3,1,2,3,8,0.235879,0.243946,0,0.5
7163,,13,1,5,6,1,5,6,8,0.235912,0.244092,51950,0.2
8767,,13,7,4,11,7,4,11,8,0.2359,0.244039,135552.640746,0.053571
10258,,13,2,0,2,2,0,2,0,0,0,0,0.5
11919,,13,1,2,3,1,2,3,8,0.235894,0.24399,0,1
5339,,13,7,2,9,7,2,9,10,0.167968,0.170974,50549.129431,0.178571
355,,13,3,2,5,3,2,5,8,0.237918,0.246021,8180.590808,0.416667
12596,,13,1,0,1,1,0,1,0,0,0,0,0
8812,,13,4,3,7,4,3,7,8,0.257961,0.269286,2737.848219,0.333333
16080,,0,4,0,4,4,0,4,0,0,0,0,0.083333
16816,,13,1,1,2,1,1,2,8,0.235876,0.24392,0,0
12457,,16,1,4,5,1,4,5,8,0.251271,0.261788,1551.694773,0.25
6066,,16,5,8,13,5,8,13,8,0.267544,0.279303,8021.079563,0.153846
21071,,11,6,3,9,6,3,9,8,0.235938,0.244067,68174.288298,0.095238
16386,,16,2,2,4,2,2,4,8,0.237175,0.246082,0,1
21038,,11,5,9,14,5,9,14,8,0.243958,0.253258,40887.262008,0.032051
24637,,13,2,0,2,2,0,2,0,0,0,0,0.5
25296,,13,2,0,2,2,0,2,0,0,0,0,0
25644,,13,1,1,2,1,1,2,8,0.235876,0.24392,0,0
26062,,13,1,0,1,1,0,1,0,0,0,0,0
26481,,0,3,0,3,3,0,3,0,0,0,0,0.166667
24634,,13,8,11,19,8,11,19,8,0.240816,0.249414,82867.463266,0.15
28388,,13,2,0,2,2,0,2,0,0,0,0,0.5
29542,,13,1,0,1,1,0,1,0,0,0,0,0
28465,,8,2,0,2,2,0,2,0,0,0,0,0
28245,,13,6,7,13,6,7,13,8,0.244687,0.254099,65430.170596,0.188889
29543,,13,1,1,2,1,1,2,8,0.235876,0.24392,0,0
28247,,13,3,4,7,3,4,7,8,0.244411,0.25377,0,0.916667
28320,,13,2,5,7,2,5,7,8,0.249358,0.259151,2385.481811,0.5
29880,,13,1,0,1,1,0,1,0,0,0,0,0
31259,,13,1,0,1,1,0,1,0,0,0,0,0
31994,,13,1,1,2,1,1,2,9,0.208248,0.214059,0,1
19123,,13,2,2,4,2,2,4,8,0.235882,0.243955,26083.361686,0
32708,,13,1,0,1,1,0,1,0,0,0,0,0
33162,,13,1,0,1,1,0,1,0,0,0,0,0
11195,,11,2,2,4,2,2,4,8,0.21776,0.224232,1041.345261,0.333333
13585,,11,1,0,1,1,0,1,0,0,0,0,0
18970,,11,1,1,2,1,1,2,9,0.20534,0.210848,0,0
19843,,16,2,1,3,2,1,3,10,0.174559,0.177965,958.041097,0.166667
16822,,11,3,1,4,3,1,4,9,0.20534,0.210848,25.998517,0.666667
27487,,11,3,1,4,3,1,4,9,0.221973,0.229105,165.725531,0.5
13878,,0,47,37,84,47,37,84,8,0.279305,0.294352,1783858.882857,0.01428
27951,,11,2,1,3,2,1,3,9,0.20534,0.210848,0,1
31131,,11,1,0,1,1,0,1,0,0,0,0,0
34054,,11,3,1,4,3,1,4,1,1,1,25976,0.333333
32748,,11,3,1,4,3,1,4,9,0.221973,0.229105,18826,0.333333
6099,,11,1,1,2,1,1,2,9,0.221973,0.229105,0,0
34952,,11,2,2,4,2,2,4,8,0.231562,0.239122,663.121965,0.083333
11344,,11,2,1,3,2,1,3,8,0.230085,0.237687,18825,0
12451,,10,2,3,5,2,3,5,9,0.213435,0.219804,2984.278323,0.2
19113,,11,1,1,2,1,1,2,8,0.230085,0.237687,0,0
24867,,11,1,2,3,1,2,3,8,0.263888,0.275358,185.820317,0.5
24563,,11,2,2,4,2,2,4,8,0.237681,0.245762,173.262896,0.5
27570,,11,1,0,1,1,0,1,0,0,0,0,0
29916,,11,1,0,1,1,0,1,0,0,0,0,0
24737,,11,2,1,3,2,1,3,8,0.230085,0.237687,18826,0
14536,,3,5,6,11,5,6,11,8,0.247825,0.257493,10872.117089,0.045455
3585,,0,8,13,21,8,13,21,8,0.237035,0.24613,1588.20834,0.254902
10739,,0,1,0,1,1,0,1,0,0,0,0,0
12764,,5,4,4,8,4,4,8,8,0.236772,0.24521,2404.979824,0.142857
10222,,0,7,4,11,7,4,11,8,0.231235,0.239228,2299.241715,0.277778
4405,,0,5,2,7,5,2,7,8,0.231519,0.239579,472.673197,0.2
4808,,5,18,18,36,18,18,36,8,0.261244,0.272482,200018.902039,0.029557
27579,,0,3,0,3,3,0,3,0,0,0,0,0.5
2298,,0,4,2,6,4,2,6,8,0.231924,0.239993,80.87745,0.4
761,,0,7,13,20,7,13,20,8,0.271252,0.284401,21204.901725,0.251634
6191,,0,1,0,1,1,0,1,0,0,0,0,0
2018,,0,7,11,18,7,11,18,8,0.232093,0.240462,24802.024142,0.225
2019,,0,8,14,22,8,14,22,8,0.232105,0.240682,28700.370732,0.239766
2843,,0,3,6,9,3,6,9,8,0.237067,0.245974,1617.587946,0.232143
6216,,0,11,13,24,11,13,24,8,0.233869,0.242265,8158.657553,0.207143
6217,,0,5,8,13,5,8,13,8,0.267849,0.27987,13178.292044,0.190909
6218,,0,7,14,21,7,14,21,8,0.239748,0.249151,27847.319236,0.222222
7413,,0,6,6,12,6,6,12,8,0.233145,0.241914,296.708332,0.322222
3107,,0,1,2,3,1,2,3,8,0.230886,0.238744,0,1
6527,,0,11,6,17,11,6,17,9,0.22485,0.232631,261923.061512,0.016667
710,,0,7,13,20,7,13,20,8,0.235052,0.243633,99039.819021,0.111111
10575,,0,1,0,1,1,0,1,0,0,0,0,0
12245,,0,2,1,3,2,1,3,9,0.188377,0.192671,6.371705,0.666667
12532,,0,2,1,3,2,1,3,8,0.230847,0.238656,0,1
3487,,0,5,4,9,5,4,9,8,0.230878,0.238794,41315.83427,0.047619
1787,,0,1,2,3,1,2,3,8,0.230858,0.23871,0,1
18531,,0,4,1,5,4,1,5,9,0.187573,0.191685,14.565029,0.333333
14849,,0,8,1,9,8,1,9,8,0.230847,0.238656,0,0.5
7455,,0,1,2,3,1,2,3,9,0.221937,0.229456,334.733577,0.333333
24081,,0,1,0,1,1,0,1,0,0,0,0,0
12970,,16,2,2,4,2,2,4,8,0.223991,0.231167,13465.732291,0
26790,,0,1,0,1,1,0,1,0,0,0,0,0
28361,,0,1,0,1,1,0,1,0,0,0,0,0
26208,,0,1,1,2,1,1,2,10,0.161733,0.164269,20348.78024,0
29400,,0,2,0,2,2,0,2,0,0,0,0,1
9443,,0,4,7,11,4,7,11,8,0.240348,0.248975,3361.892495,0.166667
35345,,0,1,0,1,1,0,1,0,0,0,0,0
35553,,0,1,0,1,1,0,1,0,0,0,0,0
1112,,11,2,9,11,2,9,11,8,0.252403,0.262125,570.443703,0.291667
7722,,11,4,1,5,4,1,5,9,0.232952,0.241229,18825,0.25
9650,,11,2,0,2,2,0,2,0,0,0,0,0
18746,,11,13,10,23,13,10,23,8,0.25434,0.264903,160356.979303,0.060606
28943,,11,6,3,9,6,3,9,8,0.253327,0.263531,2608.302803,0.089286
3323,,6,1,2,3,1,2,3,8,0.234621,0.243245,0,1
5926,,11,1,1,2,1,1,2,8,0.234507,0.243046,0,0
6418,,11,1,0,1,1,0,1,0,0,0,0,0
7207,,11,7,5,12,7,5,12,8,0.246346,0.257337,17785.362803,0.255556
8114,,11,1,1,2,1,1,2,8,0.234507,0.243046,0,0
7360,,0,3,8,11,3,8,11,8,0.248827,0.25873,26194.563068,0
11107,,11,3,4,7,3,4,7,8,0.252549,0.262711,18965.797204,0.4
13157,,11,1,0,1,1,0,1,0,0,0,0,0
4737,,11,4,1,5,4,1,5,8,0.234507,0.243046,18826,0.166667
13923,,11,1,3,4,1,3,4,8,0.234647,0.243301,0,0.833333
14488,,11,10,1,11,10,1,11,8,0.234507,0.243046,18826,0.155556
1838,,11,11,16,27,11,16,27,8,0.252163,0.26319,107727.184408,0.056667
16880,,11,1,0,1,1,0,1,0,0,0,0,0
17313,,16,14,0,14,14,0,14,0,0,0,0,0.038462
17518,,11,7,8,15,7,8,15,8,0.256716,0.267798,73275.714275,0.120879
19058,,11,1,0,1,1,0,1,0,0,0,0,0
21394,,11,1,0,1,1,0,1,0,0,0,0,0
20750,,11,5,4,9,5,4,9,8,0.252647,0.262986,354.840268,0.452381
18854,,11,1,1,2,1,1,2,8,0.234507,0.243046,0,0
18101,,11,1,1,2,1,1,2,8,0.234507,0.243046,0,0
22397,,11,1,1,2,1,1,2,8,0.234507,0.243046,0,0
22923,,11,1,0,1,1,0,1,0,0,0,0,0
23469,,11,1,0,1,1,0,1,0,0,0,0,0
23537,,11,1,0,1,1,0,1,0,0,0,0,0
23924,,11,1,0,1,1,0,1,0,0,0,0,0
24370,,11,1,0,1,1,0,1,0,0,0,0,0
20837,,11,4,2,6,4,2,6,8,0.241127,0.249074,26795.296151,0.2
15072,,11,1,1,2,1,1,2,8,0.234507,0.243046,0,0
27837,,11,1,2,3,1,2,3,8,0.23451,0.243073,0,1
28385,,11,1,0,1,1,0,1,0,0,0,0,0
28747,,11,2,2,4,2,2,4,8,0.243844,0.253899,0,0.666667
15107,,16,2,3,5,2,3,5,8,0.234519,0.243113,0,0.833333
4522,,15,2,3,5,2,3,5,8,0.238316,0.24736,1020.442323,0
2230,,0,12,12,24,12,12,24,8,0.258684,0.269569,47699.567305,0.150198
32892,,11,1,1,2,1,1,2,9,0.232952,0.241229,0,1
13996,,11,3,5,8,3,5,8,8,0.23649,0.24508,19395.772367,0.233333
1637,,16,5,3,8,5,3,8,8,0.234624,0.243272,560.575456,0.261905
4159,,8,7,13,20,7,13,20,8,0.258826,0.269778,48254.078239,0.191667
7114,,8,1,2,3,1,2,3,8,0.235046,0.243397,0,0.5
2548,,8,3,4,7,3,4,7,8,0.253699,0.26377,20221.336684,0.142857
8592,,8,1,0,1,1,0,1,0,0,0,0,0
9136,,8,1,0,1,1,0,1,0,0,0,0,0
1746,,8,20,23,43,20,23,43,8,0.281949,0.297061,326234.325345,0.059309
3302,,10,3,4,7,3,4,7,9,0.224987,0.232291,1581.914398,0.095238
12874,,8,1,0,1,1,0,1,0,0,0,0,0
15466,,8,1,0,1,1,0,1,0,0,0,0,0
6848,,8,2,5,7,2,5,7,8,0.271471,0.283404,945.90421,0.261905
18857,,8,1,0,1,1,0,1,0,0,0,0,0
3425,,8,11,7,18,11,7,18,8,0.247395,0.257028,10450.081719,0.209559
13086,,8,2,3,5,2,3,5,9,0.22492,0.23144,19354.593148,0.1
26907,,8,1,0,1,1,0,1,0,0,0,0,0
4805,,8,14,20,34,14,20,34,8,0.289408,0.304481,124207.302743,0.206897
18654,,6,2,1,3,2,1,3,9,0.207607,0.212851,0.904257,0.166667
27524,,8,1,0,1,1,0,1,0,0,0,0,0
7647,,8,2,1,3,2,1,3,8,0.261476,0.272569,178.457373,0.166667
9893,,8,8,19,27,8,19,27,8,0.271514,0.284396,37584.968223,0.150362
9871,,7,2,2,4,2,2,4,9,0.221882,0.228917,241.20785,0
5546,,8,6,5,11,6,5,11,8,0.237435,0.245628,2712.428876,0.111111
31000,,8,1,1,2,1,1,2,9,0.222606,0.229585,412.283238,0.5
7624,,8,5,6,11,5,6,11,8,0.271468,0.284037,24190.255262,0.127273
31961,,8,2,0,2,2,0,2,0,0,0,0,1
32901,,8,2,0,2,2,0,2,0,0,0,0,0.5
15977,,8,2,1,3,2,1,3,9,0.213716,0.219747,103.443853,0.166667
28704,,8,8,17,25,8,17,25,8,0.288906,0.303917,35708.774534,0.268398
31195,,8,1,1,2,1,1,2,8,0.245111,0.253391,0,1
5297,,8,2,3,5,2,3,5,8,0.237693,0.245233,7301.246202,0.15
17435,,8,2,1,3,2,1,3,9,0.225094,0.232328,205.940801,0.333333
2076,,16,2,4,6,2,4,6,8,0.257608,0.268856,60805.569557,0.066667
3674,,8,8,9,17,8,9,17,8,0.268855,0.280588,4491.625418,0.326923
327,,7,0,1,1,0,1,1,9,0.193869,0.197904,0,0
330,,15,4,3,7,4,3,7,9,0.200507,0.205385,887.413587,0.1
331,,15,2,1,3,2,1,3,10,0.185128,0.189061,12350.59638,0
6161,,15,15,10,25,15,10,25,8,0.230203,0.238298,87141.319082,0.088235
4204,,8,2,2,4,2,2,4,9,0.227175,0.234583,19004.234187,0
13104,,5,4,2,6,4,2,6,9,0.206487,0.211921,20153.31091,0.1
8502,,8,2,2,4,2,2,4,8,0.239507,0.248038,2103.585381,0.166667
31023,,8,1,0,1,1,0,1,0,0,0,0,0
4619,,8,2,4,6,2,4,6,8,0.262749,0.274024,1502.949734,0.3
20206,,8,1,1,2,1,1,2,9,0.220556,0.227228,0,0
1923,,8,15,25,40,15,25,40,8,0.284282,0.298879,155979.068014,0.123016
334,,16,2,0,2,2,0,2,0,0,0,0,0
6765,,8,3,6,9,3,6,9,9,0.228607,0.236276,70898.531095,0.017857
5348,,15,2,0,2,2,0,2,0,0,0,0,1
10152,,15,3,0,3,3,0,3,0,0,0,0,0.333333
14013,,15,2,4,6,2,4,6,8,0.25317,0.263212,1003.004768,0.25
1979,,15,2,6,8,2,6,8,9,0.223025,0.230356,822.451324,0.053571
2899,,15,4,5,9,4,5,9,8,0.267864,0.280223,18881.812058,0.25
14448,,10,7,3,10,7,3,10,9,0.229883,0.237164,19052.61149,0.25
13780,,15,3,0,3,3,0,3,0,0,0,0,0
22794,,10,3,2,5,3,2,5,9,0.214282,0.220593,34.142215,0.25
29461,,1,3,2,5,3,2,5,9,0.222514,0.229487,45037.398556,0
32728,,15,1,0,1,1,0,1,0,0,0,0,0
31861,,15,2,1,3,2,1,3,8,0.223017,0.229632,266.567341,0
33599,,15,2,0,2,2,0,2,0,0,0,0,1
35488,,15,2,0,2,2,0,2,0,0,0,0,0
35656,,15,1,0,1,1,0,1,0,0,0,0,0
18614,,56,3,1,4,3,1,4,9,0.221459,0.227963,320681.846931,0
337,,10,4,6,10,4,6,10,8,0.256618,0.266649,29901.883776,0.055556
8753,,15,1,2,3,1,2,3,9,0.222456,0.229402,59.661923,0
3365,,12,7,12,19,7,12,19,8,0.268904,0.281462,148618.247655,0.019608
5676,,12,4,2,6,4,2,6,8,0.23702,0.244519,25884.836934,0.15
5818,,11,4,7,11,4,7,11,8,0.231042,0.238738,86131.37779,0.125
7920,,12,1,0,1,1,0,1,0,0,0,0,0
8304,,12,2,1,3,2,1,3,8,0.234513,0.24306,293.898942,0.166667
4419,,12,6,8,14,6,8,14,8,0.240723,0.24904,281380.368785,0.045455
11642,,11,9,4,13,9,4,13,9,0.216582,0.223405,90742.477463,0.060606
14417,,12,1,0,1,1,0,1,0,0,0,0,0
8867,,12,4,5,9,4,5,9,9,0.191557,0.195666,882163.852596,0.053571
22854,,12,1,0,1,1,0,1,0,0,0,0,0
31337,,12,1,0,1,1,0,1,0,0,0,0,0
35295,,12,1,0,1,1,0,1,0,0,0,0,0
9283,,0,1,3,4,1,3,4,9,0.222608,0.230102,0,0.75
2872,,15,5,13,18,5,13,18,8,0.267438,0.27972,28856.436299,0.137255
5641,,15,6,0,6,6,0,6,0,0,0,0,0.366667
6085,,15,2,1,3,2,1,3,9,0.226484,0.23329,135.7006,0.166667
6646,,15,1,0,1,1,0,1,0,0,0,0,0
12752,,15,2,1,3,2,1,3,9,0.21992,0.226697,0,1
14883,,15,1,0,1,1,0,1,0,0,0,0,0
2982,,15,4,6,10,4,6,10,8,0.246014,0.256104,81344.182899,0.160714
7241,,24,13,14,27,13,14,27,8,0.268866,0.282025,224914.153362,0.044615
6166,,15,4,3,7,4,3,7,9,0.197451,0.202522,26498.348801,0.166667
20982,,15,1,2,3,1,2,3,1,1,1,33185.790266,0
11458,,15,7,2,9,7,2,9,8,0.235425,0.242939,11146.779364,0.095238
4215,,15,3,6,9,3,6,9,8,0.257362,0.267394,20041.344939,0.142857
24699,,15,2,0,2,2,0,2,0,0,0,0,0.5
28176,,15,1,0,1,1,0,1,0,0,0,0,0
28723,,15,1,0,1,1,0,1,0,0,0,0,0
7565,,15,9,3,12,9,3,12,9,0.226546,0.233567,26689.97607,0.118182
8410,,15,2,0,2,2,0,2,0,0,0,0,1
35374,,15,1,0,1,1,0,1,0,0,0,0,0
1044,,7,1,0,1,1,0,1,0,0,0,0,0
10373,,8,2,0,2,2,0,2,0,0,0,0,0
10401,,7,1,0,1,1,0,1,0,0,0,0,0
12787,,7,1,0,1,1,0,1,0,0,0,0,0
13830,,7,1,0,1,1,0,1,0,0,0,0,0
12418,,1,2,1,3,2,1,3,8,0.229124,0.236483,52.288906,0.333333
3601,,7,5,7,12,5,7,12,7,0.296104,0.311025,8446.80704,0.218182
18605,,7,2,2,4,2,2,4,8,0.243161,0.252092,2.582693,0.5
21190,,7,3,2,5,3,2,5,9,0.218186,0.224632,82.951456,0.333333
6075,,5,6,14,20,6,14,20,8,0.274965,0.287421,5997.641882,0.121053
4234,,7,16,11,27,16,11,27,8,0.255833,0.265996,77471.594015,0.067692
22692,,7,1,0,1,1,0,1,0,0,0,0,0
1480,,7,13,22,35,13,22,35,8,0.27579,0.289762,59078.402562,0.16129
2913,,7,1,0,1,1,0,1,0,0,0,0,0
2967,,7,1,0,1,1,0,1,0,0,0,0,0
3603,,7,1,0,1,1,0,1,0,0,0,0,0
5331,,7,1,0,1,1,0,1,0,0,0,0,0
6050,,7,1,0,1,1,0,1,0,0,0,0,0
7025,,7,1,0,1,1,0,1,0,0,0,0,0
8693,,7,1,2,3,1,2,3,8,0.261483,0.272604,4.647708,0.5
4891,,7,2,3,5,2,3,5,8,0.237456,0.245995,5.370459,0.333333
9840,,7,1,0,1,1,0,1,0,0,0,0,0
7312,,7,2,2,4,2,2,4,8,0.265458,0.27679,25975,0.333333
12426,,7,1,0,1,1,0,1,0,0,0,0,0
14591,,7,1,0,1,1,0,1,0,0,0,0,0
1865,,7,3,18,21,3,18,21,8,0.287376,0.302613,20703.084167,0.183333
22148,,7,1,1,2,1,1,2,8,0.237079,0.245036,0,0
26589,,7,1,0,1,1,0,1,0,0,0,0,0
30389,,7,1,0,1,1,0,1,0,0,0,0,0
6444,,10,6,1,7,6,1,7,9,0.214331,0.220612,375.87838,0.047619
13082,,10,1,2,3,1,2,3,8,0.239112,0.247275,51.170802,0.5
19851,,10,1,1,2,1,1,2,9,0.215255,0.221598,0,0
16594,,10,1,1,2,1,1,2,9,0.215255,0.221598,0,0
20210,,10,2,2,4,2,2,4,9,0.221204,0.228337,0,1
2330,,5,6,2,8,6,2,8,9,0.222561,0.22982,42927.691802,0.017857
5497,,5,3,0,3,3,0,3,0,0,0,0,0
1157,,24,17,12,29,17,12,29,8,0.287288,0.301545,184411.971161,0.076923
347,,1,4,6,10,4,6,10,8,0.264644,0.275846,126067.79175,0.083333
7794,,21,1,7,8,1,7,8,8,0.273773,0.285949,79030.423441,0.053571
7585,,11,3,2,5,3,2,5,8,0.23165,0.239257,730.085934,0.25
8953,,1,1,0,1,1,0,1,0,0,0,0,0
9572,,1,1,0,1,1,0,1,0,0,0,0,0
878,,1,1,1,2,1,1,2,8,0.228349,0.2356,0,0
12028,,1,1,0,1,1,0,1,0,0,0,0,0
15112,,1,1,0,1,1,0,1,0,0,0,0,0
7246,,1,1,2,3,1,2,3,8,0.228712,0.236053,57.413573,0
18042,,1,1,0,1,1,0,1,0,0,0,0,0
16464,,1,1,1,2,1,1,2,8,0.228349,0.2356,0,0
20114,,1,1,0,1,1,0,1,0,0,0,0,0
21066,,1,2,0,2,2,0,2,0,0,0,0,0
22552,,1,1,0,1,1,0,1,0,0,0,0,0
22677,,1,1,0,1,1,0,1,0,0,0,0,0
22678,,1,1,0,1,1,0,1,0,0,0,0,0
22679,,1,1,0,1,1,0,1,0,0,0,0,0
22744,,12,1,1,2,1,1,2,8,0.234437,0.242011,2302.328506,0
28736,,1,1,2,3,1,2,3,9,0.219177,0.225783,153.856357,0
24500,,15,4,7,11,4,7,11,8,0.247619,0.256206,64975.478724,0.033333
30124,,1,1,0,1,1,0,1,0,0,0,0,0
32655,,1,1,1,2,1,1,2,9,0.208174,0.213376,9.517288,0
1094,,7,1,0,1,1,0,1,0,0,0,0,0
7953,,7,1,0,1,1,0,1,0,0,0,0,0
23336,,10,2,1,3,2,1,3,10,0.175264,0.17844,25973.255556,0
5706,,15,1,1,2,1,1,2,9,0.220308,0.226972,0,1
4028,,8,4,3,7,4,3,7,8,0.239587,0.247333,26012.158826,0.2
8601,,8,2,3,5,2,3,5,8,0.239944,0.247719,21810.545209,0.25
5713,,8,3,1,4,3,1,4,8,0.262753,0.273463,0,0.333333
7290,,15,2,6,8,2,6,8,8,0.264221,0.275761,25025.188496,0.4
14930,,15,1,1,2,1,1,2,9,0.210568,0.216005,0,1
6729,,7,2,4,6,2,4,6,7,0.294234,0.308819,18826,0.3
20323,,15,2,1,3,2,1,3,9,0.220308,0.226972,0,1
9307,,15,8,5,13,8,5,13,8,0.246501,0.25545,21921.214383,0.2
2109,,5,2,7,9,2,7,9,9,0.242475,0.252557,2708.812027,0.178571
27050,,8,1,0,1,1,0,1,0,0,0,0,0
2196,,8,4,4,8,4,4,8,8,0.238497,0.246419,49026.285991,0.119048
28580,,8,1,0,1,1,0,1,0,0,0,0,0
17697,,2,2,2,4,2,2,4,8,0.248817,0.258473,318.41208,0
33802,,15,2,0,2,2,0,2,0,0,0,0,1
2131,,10,5,6,11,5,6,11,8,0.264961,0.276771,46532.302788,0.181818
2818,,2,3,9,12,3,9,12,8,0.268372,0.2805,17821.578921,0.190909
8188,,11,13,11,24,13,11,24,8,0.263021,0.275099,207842.060514,0.036842
3446,,11,2,2,4,2,2,4,9,0.241979,0.250916,1259.894568,0.416667
3374,,2,5,7,12,5,7,12,8,0.266585,0.2781,78242.61399,0.128788
19301,,16,1,1,2,1,1,2,8,0.226675,0.234632,139.225584,0
8564,,16,7,17,24,7,17,24,8,0.292161,0.30814,107399.447469,0.266234
20385,,2,3,5,8,3,5,8,8,0.266145,0.277867,226.05136,0.366667
7285,,8,3,5,8,3,5,8,8,0.255012,0.264775,69121.270142,0.142857
8815,,15,5,0,5,5,0,5,0,0,0,0,0.15
26816,,11,4,3,7,4,3,7,9,0.229532,0.237376,9916.157349,0.261905
31439,,11,1,0,1,1,0,1,0,0,0,0,0
33695,,11,2,0,2,2,0,2,0,0,0,0,1
354,,0,2,30,32,2,30,32,8,0.251131,0.261118,52593.052205,0.333333
27619,,0,1,0,1,1,0,1,0,0,0,0,0
1700,,0,2,7,9,2,7,9,8,0.237954,0.246824,18949.728481,0.180556
18979,,8,1,0,1,1,0,1,0,0,0,0,0
10270,,8,1,2,3,1,2,3,9,0.222325,0.229191,0,0.5
20821,,8,2,1,3,2,1,3,9,0.221482,0.228121,0,1
1478,,8,9,8,17,9,8,17,8,0.268816,0.280974,52018.570336,0.1625
4800,,8,1,0,1,1,0,1,0,0,0,0,0
5156,,8,2,4,6,2,4,6,9,0.235634,0.243544,44799,0.416667
3752,,8,5,13,18,5,13,18,8,0.274284,0.287179,2685.709896,0.219048
3257,,8,6,14,20,6,14,20,8,0.285584,0.300494,85073.155607,0.230994
6728,,8,4,0,4,4,0,4,0,0,0,0,0.5
9683,,8,3,1,4,3,1,4,1,1,1,3351.433672,0.333333
10511,,8,1,0,1,1,0,1,0,0,0,0,0
12885,,21,2,0,2,2,0,2,0,0,0,0,0.5
15272,,8,1,0,1,1,0,1,0,0,0,0,0
561,,8,24,22,46,24,22,46,8,0.294041,0.309421,344979.879623,0.090385
15042,,8,2,2,4,2,2,4,10,0.191131,0.195426,2569.55587,0.166667
843,,8,13,14,27,13,14,27,8,0.267529,0.279572,142143.17281,0.091667
10113,,8,8,3,11,8,3,11,8,0.266299,0.277765,5101.315569,0.211111
22656,,8,1,0,1,1,0,1,0,0,0,0,0
22998,,8,1,0,1,1,0,1,0,0,0,0,0
9747,,8,2,10,12,2,10,12,8,0.282401,0.296464,624.458337,0.544444
25350,,8,2,0,2,2,0,2,0,0,0,0,0
25182,,8,3,3,6,3,3,6,9,0.225162,0.232824,1246.122575,0.333333
1290,,8,2,1,3,2,1,3,8,0.244449,0.252818,40.62217,0.5
28106,,8,4,0,4,4,0,4,0,0,0,0,0.333333
2220,,8,2,4,6,2,4,6,8,0.256859,0.267133,52919.453507,0.1
22697,,21,2,0,2,2,0,2,0,0,0,0,0.5
7677,,8,4,1,5,4,1,5,8,0.236996,0.244474,625.742542,0.2
29741,,8,4,0,4,4,0,4,0,0,0,0,0.333333
30257,,8,1,0,1,1,0,1,0,0,0,0,0
20402,,21,4,0,4,4,0,4,0,0,0,0,0.166667
33135,,8,1,0,1,1,0,1,0,0,0,0,0
2152,,8,4,4,8,4,4,8,8,0.24052,0.24868,37024.915734,0.166667
4605,,15,21,26,47,21,26,47,8,0.272363,0.285863,367943.324225,0.054765
23957,,10,3,2,5,3,2,5,9,0.221955,0.228552,60.368328,0.333333
7243,,11,1,0,1,1,0,1,0,0,0,0,0
13456,,11,2,1,3,2,1,3,9,0.232949,0.24122,0,1
14640,,11,1,0,1,1,0,1,0,0,0,0,0
1342,,11,4,11,15,4,11,15,7,0.29701,0.312109,51925.992641,0.280303
20119,,11,1,1,2,1,1,2,8,0.239852,0.247699,0,0
27048,,11,3,3,6,3,3,6,8,0.248896,0.259024,0,1
33841,,11,1,0,1,1,0,1,0,0,0,0,0
1223,,11,1,1,2,1,1,2,9,0.230017,0.237272,0,0
375,,11,2,2,4,2,2,4,9,0.230023,0.237308,25975,0.333333
2614,,11,1,1,2,1,1,2,9,0.230017,0.237272,0,0
3268,,11,2,5,7,2,5,7,9,0.230037,0.237405,60278.971155,0.233333
1232,,11,2,2,4,2,2,4,9,0.235058,0.243376,120.843383,0.166667
5812,,11,1,0,1,1,0,1,0,0,0,0,0
9799,,11,1,0,1,1,0,1,0,0,0,0,0
10029,,11,1,0,1,1,0,1,0,0,0,0,0
10786,,11,2,0,2,2,0,2,0,0,0,0,1
15609,,11,7,6,13,7,6,13,8,0.247636,0.257289,42208.668759,0.037879
25513,,11,1,0,1,1,0,1,0,0,0,0,0
11111,,11,2,3,5,2,3,5,8,0.249983,0.260688,79.948884,0.666667
6615,,11,3,0,3,3,0,3,0,0,0,0,0
26513,,11,2,0,2,2,0,2,0,0,0,0,0
17515,,11,4,4,8,4,4,8,8,0.249745,0.260214,20375.372083,0.285714
12393,,8,4,7,11,4,7,11,8,0.26799,0.279893,31537.35425,0.2
1869,,8,1,1,2,1,1,2,9,0.21334,0.219354,0,0
7447,,8,11,4,15,11,4,15,9,0.221123,0.228282,3523.411829,0.044872
10940,,8,1,1,2,1,1,2,9,0.21334,0.219354,0,0
15044,,8,3,1,4,3,1,4,9,0.201851,0.207126,194.416461,0.333333
21061,,13,1,1,2,1,1,2,9,0.211288,0.217016,76.497122,0
23951,,10,3,0,3,3,0,3,0,0,0,0,0.666667
20588,,8,1,1,2,1,1,2,9,0.209143,0.214503,14.843072,0
367,,10,3,15,18,3,15,18,8,0.275673,0.289341,61310.985781,0.088235
3196,,10,1,1,2,1,1,2,9,0.230852,0.239153,4.356852,0
3440,,10,1,0,1,1,0,1,0,0,0,0,0
13505,,10,2,0,2,2,0,2,0,0,0,0,0
2372,,11,5,8,13,5,8,13,8,0.259444,0.271704,19147.549974,0.390909
368,,15,4,9,13,4,9,13,8,0.254093,0.265825,13414.700425,0.291667
11734,,15,7,14,21,7,14,21,8,0.24757,0.257995,11199.633836,0.169118
21117,,15,4,3,7,4,3,7,9,0.224416,0.232033,38.572552,0.6
2619,,15,4,4,8,4,4,8,9,0.222078,0.229585,19206.183665,0.214286
2714,,11,10,3,13,10,3,13,8,0.235284,0.243992,19868.190122,0.372727
4777,,11,1,0,1,1,0,1,0,0,0,0,0
6150,,11,1,0,1,1,0,1,0,0,0,0,0
7428,,11,1,0,1,1,0,1,0,0,0,0,0
8519,,11,1,0,1,1,0,1,0,0,0,0,0
9192,,11,1,0,1,1,0,1,0,0,0,0,0
9528,,11,2,4,6,2,4,6,8,0.250783,0.261279,8293.302631,0.033333
9764,,11,1,1,2,1,1,2,9,0.210577,0.216652,0,1
10418,,11,1,0,1,1,0,1,0,0,0,0,0
11169,,11,2,0,2,2,0,2,0,0,0,0,1
11438,,10,7,10,17,7,10,17,8,0.237966,0.24723,27434.311231,0.138095
2836,,10,15,16,31,15,16,31,8,0.264611,0.276542,175581.652758,0.083004
1777,,11,4,6,10,4,6,10,8,0.242806,0.252544,42494.590583,0.055556
7968,,11,2,3,5,2,3,5,8,0.248702,0.258759,121.049738,0.666667
6223,,10,8,7,15,8,7,15,8,0.252966,0.264467,2851.481002,0.371212
13292,,11,1,4,5,1,4,5,8,0.248246,0.259052,12987,0.416667
13331,,11,2,2,4,2,2,4,8,0.232116,0.239928,164.592793,0.166667
1766,,10,9,12,21,9,12,21,8,0.263636,0.275667,69454.967509,0.152381
13888,,11,1,1,2,1,1,2,9,0.192593,0.197317,234.51005,0
1326,,10,36,51,87,36,51,87,8,0.303665,0.322506,516034.940791,0.057362
1199,,5,12,16,28,12,16,28,8,0.280868,0.294882,135138.573501,0.112536
16813,,11,3,2,5,3,2,5,9,0.202818,0.207707,26513.574191,0.1
12761,,11,1,3,4,1,3,4,8,0.246834,0.25514,2388.426112,0
18809,,10,5,0,5,5,0,5,0,0,0,0,0.15
17514,,11,1,1,2,1,1,2,9,0.184968,0.188817,610.362478,0
19497,,11,2,1,3,2,1,3,9,0.194329,0.198657,0,0.333333
19701,,11,2,0,2,2,0,2,0,0,0,0,1
18313,,11,2,3,5,2,3,5,8,0.250726,0.261877,507.064953,0.166667
20841,,11,1,0,1,1,0,1,0,0,0,0,0
16349,,11,17,7,24,17,7,24,7,0.300054,0.31536,275613.084735,0.057971
13863,,11,4,4,8,4,4,8,9,0.230838,0.239071,1998.691358,0.166667
11882,,11,5,4,9,5,4,9,8,0.241189,0.249681,82729.510677,0.111111
1854,,10,2,1,3,2,1,3,8,0.232563,0.240767,240.858773,0.333333
9342,,10,3,1,4,3,1,4,9,0.232382,0.240324,241.55276,0.416667
22687,,15,2,3,5,2,3,5,8,0.238006,0.245926,459.769583,0.2
1985,,10,4,7,11,4,7,11,9,0.241511,0.251225,23108.107774,0.311111
5937,,11,3,3,6,3,3,6,9,0.204913,0.210621,8925.199342,0.1
24181,,11,1,1,2,1,1,2,9,0.224855,0.232783,0,0.5
13177,,11,1,2,3,1,2,3,8,0.268659,0.280648,0,0.833333
18037,,11,2,2,4,2,2,4,9,0.207319,0.213257,0.77524,0.583333
22421,,11,4,2,6,4,2,6,8,0.249374,0.260285,19047.249118,0.25
2865,,7,1,6,7,1,6,7,7,0.293922,0.308448,3205.395812,0.142857
19488,,11,2,3,5,2,3,5,8,0.249997,0.260563,13001.68832,0.416667
13013,,10,2,2,4,2,2,4,8,0.249321,0.260193,46.378512,0.666667
17325,,10,2,4,6,2,4,6,9,0.230347,0.238762,156.281572,0.65
22069,,11,1,3,4,1,3,4,9,0.233971,0.242384,26479.508991,0.083333
26276,,10,3,0,3,3,0,3,0,0,0,0,0.666667
7801,,10,5,3,8,5,3,8,8,0.24995,0.261114,1295.939703,0.55
6581,,11,1,1,2,1,1,2,9,0.219881,0.226441,303.193759,0
13594,,11,2,3,5,2,3,5,8,0.252824,0.264065,46.46276,0.583333
26829,,10,5,5,10,5,5,10,8,0.247336,0.256643,4537.365204,0.222222
31589,,11,1,0,1,1,0,1,0,0,0,0,0
15781,,15,3,3,6,3,3,6,8,0.265035,0.275968,65057.49159,0.133333
32978,,11,1,0,1,1,0,1,0,0,0,0,0
5069,,10,1,1,2,1,1,2,9,0.216061,0.22289,0,1
33364,,11,1,0,1,1,0,1,0,0,0,0,0
12873,,10,6,8,14,6,8,14,8,0.236356,0.245031,58649.110701,0.090909
33539,,11,1,0,1,1,0,1,0,0,0,0,0
16370,,11,30,15,45,30,15,45,8,0.259569,0.271639,722925.553647,0.044872
27523,,11,6,5,11,6,5,11,8,0.24562,0.255297,40175.044588,0.194444
24039,,11,2,1,3,2,1,3,9,0.208114,0.214161,151.040609,0
31985,,11,2,2,4,2,2,4,9,0.233536,0.242042,1108.755295,0.5
35753,,11,1,0,1,1,0,1,0,0,0,0,0
8044,,10,7,5,12,7,5,12,8,0.24585,0.255199,2442.582841,0.2
6005,,19,2,1,3,2,1,3,10,0.181961,0.185826,151.921409,0.166667
15917,,19,3,1,4,3,1,4,9,0.222427,0.229641,37651,0.25
23474,,11,1,0,1,1,0,1,0,0,0,0,0
12274,,11,2,7,9,2,7,9,8,0.26952,0.281891,1844.843745,0.166667
18813,,11,3,0,3,3,0,3,0,0,0,0,0
21189,,11,3,0,3,3,0,3,0,0,0,0,0.166667
16425,,11,4,1,5,4,1,5,8,0.23451,0.243055,1301.920385,0.45
16500,,11,2,1,3,2,1,3,1,1,1,5.833333,0.166667
24057,,11,1,0,1,1,0,1,0,0,0,0,0
24745,,11,2,0,2,2,0,2,0,0,0,0,1
26024,,11,4,3,7,4,3,7,8,0.227606,0.235135,34204.270019,0.15
24654,,11,5,0,5,5,0,5,0,0,0,0,0.3
21427,,11,9,11,20,9,11,20,8,0.27531,0.288973,81872.540116,0.175439
21041,,11,3,0,3,3,0,3,0,0,0,0,0.166667
3749,,11,6,2,8,6,2,8,9,0.224036,0.231087,19327.963101,0.119048
15250,,11,6,11,17,6,11,17,8,0.268686,0.282335,5393.476688,0.25
35704,,11,3,0,3,3,0,3,0,0,0,0,0.333333
2041,,15,6,6,12,6,6,12,8,0.238144,0.247092,37948.799837,0.145455
13025,,0,1,0,1,1,0,1,0,0,0,0,0
14557,,6,1,2,3,1,2,3,9,0.203245,0.208504,337.204096,0.333333
14168,,0,7,7,14,7,7,14,8,0.280153,0.293221,65680.001292,0.266667
14747,,0,3,16,19,3,16,19,8,0.253344,0.263946,76655.893848,0.066667
12685,,8,1,2,3,1,2,3,9,0.198018,0.203243,69.151084,0.166667
11661,,1,2,0,2,2,0,2,0,0,0,0,0.5
22948,,0,2,1,3,2,1,3,9,0.224734,0.232172,0,0.5
3420,,0,4,1,5,4,1,5,9,0.226163,0.233245,19033.027902,0.1
26095,,0,1,0,1,1,0,1,0,0,0,0,0
31542,,0,1,0,1,1,0,1,0,0,0,0,0
4417,,15,11,4,15,11,4,15,8,0.239015,0.247881,56772.935364,0.120879
374,,11,1,22,23,1,22,23,8,0.27794,0.291569,18893.611841,0.126482
1743,,11,12,7,19,12,7,19,8,0.273956,0.287364,86599.95049,0.088235
15923,,11,1,0,1,1,0,1,0,0,0,0,0
25777,,7,3,1,4,3,1,4,10,0.179155,0.182313,1.057143,0.083333
12148,,7,3,4,7,3,4,7,8,0.251735,0.261267,471.498105,0.309524
23731,,7,2,4,6,2,4,6,9,0.250579,0.26061,806.148159,0.166667
33715,,11,1,1,2,1,1,2,8,0.251379,0.261448,0,1
7359,,5,1,0,1,1,0,1,0,0,0,0,0
15053,,9,3,0,3,3,0,3,0,0,0,0,0.833333
11166,,9,12,15,27,12,15,27,8,0.24285,0.252177,2016790.262002,0.067029
10960,,9,7,11,18,7,11,18,8,0.241022,0.250507,18165.197097,0.179167
16250,,9,1,5,6,1,5,6,8,0.230674,0.238957,25974,0.466667
16529,,5,1,0,1,1,0,1,0,0,0,0,0
16530,,5,1,0,1,1,0,1,0,0,0,0,0
9141,,9,2,2,4,2,2,4,10,0.16863,0.171529,107.220227,0.25
9906,,9,2,5,7,2,5,7,8,0.229027,0.237084,11578.884001,0.466667
18401,,0,8,1,9,8,1,9,9,0.207234,0.212956,21304.649966,0.107143
1035,,5,9,13,22,9,13,22,8,0.261858,0.273348,16798.045285,0.128676
5080,,9,2,8,10,2,8,10,8,0.270139,0.282882,2985.39596,0.222222
12769,,5,2,9,11,2,9,11,8,0.250449,0.260687,27564.472156,0.244444
381,,15,2,4,6,2,4,6,8,0.251325,0.261981,46876.37707,0.066667
382,,8,7,14,21,7,14,21,8,0.271045,0.283984,76294.339326,0.065789
2296,,5,2,6,8,2,6,8,8,0.246478,0.255498,985.190827,0.160714
1434,,16,5,9,14,5,9,14,8,0.240394,0.250278,27029.82999,0.356061
1371,,16,2,1,3,2,1,3,1,1,1,0,0.5
4813,,11,6,9,15,6,9,15,8,0.248699,0.257558,52434.783923,0.042857
16664,,16,2,1,3,2,1,3,1,1,1,0,0.5
2999,,16,6,10,16,6,10,16,8,0.256544,0.267031,19339.295485,0.143939
24361,,16,2,0,2,2,0,2,0,0,0,0,0
1595,,16,2,1,3,2,1,3,1,1,1,25977,0
27460,,16,1,0,1,1,0,1,0,0,0,0,0
12201,,16,5,5,10,5,5,10,8,0.229613,0.237988,38648.600203,0.071429
10852,,11,6,5,11,6,5,11,9,0.239103,0.248609,4072.486919,0.155556
2235,,16,2,24,26,2,24,26,8,0.28594,0.301303,151758.662865,0.123188
19079,,16,6,6,12,6,6,12,1,1,1,129910,0.041667
19078,,16,5,1,6,5,1,6,2,0.545455,0.583333,6,0.2
22173,,16,1,0,1,1,0,1,0,0,0,0,0
22361,,16,3,1,4,3,1,4,1,1,1,25976,0.083333
24154,,16,1,3,4,1,3,4,9,0.226909,0.234805,744.860719,0.25
21108,,16,1,1,2,1,1,2,9,0.226013,0.233274,0,0
388,,8,0,1,1,0,1,1,10,0.192874,0.197158,0,0
390,,8,2,3,5,2,3,5,8,0.262878,0.27366,26698.165989,0.1
391,,8,1,0,1,1,0,1,0,0,0,0,0
13424,,16,1,1,2,1,1,2,9,0.208853,0.21473,25.299562,0
14229,,16,1,0,1,1,0,1,0,0,0,0,0
13540,,16,39,47,86,39,47,86,8,0.284406,0.299189,337251.943124,0.060041
14945,,16,2,5,7,2,5,7,8,0.239294,0.248716,19.319168,0.533333
21657,,16,2,1,3,2,1,3,9,0.189826,0.194144,4.565292,0.5
12939,,16,2,1,3,2,1,3,8,0.235746,0.244193,0,1
7503,,11,4,0,4,4,0,4,0,0,0,0,0.25
11960,,11,1,0,1,1,0,1,0,0,0,0,0
5094,,2,1,1,2,1,1,2,9,0.217275,0.223893,35.798674,0
3663,,16,3,5,8,3,5,8,9,0.231582,0.23965,717.766172,0.196429
17906,,10,8,9,17,8,9,17,8,0.273027,0.285521,10328.208476,0.154167
2049,,15,3,4,7,3,4,7,7,0.29747,0.312347,38829.636526,0.233333
2048,,15,11,6,17,11,6,17,8,0.238437,0.245983,65119.017705,0.082418
3943,,15,1,2,3,1,2,3,9,0.220703,0.227147,0,1
18511,,15,1,1,2,1,1,2,9,0.220701,0.227121,0,0
15590,,15,2,1,3,2,1,3,9,0.220701,0.227121,0,1
19821,,7,5,1,6,5,1,6,9,0.208554,0.213827,1856.271161,0.1
12399,,6,1,0,1,1,0,1,0,0,0,0,0
11378,,6,1,1,2,1,1,2,8,0.249084,0.258105,0,0.5
16099,,6,1,0,1,1,0,1,0,0,0,0,0
20650,,6,1,1,2,1,1,2,9,0.223571,0.230796,0,0
21240,,6,1,1,2,1,1,2,8,0.247392,0.256732,0,1
31312,,10,4,0,4,4,0,4,0,0,0,0,0.666667
2332,,10,15,44,59,15,44,59,8,0.288128,0.304228,322845.68959,0.030844
4422,,8,11,7,18,11,7,18,8,0.263304,0.274491,10165.233159,0.1125
4156,,10,7,14,21,7,14,21,8,0.278656,0.293051,56001.443596,0.118421
6837,,8,17,18,35,17,18,35,8,0.275819,0.289596,298696.091735,0.051411
2312,,8,1,0,1,1,0,1,0,0,0,0,0
14938,,8,1,0,1,1,0,1,0,0,0,0,0
19768,,8,2,2,4,2,2,4,1,1,1,26066.190866,0.083333
23162,,8,1,1,2,1,1,2,8,0.23699,0.244461,0,0
23370,,8,1,1,2,1,1,2,8,0.23699,0.244461,0,0
24271,,8,2,0,2,2,0,2,0,0,0,0,0.5
3673,,8,7,4,11,7,4,11,8,0.251836,0.261965,934.931917,0.455556
2791,,8,1,4,5,1,4,5,8,0.242516,0.251068,101.351605,0.35
4697,,16,14,11,25,14,11,25,8,0.271797,0.284986,67978.221893,0.145022
35609,,8,2,0,2,2,0,2,0,0,0,0,0
18919,,10,1,2,3,1,2,3,9,0.209059,0.21489,0,0.5
26185,,10,1,1,2,1,1,2,9,0.216061,0.22289,32.884729,0.5
31317,,10,6,8,14,6,8,14,8,0.250953,0.262088,24236.908569,0.262821
403,,11,0,1,1,0,1,1,8,0.244433,0.254493,0,0
1228,,24,1,0,1,1,0,1,0,0,0,0,0
1886,,24,7,6,13,7,6,13,8,0.263441,0.275233,27246.101882,0.185897
4183,,24,2,3,5,2,3,5,8,0.223805,0.231003,25975,0.333333
4933,,24,2,1,3,2,1,3,8,0.223743,0.230843,137.771111,0
3088,,24,3,3,6,3,3,6,8,0.224164,0.231454,586.074749,0.5
5721,,24,4,0,4,4,0,4,0,0,0,0,0.166667
6730,,24,1,1,2,1,1,2,8,0.223743,0.230843,0,0
10086,,24,1,1,2,1,1,2,8,0.223743,0.230843,0,0
6182,,8,17,14,31,17,14,31,8,0.271569,0.284281,172219.489829,0.049261
13263,,24,1,0,1,1,0,1,0,0,0,0,0
6376,,24,1,2,3,1,2,3,8,0.224598,0.231992,0,1
16733,,24,1,0,1,1,0,1,0,0,0,0,0
3089,,24,2,3,5,2,3,5,8,0.223805,0.231003,4.025397,0.833333
23765,,24,8,21,29,8,21,29,8,0.241874,0.250901,12845.567398,0.496377
2266,,24,1,3,4,1,3,4,8,0.228083,0.23529,6.627125,0.166667
9925,,24,2,3,5,2,3,5,8,0.26498,0.276824,243.003922,0.666667
33527,,24,1,0,1,1,0,1,0,0,0,0,0
8233,,13,2,0,2,2,0,2,0,0,0,0,1
12208,,13,1,2,3,1,2,3,9,0.199192,0.204256,0,1
17052,,13,1,1,2,1,1,2,9,0.199171,0.204154,0,0
1908,,13,7,0,7,7,0,7,0,0,0,0,0.166667
8370,,11,4,1,5,4,1,5,9,0.231776,0.240077,19554.768384,0.166667
10223,,11,1,0,1,1,0,1,0,0,0,0,0
10463,,11,5,4,9,5,4,9,9,0.232196,0.240666,48876.085631,0.214286
1045,,11,4,7,11,4,7,11,8,0.247073,0.256269,6913.075509,0.196429
12306,,11,1,0,1,1,0,1,0,0,0,0,0
10905,,11,1,1,2,1,1,2,10,0.188445,0.192853,0,1
15018,,11,1,1,2,1,1,2,9,0.231776,0.240077,0,0
16535,,11,1,0,1,1,0,1,0,0,0,0,0
19781,,11,1,0,1,1,0,1,0,0,0,0,0
19600,,11,2,5,7,2,5,7,8,0.257749,0.268612,2919.781861,0.5
22090,,11,1,1,2,1,1,2,9,0.231776,0.240077,0,0
10068,,11,5,5,10,5,5,10,8,0.246659,0.256784,924.663918,0.482143
25990,,11,1,0,1,1,0,1,0,0,0,0,0
27225,,11,3,0,3,3,0,3,0,0,0,0,0.833333
30409,,11,1,2,3,1,2,3,9,0.231779,0.240103,0,1
31951,,11,2,1,3,2,1,3,9,0.231776,0.240077,0,1
29902,,11,1,6,7,1,6,7,8,0.251446,0.262333,0,0.366667
1916,,11,1,1,2,1,1,2,8,0.227027,0.23492,0,0
2435,,11,2,1,3,2,1,3,8,0.227027,0.23492,0,0.5
6949,,11,2,1,3,2,1,3,8,0.227027,0.23492,0,1
7571,,11,1,1,2,1,1,2,8,0.227027,0.23492,0,0
8950,,11,1,1,2,1,1,2,8,0.227027,0.23492,0,0
8555,,16,31,36,67,31,36,67,8,0.263976,0.276685,292695.362051,0.067785
11971,,11,1,1,2,1,1,2,8,0.227027,0.23492,0,0
11456,,11,4,2,6,4,2,6,8,0.245806,0.25625,965.592471,0.2
3314,,11,1,1,2,1,1,2,8,0.227027,0.23492,0,0
20491,,11,1,3,4,1,3,4,8,0.227033,0.234973,0,0.666667
22521,,11,1,1,2,1,1,2,8,0.227027,0.23492,0,0
6632,,11,4,6,10,4,6,10,8,0.233907,0.243066,1173.898451,0.236111
26084,,11,1,1,2,1,1,2,8,0.227027,0.23492,0,0
1444,,11,5,4,9,5,4,9,8,0.228785,0.237095,82994.076765,0.053571
5410,,11,2,1,3,2,1,3,8,0.227027,0.23492,0,1
22540,,11,2,0,2,2,0,2,0,0,0,0,1
9772,,11,1,1,2,1,1,2,8,0.227027,0.23492,0,0
13885,,11,1,1,2,1,1,2,8,0.227027,0.23492,0,0
13124,,11,1,1,2,1,1,2,8,0.227027,0.23492,0,0
12837,,10,1,0,1,1,0,1,0,0,0,0,0
10331,,24,2,5,7,2,5,7,9,0.233666,0.242277,358.931671,0.433333
11075,,10,4,0,4,4,0,4,0,0,0,0,0
3785,,10,4,8,12,4,8,12,8,0.258666,0.269486,33778.013665,0.063636
10787,,11,3,5,8,3,5,8,9,0.234212,0.241956,8481.89058,0.02381
6069,,10,2,3,5,2,3,5,9,0.218128,0.224919,170.214564,0
35722,,10,1,0,1,1,0,1,0,0,0,0,0
9935,,10,2,0,2,2,0,2,0,0,0,0,0
10357,,11,1,0,1,1,0,1,0,0,0,0,0
10502,,10,12,1,13,12,1,13,1,1,1,7.760657,0.128205
12893,,15,1,0,1,1,0,1,0,0,0,0,0
2681,,15,2,3,5,2,3,5,8,0.24844,0.257028,1310.037744,0.05
25512,,15,1,0,1,1,0,1,0,0,0,0,0
17166,,7,1,0,1,1,0,1,0,0,0,0,0
14969,,7,5,6,11,5,6,11,8,0.248191,0.257877,180.506042,0.118182
19013,,7,3,3,6,3,3,6,8,0.243535,0.252547,332.734795,0.333333
5022,,1,7,7,14,7,7,14,8,0.264032,0.275722,13247.799558,0.159341
25057,,7,1,2,3,1,2,3,8,0.235105,0.242551,0.655714,0.166667
1213,,5,8,15,23,8,15,23,8,0.269787,0.282398,46715.952644,0.112554
5263,,7,18,19,37,18,19,37,8,0.264073,0.276021,38040.16465,0.162069
24380,,7,1,0,1,1,0,1,0,0,0,0,0
6204,,10,7,11,18,7,11,18,8,0.26357,0.275715,88020.348112,0.054167
19277,,7,2,2,4,2,2,4,9,0.222498,0.229462,12.714285,0.333333
9446,,7,2,1,3,2,1,3,9,0.214695,0.220824,507.774683,0
2743,,15,11,13,24,11,13,24,8,0.2733,0.285939,124722.586178,0.060606
6783,,7,4,5,9,4,5,9,7,0.293858,0.308383,72201.793967,0.107143
3164,,8,17,9,26,17,9,26,8,0.238412,0.246421,139286.881067,0.037549
7846,,7,12,7,19,12,7,19,7,0.294921,0.309486,132728.785622,0.05848
4521,,0,9,16,25,9,16,25,8,0.281911,0.295782,148177.225719,0.097826
414,,6,3,3,6,3,3,6,9,0.221542,0.228167,36.730245,0.833333
7684,,6,4,0,4,4,0,4,0,0,0,0,0.166667
21103,,6,2,2,4,2,2,4,9,0.221298,0.227876,36.730245,0.833333
417,,0,20,26,46,20,26,46,8,0.264124,0.276603,132488.666958,0.136364
2225,,0,9,11,20,9,11,20,8,0.23171,0.24005,71998.008937,0.116959
4209,,0,3,12,15,3,12,15,8,0.229826,0.237686,26018.234254,0.269231
3777,,0,17,10,27,17,10,27,8,0.228732,0.236533,1962.523875,0.285714
6374,,0,21,13,34,21,13,34,8,0.229986,0.238576,72432.302225,0.122989
5137,,0,9,10,19,9,10,19,8,0.227213,0.234993,1278.890835,0.3125
5251,,0,6,8,14,6,8,14,8,0.227065,0.235031,1569.634704,0.234848
4976,,0,9,14,23,9,14,23,8,0.236122,0.245488,29055.260803,0.234211
13853,,0,1,1,2,1,1,2,9,0.208941,0.21478,0,0
23651,,0,33,1,34,33,1,34,9,0.214664,0.220364,592.631017,0.201705
5142,,0,6,13,19,6,13,19,8,0.241548,0.25042,4080.721246,0.3
2915,,0,5,3,8,5,3,8,9,0.200251,0.20578,446.381892,0.267857
4818,,0,8,12,20,8,12,20,8,0.26444,0.276566,15896.758885,0.183333
4611,,0,4,12,16,4,12,16,8,0.227408,0.235436,27015.443486,0.301282
5882,,0,1,0,1,1,0,1,0,0,0,0,0
6459,,0,5,5,10,5,5,10,8,0.241313,0.249929,7164.993647,0.404762
9196,,0,9,1,10,9,1,10,8,0.226141,0.233513,1533.058728,0.319444
9370,,1,2,0,2,2,0,2,0,0,0,0,0
1360,,0,16,12,28,16,12,28,8,0.258025,0.268623,206572.628965,0.026455
10500,,0,8,5,13,8,5,13,9,0.232566,0.240559,4278.150212,0.174242
10815,,0,1,1,2,1,1,2,8,0.226141,0.233513,0,0
4875,,0,3,2,5,3,2,5,8,0.22674,0.234322,133.514536,0.333333
12342,,0,2,0,2,2,0,2,0,0,0,0,0
14287,,0,2,1,3,2,1,3,8,0.226141,0.233513,0,1
4926,,0,16,25,41,16,25,41,8,0.239892,0.249926,43658.12496,0.11553
4657,,0,6,9,15,6,9,15,8,0.23425,0.243295,2547.808218,0.181818
8710,,0,3,6,9,3,6,9,8,0.230685,0.239079,80.911909,0.392857
8912,,0,7,6,13,7,6,13,8,0.228133,0.235641,716.317945,0.245455
6932,,0,3,16,19,3,16,19,8,0.250063,0.260482,6384.875029,0.19281
6690,,0,5,12,17,5,12,17,8,0.227318,0.235222,26107.358174,0.238095
15929,,0,1,6,7,1,6,7,8,0.227296,0.235011,0,0.766667
20692,,0,1,0,1,1,0,1,0,0,0,0,0
21641,,0,1,0,1,1,0,1,0,0,0,0,0
3568,,0,4,2,6,4,2,6,9,0.196639,0.201228,6466.319793,0.5
25102,,0,1,2,3,1,2,3,8,0.226144,0.23354,0,1
18673,,0,3,1,4,3,1,4,8,0.226141,0.233513,0,0.5
18481,,0,20,6,26,20,6,26,8,0.227422,0.235099,891.089366,0.247619
8129,,8,1,1,2,1,1,2,1,1,1,0,0.5
31779,,0,1,0,1,1,0,1,0,0,0,0,0
17781,,0,4,2,6,4,2,6,8,0.272647,0.28456,26859.035207,0.3
18674,,0,1,1,2,1,1,2,8,0.226141,0.233513,0,0
11382,,5,2,1,3,2,1,3,8,0.226141,0.233513,160.076404,0
32662,,0,1,0,1,1,0,1,0,0,0,0,0
32663,,0,1,0,1,1,0,1,0,0,0,0,0
33588,,0,2,1,3,2,1,3,8,0.226141,0.233513,0,1
19928,,0,4,1,5,4,1,5,1,1,1,168.321169,0.2
35058,,0,1,0,1,1,0,1,0,0,0,0,0
35222,,0,1,0,1,1,0,1,0,0,0,0,0
732,,7,2,0,2,2,0,2,0,0,0,0,0
5454,,7,1,0,1,1,0,1,0,0,0,0,0
12344,,7,8,0,8,8,0,8,0,0,0,0,0
19801,,7,1,2,3,1,2,3,9,0.192463,0.196709,21125.434817,0.333333
18183,,7,1,2,3,1,2,3,8,0.247988,0.256999,0.426316,0.5
8629,,7,2,6,8,2,6,8,8,0.257407,0.268044,15.164107,0.178571
1795,,7,3,6,9,3,6,9,8,0.253221,0.263036,177.269541,0.347222
29792,,7,1,0,1,1,0,1,0,0,0,0,0
421,,6,6,10,16,6,10,16,8,0.24374,0.252145,28069.192778,0.263736
1372,,6,10,3,13,10,3,13,7,0.298281,0.31335,88691.377419,0.19697
3664,,6,4,2,6,4,2,6,8,0.234551,0.242531,6.3,0.4
1469,,6,2,7,9,2,7,9,8,0.254826,0.264679,5211.322403,0.214286
8534,,6,7,4,11,7,4,11,7,0.298532,0.313631,61820.436558,0.222222
6389,,6,8,10,18,8,10,18,7,0.299096,0.314415,68562.620268,0.214286
13924,,6,4,0,4,4,0,4,0,0,0,0,0.833333
1190,,6,4,3,7,4,3,7,8,0.241762,0.249927,18895.057813,0.266667
2702,,6,5,10,15,5,10,15,8,0.242453,0.250943,52242.439979,0.212121
2796,,6,7,6,13,7,6,13,8,0.23944,0.248367,33204.894807,0.136364
4362,,6,1,1,2,1,1,2,8,0.234487,0.24243,0,0
4389,,7,14,8,22,14,8,22,8,0.239136,0.247266,72541.489585,0.038095
4814,,6,1,2,3,1,2,3,8,0.235243,0.243361,0,1
4906,,6,2,0,2,2,0,2,0,0,0,0,1
6818,,6,2,1,3,2,1,3,8,0.234487,0.24243,0,1
6518,,6,2,2,4,2,2,4,8,0.234493,0.242465,25975,0.166667
1476,,6,3,3,6,3,3,6,8,0.242076,0.250264,394.623405,0.35
7056,,6,1,3,4,1,3,4,8,0.241749,0.249896,0,0.666667
8491,,6,1,0,1,1,0,1,0,0,0,0,0
8998,,6,2,0,2,2,0,2,0,0,0,0,1
9118,,6,2,0,2,2,0,2,0,0,0,0,0
9504,,6,2,2,4,2,2,4,8,0.235243,0.243361,57.10852,0.666667
7699,,6,1,2,3,1,2,3,8,0.235246,0.243348,0,1
10289,,6,1,0,1,1,0,1,0,0,0,0,0
10647,,6,2,0,2,2,0,2,0,0,0,0,1
10537,,6,1,2,3,1,2,3,8,0.23449,0.242457,0,0.5
9419,,6,12,12,24,12,12,24,8,0.236208,0.244686,83310.567386,0.095588
11898,,6,2,2,4,2,2,4,8,0.235655,0.243561,36.471705,0.333333
10534,,6,4,2,6,4,2,6,8,0.234551,0.242531,1.86149,0.666667
8347,,6,3,0,3,3,0,3,0,0,0,0,0.666667
12553,,6,4,1,5,4,1,5,8,0.234487,0.24243,18841.401534,0.166667
11103,,6,4,1,5,4,1,5,8,0.234487,0.24243,0,0.5
10538,,6,4,0,4,4,0,4,0,0,0,0,0.583333
14743,,6,1,0,1,1,0,1,0,0,0,0,0
12397,,6,1,1,2,1,1,2,8,0.234487,0.24243,0,0
16337,,6,1,0,1,1,0,1,0,0,0,0,0
1732,,6,1,4,5,1,4,5,8,0.236689,0.245114,664.065319,0.333333
18012,,6,1,0,1,1,0,1,0,0,0,0,0
18179,,6,1,1,2,1,1,2,8,0.234487,0.24243,0,0
13714,,6,1,2,3,1,2,3,8,0.273102,0.285944,7731.36596,0.5
17662,,6,2,4,6,2,4,6,8,0.234814,0.242913,10507.040059,0.25
18610,,6,1,0,1,1,0,1,0,0,0,0,0
19718,,6,1,0,1,1,0,1,0,0,0,0,0
19763,,6,3,0,3,3,0,3,0,0,0,0,0.666667
21322,,6,1,1,2,1,1,2,8,0.234487,0.24243,0,0
19350,,21,1,2,3,1,2,3,8,0.23449,0.242457,0,0.5
23371,,6,1,0,1,1,0,1,0,0,0,0,0
23770,,6,1,0,1,1,0,1,0,0,0,0,0
24735,,6,1,1,2,1,1,2,8,0.234487,0.24243,0,0
25239,,6,1,0,1,1,0,1,0,0,0,0,0
26927,,6,1,0,1,1,0,1,0,0,0,0,0
2806,,6,9,23,32,9,23,32,8,0.289079,0.304518,212996.811308,0.073563
26205,,6,3,0,3,3,0,3,0,0,0,0,0.333333
30436,,6,2,1,3,2,1,3,8,0.234487,0.24243,0,1
23334,,6,5,3,8,5,3,8,8,0.234554,0.242557,133.834881,0.5
28251,,6,3,4,7,3,4,7,8,0.235711,0.243955,203.931224,0.55
15014,,6,3,1,4,3,1,4,9,0.20406,0.209207,0,1
30394,,6,3,1,4,3,1,4,8,0.229756,0.23638,2313.63541,0.416667
31748,,6,5,1,6,5,1,6,9,0.20406,0.209207,2,0.55
25691,,15,3,3,6,3,3,6,9,0.22202,0.229483,3769.374459,0.083333
31967,,6,2,1,3,2,1,3,8,0.234487,0.24243,0,1
32253,,6,1,1,2,1,1,2,8,0.234487,0.24243,0,0
33247,,6,1,3,4,1,3,4,8,0.237047,0.245334,0,0.833333
1687,,10,1,0,1,1,0,1,0,0,0,0,0
5286,,10,1,0,1,1,0,1,0,0,0,0,0
8037,,10,1,0,1,1,0,1,0,0,0,0,0
9199,,10,2,0,2,2,0,2,0,0,0,0,1
11764,,10,1,0,1,1,0,1,0,0,0,0,0
3867,,10,12,13,25,12,13,25,8,0.252045,0.263511,131864.19754,0.140351
12462,,10,2,0,2,2,0,2,0,0,0,0,0.5
2851,,8,18,15,33,18,15,33,8,0.253532,0.263775,184450.312779,0.075269
9642,,11,6,16,22,6,16,22,8,0.275411,0.288978,41781.353952,0.082251
17255,,10,1,0,1,1,0,1,0,0,0,0,0
12178,,10,1,1,2,1,1,2,9,0.200796,0.205193,10.374441,0
19173,,16,1,1,2,1,1,2,9,0.211371,0.217149,284.339371,0
21450,,10,1,0,1,1,0,1,0,0,0,0,0
7087,,9,18,2,20,18,2,20,8,0.253774,0.263692,846957.540587,0.031579
12471,,11,4,3,7,4,3,7,8,0.273256,0.285007,8284.294959,0.119048
25891,,10,1,0,1,1,0,1,0,0,0,0,0
28021,,10,1,0,1,1,0,1,0,0,0,0,0
28681,,10,1,0,1,1,0,1,0,0,0,0,0
8739,,1,4,0,4,4,0,4,0,0,0,0,0
28694,,10,1,1,2,1,1,2,9,0.20921,0.214874,0,0.5
32384,,10,1,0,1,1,0,1,0,0,0,0,0
35288,,10,2,0,2,2,0,2,0,0,0,0,1
3354,,10,1,1,2,1,1,2,9,0.227716,0.23516,0,0
3720,,10,1,1,2,1,1,2,9,0.204537,0.209834,0,1
4017,,10,10,11,21,10,11,21,8,0.240923,0.25091,56753.214819,0.104575
4837,,9,5,8,13,5,8,13,8,0.270539,0.283292,57251.333854,0.181818
6791,,10,8,10,18,8,10,18,8,0.266525,0.278237,51024.904527,0.209524
8339,,10,3,1,4,3,1,4,9,0.225588,0.232928,0,0.666667
11048,,10,3,0,3,3,0,3,0,0,0,0,0.5
11418,,10,5,6,11,5,6,11,8,0.247317,0.257891,6629.991524,0.263889
15587,,10,1,0,1,1,0,1,0,0,0,0,0
18518,,10,2,1,3,2,1,3,9,0.224335,0.231338,101.874856,0.166667
1332,,9,3,4,7,3,4,7,9,0.22311,0.230626,7074.768956,0.238095
24689,,11,6,9,15,6,9,15,8,0.263655,0.276505,40048.79286,0.261905
8498,,10,5,4,9,5,4,9,9,0.234385,0.242938,18842.405759,0.533333
24760,,10,3,6,9,3,6,9,8,0.234189,0.243031,28553.257841,0.333333
5843,,7,1,1,2,1,1,2,9,0.226187,0.232976,3.583333,0
5621,,21,11,6,17,11,6,17,9,0.23702,0.245149,28846.804494,0.110294
15140,,7,1,0,1,1,0,1,0,0,0,0,0
19515,,9,14,4,18,14,4,18,9,0.192757,0.197216,155114.26221,0.052288
4695,,7,6,18,24,6,18,24,8,0.270077,0.283123,10785.934803,0.147186
1718,,5,36,19,55,36,19,55,8,0.274004,0.287827,421161.797203,0.037003
2040,,10,26,28,54,26,28,54,8,0.259816,0.271547,198893.103116,0.068182
2411,,10,1,1,2,1,1,2,8,0.231377,0.239289,741.814269,0
27368,,10,1,1,2,1,1,2,9,0.198492,0.203295,229.166301,0
4078,,10,1,1,2,1,1,2,10,0.159754,0.162269,0,0.5
28812,,10,1,0,1,1,0,1,0,0,0,0,0
28900,,10,1,0,1,1,0,1,0,0,0,0,0
24514,,10,2,48,50,2,48,50,7,0.299182,0.316117,137574.346618,0.121897
16963,,10,2,1,3,2,1,3,9,0.198884,0.203512,3.086237,0.333333
26780,,10,1,1,2,1,1,2,9,0.219879,0.226436,0,1
16725,,10,1,3,4,1,3,4,8,0.2659,0.277163,13.441025,0.333333
8308,,10,4,3,7,4,3,7,9,0.230231,0.23858,17575.662971,0.033333
2952,,7,3,4,7,3,4,7,8,0.254131,0.264632,245.368957,0.3
6451,,6,1,2,3,1,2,3,8,0.263095,0.273468,11808.705555,0
6596,,7,5,2,7,5,2,7,9,0.217851,0.224068,342.2427,0.047619
2739,,7,7,50,57,7,50,57,7,0.310481,0.328898,120494.53956,0.156566
2994,,0,12,8,20,12,8,20,8,0.263559,0.275264,113619.341521,0.046784
9185,,9,2,7,9,2,7,9,9,0.215625,0.222228,1381.626654,0.125
5038,,7,7,3,10,7,3,10,8,0.247291,0.25639,9998.204712,0.194444
6340,,7,7,4,11,7,4,11,8,0.253522,0.263997,1216.876825,0.347222
24470,,9,1,1,2,1,1,2,9,0.185524,0.189878,0,0.5
27609,,7,1,0,1,1,0,1,0,0,0,0,0
31469,,9,3,0,3,3,0,3,0,0,0,0,0.166667
32387,,7,2,1,3,2,1,3,9,0.23554,0.243648,72.562449,0
12696,,7,11,5,16,11,5,16,9,0.224893,0.232453,47401.191411,0.0875
33600,,7,5,0,5,5,0,5,0,0,0,0,0.15
7166,,16,6,2,8,6,2,8,9,0.200074,0.204411,303.431612,0.053571
2718,,16,3,1,4,3,1,4,9,0.203439,0.208871,562.018818,0
28294,,16,1,0,1,1,0,1,0,0,0,0,0
30027,,16,1,0,1,1,0,1,0,0,0,0,0
30736,,16,1,0,1,1,0,1,0,0,0,0,0
21288,,5,2,0,2,2,0,2,0,0,0,0,0
28936,,0,1,1,2,1,1,2,9,0.210702,0.216514,0,0
29205,,0,1,1,2,1,1,2,9,0.202007,0.206974,1157.442591,0
4914,,6,1,1,2,1,1,2,8,0.240385,0.248204,0,1
12069,,5,1,0,1,1,0,1,0,0,0,0,0
10931,,15,6,6,12,6,6,12,8,0.24908,0.258518,27730.129665,0.211111
7986,,7,2,1,3,2,1,3,9,0.200066,0.204368,0,0.333333
3779,,5,3,1,4,3,1,4,9,0.21154,0.217189,26360.869307,0
27798,,5,2,0,2,2,0,2,0,0,0,0,0
27801,,5,2,0,2,2,0,2,0,0,0,0,0
27799,,9,2,4,6,2,4,6,8,0.244259,0.252791,1561.273572,0.166667
2537,,10,15,17,32,15,17,32,8,0.283289,0.297614,242313.909257,0.112434
27800,,5,2,0,2,2,0,2,0,0,0,0,0
27181,,9,3,1,4,3,1,4,10,0.177503,0.18076,1732.562939,0.25
10067,,15,2,4,6,2,4,6,8,0.268005,0.279955,427.572955,0.3
5043,,5,5,4,9,5,4,9,8,0.265069,0.276807,40436.997691,0.107143
10075,,5,8,12,20,8,12,20,8,0.261679,0.272938,15715.35048,0.153846
2815,,8,5,2,7,5,2,7,9,0.218988,0.225406,306.065496,0.2
24480,,7,2,1,3,2,1,3,9,0.206702,0.212233,0,0.5
7912,,0,2,5,7,2,5,7,9,0.198524,0.203412,98267.169216,0.047619
22105,,7,2,7,9,2,7,9,8,0.255545,0.265943,16647.109737,0.166667
8133,,7,2,2,4,2,2,4,8,0.242509,0.25114,349.68926,0.25
1661,,0,11,6,17,11,6,17,8,0.266051,0.277353,26933.164295,0.052381
19302,,7,9,48,57,9,48,57,8,0.296552,0.312962,37451.79399,0.120545
26937,,7,1,0,1,1,0,1,0,0,0,0,0
27417,,7,2,0,2,2,0,2,0,0,0,0,0
4117,,7,6,12,18,6,12,18,8,0.273185,0.286492,6440.661401,0.224265
28800,,7,3,14,17,3,14,17,8,0.273908,0.286995,60685.900137,0.191667
23262,,7,3,0,3,3,0,3,0,0,0,0,0.333333
31582,,7,2,1,3,2,1,3,8,0.242475,0.251061,17.234585,0.166667
35104,,5,5,3,8,5,3,8,9,0.234589,0.242473,7187.389035,0.017857
438,,7,0,3,3,0,3,3,8,0.268328,0.280233,0,0.833333
11559,,1,2,0,2,2,0,2,0,0,0,0,0
9213,,8,7,3,10,7,3,10,9,0.195317,0.200617,20375.182611,0.392857
21406,,8,2,2,4,2,2,4,9,0.230612,0.239151,24.958928,0.666667
14651,,8,2,0,2,2,0,2,0,0,0,0,0
4058,,8,4,0,4,4,0,4,0,0,0,0,0.333333
18367,,8,3,3,6,3,3,6,9,0.231944,0.240644,2.649118,0.583333
9778,,8,13,4,17,13,4,17,9,0.211196,0.217148,109335.804155,0.179167
30495,,8,1,0,1,1,0,1,0,0,0,0,0
33543,,8,1,0,1,1,0,1,0,0,0,0,0
1348,,8,4,3,7,4,3,7,9,0.232641,0.241357,114.890288,0.666667
1549,,8,1,0,1,1,0,1,0,0,0,0,0
1683,,8,15,9,24,15,9,24,8,0.238539,0.247315,7453.210183,0.160131
2833,,8,1,1,2,1,1,2,9,0.212697,0.218901,849.832946,0
1523,,8,4,2,6,4,2,6,9,0.230192,0.238571,4.800806,0.25
4949,,8,4,0,4,4,0,4,0,0,0,0,0.166667
2300,,8,3,3,6,3,3,6,9,0.231238,0.239866,608.143979,0.5
6084,,8,1,4,5,1,4,5,8,0.27258,0.284655,4161.440757,0.2
3493,,8,10,25,35,10,25,35,8,0.273145,0.286513,143291.77573,0.095402
8202,,8,1,2,3,1,2,3,9,0.242057,0.251136,533.741063,0.5
9756,,8,1,1,2,1,1,2,11,0.148489,0.150513,917.457705,0
6897,,15,5,0,5,5,0,5,0,0,0,0,0
11635,,8,3,2,5,3,2,5,9,0.232635,0.241322,133.008514,0.5
13484,,8,3,0,3,3,0,3,0,0,0,0,0.333333
5728,,8,13,13,26,13,13,26,8,0.241551,0.251332,5692.939814,0.179654
3136,,8,9,0,9,9,0,9,0,0,0,0,0
7874,,8,6,6,12,6,6,12,8,0.23622,0.245379,37106.890179,0.088889
18103,,8,1,0,1,1,0,1,0,0,0,0,0
13560,,8,3,5,8,3,5,8,8,0.245114,0.254291,1439.957443,0.47619
18643,,8,4,0,4,4,0,4,0,0,0,0,0.5
21828,,8,5,3,8,5,3,8,9,0.23042,0.238858,7.697105,0.633333
24819,,8,1,0,1,1,0,1,0,0,0,0,0
25971,,8,1,1,2,1,1,2,9,0.211004,0.216801,1374.020975,0
1504,,15,13,20,33,13,20,33,7,0.299258,0.315101,114845.637958,0.102217
29081,,8,1,0,1,1,0,1,0,0,0,0,0
25784,,8,3,5,8,3,5,8,9,0.230451,0.238865,8265.790507,0.6
441,,5,0,2,2,0,2,2,9,0.206602,0.212165,0,0
5973,,5,48,4,52,48,4,52,8,0.259999,0.271389,733269.128363,0.004148
444,,7,2,0,2,2,0,2,0,0,0,0,0.5
12241,,7,1,0,1,1,0,1,0,0,0,0,0
7441,,15,1,4,5,1,4,5,9,0.224325,0.231793,1843.819101,0
1314,,8,8,17,25,8,17,25,8,0.276511,0.289834,9548.78645,0.185
16715,,7,1,0,1,1,0,1,0,0,0,0,0
18173,,7,2,0,2,2,0,2,0,0,0,0,0
18508,,9,2,2,4,2,2,4,9,0.187476,0.191846,7079.388863,0.166667
20885,,7,1,0,1,1,0,1,0,0,0,0,0
27164,,7,2,0,2,2,0,2,0,0,0,0,0.5
13499,,8,3,0,3,3,0,3,0,0,0,0,0.333333
4480,,8,3,4,7,3,4,7,8,0.24759,0.256707,1031.463239,0.142857
16066,,8,1,1,2,1,1,2,8,0.239541,0.247664,0,0
8786,,8,2,6,8,2,6,8,8,0.278306,0.290861,26532.460708,0.142857
18078,,15,5,1,6,5,1,6,9,0.215147,0.221452,37671.151522,0.1
22076,,8,1,0,1,1,0,1,0,0,0,0,0
12191,,21,2,1,3,2,1,3,9,0.226165,0.233248,125.857662,0.166667
6020,,8,6,12,18,6,12,18,8,0.258752,0.269391,150620.208874,0.057143
27646,,7,5,0,5,5,0,5,0,0,0,0,0.1
7415,,8,1,4,5,1,4,5,8,0.227785,0.234972,9.250992,0.15
2608,,5,7,8,15,7,8,15,8,0.23167,0.240212,49901.042077,0.060606
7214,,8,6,9,15,6,9,15,8,0.267362,0.279268,103734.063427,0.082418
30058,,8,1,0,1,1,0,1,0,0,0,0,0
19769,,8,2,0,2,2,0,2,0,0,0,0,0
12111,,8,4,1,5,4,1,5,9,0.200798,0.205195,131.486968,0
12278,,7,1,5,6,1,5,6,8,0.268009,0.279711,52.507965,0.333333
447,,7,0,1,1,0,1,1,8,0.263278,0.27399,0,0
448,,8,0,1,1,0,1,1,8,0.262756,0.273466,0,0
449,,7,0,1,1,0,1,1,9,0.225276,0.231817,0,0
13422,,0,3,0,3,3,0,3,0,0,0,0,0
12916,,8,5,2,7,5,2,7,8,0.235357,0.243448,9622.63434,0.066667
573,,10,5,9,14,5,9,14,8,0.269424,0.281499,104352.019585,0.060606
16754,,7,1,0,1,1,0,1,0,0,0,0,0
18655,,5,33,2,35,33,2,35,8,0.236978,0.244478,38814.352731,0.010084
453,,16,4,2,6,4,2,6,9,0.234835,0.243392,1321.827814,0.333333
501,,16,14,8,22,14,8,22,8,0.235275,0.244006,112120.665514,0.046784
1188,,16,1,0,1,1,0,1,0,0,0,0,0
1610,,16,2,3,5,2,3,5,9,0.234999,0.243582,38183.151387,0
2458,,16,13,8,21,13,8,21,9,0.246172,0.256398,115998.159712,0.099265
3549,,16,1,0,1,1,0,1,0,0,0,0,0
4312,,16,2,0,2,2,0,2,0,0,0,0,0.5
5364,,16,1,1,2,1,1,2,9,0.234729,0.243217,0,0
5906,,16,5,1,6,5,1,6,9,0.234729,0.243217,119.225237,0.25
7391,,16,1,0,1,1,0,1,0,0,0,0,0
9942,,16,2,5,7,2,5,7,8,0.245546,0.255614,2446.4793,0.2
6412,,8,3,2,5,3,2,5,9,0.202037,0.207104,60.893482,0.2
10505,,16,2,2,4,2,2,4,9,0.227167,0.23429,133.776335,0.5
12514,,16,4,2,6,4,2,6,9,0.23549,0.244123,5821.036909,0.333333
13073,,16,1,0,1,1,0,1,0,0,0,0,0
13337,,16,2,1,3,2,1,3,9,0.234729,0.243217,0,1
3198,,10,21,21,42,21,21,42,7,0.279048,0.293566,295490.532333,0.133333
9599,,16,1,1,2,1,1,2,1,1,1,25976,0
14111,,16,3,4,7,3,4,7,9,0.240201,0.249277,295.248235,0.75
8724,,16,3,4,7,3,4,7,9,0.234908,0.243559,4487.753918,0.166667
14879,,16,2,0,2,2,0,2,0,0,0,0,0
15319,,16,1,1,2,1,1,2,9,0.234729,0.243217,0,0
12644,,16,2,5,7,2,5,7,9,0.23492,0.243572,25982.157105,0.3
12708,,8,5,4,9,5,4,9,8,0.268878,0.280739,2380.929352,0.166667
18388,,16,1,1,2,1,1,2,9,0.234729,0.243217,0,0
18742,,16,1,0,1,1,0,1,0,0,0,0,0
18795,,16,1,0,1,1,0,1,0,0,0,0,0
19418,,16,1,1,2,1,1,2,9,0.234729,0.243217,0,0
10077,,16,14,7,21,14,7,21,8,0.274379,0.286595,65609.636204,0.084967
20218,,16,3,3,6,3,3,6,8,0.255278,0.266621,101349.552021,0.25
20224,,16,1,1,2,1,1,2,10,0.197547,0.202607,0,1
21164,,16,6,0,6,6,0,6,0,0,0,0,0.166667
4039,,16,6,3,9,6,3,9,9,0.239151,0.248066,50595.405247,0.142857
631,,16,6,6,12,6,6,12,9,0.236122,0.244655,69514.150558,0.1
10617,,16,2,2,4,2,2,4,9,0.201128,0.206088,44799,0.333333
22603,,16,1,0,1,1,0,1,0,0,0,0,0
3854,,16,1,3,4,1,3,4,8,0.265372,0.27668,0,0.666667
11301,,16,1,1,2,1,1,2,9,0.234729,0.243217,0,0
23570,,16,1,0,1,1,0,1,0,0,0,0,0
10631,,16,5,2,7,5,2,7,9,0.210318,0.216324,552.012731,0.190476
23437,,16,2,0,2,2,0,2,0,0,0,0,0
24961,,16,1,1,2,1,1,2,9,0.234729,0.243217,0,0
20571,,16,4,0,4,4,0,4,0,0,0,0,0.083333
15388,,16,2,2,4,2,2,4,9,0.239145,0.24803,0,1
25755,,16,1,0,1,1,0,1,0,0,0,0,0
18990,,16,1,1,2,1,1,2,9,0.234729,0.243217,0,0
25013,,16,1,2,3,1,2,3,9,0.2348,0.243319,4335.405472,0
17879,,16,1,2,3,1,2,3,9,0.235166,0.243676,141.543118,0
26749,,16,1,0,1,1,0,1,0,0,0,0,0
26833,,16,3,1,4,3,1,4,9,0.234729,0.243217,151.044909,0.333333
27216,,16,1,0,1,1,0,1,0,0,0,0,0
2753,,6,6,13,19,6,13,19,9,0.219479,0.226506,126617.600492,0.029412
27894,,16,1,2,3,1,2,3,8,0.258802,0.269657,7593.463528,0.5
27813,,11,5,4,9,5,4,9,8,0.271444,0.284011,23547.013913,0.214286
8967,,16,6,6,12,6,6,12,8,0.267278,0.27946,64724.539344,0.077778
10977,,8,1,6,7,1,6,7,8,0.25777,0.268912,132.042347,0.2
3126,,15,3,0,3,3,0,3,0,0,0,0,0
6829,,16,4,7,11,4,7,11,8,0.274264,0.286503,34786.243688,0.152778
29407,,16,1,0,1,1,0,1,0,0,0,0,0
22344,,11,6,10,16,6,10,16,8,0.271346,0.284674,146753.480209,0.06044
29585,,16,1,0,1,1,0,1,0,0,0,0,0
31045,,16,1,0,1,1,0,1,0,0,0,0,0
32206,,16,1,0,1,1,0,1,0,0,0,0,0
32744,,16,1,1,2,1,1,2,9,0.234729,0.243217,0,0
23131,,16,1,1,2,1,1,2,9,0.234729,0.243217,0,0
15996,,16,2,3,5,2,3,5,8,0.238274,0.247577,1404.214392,0.5
26432,,16,3,0,3,3,0,3,0,0,0,0,0.166667
33831,,16,1,0,1,1,0,1,0,0,0,0,0
34835,,16,1,0,1,1,0,1,0,0,0,0,0
33096,,16,2,3,5,2,3,5,9,0.234893,0.243444,44799,0.333333
18662,,16,3,1,4,3,1,4,9,0.190466,0.194913,272.866271,0.333333
454,,8,0,2,2,0,2,2,9,0.225063,0.231896,0,0
7448,,8,7,5,12,7,5,12,8,0.264838,0.276015,67801.645256,0.068182
1641,,11,2,2,4,2,2,4,9,0.231947,0.240342,17.535214,0.333333
2067,,11,2,1,3,2,1,3,9,0.199733,0.205084,69.399206,0.166667
2068,,11,2,0,2,2,0,2,0,0,0,0,0
1328,,11,2,5,7,2,5,7,8,0.246388,0.256165,27779.994998,0.2
2069,,11,1,0,1,1,0,1,0,0,0,0,0
4091,,11,1,2,3,1,2,3,9,0.232274,0.240706,0,0.5
4416,,11,1,0,1,1,0,1,0,0,0,0,0
10903,,11,2,3,5,2,3,5,7,0.295305,0.309688,9588.484986,0.35
7660,,11,2,9,11,2,9,11,9,0.245082,0.255817,723.365263,0.125
16442,,11,1,1,2,1,1,2,10,0.188172,0.19252,0.5,0
456,,11,0,1,1,0,1,1,8,0.240389,0.248209,0,0
2474,,12,1,2,3,1,2,3,8,0.234449,0.242059,0,1
18257,,12,1,0,1,1,0,1,0,0,0,0,0
8901,,12,1,0,1,1,0,1,0,0,0,0,0
9965,,12,1,0,1,1,0,1,0,0,0,0,0
460,,2,1,2,3,1,2,3,8,0.264302,0.275893,0,0.5
2420,,0,1,1,2,1,1,2,8,0.242381,0.250649,0,0
3564,,0,4,3,7,4,3,7,8,0.242391,0.250711,630.988052,0.3
3739,,0,1,1,2,1,1,2,8,0.242381,0.250649,0,0
3772,,0,1,0,1,1,0,1,0,0,0,0,0
3794,,0,2,2,4,2,2,4,8,0.242388,0.250684,0,1
4180,,0,1,0,1,1,0,1,0,0,0,0,0
4629,,0,1,0,1,1,0,1,0,0,0,0,0
4653,,0,1,0,1,1,0,1,0,0,0,0,0
4966,,0,1,7,8,1,7,8,8,0.261665,0.27317,52597.411363,0.142857
7562,,0,2,2,4,2,2,4,9,0.200377,0.205914,18841.170018,0.083333
6382,,0,2,4,6,2,4,6,8,0.242394,0.250737,25973,0.416667
9952,,0,2,1,3,2,1,3,8,0.238969,0.247046,316.947451,0
11094,,0,1,0,1,1,0,1,0,0,0,0,0
11486,,0,1,1,2,1,1,2,8,0.242381,0.250649,0,0
11600,,0,1,0,1,1,0,1,0,0,0,0,0
11855,,0,1,0,1,1,0,1,0,0,0,0,0
13211,,0,2,1,3,2,1,3,8,0.242381,0.250649,0,1
14083,,0,1,0,1,1,0,1,0,0,0,0,0
15760,,0,1,1,2,1,1,2,8,0.242381,0.250649,0,0
17004,,0,1,0,1,1,0,1,0,0,0,0,0
18624,,0,1,1,2,1,1,2,8,0.242381,0.250649,0,0
24253,,0,2,7,9,2,7,9,8,0.246591,0.255451,26807.172539,0.095238
24485,,0,1,3,4,1,3,4,8,0.251577,0.260788,340.581748,0.333333
24727,,0,2,0,2,2,0,2,0,0,0,0,1
2231,,0,4,6,10,4,6,10,8,0.242641,0.251045,691.917153,0.142857
24628,,0,3,0,3,3,0,3,0,0,0,0,1
25331,,8,1,1,2,1,1,2,9,0.230189,0.238544,287.974236,0.5
4136,,24,7,6,13,7,6,13,8,0.235941,0.244377,13699.267477,0.19697
27338,,0,1,0,1,1,0,1,0,0,0,0,0
23363,,0,3,0,3,3,0,3,0,0,0,0,0
25709,,0,2,3,5,2,3,5,8,0.242525,0.250874,0.5,0.666667
29365,,0,1,0,1,1,0,1,0,0,0,0,0
29672,,0,1,1,2,1,1,2,8,0.242381,0.250649,0,0
13635,,0,1,2,3,1,2,3,8,0.242388,0.250684,25973,0.5
33237,,0,1,0,1,1,0,1,0,0,0,0,0
20596,,0,2,0,2,2,0,2,0,0,0,0,1
21005,,0,1,1,2,1,1,2,8,0.242381,0.250649,0,0
462,,17,5,1,6,5,1,6,11,0.152037,0.154568,931.269643,0.25
1561,,17,4,4,8,4,4,8,10,0.189438,0.193986,95559.538302,0.366667
1146,,17,3,4,7,3,4,7,11,0.159278,0.161997,31810.6,0.214286
1835,,17,4,0,4,4,0,4,0,0,0,0,0.166667
1841,,17,7,12,19,7,12,19,10,0.177988,0.182284,148934.539693,0.145833
2505,,17,7,3,10,7,3,10,10,0.167536,0.17104,73971.905795,0.261905
2783,,17,6,2,8,6,2,8,11,0.143505,0.145686,60.598901,0.3
3489,,17,4,2,6,4,2,6,11,0.143499,0.145657,12978.412969,0.25
4642,,17,2,0,2,2,0,2,0,0,0,0,0.5
1560,,17,8,21,29,8,21,29,9,0.216478,0.224073,429642.007528,0.058333
2149,,17,5,4,9,5,4,9,10,0.179295,0.183603,38100.044757,0.309524
5330,,17,4,0,4,4,0,4,0,0,0,0,0.166667
5406,,17,3,0,3,3,0,3,0,0,0,0,0.833333
5662,,17,5,2,7,5,2,7,11,0.151098,0.153607,1629.312656,0.4
6164,,17,3,0,3,3,0,3,0,0,0,0,0.5
6602,,17,1,1,2,1,1,2,11,0.151099,0.153594,0,0.5
6798,,17,1,0,1,1,0,1,0,0,0,0,0
4388,,17,2,0,2,2,0,2,0,0,0,0,0.5
5203,,17,2,1,3,2,1,3,2,0.6,0.666667,38950.579636,0
9447,,17,1,1,2,1,1,2,10,0.177958,0.18193,0,1
3085,,17,2,0,2,2,0,2,0,0,0,0,0.5
1147,,17,3,0,3,3,0,3,0,0,0,0,0.666667
15724,,17,1,0,1,1,0,1,0,0,0,0,0
17155,,17,4,0,4,4,0,4,0,0,0,0,0.75
10672,,16,1,1,2,1,1,2,9,0.215388,0.221857,1618.217082,0
33826,,8,2,0,2,2,0,2,0,0,0,0,1
465,,13,0,1,1,0,1,1,8,0.235883,0.243933,0,0
2884,,11,1,0,1,1,0,1,0,0,0,0,0
1673,,11,30,36,66,30,36,66,7,0.290709,0.306128,789592.377063,0.040639
4340,,11,4,2,6,4,2,6,8,0.262672,0.273977,19286.941968,0.2
1416,,7,18,11,29,18,11,29,8,0.266469,0.278662,79280.780877,0.063077
6757,,11,1,0,1,1,0,1,0,0,0,0,0
891,,8,7,13,20,7,13,20,8,0.277809,0.291542,37325.523252,0.097368
8364,,11,1,0,1,1,0,1,0,0,0,0,0
8281,,1,1,1,2,1,1,2,10,0.178708,0.182024,64.670403,0
9608,,11,1,0,1,1,0,1,0,0,0,0,0
9640,,11,1,0,1,1,0,1,0,0,0,0,0
6719,,11,9,6,15,9,6,15,8,0.242388,0.251,707780.942524,0.025641
12839,,9,1,2,3,1,2,3,10,0.185146,0.189315,27935.532853,0
14482,,15,3,4,7,3,4,7,8,0.263025,0.273898,32927.478773,0.095238
15332,,10,1,1,2,1,1,2,9,0.224253,0.231327,134.756238,0
15566,,11,1,0,1,1,0,1,0,0,0,0,0
16061,,11,1,0,1,1,0,1,0,0,0,0,0
6799,,15,4,5,9,4,5,9,9,0.216187,0.222726,71132.759794,0.053571
16528,,11,1,0,1,1,0,1,0,0,0,0,0
16640,,11,1,0,1,1,0,1,0,0,0,0,0
17354,,0,2,0,2,2,0,2,0,0,0,0,1
9435,,11,6,7,13,6,7,13,8,0.23923,0.248921,83819.147862,0.066667
19867,,11,1,0,1,1,0,1,0,0,0,0,0
10402,,24,2,3,5,2,3,5,8,0.247064,0.255926,2888.938345,0.25
4315,,2,1,1,2,1,1,2,8,0.261476,0.272569,0,0.5
21001,,11,1,0,1,1,0,1,0,0,0,0,0
21917,,11,1,0,1,1,0,1,0,0,0,0,0
8797,,10,2,2,4,2,2,4,9,0.209497,0.215128,44868.375801,0
15506,,11,8,101,109,8,101,109,7,0.32301,0.343369,159010.910908,0.066567
24691,,11,1,0,1,1,0,1,0,0,0,0,0
12673,,2,3,3,6,3,3,6,8,0.262694,0.273903,1085.303776,0.133333
25149,,11,1,0,1,1,0,1,0,0,0,0,0
24247,,6,5,2,7,5,2,7,9,0.225569,0.233342,1007.165041,0.533333
2208,,7,1,5,6,1,5,6,8,0.267058,0.278713,228.920239,0.466667
27454,,11,1,1,2,1,1,2,9,0.223775,0.230666,87.887167,0
28098,,11,1,0,1,1,0,1,0,0,0,0,0
14171,,11,1,1,2,1,1,2,9,0.198455,0.203519,1071.939051,0
28634,,11,1,0,1,1,0,1,0,0,0,0,0
16073,,11,1,5,6,1,5,6,8,0.254478,0.264813,198.280196,0.266667
19654,,11,3,1,4,3,1,4,9,0.201509,0.206566,529.588329,0.083333
28844,,11,2,0,2,2,0,2,0,0,0,0,1
17600,,10,3,2,5,3,2,5,9,0.213587,0.219678,19517.607949,0.083333
8703,,15,2,3,5,2,3,5,8,0.236734,0.244947,920.844471,0.416667
6309,,10,11,7,18,11,7,18,8,0.266193,0.277541,133029.05405,0.0625
9839,,6,2,1,3,2,1,3,8,0.219696,0.225868,0,0.333333
21412,,10,1,1,2,1,1,2,8,0.240563,0.24866,0,1
16007,,11,4,5,9,4,5,9,9,0.237921,0.24662,45966.447755,0.291667
16211,,11,2,10,12,2,10,12,8,0.255095,0.265765,2242.59256,0.163636
4131,,7,1,3,4,1,3,4,8,0.241186,0.248961,1090.288753,0.083333
5084,,10,11,12,23,11,12,23,8,0.26557,0.278512,201855.122831,0.088235
16141,,11,3,4,7,3,4,7,8,0.253252,0.262431,19583.152588,0.02381
34198,,11,1,0,1,1,0,1,0,0,0,0,0
32903,,8,1,2,3,1,2,3,8,0.262804,0.273563,98.374326,0.166667
35681,,11,1,0,1,1,0,1,0,0,0,0,0
9687,,7,1,0,1,1,0,1,0,0,0,0,0
12340,,15,3,3,6,3,3,6,9,0.22507,0.23269,4852.516131,0.083333
16345,,8,7,0,7,7,0,7,0,0,0,0,0.047619
1495,,7,2,1,3,2,1,3,8,0.226929,0.234501,37650,0.5
7889,,11,2,0,2,2,0,2,0,0,0,0,0.5
3099,,10,2,2,4,2,2,4,8,0.234735,0.242961,37650.289017,0.166667
10689,,7,1,2,3,1,2,3,8,0.226934,0.234536,25975,0
5548,,0,9,10,19,9,10,19,8,0.254045,0.265019,51191.155445,0.026144
10044,,6,1,2,3,1,2,3,10,0.170192,0.173204,4563.378358,0.166667
13372,,7,1,0,1,1,0,1,0,0,0,0,0
14566,,7,1,0,1,1,0,1,0,0,0,0,0
1496,,7,2,1,3,2,1,3,9,0.18496,0.188976,18826,0.333333
17345,,11,1,1,2,1,1,2,9,0.204271,0.209079,137.811724,0
1550,,16,3,8,11,3,8,11,8,0.246953,0.257295,8183.126495,0.244444
18956,,10,1,1,2,1,1,2,1,1,1,12.749763,0
19676,,11,1,2,3,1,2,3,8,0.232377,0.240456,978.119162,0
10412,,16,3,1,4,3,1,4,8,0.226929,0.234501,0,0.5
24269,,16,2,0,2,2,0,2,0,0,0,0,1
14250,,12,1,2,3,1,2,3,9,0.225065,0.232315,360.449577,0.666667
26889,,15,2,1,3,2,1,3,1,1,1,856.084085,0
10237,,11,2,2,4,2,2,4,8,0.248748,0.258165,19264.089785,0
29738,,7,3,0,3,3,0,3,0,0,0,0,0
7115,,11,6,11,17,6,11,17,8,0.26732,0.279538,122731.916422,0.083333
32933,,7,1,0,1,1,0,1,0,0,0,0,0
473,,8,1,0,1,1,0,1,0,0,0,0,0
993,,8,1,1,2,1,1,2,9,0.229899,0.237148,0,0
2380,,21,3,0,3,3,0,3,0,0,0,0,0
2708,,21,4,1,5,4,1,5,1,1,1,1.89138,0.1
4122,,8,5,14,19,5,14,19,8,0.282643,0.296117,121822.132267,0.104167
6302,,8,2,1,3,2,1,3,1,1,1,757.339119,0.333333
7397,,8,1,2,3,1,2,3,9,0.229975,0.237822,38.227996,0.5
8828,,8,3,4,7,3,4,7,8,0.273745,0.286196,579.813191,0.333333
9376,,8,1,1,2,1,1,2,9,0.229899,0.237148,0,0
1612,,8,16,25,41,16,25,41,8,0.251281,0.262489,126893.192418,0.106061
18177,,8,1,0,1,1,0,1,0,0,0,0,0
21218,,8,1,0,1,1,0,1,0,0,0,0,0
22699,,8,3,0,3,3,0,3,0,0,0,0,0.666667
23809,,8,2,1,3,2,1,3,10,0.18697,0.19108,29.302267,0.166667
27623,,8,6,2,8,6,2,8,2,0.75,0.833333,55542.449821,0.133333
30873,,8,1,0,1,1,0,1,0,0,0,0,0
10829,,7,3,3,6,3,3,6,8,0.262044,0.273186,40.580695,0.233333
16119,,8,2,3,5,2,3,5,9,0.195882,0.200314,26390.42201,0
14844,,21,5,2,7,5,2,7,9,0.211051,0.216275,105376.912828,0.119048
13983,,8,3,3,6,3,3,6,8,0.228324,0.235695,338.514547,0.3
22263,,10,1,2,3,1,2,3,8,0.222738,0.229078,18.208655,0
7402,,15,2,0,2,2,0,2,0,0,0,0,0
8695,,10,4,2,6,4,2,6,8,0.25315,0.263121,21516.778146,0.066667
2760,,9,2,4,6,2,4,6,9,0.230268,0.238259,1579.02406,0.333333
14842,,8,1,0,1,1,0,1,0,0,0,0,0
24789,,8,2,4,6,2,4,6,8,0.248725,0.257501,2072.491797,0
34174,,15,1,1,2,1,1,2,10,0.195013,0.199652,52.056203,0
1704,,8,1,3,4,1,3,4,9,0.201001,0.206057,82462.957979,0
3127,,7,1,1,2,1,1,2,9,0.226163,0.233245,10.185281,0
5895,,7,2,0,2,2,0,2,0,0,0,0,0
4361,,8,8,4,12,8,4,12,8,0.264451,0.276103,82727.919037,0.098485
17999,,10,4,0,4,4,0,4,0,0,0,0,0
4633,,16,11,10,21,11,10,21,8,0.258106,0.269702,217362.216252,0.055556
21046,,7,1,0,1,1,0,1,0,0,0,0,0
11384,,16,1,3,4,1,3,4,8,0.259673,0.270839,25975,0.333333
5272,,16,7,6,13,7,6,13,8,0.265248,0.277668,21668.39284,0.227273
22979,,7,1,1,2,1,1,2,8,0.22471,0.231673,0,0
478,,6,0,1,1,0,1,1,12,0.133072,0.134495,0,0
481,,15,5,6,11,5,6,11,8,0.224818,0.232339,72252.871842,0.066667
12368,,15,1,1,2,1,1,2,9,0.183554,0.187516,0,0
19405,,15,1,0,1,1,0,1,0,0,0,0,0
482,,6,0,1,1,0,1,1,12,0.133072,0.134495,0,0
7796,,10,1,0,1,1,0,1,0,0,0,0,0
19693,,10,6,3,9,6,3,9,8,0.240791,0.250532,3669.598718,0.095238
26120,,10,2,1,3,2,1,3,9,0.21512,0.221622,18854.685503,0
16365,,6,13,2,15,13,2,15,8,0.252349,0.261238,22140.585985,0.090476
7363,,10,4,6,10,4,6,10,8,0.267822,0.279724,71441.179791,0.1
12958,,10,1,1,2,1,1,2,8,0.237163,0.244724,25.047085,0
12959,,10,5,0,5,5,0,5,0,0,0,0,0.05
13383,,10,1,0,1,1,0,1,0,0,0,0,0
14059,,10,4,2,6,4,2,6,8,0.266446,0.278084,651.813645,0.333333
17344,,9,5,3,8,5,3,8,8,0.249513,0.25946,4282.887809,0.089286
27998,,10,2,2,4,2,2,4,9,0.238286,0.246179,26096.050098,0
29468,,10,1,4,5,1,4,5,8,0.25644,0.266995,102.945264,0.4
2198,,8,12,10,22,12,10,22,8,0.266646,0.279063,77263.428868,0.055263
5355,,10,3,5,8,3,5,8,9,0.230612,0.238256,3346.955572,0.166667
32149,,10,2,0,2,2,0,2,0,0,0,0,0
33151,,10,2,0,2,2,0,2,0,0,0,0,0.5
33261,,10,2,0,2,2,0,2,0,0,0,0,0
486,,5,1,2,3,1,2,3,9,0.215751,0.222045,25986.609302,0
487,,5,1,0,1,1,0,1,0,0,0,0,0
488,,5,1,2,3,1,2,3,8,0.247704,0.256756,0,0.5
490,,5,1,0,1,1,0,1,0,0,0,0,0
492,,5,1,0,1,1,0,1,0,0,0,0,0
494,,5,1,0,1,1,0,1,0,0,0,0,0
1194,,5,1,0,1,1,0,1,0,0,0,0,0
1195,,5,1,1,2,1,1,2,9,0.207285,0.212646,0,0.5
1196,,5,1,0,1,1,0,1,0,0,0,0,0
1198,,5,1,4,5,1,4,5,8,0.267849,0.279236,160.504813,0.25
1200,,5,1,1,2,1,1,2,8,0.244926,0.253427,0,0
1201,,5,1,0,1,1,0,1,0,0,0,0,0
1678,,5,1,2,3,1,2,3,8,0.227524,0.23439,0,0.333333
1680,,5,1,0,1,1,0,1,0,0,0,0,0
1681,,5,1,0,1,1,0,1,0,0,0,0,0
2118,,5,1,1,2,1,1,2,8,0.244926,0.253427,0,0
2119,,5,1,1,2,1,1,2,8,0.244926,0.253427,0,0
2508,,5,1,1,2,1,1,2,1,1,1,0,0.5
2509,,5,1,1,2,1,1,2,8,0.234058,0.241902,15.531118,0
2510,,5,2,0,2,2,0,2,0,0,0,0,0.5
2511,,5,1,2,3,1,2,3,9,0.218303,0.224721,220.154962,0.166667
2887,,5,1,0,1,1,0,1,0,0,0,0,0
3219,,5,1,0,1,1,0,1,0,0,0,0,0
3556,,5,4,4,8,4,4,8,8,0.267818,0.279436,4584.452336,0.309524
3843,,5,3,0,3,3,0,3,0,0,0,0,0.166667
4390,,5,1,0,1,1,0,1,0,0,0,0,0
4915,,5,1,0,1,1,0,1,0,0,0,0,0
8829,,5,1,0,1,1,0,1,0,0,0,0,0
8830,,5,1,0,1,1,0,1,0,0,0,0,0
10480,,5,1,0,1,1,0,1,0,0,0,0,0
11088,,5,1,1,2,1,1,2,8,0.231924,0.239831,0,1
11913,,5,1,0,1,1,0,1,0,0,0,0,0
1111,,5,1,1,2,1,1,2,8,0.244926,0.253427,0,0
14370,,5,3,2,5,3,2,5,8,0.244932,0.253463,23878.100541,0
10939,,5,11,5,16,11,5,16,8,0.229222,0.237441,51156.262198,0.070833
18641,,5,2,0,2,2,0,2,0,0,0,0,1
19681,,9,7,0,7,7,0,7,0,0,0,0,0.142857
1422,,5,19,33,52,19,33,52,7,0.306144,0.323182,161366.744537,0.116425
7930,,5,15,12,27,15,12,27,8,0.265975,0.277823,211865.240068,0.041667
9567,,9,1,5,6,1,5,6,8,0.247476,0.255982,9853.092415,0.05
10058,,5,11,19,30,11,19,30,8,0.276983,0.290612,43480.389606,0.133903
31250,,5,1,0,1,1,0,1,0,0,0,0,0
31851,,5,2,0,2,2,0,2,0,0,0,0,0
34206,,5,1,0,1,1,0,1,0,0,0,0,0
34974,,5,1,0,1,1,0,1,0,0,0,0,0
30827,,5,1,1,2,1,1,2,8,0.244926,0.253427,0,0
14903,,5,1,0,1,1,0,1,0,0,0,0,0
8954,,7,1,4,5,1,4,5,9,0.220422,0.227575,664.545361,0.05
18914,,5,2,1,3,2,1,3,8,0.227301,0.234439,0,0.5
7209,,10,2,6,8,2,6,8,9,0.225602,0.232527,28550.86802,0.047619
12545,,5,1,1,2,1,1,2,8,0.225585,0.232509,0,0
18757,,5,1,0,1,1,0,1,0,0,0,0,0
4706,,10,1,2,3,1,2,3,9,0.235452,0.243096,83.282129,0
18758,,5,2,0,2,2,0,2,0,0,0,0,0
18759,,5,1,0,1,1,0,1,0,0,0,0,0
18760,,5,1,2,3,1,2,3,8,0.239941,0.248628,0,1
13639,,0,1,3,4,1,3,4,8,0.229709,0.237637,303.563709,0.333333
14233,,15,2,0,2,2,0,2,0,0,0,0,0.5
18761,,5,1,0,1,1,0,1,0,0,0,0,0
18762,,5,1,0,1,1,0,1,0,0,0,0,0
18763,,15,1,1,2,1,1,2,8,0.225372,0.231993,0,0.5
13563,,5,2,0,2,2,0,2,0,0,0,0,0.5
18764,,5,1,0,1,1,0,1,0,0,0,0,0
18765,,5,1,1,2,1,1,2,1,1,1,0,0.5
10844,,15,4,7,11,4,7,11,8,0.253177,0.263062,21515.470852,0.036364
18766,,5,1,0,1,1,0,1,0,0,0,0,0
18767,,5,1,0,1,1,0,1,0,0,0,0,0
18985,,5,1,0,1,1,0,1,0,0,0,0,0
18986,,5,1,0,1,1,0,1,0,0,0,0,0
6274,,5,2,1,3,2,1,3,8,0.23414,0.241201,1900.653636,0.5
18987,,5,1,0,1,1,0,1,0,0,0,0,0
13912,,5,1,1,2,1,1,2,8,0.23414,0.241201,0,1
18988,,5,1,0,1,1,0,1,0,0,0,0,0
18989,,5,1,0,1,1,0,1,0,0,0,0,0
19227,,5,1,0,1,1,0,1,0,0,0,0,0
4319,,5,3,4,7,3,4,7,8,0.265728,0.277432,418.597066,0.333333
26442,,5,5,0,5,5,0,5,0,0,0,0,0.1
6144,,8,9,1,10,9,1,10,9,0.2161,0.222449,85.591927,0.152778
15173,,8,1,0,1,1,0,1,0,0,0,0,0
16795,,8,2,3,5,2,3,5,8,0.263062,0.273899,4555.228557,0.5
14464,,7,4,0,4,4,0,4,0,0,0,0,0
2996,,5,9,12,21,9,12,21,8,0.248554,0.257563,56336.613465,0.046784
7698,,1,2,4,6,2,4,6,8,0.245082,0.254394,4332.434883,0.25
10665,,8,5,7,12,5,7,12,8,0.255469,0.265616,40255.904656,0.030303
17348,,8,1,0,1,1,0,1,0,0,0,0,0
19150,,8,1,0,1,1,0,1,0,0,0,0,0
11320,,8,1,4,5,1,4,5,8,0.23346,0.241339,14189.536096,0
22879,,8,1,1,2,1,1,2,8,0.23075,0.238145,0,0
11689,,8,2,2,4,2,2,4,8,0.245793,0.254537,18826,0.166667
32529,,8,1,0,1,1,0,1,0,0,0,0,0
12421,,19,6,5,11,6,5,11,8,0.263658,0.274646,7366.314037,0.166667
28492,,1,11,2,13,11,2,13,8,0.262764,0.273503,22668.294309,0.108974
7260,,8,1,2,3,1,2,3,8,0.229359,0.236189,0,0.5
12776,,8,1,0,1,1,0,1,0,0,0,0,0
5284,,15,2,1,3,2,1,3,9,0.201059,0.205744,18932.867548,0
23403,,11,2,0,2,2,0,2,0,0,0,0,0
3982,,15,7,3,10,7,3,10,9,0.194149,0.198663,52157.448035,0.041667
33953,,8,1,0,1,1,0,1,0,0,0,0,0
1393,,8,1,0,1,1,0,1,0,0,0,0,0
2728,,8,1,1,2,1,1,2,8,0.230107,0.238119,312.02914,0
4733,,8,1,1,2,1,1,2,9,0.213682,0.219902,0,1
16422,,8,4,13,17,4,13,17,8,0.266435,0.278677,53263.3487,0.191667
17650,,8,1,0,1,1,0,1,0,0,0,0,0
15229,,0,4,2,6,4,2,6,9,0.235743,0.244186,930.217248,0.3
20366,,8,2,2,4,2,2,4,9,0.237459,0.246359,12931.995139,0.333333
12361,,8,1,5,6,1,5,6,8,0.248797,0.258995,503.716336,0.5
23301,,8,1,1,2,1,1,2,9,0.23138,0.239054,0,0
23616,,8,23,0,23,23,0,23,0,0,0,0,0.011858
2832,,8,3,2,5,3,2,5,9,0.236048,0.244488,19264.272589,0
29453,,8,1,0,1,1,0,1,0,0,0,0,0
635,,7,5,7,12,5,7,12,7,0.297611,0.31273,51737.04787,0.181818
32347,,8,1,0,1,1,0,1,0,0,0,0,0
32847,,8,1,1,2,1,1,2,9,0.23138,0.239054,0,0
35290,,8,1,0,1,1,0,1,0,0,0,0,0
500,,6,1,4,5,1,4,5,9,0.217929,0.224491,25994.312017,0.166667
34549,,6,1,0,1,1,0,1,0,0,0,0,0
502,,16,1,0,1,1,0,1,0,0,0,0,0
5268,,16,1,0,1,1,0,1,0,0,0,0,0
2729,,15,1,2,3,1,2,3,9,0.23269,0.240916,1237.950252,0.333333
13533,,15,1,1,2,1,1,2,9,0.220172,0.227259,0,0
12380,,15,7,7,14,7,7,14,9,0.23893,0.248174,45302.97162,0.075758
16924,,7,1,1,2,1,1,2,9,0.198586,0.203079,25594.999348,0
14309,,11,5,1,6,5,1,6,10,0.187037,0.191185,19008.014699,0
13005,,15,5,2,7,5,2,7,8,0.263183,0.274055,1311.039897,0.333333
6985,,15,2,5,7,2,5,7,8,0.264722,0.275884,3502.011872,0.214286
24848,,15,1,0,1,1,0,1,0,0,0,0,0
27802,,15,2,1,3,2,1,3,8,0.213813,0.220213,516.752543,0
28323,,15,2,0,2,2,0,2,0,0,0,0,1
10199,,15,8,4,12,8,4,12,8,0.227255,0.234694,37747.344383,0.180556
25830,,15,3,1,4,3,1,4,1,1,1,25976,0.333333
5107,,10,1,0,1,1,0,1,0,0,0,0,0
5649,,10,10,5,15,10,5,15,9,0.231363,0.239503,964.647053,0.397436
6156,,10,1,0,1,1,0,1,0,0,0,0,0
626,,10,2,5,7,2,5,7,9,0.234677,0.243408,25975,0.6
8421,,10,1,1,2,1,1,2,9,0.227719,0.235169,0,1
12535,,15,1,2,3,1,2,3,9,0.208257,0.21417,52187.402452,0
5938,,10,9,3,12,9,3,12,9,0.205737,0.211396,87476.590377,0.066667
3979,,10,4,12,16,4,12,16,8,0.263599,0.276685,5156.312961,0.391026
17384,,10,2,1,3,2,1,3,9,0.227441,0.235137,0,1
22346,,10,1,0,1,1,0,1,0,0,0,0,0
23609,,10,2,4,6,2,4,6,9,0.229782,0.237685,910.693266,0.4
5403,,10,11,8,19,11,8,19,9,0.237079,0.24597,112144.640462,0.05
22973,,10,1,1,2,1,1,2,9,0.222927,0.229747,0,1
34707,,10,1,0,1,1,0,1,0,0,0,0,0
28373,,10,1,2,3,1,2,3,9,0.229661,0.237506,0,1
507,,8,0,4,4,0,4,4,8,0.277574,0.290521,0,0.75
508,,13,0,1,1,0,1,1,9,0.195066,0.199384,0,0
509,,13,36,6,42,36,6,42,8,0.242325,0.250837,769861.211657,0.000675
1727,,13,1,0,1,1,0,1,0,0,0,0,0
4680,,13,1,0,1,1,0,1,0,0,0,0,0
5653,,13,1,1,2,1,1,2,9,0.19506,0.199368,0,0
6579,,13,1,1,2,1,1,2,9,0.19506,0.199368,0,0
25195,,13,1,0,1,1,0,1,0,0,0,0,0
26777,,10,3,1,4,3,1,4,9,0.202093,0.207623,67.222783,0.333333
29095,,10,2,0,2,2,0,2,0,0,0,0,1
10182,,1,2,1,3,2,1,3,10,0.173357,0.176348,10.90264,0
8032,,8,3,1,4,3,1,4,9,0.210431,0.216018,19.940319,0.5
1276,,7,1,1,2,1,1,2,1,1,1,0,0.5
23662,,6,1,1,2,1,1,2,9,0.203877,0.208834,689.855297,0
513,,5,0,3,3,0,3,3,8,0.24127,0.249217,0,0.666667
7826,,5,5,5,10,5,5,10,8,0.244694,0.253285,5870.927482,0.097222
6764,,7,2,2,4,2,2,4,8,0.241013,0.248928,371.212164,0
2271,,5,10,13,23,10,13,23,8,0.269864,0.282954,19268.731581,0.160819
12853,,9,76,3,79,76,3,79,9,0.202816,0.207858,484238.084567,0.022882
14587,,5,1,1,2,1,1,2,8,0.240477,0.248306,0,0
16396,,0,2,2,4,2,2,4,9,0.220838,0.228059,390.02251,0.166667
14242,,16,5,4,9,5,4,9,8,0.258035,0.26933,30588.746857,0.071429
27961,,9,2,2,4,2,2,4,8,0.250646,0.259762,594.123621,0.416667
2477,,8,1,0,1,1,0,1,0,0,0,0,0
4622,,8,1,0,1,1,0,1,0,0,0,0,0
5135,,8,2,2,4,2,2,4,9,0.239978,0.249186,127.675219,0.416667
1467,,8,10,10,20,10,10,20,8,0.261985,0.274007,34490.975088,0.069853
7095,,8,1,0,1,1,0,1,0,0,0,0,0
7867,,8,1,0,1,1,0,1,0,0,0,0,0
8750,,2,1,4,5,1,4,5,8,0.267673,0.27995,25975,0.5
9156,,10,2,0,2,2,0,2,0,0,0,0,0
9970,,8,2,0,2,2,0,2,0,0,0,0,0.5
12645,,10,3,1,4,3,1,4,9,0.234852,0.24313,1940.47445,0.416667
3188,,15,6,2,8,6,2,8,9,0.223176,0.230761,20377.017505,0.071429
13677,,8,2,1,3,2,1,3,1,1,1,113.76596,0.333333
8714,,8,12,10,22,12,10,22,8,0.270535,0.283049,116030.687465,0.088235
1466,,8,7,12,19,7,12,19,8,0.264091,0.276314,28769.208943,0.110294
3250,,8,9,4,13,9,4,13,8,0.239715,0.247606,18923.674535,0.102564
15360,,8,1,0,1,1,0,1,0,0,0,0,0
12938,,10,3,2,5,3,2,5,8,0.250726,0.261385,0,0.916667
3039,,8,2,5,7,2,5,7,8,0.243293,0.252063,26158.321286,0.238095
2085,,8,4,10,14,4,10,14,8,0.261625,0.273102,36094.979495,0.108974
17038,,8,2,2,4,2,2,4,1,1,1,27153.473416,0.083333
5999,,15,4,6,10,4,6,10,8,0.24994,0.26041,6033.24128,0.190476
19833,,8,10,0,10,10,0,10,0,0,0,0,0.1
6477,,8,4,8,12,4,8,12,8,0.270364,0.282944,37699.562438,0.159091
19171,,0,1,1,2,1,1,2,10,0.157053,0.159469,0,0.5
19172,,0,2,1,3,2,1,3,9,0.186306,0.190359,25442.104191,0.166667
17681,,8,5,3,8,5,3,8,9,0.222819,0.229869,90120.347417,0.166667
23241,,10,2,0,2,2,0,2,0,0,0,0,0
7628,,15,11,15,26,11,15,26,7,0.301979,0.317901,142445.952941,0.140476
26329,,10,2,0,2,2,0,2,0,0,0,0,0
27000,,8,1,0,1,1,0,1,0,0,0,0,0
14876,,10,2,1,3,2,1,3,9,0.225591,0.232932,17.847294,0.5
14049,,10,1,3,4,1,3,4,8,0.239112,0.248384,515.928355,0.166667
29856,,8,1,0,1,1,0,1,0,0,0,0,0
2481,,8,12,34,46,12,34,46,8,0.289137,0.304948,170283.330637,0.063953
31002,,8,1,0,1,1,0,1,0,0,0,0,0
32593,,8,1,0,1,1,0,1,0,0,0,0,0
17949,,8,3,2,5,3,2,5,9,0.233965,0.241917,13015.578461,0.1
33514,,8,11,0,11,11,0,11,0,0,0,0,0.009091
23366,,8,5,8,13,5,8,13,8,0.253191,0.263672,7250.412266,0.166667
3623,,8,6,12,18,6,12,18,8,0.272414,0.285265,60439.98041,0.154167
516,,3,0,1,1,0,1,1,9,0.214123,0.219985,0,0
18119,,11,2,1,3,2,1,3,8,0.246117,0.255058,0,0.333333
518,,11,0,1,1,0,1,1,9,0.202899,0.20872,0,0
2644,,11,1,1,2,1,1,2,10,0.168674,0.171952,0,1
4477,,11,3,1,4,3,1,4,9,0.202893,0.208704,18825,0.5
1220,,11,5,8,13,5,8,13,8,0.238153,0.24734,76244.43863,0.088889
8902,,11,4,1,5,4,1,5,9,0.192347,0.197006,156.202068,0.166667
10246,,11,1,0,1,1,0,1,0,0,0,0,0
6119,,11,6,12,18,6,12,18,8,0.242341,0.252865,23968.346908,0.125
12651,,11,1,0,1,1,0,1,0,0,0,0,0
30400,,11,1,2,3,1,2,3,9,0.231796,0.239944,13.152671,0.333333
15396,,6,2,0,2,2,0,2,0,0,0,0,0
3635,,6,8,0,8,8,0,8,0,0,0,0,0.035714
23166,,6,2,2,4,2,2,4,9,0.194528,0.19878,395.908924,0.166667
14414,,6,1,4,5,1,4,5,8,0.24285,0.251938,32070.650298,0.15
2289,,11,7,18,25,7,18,25,7,0.277682,0.291513,43351.645077,0.076667
8328,,10,3,2,5,3,2,5,9,0.197671,0.202384,155832.666667,0
17021,,10,1,0,1,1,0,1,0,0,0,0,0
523,,15,5,7,12,5,7,12,9,0.22913,0.236648,20686.983237,0.232143
5474,,11,2,1,3,2,1,3,8,0.239364,0.247399,1398.495998,0
7611,,15,3,1,4,3,1,4,10,0.186418,0.190346,3.011417,0.5
9272,,15,18,12,30,18,12,30,9,0.231593,0.239586,174605.389193,0.083004
5684,,15,3,4,7,3,4,7,9,0.215576,0.221411,27656.691799,0.35
525,,1,1,7,8,1,7,8,9,0.222319,0.22882,37658,0.02381
526,,1,2,1,3,2,1,3,10,0.181885,0.185362,18830,0
4414,,1,1,0,1,1,0,1,0,0,0,0,0
1004,,16,6,10,16,6,10,16,8,0.275835,0.288666,92815.394401,0.075
18285,,1,1,0,1,1,0,1,0,0,0,0,0
6714,,10,4,0,4,4,0,4,0,0,0,0,0.666667
6725,,10,6,2,8,6,2,8,10,0.181946,0.185819,220.633975,0.321429
13307,,10,1,0,1,1,0,1,0,0,0,0,0
12612,,10,2,0,2,2,0,2,0,0,0,0,1
14678,,10,1,0,1,1,0,1,0,0,0,0,0
15127,,10,12,2,14,12,2,14,9,0.222403,0.229549,43538.333905,0.151515
23270,,10,1,0,1,1,0,1,0,0,0,0,0
23524,,10,1,1,2,1,1,2,9,0.227164,0.235181,0,0
27709,,10,2,1,3,2,1,3,9,0.227164,0.235181,18826,0
27592,,10,3,3,6,3,3,6,8,0.23009,0.238091,47.295509,0.5
32952,,10,2,1,3,2,1,3,9,0.223393,0.23042,0,0.666667
1234,,15,15,15,30,15,15,30,8,0.281468,0.295883,79426.406995,0.068966
4115,,8,11,21,32,11,21,32,8,0.252851,0.263216,133069.124834,0.037037
12112,,10,2,0,2,2,0,2,0,0,0,0,0
18412,,11,4,1,5,4,1,5,9,0.230844,0.239137,22.618233,0.333333
1383,,0,2,3,5,2,3,5,8,0.244157,0.253315,12851.306932,0.5
3730,,0,2,0,2,2,0,2,0,0,0,0,1
11461,,0,1,1,2,1,1,2,9,0.187824,0.192065,0,1
3729,,0,35,2,37,35,2,37,9,0.200245,0.205735,81763.188017,0.016667
3911,,0,2,0,2,2,0,2,0,0,0,0,1
16653,,0,1,1,2,1,1,2,9,0.200243,0.205709,0,0
3894,,0,2,8,10,2,8,10,8,0.239584,0.248478,54701.608646,0.222222
32443,,0,1,0,1,1,0,1,0,0,0,0,0
14376,,0,4,6,10,4,6,10,8,0.230903,0.23905,1480.169461,0.277778
34351,,0,1,0,1,1,0,1,0,0,0,0,0
1507,,6,1,1,2,1,1,2,9,0.21942,0.22584,0,0
4555,,6,1,1,2,1,1,2,9,0.21451,0.221387,124.741772,0
27129,,6,2,0,2,2,0,2,0,0,0,0,0.5
5122,,10,10,16,26,10,16,26,8,0.265331,0.277067,83739.589987,0.06917
16589,,8,5,1,6,5,1,6,8,0.27219,0.283723,1841.820633,0.233333
25480,,8,1,0,1,1,0,1,0,0,0,0,0
12588,,8,2,0,2,2,0,2,0,0,0,0,0
32527,,10,2,0,2,2,0,2,0,0,0,0,0
536,,8,2,1,3,2,1,3,9,0.215786,0.221906,0,0.5
537,,8,18,18,36,18,18,36,8,0.275157,0.288436,312945.613821,0.024138
9204,,8,1,1,2,1,1,2,9,0.215786,0.221906,0,0
12943,,8,1,1,2,1,1,2,9,0.215786,0.221906,0,0
13729,,8,1,0,1,1,0,1,0,0,0,0,0
4659,,11,2,2,4,2,2,4,9,0.216197,0.222389,19.725291,0.333333
16459,,8,1,0,1,1,0,1,0,0,0,0,0
11431,,8,1,3,4,1,3,4,9,0.219289,0.225694,2.114743,0.166667
34970,,0,13,6,19,13,6,19,9,0.236606,0.244813,108268.132128,0.011696
12396,,10,3,4,7,3,4,7,8,0.235953,0.243507,21618.628545,0.3
9431,,8,3,3,6,3,3,6,8,0.241331,0.249067,19608.766897,0.1
10761,,8,1,0,1,1,0,1,0,0,0,0,0
3236,,0,2,5,7,2,5,7,9,0.217102,0.223895,41683.089367,0.233333
540,,13,0,1,1,0,1,1,9,0.195066,0.199384,0,0
541,,1,0,1,1,0,1,1,1,1,1,0,0
616,,18,1,1,2,1,1,2,9,0.212853,0.21889,0,0
4152,,18,4,0,4,4,0,4,0,0,0,0,0.333333
4935,,18,3,3,6,3,3,6,9,0.21286,0.218952,5942.51765,0.45
5848,,18,5,1,6,5,1,6,10,0.175501,0.178823,18856.3822,0.3
5942,,18,3,4,7,3,4,7,9,0.212952,0.219156,3413.900905,0.433333
6184,,18,3,3,6,3,3,6,9,0.212863,0.218961,3329.451846,0.25
7032,,18,5,3,8,5,3,8,9,0.212899,0.219041,28529.530645,0.333333
7789,,18,5,2,7,5,2,7,9,0.212889,0.218992,23388.272153,0.3
5427,,18,5,1,6,5,1,6,9,0.212853,0.21889,0,0.5
8376,,18,3,23,26,3,23,26,9,0.212995,0.219736,441294.222283,0.051667
10015,,18,5,3,8,5,3,8,9,0.212892,0.219019,40977.832799,0.266667
6256,,18,22,68,90,22,68,90,8,0.225186,0.234707,1487883.872489,0.015808
9366,,18,3,1,4,3,1,4,9,0.212853,0.21889,0,0.833333
10994,,18,1,2,3,1,2,3,9,0.226372,0.234066,3196.536053,0.333333
10368,,18,26,10,36,26,10,36,9,0.212973,0.219338,149298.23932,0.060484
686,,18,5,1,6,5,1,6,9,0.212853,0.21889,56476,0.2
13794,,18,1,2,3,1,2,3,9,0.21286,0.218934,0,1
9280,,18,4,4,8,4,4,8,9,0.212872,0.219009,57502.915033,0.119048
10913,,18,1,2,3,1,2,3,9,0.212858,0.218925,25973,0.5
8428,,18,3,1,4,3,1,4,10,0.175503,0.178827,6288.733865,0.333333
7935,,18,4,3,7,4,3,7,9,0.212863,0.218961,32262.358865,0.233333
14846,,18,1,1,2,1,1,2,10,0.175583,0.179019,0,1
16329,,18,1,1,2,1,1,2,10,0.175567,0.178946,0,1
16637,,18,2,1,3,2,1,3,2,0.666667,0.75,8017.154843,0.5
10367,,18,4,3,7,4,3,7,9,0.212949,0.21913,22259.008457,0.433333
5433,,18,3,5,8,3,5,8,9,0.212959,0.219201,37498.143521,0.357143
19065,,18,4,2,6,4,2,6,9,0.21286,0.218934,3328.225656,0.3
24024,,18,1,1,2,1,1,2,10,0.176545,0.18015,3406.840451,0.5
18244,,11,8,10,18,8,10,18,8,0.278512,0.291681,159510.519628,0.058333
8799,,1,4,6,10,4,6,10,9,0.230637,0.238604,46763.749908,0.125
8800,,1,2,3,5,2,3,5,9,0.214527,0.220797,18826,0.416667
8884,,8,2,2,4,2,2,4,9,0.21461,0.220874,452.699573,0
21708,,8,1,1,2,1,1,2,1,1,1,25976,0
1130,,12,2,0,2,2,0,2,0,0,0,0,0
3908,,8,1,0,1,1,0,1,0,0,0,0,0
6063,,8,8,5,13,8,5,13,8,0.239587,0.248077,42194.616331,0.076923
6913,,19,3,4,7,3,4,7,8,0.239492,0.248796,28073.175739,0.1
6914,,19,7,4,11,7,4,11,9,0.224472,0.231954,4302.639626,0.303571
7942,,11,2,0,2,2,0,2,0,0,0,0,0
2437,,15,13,22,35,13,22,35,8,0.28717,0.302545,184019.870086,0.115126
11670,,8,5,5,10,5,5,10,8,0.275254,0.28795,22654.506365,0.3
3483,,8,3,1,4,3,1,4,1,1,1,25976,0.083333
12521,,8,1,0,1,1,0,1,0,0,0,0,0
6919,,2,2,3,5,2,3,5,8,0.258216,0.269576,1179.627286,0.05
2459,,8,2,6,8,2,6,8,8,0.262984,0.27388,52592.239391,0.089286
21010,,7,2,3,5,2,3,5,8,0.239069,0.248149,622.876993,0.2
22984,,8,2,0,2,2,0,2,0,0,0,0,0
19589,,13,10,14,24,10,14,24,9,0.204858,0.210627,81540.990349,0.083004
24798,,8,1,0,1,1,0,1,0,0,0,0,0
25535,,56,33,2,35,33,2,35,10,0.179164,0.182357,590733.737612,0.001681
30100,,8,1,0,1,1,0,1,0,0,0,0,0
26503,,21,2,2,4,2,2,4,1,1,1,2,0.166667
32653,,8,1,0,1,1,0,1,0,0,0,0,0
32138,,16,1,1,2,1,1,2,9,0.201688,0.206525,174.872031,0
31021,,7,2,2,4,2,2,4,8,0.257795,0.26812,18826,0.416667
21687,,8,1,1,2,1,1,2,9,0.225653,0.232937,394.291967,0
32839,,11,1,0,1,1,0,1,0,0,0,0,0
547,,12,0,1,1,0,1,1,8,0.236841,0.24458,0,0
6438,,15,5,2,7,5,2,7,9,0.219512,0.226388,693.150071,0.266667
18304,,15,3,3,6,3,3,6,9,0.222338,0.229533,100.181563,0.416667
14400,,3,4,3,7,4,3,7,9,0.216924,0.222879,109.306311,0.047619
8487,,8,2,0,2,2,0,2,0,0,0,0,0
11474,,8,1,0,1,1,0,1,0,0,0,0,0
26633,,8,2,1,3,2,1,3,9,0.220463,0.227058,48.870397,0.166667
8978,,0,2,1,3,2,1,3,9,0.18699,0.191387,37.055168,0
29297,,0,1,0,1,1,0,1,0,0,0,0,0
6404,,0,8,7,15,8,7,15,8,0.237286,0.245686,46184.5565,0.222222
4052,,0,2,4,6,2,4,6,8,0.226358,0.233961,312.423583,0.65
553,,11,2,5,7,2,5,7,8,0.243627,0.252195,26223.387991,0
2409,,11,3,11,14,3,11,14,8,0.257657,0.268959,79849.263445,0.070513
7821,,11,2,2,4,2,2,4,8,0.235084,0.242526,0,1
9428,,11,4,2,6,4,2,6,8,0.235084,0.242526,417.222804,0.416667
7020,,11,1,8,9,1,8,9,8,0.271159,0.283809,2767.154913,0.196429
12932,,11,4,3,7,4,3,7,8,0.235087,0.242553,7.125189,0.5
15994,,11,2,2,4,2,2,4,8,0.235084,0.242526,87.321176,0.333333
21291,,11,2,1,3,2,1,3,8,0.236531,0.245945,0,0.833333
21346,,11,1,1,2,1,1,2,8,0.236531,0.245945,0,1
15424,,11,3,2,5,3,2,5,10,0.178253,0.182162,44985.332083,0.083333
10071,,11,1,1,2,1,1,2,9,0.224418,0.232141,76.170125,0
555,,8,0,1,1,0,1,1,9,0.223026,0.229757,0,0
1003,,21,1,0,1,1,0,1,0,0,0,0,0
2090,,21,1,0,1,1,0,1,0,0,0,0,0
2463,,21,1,0,1,1,0,1,0,0,0,0,0
3558,,21,1,0,1,1,0,1,0,0,0,0,0
3872,,21,1,0,1,1,0,1,0,0,0,0,0
4035,,21,1,0,1,1,0,1,0,0,0,0,0
4535,,21,1,0,1,1,0,1,0,0,0,0,0
4606,,21,1,0,1,1,0,1,0,0,0,0,0
4732,,21,1,0,1,1,0,1,0,0,0,0,0
5007,,21,1,0,1,1,0,1,0,0,0,0,0
5158,,21,1,0,1,1,0,1,0,0,0,0,0
3856,,21,4,0,4,4,0,4,0,0,0,0,0.166667
5573,,21,2,0,2,2,0,2,0,0,0,0,0
6325,,21,1,0,1,1,0,1,0,0,0,0,0
6399,,21,1,0,1,1,0,1,0,0,0,0,0
6431,,21,1,0,1,1,0,1,0,0,0,0,0
6661,,21,1,0,1,1,0,1,0,0,0,0,0
7058,,21,1,0,1,1,0,1,0,0,0,0,0
7773,,21,2,1,3,2,1,3,9,0.233238,0.24387,0,1
7811,,21,2,0,2,2,0,2,0,0,0,0,0.5
7819,,21,1,2,3,1,2,3,9,0.211343,0.216718,25974,0.166667
7847,,21,1,0,1,1,0,1,0,0,0,0,0
7886,,7,1,2,3,1,2,3,10,0.179162,0.182354,0.499621,0.166667
8051,,8,3,1,4,3,1,4,8,0.262757,0.273467,3143.553349,0.166667
8062,,21,1,0,1,1,0,1,0,0,0,0,0
8165,,21,2,2,4,2,2,4,10,0.179401,0.182837,23845.326126,0.25
8189,,21,1,1,2,1,1,2,8,0.262757,0.273467,0,0.5
8999,,21,1,0,1,1,0,1,0,0,0,0,0
9002,,21,3,0,3,3,0,3,0,0,0,0,0
9552,,21,2,0,2,2,0,2,0,0,0,0,0.5
9767,,21,3,0,3,3,0,3,0,0,0,0,0.166667
9878,,21,1,0,1,1,0,1,0,0,0,0,0
9916,,21,1,0,1,1,0,1,0,0,0,0,0
9976,,21,1,0,1,1,0,1,0,0,0,0,0
10036,,21,2,0,2,2,0,2,0,0,0,0,0
10163,,21,2,0,2,2,0,2,0,0,0,0,0.5
10186,,21,1,0,1,1,0,1,0,0,0,0,0
10389,,21,4,2,6,4,2,6,9,0.186169,0.190068,67377.892895,0
10474,,21,1,0,1,1,0,1,0,0,0,0,0
10570,,21,1,0,1,1,0,1,0,0,0,0,0
10708,,21,1,0,1,1,0,1,0,0,0,0,0
10970,,21,2,1,3,2,1,3,1,1,1,5.029404,0
11213,,21,2,0,2,2,0,2,0,0,0,0,0.5
11340,,21,2,0,2,2,0,2,0,0,0,0,0.5
11650,,21,3,1,4,3,1,4,10,0.18666,0.190306,18826,0.166667
5763,,8,5,5,10,5,5,10,8,0.280717,0.293588,26415.54519,0.166667
11769,,21,2,1,3,2,1,3,9,0.226907,0.233159,69.640983,0.166667
11821,,21,1,0,1,1,0,1,0,0,0,0,0
4652,,21,2,0,2,2,0,2,0,0,0,0,0
3736,,21,3,14,17,3,14,17,9,0.233278,0.244224,26462.524125,0.070833
12246,,21,1,0,1,1,0,1,0,0,0,0,0
12250,,21,1,0,1,1,0,1,0,0,0,0,0
12394,,21,1,0,1,1,0,1,0,0,0,0,0
12435,,21,1,0,1,1,0,1,0,0,0,0,0
12467,,21,1,0,1,1,0,1,0,0,0,0,0
12508,,21,2,0,2,2,0,2,0,0,0,0,0
12531,,21,1,0,1,1,0,1,0,0,0,0,0
12542,,21,2,0,2,2,0,2,0,0,0,0,0.5
12578,,21,1,0,1,1,0,1,0,0,0,0,0
12819,,21,1,0,1,1,0,1,0,0,0,0,0
12899,,21,1,0,1,1,0,1,0,0,0,0,0
6836,,21,1,4,5,1,4,5,9,0.197052,0.201237,52028.850093,0.05
12954,,8,3,0,3,3,0,3,0,0,0,0,0.166667
13225,,21,1,1,2,1,1,2,10,0.199208,0.204219,1727.029438,0
13338,,21,2,0,2,2,0,2,0,0,0,0,0.5
3403,,10,6,9,15,6,9,15,8,0.279135,0.292894,11959.217718,0.115385
13397,,21,2,0,2,2,0,2,0,0,0,0,1
13467,,21,3,0,3,3,0,3,0,0,0,0,0.333333
4618,,21,2,0,2,2,0,2,0,0,0,0,0
13625,,21,1,0,1,1,0,1,0,0,0,0,0
13667,,21,1,0,1,1,0,1,0,0,0,0,0
13687,,0,3,0,3,3,0,3,0,0,0,0,0
13957,,21,2,0,2,2,0,2,0,0,0,0,0
14009,,21,2,0,2,2,0,2,0,0,0,0,0
14244,,21,1,0,1,1,0,1,0,0,0,0,0
14459,,21,1,0,1,1,0,1,0,0,0,0,0
14493,,21,2,0,2,2,0,2,0,0,0,0,0
14677,,21,1,0,1,1,0,1,0,0,0,0,0
14766,,21,1,0,1,1,0,1,0,0,0,0,0
14923,,21,1,0,1,1,0,1,0,0,0,0,0
14980,,121,1,5,6,1,5,6,9,0.214896,0.221032,2571.429122,0.2
15204,,21,1,0,1,1,0,1,0,0,0,0,0
15222,,21,1,0,1,1,0,1,0,0,0,0,0
15641,,8,5,7,12,5,7,12,9,0.22697,0.234411,79856.881639,0.068182
15661,,21,2,0,2,2,0,2,0,0,0,0,0
15662,,21,2,0,2,2,0,2,0,0,0,0,0
15669,,21,1,0,1,1,0,1,0,0,0,0,0
15734,,21,1,0,1,1,0,1,0,0,0,0,0
15764,,21,2,0,2,2,0,2,0,0,0,0,0.5
15848,,21,1,0,1,1,0,1,0,0,0,0,0
15945,,21,2,0,2,2,0,2,0,0,0,0,1
15981,,21,3,0,3,3,0,3,0,0,0,0,0
16016,,21,1,0,1,1,0,1,0,0,0,0,0
16018,,21,1,0,1,1,0,1,0,0,0,0,0
16076,,21,2,0,2,2,0,2,0,0,0,0,1
16344,,8,2,1,3,2,1,3,9,0.227235,0.234013,0,0.333333
16688,,21,2,0,2,2,0,2,0,0,0,0,0.5
16871,,21,1,0,1,1,0,1,0,0,0,0,0
16947,,21,1,0,1,1,0,1,0,0,0,0,0
16956,,21,1,0,1,1,0,1,0,0,0,0,0
17083,,21,1,0,1,1,0,1,0,0,0,0,0
17257,,21,2,0,2,2,0,2,0,0,0,0,0
8081,,21,1,1,2,1,1,2,10,0.167226,0.169765,0,0.5
17569,,21,1,1,2,1,1,2,1,1,1,0,0.5
17595,,21,1,0,1,1,0,1,0,0,0,0,0
17841,,21,2,0,2,2,0,2,0,0,0,0,0
8378,,21,3,5,8,3,5,8,9,0.23585,0.247243,51643.659348,0.02381
17929,,21,1,0,1,1,0,1,0,0,0,0,0
17982,,21,1,0,1,1,0,1,0,0,0,0,0
18205,,21,3,1,4,3,1,4,1,1,1,89.949464,0.166667
3170,,21,2,0,2,2,0,2,0,0,0,0,0
10420,,21,3,4,7,3,4,7,9,0.221984,0.229297,23649.695215,0.133333
18661,,21,1,0,1,1,0,1,0,0,0,0,0
18950,,21,1,0,1,1,0,1,0,0,0,0,0
10719,,21,3,0,3,3,0,3,0,0,0,0,0.166667
11444,,21,4,1,5,4,1,5,8,0.262757,0.273467,4597.686147,0.15
12864,,21,2,0,2,2,0,2,0,0,0,0,0.5
19416,,21,2,0,2,2,0,2,0,0,0,0,0.5
19694,,21,2,0,2,2,0,2,0,0,0,0,0.5
19868,,21,1,1,2,1,1,2,1,1,1,25976,0
19914,,21,2,0,2,2,0,2,0,0,0,0,0
19915,,21,2,0,2,2,0,2,0,0,0,0,1
20057,,24,3,0,3,3,0,3,0,0,0,0,0
20107,,21,1,0,1,1,0,1,0,0,0,0,0
20150,,21,1,0,1,1,0,1,0,0,0,0,0
20209,,21,1,0,1,1,0,1,0,0,0,0,0
20338,,21,2,0,2,2,0,2,0,0,0,0,0
20358,,21,1,0,1,1,0,1,0,0,0,0,0
20359,,21,1,0,1,1,0,1,0,0,0,0,0
20407,,21,2,0,2,2,0,2,0,0,0,0,0
11800,,21,2,0,2,2,0,2,0,0,0,0,0
20832,,21,1,0,1,1,0,1,0,0,0,0,0
20932,,21,2,0,2,2,0,2,0,0,0,0,0.5
21187,,21,1,0,1,1,0,1,0,0,0,0,0
6613,,8,22,14,36,22,14,36,8,0.245892,0.254814,128614.048214,0.119048
21267,,21,2,0,2,2,0,2,0,0,0,0,1
10025,,11,5,0,5,5,0,5,0,0,0,0,0.05
21467,,21,1,0,1,1,0,1,0,0,0,0,0
22051,,21,2,0,2,2,0,2,0,0,0,0,0
22131,,21,1,0,1,1,0,1,0,0,0,0,0
22183,,21,1,0,1,1,0,1,0,0,0,0,0
22277,,21,1,0,1,1,0,1,0,0,0,0,0
18801,,21,2,0,2,2,0,2,0,0,0,0,0
22458,,21,1,0,1,1,0,1,0,0,0,0,0
22498,,21,1,0,1,1,0,1,0,0,0,0,0
22579,,21,1,0,1,1,0,1,0,0,0,0,0
22713,,21,1,0,1,1,0,1,0,0,0,0,0
16607,,21,3,0,3,3,0,3,0,0,0,0,0.5
2929,,21,1,1,2,1,1,2,1,1,1,25976,0
22769,,21,1,0,1,1,0,1,0,0,0,0,0
22779,,21,1,0,1,1,0,1,0,0,0,0,0
22819,,21,2,0,2,2,0,2,0,0,0,0,0.5
22838,,21,1,0,1,1,0,1,0,0,0,0,0
22909,,21,2,0,2,2,0,2,0,0,0,0,1
17851,,21,1,2,3,1,2,3,10,0.18619,0.190011,26074.576912,0
23105,,21,2,0,2,2,0,2,0,0,0,0,0
7769,,8,8,8,16,8,8,16,9,0.241781,0.253444,112660.596011,0.148352
23219,,21,2,0,2,2,0,2,0,0,0,0,0
23417,,21,1,0,1,1,0,1,0,0,0,0,0
17311,,21,2,0,2,2,0,2,0,0,0,0,0
23509,,21,1,0,1,1,0,1,0,0,0,0,0
23516,,21,1,0,1,1,0,1,0,0,0,0,0
23594,,21,1,0,1,1,0,1,0,0,0,0,0
19955,,21,2,1,3,2,1,3,1,1,1,4.798079,0.166667
23633,,21,1,0,1,1,0,1,0,0,0,0,0
23959,,21,1,0,1,1,0,1,0,0,0,0,0
23973,,21,1,0,1,1,0,1,0,0,0,0,0
24014,,21,1,0,1,1,0,1,0,0,0,0,0
24015,,21,1,0,1,1,0,1,0,0,0,0,0
24106,,21,1,0,1,1,0,1,0,0,0,0,0
24218,,21,1,0,1,1,0,1,0,0,0,0,0
12058,,8,8,5,13,8,5,13,9,0.229496,0.236416,40338.549296,0.045455
24552,,21,1,0,1,1,0,1,0,0,0,0,0
22809,,21,2,0,2,2,0,2,0,0,0,0,0
24579,,21,1,0,1,1,0,1,0,0,0,0,0
24687,,21,1,0,1,1,0,1,0,0,0,0,0
24791,,21,1,0,1,1,0,1,0,0,0,0,0
25085,,21,1,1,2,1,1,2,9,0.212543,0.218281,197.782635,0
25199,,21,1,0,1,1,0,1,0,0,0,0,0
25242,,21,1,0,1,1,0,1,0,0,0,0,0
25260,,21,1,0,1,1,0,1,0,0,0,0,0
25271,,21,1,0,1,1,0,1,0,0,0,0,0
22371,,21,2,0,2,2,0,2,0,0,0,0,0.5
25316,,21,1,0,1,1,0,1,0,0,0,0,0
25485,,21,1,0,1,1,0,1,0,0,0,0,0
25620,,21,3,0,3,3,0,3,0,0,0,0,0.166667
25754,,21,1,0,1,1,0,1,0,0,0,0,0
25787,,21,1,0,1,1,0,1,0,0,0,0,0
25819,,21,1,0,1,1,0,1,0,0,0,0,0
25952,,21,1,0,1,1,0,1,0,0,0,0,0
25997,,21,1,0,1,1,0,1,0,0,0,0,0
8510,,21,2,0,2,2,0,2,0,0,0,0,0.5
26077,,21,1,0,1,1,0,1,0,0,0,0,0
26123,,21,1,0,1,1,0,1,0,0,0,0,0
26134,,21,1,0,1,1,0,1,0,0,0,0,0
26155,,21,1,0,1,1,0,1,0,0,0,0,0
26262,,21,1,0,1,1,0,1,0,0,0,0,0
26398,,21,1,0,1,1,0,1,0,0,0,0,0
26446,,21,1,0,1,1,0,1,0,0,0,0,0
26450,,21,1,0,1,1,0,1,0,0,0,0,0
26465,,21,1,0,1,1,0,1,0,0,0,0,0
22028,,21,4,0,4,4,0,4,0,0,0,0,0
26528,,21,1,0,1,1,0,1,0,0,0,0,0
23607,,21,2,0,2,2,0,2,0,0,0,0,0
26871,,21,1,0,1,1,0,1,0,0,0,0,0
16290,,21,3,2,5,3,2,5,1,1,1,2.25,0.2
26895,,21,1,1,2,1,1,2,1,1,1,55.110724,0
27024,,21,1,0,1,1,0,1,0,0,0,0,0
27160,,21,2,0,2,2,0,2,0,0,0,0,0.5
27205,,21,1,0,1,1,0,1,0,0,0,0,0
27232,,21,1,0,1,1,0,1,0,0,0,0,0
27243,,21,1,1,2,1,1,2,1,1,1,25976,0
19530,,21,2,0,2,2,0,2,0,0,0,0,0
27391,,21,1,0,1,1,0,1,0,0,0,0,0
25756,,21,6,1,7,6,1,7,8,0.239858,0.247713,75328.641615,0.047619
27611,,21,2,0,2,2,0,2,0,0,0,0,0
27682,,21,1,0,1,1,0,1,0,0,0,0,0
27683,,21,1,0,1,1,0,1,0,0,0,0,0
27701,,21,1,0,1,1,0,1,0,0,0,0,0
25138,,21,2,0,2,2,0,2,0,0,0,0,0
10350,,21,1,1,2,1,1,2,8,0.262757,0.273467,0,0.5
27972,,21,1,1,2,1,1,2,8,0.228136,0.235525,75.055017,0
28061,,21,1,0,1,1,0,1,0,0,0,0,0
28095,,21,1,0,1,1,0,1,0,0,0,0,0
28108,,21,1,0,1,1,0,1,0,0,0,0,0
28150,,21,2,0,2,2,0,2,0,0,0,0,0.5
12470,,21,5,59,64,5,59,64,8,0.261211,0.273622,383820.299536,0.014337
28313,,21,1,0,1,1,0,1,0,0,0,0,0
28341,,21,2,0,2,2,0,2,0,0,0,0,0
18029,,24,4,0,4,4,0,4,0,0,0,0,0
28555,,21,1,0,1,1,0,1,0,0,0,0,0
10645,,21,3,0,3,3,0,3,0,0,0,0,0
28750,,21,1,0,1,1,0,1,0,0,0,0,0
28796,,21,1,0,1,1,0,1,0,0,0,0,0
16907,,21,1,1,2,1,1,2,9,0.220326,0.226693,35.962156,0
2829,,11,4,1,5,4,1,5,8,0.222154,0.22925,37922.94073,0
28956,,21,1,0,1,1,0,1,0,0,0,0,0
28964,,21,1,0,1,1,0,1,0,0,0,0,0
28965,,21,1,0,1,1,0,1,0,0,0,0,0
28967,,21,1,0,1,1,0,1,0,0,0,0,0
28981,,21,1,0,1,1,0,1,0,0,0,0,0
28982,,21,1,0,1,1,0,1,0,0,0,0,0
29005,,21,1,0,1,1,0,1,0,0,0,0,0
29057,,21,1,0,1,1,0,1,0,0,0,0,0
29077,,21,1,0,1,1,0,1,0,0,0,0,0
29251,,21,5,0,5,5,0,5,0,0,0,0,0.15
29291,,21,1,0,1,1,0,1,0,0,0,0,0
29329,,21,1,0,1,1,0,1,0,0,0,0,0
16248,,21,3,0,3,3,0,3,0,0,0,0,0.333333
29366,,21,1,0,1,1,0,1,0,0,0,0,0
29478,,21,1,0,1,1,0,1,0,0,0,0,0
24285,,21,4,0,4,4,0,4,0,0,0,0,0.083333
29514,,21,2,0,2,2,0,2,0,0,0,0,0.5
29529,,21,1,0,1,1,0,1,0,0,0,0,0
29530,,21,1,0,1,1,0,1,0,0,0,0,0
29532,,21,1,0,1,1,0,1,0,0,0,0,0
29588,,21,1,0,1,1,0,1,0,0,0,0,0
29589,,21,1,0,1,1,0,1,0,0,0,0,0
29654,,21,1,0,1,1,0,1,0,0,0,0,0
29664,,21,1,0,1,1,0,1,0,0,0,0,0
26314,,21,2,0,2,2,0,2,0,0,0,0,1
29713,,21,1,0,1,1,0,1,0,0,0,0,0
29747,,21,1,0,1,1,0,1,0,0,0,0,0
29923,,21,1,0,1,1,0,1,0,0,0,0,0
29939,,21,1,0,1,1,0,1,0,0,0,0,0
30000,,21,1,0,1,1,0,1,0,0,0,0,0
30042,,21,1,0,1,1,0,1,0,0,0,0,0
30096,,21,1,0,1,1,0,1,0,0,0,0,0
30140,,21,1,0,1,1,0,1,0,0,0,0,0
30144,,21,2,0,2,2,0,2,0,0,0,0,0.5
30270,,21,1,0,1,1,0,1,0,0,0,0,0
30337,,21,1,0,1,1,0,1,0,0,0,0,0
20314,,21,2,1,3,2,1,3,9,0.193466,0.197514,20.280841,0.166667
30457,,21,1,0,1,1,0,1,0,0,0,0,0
30649,,21,2,0,2,2,0,2,0,0,0,0,0
11731,,8,2,0,2,2,0,2,0,0,0,0,0
12429,,21,2,0,2,2,0,2,0,0,0,0,0
30812,,21,1,0,1,1,0,1,0,0,0,0,0
30869,,21,1,0,1,1,0,1,0,0,0,0,0
30893,,21,1,0,1,1,0,1,0,0,0,0,0
30956,,21,1,0,1,1,0,1,0,0,0,0,0
30966,,21,1,0,1,1,0,1,0,0,0,0,0
31004,,21,2,0,2,2,0,2,0,0,0,0,0
31106,,21,1,0,1,1,0,1,0,0,0,0,0
31247,,21,1,0,1,1,0,1,0,0,0,0,0
31297,,21,1,0,1,1,0,1,0,0,0,0,0
31324,,21,1,0,1,1,0,1,0,0,0,0,0
31397,,21,1,0,1,1,0,1,0,0,0,0,0
31491,,21,1,0,1,1,0,1,0,0,0,0,0
31519,,21,1,0,1,1,0,1,0,0,0,0,0
31560,,21,1,0,1,1,0,1,0,0,0,0,0
31562,,21,2,0,2,2,0,2,0,0,0,0,0
31706,,21,1,0,1,1,0,1,0,0,0,0,0
31719,,21,1,0,1,1,0,1,0,0,0,0,0
31723,,21,1,0,1,1,0,1,0,0,0,0,0
8563,,21,1,1,2,1,1,2,1,1,1,4.029404,0
31868,,21,2,0,2,2,0,2,0,0,0,0,0.5
31874,,21,1,0,1,1,0,1,0,0,0,0,0
31882,,21,1,0,1,1,0,1,0,0,0,0,0
13024,,21,2,1,3,2,1,3,11,0.152113,0.154196,26239.630892,0
31946,,21,1,0,1,1,0,1,0,0,0,0,0
31947,,21,1,0,1,1,0,1,0,0,0,0,0
20840,,21,1,1,2,1,1,2,8,0.247064,0.255643,14.011528,0
31973,,21,1,0,1,1,0,1,0,0,0,0,0
32031,,21,1,0,1,1,0,1,0,0,0,0,0
32032,,21,1,0,1,1,0,1,0,0,0,0,0
32069,,21,1,0,1,1,0,1,0,0,0,0,0
32074,,21,1,0,1,1,0,1,0,0,0,0,0
32116,,21,1,0,1,1,0,1,0,0,0,0,0
32140,,21,1,0,1,1,0,1,0,0,0,0,0
32211,,21,1,0,1,1,0,1,0,0,0,0,0
32286,,21,2,0,2,2,0,2,0,0,0,0,0.5
32325,,21,1,0,1,1,0,1,0,0,0,0,0
22253,,21,3,0,3,3,0,3,0,0,0,0,0
7914,,10,3,0,3,3,0,3,0,0,0,0,0
32362,,21,1,0,1,1,0,1,0,0,0,0,0
32496,,21,1,0,1,1,0,1,0,0,0,0,0
32532,,21,1,0,1,1,0,1,0,0,0,0,0
32579,,21,1,0,1,1,0,1,0,0,0,0,0
32614,,21,1,0,1,1,0,1,0,0,0,0,0
32661,,21,1,0,1,1,0,1,0,0,0,0,0
32739,,21,1,0,1,1,0,1,0,0,0,0,0
32830,,21,1,0,1,1,0,1,0,0,0,0,0
32832,,21,2,0,2,2,0,2,0,0,0,0,0
6965,,21,1,2,3,1,2,3,8,0.263865,0.274781,0,0.666667
32866,,21,1,0,1,1,0,1,0,0,0,0,0
32904,,21,1,0,1,1,0,1,0,0,0,0,0
32932,,21,1,0,1,1,0,1,0,0,0,0,0
32955,,21,1,0,1,1,0,1,0,0,0,0,0
33092,,21,1,0,1,1,0,1,0,0,0,0,0
33184,,21,1,0,1,1,0,1,0,0,0,0,0
26356,,8,5,0,5,5,0,5,0,0,0,0,0.25
33222,,21,1,0,1,1,0,1,0,0,0,0,0
15868,,21,2,0,2,2,0,2,0,0,0,0,0
33240,,21,1,0,1,1,0,1,0,0,0,0,0
33268,,21,1,0,1,1,0,1,0,0,0,0,0
33509,,21,1,0,1,1,0,1,0,0,0,0,0
28989,,21,2,0,2,2,0,2,0,0,0,0,0
33664,,21,1,0,1,1,0,1,0,0,0,0,0
33669,,21,1,0,1,1,0,1,0,0,0,0,0
33680,,21,1,0,1,1,0,1,0,0,0,0,0
33702,,21,1,0,1,1,0,1,0,0,0,0,0
33770,,21,1,0,1,1,0,1,0,0,0,0,0
33905,,21,1,0,1,1,0,1,0,0,0,0,0
33919,,21,1,0,1,1,0,1,0,0,0,0,0
33945,,21,1,0,1,1,0,1,0,0,0,0,0
19327,,21,1,1,2,1,1,2,1,1,1,0,0.5
26831,,21,1,1,2,1,1,2,2,0.666667,0.75,0,0.5
34196,,21,1,0,1,1,0,1,0,0,0,0,0
34301,,21,1,0,1,1,0,1,0,0,0,0,0
34438,,21,1,0,1,1,0,1,0,0,0,0,0
34451,,21,1,0,1,1,0,1,0,0,0,0,0
34483,,21,1,0,1,1,0,1,0,0,0,0,0
34510,,21,1,0,1,1,0,1,0,0,0,0,0
34567,,21,1,0,1,1,0,1,0,0,0,0,0
2057,,21,3,4,7,3,4,7,9,0.225951,0.23357,28687.236077,0.15
34678,,21,1,0,1,1,0,1,0,0,0,0,0
34800,,21,1,0,1,1,0,1,0,0,0,0,0
34851,,21,1,0,1,1,0,1,0,0,0,0,0
34893,,21,1,0,1,1,0,1,0,0,0,0,0
27138,,21,2,0,2,2,0,2,0,0,0,0,1
30399,,21,2,0,2,2,0,2,0,0,0,0,0
35110,,21,1,0,1,1,0,1,0,0,0,0,0
35161,,21,2,0,2,2,0,2,0,0,0,0,0.5
35200,,21,1,0,1,1,0,1,0,0,0,0,0
35215,,21,1,0,1,1,0,1,0,0,0,0,0
35226,,21,1,0,1,1,0,1,0,0,0,0,0
35437,,21,1,0,1,1,0,1,0,0,0,0,0
35467,,21,1,0,1,1,0,1,0,0,0,0,0
35481,,21,1,0,1,1,0,1,0,0,0,0,0
6232,,21,3,1,4,3,1,4,8,0.262757,0.273467,31184.413242,0.166667
35563,,21,1,0,1,1,0,1,0,0,0,0,0
35603,,21,1,0,1,1,0,1,0,0,0,0,0
35643,,21,1,0,1,1,0,1,0,0,0,0,0
35644,,21,1,0,1,1,0,1,0,0,0,0,0
35670,,21,1,0,1,1,0,1,0,0,0,0,0
32269,,1,4,0,4,4,0,4,0,0,0,0,0
35691,,21,1,0,1,1,0,1,0,0,0,0,0
35767,,21,1,0,1,1,0,1,0,0,0,0,0
559,,0,1,0,1,1,0,1,0,0,0,0,0
4829,,16,12,3,15,12,3,15,8,0.245684,0.254929,190531.76489,0.032967
5966,,10,1,2,3,1,2,3,9,0.225369,0.233432,568.710708,0
688,,0,5,12,17,5,12,17,8,0.260994,0.271703,42026.539366,0.011029
15654,,0,1,0,1,1,0,1,0,0,0,0,0
15854,,0,1,0,1,1,0,1,0,0,0,0,0
10198,,10,2,1,3,2,1,3,8,0.232986,0.241273,130.131168,0
19063,,11,1,13,14,1,13,14,8,0.256426,0.266873,52665.157573,0.010989
8798,,0,3,3,6,3,3,6,9,0.20942,0.215107,106.096014,0.033333
3902,,5,10,18,28,10,18,28,8,0.275948,0.289923,63047.058345,0.081667
4085,,8,9,11,20,9,11,20,8,0.260128,0.271139,13737.016057,0.17619
3301,,8,27,52,79,27,52,79,8,0.261048,0.275618,444815.641675,0.04749
1599,,0,15,19,34,15,19,34,8,0.279239,0.292978,206996.298487,0.073563
17883,,0,4,4,8,4,4,8,9,0.229253,0.236504,26244.929093,0.035714
19599,,0,3,0,3,3,0,3,0,0,0,0,0
618,,15,5,6,11,5,6,11,8,0.264269,0.275457,72190.894933,0.133333
12082,,0,6,9,15,6,9,15,8,0.274375,0.287301,89713.809447,0.141026
5002,,0,4,4,8,4,4,8,9,0.230468,0.238197,45712.66652,0.02381
4842,,8,6,2,8,6,2,8,9,0.210832,0.216487,19236.982967,0.166667
31307,,0,1,0,1,1,0,1,0,0,0,0,0
31852,,7,1,25,26,1,25,26,8,0.287021,0.302726,26306.171917,0.181538
25238,,5,2,1,3,2,1,3,8,0.228874,0.236468,362.284427,0
34000,,0,1,0,1,1,0,1,0,0,0,0,0
2951,,21,16,2,18,16,2,18,9,0.222136,0.229431,57636.057318,0.158088
7055,,21,1,2,3,1,2,3,8,0.240354,0.248419,25974,0.5
8924,,21,1,0,1,1,0,1,0,0,0,0,0
9200,,21,1,0,1,1,0,1,0,0,0,0,0
10408,,21,2,0,2,2,0,2,0,0,0,0,0
8846,,21,2,1,3,2,1,3,9,0.208628,0.214345,13.172467,0.666667
10664,,21,4,3,7,4,3,7,8,0.240382,0.248495,38234.904652,0.166667
9084,,21,2,2,4,2,2,4,2,0.625,0.7,77986.723945,0
11338,,21,3,0,3,3,0,3,0,0,0,0,0
12656,,21,3,1,4,3,1,4,9,0.20905,0.214435,215.410323,0.25
12710,,21,1,0,1,1,0,1,0,0,0,0,0
5652,,8,5,7,12,5,7,12,9,0.228665,0.236984,30453.894084,0.118182
15445,,21,6,29,35,6,29,35,8,0.250566,0.263385,260441.173623,0.043561
10571,,21,6,3,9,6,3,9,8,0.251392,0.261514,14905.577106,0.053571
5624,,21,4,7,11,4,7,11,8,0.240843,0.249327,25443.552709,0.2
16231,,21,15,15,30,15,15,30,9,0.22485,0.232845,74048.255262,0.167984
13255,,21,8,5,13,8,5,13,9,0.224127,0.231726,1519.955204,0.254545
19326,,21,1,2,3,1,2,3,8,0.24101,0.249295,0,1
19975,,21,1,1,2,1,1,2,8,0.228354,0.235613,463.86835,0
22355,,21,1,1,2,1,1,2,8,0.209427,0.215627,4220.132401,0
23184,,21,2,0,2,2,0,2,0,0,0,0,1
23211,,21,1,0,1,1,0,1,0,0,0,0,0
23443,,21,2,0,2,2,0,2,0,0,0,0,0
2852,,8,5,0,5,5,0,5,0,0,0,0,0.35
23296,,21,3,9,12,3,9,12,8,0.244547,0.253846,52132.72424,0.166667
26269,,21,1,0,1,1,0,1,0,0,0,0,0
25669,,21,5,0,5,5,0,5,0,0,0,0,0.15
24158,,21,2,0,2,2,0,2,0,0,0,0,1
14273,,8,2,2,4,2,2,4,8,0.236116,0.243053,212.217442,0.25
19739,,16,26,7,33,26,7,33,8,0.241709,0.251392,111179.515948,0.087356
11996,,16,2,1,3,2,1,3,9,0.217823,0.224246,121.313905,0
29963,,21,4,2,6,4,2,6,8,0.241948,0.250639,56475,0.25
30575,,21,1,0,1,1,0,1,0,0,0,0,0
31179,,21,1,0,1,1,0,1,0,0,0,0,0
25937,,21,2,0,2,2,0,2,0,0,0,0,0
31377,,21,2,0,2,2,0,2,0,0,0,0,1
1613,,8,9,10,19,9,10,19,8,0.243879,0.253128,93707.787656,0.110294
31378,,21,2,1,3,2,1,3,10,0.163056,0.165637,0.25,0.333333
4108,,8,15,3,18,15,3,18,8,0.240514,0.248644,78585.893061,0.058824
32335,,21,1,0,1,1,0,1,0,0,0,0,0
29331,,21,3,1,4,3,1,4,8,0.240348,0.248384,0,0.666667
26260,,21,3,5,8,3,5,8,9,0.206666,0.212587,57286.55923,0.142857
29660,,21,2,1,3,2,1,3,9,0.194131,0.1984,1462.207614,0.166667
33856,,21,1,0,1,1,0,1,0,0,0,0,0
34162,,21,1,0,1,1,0,1,0,0,0,0,0
31001,,21,4,1,5,4,1,5,9,0.194818,0.199237,18851.414067,0.4
34581,,21,1,0,1,1,0,1,0,0,0,0,0
34901,,21,2,0,2,2,0,2,0,0,0,0,1
35153,,21,2,0,2,2,0,2,0,0,0,0,1
7921,,16,8,1,9,8,1,9,1,1,1,9199.005706,0.125
35700,,21,1,0,1,1,0,1,0,0,0,0,0
6637,,8,8,0,8,8,0,8,0,0,0,0,0.035714
13006,,8,1,1,2,1,1,2,10,0.179989,0.183485,25974,0
13933,,8,3,7,10,3,7,10,8,0.267605,0.279574,1280.466816,0.375
26746,,8,2,0,2,2,0,2,0,0,0,0,0
3290,,56,6,12,18,6,12,18,8,0.267742,0.279761,139518.204611,0.058824
27666,,8,1,0,1,1,0,1,0,0,0,0,0
16405,,15,2,0,2,2,0,2,0,0,0,0,1
565,,8,9,17,26,9,17,26,8,0.278133,0.291525,112515.739785,0.177489
9718,,8,5,6,11,5,6,11,8,0.238494,0.246711,21507.80488,0.263889
11896,,8,4,6,10,4,6,10,8,0.244824,0.253785,1605.561743,0.547619
32808,,8,2,0,2,2,0,2,0,0,0,0,1
15090,,8,4,6,10,4,6,10,8,0.252993,0.26265,4319.575076,0.138889
13595,,8,1,2,3,1,2,3,8,0.235275,0.242268,0,1
17100,,8,3,1,4,3,1,4,7,0.293551,0.307953,28630.500542,0.083333
12167,,8,3,4,7,3,4,7,8,0.239395,0.249102,19266.755759,0.214286
3959,,12,2,2,4,2,2,4,8,0.237145,0.244976,11.307354,0.5
3167,,2,2,1,3,2,1,3,8,0.261476,0.272569,30.008955,0.166667
14583,,1,2,0,2,2,0,2,0,0,0,0,0
6732,,11,3,3,6,3,3,6,9,0.21496,0.221447,1238.665582,0.033333
25248,,1,2,0,2,2,0,2,0,0,0,0,0
28370,,1,1,0,1,1,0,1,0,0,0,0,0
3809,,10,3,4,7,3,4,7,8,0.271479,0.284031,3989.614412,0.261905
31355,,1,2,1,3,2,1,3,1,1,1,25976,0
11615,,24,2,0,2,2,0,2,0,0,0,0,0
26494,,24,2,0,2,2,0,2,0,0,0,0,1
26988,,24,1,1,2,1,1,2,10,0.179218,0.182919,25974,0
28485,,24,1,2,3,1,2,3,9,0.201072,0.20601,0,0.5
572,,8,0,2,2,0,2,2,7,0.294609,0.308987,0,0.5
12643,,10,1,0,1,1,0,1,0,0,0,0,0
14603,,10,1,0,1,1,0,1,0,0,0,0,0
16585,,10,1,0,1,1,0,1,0,0,0,0,0
10690,,2,3,6,9,3,6,9,8,0.263529,0.275131,757.474913,0.111111
13842,,16,2,2,4,2,2,4,8,0.253232,0.263108,749.849116,0
16196,,7,1,0,1,1,0,1,0,0,0,0,0
6329,,2,1,2,3,1,2,3,9,0.239669,0.24843,0,0.5
32198,,7,1,0,1,1,0,1,0,0,0,0,0
10755,,21,1,0,1,1,0,1,0,0,0,0,0
2187,,11,4,11,15,4,11,15,8,0.277809,0.290733,31187.018876,0.071429
28362,,21,1,0,1,1,0,1,0,0,0,0,0
577,,8,0,1,1,0,1,1,8,0.262756,0.273466,0,0
578,,7,0,29,29,0,29,29,7,0.308752,0.326179,0,0.195813
9626,,7,1,0,1,1,0,1,0,0,0,0,0
7825,,8,2,16,18,2,16,18,8,0.266374,0.278262,109.964576,0.238562
4127,,7,4,4,8,4,4,8,8,0.255559,0.265788,89.796221,0.357143
3830,,7,9,9,18,9,9,18,8,0.256289,0.26657,4972.474728,0.111111
3102,,15,3,2,5,3,2,5,8,0.262834,0.273596,21330.784868,0.15
8941,,10,3,0,3,3,0,3,0,0,0,0,0.333333
11999,,15,1,0,1,1,0,1,0,0,0,0,0
12088,,15,6,2,8,6,2,8,8,0.226228,0.23363,24423.510287,0.142857
17468,,15,3,0,3,3,0,3,0,0,0,0,0.333333
7575,,8,4,3,7,4,3,7,9,0.225805,0.232332,95.298997,0.133333
27179,,15,2,1,3,2,1,3,9,0.190763,0.195335,39.123161,0.166667
9089,,15,4,6,10,4,6,10,8,0.230318,0.23834,128508.477444,0.178571
1287,,8,10,56,66,10,56,66,8,0.301892,0.319555,240193.421512,0.100942
5236,,5,4,4,8,4,4,8,8,0.244503,0.252184,45646.569966,0.053571
7607,,7,2,0,2,2,0,2,0,0,0,0,0
12558,,7,1,0,1,1,0,1,0,0,0,0,0
8226,,15,2,0,2,2,0,2,0,0,0,0,0
8040,,5,11,18,29,11,18,29,8,0.276645,0.290217,67275.976795,0.213439
583,,15,0,3,3,0,3,3,9,0.223194,0.230322,0,0.166667
584,,15,1,0,1,1,0,1,0,0,0,0,0
585,,10,0,1,1,0,1,1,8,0.23897,0.247046,0,0
587,,24,7,0,7,7,0,7,0,0,0,0,0.02381
2479,,24,5,1,6,5,1,6,9,0.218305,0.224888,18825,0.35
9152,,24,1,0,1,1,0,1,0,0,0,0,0
10118,,24,1,3,4,1,3,4,8,0.228729,0.235892,459.108478,0.5
31977,,24,1,0,1,1,0,1,0,0,0,0,0
588,,8,0,1,1,0,1,1,8,0.262756,0.273466,0,0
6373,,7,1,0,1,1,0,1,0,0,0,0,0
11838,,7,1,0,1,1,0,1,0,0,0,0,0
11366,,24,5,0,5,5,0,5,0,0,0,0,0
7124,,7,3,5,8,3,5,8,9,0.221657,0.229013,27912.843486,0.119048
17194,,7,1,0,1,1,0,1,0,0,0,0,0
9134,,7,2,3,5,2,3,5,8,0.242591,0.251196,35.860165,0.2
12865,,7,3,16,19,3,16,19,7,0.2968,0.311846,22712.633137,0.143791
20723,,7,2,3,5,2,3,5,8,0.243337,0.252413,12.856565,0.65
23970,,7,5,5,10,5,5,10,8,0.247525,0.256745,384.088015,0.433333
18802,,7,1,1,2,1,1,2,9,0.222062,0.229007,0,0
15162,,9,1,2,3,1,2,3,10,0.164907,0.168096,15.440866,0.166667
16489,,7,2,1,3,2,1,3,9,0.222062,0.229007,0,1
593,,5,0,15,15,0,15,15,7,0.301906,0.317876,0,0.190476
3977,,9,1,4,5,1,4,5,8,0.24791,0.258105,56.65318,0
15463,,5,1,0,1,1,0,1,0,0,0,0,0
16134,,5,3,2,5,3,2,5,8,0.263784,0.274254,2348.817511,0.2
15329,,5,1,1,2,1,1,2,10,0.179797,0.183105,0,0
2648,,7,1,4,5,1,4,5,9,0.215248,0.221315,1.195497,0.25
4825,,9,5,4,9,5,4,9,8,0.221686,0.228936,1223.497741,0.097222
25123,,5,1,0,1,1,0,1,0,0,0,0,0
20806,,9,1,4,5,1,4,5,9,0.23013,0.238161,172.754126,0.25
2737,,6,3,0,3,3,0,3,0,0,0,0,0.666667
6549,,3,3,4,7,3,4,7,8,0.258666,0.269107,59012.48614,0.047619
598,,10,0,1,1,0,1,1,9,0.215262,0.221613,0,0
599,,5,2,51,53,2,51,53,8,0.302557,0.320955,169979.781583,0.103922
7080,,5,2,15,17,2,15,17,8,0.291532,0.30578,33514.111402,0.172794
8598,,5,1,1,2,1,1,2,9,0.235163,0.243058,0,1
11266,,5,1,0,1,1,0,1,0,0,0,0,0
8766,,5,5,5,10,5,5,10,9,0.240877,0.2494,3948.301025,0.125
12043,,5,7,6,13,7,6,13,8,0.266009,0.277146,2490.019324,0.333333
14107,,5,1,0,1,1,0,1,0,0,0,0,0
12581,,5,2,4,6,2,4,6,8,0.251843,0.261094,146.426713,0.133333
10319,,5,2,3,5,2,3,5,9,0.238557,0.24673,60.499702,0.166667
29696,,5,1,0,1,1,0,1,0,0,0,0,0
23741,,5,2,3,5,2,3,5,8,0.240739,0.24962,10919.968633,0
9645,,1,2,1,3,2,1,3,9,0.23516,0.243049,0,0.5
12475,,5,6,6,12,6,6,12,9,0.243813,0.253056,28008.665756,0.5
12476,,5,4,4,8,4,4,8,9,0.240976,0.249279,0,1
1866,,5,14,24,38,14,24,38,8,0.294359,0.309746,69081.866847,0.131183
20519,,5,1,0,1,1,0,1,0,0,0,0,0
4245,,0,12,14,26,12,14,26,8,0.276812,0.290754,130457.655184,0.083333
8124,,15,71,36,107,71,36,107,8,0.282524,0.29784,2075318.398669,0.007968
4282,,5,3,11,14,3,11,14,8,0.270769,0.283716,20757.815544,0.166667
14205,,5,1,1,2,1,1,2,9,0.23516,0.243049,0,0
601,,11,0,2,2,0,2,2,9,0.229025,0.237262,0,1
2755,,11,2,0,2,2,0,2,0,0,0,0,1
4291,,11,3,7,10,3,7,10,8,0.248863,0.259264,1586.190893,0.214286
5419,,11,2,1,3,2,1,3,9,0.223292,0.230461,155.088829,0.166667
4071,,11,2,1,3,2,1,3,10,0.181866,0.185801,44799,0.166667
11125,,11,4,8,12,4,8,12,8,0.239313,0.249188,17033.741578,0.155556
19094,,15,1,1,2,1,1,2,10,0.179157,0.182315,10.297157,0
25378,,11,1,3,4,1,3,4,8,0.24514,0.255349,0,0.833333
18250,,11,12,10,22,12,10,22,8,0.247366,0.258368,153643.531627,0.089474
6916,,10,2,0,2,2,0,2,0,0,0,0,0
20198,,8,3,0,3,3,0,3,0,0,0,0,0
7376,,0,1,0,1,1,0,1,0,0,0,0,0
9425,,0,1,0,1,1,0,1,0,0,0,0,0
12861,,8,3,0,3,3,0,3,0,0,0,0,0.166667
2802,,19,2,0,2,2,0,2,0,0,0,0,0.5
608,,16,4,5,9,4,5,9,9,0.232925,0.240892,85677.635368,0.02381
609,,16,2,0,2,2,0,2,0,0,0,0,0
4307,,16,1,1,2,1,1,2,10,0.188923,0.19306,0,0
6396,,16,1,1,2,1,1,2,10,0.161616,0.164112,24.148723,0.5
4843,,16,1,1,2,1,1,2,10,0.188923,0.19306,0,0
610,,8,0,2,2,0,2,2,8,0.262903,0.273618,0,0
2774,,8,2,1,3,2,1,3,9,0.23219,0.24005,374.353363,0.166667
5256,,0,2,1,3,2,1,3,9,0.218083,0.224443,80.577539,0
32798,,0,1,0,1,1,0,1,0,0,0,0,0
14146,,15,2,0,2,2,0,2,0,0,0,0,0
613,,7,0,1,1,0,1,1,8,0.252153,0.261614,0,0
614,,11,1,1,2,1,1,2,9,0.215361,0.221704,0,0
1263,,11,5,0,5,5,0,5,0,0,0,0,0.35
16819,,11,1,3,4,1,3,4,9,0.231745,0.240602,0,0.666667
4892,,11,2,4,6,2,4,6,8,0.248001,0.258835,662.155542,0.3
27010,,11,3,0,3,3,0,3,0,0,0,0,0.666667
34978,,11,1,0,1,1,0,1,0,0,0,0,0
12863,,9,15,7,22,15,7,22,9,0.239334,0.247926,316926.151596,0.102941
12891,,9,4,9,13,4,9,13,9,0.239079,0.247683,60040.361582,0.090909
3031,,15,1,0,1,1,0,1,0,0,0,0,0
4045,,15,2,6,8,2,6,8,8,0.265713,0.277266,19134.339441,0.142857
1042,,11,2,0,2,2,0,2,0,0,0,0,0
5246,,11,2,0,2,2,0,2,0,0,0,0,1
7665,,11,1,3,4,1,3,4,8,0.236018,0.244638,374.064814,0.166667
9561,,11,2,0,2,2,0,2,0,0,0,0,1
21490,,11,1,0,1,1,0,1,0,0,0,0,0
21572,,11,1,1,2,1,1,2,9,0.201768,0.206833,0,0
24594,,11,1,0,1,1,0,1,0,0,0,0,0
13577,,11,2,3,5,2,3,5,8,0.261985,0.273286,2931.788599,0.083333
14172,,16,2,2,4,2,2,4,8,0.252647,0.262633,537.654325,0.666667
32057,,11,1,0,1,1,0,1,0,0,0,0,0
7738,,15,1,4,5,1,4,5,8,0.221428,0.228127,82.436161,0.05
19849,,24,1,0,1,1,0,1,0,0,0,0,0
5786,,24,2,3,5,2,3,5,9,0.21882,0.225411,103922.067521,0.166667
6419,,24,4,3,7,4,3,7,8,0.262937,0.273736,19691.02076,0.119048
623,,2,3,11,14,3,11,14,8,0.274399,0.28789,881.261108,0.17033
4469,,10,2,0,2,2,0,2,0,0,0,0,0
7810,,10,4,1,5,4,1,5,9,0.225523,0.232474,181.916406,0.1
805,,11,3,11,14,3,11,14,8,0.277657,0.291189,1535.892752,0.208791
9093,,10,5,13,18,5,13,18,8,0.269513,0.280951,46601.156762,0.083333
30040,,10,1,0,1,1,0,1,0,0,0,0,0
22091,,0,4,9,13,4,9,13,8,0.27332,0.285802,56252.006001,0.090909
19085,,10,2,2,4,2,2,4,1,1,1,32.780965,0
625,,11,1,0,1,1,0,1,0,0,0,0,0
1441,,11,1,1,2,1,1,2,10,0.178135,0.181804,0,0
2628,,11,6,3,9,6,3,9,8,0.251332,0.262132,53206.509405,0.166667
13534,,11,1,1,2,1,1,2,10,0.178135,0.181804,0,0
18619,,11,3,5,8,3,5,8,9,0.216597,0.223178,96746,0.190476
33030,,11,1,0,1,1,0,1,0,0,0,0,0
17945,,0,14,18,32,14,18,32,9,0.209929,0.216403,332207.4207,0.058462
11123,,10,1,0,1,1,0,1,0,0,0,0,0
4073,,10,1,4,5,1,4,5,8,0.227954,0.235669,183.652044,0
27183,,10,2,0,2,2,0,2,0,0,0,0,1
33545,,10,3,0,3,3,0,3,0,0,0,0,0
22429,,10,2,3,5,2,3,5,8,0.247991,0.258811,727.654566,0.15
628,,7,0,1,1,0,1,1,10,0.176584,0.179945,0,0
10479,,16,4,0,4,4,0,4,0,0,0,0,0.5
10478,,16,3,1,4,3,1,4,1,1,1,0,0.5
16519,,16,5,2,7,5,2,7,9,0.21678,0.223279,197.526908,0
632,,9,1,3,4,1,3,4,8,0.262438,0.273863,18890.849811,0.166667
633,,0,2,3,5,2,3,5,9,0.215788,0.222044,282.537382,0.333333
4126,,0,4,2,6,4,2,6,9,0.213971,0.220014,128.707355,0.166667
9787,,16,2,4,6,2,4,6,8,0.239483,0.248573,3760.249314,0.05
11561,,0,1,1,2,1,1,2,1,1,1,25976,0
6287,,2,5,10,15,5,10,15,8,0.284514,0.298151,82208.89081,0.128205
12547,,2,2,0,2,2,0,2,0,0,0,0,1
636,,7,0,7,7,0,7,7,9,0.23278,0.241292,0,0.095238
8557,,7,1,0,1,1,0,1,0,0,0,0,0
20309,,7,2,0,2,2,0,2,0,0,0,0,0
681,,10,11,15,26,11,15,26,8,0.253388,0.264324,187981.878248,0.060606
6360,,10,3,6,9,3,6,9,8,0.24757,0.257596,347.293668,0.4
6741,,10,3,1,4,3,1,4,1,1,1,25977,0
6755,,10,2,0,2,2,0,2,0,0,0,0,0
6980,,10,1,0,1,1,0,1,0,0,0,0,0
7547,,11,1,2,3,1,2,3,8,0.237381,0.246892,25975,0.333333
8194,,10,1,0,1,1,0,1,0,0,0,0,0
5918,,10,5,5,10,5,5,10,8,0.24463,0.254124,19683.741642,0.466667
7731,,10,4,10,14,4,10,14,8,0.250176,0.260283,31403.871486,0.177778
3884,,10,10,12,22,10,12,22,8,0.245812,0.25571,76559.158907,0.126374
7082,,10,3,2,5,3,2,5,9,0.22059,0.227247,1047.695029,0.1
10775,,10,5,4,9,5,4,9,9,0.236042,0.244548,27804.022095,0.142857
5243,,10,2,5,7,2,5,7,8,0.245447,0.25506,27092.440439,0.066667
12059,,10,1,0,1,1,0,1,0,0,0,0,0
12518,,10,3,4,7,3,4,7,8,0.24418,0.253473,27430.004129,0.033333
12688,,10,1,0,1,1,0,1,0,0,0,0,0
13160,,10,3,1,4,3,1,4,9,0.228526,0.235985,244.085354,0.333333
12372,,10,1,2,3,1,2,3,9,0.216232,0.222601,0,0.666667
13746,,10,1,0,1,1,0,1,0,0,0,0,0
13811,,10,1,0,1,1,0,1,0,0,0,0,0
13989,,10,1,0,1,1,0,1,0,0,0,0,0
14912,,10,2,0,2,2,0,2,0,0,0,0,1
7102,,10,2,2,4,2,2,4,9,0.229309,0.236707,64.766726,0.416667
12747,,15,1,2,3,1,2,3,8,0.245466,0.25507,0,1
5946,,10,6,10,16,6,10,16,8,0.280604,0.294812,29567.834251,0.241758
16441,,10,1,0,1,1,0,1,0,0,0,0,0
16467,,10,1,0,1,1,0,1,0,0,0,0,0
10061,,10,2,1,3,2,1,3,10,0.164188,0.166897,25979.783137,0.333333
17492,,10,1,1,2,1,1,2,9,0.199555,0.204555,52553.08334,0.5
5219,,10,4,6,10,4,6,10,8,0.253911,0.264334,1638.585797,0.238095
15761,,10,1,3,4,1,3,4,9,0.228907,0.23623,25974,0.25
19414,,10,1,2,3,1,2,3,8,0.248331,0.25723,396.436009,0.166667
19828,,10,1,0,1,1,0,1,0,0,0,0,0
20574,,10,1,0,1,1,0,1,0,0,0,0,0
21082,,10,1,0,1,1,0,1,0,0,0,0,0
9496,,10,4,7,11,4,7,11,8,0.258574,0.269261,53996.821014,0.194444
21694,,10,1,0,1,1,0,1,0,0,0,0,0
6261,,10,6,5,11,6,5,11,8,0.253692,0.264327,66284.537537,0.081818
22040,,10,2,0,2,2,0,2,0,0,0,0,1
4978,,10,4,3,7,4,3,7,8,0.233226,0.241641,18847.146064,0.3
22234,,10,1,1,2,1,1,2,1,1,1,0,0.5
2280,,10,10,13,23,10,13,23,8,0.248521,0.259094,111198.519851,0.052381
885,,10,1,3,4,1,3,4,8,0.244595,0.253961,0,0.666667
21987,,10,2,1,3,2,1,3,1,1,1,25976,0
3850,,10,6,6,12,6,6,12,8,0.249483,0.259509,22069.296772,0.133333
22141,,10,2,2,4,2,2,4,9,0.226797,0.234363,685.602934,0.166667
7433,,10,1,1,2,1,1,2,8,0.222996,0.22987,92.888043,0
24809,,10,3,3,6,3,3,6,8,0.244411,0.253725,0,1
25217,,10,1,2,3,1,2,3,8,0.247388,0.257366,0,1
24952,,10,2,3,5,2,3,5,9,0.21342,0.219846,34.150934,0.583333
9924,,10,3,7,10,3,7,10,8,0.244532,0.254002,721.006001,0.160714
28034,,10,1,0,1,1,0,1,0,0,0,0,0
14695,,10,3,1,4,3,1,4,9,0.213452,0.219649,282.723365,0.25
28171,,10,1,0,1,1,0,1,0,0,0,0,0
28930,,10,1,0,1,1,0,1,0,0,0,0,0
1971,,10,3,2,5,3,2,5,8,0.247343,0.256889,5696.453252,0.166667
26979,,10,2,1,3,2,1,3,9,0.207483,0.213226,100.020561,0.5
30060,,10,2,0,2,2,0,2,0,0,0,0,1
25821,,10,2,1,3,2,1,3,8,0.238966,0.247042,0,0.666667
6885,,10,3,12,15,3,12,15,8,0.259841,0.270731,13267.10485,0.134615
30911,,10,2,2,4,2,2,4,8,0.245847,0.254924,0,1
1593,,10,6,10,16,6,10,16,8,0.279666,0.292454,35167.149274,0.133333
24056,,2,2,2,4,2,2,4,9,0.231736,0.239863,27916.850341,0
3755,,10,6,9,15,6,9,15,8,0.26086,0.271645,41342.632529,0.128205
33255,,10,1,0,1,1,0,1,0,0,0,0,0
12928,,10,2,0,2,2,0,2,0,0,0,0,0
17713,,1,4,1,5,4,1,5,9,0.208089,0.213255,18870.658473,0.05
4890,,7,1,1,2,1,1,2,9,0.200066,0.204368,0,0.5
15930,,8,1,1,2,1,1,2,8,0.244449,0.252818,102.789263,0.5
5270,,7,4,4,8,4,4,8,8,0.256342,0.266754,19590.560517,0.142857
17782,,11,3,0,3,3,0,3,0,0,0,0,0
8298,,7,2,3,5,2,3,5,8,0.252045,0.261986,23.205122,0.833333
22610,,7,1,3,4,1,3,4,8,0.251141,0.261011,26196.982799,0.166667
5838,,7,2,4,6,2,4,6,8,0.275109,0.288131,242.558954,0.5
28575,,7,1,0,1,1,0,1,0,0,0,0,0
30622,,7,1,1,2,1,1,2,8,0.237615,0.245052,0,0
35425,,7,1,1,2,1,1,2,8,0.237615,0.245052,0,0
5913,,15,7,8,15,7,8,15,8,0.26086,0.272645,70155.160923,0.141026
10624,,15,1,0,1,1,0,1,0,0,0,0,0
5053,,5,9,8,17,9,8,17,8,0.271962,0.283696,99035.806705,0.085714
12523,,15,4,1,5,4,1,5,10,0.185696,0.189722,38.180568,0.05
5879,,15,3,3,6,3,3,6,9,0.228031,0.235616,30584.011976,0.033333
24349,,15,1,0,1,1,0,1,0,0,0,0,0
1358,,15,17,14,31,17,14,31,8,0.266212,0.277987,177350.898937,0.092593
26953,,15,1,0,1,1,0,1,0,0,0,0,0
17625,,1,2,0,2,2,0,2,0,0,0,0,0.5
645,,8,0,3,3,0,3,3,8,0.240896,0.249126,0,0.666667
646,,8,9,25,34,9,25,34,8,0.263139,0.276257,142553.505686,0.043347
10554,,8,1,0,1,1,0,1,0,0,0,0,0
19675,,8,2,0,2,2,0,2,0,0,0,0,0
24824,,8,2,1,3,2,1,3,9,0.217909,0.224126,109.076361,0
2604,,8,2,2,4,2,2,4,9,0.229838,0.23764,96.557628,0.416667
32054,,8,1,0,1,1,0,1,0,0,0,0,0
647,,21,1,1,2,1,1,2,9,0.208328,0.214467,82.131647,0
26427,,5,8,6,14,8,6,14,8,0.251469,0.261309,45314.579136,0.063636
2129,,8,3,6,9,3,6,9,8,0.264047,0.275541,533.600687,0.303571
9711,,8,1,0,1,1,0,1,0,0,0,0,0
1997,,8,11,15,26,11,15,26,8,0.261048,0.273024,38441.429555,0.178571
19690,,8,2,3,5,2,3,5,8,0.239773,0.247995,6082.791543,0
7186,,8,4,6,10,4,6,10,8,0.252895,0.263694,20033.822722,0.089286
22447,,8,1,1,2,1,1,2,8,0.236243,0.244459,0,0
23489,,8,3,0,3,3,0,3,0,0,0,0,0
21836,,8,2,1,3,2,1,3,8,0.236243,0.244459,0,0.5
3926,,8,4,7,11,4,7,11,8,0.248217,0.258075,2395.395822,0.144444
4952,,8,2,11,13,2,11,13,8,0.277306,0.290852,139.24843,0.418182
30063,,8,1,0,1,1,0,1,0,0,0,0,0
3358,,8,5,8,13,5,8,13,8,0.266193,0.277659,54055.582411,0.070513
11383,,8,5,2,7,5,2,7,8,0.241238,0.249503,10798.466005,0
4514,,8,3,2,5,3,2,5,8,0.243161,0.252458,197.677006,0.2
11118,,6,2,0,2,2,0,2,0,0,0,0,1
653,,16,1,11,12,1,11,12,8,0.254381,0.264532,52257.249068,0
654,,0,3,4,7,3,4,7,8,0.27258,0.284236,106156.230987,0
6411,,16,5,0,5,5,0,5,0,0,0,0,0
13097,,16,1,0,1,1,0,1,0,0,0,0,0
15919,,16,3,0,3,3,0,3,0,0,0,0,0
16674,,16,2,2,4,2,2,4,8,0.221981,0.228919,226.477697,0
18777,,16,4,0,4,4,0,4,0,0,0,0,0
21537,,16,1,0,1,1,0,1,0,0,0,0,0
7629,,0,1,0,1,1,0,1,0,0,0,0,0
655,,16,4,3,7,4,3,7,9,0.223581,0.231089,77.088871,0.2
6112,,16,1,0,1,1,0,1,0,0,0,0,0
9208,,16,1,1,2,1,1,2,9,0.223041,0.230384,0,0
10032,,16,1,0,1,1,0,1,0,0,0,0,0
14082,,16,1,1,2,1,1,2,10,0.182809,0.186782,0,1
16055,,16,1,0,1,1,0,1,0,0,0,0,0
21217,,16,2,2,4,2,2,4,9,0.223052,0.230428,1.022222,0.666667
11313,,2,2,4,6,2,4,6,8,0.264295,0.275788,26160.337023,0.133333
8444,,2,2,3,5,2,3,5,8,0.263017,0.274385,18869.053274,0.333333
16293,,16,2,2,4,2,2,4,9,0.216667,0.223555,26013.966218,0.333333
16126,,16,2,2,4,2,2,4,9,0.220306,0.226678,65.938949,0.5
34111,,16,4,0,4,4,0,4,0,0,0,0,0.666667
19095,,16,2,4,6,2,4,6,9,0.226666,0.234551,162.853782,0.4
11729,,16,3,0,3,3,0,3,0,0,0,0,0
3511,,11,1,2,3,1,2,3,8,0.262431,0.272477,0,1
15448,,7,1,0,1,1,0,1,0,0,0,0,0
15580,,10,8,13,21,8,13,21,8,0.256544,0.267231,125764.387613,0.042484
15187,,10,3,0,3,3,0,3,0,0,0,0,0.166667
22054,,7,1,0,1,1,0,1,0,0,0,0,0
7365,,1,4,0,4,4,0,4,0,0,0,0,0
12533,,8,5,279,284,5,279,284,7,0.336557,0.363509,1361677.239416,0.029214
27562,,7,4,2,6,4,2,6,8,0.25673,0.267197,134.682818,0.5
32915,,7,1,0,1,1,0,1,0,0,0,0,0
33175,,7,1,0,1,1,0,1,0,0,0,0,0
34939,,11,3,2,5,3,2,5,9,0.216095,0.222503,44880.858444,0.1
658,,2,2,7,9,2,7,9,8,0.264154,0.275489,54.061821,0.107143
2665,,2,3,3,6,3,3,6,8,0.263393,0.274648,6682.985215,0.15
4493,,0,1,2,3,1,2,3,8,0.231258,0.239413,0,1
13736,,0,2,3,5,2,3,5,9,0.220424,0.227085,437.979146,0.05
2957,,10,18,38,56,18,38,56,8,0.280199,0.294879,350598.832979,0.108696
8361,,0,1,0,1,1,0,1,0,0,0,0,0
17990,,0,1,0,1,1,0,1,0,0,0,0,0
2065,,0,15,11,26,15,11,26,8,0.24048,0.249244,60243.72819,0.118421
8570,,7,1,3,4,1,3,4,8,0.244249,0.253036,25997.152005,0.25
664,,2,1,0,1,1,0,1,0,0,0,0,0
7219,,2,1,0,1,1,0,1,0,0,0,0,0
7220,,2,1,0,1,1,0,1,0,0,0,0,0
5378,,7,1,1,2,1,1,2,9,0.214759,0.220703,0,0
5855,,7,1,1,2,1,1,2,9,0.214759,0.220703,0,0
2949,,8,3,2,5,3,2,5,9,0.217074,0.223219,18827.230577,0.333333
11143,,8,1,1,2,1,1,2,9,0.2265,0.233194,0,0
18409,,8,1,0,1,1,0,1,0,0,0,0,0
25142,,8,1,1,2,1,1,2,9,0.2265,0.233194,0,0
7911,,5,5,11,16,5,11,16,8,0.262834,0.274561,46040.012433,0.071429
8701,,15,2,2,4,2,2,4,9,0.214695,0.220846,26034.772696,0
30511,,8,2,0,2,2,0,2,0,0,0,0,0
33086,,7,1,0,1,1,0,1,0,0,0,0,0
1055,,16,5,2,7,5,2,7,8,0.256255,0.265701,57272.89625,0.1
977,,19,9,13,22,9,13,22,8,0.262643,0.274997,85682.889959,0.091503
2446,,11,1,0,1,1,0,1,0,0,0,0,0
5753,,11,1,0,1,1,0,1,0,0,0,0,0
7881,,11,1,0,1,1,0,1,0,0,0,0,0
9417,,16,2,0,2,2,0,2,0,0,0,0,1
7230,,16,4,23,27,4,23,27,8,0.283763,0.298385,95297.096391,0.085145
9656,,11,1,0,1,1,0,1,0,0,0,0,0
8539,,16,2,1,3,2,1,3,8,0.242294,0.25066,0,1
10396,,16,1,1,2,1,1,2,8,0.232022,0.239649,0,1
10922,,11,3,3,6,3,3,6,8,0.234501,0.242355,1283.555695,0.333333
9139,,16,1,3,4,1,3,4,8,0.235841,0.243388,26165.697836,0.166667
12193,,10,2,4,6,2,4,6,8,0.265938,0.276927,10174.032185,0.2
13841,,11,1,1,2,1,1,2,8,0.242294,0.25066,0,0
15203,,16,2,0,2,2,0,2,0,0,0,0,1
15967,,11,1,0,1,1,0,1,0,0,0,0,0
16806,,16,1,1,2,1,1,2,9,0.203987,0.208635,0,1
3009,,16,2,2,4,2,2,4,8,0.246265,0.255272,18826,0.333333
18501,,5,2,4,6,2,4,6,9,0.227562,0.23498,26250.102461,0.066667
9617,,16,1,1,2,1,1,2,8,0.232022,0.239649,0,1
30668,,11,1,0,1,1,0,1,0,0,0,0,0
14620,,24,3,3,6,3,3,6,9,0.216197,0.222723,2007.763267,0.066667
3144,,10,3,5,8,3,5,8,8,0.245789,0.255546,48425.221548,0.238095
5765,,10,5,7,12,5,7,12,8,0.246111,0.255067,43344.43926,0.007576
673,,11,0,1,1,0,1,1,9,0.231783,0.240091,0,0
1309,,1,2,2,4,2,2,4,8,0.238123,0.24614,289.276378,0.166667
20867,,15,1,0,1,1,0,1,0,0,0,0,0
11809,,8,3,1,4,3,1,4,9,0.213505,0.219541,190.737389,0.333333
20948,,15,4,4,8,4,4,8,9,0.227535,0.235785,1118.600181,0.3
23271,,15,5,4,9,5,4,9,9,0.225148,0.232715,17562.82853,0.214286
10826,,15,1,2,3,1,2,3,9,0.217363,0.224028,25975,0.333333
3879,,15,4,3,7,4,3,7,8,0.231096,0.239281,75611.906153,0.2
4372,,15,6,2,8,6,2,8,9,0.226239,0.233089,26107.092664,0.095238
16689,,15,4,3,7,4,3,7,8,0.244043,0.25318,4574.17645,0.095238
29113,,15,1,0,1,1,0,1,0,0,0,0,0
14995,,10,2,1,3,2,1,3,8,0.227101,0.234288,0,0.666667
11714,,15,2,8,10,2,8,10,8,0.238201,0.247881,395.265587,0.277778
33411,,15,2,0,2,2,0,2,0,0,0,0,0.5
1827,,10,3,2,5,3,2,5,8,0.234756,0.243096,78.850239,0.333333
19201,,15,1,0,1,1,0,1,0,0,0,0,0
19595,,15,2,5,7,2,5,7,8,0.270182,0.282483,27529.08526,0.285714
16506,,15,1,4,5,1,4,5,8,0.246847,0.256226,456.310831,0
31818,,15,1,1,2,1,1,2,9,0.217358,0.223993,0,0.5
676,,10,1,1,2,1,1,2,9,0.202474,0.207985,195.312601,0
2413,,0,2,1,3,2,1,3,9,0.222601,0.23004,0,0.5
33868,,0,4,0,4,4,0,4,0,0,0,0,1
18886,,7,1,0,1,1,0,1,0,0,0,0,0
18372,,7,1,2,3,1,2,3,9,0.223807,0.230726,25974,0.5
20085,,7,1,0,1,1,0,1,0,0,0,0,0
21088,,7,2,2,4,2,2,4,9,0.223664,0.230808,0,0.666667
22575,,1,2,0,2,2,0,2,0,0,0,0,0
2759,,7,3,6,9,3,6,9,8,0.270271,0.282753,2171.225453,0.404762
10609,,10,3,4,7,3,4,7,8,0.244541,0.253856,39.254293,0.4
9564,,10,1,4,5,1,4,5,8,0.237768,0.247437,26471.134515,0.2
20324,,10,1,0,1,1,0,1,0,0,0,0,0
20964,,10,1,1,2,1,1,2,9,0.202165,0.207447,0,0
21678,,10,1,1,2,1,1,2,9,0.202165,0.207447,0,0
11091,,19,2,2,4,2,2,4,9,0.22445,0.231847,320.049078,0.333333
12042,,19,1,0,1,1,0,1,0,0,0,0,0
6868,,19,5,12,17,5,12,17,9,0.224493,0.232166,124856.545299,0.108974
12821,,19,1,0,1,1,0,1,0,0,0,0,0
7985,,19,3,2,5,3,2,5,9,0.22445,0.231847,2.966779,0.666667
14768,,10,3,7,10,3,7,10,8,0.249725,0.258981,32877.131832,0.125
15768,,19,2,3,5,2,3,5,9,0.225183,0.232788,33.81303,0.75
22983,,19,1,1,2,1,1,2,9,0.224448,0.231821,0,0
12280,,19,1,1,2,1,1,2,9,0.224448,0.231821,0,0
23915,,19,1,0,1,1,0,1,0,0,0,0,0
18166,,19,3,1,4,3,1,4,9,0.224448,0.231821,0,1
24440,,19,1,0,1,1,0,1,0,0,0,0,0
23027,,19,2,1,3,2,1,3,9,0.224448,0.231821,0,1
11744,,19,2,1,3,2,1,3,9,0.224448,0.231821,0,1
35378,,19,1,1,2,1,1,2,9,0.224448,0.231821,0,0
684,,8,3,2,5,3,2,5,8,0.234233,0.242138,112.16033,0.05
5778,,2,1,2,3,1,2,3,8,0.261487,0.272609,20347.555168,0
26609,,15,3,2,5,3,2,5,9,0.215568,0.221349,164.862609,0.333333
3587,,10,14,16,30,14,16,30,8,0.278088,0.29106,53476.792149,0.119658
4440,,10,5,8,13,5,8,13,8,0.257249,0.267758,7309.882531,0.254545
4637,,10,5,4,9,5,4,9,9,0.241081,0.249825,26444.473929,0.196429
8033,,10,4,3,7,4,3,7,8,0.239578,0.24795,779.970894,0.4
7314,,10,4,10,14,4,10,14,8,0.264748,0.277115,1806.776138,0.25
10088,,10,2,1,3,2,1,3,8,0.238966,0.247042,697.486951,0.333333
4335,,10,2,2,4,2,2,4,8,0.240514,0.248728,5.245994,0.583333
8573,,10,1,2,3,1,2,3,9,0.232713,0.240778,0,1
12844,,10,1,0,1,1,0,1,0,0,0,0,0
14998,,11,3,6,9,3,6,9,8,0.271777,0.284683,3411.403216,0.404762
4765,,10,9,6,15,9,6,15,8,0.24941,0.258668,13542.260886,0.24359
19316,,10,4,3,7,4,3,7,9,0.241022,0.249789,2271.921744,0.166667
17780,,10,1,1,2,1,1,2,9,0.214373,0.22077,0,1
10801,,10,12,8,20,12,8,20,8,0.243955,0.252889,20813.192436,0.346154
28630,,10,2,2,4,2,2,4,9,0.231847,0.239751,880.370502,0.166667
17745,,10,2,2,4,2,2,4,9,0.225973,0.232708,335.38046,0.083333
31128,,10,2,2,4,2,2,4,8,0.239209,0.24739,4.062121,0.833333
4259,,8,1,3,4,1,3,4,8,0.240557,0.24874,572.000289,0.5
7609,,8,6,0,6,6,0,6,0,0,0,0,0.066667
10210,,0,2,0,2,2,0,2,0,0,0,0,0
14555,,8,1,0,1,1,0,1,0,0,0,0,0
15556,,8,1,1,2,1,1,2,9,0.2161,0.222449,0,0
21494,,8,1,1,2,1,1,2,8,0.262753,0.273463,0,1
22359,,8,1,0,1,1,0,1,0,0,0,0,0
22741,,8,2,0,2,2,0,2,0,0,0,0,1
16734,,8,6,8,14,6,8,14,8,0.243541,0.252698,84827.696934,0.089744
29536,,8,2,3,5,2,3,5,8,0.264043,0.275006,2828.449083,0.5
30407,,8,7,7,14,7,7,14,8,0.237166,0.245665,44631.288178,0.113636
34352,,8,3,0,3,3,0,3,0,0,0,0,0.166667
35146,,8,1,0,1,1,0,1,0,0,0,0,0
2375,,11,1,0,1,1,0,1,0,0,0,0,0
1566,,11,3,3,6,3,3,6,9,0.228871,0.236929,1.5,0.583333
6210,,11,1,1,2,1,1,2,9,0.228862,0.236867,0,0
2641,,11,5,4,9,5,4,9,9,0.228874,0.236955,44800.5,0.3
3228,,11,1,1,2,1,1,2,9,0.228862,0.236867,0,0
6480,,11,5,5,10,5,5,10,8,0.251322,0.260759,45580.653961,0.160714
10322,,11,1,1,2,1,1,2,8,0.251379,0.261448,0,1
12067,,11,5,22,27,5,22,27,8,0.272517,0.286382,105608.902301,0.111667
2946,,11,3,2,5,3,2,5,9,0.228868,0.236902,0,1
17743,,11,6,7,13,6,7,13,8,0.241269,0.251129,35370.945318,0.1
23695,,11,2,0,2,2,0,2,0,0,0,0,0
19305,,6,2,9,11,2,9,11,8,0.247926,0.257654,1872.195394,0.127273
33823,,11,1,0,1,1,0,1,0,0,0,0,0
28391,,10,3,5,8,3,5,8,8,0.25192,0.261389,45333.969451,0.125
17731,,11,8,4,12,8,4,12,8,0.272825,0.28479,9968.992713,0.222222
693,,19,1,6,7,1,6,7,8,0.265968,0.277536,6475.472687,0.233333
695,,5,3,3,6,3,3,6,8,0.240646,0.249589,2234.707695,0.166667
4418,,5,4,4,8,4,4,8,9,0.237522,0.246147,2641.385352,0.196429
6152,,5,3,0,3,3,0,3,0,0,0,0,0
696,,6,0,1,1,0,1,1,12,0.133072,0.134495,0,0
697,,9,0,3,3,0,3,3,9,0.220122,0.227154,0,0.333333
3580,,16,1,0,1,1,0,1,0,0,0,0,0
16670,,16,1,0,1,1,0,1,0,0,0,0,0
11400,,8,2,4,6,2,4,6,8,0.261628,0.272858,26511.688781,0.066667
26289,,7,4,10,14,4,10,14,8,0.266257,0.277514,1258.028183,0.225275
29264,,16,1,0,1,1,0,1,0,0,0,0,0
31035,,16,1,1,2,1,1,2,10,0.184688,0.188658,25976.178621,0
3626,,15,1,0,1,1,0,1,0,0,0,0,0
17432,,15,1,0,1,1,0,1,0,0,0,0,0
17286,,11,1,2,3,1,2,3,9,0.223648,0.230689,13.661244,0
3940,,10,4,3,7,4,3,7,8,0.244446,0.253763,39445.702817,0.047619
1831,,0,5,9,14,5,9,14,8,0.252035,0.262453,79020.256117,0.064103
2079,,0,4,7,11,4,7,11,8,0.266092,0.277555,72997.409079,0.081818
6664,,7,2,3,5,2,3,5,8,0.245232,0.253547,172.822064,0.083333
8403,,8,3,5,8,3,5,8,8,0.25262,0.261704,541.544875,0.2
21677,,1,2,0,2,2,0,2,0,0,0,0,0
704,,11,0,1,1,0,1,1,9,0.224417,0.232139,0,0
9460,,11,2,4,6,2,4,6,8,0.267308,0.279424,26017.615425,0.133333
20930,,11,4,4,8,4,4,8,8,0.239901,0.247384,52518.912402,0.142857
7622,,11,8,6,14,8,6,14,8,0.268494,0.281735,7430.815406,0.126374
20544,,11,3,1,4,3,1,4,9,0.187055,0.191076,432.44651,0
33181,,5,3,2,5,3,2,5,8,0.255976,0.266212,1417.064289,0
33410,,2,1,1,2,1,1,2,8,0.261476,0.272569,0,0.5
1457,,11,2,11,13,2,11,13,8,0.274904,0.288676,990.428028,0.310606
22992,,11,3,8,11,3,8,11,8,0.251978,0.262427,26139.781806,0.430556
2569,,5,1,0,1,1,0,1,0,0,0,0,0
3938,,5,1,0,1,1,0,1,0,0,0,0,0
6260,,11,8,12,20,8,12,20,8,0.279778,0.293969,124858.3393,0.101307
4940,,15,12,7,19,12,7,19,8,0.233622,0.24131,56208.909365,0.058824
9870,,5,1,1,2,1,1,2,8,0.231922,0.239823,0,0
20045,,5,2,0,2,2,0,2,0,0,0,0,0
20337,,5,1,0,1,1,0,1,0,0,0,0,0
20346,,5,1,0,1,1,0,1,0,0,0,0,0
14016,,10,2,0,2,2,0,2,0,0,0,0,0
30571,,11,4,3,7,4,3,7,8,0.236398,0.244829,50942.172706,0.05
9525,,5,2,4,6,2,4,6,8,0.243299,0.251768,26302.470897,0.15
32430,,5,1,0,1,1,0,1,0,0,0,0,0
25275,,5,3,7,10,3,7,10,8,0.263769,0.274684,72881.625755,0.055556
4993,,5,3,5,8,3,5,8,8,0.257753,0.268109,31067.44675,0.142857
24909,,5,2,1,3,2,1,3,8,0.231922,0.239823,18826,0
17474,,8,3,28,31,3,28,31,7,0.296314,0.313693,64811.71609,0.212903
1995,,5,18,29,47,18,29,47,8,0.288159,0.30324,124898.766925,0.136975
6436,,7,6,12,18,6,12,18,8,0.273379,0.286152,28493.865086,0.120915
13799,,8,1,0,1,1,0,1,0,0,0,0,0
14420,,8,1,0,1,1,0,1,0,0,0,0,0
27822,,10,1,0,1,1,0,1,0,0,0,0,0
9726,,10,4,7,11,4,7,11,8,0.255479,0.266431,55551.482852,0.136364
10746,,0,1,0,1,1,0,1,0,0,0,0,0
14272,,0,1,0,1,1,0,1,0,0,0,0,0
21853,,0,1,0,1,1,0,1,0,0,0,0,0
711,,11,0,1,1,0,1,1,8,0.232249,0.239663,0,0
1159,,11,1,0,1,1,0,1,0,0,0,0,0
1171,,11,3,3,6,3,3,6,8,0.232253,0.23972,44844.382378,0.1
12784,,2,6,4,10,6,4,10,8,0.262087,0.273295,188312.998005,0.069444
18597,,11,1,0,1,1,0,1,0,0,0,0,0
17065,,8,1,3,4,1,3,4,8,0.233872,0.241629,0,0.5
20329,,11,1,0,1,1,0,1,0,0,0,0,0
21669,,11,1,0,1,1,0,1,0,0,0,0,0
22772,,11,10,7,17,10,7,17,8,0.262871,0.274441,34962.152636,0.022059
25541,,15,1,1,2,1,1,2,10,0.179155,0.182313,3.240539,0
30297,,11,1,1,2,1,1,2,8,0.232242,0.23965,0,0
31698,,11,1,0,1,1,0,1,0,0,0,0,0
12244,,11,3,2,5,3,2,5,9,0.230861,0.239193,26170.101656,0.05
23229,,11,1,3,4,1,3,4,8,0.245306,0.255639,124.110113,0.083333
7198,,11,1,1,2,1,1,2,8,0.232414,0.240732,0,1
714,,7,0,4,4,0,4,4,9,0.218603,0.224901,0,0.166667
11484,,5,3,1,4,3,1,4,9,0.21772,0.22415,12.113141,0.166667
716,,10,0,2,2,0,2,2,8,0.232806,0.240667,0,0
9649,,8,1,0,1,1,0,1,0,0,0,0,0
11903,,8,3,3,6,3,3,6,8,0.264351,0.276,37705.181421,0.133333
2717,,7,7,7,14,7,7,14,8,0.271561,0.284353,3427.354378,0.265152
4861,,7,1,0,1,1,0,1,0,0,0,0,0
7757,,7,4,0,4,4,0,4,0,0,0,0,0.25
10244,,7,2,0,2,2,0,2,0,0,0,0,0.5
11693,,8,2,3,5,2,3,5,8,0.232543,0.240745,721.989593,0.25
13039,,7,2,1,3,2,1,3,10,0.166767,0.169386,25974,0
15194,,7,2,0,2,2,0,2,0,0,0,0,0
911,,7,2,2,4,2,2,4,8,0.24841,0.257511,0,0.833333
19982,,7,1,0,1,1,0,1,0,0,0,0,0
22864,,7,1,0,1,1,0,1,0,0,0,0,0
23135,,7,1,0,1,1,0,1,0,0,0,0,0
24792,,7,1,0,1,1,0,1,0,0,0,0,0
11728,,16,2,0,2,2,0,2,0,0,0,0,0
26492,,7,1,1,2,1,1,2,9,0.207579,0.212991,0,1
11211,,8,8,17,25,8,17,25,8,0.26569,0.278227,124564.062199,0.068421
10805,,8,6,2,8,6,2,8,8,0.247949,0.256906,2250.772948,0.071429
30998,,7,1,0,1,1,0,1,0,0,0,0,0
32393,,7,2,0,2,2,0,2,0,0,0,0,1
8787,,8,1,1,2,1,1,2,9,0.213602,0.21945,303.837551,0
2320,,7,2,6,8,2,6,8,8,0.253078,0.263436,784.084227,0.238095
35097,,7,2,0,2,2,0,2,0,0,0,0,1
34658,,8,2,4,6,2,4,6,9,0.23029,0.237832,4232.46726,0.2
721,,8,6,2,8,6,2,8,1,1,1,359.405579,0.035714
722,,24,0,7,7,0,7,7,8,0.262532,0.273895,0,0.166667
2919,,24,2,2,4,2,2,4,9,0.216263,0.222536,18828,0.083333
33938,,24,4,0,4,4,0,4,0,0,0,0,0.083333
723,,12,1,5,6,1,5,6,8,0.237488,0.245789,2.333333,0.45
925,,12,1,3,4,1,3,4,8,0.237473,0.245709,0,0.666667
9699,,12,1,1,2,1,1,2,9,0.200697,0.205965,0,0.5
725,,15,3,2,5,3,2,5,9,0.227194,0.234615,1092.753088,0
7619,,15,1,0,1,1,0,1,0,0,0,0,0
8649,,15,1,0,1,1,0,1,0,0,0,0,0
14028,,6,5,2,7,5,2,7,8,0.247398,0.256768,6726.899359,0.095238
14218,,15,3,0,3,3,0,3,0,0,0,0,0.333333
26472,,10,2,0,2,2,0,2,0,0,0,0,0
7093,,15,6,9,15,6,9,15,8,0.233942,0.242546,35402.41251,0.136364
28645,,15,1,0,1,1,0,1,0,0,0,0,0
29258,,15,1,0,1,1,0,1,0,0,0,0,0
17011,,15,1,0,1,1,0,1,0,0,0,0,0
18812,,15,1,0,1,1,0,1,0,0,0,0,0
5594,,8,1,3,4,1,3,4,8,0.247314,0.257078,3065.81057,0.166667
729,,11,3,3,6,3,3,6,9,0.229728,0.237119,377.521244,0.35
11334,,11,3,5,8,3,5,8,9,0.226672,0.23388,79336.95202,0.142857
11395,,11,1,0,1,1,0,1,0,0,0,0,0
3504,,11,3,10,13,3,10,13,8,0.269779,0.281862,19511.49451,0.136364
22033,,11,1,0,1,1,0,1,0,0,0,0,0
1598,,0,7,9,16,7,9,16,8,0.264418,0.27557,85586.120415,0.032967
23011,,11,1,0,1,1,0,1,0,0,0,0,0
11590,,11,2,2,4,2,2,4,9,0.226655,0.233774,25974,0.5
23904,,11,1,1,2,1,1,2,9,0.22665,0.233739,0,0
25946,,11,2,0,2,2,0,2,0,0,0,0,1
9820,,11,1,1,2,1,1,2,9,0.22665,0.233739,0,0
31697,,11,1,0,1,1,0,1,0,0,0,0,0
737,,9,3,3,6,3,3,6,9,0.199854,0.205156,25148.970929,0.066667
12770,,16,16,27,43,16,27,43,7,0.292866,0.308359,194974.075154,0.07622
15307,,10,1,0,1,1,0,1,0,0,0,0,0
5441,,10,4,21,25,4,21,25,8,0.277146,0.290269,124743.317455,0.05336
20559,,10,1,1,2,1,1,2,10,0.191537,0.196264,2314.419646,0
1830,,7,1,0,1,1,0,1,0,0,0,0,0
8591,,7,1,1,2,1,1,2,1,1,1,25976,0
9098,,7,1,0,1,1,0,1,0,0,0,0,0
13589,,7,2,0,2,2,0,2,0,0,0,0,0.5
18433,,7,1,0,1,1,0,1,0,0,0,0,0
10768,,7,1,1,2,1,1,2,9,0.193695,0.197883,25974,0.5
20261,,9,2,0,2,2,0,2,0,0,0,0,0
22094,,7,1,0,1,1,0,1,0,0,0,0,0
13098,,7,3,4,7,3,4,7,8,0.25299,0.26275,17436.991736,0.166667
17446,,9,1,4,5,1,4,5,8,0.239036,0.247184,15.304456,0.25
16488,,9,1,7,8,1,7,8,8,0.251047,0.260775,10440.599748,0.107143
29498,,7,1,0,1,1,0,1,0,0,0,0,0
16959,,16,5,4,9,5,4,9,8,0.263315,0.274698,224.263,0.433333
10610,,5,1,0,1,1,0,1,0,0,0,0,0
10498,,5,4,9,13,4,9,13,8,0.256954,0.26742,1637.262563,0.166667
13224,,5,3,0,3,3,0,3,0,0,0,0,0.166667
15292,,5,1,0,1,1,0,1,0,0,0,0,0
25855,,5,1,0,1,1,0,1,0,0,0,0,0
26088,,5,2,3,5,2,3,5,8,0.245223,0.25386,250.552122,0
28846,,5,1,0,1,1,0,1,0,0,0,0,0
29807,,5,1,0,1,1,0,1,0,0,0,0,0
18667,,7,7,1,8,7,1,8,9,0.210405,0.21615,68.512643,0.095238
12351,,8,1,0,1,1,0,1,0,0,0,0,0
12388,,8,1,0,1,1,0,1,0,0,0,0,0
741,,6,0,2,2,0,2,2,8,0.256715,0.267688,0,1
743,,16,1,0,1,1,0,1,0,0,0,0,0
7594,,16,2,3,5,2,3,5,9,0.211134,0.217264,484.036717,0.15
5922,,16,9,2,11,9,2,11,9,0.198895,0.203557,62036.192526,0.027273
12440,,16,2,0,2,2,0,2,0,0,0,0,0.5
10284,,16,1,2,3,1,2,3,9,0.227722,0.234994,256.277775,0
18600,,16,1,2,3,1,2,3,9,0.202052,0.207101,1193.314755,0
22154,,16,3,2,5,3,2,5,1,1,1,25978.5,0.15
22949,,16,1,0,1,1,0,1,0,0,0,0,0
22153,,16,1,2,3,1,2,3,9,0.202052,0.207101,0,0.5
16710,,7,2,4,6,2,4,6,8,0.255022,0.265341,345.773024,0.233333
745,,7,2,6,8,2,6,8,8,0.273296,0.286127,45079.151161,0.214286
20157,,7,1,0,1,1,0,1,0,0,0,0,0
12510,,8,3,0,3,3,0,3,0,0,0,0,0
15022,,15,1,0,1,1,0,1,0,0,0,0,0
15088,,15,1,0,1,1,0,1,0,0,0,0,0
3660,,15,7,6,13,7,6,13,8,0.23217,0.240577,60290.163574,0.030303
2720,,13,5,5,10,5,5,10,9,0.239889,0.248725,10329.744304,0.077778
4767,,15,3,6,9,3,6,9,8,0.26415,0.275176,19326.671726,0.166667
30301,,15,1,0,1,1,0,1,0,0,0,0,0
4288,,11,1,1,2,1,1,2,8,0.246108,0.255042,0,0
2419,,11,2,3,5,2,3,5,8,0.246149,0.255166,25974,0.583333
5846,,5,3,2,5,3,2,5,8,0.273463,0.285087,1639.304715,0.25
7293,,11,4,5,9,4,5,9,8,0.246983,0.255991,73.563287,0.4
7535,,11,1,0,1,1,0,1,0,0,0,0,0
8183,,11,1,0,1,1,0,1,0,0,0,0,0
3970,,11,15,18,33,15,18,33,8,0.260139,0.271619,132818.966925,0.099638
10034,,11,2,2,4,2,2,4,8,0.246143,0.25513,0,1
14022,,11,1,0,1,1,0,1,0,0,0,0,0
14253,,11,1,0,1,1,0,1,0,0,0,0,0
10973,,11,4,5,9,4,5,9,8,0.246481,0.255571,16451.379911,0.3
16752,,11,1,0,1,1,0,1,0,0,0,0,0
16685,,11,1,1,2,1,1,2,8,0.246108,0.255042,0,0
17080,,11,1,0,1,1,0,1,0,0,0,0,0
20785,,11,1,0,1,1,0,1,0,0,0,0,0
19104,,11,5,6,11,5,6,11,8,0.262449,0.273135,21381.292073,0.380952
19567,,11,3,2,5,3,2,5,8,0.248949,0.258671,0,0.666667
22164,,11,2,2,4,2,2,4,8,0.246143,0.25513,0,1
22384,,11,3,4,7,3,4,7,8,0.246153,0.255192,18835.432442,0.4
24094,,11,1,1,2,1,1,2,8,0.246108,0.255042,0,0
22248,,11,1,1,2,1,1,2,8,0.246108,0.255042,0,0
24827,,11,4,2,6,4,2,6,8,0.246143,0.25513,3.275115,0.583333
25096,,11,1,0,1,1,0,1,0,0,0,0,0
25874,,11,1,0,1,1,0,1,0,0,0,0,0
4911,,11,3,4,7,3,4,7,8,0.25434,0.265169,2826.812606,0.357143
27866,,11,1,0,1,1,0,1,0,0,0,0,0
28134,,11,2,1,3,2,1,3,9,0.207891,0.213026,0,1
10233,,11,1,1,2,1,1,2,8,0.246108,0.255042,0,0
29175,,11,1,0,1,1,0,1,0,0,0,0,0
23981,,11,6,6,12,6,6,12,8,0.253307,0.263898,47608.511518,0.160714
31208,,11,1,0,1,1,0,1,0,0,0,0,0
31360,,11,1,0,1,1,0,1,0,0,0,0,0
31814,,11,1,0,1,1,0,1,0,0,0,0,0
31921,,11,1,0,1,1,0,1,0,0,0,0,0
31660,,11,4,3,7,4,3,7,8,0.246146,0.255157,18829.644147,0.3
34217,,11,1,0,1,1,0,1,0,0,0,0,0
34602,,11,2,1,3,2,1,3,8,0.246108,0.255042,0,1
2397,,11,1,0,1,1,0,1,0,0,0,0,0
3819,,11,1,0,1,1,0,1,0,0,0,0,0
18275,,11,1,0,1,1,0,1,0,0,0,0,0
28834,,11,1,0,1,1,0,1,0,0,0,0,0
32231,,11,1,0,1,1,0,1,0,0,0,0,0
750,,15,10,6,16,10,6,16,8,0.238781,0.247455,88858.23794,0.07619
13419,,15,1,0,1,1,0,1,0,0,0,0,0
16665,,15,2,0,2,2,0,2,0,0,0,0,1
4650,,15,1,1,2,1,1,2,9,0.21451,0.221387,235.495405,0
20591,,15,2,0,2,2,0,2,0,0,0,0,0
5802,,15,1,0,1,1,0,1,0,0,0,0,0
6704,,15,1,0,1,1,0,1,0,0,0,0,0
9668,,15,3,2,5,3,2,5,8,0.236472,0.24449,13.198144,0.833333
11917,,15,1,0,1,1,0,1,0,0,0,0,0
995,,15,18,17,35,18,17,35,8,0.270135,0.282338,283599.765271,0.063218
12412,,15,2,0,2,2,0,2,0,0,0,0,0
2374,,15,5,3,8,5,3,8,9,0.216093,0.222713,23903.673727,0.321429
13537,,15,1,0,1,1,0,1,0,0,0,0,0
13566,,15,2,1,3,2,1,3,9,0.214507,0.221384,2563.025397,0.166667
1910,,15,9,9,18,9,9,18,8,0.257763,0.26831,78391.602228,0.070513
12261,,15,4,5,9,4,5,9,8,0.249457,0.259091,15567.37138,0.160714
16334,,15,4,0,4,4,0,4,0,0,0,0,0.416667
3543,,15,4,10,14,4,10,14,8,0.250819,0.260199,45445.539128,0.227273
13726,,15,2,1,3,2,1,3,9,0.200066,0.204368,7.248239,0.5
18631,,15,1,3,4,1,3,4,9,0.229678,0.237479,140.955723,0.5
9331,,15,4,7,11,4,7,11,8,0.24296,0.25214,27181.871762,0.196429
1909,,15,5,5,10,5,5,10,8,0.238793,0.247248,353.659049,0.214286
20622,,15,1,1,2,1,1,2,9,0.20796,0.213411,0,1
21045,,15,1,0,1,1,0,1,0,0,0,0,0
21251,,15,1,0,1,1,0,1,0,0,0,0,0
22063,,15,5,4,9,5,4,9,8,0.240137,0.249043,4355.426769,0.285714
15629,,15,4,2,6,4,2,6,8,0.236386,0.244373,33879.171109,0.05
22528,,15,1,3,4,1,3,4,9,0.215585,0.222715,3100.829091,0.083333
24405,,15,2,1,3,2,1,3,9,0.211757,0.217786,0,1
24498,,15,1,0,1,1,0,1,0,0,0,0,0
17779,,15,1,3,4,1,3,4,8,0.272414,0.28402,83.347452,0.416667
10141,,15,2,3,5,2,3,5,8,0.240213,0.248812,220.009963,0.083333
17592,,15,2,2,4,2,2,4,9,0.214529,0.221452,141.765247,0.333333
11867,,15,1,1,2,1,1,2,8,0.236255,0.244191,0,0
27589,,0,7,0,7,7,0,7,0,0,0,0,0.214286
28399,,15,1,0,1,1,0,1,0,0,0,0,0
28527,,15,1,0,1,1,0,1,0,0,0,0,0
7742,,15,1,1,2,1,1,2,9,0.214646,0.220258,1241.226364,0
30354,,15,1,0,1,1,0,1,0,0,0,0,0
864,,15,7,4,11,7,4,11,9,0.216495,0.223171,67832.103829,0.122222
23409,,15,3,1,4,3,1,4,8,0.234452,0.242726,1856.048011,0.5
31986,,15,1,1,2,1,1,2,9,0.214507,0.221384,140.955723,0
34124,,15,2,0,2,2,0,2,0,0,0,0,1
29178,,15,3,2,5,3,2,5,8,0.236763,0.2448,220.72195,0.5
990,,7,3,0,3,3,0,3,0,0,0,0,0
6169,,7,7,2,9,7,2,9,8,0.23799,0.246134,21236.588093,0.013889
16434,,9,6,3,9,6,3,9,9,0.217182,0.223629,116149.817103,0.027778
5214,,10,2,4,6,2,4,6,8,0.265724,0.277517,26197.466957,0.266667
6665,,8,3,0,3,3,0,3,0,0,0,0,0.166667
8958,,8,1,5,6,1,5,6,8,0.249655,0.259962,29781.586078,0.166667
9217,,10,1,0,1,1,0,1,0,0,0,0,0
9218,,10,3,8,11,3,8,11,8,0.235487,0.244035,12310.220796,0.088889
11784,,10,1,0,1,1,0,1,0,0,0,0,0
9076,,8,6,2,8,6,2,8,8,0.221014,0.227482,21172.346658,0.035714
14203,,17,1,1,2,1,1,2,1,1,1,26.800047,0
8061,,8,2,6,8,2,6,8,8,0.26869,0.280306,1095.292074,0.142857
9790,,16,1,1,2,1,1,2,1,1,1,687.689771,0
10981,,10,3,6,9,3,6,9,8,0.26751,0.279301,29776.153138,0.166667
22908,,10,4,8,12,4,8,12,8,0.245786,0.255391,32709.194985,0.111111
25746,,10,4,2,6,4,2,6,8,0.257961,0.269244,896.901118,0.3
26523,,10,2,0,2,2,0,2,0,0,0,0,0
6920,,8,7,8,15,7,8,15,8,0.268337,0.280256,46989.078626,0.064103
13069,,10,3,2,5,3,2,5,9,0.215218,0.221397,18995.820555,0.15
32236,,10,1,0,1,1,0,1,0,0,0,0,0
32451,,0,1,0,1,1,0,1,0,0,0,0,0
32820,,0,2,1,3,2,1,3,9,0.20596,0.211604,0,1
34131,,0,1,2,3,1,2,3,9,0.205962,0.211631,0,1
9321,,0,1,0,1,1,0,1,0,0,0,0,0
17367,,2,1,2,3,1,2,3,8,0.261687,0.272809,1184.181636,0
1986,,10,6,4,10,6,4,10,8,0.24695,0.256267,21809.844675,0.214286
7416,,11,1,0,1,1,0,1,0,0,0,0,0
7553,,11,7,5,12,7,5,12,8,0.24733,0.257974,200597.106632,0.25
11381,,11,1,0,1,1,0,1,0,0,0,0,0
12016,,15,3,0,3,3,0,3,0,0,0,0,0.166667
4783,,11,11,12,23,11,12,23,8,0.25721,0.268429,124813.247446,0.121429
13835,,10,1,3,4,1,3,4,9,0.235717,0.244086,173.394735,0.666667
17124,,11,1,0,1,1,0,1,0,0,0,0,0
17156,,11,2,1,3,2,1,3,9,0.232949,0.24122,122.848993,0
7392,,11,2,1,3,2,1,3,8,0.239855,0.247708,0,0.666667
20546,,11,3,1,4,3,1,4,9,0.232949,0.24122,0,0.333333
12446,,11,4,3,7,4,3,7,8,0.246088,0.256278,3315.254748,0.066667
19447,,11,1,3,4,1,3,4,8,0.244069,0.253783,157.124722,0.333333
21128,,11,2,0,2,2,0,2,0,0,0,0,1
7764,,11,1,2,3,1,2,3,8,0.236561,0.246014,77917,0.333333
22789,,11,7,4,11,7,4,11,8,0.238403,0.247372,45526.26794,0.166667
24364,,11,1,0,1,1,0,1,0,0,0,0,0
25878,,8,3,0,3,3,0,3,0,0,0,0,0
3390,,11,4,2,6,4,2,6,9,0.217737,0.224183,26099.233949,0
21087,,11,3,2,5,3,2,5,9,0.233849,0.24234,315.702178,0.333333
27151,,8,1,0,1,1,0,1,0,0,0,0,0
28845,,8,1,2,3,1,2,3,9,0.231397,0.23911,25987.213652,0
31581,,8,1,0,1,1,0,1,0,0,0,0,0
34396,,8,1,0,1,1,0,1,0,0,0,0,0
4668,,8,3,1,4,3,1,4,9,0.208342,0.214183,165.649671,0
768,,11,1,1,2,1,1,2,8,0.235172,0.242591,0,0
1014,,11,2,1,3,2,1,3,8,0.235172,0.242591,0,1
3976,,11,1,2,3,1,2,3,8,0.235175,0.242618,0,1
15317,,11,1,0,1,1,0,1,0,0,0,0,0
22410,,11,1,1,2,1,1,2,8,0.235172,0.242591,0,0
769,,1,1,1,2,1,1,2,8,0.231853,0.238753,5.255065,0
3640,,0,6,1,7,6,1,7,1,1,1,256.713211,0.095238
22184,,8,1,0,1,1,0,1,0,0,0,0,0
32600,,8,1,0,1,1,0,1,0,0,0,0,0
6844,,10,1,3,4,1,3,4,9,0.23318,0.241329,968.823612,0.333333
772,,8,2,3,5,2,3,5,9,0.233559,0.241775,18826,0.333333
11155,,5,1,0,1,1,0,1,0,0,0,0,0
5478,,6,9,5,14,9,5,14,9,0.223874,0.231298,30083.691984,0.098901
5226,,5,5,10,15,5,10,15,8,0.246847,0.256066,87476.42157,0.044872
6512,,5,5,6,11,5,6,11,9,0.221219,0.228454,19999.197319,0.194444
7370,,5,9,7,16,9,7,16,8,0.264284,0.275478,27610.996211,0.166667
7829,,5,2,3,5,2,3,5,8,0.223168,0.23038,242.778736,0.35
8725,,8,5,1,6,5,1,6,8,0.223964,0.231181,395.510081,0.25
35684,,5,1,0,1,1,0,1,0,0,0,0,0
7489,,5,3,3,6,3,3,6,8,0.23252,0.23959,877.278033,0.1
33248,,15,8,0,8,8,0,8,0,0,0,0,0.660714
33249,,15,6,10,16,6,10,16,8,0.231497,0.239795,0,0.509091
14469,,15,6,11,17,6,11,17,8,0.233417,0.242052,169.887676,0.439394
26580,,15,8,0,8,8,0,8,0,0,0,0,0.642857
33250,,15,6,10,16,6,10,16,8,0.231497,0.239795,0,0.509091
11191,,5,4,5,9,4,5,9,8,0.240967,0.249083,993.708973,0.142857
776,,8,0,1,1,0,1,1,10,0.189345,0.193596,0,0
777,,6,0,1,1,0,1,1,9,0.218454,0.225285,0,0
778,,10,0,3,3,0,3,3,8,0.248827,0.257993,0,1
6737,,16,1,0,1,1,0,1,0,0,0,0,0
6918,,16,9,2,11,9,2,11,8,0.241368,0.249755,20479.947197,0.163636
28759,,16,1,0,1,1,0,1,0,0,0,0,0
11648,,1,1,0,1,1,0,1,0,0,0,0,0
9706,,1,1,1,2,1,1,2,9,0.225456,0.232194,0,0
3418,,8,2,0,2,2,0,2,0,0,0,0,1
6303,,8,2,0,2,2,0,2,0,0,0,0,0
1992,,8,7,5,12,7,5,12,8,0.250219,0.259775,30170.787053,0.127273
10011,,8,1,0,1,1,0,1,0,0,0,0,0
10332,,8,1,2,3,1,2,3,8,0.240806,0.249311,64.768242,0
10492,,8,3,1,4,3,1,4,8,0.236808,0.244748,1290.380488,0.166667
10598,,0,2,0,2,2,0,2,0,0,0,0,0
10599,,8,1,0,1,1,0,1,0,0,0,0,0
10115,,8,1,1,2,1,1,2,8,0.236808,0.244748,0,0
11209,,8,1,0,1,1,0,1,0,0,0,0,0
10354,,8,1,1,2,1,1,2,8,0.236808,0.244748,0,0
11640,,8,1,0,1,1,0,1,0,0,0,0,0
11899,,15,1,1,2,1,1,2,9,0.201827,0.206934,64.838107,0
12149,,8,3,1,4,3,1,4,8,0.236808,0.244748,18826,0.333333
13111,,8,1,0,1,1,0,1,0,0,0,0,0
14445,,8,1,0,1,1,0,1,0,0,0,0,0
15076,,8,1,0,1,1,0,1,0,0,0,0,0
16655,,24,1,1,2,1,1,2,9,0.231747,0.239909,0,0.5
17867,,8,2,0,2,2,0,2,0,0,0,0,0
10709,,7,3,2,5,3,2,5,8,0.2795,0.292266,427.449178,0.3
21351,,8,1,0,1,1,0,1,0,0,0,0,0
5890,,8,3,2,5,3,2,5,9,0.200072,0.204405,18832.775041,0.1
16624,,8,1,2,3,1,2,3,8,0.236871,0.244894,56.0764,0
5850,,8,1,1,2,1,1,2,9,0.200145,0.204878,0,1
28538,,3,1,2,3,1,2,3,8,0.24275,0.251697,0,0.5
6220,,8,4,1,5,4,1,5,9,0.2125,0.218571,1289.51913,0.1
9114,,15,1,3,4,1,3,4,9,0.226095,0.234232,243.156084,0.333333
6860,,8,3,13,16,3,13,16,8,0.254299,0.266326,4223.735405,0.203297
28450,,8,1,0,1,1,0,1,0,0,0,0,0
2021,,8,2,4,6,2,4,6,9,0.234507,0.242782,78459.163236,0
3961,,8,3,4,7,3,4,7,8,0.244252,0.253666,2340.006767,0.25
7550,,10,1,1,2,1,1,2,9,0.210497,0.216305,0,0.5
7682,,8,1,1,2,1,1,2,9,0.21992,0.226039,34.641294,0
5003,,0,4,4,8,4,4,8,9,0.223078,0.230004,7458.155175,0.047619
10678,,8,3,2,5,3,2,5,8,0.243167,0.252256,30.621187,0.666667
11637,,8,4,1,5,4,1,5,8,0.225986,0.233101,102.430053,0.2
7430,,24,3,2,5,3,2,5,10,0.185206,0.189355,7001.480377,0
13029,,8,2,1,3,2,1,3,8,0.263618,0.273991,716.993839,0.5
6673,,8,2,5,7,2,5,7,8,0.249087,0.258695,197.905412,0.214286
17355,,8,1,1,2,1,1,2,1,1,1,25976,0
1693,,8,2,6,8,2,6,8,8,0.248906,0.258616,1293.444182,0.309524
16270,,8,3,4,7,3,4,7,9,0.220429,0.227134,236.693124,0.1
9373,,6,8,17,25,8,17,25,8,0.263367,0.275418,60536.812143,0.111667
7617,,6,7,6,13,7,6,13,9,0.20945,0.215278,50241.804657,0.055556
8618,,1,3,0,3,3,0,3,0,0,0,0,0.333333
3551,,8,2,8,10,2,8,10,8,0.272127,0.284411,1529.612267,0.152778
18151,,8,7,3,10,7,3,10,9,0.229429,0.237261,26594.695295,0.319444
7477,,0,2,3,5,2,3,5,9,0.226176,0.233759,19129.45442,0.2
1313,,6,26,0,26,26,0,26,0,0,0,0,0.115385
34583,,8,1,0,1,1,0,1,0,0,0,0,0
3571,,7,17,35,52,17,35,52,8,0.28749,0.302293,139205.38394,0.060386
9678,,7,3,2,5,3,2,5,8,0.240158,0.249058,63.826746,0.333333
12231,,5,2,3,5,2,3,5,8,0.239773,0.248704,432.950369,0.333333
12504,,7,3,0,3,3,0,3,0,0,0,0,1
4322,,2,7,12,19,7,12,19,8,0.268601,0.281191,92171.100349,0.075
14911,,7,1,1,2,1,1,2,9,0.2233,0.229858,0,1
15645,,7,1,0,1,1,0,1,0,0,0,0,0
1023,,7,2,2,4,2,2,4,8,0.237957,0.246985,23699.956132,0.166667
17567,,7,3,4,7,3,4,7,8,0.267723,0.279272,110.161761,0.6
20911,,7,2,0,2,2,0,2,0,0,0,0,1
20912,,7,2,3,5,2,3,5,9,0.18562,0.190206,1793.816195,0.2
4021,,7,2,1,3,2,1,3,9,0.218681,0.225279,0,1
20007,,7,2,2,4,2,2,4,8,0.240158,0.249058,0,1
3715,,7,4,5,9,4,5,9,9,0.212179,0.218401,46434.491958,0.071429
20913,,7,2,1,3,2,1,3,10,0.164896,0.168023,276.830553,0.333333
20914,,7,2,0,2,2,0,2,0,0,0,0,1
20760,,7,2,3,5,2,3,5,8,0.258209,0.268627,560.090287,0.2
21413,,7,1,0,1,1,0,1,0,0,0,0,0
24217,,8,2,4,6,2,4,6,8,0.252268,0.262467,26099.432485,0.3
7368,,7,3,3,6,3,3,6,8,0.241452,0.250644,230.190716,0.5
30878,,7,1,0,1,1,0,1,0,0,0,0,0
31686,,7,1,0,1,1,0,1,0,0,0,0,0
33206,,7,1,1,2,1,1,2,8,0.237951,0.24695,0,0
32777,,10,1,3,4,1,3,4,8,0.252261,0.262432,0,0.5
33446,,7,1,0,1,1,0,1,0,0,0,0,0
32247,,7,1,2,3,1,2,3,8,0.225742,0.232813,0,1
785,,3,0,4,4,0,4,4,8,0.253514,0.263462,0,0.166667
786,,5,0,3,3,0,3,3,9,0.232349,0.239825,0,0.333333
787,,5,2,4,6,2,4,6,8,0.278256,0.291646,4884.5413,0.1
12001,,5,7,9,16,7,9,16,8,0.273145,0.285981,34060.86141,0.095238
789,,15,0,1,1,0,1,1,9,0.222815,0.230116,0,0
1525,,21,1,1,2,1,1,2,1,1,1,454.420495,0
1834,,16,1,0,1,1,0,1,0,0,0,0,0
2478,,16,2,1,3,2,1,3,1,1,1,14961.601242,0.333333
4253,,16,1,0,1,1,0,1,0,0,0,0,0
7526,,16,1,0,1,1,0,1,0,0,0,0,0
3636,,8,2,4,6,2,4,6,8,0.26789,0.279295,2907.435006,0.1
10194,,16,1,0,1,1,0,1,0,0,0,0,0
10245,,16,1,0,1,1,0,1,0,0,0,0,0
10954,,16,5,2,7,5,2,7,10,0.179164,0.182357,30004.159161,0.095238
11186,,16,1,0,1,1,0,1,0,0,0,0,0
6489,,121,31,12,43,31,12,43,9,0.217202,0.223932,774063.718378,0.027665
13084,,16,1,0,1,1,0,1,0,0,0,0,0
13192,,0,2,0,2,2,0,2,0,0,0,0,0
13278,,16,1,0,1,1,0,1,0,0,0,0,0
14169,,16,1,0,1,1,0,1,0,0,0,0,0
14239,,16,1,0,1,1,0,1,0,0,0,0,0
14860,,16,1,0,1,1,0,1,0,0,0,0,0
14888,,16,1,0,1,1,0,1,0,0,0,0,0
15091,,16,3,0,3,3,0,3,0,0,0,0,0
15575,,16,1,2,3,1,2,3,9,0.227167,0.235187,1155.627231,0
15788,,16,3,4,7,3,4,7,8,0.263721,0.275626,22229.721077,0.1
13301,,16,1,3,4,1,3,4,8,0.245498,0.254133,4761.345841,0
17423,,16,1,0,1,1,0,1,0,0,0,0,0
18186,,16,1,0,1,1,0,1,0,0,0,0,0
18378,,16,1,0,1,1,0,1,0,0,0,0,0
18584,,16,1,0,1,1,0,1,0,0,0,0,0
19034,,16,1,1,2,1,1,2,8,0.236166,0.244732,858.366042,0
19761,,16,1,0,1,1,0,1,0,0,0,0,0
24071,,16,1,0,1,1,0,1,0,0,0,0,0
24256,,16,2,0,2,2,0,2,0,0,0,0,0
25191,,16,1,0,1,1,0,1,0,0,0,0,0
26964,,16,1,0,1,1,0,1,0,0,0,0,0
27351,,16,1,0,1,1,0,1,0,0,0,0,0
27366,,16,1,0,1,1,0,1,0,0,0,0,0
27538,,16,1,0,1,1,0,1,0,0,0,0,0
29045,,11,2,4,6,2,4,6,8,0.245153,0.255097,5770.803811,0.033333
29267,,16,1,0,1,1,0,1,0,0,0,0,0
29274,,16,2,0,2,2,0,2,0,0,0,0,0
32813,,16,2,0,2,2,0,2,0,0,0,0,0
33418,,16,1,0,1,1,0,1,0,0,0,0,0
31687,,16,4,1,5,4,1,5,1,1,1,25976,0.083333
6196,,16,3,0,3,3,0,3,0,0,0,0,0.5
10397,,16,1,1,2,1,1,2,9,0.211364,0.217133,0,0
11037,,16,1,1,2,1,1,2,1,1,1,42.216241,0
11452,,16,5,5,10,5,5,10,8,0.263212,0.27422,11607.28585,0.208333
13559,,16,1,0,1,1,0,1,0,0,0,0,0
14524,,16,2,4,6,2,4,6,9,0.227055,0.234487,624.600165,0.166667
15806,,16,2,2,4,2,2,4,8,0.235788,0.243986,2136.300153,0.166667
19787,,16,1,0,1,1,0,1,0,0,0,0,0
20111,,16,1,0,1,1,0,1,0,0,0,0,0
10955,,16,1,1,2,1,1,2,11,0.151948,0.1539,0,0.5
21873,,16,1,0,1,1,0,1,0,0,0,0,0
23837,,16,1,1,2,1,1,2,9,0.211364,0.217133,0,0
23838,,16,1,0,1,1,0,1,0,0,0,0,0
24025,,16,1,0,1,1,0,1,0,0,0,0,0
25212,,16,1,0,1,1,0,1,0,0,0,0,0
793,,6,3,0,3,3,0,3,0,0,0,0,0.166667
5450,,7,2,1,3,2,1,3,9,0.207896,0.213232,0,1
15961,,7,1,2,3,1,2,3,9,0.207898,0.213259,0,1
2690,,15,8,6,14,8,6,14,8,0.225602,0.233403,56820.089157,0.1
7595,,15,2,0,2,2,0,2,0,0,0,0,0
8384,,15,1,0,1,1,0,1,0,0,0,0,0
5670,,15,2,2,4,2,2,4,9,0.208987,0.214379,23864.779117,0.5
11449,,15,4,4,8,4,4,8,8,0.238286,0.247675,2365.170004,0.55
14713,,15,1,0,1,1,0,1,0,0,0,0,0
15381,,15,1,0,1,1,0,1,0,0,0,0,0
16667,,15,1,0,1,1,0,1,0,0,0,0,0
11757,,5,7,1,8,7,1,8,8,0.224976,0.232526,10765.06086,0.047619
16779,,15,1,2,3,1,2,3,8,0.233588,0.241866,360.510178,0
17482,,15,1,0,1,1,0,1,0,0,0,0,0
16029,,15,1,1,2,1,1,2,8,0.224976,0.232526,0,0
2979,,15,3,3,6,3,3,6,8,0.238824,0.24778,1101.889946,0.166667
9900,,15,1,2,3,1,2,3,8,0.226016,0.233725,0,1
18917,,15,1,0,1,1,0,1,0,0,0,0,0
20308,,15,1,0,1,1,0,1,0,0,0,0,0
8928,,15,4,8,12,4,8,12,8,0.238277,0.24734,25733.404293,0.083333
20797,,15,1,0,1,1,0,1,0,0,0,0,0
18690,,15,1,1,2,1,1,2,8,0.224976,0.232526,0,0
22567,,15,1,0,1,1,0,1,0,0,0,0,0
7882,,15,1,2,3,1,2,3,8,0.224981,0.232562,25975,0
11658,,15,3,5,8,3,5,8,8,0.224995,0.232659,0,0.433333
27251,,15,3,5,8,3,5,8,8,0.224995,0.232659,0,0.433333
27252,,15,4,0,4,4,0,4,0,0,0,0,0.75
27253,,15,4,0,4,4,0,4,0,0,0,0,0.75
11081,,15,4,0,4,4,0,4,0,0,0,0,0.416667
15569,,2,1,1,2,1,1,2,8,0.261476,0.272569,0,0.5
9543,,15,2,6,8,2,6,8,8,0.260835,0.27158,23034.731534,0.107143
34809,,15,1,0,1,1,0,1,0,0,0,0,0
7849,,15,6,3,9,6,3,9,9,0.22856,0.236204,28253.290146,0.035714
798,,16,4,10,14,4,10,14,8,0.237339,0.246642,56189.289205,0.147436
4807,,16,11,21,32,11,21,32,8,0.267278,0.280557,124172.840997,0.118462
25958,,16,1,0,1,1,0,1,0,0,0,0,0
28869,,16,1,0,1,1,0,1,0,0,0,0,0
800,,1,1,0,1,1,0,1,0,0,0,0,0
21329,,1,1,1,2,1,1,2,9,0.184364,0.188464,0,0
26788,,1,1,1,2,1,1,2,9,0.218864,0.22542,436.700537,0
28043,,1,1,0,1,1,0,1,0,0,0,0,0
25875,,16,1,1,2,1,1,2,9,0.217162,0.223041,0,1
31137,,16,4,3,7,4,3,7,9,0.217556,0.223594,55814.50235,0.2
24655,,16,1,0,1,1,0,1,0,0,0,0,0
16252,,7,1,7,8,1,7,8,8,0.275701,0.287998,27771.614133,0.125
28738,,16,1,1,2,1,1,2,9,0.21716,0.223032,0,0
4149,,7,2,1,3,2,1,3,8,0.26276,0.27347,18825,0.166667
6114,,7,1,3,4,1,3,4,9,0.231119,0.239004,29.41614,0
32498,,8,4,4,8,4,4,8,8,0.24604,0.254701,28713.937914,0.25
804,,6,0,2,2,0,2,2,8,0.234988,0.243102,0,0
3026,,11,3,1,4,3,1,4,9,0.213222,0.21981,18826,0.333333
6380,,11,2,0,2,2,0,2,0,0,0,0,0.5
12092,,11,1,1,2,1,1,2,9,0.195072,0.2003,195.071093,0.5
9231,,11,2,1,3,2,1,3,9,0.229175,0.237186,0,0.5
16232,,11,3,0,3,3,0,3,0,0,0,0,0.5
17033,,11,1,1,2,1,1,2,8,0.234262,0.242056,108.941092,0.5
9847,,11,2,4,6,2,4,6,8,0.272856,0.284625,3300.191343,0.2
6625,,11,6,10,16,6,10,16,8,0.248732,0.25843,127651.059097,0.071429
20532,,11,2,0,2,2,0,2,0,0,0,0,0
23252,,11,3,3,6,3,3,6,9,0.228139,0.235443,1084.116365,0.133333
20099,,11,5,4,9,5,4,9,8,0.237867,0.246852,1887.860961,0.433333
15982,,11,1,1,2,1,1,2,9,0.229175,0.237186,0,0
32424,,11,1,1,2,1,1,2,1,1,1,190.160613,0
32610,,11,1,0,1,1,0,1,0,0,0,0,0
33415,,11,1,0,1,1,0,1,0,0,0,0,0
10201,,11,2,3,5,2,3,5,9,0.237175,0.246827,287.425574,0.5
16824,,6,2,1,3,2,1,3,8,0.219696,0.225868,18826,0.166667
6413,,1,2,2,4,2,2,4,9,0.217745,0.224292,62.958194,0.666667
33940,,7,1,1,2,1,1,2,9,0.219517,0.225986,0,0
2243,,7,1,2,3,1,2,3,10,0.175611,0.178897,25991.138689,0
5634,,8,1,1,2,1,1,2,9,0.209259,0.21489,0,0.5
3424,,8,3,14,17,3,14,17,8,0.270325,0.283012,2252.914905,0.180952
10765,,7,1,0,1,1,0,1,0,0,0,0,0
3586,,7,2,5,7,2,5,7,8,0.256852,0.266942,1162.862687,0.2
20754,,11,2,1,3,2,1,3,8,0.229013,0.236305,19066.30291,0
21806,,7,1,1,2,1,1,2,8,0.239632,0.247475,0,0
22969,,7,3,8,11,3,8,11,8,0.270384,0.282535,1440.324677,0.2
16991,,8,5,25,30,5,25,30,8,0.279073,0.293012,81760.828247,0.157471
10291,,7,1,1,2,1,1,2,10,0.182683,0.186206,25974,0
1499,,11,2,6,8,2,6,8,8,0.253467,0.263739,29773.100439,0.119048
811,,8,6,5,11,6,5,11,8,0.221981,0.229496,27901.667237,0.069444
12080,,8,1,0,1,1,0,1,0,0,0,0,0
15130,,0,3,5,8,3,5,8,9,0.24307,0.252426,3117.493609,0.071429
2398,,15,10,14,24,10,14,24,8,0.273011,0.28602,38629.740612,0.092105
5853,,15,2,0,2,2,0,2,0,0,0,0,0
6211,,15,3,0,3,3,0,3,0,0,0,0,1
7265,,15,1,0,1,1,0,1,0,0,0,0,0
10190,,15,1,0,1,1,0,1,0,0,0,0,0
8053,,15,10,4,14,10,4,14,9,0.211664,0.217676,47679.745875,0.082418
12472,,15,4,4,8,4,4,8,8,0.225572,0.233159,846.095801,0.4
12194,,15,2,2,4,2,2,4,9,0.214651,0.220759,26.300964,0.5
3052,,1,3,3,6,3,3,6,8,0.252376,0.26234,13174.574356,0.033333
16171,,1,2,3,5,2,3,5,9,0.216416,0.222591,571.801943,0.05
24647,,15,1,0,1,1,0,1,0,0,0,0,0
30343,,15,1,0,1,1,0,1,0,0,0,0,0
14511,,5,3,3,6,3,3,6,9,0.207143,0.21255,1598.53652,0
7461,,15,5,15,20,5,15,20,8,0.278072,0.291471,36029.064758,0.17619
813,,5,1,4,5,1,4,5,8,0.248014,0.257103,25500.010741,0.05
3869,,5,3,1,4,3,1,4,10,0.178881,0.182507,620.223214,0
23365,,7,1,0,1,1,0,1,0,0,0,0,0
6017,,16,2,1,3,2,1,3,8,0.227761,0.235123,0,1
7105,,16,3,0,3,3,0,3,0,0,0,0,0
1367,,16,12,45,57,12,45,57,7,0.29493,0.311993,228432.116673,0.086122
11813,,16,1,0,1,1,0,1,0,0,0,0,0
14011,,16,1,0,1,1,0,1,0,0,0,0,0
15855,,16,4,0,4,4,0,4,0,0,0,0,0.083333
18981,,16,1,0,1,1,0,1,0,0,0,0,0
18905,,8,2,1,3,2,1,3,9,0.222495,0.229178,13.897264,0.333333
9591,,16,9,6,15,9,6,15,8,0.223608,0.230588,48173.255778,0.071429
19762,,16,5,1,6,5,1,6,9,0.205157,0.210706,19148.99897,0.15
20336,,16,1,0,1,1,0,1,0,0,0,0,0
24542,,16,3,3,6,3,3,6,8,0.236113,0.244688,151.228983,0.416667
29993,,16,1,3,4,1,3,4,8,0.257548,0.268738,20.651277,0.416667
31428,,16,1,0,1,1,0,1,0,0,0,0,0
11629,,16,1,5,6,1,5,6,8,0.263758,0.274278,7421.868462,0.1
35278,,16,1,0,1,1,0,1,0,0,0,0,0
12930,,7,2,4,6,2,4,6,8,0.265215,0.276493,18849.797221,0.233333
1450,,7,4,0,4,4,0,4,0,0,0,0,0
2082,,24,2,1,3,2,1,3,10,0.167229,0.169768,25974.532258,0
8232,,2,2,4,6,2,4,6,8,0.274748,0.28762,738.624496,0.4
10177,,0,1,0,1,1,0,1,0,0,0,0,0
10178,,0,1,0,1,1,0,1,0,0,0,0,0
4016,,0,7,0,7,7,0,7,0,0,0,0,0.095238
12095,,0,1,1,2,1,1,2,9,0.200798,0.205195,10.382614,0
8944,,8,2,1,3,2,1,3,9,0.211897,0.217669,114.996158,0
13094,,8,1,6,7,1,6,7,8,0.264388,0.276146,26494.681517,0.190476
16117,,0,1,0,1,1,0,1,0,0,0,0,0
17217,,0,1,0,1,1,0,1,0,0,0,0,0
17819,,0,1,0,1,1,0,1,0,0,0,0,0
10900,,16,26,1,27,26,1,27,10,0.173416,0.176689,57646.691714,0.093846
20446,,0,1,0,1,1,0,1,0,0,0,0,0
15047,,5,1,1,2,1,1,2,9,0.22046,0.22732,381.797874,0
16753,,19,7,0,7,7,0,7,0,0,0,0,0.047619
18060,,0,3,4,7,3,4,7,7,0.279272,0.291745,32449.334502,0.233333
25309,,24,2,3,5,2,3,5,10,0.184429,0.188138,136.801631,0.05
30483,,0,1,0,1,1,0,1,0,0,0,0,0
32446,,0,1,0,1,1,0,1,0,0,0,0,0
31142,,16,5,0,5,5,0,5,0,0,0,0,0.05
5934,,11,6,13,19,6,13,19,8,0.250003,0.261346,14380.532192,0.214286
7606,,11,5,7,12,5,7,12,8,0.248992,0.259585,11499.936184,0.111111
4113,,16,2,3,5,2,3,5,10,0.191302,0.195778,12351.366088,0.05
26700,,8,1,4,5,1,4,5,8,0.247655,0.256943,298.346505,0.5
819,,7,0,2,2,0,2,2,8,0.230328,0.238341,0,0
820,,11,0,4,4,0,4,4,8,0.271646,0.284119,0,0.583333
822,,11,1,1,2,1,1,2,9,0.213217,0.21925,0,0
8971,,11,1,0,1,1,0,1,0,0,0,0,0
9874,,11,2,1,3,2,1,3,9,0.213217,0.21925,110.18294,0
12529,,11,5,5,10,5,5,10,9,0.206351,0.212145,213316.571452,0
16628,,11,1,0,1,1,0,1,0,0,0,0,0
15395,,11,1,2,3,1,2,3,8,0.244964,0.255171,372.543606,0
24129,,11,1,0,1,1,0,1,0,0,0,0,0
9784,,16,7,2,9,7,2,9,9,0.228194,0.236264,20607.520485,0.069444
1801,,16,5,1,6,5,1,6,9,0.211051,0.216879,617.723294,0.2
1323,,16,5,13,18,5,13,18,8,0.267506,0.279904,124349.625965,0.129167
3070,,16,2,0,2,2,0,2,0,0,0,0,0
3791,,16,3,0,3,3,0,3,0,0,0,0,0.5
4055,,21,1,2,3,1,2,3,8,0.226702,0.234693,26620.207854,0
9189,,10,3,0,3,3,0,3,0,0,0,0,1
14819,,16,1,0,1,1,0,1,0,0,0,0,0
17880,,16,1,0,1,1,0,1,0,0,0,0,0
1459,,16,4,17,21,4,17,21,8,0.270741,0.283304,46596.7802,0.115789
21206,,16,1,0,1,1,0,1,0,0,0,0,0
22200,,16,7,6,13,7,6,13,8,0.242356,0.251306,4595.780327,0.267857
3792,,16,7,13,20,7,13,20,8,0.252915,0.263643,58316.995513,0.142857
10074,,16,3,7,10,3,7,10,8,0.260835,0.272548,18810.349699,0.232143
4459,,16,4,8,12,4,8,12,8,0.263743,0.27547,6748.715242,0.233333
23047,,16,9,13,22,9,13,22,8,0.267005,0.279683,52882.082493,0.140351
17698,,11,3,2,5,3,2,5,8,0.247841,0.257017,531.74685,0.166667
11952,,16,2,0,2,2,0,2,0,0,0,0,1
3793,,16,4,6,10,4,6,10,8,0.2472,0.256682,314.181131,0.236111
34312,,16,1,2,3,1,2,3,8,0.2423,0.251119,0,1
35119,,16,1,1,2,1,1,2,8,0.226669,0.234619,0,0
34683,,16,1,1,2,1,1,2,8,0.226669,0.234619,0,0
13721,,16,2,2,4,2,2,4,9,0.241743,0.250554,438.422859,0.166667
1426,,2,6,3,9,6,3,9,8,0.272501,0.284162,16825.519073,0.339286
1427,,2,3,10,13,3,10,13,8,0.262819,0.274419,9152.012823,0.311111
10527,,2,17,4,21,17,4,21,9,0.214744,0.22114,125515.90728,0.088235
26277,,2,2,0,2,2,0,2,0,0,0,0,1
3863,,7,1,1,2,1,1,2,10,0.177323,0.180778,29.204751,0
10073,,2,1,2,3,1,2,3,9,0.214666,0.220974,0,1
10566,,2,1,5,6,1,5,6,9,0.222353,0.228923,0,0.7
17031,,2,1,3,4,1,3,4,9,0.200113,0.205123,377.844437,0.833333
28429,,5,6,1,7,6,1,7,8,0.25002,0.260329,20730.611734,0.095238
832,,15,1,3,4,1,3,4,9,0.234049,0.242757,332.779669,0.25
4739,,15,3,6,9,3,6,9,8,0.257834,0.269546,3549.448088,0.208333
2399,,15,1,0,1,1,0,1,0,0,0,0,0
3955,,15,3,3,6,3,3,6,9,0.211854,0.217881,19720.519929,0.1
1842,,15,1,5,6,1,5,6,8,0.233898,0.24204,26708.727403,0.066667
20673,,15,1,0,1,1,0,1,0,0,0,0,0
5020,,15,2,1,3,2,1,3,9,0.22012,0.22715,0,0.5
8190,,15,13,13,26,13,13,26,8,0.274032,0.287044,114333.822348,0.106061
28168,,15,1,0,1,1,0,1,0,0,0,0,0
2200,,15,2,5,7,2,5,7,8,0.266499,0.278365,234.929551,0.666667
27273,,15,3,0,3,3,0,3,0,0,0,0,0
13099,,11,1,0,1,1,0,1,0,0,0,0,0
18785,,11,8,10,18,8,10,18,8,0.251275,0.261207,290847.144244,0.0625
20593,,11,1,2,3,1,2,3,9,0.205374,0.21105,0,0.5
8727,,11,3,4,7,3,4,7,8,0.263422,0.274311,73318.226532,0.095238
22539,,11,2,0,2,2,0,2,0,0,0,0,1
9455,,19,3,5,8,3,5,8,8,0.229728,0.237617,433.339765,0.321429
11495,,5,4,4,8,4,4,8,8,0.262797,0.273592,52524.805747,0.035714
13251,,19,1,4,5,1,4,5,8,0.265387,0.276717,624.059269,0.333333
9456,,19,2,2,4,2,2,4,9,0.229557,0.236859,269.439227,0.083333
22434,,19,2,0,2,2,0,2,0,0,0,0,0
8438,,11,1,1,2,1,1,2,9,0.220458,0.227371,0,0
12621,,11,2,1,3,2,1,3,9,0.220458,0.227371,18826,0
17390,,11,1,1,2,1,1,2,9,0.220458,0.227371,0,0
10694,,11,5,5,10,5,5,10,8,0.251759,0.261768,24589.516518,0.125
15644,,11,1,1,2,1,1,2,9,0.220458,0.227371,0,0
20065,,11,1,0,1,1,0,1,0,0,0,0,0
10577,,11,8,5,13,8,5,13,9,0.229569,0.237326,109528.889494,0.011111
27759,,11,1,0,1,1,0,1,0,0,0,0,0
28773,,11,3,2,5,3,2,5,8,0.236537,0.24598,19006.02215,0.3
29255,,11,1,2,3,1,2,3,9,0.239596,0.248289,1834.050166,0
29615,,11,1,0,1,1,0,1,0,0,0,0,0
13708,,11,1,1,2,1,1,2,9,0.220458,0.227371,0,0
30043,,11,1,0,1,1,0,1,0,0,0,0,0
32040,,11,1,1,2,1,1,2,1,1,1,25976,0
32435,,11,1,0,1,1,0,1,0,0,0,0,0
32917,,11,1,0,1,1,0,1,0,0,0,0,0
8471,,11,1,4,5,1,4,5,8,0.239024,0.248842,73.532616,0.666667
6748,,11,1,0,1,1,0,1,0,0,0,0,0
12210,,11,1,1,2,1,1,2,9,0.224799,0.232215,0,0
21933,,11,1,0,1,1,0,1,0,0,0,0,0
2679,,8,7,9,16,7,9,16,8,0.259898,0.270571,65792.258007,0.098485
8206,,11,2,4,6,2,4,6,8,0.265716,0.276467,653.851814,0.3
22372,,11,1,2,3,1,2,3,9,0.225237,0.232752,28.04878,0.5
22795,,10,2,1,3,2,1,3,9,0.227653,0.235502,18826,0.166667
29548,,11,1,0,1,1,0,1,0,0,0,0,0
31838,,11,1,0,1,1,0,1,0,0,0,0,0
32809,,11,1,0,1,1,0,1,0,0,0,0,0
33833,,11,2,0,2,2,0,2,0,0,0,0,1
1620,,6,2,0,2,2,0,2,0,0,0,0,0
3776,,8,5,4,9,5,4,9,8,0.273781,0.286549,50172.886702,0.196429
7228,,8,1,0,1,1,0,1,0,0,0,0,0
9007,,8,1,0,1,1,0,1,0,0,0,0,0
8329,,10,5,10,15,5,10,15,8,0.250219,0.261732,130558.76098,0.075758
10209,,10,2,0,2,2,0,2,0,0,0,0,1
12425,,8,5,3,8,5,3,8,10,0.184625,0.188924,26069.01267,0.142857
12577,,12,1,1,2,1,1,2,8,0.236841,0.24458,1127.090431,0
15070,,6,3,4,7,3,4,7,8,0.241749,0.249996,9425.019664,0.119048
4145,,6,4,9,13,4,9,13,9,0.247753,0.257968,57588.85918,0.090909
17347,,8,1,2,3,1,2,3,9,0.225038,0.232588,0,1
19314,,8,4,1,5,4,1,5,9,0.225033,0.232553,0,0.666667
23117,,8,3,1,4,3,1,4,10,0.184616,0.188848,4.902505,0.583333
24329,,8,1,0,1,1,0,1,0,0,0,0,0
25233,,8,2,0,2,2,0,2,0,0,0,0,0.5
10794,,6,2,2,4,2,2,4,9,0.225043,0.232601,19503.230867,0
26947,,8,2,1,3,2,1,3,9,0.225033,0.232553,18826,0
28000,,8,1,0,1,1,0,1,0,0,0,0,0
28162,,8,1,0,1,1,0,1,0,0,0,0,0
22167,,10,1,1,2,1,1,2,9,0.234855,0.243134,394.100435,0
28819,,8,1,1,2,1,1,2,9,0.225033,0.232553,0,0
27604,,8,2,2,4,2,2,4,9,0.225035,0.232579,0,1
22661,,8,2,3,5,2,3,5,9,0.225041,0.232615,25975.5,0.333333
18136,,8,1,3,4,1,3,4,9,0.225041,0.232615,0,0.333333
33557,,8,2,2,4,2,2,4,9,0.225035,0.232579,0,1
35449,,8,2,0,2,2,0,2,0,0,0,0,0
7476,,5,2,1,3,2,1,3,9,0.212086,0.217786,6.257651,0.333333
2460,,7,2,8,10,2,8,10,9,0.227667,0.235821,445.280733,0.111111
26089,,7,1,0,1,1,0,1,0,0,0,0,0
32302,,7,3,0,3,3,0,3,0,0,0,0,0.166667
33888,,0,4,0,4,4,0,4,0,0,0,0,0
6100,,8,1,1,2,1,1,2,8,0.229888,0.237488,67.525187,0
18836,,8,1,1,2,1,1,2,1,1,1,25976,0
16138,,8,2,3,5,2,3,5,8,0.225799,0.233512,1429.365916,0.083333
6901,,8,2,2,4,2,2,4,8,0.245937,0.254049,7930.499119,0
20961,,21,2,0,2,2,0,2,0,0,0,0,0.5
844,,8,0,1,1,0,1,1,9,0.20809,0.213256,0,0
845,,8,1,1,2,1,1,2,8,0.262756,0.273466,18827,0
4696,,24,2,1,3,2,1,3,10,0.174765,0.178012,228.018277,0
1534,,0,1,2,3,1,2,3,9,0.226157,0.23299,2523.343959,0
6875,,0,2,0,2,2,0,2,0,0,0,0,0.5
7716,,7,3,2,5,3,2,5,9,0.204167,0.209054,37684.672824,0.05
8831,,5,1,2,3,1,2,3,9,0.230716,0.238356,97.811675,0
9308,,0,1,0,1,1,0,1,0,0,0,0,0
21314,,0,1,0,1,1,0,1,0,0,0,0,0
23946,,0,1,0,1,1,0,1,0,0,0,0,0
2651,,8,1,0,1,1,0,1,0,0,0,0,0
7720,,8,2,0,2,2,0,2,0,0,0,0,0.5
25764,,8,2,3,5,2,3,5,9,0.230285,0.238241,26004.01433,0.25
17371,,8,6,7,13,6,7,13,8,0.263585,0.274638,37696.011974,0.185897
31640,,8,1,0,1,1,0,1,0,0,0,0,0
32922,,8,1,0,1,1,0,1,0,0,0,0,0
2488,,0,12,10,22,12,10,22,8,0.241124,0.249768,118993.276599,0.104167
1279,,0,4,6,10,4,6,10,8,0.265473,0.277,16458.172248,0.263889
3434,,0,4,3,7,4,3,7,9,0.213357,0.219692,2141.81384,0.2
6265,,0,3,2,5,3,2,5,9,0.211533,0.217815,284.495794,0.416667
5194,,0,5,7,12,5,7,12,8,0.230296,0.23838,11709.82645,0.263889
3892,,0,5,3,8,5,3,8,8,0.239015,0.24685,2098.553271,0.166667
4374,,0,1,3,4,1,3,4,8,0.227898,0.235669,500.59719,0.333333
11411,,0,2,1,3,2,1,3,9,0.211014,0.217209,253.418434,0
4609,,0,2,4,6,2,4,6,9,0.22173,0.228592,26228.474435,0.3
11982,,0,2,4,6,2,4,6,8,0.233024,0.240507,467.070309,0.166667
11614,,0,1,2,3,1,2,3,9,0.213239,0.219532,0,1
13553,,0,5,1,6,5,1,6,9,0.211014,0.217209,56478,0.05
26153,,0,1,0,1,1,0,1,0,0,0,0,0
2713,,0,6,2,8,6,2,8,9,0.211021,0.217253,52.579062,0.233333
13179,,0,2,3,5,2,3,5,8,0.230031,0.237972,144.73862,0.666667
35154,,0,1,0,1,1,0,1,0,0,0,0,0
853,,10,0,2,2,0,2,2,9,0.210505,0.216346,0,0
6706,,10,1,0,1,1,0,1,0,0,0,0,0
25757,,15,6,0,6,6,0,6,0,0,0,0,0
2322,,8,2,2,4,2,2,4,9,0.213978,0.219996,0,1
1359,,8,6,7,13,6,7,13,9,0.214867,0.22111,56892.319294,0.111111
10945,,8,1,0,1,1,0,1,0,0,0,0,0
19257,,8,2,1,3,2,1,3,9,0.213444,0.219359,124.035655,0
19874,,8,1,0,1,1,0,1,0,0,0,0,0
5235,,8,4,3,7,4,3,7,9,0.21399,0.220049,17.393942,0.583333
22290,,8,1,0,1,1,0,1,0,0,0,0,0
13669,,8,2,1,3,2,1,3,1,1,1,25976,0
9489,,6,2,4,6,2,4,6,8,0.240508,0.248419,735.5529,0
9681,,6,3,3,6,3,3,6,8,0.220877,0.227316,3140.332645,0.166667
21882,,6,1,0,1,1,0,1,0,0,0,0,0
23187,,2,2,0,2,2,0,2,0,0,0,0,0
11627,,16,8,11,19,8,11,19,8,0.238343,0.247808,103817.648867,0.080882
27803,,6,1,1,2,1,1,2,8,0.219691,0.225855,0,0
19081,,15,2,0,2,2,0,2,0,0,0,0,0
858,,20,0,1,1,0,1,1,1,1,1,0,0
859,,20,1,0,1,1,0,1,0,0,0,0,0
860,,21,0,1,1,0,1,1,1,1,1,0,0
3731,,15,8,14,22,8,14,22,8,0.249824,0.260248,104069.125039,0.065789
2084,,15,3,4,7,3,4,7,9,0.226331,0.233536,78378.960375,0.066667
1724,,15,5,8,13,5,8,13,8,0.265017,0.276627,59879.960912,0.106061
7843,,15,2,7,9,2,7,9,8,0.263999,0.27525,27408.318744,0.047619
12179,,15,3,1,4,3,1,4,1,1,1,25976,0.333333
22887,,15,1,0,1,1,0,1,0,0,0,0,0
8664,,15,1,2,3,1,2,3,9,0.21714,0.22371,0,1
25972,,15,1,0,1,1,0,1,0,0,0,0,0
27135,,15,1,1,2,1,1,2,9,0.210248,0.215796,0,1
2405,,0,5,5,10,5,5,10,9,0.222685,0.229009,90869.737728,0
15324,,15,1,3,4,1,3,4,9,0.213512,0.219742,7268.522535,0.333333
35136,,15,1,0,1,1,0,1,0,0,0,0,0
8249,,15,2,2,4,2,2,4,9,0.216912,0.223084,39.333262,0.666667
866,,2,17,2,19,17,2,19,9,0.208765,0.214597,214257.779777,0.026144
21402,,2,1,2,3,1,2,3,9,0.208765,0.214597,0,1
17151,,2,1,1,2,1,1,2,9,0.20876,0.214562,0,0
27846,,2,1,1,2,1,1,2,9,0.20876,0.214562,0,0
33080,,2,1,0,1,1,0,1,0,0,0,0,0
1299,,8,9,10,19,9,10,19,8,0.242303,0.250782,25095.210884,0.095833
33614,,16,3,4,7,3,4,7,8,0.237053,0.245425,2990.112185,0.095238
870,,10,4,22,26,4,22,26,8,0.283935,0.299082,19133.968386,0.188333
21505,,8,1,0,1,1,0,1,0,0,0,0,0
6246,,8,1,3,4,1,3,4,9,0.233417,0.241335,323.680631,0.333333
26444,,8,2,1,3,2,1,3,8,0.261476,0.272569,18825,0.333333
26648,,5,3,3,6,3,3,6,9,0.236356,0.244125,438.951754,0.333333
33228,,8,1,1,2,1,1,2,9,0.207287,0.212648,0,0.5
1126,,10,1,0,1,1,0,1,0,0,0,0,0
12452,,7,5,0,5,5,0,5,0,0,0,0,0.15
15565,,10,2,2,4,2,2,4,9,0.206952,0.212823,794.614966,0
21459,,10,2,0,2,2,0,2,0,0,0,0,0
27956,,10,2,0,2,2,0,2,0,0,0,0,0
33117,,10,4,3,7,4,3,7,1,1,1,51960.285714,0
873,,8,0,1,1,0,1,1,8,0.237667,0.245207,0,0
874,,0,0,1,1,0,1,1,9,0.224787,0.232402,0,0
10001,,8,1,0,1,1,0,1,0,0,0,0,0
12224,,8,1,1,2,1,1,2,9,0.224742,0.232056,0,0.5
13468,,9,4,0,4,4,0,4,0,0,0,0,0
15361,,6,2,0,2,2,0,2,0,0,0,0,0
23525,,8,1,0,1,1,0,1,0,0,0,0,0
877,,10,0,6,6,0,6,6,8,0.248024,0.257016,0,0.3
1402,,11,9,44,53,9,44,53,8,0.275174,0.29007,322066.745074,0.089096
4119,,11,4,15,19,4,15,19,8,0.267753,0.279639,44656.37626,0.158333
2767,,11,3,2,5,3,2,5,9,0.212928,0.219163,39.364541,0.65
7936,,11,4,3,7,4,3,7,9,0.229566,0.236773,0,1
14074,,11,1,0,1,1,0,1,0,0,0,0,0
16071,,11,1,0,1,1,0,1,0,0,0,0,0
1354,,11,7,3,10,7,3,10,9,0.229566,0.236773,20042.91924,0.452381
22463,,11,1,0,1,1,0,1,0,0,0,0,0
3405,,11,3,4,7,3,4,7,8,0.227736,0.235312,2445.771256,0.047619
14409,,11,3,3,6,3,3,6,9,0.226904,0.234224,26294.619362,0.35
2765,,11,4,2,6,4,2,6,8,0.237438,0.245853,4970.272388,0.333333
25559,,11,2,0,2,2,0,2,0,0,0,0,1
32667,,11,1,2,3,1,2,3,9,0.226899,0.234189,0,1
10673,,11,1,0,1,1,0,1,0,0,0,0,0
914,,11,4,7,11,4,7,11,9,0.238836,0.247792,23024.711519,0.180556
13921,,11,3,0,3,3,0,3,0,0,0,0,1
3662,,11,1,0,1,1,0,1,0,0,0,0,0
31938,,7,1,3,4,1,3,4,8,0.242188,0.250685,25984.312041,0.083333
16102,,10,5,3,8,5,3,8,8,0.239328,0.247555,227.48264,0.238095
19421,,10,1,0,1,1,0,1,0,0,0,0,0
884,,7,4,24,28,4,24,28,7,0.300778,0.316858,22961.09551,0.206349
1871,,16,2,5,7,2,5,7,8,0.234134,0.242708,59.152144,0.5
11073,,16,4,0,4,4,0,4,0,0,0,0,1
11242,,16,3,2,5,3,2,5,9,0.214027,0.220154,0,1
14442,,16,6,2,8,6,2,8,8,0.235625,0.243943,219.649111,0.690476
16877,,16,9,0,9,9,0,9,0,0,0,0,0
1250,,16,12,9,21,12,9,21,8,0.274764,0.288493,90882.234201,0.139474
22936,,16,4,0,4,4,0,4,0,0,0,0,0
16351,,16,28,17,45,28,17,45,8,0.246714,0.25696,134753.531261,0.101351
4904,,16,2,1,3,2,1,3,9,0.213915,0.219933,0,1
1410,,16,2,2,4,2,2,4,8,0.231383,0.239329,591.088013,0.5
1161,,16,10,14,24,10,14,24,8,0.249259,0.25988,35379.441702,0.181818
4349,,10,2,6,8,2,6,8,8,0.246472,0.25604,31475.457369,0.142857
28138,,16,1,0,1,1,0,1,0,0,0,0,0
18858,,16,1,1,2,1,1,2,9,0.213915,0.219933,0,0
33274,,16,1,0,1,1,0,1,0,0,0,0,0
34154,,16,1,1,2,1,1,2,9,0.213915,0.219933,0,0
34752,,8,1,0,1,1,0,1,0,0,0,0,0
892,,6,0,1,1,0,1,1,1,1,1,0,0
3581,,10,2,2,4,2,2,4,9,0.228726,0.236442,19120.969786,0
6694,,10,2,1,3,2,1,3,9,0.201771,0.206862,0,0.5
14705,,10,1,1,2,1,1,2,9,0.201771,0.206862,0,0
7600,,10,6,7,13,6,7,13,8,0.234271,0.241735,55882.768551,0.05303
32071,,10,1,0,1,1,0,1,0,0,0,0,0
33395,,10,1,0,1,1,0,1,0,0,0,0,0
17759,,0,3,3,6,3,3,6,7,0.297198,0.312022,61977.839846,0.066667
7077,,7,1,0,1,1,0,1,0,0,0,0,0
8694,,7,1,1,2,1,1,2,8,0.228554,0.2356,0,0
18057,,9,1,2,3,1,2,3,10,0.164897,0.168049,170.088463,0.166667
12076,,8,3,2,5,3,2,5,2,0.75,0.833333,30791.941914,0.083333
17164,,8,1,0,1,1,0,1,0,0,0,0,0
3125,,15,3,2,5,3,2,5,8,0.236487,0.244058,350.384682,0.25
3253,,15,2,13,15,2,13,15,8,0.246327,0.255731,131679.164503,0.021978
3412,,15,2,0,2,2,0,2,0,0,0,0,1
18961,,15,1,1,2,1,1,2,8,0.235658,0.243083,0,0
19775,,15,1,3,4,1,3,4,8,0.239373,0.247727,291.886569,0.5
22225,,15,3,4,7,3,4,7,8,0.257038,0.267755,2193.834378,0.133333
9079,,8,1,0,1,1,0,1,0,0,0,0,0
9432,,8,6,0,6,6,0,6,0,0,0,0,0.066667
9762,,8,3,1,4,3,1,4,8,0.260539,0.272155,10251.27172,0
9682,,8,5,4,9,5,4,9,9,0.224098,0.231643,20063.124198,0.178571
17111,,8,6,1,7,6,1,7,8,0.263006,0.273326,2801.785524,0.142857
3650,,8,2,2,4,2,2,4,9,0.188804,0.193092,113.40272,0.083333
19031,,2,7,0,7,7,0,7,0,0,0,0,0
21125,,16,2,1,3,2,1,3,9,0.194277,0.198839,25974,0
22456,,8,6,1,7,6,1,7,1,1,1,25977,0.119048
25280,,5,1,1,2,1,1,2,10,0.181155,0.185014,422.015203,0
27673,,8,2,0,2,2,0,2,0,0,0,0,0.5
28379,,0,2,1,3,2,1,3,9,0.205639,0.211328,44.52503,0
32223,,8,1,3,4,1,3,4,8,0.22958,0.236979,143.034002,0.333333
35528,,8,1,0,1,1,0,1,0,0,0,0,0
10531,,10,2,3,5,2,3,5,9,0.231665,0.239365,281.702042,0
23292,,10,1,0,1,1,0,1,0,0,0,0,0
9582,,2,5,3,8,5,3,8,9,0.223887,0.231102,84040.300883,0.1
13162,,10,1,2,3,1,2,3,8,0.245642,0.253939,0,0.5
6808,,10,4,15,19,4,15,19,8,0.269131,0.281748,16674.21619,0.125
13330,,8,1,0,1,1,0,1,0,0,0,0,0
19025,,8,1,0,1,1,0,1,0,0,0,0,0
19114,,10,2,0,2,2,0,2,0,0,0,0,0
5957,,8,2,5,7,2,5,7,8,0.272178,0.284959,167.076072,0.595238
14936,,8,4,0,4,4,0,4,0,0,0,0,0.083333
18717,,8,4,16,20,4,16,20,8,0.283281,0.297376,4072.931716,0.172515
30185,,8,1,0,1,1,0,1,0,0,0,0,0
902,,8,8,6,14,8,6,14,9,0.225626,0.233297,54529.043619,0.057692
903,,8,1,1,2,1,1,2,9,0.222896,0.230207,0,1
5872,,8,1,3,4,1,3,4,8,0.244123,0.252756,744.410348,0.416667
27397,,0,15,1,16,15,1,16,9,0.222893,0.230198,57776.7629,0.066667
904,,10,1,11,12,1,11,12,8,0.26523,0.276606,2244.459554,0.081818
2105,,10,13,2,15,13,2,15,8,0.242891,0.251192,26271.952593,0.014286
2071,,16,3,2,5,3,2,5,9,0.232877,0.240737,149.951659,0.05
5870,,10,1,4,5,1,4,5,8,0.264916,0.276723,174.631741,0.2
8459,,8,4,9,13,4,9,13,8,0.260968,0.271666,1587.270403,0.355556
20582,,10,1,0,1,1,0,1,0,0,0,0,0
8976,,21,9,12,21,9,12,21,8,0.24562,0.25485,54322.066185,0.179739
10684,,7,1,0,1,1,0,1,0,0,0,0,0
19164,,7,1,0,1,1,0,1,0,0,0,0,0
30696,,10,1,2,3,1,2,3,8,0.239188,0.247048,25976.307213,0
18534,,5,1,1,2,1,1,2,9,0.229706,0.237602,0,1
4232,,8,1,0,1,1,0,1,0,0,0,0,0
14924,,7,1,3,4,1,3,4,8,0.272312,0.283918,25975.755471,0.166667
6442,,8,4,7,11,4,7,11,8,0.248692,0.258702,26814.200356,0.166667
4541,,8,1,5,6,1,5,6,8,0.238286,0.246961,456.390958,0.033333
23564,,8,1,0,1,1,0,1,0,0,0,0,0
31534,,15,2,0,2,2,0,2,0,0,0,0,1
910,,5,0,1,1,0,1,1,8,0.231928,0.239836,0,0
3799,,7,1,0,1,1,0,1,0,0,0,0,0
8167,,7,1,0,1,1,0,1,0,0,0,0,0
15322,,7,2,2,4,2,2,4,8,0.247805,0.256781,26059.184346,0.25
23992,,7,1,1,2,1,1,2,8,0.247776,0.256712,0,1
27829,,7,1,0,1,1,0,1,0,0,0,0,0
28164,,7,1,0,1,1,0,1,0,0,0,0,0
913,,11,4,8,12,4,8,12,8,0.235328,0.243519,33148.108123,0.354545
5106,,9,4,0,4,4,0,4,0,0,0,0,0
915,,2,0,1,1,0,1,1,9,0.238286,0.246733,0,0
3733,,11,1,1,2,1,1,2,8,0.234259,0.242047,0,0
7011,,11,1,0,1,1,0,1,0,0,0,0,0
7118,,11,1,0,1,1,0,1,0,0,0,0,0
9167,,11,1,0,1,1,0,1,0,0,0,0,0
9188,,11,1,2,3,1,2,3,8,0.234265,0.242082,25975,0
4764,,11,1,3,4,1,3,4,8,0.238256,0.246861,87.657493,0.833333
3574,,12,3,4,7,3,4,7,9,0.208902,0.214603,16255.283187,0.142857
5781,,11,2,4,6,2,4,6,8,0.247769,0.256891,28873.591987,0.15
12269,,11,1,0,1,1,0,1,0,0,0,0,0
12850,,11,9,5,14,9,5,14,8,0.236716,0.245068,3794.877839,0.219697
12254,,11,1,1,2,1,1,2,8,0.239855,0.247708,0,1
15012,,11,2,1,3,2,1,3,8,0.234259,0.242047,0,1
17252,,11,2,2,4,2,2,4,8,0.234981,0.242965,0,1
25374,,11,1,0,1,1,0,1,0,0,0,0,0
23907,,11,2,1,3,2,1,3,8,0.234259,0.242047,0,1
12983,,11,3,1,4,3,1,4,8,0.234259,0.242047,0,1
20428,,10,2,1,3,2,1,3,9,0.200905,0.205795,106.610904,0.333333
27642,,11,1,0,1,1,0,1,0,0,0,0,0
30186,,11,1,0,1,1,0,1,0,0,0,0,0
30493,,11,1,0,1,1,0,1,0,0,0,0,0
4942,,8,4,6,10,4,6,10,8,0.267403,0.279244,28672.555505,0.177778
29899,,11,2,2,4,2,2,4,8,0.231656,0.239507,0,1
26628,,11,1,1,2,1,1,2,8,0.234259,0.242047,0,0
8282,,11,4,4,8,4,4,8,8,0.24522,0.254129,276.788977,0.6
917,,8,2,2,4,2,2,4,8,0.263117,0.273856,11797.337248,0.166667
919,,7,0,1,1,0,1,1,9,0.218685,0.225285,0,0
10000,,19,5,2,7,5,2,7,8,0.23903,0.247155,2466.854596,0.047619
19989,,8,3,3,6,3,3,6,8,0.244357,0.253169,19056.991693,0.133333
5746,,7,2,3,5,2,3,5,8,0.253682,0.264256,926.199444,0.583333
2276,,11,1,1,2,1,1,2,9,0.211386,0.217126,0,0
5949,,11,2,2,4,2,2,4,8,0.242797,0.252747,1134.273257,0.25
3882,,11,2,1,3,2,1,3,9,0.211386,0.217126,5812.592641,0
3836,,11,1,2,3,1,2,3,9,0.21139,0.217161,25974,0.5
1165,,11,1,2,3,1,2,3,8,0.244827,0.255044,602.581876,0
1879,,9,2,3,5,2,3,5,9,0.185533,0.189947,15592.584488,0.05
5635,,7,2,0,2,2,0,2,0,0,0,0,1
5793,,2,1,1,2,1,1,2,8,0.261472,0.272564,0,1
7238,,7,1,0,1,1,0,1,0,0,0,0,0
7724,,7,1,0,1,1,0,1,0,0,0,0,0
9057,,8,1,1,2,1,1,2,8,0.262757,0.273467,0,0.5
11895,,7,1,0,1,1,0,1,0,0,0,0,0
14964,,7,1,0,1,1,0,1,0,0,0,0,0
16101,,7,1,7,8,1,7,8,8,0.264894,0.276369,26007.553732,0.261905
11096,,9,3,10,13,3,10,13,9,0.20345,0.209487,10358.291064,0.141026
20113,,15,1,1,2,1,1,2,8,0.245899,0.253968,134.14097,0
23969,,7,3,3,6,3,3,6,8,0.247171,0.256254,0,1
24131,,7,1,7,8,1,7,8,8,0.248597,0.258104,26008.990733,0.190476
13176,,9,1,4,5,1,4,5,9,0.187573,0.192159,1624.899513,0.2
26063,,7,2,0,2,2,0,2,0,0,0,0,0
27301,,9,1,1,2,1,1,2,9,0.185524,0.189878,49.166366,0
28428,,7,5,35,40,5,35,40,8,0.290718,0.307276,31387.10836,0.160028
5255,,7,2,2,4,2,2,4,8,0.261701,0.27282,84.667578,0.416667
23425,,7,2,4,6,2,4,6,9,0.231224,0.238945,302.720495,0.3
26731,,7,1,1,2,1,1,2,8,0.246934,0.255896,0,0
31482,,7,1,2,3,1,2,3,9,0.209627,0.215122,72.902742,0
31483,,7,1,0,1,1,0,1,0,0,0,0,0
31806,,7,2,3,5,2,3,5,8,0.242794,0.251597,439.518501,0.15
7237,,12,1,0,1,1,0,1,0,0,0,0,0
7603,,12,1,0,1,1,0,1,0,0,0,0,0
8004,,12,1,0,1,1,0,1,0,0,0,0,0
8623,,12,2,1,3,2,1,3,9,0.216388,0.222287,22.105504,0
3239,,12,1,3,4,1,3,4,9,0.190187,0.194295,2.333333,0.166667
6634,,12,1,1,2,1,1,2,9,0.189958,0.193983,0,1
25162,,7,3,0,3,3,0,3,0,0,0,0,0
2034,,10,5,3,8,5,3,8,9,0.22789,0.235451,283.722868,0.309524
930,,16,1,1,2,1,1,2,9,0.205356,0.210801,1102.383128,0
931,,16,2,2,4,2,2,4,8,0.258414,0.269697,18825,0.333333
932,,12,0,1,1,0,1,1,9,0.195014,0.200132,0,0
933,,2,0,1,1,0,1,1,8,0.261475,0.272568,0,0
934,,7,4,4,8,4,4,8,8,0.24193,0.250078,52169.982022,0.160714
6989,,7,1,0,1,1,0,1,0,0,0,0,0
4671,,7,1,2,3,1,2,3,8,0.241914,0.250003,0,0.666667
14021,,7,1,0,1,1,0,1,0,0,0,0,0
16053,,7,2,1,3,2,1,3,8,0.262757,0.273467,23526.168934,0.166667
936,,8,0,2,2,0,2,2,8,0.233259,0.240991,0,0
6333,,8,10,13,23,10,13,23,8,0.263603,0.275034,256896.24369,0.03268
13210,,8,3,1,4,3,1,4,1,1,1,33.224726,0.166667
5881,,8,4,9,13,4,9,13,8,0.268123,0.27943,21806.531942,0.081818
22786,,8,1,0,1,1,0,1,0,0,0,0,0
938,,8,2,4,6,2,4,6,8,0.252956,0.262292,26197.843605,0.25
15141,,8,1,2,3,1,2,3,9,0.229759,0.237415,15.139787,0.5
2838,,8,1,5,6,1,5,6,8,0.238881,0.248299,469.056915,0.25
12019,,8,3,1,4,3,1,4,8,0.263618,0.273991,238.243379,0.416667
5700,,8,2,10,12,2,10,12,8,0.265675,0.277221,1136.996815,0.177778
5618,,8,2,9,11,2,9,11,8,0.241976,0.251528,27936.554432,0.1
5359,,8,2,4,6,2,4,6,9,0.211919,0.217697,7803.661756,0.1
15907,,8,2,2,4,2,2,4,9,0.218118,0.224687,6.222584,0.666667
12307,,8,3,4,7,3,4,7,9,0.228935,0.237399,1356.248052,0.25
20130,,8,2,1,3,2,1,3,9,0.218121,0.224515,106.526408,0.166667
22898,,8,1,0,1,1,0,1,0,0,0,0,0
23234,,8,3,0,3,3,0,3,0,0,0,0,0.333333
7323,,11,12,10,22,12,10,22,8,0.239944,0.248797,166123.623207,0.026144
4508,,8,3,2,5,3,2,5,9,0.238048,0.246301,632.544846,0.166667
4037,,5,6,7,13,6,7,13,8,0.266273,0.278141,16399.573374,0.072727
12995,,8,2,0,2,2,0,2,0,0,0,0,0
12782,,10,1,0,1,1,0,1,0,0,0,0,0
941,,7,0,9,9,0,9,9,8,0.276912,0.290132,0,0.305556
944,,15,5,9,14,5,9,14,8,0.272556,0.285537,65745.143234,0.093407
5609,,7,1,1,2,1,1,2,8,0.242478,0.251063,0,0.5
1050,,8,1,1,2,1,1,2,9,0.21931,0.225974,0,0
1051,,10,1,1,2,1,1,2,8,0.234096,0.24235,691.505597,0
1052,,6,3,1,4,3,1,4,10,0.181976,0.185873,1760.69513,0.333333
2373,,8,1,0,1,1,0,1,0,0,0,0,0
10100,,19,1,1,2,1,1,2,10,0.185906,0.189924,82.279946,0
9738,,15,1,3,4,1,3,4,8,0.228404,0.236523,401.422477,0.333333
23538,,8,1,0,1,1,0,1,0,0,0,0,0
946,,2,0,3,3,0,3,3,8,0.261966,0.273156,0,0.5
8413,,7,1,4,5,1,4,5,8,0.265623,0.277101,742.72202,0.15
32927,,7,7,1,8,7,1,8,9,0.2087,0.214172,18990.066783,0.035714
5727,,15,1,0,1,1,0,1,0,0,0,0,0
4328,,15,1,2,3,1,2,3,9,0.214341,0.220694,0,0.5
12799,,15,2,0,2,2,0,2,0,0,0,0,1
15006,,15,1,0,1,1,0,1,0,0,0,0,0
28037,,7,2,2,4,2,2,4,8,0.234253,0.241204,18860.854803,0
949,,16,0,1,1,0,1,1,9,0.229791,0.237541,0,0
4023,,6,1,0,1,1,0,1,0,0,0,0,0
10627,,0,1,0,1,1,0,1,0,0,0,0,0
952,,16,4,4,8,4,4,8,8,0.278302,0.291405,3666.164882,0.071429
5461,,6,1,0,1,1,0,1,0,0,0,0,0
8997,,6,3,0,3,3,0,3,0,0,0,0,0.333333
3759,,6,6,8,14,6,8,14,8,0.272936,0.286412,39486.205867,0.294872
30380,,6,3,2,5,3,2,5,8,0.247926,0.257571,0,0.916667
34138,,6,1,0,1,1,0,1,0,0,0,0,0
15001,,6,5,2,7,5,2,7,8,0.256716,0.267689,58610.356213,0.190476
25509,,6,2,1,3,2,1,3,8,0.247392,0.256732,0,0.833333
34839,,6,3,3,6,3,3,6,9,0.214153,0.220543,1505.738234,0.2
11858,,10,1,0,1,1,0,1,0,0,0,0,0
17213,,10,1,0,1,1,0,1,0,0,0,0,0
29078,,10,1,1,2,1,1,2,9,0.213527,0.219442,31.314291,0
31191,,10,3,2,5,3,2,5,8,0.239294,0.247552,6.770308,0.5
955,,11,2,4,6,2,4,6,8,0.24821,0.258556,494.3343,0.1
12474,,10,1,1,2,1,1,2,9,0.218739,0.225259,0,0
20490,,10,1,0,1,1,0,1,0,0,0,0,0
31629,,10,1,0,1,1,0,1,0,0,0,0,0
3666,,11,2,1,3,2,1,3,1,1,1,25976,0.166667
12990,,11,2,1,3,2,1,3,1,1,1,25976,0
13391,,12,1,1,2,1,1,2,8,0.236841,0.24458,153.907722,0
16567,,11,1,0,1,1,0,1,0,0,0,0,0
16901,,11,2,2,4,2,2,4,9,0.210147,0.215577,31753.723667,0.333333
18994,,11,1,1,2,1,1,2,9,0.231283,0.238411,0,0
10472,,11,3,3,6,3,3,6,9,0.231414,0.238625,13282.664359,0.25
22067,,8,2,0,2,2,0,2,0,0,0,0,0
24223,,11,1,0,1,1,0,1,0,0,0,0,0
5588,,15,1,0,1,1,0,1,0,0,0,0,0
7725,,15,3,1,4,3,1,4,9,0.240072,0.248601,167.393286,0.5
4529,,15,2,0,2,2,0,2,0,0,0,0,0
8011,,15,1,1,2,1,1,2,8,0.263279,0.273991,734.498852,0
9421,,15,3,3,6,3,3,6,8,0.227882,0.235315,37749.696828,0
10489,,15,1,0,1,1,0,1,0,0,0,0,0
5242,,15,2,2,4,2,2,4,9,0.233437,0.24193,248.941542,0.25
13716,,15,1,0,1,1,0,1,0,0,0,0,0
18084,,15,1,0,1,1,0,1,0,0,0,0,0
23260,,0,3,2,5,3,2,5,8,0.242697,0.251392,188.078736,0.2
26952,,0,1,0,1,1,0,1,0,0,0,0,0
10952,,5,5,1,6,5,1,6,9,0.217034,0.223276,19459.686742,0.066667
10530,,1,2,0,2,2,0,2,0,0,0,0,0
10706,,1,2,2,4,2,2,4,8,0.229124,0.236501,10.451057,0.166667
18483,,1,1,0,1,1,0,1,0,0,0,0,0
11265,,1,1,4,5,1,4,5,8,0.229138,0.23658,77924,0.083333
21582,,1,1,0,1,1,0,1,0,0,0,0,0
24365,,1,1,0,1,1,0,1,0,0,0,0,0
8716,,1,3,0,3,3,0,3,0,0,0,0,0.333333
25453,,1,2,0,2,2,0,2,0,0,0,0,0
10697,,8,1,4,5,1,4,5,9,0.226759,0.234418,24740.003851,0.05
8442,,1,2,1,3,2,1,3,10,0.1783,0.181858,0,0.666667
7955,,5,3,3,6,3,3,6,10,0.168037,0.171445,46542.674288,0.033333
30749,,1,1,0,1,1,0,1,0,0,0,0,0
962,,12,0,1,1,0,1,1,9,0.195014,0.200132,0,0
11638,,11,1,0,1,1,0,1,0,0,0,0,0
964,,11,0,1,1,0,1,1,9,0.205273,0.211401,0,0
1043,,11,3,15,18,3,15,18,8,0.244316,0.255246,7499.896246,0.158333
6511,,11,3,3,6,3,3,6,9,0.211983,0.218639,18836.311358,0.166667
4867,,11,5,3,8,5,3,8,9,0.211673,0.218276,26262.924402,0.357143
5974,,11,3,4,7,3,4,7,9,0.203758,0.209626,26050.31473,0.25
966,,8,1,1,2,1,1,2,8,0.262757,0.273467,0,0.5
967,,7,0,1,1,0,1,1,8,0.248325,0.257194,0,0
968,,6,0,1,1,0,1,1,1,1,1,0,0
2572,,8,1,0,1,1,0,1,0,0,0,0,0
2238,,5,5,15,20,5,15,20,8,0.27085,0.283773,7616.662812,0.111111
23578,,8,1,0,1,1,0,1,0,0,0,0,0
2995,,8,3,2,5,3,2,5,8,0.207554,0.21304,18902.856064,0.083333
4221,,11,1,0,1,1,0,1,0,0,0,0,0
16681,,11,2,0,2,2,0,2,0,0,0,0,0
17866,,11,1,1,2,1,1,2,9,0.225951,0.233486,0,0
20089,,11,1,0,1,1,0,1,0,0,0,0,0
23670,,11,1,0,1,1,0,1,0,0,0,0,0
26622,,11,2,1,3,2,1,3,8,0.251379,0.261448,0,0.833333
29906,,11,1,0,1,1,0,1,0,0,0,0,0
976,,19,0,2,2,0,2,2,9,0.233409,0.24176,0,0
6867,,19,2,2,4,2,2,4,9,0.224466,0.2319,42.298954,0.666667
10880,,19,2,2,4,2,2,4,9,0.225181,0.232762,33.81303,0.666667
13288,,19,2,3,5,2,3,5,9,0.225183,0.232788,33.81303,0.75
978,,16,0,5,5,0,5,5,8,0.247216,0.255894,0,0.2
11050,,8,3,3,6,3,3,6,8,0.23138,0.238261,1142.824902,0.3
1951,,8,1,0,1,1,0,1,0,0,0,0,0
4220,,8,1,0,1,1,0,1,0,0,0,0,0
10763,,8,1,0,1,1,0,1,0,0,0,0,0
14579,,8,1,0,1,1,0,1,0,0,0,0,0
20190,,11,1,2,3,1,2,3,8,0.247662,0.256239,14.49096,0
25704,,7,1,1,2,1,1,2,8,0.244341,0.253393,0,1
26323,,8,1,0,1,1,0,1,0,0,0,0,0
8626,,16,2,2,4,2,2,4,9,0.223882,0.231066,241.081095,0
30277,,8,4,0,4,4,0,4,0,0,0,0,0
23272,,8,4,1,5,4,1,5,8,0.232563,0.240767,19129.522903,0.15
16789,,3,2,1,3,2,1,3,9,0.214122,0.219984,2.999351,0.166667
981,,1,1,5,6,1,5,6,8,0.258812,0.268745,7342.708036,0.1
6286,,13,3,2,5,3,2,5,8,0.232062,0.240161,19362.127438,0
20430,,8,1,3,4,1,3,4,9,0.230516,0.237816,12.868033,0.083333
983,,10,0,1,1,0,1,1,9,0.214179,0.220404,0,0
6277,,10,5,9,14,5,9,14,8,0.27575,0.289134,27420.774994,0.348485
11775,,10,1,1,2,1,1,2,9,0.214173,0.220389,0,0
17251,,10,4,2,6,4,2,6,9,0.220978,0.228023,20672.17609,0.05
32869,,10,2,3,5,2,3,5,9,0.227164,0.234273,26113.427676,0.083333
5253,,8,4,2,6,4,2,6,9,0.223938,0.23085,19238.291604,0.15
4382,,0,1,7,8,1,7,8,8,0.265353,0.277492,281.947243,0.178571
13670,,7,2,0,2,2,0,2,0,0,0,0,0.5
15459,,7,2,45,47,2,45,47,7,0.309272,0.326886,2308.283952,0.127197
18594,,19,4,0,4,4,0,4,0,0,0,0,0
20083,,7,1,0,1,1,0,1,0,0,0,0,0
9261,,2,3,10,13,3,10,13,8,0.278689,0.29277,32123.090768,0.076923
20901,,7,1,0,1,1,0,1,0,0,0,0,0
20984,,7,2,0,2,2,0,2,0,0,0,0,1
11016,,9,1,3,4,1,3,4,9,0.251436,0.262038,97.64313,0.083333
22145,,7,1,0,1,1,0,1,0,0,0,0,0
11641,,10,4,6,10,4,6,10,8,0.266239,0.277782,20422.394494,0.155556
22599,,7,1,0,1,1,0,1,0,0,0,0,0
22601,,7,1,0,1,1,0,1,0,0,0,0,0
9233,,7,7,18,25,7,18,25,7,0.30392,0.319234,111096.392622,0.147186
23055,,7,4,2,6,4,2,6,9,0.227079,0.234277,19540.940143,0.2
21385,,11,2,1,3,2,1,3,9,0.193081,0.197517,0,0.5
21384,,11,3,3,6,3,3,6,8,0.239279,0.247974,19057.15582,0.15
23164,,7,1,0,1,1,0,1,0,0,0,0,0
23167,,7,1,0,1,1,0,1,0,0,0,0,0
23278,,7,1,1,2,1,1,2,8,0.270882,0.283328,0,0
7107,,15,1,4,5,1,4,5,8,0.228512,0.236437,508.878163,0.3
24072,,7,1,2,3,1,2,3,8,0.249005,0.257925,0,0.833333
24138,,7,1,0,1,1,0,1,0,0,0,0,0
24988,,7,1,0,1,1,0,1,0,0,0,0,0
23032,,7,2,6,8,2,6,8,7,0.296034,0.31094,3684.68949,0.303571
1808,,7,1,1,2,1,1,2,1,1,1,25976,0
17678,,5,2,4,6,2,4,6,8,0.246207,0.255332,490.427897,0.266667
2740,,8,3,19,22,3,19,22,8,0.281279,0.294843,90535.434437,0.133333
24857,,7,2,2,4,2,2,4,9,0.213323,0.219764,43.871894,0.333333
18210,,8,3,4,7,3,4,7,8,0.273658,0.286354,27321.094339,0.214286
27383,,7,2,6,8,2,6,8,8,0.267358,0.279129,44853.069113,0.232143
27485,,21,2,0,2,2,0,2,0,0,0,0,0
27486,,8,2,0,2,2,0,2,0,0,0,0,0
7651,,7,2,12,14,2,12,14,8,0.253668,0.263648,122805.132707,0.082418
27674,,7,3,0,3,3,0,3,0,0,0,0,0.333333
3576,,7,3,3,6,3,3,6,8,0.237975,0.245897,308.37889,0.2
3393,,11,3,2,5,3,2,5,8,0.225553,0.232453,18882.215611,0.1
13155,,8,9,2,11,9,2,11,8,0.262456,0.273713,19212.249632,0.211111
28543,,7,2,49,51,2,49,51,7,0.312061,0.330211,52467.097495,0.219184
27235,,7,4,12,16,4,12,16,7,0.301994,0.318011,1072.412443,0.466667
29884,,7,1,0,1,1,0,1,0,0,0,0,0
29476,,7,5,14,19,5,14,19,8,0.289177,0.303715,118173.771506,0.133333
30108,,7,1,0,1,1,0,1,0,0,0,0,0
24431,,7,7,14,21,7,14,21,8,0.269351,0.281749,127230.989497,0.17381
14540,,7,2,6,8,2,6,8,8,0.243051,0.251688,89.325288,0.267857
21274,,7,7,0,7,7,0,7,0,0,0,0,0.095238
30518,,10,2,0,2,2,0,2,0,0,0,0,0
26488,,15,6,5,11,6,5,11,8,0.26451,0.275525,4726.84848,0.166667
23193,,1,3,1,4,3,1,4,1,1,1,0.1,0.25
31188,,7,1,0,1,1,0,1,0,0,0,0,0
5384,,7,3,3,6,3,3,6,8,0.25862,0.269146,178.265689,0.133333
30884,,7,6,8,14,6,8,14,7,0.296973,0.312187,22851.991407,0.257576
12310,,7,4,0,4,4,0,4,0,0,0,0,0.416667
24784,,15,1,1,2,1,1,2,8,0.252481,0.263502,263.072327,0
25375,,5,2,7,9,2,7,9,8,0.238443,0.24741,8954.913401,0.410714
31049,,15,1,2,3,1,2,3,9,0.21877,0.225221,2.929779,0.166667
32524,,7,2,1,3,2,1,3,1,1,1,0,0.5
31003,,7,1,3,4,1,3,4,8,0.264942,0.276036,4.241786,0.333333
30479,,7,2,11,13,2,11,13,8,0.273062,0.285537,103915.013902,0.141026
22082,,7,2,0,2,2,0,2,0,0,0,0,1
31145,,7,1,1,2,1,1,2,8,0.233895,0.240735,0,1
5875,,15,3,4,7,3,4,7,9,0.20399,0.209444,71728.329021,0.033333
33347,,16,1,1,2,1,1,2,9,0.223049,0.230399,0,0.5
34258,,7,1,0,1,1,0,1,0,0,0,0,0
34366,,7,1,0,1,1,0,1,0,0,0,0,0
34403,,7,1,0,1,1,0,1,0,0,0,0,0
20281,,7,2,1,3,2,1,3,8,0.244344,0.253397,14260.202693,0.166667
31647,,7,1,3,4,1,3,4,8,0.25777,0.268064,48.620609,0.333333
34721,,7,1,0,1,1,0,1,0,0,0,0,0
34777,,7,1,0,1,1,0,1,0,0,0,0,0
34966,,11,2,2,4,2,2,4,8,0.236184,0.244448,2398.76162,0.083333
35201,,7,1,0,1,1,0,1,0,0,0,0,0
35618,,7,1,0,1,1,0,1,0,0,0,0,0
13026,,7,3,11,14,3,11,14,8,0.274568,0.287472,24333.770687,0.185897
1965,,6,8,18,26,8,18,26,8,0.256077,0.266358,132884.391678,0.078571
2304,,15,2,9,11,2,9,11,8,0.253641,0.263187,97219.68218,0.033333
13825,,11,2,2,4,2,2,4,9,0.216717,0.222925,26252.734496,0
14774,,11,2,0,2,2,0,2,0,0,0,0,0
14556,,16,2,1,3,2,1,3,9,0.213534,0.219295,288.84576,0
16361,,16,3,1,4,3,1,4,9,0.223433,0.230473,22065.065474,0
23136,,15,1,1,2,1,1,2,10,0.179157,0.182315,0,0.5
22947,,11,2,3,5,2,3,5,8,0.229964,0.237358,116.0516,0.333333
2190,,11,5,5,10,5,5,10,8,0.236832,0.245621,124612.895089,0.069444
16408,,0,8,1,9,8,1,9,9,0.20608,0.211828,38688.400238,0.089286
13591,,2,1,1,2,1,1,2,8,0.261476,0.272569,48.923645,0
5040,,11,3,1,4,3,1,4,9,0.200407,0.205672,6776.063828,0.5
25599,,11,2,3,5,2,3,5,9,0.200413,0.205734,7860.490881,0.333333
30284,,11,1,0,1,1,0,1,0,0,0,0,0
28644,,11,1,1,2,1,1,2,11,0.166952,0.169918,128.323508,0
24077,,11,5,2,7,5,2,7,9,0.209796,0.215714,49934.301705,0.047619
18312,,11,3,1,4,3,1,4,9,0.229653,0.236932,18825,0.5
4742,,15,5,0,5,5,0,5,0,0,0,0,0
25192,,6,2,3,5,2,3,5,8,0.234832,0.242394,103892,0.166667
7653,,24,5,2,7,5,2,7,9,0.216585,0.222907,64009.984849,0.133333
31834,,11,8,0,8,8,0,8,0,0,0,0,0.017857
32868,,11,3,1,4,3,1,4,9,0.220012,0.226625,18949.725036,0
21797,,11,3,0,3,3,0,3,0,0,0,0,0
15267,,11,19,12,31,19,12,31,8,0.255972,0.26783,148136.163485,0.081667
5998,,11,8,9,17,8,9,17,9,0.225302,0.232495,54877.745066,0.21978
33847,,24,1,1,2,1,1,2,10,0.178034,0.1815,0,0.5
17998,,11,1,6,7,1,6,7,8,0.235578,0.244446,33657.710472,0.166667
35372,,15,2,0,2,2,0,2,0,0,0,0,0
17359,,8,5,3,8,5,3,8,8,0.264484,0.275594,84046.532672,0.133333
988,,8,0,1,1,0,1,1,8,0.262756,0.273466,0,0
13503,,15,3,4,7,3,4,7,8,0.272438,0.284076,1937.000798,0.095238
3372,,11,6,3,9,6,3,9,8,0.227101,0.235105,929.51748,0.111111
5776,,11,3,6,9,3,6,9,8,0.248554,0.258197,44.817264,0.547619
21138,,11,1,1,2,1,1,2,9,0.199065,0.203856,0.75,0.5
9812,,15,2,7,9,2,7,9,9,0.228269,0.236403,59489.020916,0.027778
15389,,19,2,2,4,2,2,4,9,0.222438,0.229694,13.730274,0.666667
24279,,19,1,0,1,1,0,1,0,0,0,0,0
12432,,19,2,1,3,2,1,3,9,0.222427,0.229641,0,0.666667
12910,,15,2,1,3,2,1,3,9,0.212685,0.218377,0,0.5
14932,,15,5,1,6,5,1,6,9,0.212685,0.218377,20135.574485,0.05
9201,,15,3,4,7,3,4,7,9,0.221581,0.228676,70968.28047,0.25
26824,,15,1,0,1,1,0,1,0,0,0,0,0
34861,,15,1,0,1,1,0,1,0,0,0,0,0
996,,5,0,1,1,0,1,1,9,0.197715,0.202278,0,0
997,,5,3,3,6,3,3,6,8,0.246427,0.255512,19405.124115,0.1
5893,,11,1,0,1,1,0,1,0,0,0,0,0
17175,,11,1,0,1,1,0,1,0,0,0,0,0
19580,,11,1,3,4,1,3,4,8,0.24684,0.255584,24.597363,0.166667
21106,,11,1,0,1,1,0,1,0,0,0,0,0
8305,,5,4,5,9,4,5,9,8,0.238289,0.246982,4476.6221,0.035714
31622,,11,2,0,2,2,0,2,0,0,0,0,1
5552,,11,4,7,11,4,7,11,8,0.256039,0.267808,47143.932734,0.127273
33179,,16,1,1,2,1,1,2,9,0.234735,0.24323,197.423472,0
999,,12,0,2,2,0,2,2,9,0.208203,0.213887,0,1
1000,,12,7,19,26,7,19,26,9,0.209637,0.215896,388851.335169,0.018116
2016,,12,9,6,15,9,6,15,9,0.208294,0.214108,157927.359282,0.063636
4575,,12,1,0,1,1,0,1,0,0,0,0,0
7805,,12,1,0,1,1,0,1,0,0,0,0,0
7989,,12,3,0,3,3,0,3,0,0,0,0,0
9239,,12,1,0,1,1,0,1,0,0,0,0,0
9622,,12,1,0,1,1,0,1,0,0,0,0,0
9124,,12,2,1,3,2,1,3,10,0.172388,0.175574,0,1
13390,,12,1,0,1,1,0,1,0,0,0,0,0
14796,,12,1,0,1,1,0,1,0,0,0,0,0
14679,,12,2,0,2,2,0,2,0,0,0,0,0
16388,,12,2,0,2,2,0,2,0,0,0,0,1
28109,,12,1,0,1,1,0,1,0,0,0,0,0
30763,,12,1,2,3,1,2,3,10,0.172301,0.17543,51948,0
34307,,12,1,0,1,1,0,1,0,0,0,0,0
35050,,12,1,0,1,1,0,1,0,0,0,0,0
3680,,2,3,3,6,3,3,6,8,0.255965,0.266674,27981.959009,0.066667
25429,,2,1,2,3,1,2,3,9,0.217132,0.223291,540.165756,0
1008,,11,7,4,11,7,4,11,8,0.253,0.263806,15358.25192,0.482143
2896,,11,2,5,7,2,5,7,9,0.223885,0.23072,25974,0.55
3643,,11,2,5,7,2,5,7,9,0.224448,0.231325,0,0.9
4821,,11,1,0,1,1,0,1,0,0,0,0,0
3133,,11,9,6,15,9,6,15,8,0.238536,0.246144,7596.371755,0.281818
4780,,11,9,3,12,9,3,12,9,0.221958,0.228607,5664.638365,0.222222
9475,,11,2,1,3,2,1,3,9,0.221824,0.228356,0,0.5
10407,,11,3,6,9,3,6,9,9,0.232385,0.241034,837.799822,0.547619
3645,,11,7,6,13,7,6,13,9,0.231727,0.239995,62570.563347,0.208333
13955,,11,2,2,4,2,2,4,9,0.22229,0.228954,8199.300013,0.5
15934,,11,3,1,4,3,1,4,1,1,1,25976,0.25
1009,,16,2,10,12,2,10,12,8,0.270702,0.283615,78640.300964,0.209091
2039,,16,9,7,16,9,7,16,8,0.259111,0.270744,48654.104832,0.1375
13646,,16,1,1,2,1,1,2,9,0.202969,0.207927,0,1
18945,,16,1,0,1,1,0,1,0,0,0,0,0
30440,,16,3,12,15,3,12,15,8,0.25873,0.270136,130881.651274,0.038462
1012,,7,0,2,2,0,2,2,9,0.200074,0.20441,0,0
1013,,7,1,0,1,1,0,1,0,0,0,0,0
1015,,7,0,1,1,0,1,1,9,0.222499,0.229441,0,0
12137,,11,1,0,1,1,0,1,0,0,0,0,0
6889,,8,2,0,2,2,0,2,0,0,0,0,0.5
12857,,5,4,0,4,4,0,4,0,0,0,0,0
25122,,1,2,0,2,2,0,2,0,0,0,0,1
5408,,8,4,1,5,4,1,5,10,0.174376,0.177656,37772.837886,0.05
1019,,5,2,7,9,2,7,9,8,0.249947,0.259194,19378.99274,0.107143
7959,,5,1,3,4,1,3,4,9,0.222435,0.229234,0,0.333333
1022,,8,0,2,2,0,2,2,8,0.228331,0.235827,0,0
3927,,8,1,0,1,1,0,1,0,0,0,0,0
6207,,8,2,1,3,2,1,3,8,0.23113,0.237847,324.964497,0
28778,,8,1,0,1,1,0,1,0,0,0,0,0
1025,,0,1,9,10,1,9,10,7,0.298229,0.313708,41780.412107,0.222222
23341,,0,1,0,1,1,0,1,0,0,0,0,0
19639,,0,6,11,17,6,11,17,7,0.281881,0.296322,97942.454835,0.125
9030,,0,6,9,15,6,9,15,8,0.242766,0.2519,50934.359921,0.061905
23514,,0,7,0,7,7,0,7,0,0,0,0,0.047619
8571,,0,4,0,4,4,0,4,0,0,0,0,0.166667
10441,,0,1,0,1,1,0,1,0,0,0,0,0
29402,,0,1,1,2,1,1,2,8,0.229891,0.237491,181.838418,0
4774,,0,8,12,20,8,12,20,8,0.26286,0.274909,32910.788467,0.021053
11993,,0,1,0,1,1,0,1,0,0,0,0,0
23133,,10,5,4,9,5,4,9,8,0.225458,0.233081,19052.402873,0.261905
32483,,0,1,0,1,1,0,1,0,0,0,0,0
1075,,0,1,0,1,1,0,1,0,0,0,0,0
1588,,0,1,0,1,1,0,1,0,0,0,0,0
1780,,0,1,0,1,1,0,1,0,0,0,0,0
1978,,0,1,0,1,1,0,1,0,0,0,0,0
2003,,0,1,0,1,1,0,1,0,0,0,0,0
2098,,0,1,0,1,1,0,1,0,0,0,0,0
2424,,0,1,0,1,1,0,1,0,0,0,0,0
2516,,0,1,0,1,1,0,1,0,0,0,0,0
2623,,0,1,0,1,1,0,1,0,0,0,0,0
2897,,0,1,1,2,1,1,2,1,1,1,7809.707192,0
3503,,0,1,0,1,1,0,1,0,0,0,0,0
3670,,0,1,0,1,1,0,1,0,0,0,0,0
5325,,0,1,0,1,1,0,1,0,0,0,0,0
5392,,0,2,1,3,2,1,3,1,1,1,25976,0.333333
5484,,10,9,17,26,9,17,26,8,0.266257,0.278659,286213.167456,0.005
5760,,0,8,0,8,8,0,8,0,0,0,0,0.142857
2989,,10,5,11,16,5,11,16,8,0.267799,0.280301,77129.771271,0.1
6142,,11,1,2,3,1,2,3,8,0.244738,0.253503,67.850925,0.333333
6244,,0,1,0,1,1,0,1,0,0,0,0,0
6331,,11,1,8,9,1,8,9,8,0.247434,0.258767,8862.047789,0.319444
6366,,0,1,0,1,1,0,1,0,0,0,0,0
6414,,0,1,0,1,1,0,1,0,0,0,0,0
7225,,6,2,1,3,2,1,3,9,0.224261,0.231116,954.435058,0
7418,,0,1,0,1,1,0,1,0,0,0,0,0
8031,,0,1,0,1,1,0,1,0,0,0,0,0
8107,,0,1,0,1,1,0,1,0,0,0,0,0
8331,,0,1,0,1,1,0,1,0,0,0,0,0
8457,,10,5,7,12,5,7,12,8,0.253727,0.26425,6995.810727,0.088889
8113,,11,8,4,12,8,4,12,8,0.242966,0.252151,60288.423527,0.045455
8535,,0,1,1,2,1,1,2,9,0.193389,0.19771,68.459136,0
8549,,2,1,1,2,1,1,2,9,0.210485,0.215947,285.530759,0
8589,,0,1,0,1,1,0,1,0,0,0,0,0
8620,,0,1,0,1,1,0,1,0,0,0,0,0
8742,,16,3,2,5,3,2,5,9,0.22053,0.227115,273.822228,0.1
5948,,21,26,16,42,26,16,42,8,0.247831,0.257547,176733.507184,0.075758
8792,,0,1,0,1,1,0,1,0,0,0,0,0
8881,,12,2,0,2,2,0,2,0,0,0,0,0
9186,,0,1,0,1,1,0,1,0,0,0,0,0
9210,,0,1,0,1,1,0,1,0,0,0,0,0
8779,,18,2,0,2,2,0,2,0,0,0,0,0
9697,,0,1,0,1,1,0,1,0,0,0,0,0
7905,,11,4,10,14,4,10,14,9,0.235906,0.245641,155689.915677,0.045455
10618,,0,1,0,1,1,0,1,0,0,0,0,0
10767,,0,2,1,3,2,1,3,9,0.226293,0.23427,40.444744,0
11467,,0,1,0,1,1,0,1,0,0,0,0,0
11555,,0,1,0,1,1,0,1,0,0,0,0,0
11750,,0,1,2,3,1,2,3,8,0.231628,0.239104,167.081739,0
12287,,0,1,0,1,1,0,1,0,0,0,0,0
12824,,0,1,0,1,1,0,1,0,0,0,0,0
12947,,0,1,0,1,1,0,1,0,0,0,0,0
8257,,12,6,0,6,6,0,6,0,0,0,0,0.033333
13184,,0,1,0,1,1,0,1,0,0,0,0,0
13120,,0,1,1,2,1,1,2,8,0.234571,0.242418,66.695129,0
6588,,0,2,1,3,2,1,3,1,1,1,25976,0.166667
13407,,0,1,0,1,1,0,1,0,0,0,0,0
13423,,0,1,0,1,1,0,1,0,0,0,0,0
13861,,10,1,2,3,1,2,3,10,0.191754,0.196236,310.298724,0
14020,,0,1,0,1,1,0,1,0,0,0,0,0
14127,,5,2,4,6,2,4,6,8,0.263736,0.275254,18931.068737,0.166667
15342,,0,1,0,1,1,0,1,0,0,0,0,0
8612,,0,1,1,2,1,1,2,9,0.250612,0.260976,77.618765,0
8382,,7,3,7,10,3,7,10,8,0.274904,0.287728,45453.30568,0.211111
15798,,0,1,0,1,1,0,1,0,0,0,0,0
15837,,11,1,5,6,1,5,6,8,0.243384,0.252592,2789.026896,0.2
15940,,0,1,0,1,1,0,1,0,0,0,0,0
13949,,0,4,3,7,4,3,7,9,0.221668,0.228932,38054.941549,0.02381
14966,,18,1,1,2,1,1,2,1,1,1,7329.125877,0
16271,,0,1,0,1,1,0,1,0,0,0,0,0
16410,,0,2,0,2,2,0,2,0,0,0,0,0
16520,,0,2,2,4,2,2,4,8,0.267377,0.277974,18936.298715,0.083333
16605,,0,1,0,1,1,0,1,0,0,0,0,0
16673,,16,3,2,5,3,2,5,8,0.236344,0.244983,307.449099,0.333333
8674,,5,1,6,7,1,6,7,8,0.250863,0.260722,26317.449558,0.071429
16961,,0,1,0,1,1,0,1,0,0,0,0,0
17003,,11,1,1,2,1,1,2,8,0.251382,0.261452,0,0.5
17012,,0,1,0,1,1,0,1,0,0,0,0,0
17431,,0,1,1,2,1,1,2,9,0.220466,0.227386,311.869655,0
17621,,0,1,0,1,1,0,1,0,0,0,0,0
17835,,0,1,0,1,1,0,1,0,0,0,0,0
17924,,0,1,0,1,1,0,1,0,0,0,0,0
17993,,0,1,0,1,1,0,1,0,0,0,0,0
6470,,16,3,2,5,3,2,5,9,0.226964,0.234424,20779.732503,0.05
18509,,0,1,0,1,1,0,1,0,0,0,0,0
18925,,0,2,0,2,2,0,2,0,0,0,0,0
18927,,0,1,0,1,1,0,1,0,0,0,0,0
19020,,11,3,7,10,3,7,10,9,0.243092,0.251541,63305.224118,0.033333
18288,,0,3,0,3,3,0,3,0,0,0,0,0.166667
3141,,16,14,7,21,14,7,21,9,0.235844,0.244096,347332.015046,0.067251
19884,,0,1,0,1,1,0,1,0,0,0,0,0
20067,,15,2,1,3,2,1,3,9,0.21125,0.216722,67.219533,0.166667
20141,,16,1,4,5,1,4,5,1,1,1,619.706439,0
17399,,12,2,1,3,2,1,3,10,0.174173,0.177232,1049.138049,0.5
20158,,0,1,0,1,1,0,1,0,0,0,0,0
20424,,0,1,0,1,1,0,1,0,0,0,0,0
19815,,16,3,2,5,3,2,5,8,0.2577,0.268912,28380.659447,0.1
20605,,0,1,0,1,1,0,1,0,0,0,0,0
20638,,21,2,0,2,2,0,2,0,0,0,0,0
20852,,0,1,0,1,1,0,1,0,0,0,0,0
21013,,11,16,1,17,16,1,17,9,0.225629,0.232812,298.92632,0.3375
21074,,0,1,0,1,1,0,1,0,0,0,0,0
16480,,10,3,0,3,3,0,3,0,0,0,0,0
12619,,0,2,2,4,2,2,4,8,0.230722,0.238722,261.992299,0.083333
14424,,15,4,5,9,4,5,9,9,0.219802,0.226134,75172.95473,0.027778
21477,,0,1,0,1,1,0,1,0,0,0,0,0
22044,,3,2,0,2,2,0,2,0,0,0,0,0
17524,,11,2,2,4,2,2,4,8,0.252143,0.262299,260.621959,0.5
19294,,0,2,2,4,2,2,4,8,0.232558,0.24076,2729.974859,0.333333
22390,,2,1,1,2,1,1,2,9,0.217057,0.223431,846.994302,0
22568,,0,1,0,1,1,0,1,0,0,0,0,0
22695,,0,1,0,1,1,0,1,0,0,0,0,0
22745,,3,2,0,2,2,0,2,0,0,0,0,0
22895,,12,2,0,2,2,0,2,0,0,0,0,0
23114,,0,1,0,1,1,0,1,0,0,0,0,0
23195,,0,5,1,6,5,1,6,1,1,1,147.546322,0
10131,,7,1,6,7,1,6,7,8,0.241619,0.249325,104794.772194,0.071429
23303,,0,1,0,1,1,0,1,0,0,0,0,0
2440,,16,2,7,9,2,7,9,8,0.271491,0.284442,665.449586,0.25
23532,,11,2,1,3,2,1,3,8,0.244433,0.254493,1718.928402,0.166667
19275,,11,1,2,3,1,2,3,8,0.23242,0.240763,202.998921,0.333333
23762,,0,2,1,3,2,1,3,9,0.191092,0.195764,94.915805,0.166667
23772,,0,1,0,1,1,0,1,0,0,0,0,0
5344,,0,5,8,13,5,8,13,8,0.232952,0.241094,41550.758939,0.141026
24179,,0,1,0,1,1,0,1,0,0,0,0,0
24233,,0,1,0,1,1,0,1,0,0,0,0,0
24350,,0,1,0,1,1,0,1,0,0,0,0,0
24399,,11,3,0,3,3,0,3,0,0,0,0,0
24519,,0,1,0,1,1,0,1,0,0,0,0,0
24547,,0,1,0,1,1,0,1,0,0,0,0,0
24740,,0,1,0,1,1,0,1,0,0,0,0,0
24872,,16,4,1,5,4,1,5,9,0.222627,0.229754,45.99339,0.15
24903,,0,1,1,2,1,1,2,8,0.231953,0.238893,0,0.5
14144,,11,1,2,3,1,2,3,8,0.24207,0.251666,329.33659,0.333333
10243,,8,5,4,9,5,4,9,8,0.250619,0.259914,428.846108,0.178571
25226,,0,1,0,1,1,0,1,0,0,0,0,0
25297,,24,2,2,4,2,2,4,1,1,1,31205.987328,0.166667
25793,,0,2,0,2,2,0,2,0,0,0,0,0
25845,,0,1,0,1,1,0,1,0,0,0,0,0
22341,,0,4,0,4,4,0,4,0,0,0,0,0
23580,,11,3,2,5,3,2,5,9,0.23111,0.238588,126.59362,0.333333
20934,,8,2,2,4,2,2,4,8,0.263124,0.273957,0,0.5
26231,,0,1,0,1,1,0,1,0,0,0,0,0
25816,,56,1,1,2,1,1,2,9,0.201253,0.205789,270.216744,0
12625,,2,3,0,3,3,0,3,0,0,0,0,0.5
26013,,5,5,0,5,5,0,5,0,0,0,0,0.2
26778,,0,2,0,2,2,0,2,0,0,0,0,0.5
27008,,0,1,0,1,1,0,1,0,0,0,0,0
27054,,0,1,0,1,1,0,1,0,0,0,0,0
27653,,0,1,0,1,1,0,1,0,0,0,0,0
27679,,0,1,0,1,1,0,1,0,0,0,0,0
27854,,0,1,0,1,1,0,1,0,0,0,0,0
27882,,6,1,2,3,1,2,3,9,0.220435,0.227169,26095.468446,0
28599,,0,1,0,1,1,0,1,0,0,0,0,0
27765,,0,1,1,2,1,1,2,9,0.226184,0.233311,181.753344,0
28897,,0,1,1,2,1,1,2,9,0.217838,0.224578,203.710894,0
28987,,11,1,2,3,1,2,3,8,0.243032,0.25197,37.032034,0.166667
29182,,0,1,0,1,1,0,1,0,0,0,0,0
29494,,16,2,0,2,2,0,2,0,0,0,0,0
26437,,1,21,4,25,21,4,25,1,1,1,103972,0.002165
6736,,5,6,10,16,6,10,16,8,0.247275,0.256014,78882.452367,0.066667
30153,,0,1,0,1,1,0,1,0,0,0,0,0
30247,,0,1,0,1,1,0,1,0,0,0,0,0
29393,,3,4,5,9,4,5,9,8,0.256625,0.266426,186346.506603,0.035714
14097,,10,3,5,8,3,5,8,9,0.242584,0.251661,36193.925323,0.089286
25422,,21,1,1,2,1,1,2,1,1,1,2.669093,0
27676,,0,18,10,28,18,10,28,8,0.237828,0.246212,521155.776162,0.008658
30237,,0,3,2,5,3,2,5,9,0.192137,0.196409,12534.257552,0.5
30771,,0,1,0,1,1,0,1,0,0,0,0,0
12742,,7,3,8,11,3,8,11,8,0.244395,0.253734,656.366944,0.290909
31230,,0,1,0,1,1,0,1,0,0,0,0,0
24702,,2,1,2,3,1,2,3,8,0.261501,0.272629,25974,0.166667
31795,,0,1,0,1,1,0,1,0,0,0,0,0
31883,,0,1,0,1,1,0,1,0,0,0,0,0
32123,,16,1,1,2,1,1,2,8,0.236963,0.244423,50.349651,0
32195,,0,1,0,1,1,0,1,0,0,0,0,0
27359,,11,5,2,7,5,2,7,9,0.211519,0.216813,20808.33726,0.047619
18770,,0,2,1,3,2,1,3,1,1,1,25979,0
31845,,16,1,1,2,1,1,2,8,0.257548,0.268692,139.830889,0
8955,,16,5,4,9,5,4,9,8,0.272375,0.284051,24041.280868,0.013889
33256,,0,1,0,1,1,0,1,0,0,0,0,0
33315,,0,1,0,1,1,0,1,0,0,0,0,0
31709,,2,2,1,3,2,1,3,9,0.198221,0.202606,110.627953,0
33709,,11,2,0,2,2,0,2,0,0,0,0,0.5
16778,,15,2,2,4,2,2,4,8,0.240082,0.248774,854.957669,0
34014,,0,1,0,1,1,0,1,0,0,0,0,0
34072,,0,1,0,1,1,0,1,0,0,0,0,0
12219,,8,1,2,3,1,2,3,10,0.189423,0.193741,2101.43592,0
34424,,0,2,0,2,2,0,2,0,0,0,0,1
23218,,0,2,2,4,2,2,4,1,1,1,814.639441,0.083333
23596,,8,2,2,4,2,2,4,9,0.222193,0.229341,1050.694748,0
34751,,0,1,0,1,1,0,1,0,0,0,0,0
34792,,0,1,0,1,1,0,1,0,0,0,0,0
35531,,0,1,0,1,1,0,1,0,0,0,0,0
35542,,0,1,0,1,1,0,1,0,0,0,0,0
33441,,11,3,3,6,3,3,6,9,0.219766,0.226752,200.146952,0.4
11623,,0,3,2,5,3,2,5,9,0.219205,0.225272,711.02618,0
10790,,10,2,1,3,2,1,3,8,0.247792,0.25846,1215.790383,0
23077,,7,2,4,6,2,4,6,8,0.279197,0.292546,27746.448439,0.3
1906,,12,1,3,4,1,3,4,8,0.237771,0.245756,235.861415,0.5
9153,,12,1,0,1,1,0,1,0,0,0,0,0
10754,,12,1,1,2,1,1,2,9,0.208149,0.213682,0,0
11535,,12,1,0,1,1,0,1,0,0,0,0,0
17188,,12,2,1,3,2,1,3,9,0.208149,0.213682,0,0.5
13581,,12,1,2,3,1,2,3,9,0.208204,0.213783,38767.041664,0
23685,,12,1,0,1,1,0,1,0,0,0,0,0
23834,,12,1,0,1,1,0,1,0,0,0,0,0
22884,,10,1,1,2,1,1,2,1,1,1,1.347363,0
4397,,0,1,1,2,1,1,2,9,0.223978,0.230998,0,0.5
1856,,0,2,0,2,2,0,2,0,0,0,0,0
9655,,12,5,3,8,5,3,8,9,0.208999,0.214677,20644.513689,0.071429
6745,,7,7,3,10,7,3,10,9,0.207983,0.213513,231.678555,0.077778
4369,,24,2,0,2,2,0,2,0,0,0,0,0
5103,,11,3,0,3,3,0,3,0,0,0,0,0
10231,,11,2,0,2,2,0,2,0,0,0,0,0.5
26998,,11,5,7,12,5,7,12,8,0.238379,0.247922,46331.506306,0.144444
13194,,8,1,0,1,1,0,1,0,0,0,0,0
13542,,8,1,0,1,1,0,1,0,0,0,0,0
14160,,8,1,1,2,1,1,2,10,0.162739,0.165058,0,0.5
15658,,7,1,2,3,1,2,3,8,0.247812,0.256794,56.107482,0.166667
14161,,8,3,2,5,3,2,5,9,0.194365,0.198321,18826,0.25
18131,,8,2,1,3,2,1,3,9,0.194361,0.198286,1,0.333333
14648,,8,3,1,4,3,1,4,8,0.241245,0.248873,18825,0.5
24938,,8,2,0,2,2,0,2,0,0,0,0,0
2733,,16,1,5,6,1,5,6,8,0.267472,0.278826,620.272324,0.35
23665,,8,6,6,12,6,6,12,8,0.247366,0.256076,12286.128376,0.357143
20586,,8,4,1,5,4,1,5,8,0.241245,0.248873,56601.547133,0.083333
6071,,5,7,11,18,7,11,18,8,0.280817,0.294451,146087.152391,0.110294
27974,,8,3,0,3,3,0,3,0,0,0,0,0.166667
20580,,0,2,4,6,2,4,6,8,0.250736,0.260017,27000.445154,0.066667
6378,,8,6,7,13,6,7,13,8,0.248837,0.258018,83008.836903,0.044444
12579,,8,5,7,12,5,7,12,8,0.250806,0.261147,17761.204402,0.098485
33283,,8,1,0,1,1,0,1,0,0,0,0,0
33605,,8,4,0,4,4,0,4,0,0,0,0,0.25
33526,,8,8,3,11,8,3,11,9,0.230282,0.237792,1208.838227,0.388889
14350,,8,8,3,11,8,3,11,9,0.212143,0.217975,4375.693532,0.208333
1048,,10,1,0,1,1,0,1,0,0,0,0,0
5702,,10,1,0,1,1,0,1,0,0,0,0,0
12356,,10,1,0,1,1,0,1,0,0,0,0,0
12974,,11,3,2,5,3,2,5,8,0.267453,0.278302,46329.278854,0
14166,,8,5,10,15,5,10,15,8,0.247577,0.25783,91485.843119,0.082418
18579,,16,1,1,2,1,1,2,9,0.209648,0.215517,17.83742,0
18681,,7,1,6,7,1,6,7,8,0.265413,0.277154,56.544434,0.285714
33376,,10,1,0,1,1,0,1,0,0,0,0,0
33422,,10,1,0,1,1,0,1,0,0,0,0,0
2355,,10,3,22,25,3,22,25,8,0.275294,0.289451,98994.378344,0.093333
19998,,11,1,0,1,1,0,1,0,0,0,0,0
1053,,0,1,4,5,1,4,5,8,0.273889,0.286692,41246.836246,0.333333
6126,,6,1,1,2,1,1,2,8,0.256147,0.266926,0,1
9301,,10,1,0,1,1,0,1,0,0,0,0,0
11466,,10,1,1,2,1,1,2,9,0.229745,0.23691,0,0
11498,,10,1,0,1,1,0,1,0,0,0,0,0
20558,,1,2,2,4,2,2,4,9,0.235002,0.243985,18826,0.416667
21345,,10,1,0,1,1,0,1,0,0,0,0,0
25858,,10,1,1,2,1,1,2,9,0.229745,0.23691,0,0
29522,,10,1,0,1,1,0,1,0,0,0,0,0
30656,,10,1,1,2,1,1,2,9,0.214175,0.220398,0,1
32594,,10,1,0,1,1,0,1,0,0,0,0,0
33885,,9,4,0,4,4,0,4,0,0,0,0,0
1057,,11,0,1,1,0,1,1,9,0.224355,0.231354,0,0
23552,,7,1,0,1,1,0,1,0,0,0,0,0
5042,,10,3,1,4,3,1,4,9,0.200612,0.205615,74.876489,0.666667
14123,,10,1,0,1,1,0,1,0,0,0,0,0
12888,,10,3,4,7,3,4,7,8,0.267849,0.279907,28168.694433,0.071429
21007,,10,2,2,4,2,2,4,9,0.228061,0.235575,74.876489,0.833333
35035,,10,1,3,4,1,3,4,8,0.262526,0.273899,289.489209,0.166667
35594,,10,1,0,1,1,0,1,0,0,0,0,0
1061,,3,0,3,3,0,3,3,8,0.233189,0.240898,0,0.333333
8996,,10,1,0,1,1,0,1,0,0,0,0,0
3714,,1,8,18,26,8,18,26,8,0.265039,0.276947,72432.265199,0.060606
19798,,10,1,0,1,1,0,1,0,0,0,0,0
20364,,10,1,0,1,1,0,1,0,0,0,0,0
20365,,10,1,0,1,1,0,1,0,0,0,0,0
21270,,10,1,0,1,1,0,1,0,0,0,0,0
23203,,15,2,2,4,2,2,4,9,0.212208,0.217793,603.847348,0
3252,,10,10,15,25,10,15,25,8,0.273451,0.28632,100016.416752,0.071429
34232,,10,1,0,1,1,0,1,0,0,0,0,0
35355,,10,1,0,1,1,0,1,0,0,0,0,0
1065,,5,2,0,2,2,0,2,0,0,0,0,0
17969,,0,5,20,25,5,20,25,8,0.269748,0.281609,159499.055992,0.019763
20248,,1,2,3,5,2,3,5,8,0.23446,0.242788,51950,0.166667
22821,,11,2,0,2,2,0,2,0,0,0,0,1
4301,,8,4,1,5,4,1,5,1,1,1,25976,0
11241,,10,1,1,2,1,1,2,10,0.177572,0.181516,461.454535,0
31119,,8,1,0,1,1,0,1,0,0,0,0,0
1066,,11,14,14,28,14,14,28,8,0.253887,0.264677,205965.248506,0.044615
4832,,11,3,5,8,3,5,8,8,0.252481,0.262336,59057.224135,0.3
7898,,11,4,4,8,4,4,8,8,0.239764,0.24773,26035.123543,0.366667
10915,,11,3,2,5,3,2,5,8,0.24193,0.249959,2502.903724,0.5
8905,,11,3,1,4,3,1,4,9,0.201587,0.20643,5.842929,0.166667
12600,,11,9,3,12,9,3,12,8,0.239492,0.247414,56725.044026,0.118182
23879,,11,1,0,1,1,0,1,0,0,0,0,0
23908,,11,1,0,1,1,0,1,0,0,0,0,0
27317,,11,1,0,1,1,0,1,0,0,0,0,0
26596,,11,4,0,4,4,0,4,0,0,0,0,0.25
28099,,11,1,0,1,1,0,1,0,0,0,0,0
35219,,11,1,0,1,1,0,1,0,0,0,0,0
3221,,11,5,4,9,5,4,9,8,0.239532,0.247521,19259.410446,0.160714
11401,,11,1,0,1,1,0,1,0,0,0,0,0
9584,,11,2,2,4,2,2,4,8,0.239523,0.247459,20.062867,0.833333
12453,,11,1,0,1,1,0,1,0,0,0,0,0
12727,,11,1,0,1,1,0,1,0,0,0,0,0
3706,,11,7,7,14,7,7,14,9,0.215796,0.222408,130137.534917,0.081818
17676,,11,2,0,2,2,0,2,0,0,0,0,1
18293,,11,1,0,1,1,0,1,0,0,0,0,0
9092,,11,3,4,7,3,4,7,8,0.239498,0.24745,26075.438963,0.25
24051,,11,1,0,1,1,0,1,0,0,0,0,0
11299,,11,3,6,9,3,6,9,8,0.252681,0.262867,13446.719255,0.238095
33471,,11,1,0,1,1,0,1,0,0,0,0,0
22382,,16,1,5,6,1,5,6,8,0.241746,0.250207,25978.983403,0.133333
30937,,16,1,0,1,1,0,1,0,0,0,0,0
16578,,7,1,1,2,1,1,2,8,0.241824,0.250309,0,0
19137,,7,1,0,1,1,0,1,0,0,0,0,0
26594,,7,1,5,6,1,5,6,8,0.279057,0.291713,497.810264,0.433333
1070,,16,4,5,9,4,5,9,8,0.226171,0.234511,78035.370741,0.214286
1071,,16,2,0,2,2,0,2,0,0,0,0,0.5
1099,,16,3,3,6,3,3,6,9,0.18446,0.188888,0.5,0.833333
1098,,16,4,3,7,4,3,7,9,0.18446,0.188888,8429.768639,0.583333
1072,,6,1,2,3,1,2,3,8,0.247414,0.256784,26093.662027,0
4796,,6,1,1,2,1,1,2,8,0.256157,0.266935,484.219786,0
14258,,10,3,4,7,3,4,7,8,0.23973,0.248862,842.055232,0.366667
25839,,10,2,4,6,2,4,6,9,0.232782,0.241006,33056.016595,0.25
28269,,10,1,0,1,1,0,1,0,0,0,0,0
22166,,10,3,2,5,3,2,5,9,0.227334,0.235264,0,0.75
10541,,10,4,4,8,4,4,8,8,0.232845,0.241326,867.46346,0.35
29443,,10,3,3,6,3,3,6,9,0.227494,0.235133,0,1
14968,,6,8,16,24,8,16,24,8,0.261026,0.272496,46763.649784,0.123377
25465,,10,1,1,2,1,1,2,9,0.225842,0.23319,0,0
32469,,10,1,2,3,1,2,3,9,0.236508,0.24513,0,1
26241,,16,2,2,4,2,2,4,9,0.237978,0.246609,18868.139835,0
1076,,8,0,1,1,0,1,1,9,0.213364,0.219117,0,0
7135,,16,2,0,2,2,0,2,0,0,0,0,0
9396,,11,2,1,3,2,1,3,9,0.224914,0.23214,0,0.5
21417,,16,4,0,4,4,0,4,0,0,0,0,0.25
1080,,5,8,6,14,8,6,14,8,0.251873,0.26146,7646.398776,0.189394
5683,,5,17,12,29,17,12,29,8,0.260182,0.271471,142291.498624,0.08
13973,,11,1,3,4,1,3,4,8,0.265413,0.276667,435.336413,0.25
1211,,8,1,1,2,1,1,2,9,0.219671,0.226237,0,1
2860,,8,2,6,8,2,6,8,9,0.218714,0.225268,1253.774107,0.178571
2553,,8,9,7,16,9,7,16,8,0.23685,0.244675,3195.061419,0.109091
7540,,8,5,2,7,5,2,7,9,0.219748,0.226571,19059.917231,0.119048
3378,,8,7,6,13,7,6,13,8,0.242135,0.250922,5877.481146,0.181818
8673,,8,4,16,20,4,16,20,8,0.279699,0.293782,108028.378717,0.239766
8691,,8,4,5,9,4,5,9,7,0.294184,0.308824,19273.228119,0.266667
6568,,8,5,5,10,5,5,10,8,0.253354,0.262809,22344.331893,0.303571
8488,,8,1,5,6,1,5,6,8,0.236987,0.244488,8.234378,0.25
13031,,8,2,1,3,2,1,3,8,0.235811,0.243186,0,1
14946,,8,4,1,5,4,1,5,9,0.207059,0.212629,136.499328,0.35
21078,,8,1,0,1,1,0,1,0,0,0,0,0
23001,,8,2,0,2,2,0,2,0,0,0,0,1
8556,,8,2,4,6,2,4,6,8,0.237903,0.245506,1557.522195,0.583333
18021,,8,2,0,2,2,0,2,0,0,0,0,1
2552,,8,3,6,9,3,6,9,8,0.250366,0.259924,3295.83173,0.160714
30807,,8,3,5,8,3,5,8,8,0.23769,0.245274,50.615396,0.5
33929,,8,2,2,4,2,2,4,8,0.235814,0.243212,0,1
35113,,8,1,0,1,1,0,1,0,0,0,0,0
1085,,21,0,2,2,0,2,2,1,1,1,0,0
1086,,21,1,0,1,1,0,1,0,0,0,0,0
1088,,7,0,1,1,0,1,1,9,0.226681,0.233517,0,0
1792,,5,6,8,14,6,8,14,8,0.272568,0.285212,3432.382379,0.327273
1090,,8,2,4,6,2,4,6,9,0.240272,0.248507,661.382315,0.166667
1091,,8,3,7,10,3,7,10,8,0.260733,0.271441,1277.279016,0.138889
6951,,8,6,8,14,6,8,14,9,0.245584,0.255229,125859.762377,0.083333
1092,,8,1,1,2,1,1,2,9,0.219381,0.226046,0,0
4578,,8,1,0,1,1,0,1,0,0,0,0,0
9792,,8,1,0,1,1,0,1,0,0,0,0,0
16363,,8,1,1,2,1,1,2,9,0.219381,0.226046,0,0
24503,,8,1,1,2,1,1,2,9,0.219381,0.226046,0,0
32202,,8,1,0,1,1,0,1,0,0,0,0,0
7863,,2,2,0,2,2,0,2,0,0,0,0,0
18394,,2,3,0,3,3,0,3,0,0,0,0,0
20012,,2,1,1,2,1,1,2,8,0.261476,0.272569,0,0.5
13431,,2,1,1,2,1,1,2,9,0.211888,0.217856,83.367377,0
1096,,16,2,4,6,2,4,6,9,0.205255,0.210868,8660.666667,0.2
1097,,16,20,14,34,20,14,34,8,0.258248,0.269849,730425.228271,0.011396
2499,,16,2,0,2,2,0,2,0,0,0,0,0
1963,,16,2,0,2,2,0,2,0,0,0,0,1
2104,,16,1,29,30,1,29,30,8,0.281586,0.296366,23099.349714,0.087438
8197,,16,3,0,3,3,0,3,0,0,0,0,0.666667
9420,,16,1,0,1,1,0,1,0,0,0,0,0
9810,,16,2,4,6,2,4,6,9,0.205275,0.210917,43708.188915,0.083333
9897,,16,1,0,1,1,0,1,0,0,0,0,0
10711,,16,1,2,3,1,2,3,9,0.205347,0.210935,42.040542,0
11499,,16,1,0,1,1,0,1,0,0,0,0,0
8196,,16,1,4,5,1,4,5,9,0.205257,0.210876,25975,0.25
6809,,16,1,1,2,1,1,2,9,0.205246,0.210779,0,0
4189,,16,1,1,2,1,1,2,9,0.205246,0.210779,0,0
1340,,16,4,4,8,4,4,8,9,0.184462,0.188914,22551.307692,0.3
8083,,11,1,0,1,1,0,1,0,0,0,0,0
2766,,11,3,7,10,3,7,10,8,0.24944,0.259807,3471.321257,0.555556
12794,,11,1,1,2,1,1,2,9,0.21269,0.218885,0,0
8344,,11,2,2,4,2,2,4,8,0.238189,0.247865,1610.876295,0.333333
1102,,7,0,15,15,0,15,15,7,0.296586,0.31164,0,0.295238
8284,,0,1,0,1,1,0,1,0,0,0,0,0
8887,,0,1,1,2,1,1,2,9,0.195122,0.199631,0,0
13616,,0,1,0,1,1,0,1,0,0,0,0,0
7381,,6,5,5,10,5,5,10,9,0.193651,0.19789,56294.972335,0.041667
11407,,8,2,1,3,2,1,3,11,0.152578,0.154759,25975,0
10043,,8,1,1,2,1,1,2,9,0.196364,0.201147,24.774509,0.5
22439,,8,1,0,1,1,0,1,0,0,0,0,0
1108,,8,0,1,1,0,1,1,8,0.262756,0.273466,0,0
11912,,10,3,0,3,3,0,3,0,0,0,0,0.333333
20126,,10,1,1,2,1,1,2,9,0.220061,0.227186,0,0
3709,,2,2,6,8,2,6,8,9,0.228785,0.237167,23532.195919,0.133333
21466,,10,1,3,4,1,3,4,9,0.222514,0.229947,0,0.5
7523,,16,3,5,8,3,5,8,8,0.262431,0.274711,12028.494276,0.107143
16797,,10,1,1,2,1,1,2,8,0.238969,0.247046,49.627892,0
25437,,10,1,0,1,1,0,1,0,0,0,0,0
26274,,10,1,0,1,1,0,1,0,0,0,0,0
27028,,10,1,0,1,1,0,1,0,0,0,0,0
5033,,1,2,2,4,2,2,4,8,0.232727,0.240401,1017.954552,0
10803,,10,1,3,4,1,3,4,9,0.233622,0.242125,0,1
11303,,10,3,4,7,3,4,7,9,0.240391,0.249482,4920.865298,0.533333
29860,,10,2,2,4,2,2,4,9,0.226784,0.23456,123.568722,0.333333
32506,,10,1,2,3,1,2,3,9,0.220254,0.227496,0,1
27836,,10,3,3,6,3,3,6,9,0.224568,0.23185,26366.731752,0.133333
7130,,10,3,2,5,3,2,5,9,0.229953,0.238073,351.16515,0.333333
7983,,15,4,4,8,4,4,8,8,0.240419,0.249833,4603.790015,0.2
34616,,10,1,0,1,1,0,1,0,0,0,0,0
1110,,11,0,6,6,0,6,6,8,0.240828,0.250467,0,0.033333
5569,,11,1,3,4,1,3,4,9,0.233292,0.241784,34.921074,0.25
8054,,11,4,5,9,4,5,9,8,0.265641,0.277298,45422.856973,0.111111
1114,,11,0,1,1,0,1,1,8,0.251382,0.261452,0,0
1116,,7,0,1,1,0,1,1,8,0.272188,0.283721,0,0
3482,,11,3,4,7,3,4,7,8,0.263828,0.275446,19422.198019,0.166667
11545,,15,2,1,3,2,1,3,9,0.214507,0.221384,94.066471,0
11324,,11,4,6,10,4,6,10,8,0.255223,0.266132,403.624735,0.339286
22714,,11,2,3,5,2,3,5,8,0.248236,0.259152,0,1
31423,,11,1,0,1,1,0,1,0,0,0,0,0
18568,,11,1,3,4,1,3,4,8,0.246178,0.256524,11.766914,0.333333
34092,,11,2,0,2,2,0,2,0,0,0,0,1
1119,,7,0,1,1,0,1,1,9,0.192003,0.195864,0,0
8345,,5,1,0,1,1,0,1,0,0,0,0,0
1124,,16,2,4,6,2,4,6,8,0.243633,0.252744,22561.173506,0.35
5338,,16,2,2,4,2,2,4,9,0.208384,0.214125,25973,0.5
3507,,16,2,2,4,2,2,4,10,0.172455,0.175683,25983.35105,0.333333
15578,,16,1,0,1,1,0,1,0,0,0,0,0
1127,,16,3,3,6,3,3,6,9,0.208388,0.21416,56476,0.15
1128,,11,0,1,1,0,1,1,10,0.178141,0.181821,0,0
6320,,16,4,4,8,4,4,8,8,0.267472,0.279122,1888.60482,0.285714
8055,,10,2,1,3,2,1,3,8,0.232558,0.240754,13.411914,0
10588,,10,1,0,1,1,0,1,0,0,0,0,0
13539,,10,2,2,4,2,2,4,8,0.234163,0.242547,92.251512,0.333333
25201,,10,1,0,1,1,0,1,0,0,0,0,0
18790,,8,6,12,18,6,12,18,8,0.288172,0.302832,166643.646403,0.1875
7327,,2,1,2,3,1,2,3,8,0.261585,0.272723,1292.602554,0.166667
1417,,16,2,1,3,2,1,3,9,0.194664,0.199518,0,0.666667
1783,,16,2,9,11,2,9,11,8,0.240256,0.250112,60687.656436,0.266667
5832,,16,2,5,7,2,5,7,8,0.266081,0.277585,552.006306,0.366667
8913,,16,3,3,6,3,3,6,8,0.233698,0.242164,352.383451,0.25
6157,,16,2,2,4,2,2,4,8,0.236021,0.244588,0,0.666667
10713,,16,2,0,2,2,0,2,0,0,0,0,0.5
12641,,16,1,1,2,1,1,2,8,0.231371,0.239276,0,0
12565,,16,3,0,3,3,0,3,0,0,0,0,0.666667
12924,,16,1,0,1,1,0,1,0,0,0,0,0
11235,,16,2,7,9,2,7,9,8,0.232492,0.240847,26977.864899,0.125
14813,,16,1,0,1,1,0,1,0,0,0,0,0
12152,,11,2,2,4,2,2,4,8,0.260708,0.272203,2820.93775,0.25
16925,,16,1,1,2,1,1,2,9,0.194664,0.199518,0,0.5
18176,,16,1,2,3,1,2,3,8,0.23138,0.23932,0,0.5
20182,,16,1,1,2,1,1,2,8,0.235749,0.244202,0,1
5743,,2,4,2,6,4,2,6,9,0.217054,0.22345,28241.929781,0.1
7484,,16,3,2,5,3,2,5,8,0.231377,0.239311,44799,0.166667
14660,,16,1,2,3,1,2,3,8,0.235761,0.244251,25974,0.5
25372,,16,3,0,3,3,0,3,0,0,0,0,0.666667
15998,,16,1,1,2,1,1,2,8,0.231371,0.239276,0,0
26149,,16,2,0,2,2,0,2,0,0,0,0,1
7645,,16,5,9,14,5,9,14,8,0.268502,0.280448,47383.639781,0.2
29240,,16,1,0,1,1,0,1,0,0,0,0,0
19518,,16,2,1,3,2,1,3,8,0.231371,0.239276,0,0.5
11015,,16,2,3,5,2,3,5,8,0.238563,0.247728,89.94419,0.583333
21658,,16,3,3,6,3,3,6,8,0.234297,0.242666,19264.449956,0.3
32278,,16,1,0,1,1,0,1,0,0,0,0,0
33189,,8,1,1,2,1,1,2,8,0.262757,0.273467,0,0.5
31433,,16,2,1,3,2,1,3,8,0.235749,0.244202,18826,0.333333
34738,,16,1,0,1,1,0,1,0,0,0,0,0
29933,,16,1,1,2,1,1,2,9,0.201559,0.206956,0,0.5
4854,,16,1,0,1,1,0,1,0,0,0,0,0
13205,,16,1,0,1,1,0,1,0,0,0,0,0
14197,,16,1,0,1,1,0,1,0,0,0,0,0
14553,,16,1,0,1,1,0,1,0,0,0,0,0
5796,,16,1,1,2,1,1,2,8,0.234934,0.243137,0,0
15900,,16,1,1,2,1,1,2,1,1,1,1197.426266,0
15902,,16,1,1,2,1,1,2,8,0.234934,0.243137,0,0
17112,,16,1,0,1,1,0,1,0,0,0,0,0
17917,,16,2,0,2,2,0,2,0,0,0,0,0
20084,,16,1,0,1,1,0,1,0,0,0,0,0
19038,,16,3,2,5,3,2,5,8,0.23494,0.243173,25971,0.583333
23220,,16,5,1,6,5,1,6,8,0.234934,0.243137,2787.963595,0.05
23916,,16,1,0,1,1,0,1,0,0,0,0,0
24904,,16,6,0,6,6,0,6,0,0,0,0,0.8
21751,,8,3,1,4,3,1,4,8,0.257541,0.268685,88.119295,0.333333
27839,,16,1,1,2,1,1,2,8,0.234934,0.243137,0,0
28121,,16,1,0,1,1,0,1,0,0,0,0,0
11219,,7,3,3,6,3,3,6,9,0.219835,0.226707,19059.678757,0.15
22272,,16,5,2,7,5,2,7,9,0.221738,0.228416,128.926271,0.55
1409,,16,6,7,13,6,7,13,8,0.245818,0.255731,41951.326048,0.122222
30089,,16,2,0,2,2,0,2,0,0,0,0,0
32414,,12,3,0,3,3,0,3,0,0,0,0,0
4623,,16,2,3,5,2,3,5,8,0.228996,0.236532,2593.669036,0.1
31744,,16,1,3,4,1,3,4,8,0.230869,0.238425,996.258416,0.333333
34141,,16,1,0,1,1,0,1,0,0,0,0,0
33436,,16,1,1,2,1,1,2,8,0.234934,0.243137,0,0
35498,,16,1,0,1,1,0,1,0,0,0,0,0
6255,,5,2,0,2,2,0,2,0,0,0,0,0.5
10847,,0,3,0,3,3,0,3,0,0,0,0,0
23061,,0,1,0,1,1,0,1,0,0,0,0,0
27431,,0,1,0,1,1,0,1,0,0,0,0,0
34028,,0,1,0,1,1,0,1,0,0,0,0,0
4526,,16,1,0,1,1,0,1,0,0,0,0,0
2072,,16,5,4,9,5,4,9,8,0.257717,0.268983,27580.129248,0.055556
14504,,16,7,6,13,7,6,13,9,0.230206,0.238043,14291.540894,0.222222
17009,,16,6,2,8,6,2,8,9,0.194431,0.198627,1418.693199,0.166667
20409,,8,4,4,8,4,4,8,8,0.256345,0.266087,58023.224244,0.133333
28301,,16,5,1,6,5,1,6,1,1,1,2247.184662,0.033333
12215,,16,4,2,6,4,2,6,8,0.242976,0.251448,2716.665683,0.266667
34086,,16,1,1,2,1,1,2,8,0.257545,0.26869,0,0.5
1137,,2,0,2,2,0,2,2,8,0.263083,0.274225,0,0.5
8927,,6,10,7,17,10,7,17,9,0.216344,0.22317,77013.925336,0.021978
1139,,17,0,4,4,0,4,4,11,0.159286,0.162033,0,0
6879,,10,4,4,8,4,4,8,8,0.262592,0.273964,9260.811865,0.095238
12883,,8,1,1,2,1,1,2,8,0.224343,0.231025,861.38153,0
1141,,12,0,1,1,0,1,1,9,0.195014,0.200132,0,0
1662,,24,1,4,5,1,4,5,8,0.235063,0.242742,9645.638814,0.05
3093,,15,9,11,20,9,11,20,8,0.247245,0.256304,38784.950093,0.095588
4682,,8,1,0,1,1,0,1,0,0,0,0,0
7006,,8,1,0,1,1,0,1,0,0,0,0,0
7188,,8,1,0,1,1,0,1,0,0,0,0,0
8784,,8,1,1,2,1,1,2,9,0.210189,0.215593,0,0.5
9182,,11,4,4,8,4,4,8,9,0.251174,0.261697,29642.183935,0.15
8814,,15,1,2,3,1,2,3,8,0.239556,0.247903,195.77367,0.333333
6812,,15,1,1,2,1,1,2,1,1,1,327.997425,0
10971,,8,1,0,1,1,0,1,0,0,0,0,0
11157,,9,1,2,3,1,2,3,9,0.246737,0.256554,930.518314,0.166667
15567,,8,2,2,4,2,2,4,8,0.26276,0.273494,1347.111003,0.25
17307,,10,2,0,2,2,0,2,0,0,0,0,0.5
18342,,10,2,0,2,2,0,2,0,0,0,0,0
18789,,8,1,0,1,1,0,1,0,0,0,0,0
16292,,16,1,2,3,1,2,3,9,0.245607,0.254878,661.983198,0.333333
10497,,9,1,6,7,1,6,7,7,0.294658,0.309212,4690.756531,0.095238
21551,,8,1,1,2,1,1,2,9,0.250602,0.26096,0,0
2557,,7,6,27,33,6,27,33,8,0.291505,0.30691,89818.540891,0.203202
4676,,8,1,12,13,1,12,13,8,0.277936,0.291418,673.304697,0.205128
21315,,8,3,3,6,3,3,6,8,0.25694,0.267722,29797.607075,0.033333
20304,,7,3,7,10,3,7,10,8,0.273558,0.287104,18852.797303,0.322222
6738,,16,3,4,7,3,4,7,8,0.27005,0.282152,4807.784303,0.266667
3591,,2,2,3,5,2,3,5,8,0.263984,0.275578,44552.281113,0.3
25747,,8,1,0,1,1,0,1,0,0,0,0,0
26023,,8,1,0,1,1,0,1,0,0,0,0,0
26671,,8,1,0,1,1,0,1,0,0,0,0,0
27380,,8,1,0,1,1,0,1,0,0,0,0,0
10469,,8,2,1,3,2,1,3,8,0.229888,0.237488,711.301639,0.166667
21017,,0,1,1,2,1,1,2,8,0.238231,0.24637,0,0.5
7467,,10,3,0,3,3,0,3,0,0,0,0,0
30402,,8,1,0,1,1,0,1,0,0,0,0,0
25791,,8,2,3,5,2,3,5,9,0.250997,0.261531,2684.027454,0.416667
31657,,8,1,0,1,1,0,1,0,0,0,0,0
30653,,11,17,9,26,17,9,26,8,0.261447,0.272695,105970.223213,0.053333
31510,,15,2,0,2,2,0,2,0,0,0,0,0
4445,,8,1,1,2,1,1,2,9,0.200864,0.206044,217.279279,0.5
34653,,8,1,0,1,1,0,1,0,0,0,0,0
21691,,15,13,7,20,13,7,20,8,0.265773,0.277246,177269.616889,0.0375
2653,,8,3,4,7,3,4,7,8,0.248001,0.256521,19093.981621,0.133333
5421,,8,5,12,17,5,12,17,8,0.282596,0.29592,5217.518762,0.166667
9033,,8,3,1,4,3,1,4,8,0.256147,0.266926,835.271708,0.166667
6137,,8,9,14,23,9,14,23,8,0.272032,0.284655,151557.488614,0.045238
25549,,8,1,0,1,1,0,1,0,0,0,0,0
11705,,1,2,1,3,2,1,3,8,0.211312,0.216659,15.838283,0
2352,,8,2,15,17,2,15,17,8,0.283845,0.29749,20411.309839,0.169118
11745,,8,1,3,4,1,3,4,8,0.238706,0.247122,25974,0.333333
10517,,7,1,0,1,1,0,1,0,0,0,0,0
19877,,7,4,1,5,4,1,5,9,0.212064,0.218044,1.576138,0.1
19878,,9,1,5,6,1,5,6,9,0.227334,0.234884,5984.504213,0.166667
5791,,9,2,10,12,2,10,12,8,0.244983,0.254548,18409.917582,0.083333
10845,,7,3,2,5,3,2,5,8,0.24275,0.250477,16504.044518,0.1
18162,,21,1,1,2,1,1,2,1,1,1,75.47837,0
29158,,7,1,0,1,1,0,1,0,0,0,0,0
9852,,7,1,1,2,1,1,2,8,0.238222,0.245875,0,0
33204,,7,4,6,10,4,6,10,8,0.24864,0.257669,10002.62894,0.194444
33164,,9,2,1,3,2,1,3,10,0.177507,0.180765,18826,0.166667
34844,,7,1,0,1,1,0,1,0,0,0,0,0
1145,,10,2,1,3,2,1,3,9,0.216682,0.223209,43.651234,0.333333
1148,,17,2,0,2,2,0,2,0,0,0,0,0
21767,,11,1,0,1,1,0,1,0,0,0,0,0
34394,,0,1,0,1,1,0,1,0,0,0,0,0
35402,,0,1,0,1,1,0,1,0,0,0,0,0
14426,,8,1,0,1,1,0,1,0,0,0,0,0
1152,,11,0,1,1,0,1,1,8,0.251382,0.261452,0,0
1153,,12,0,2,2,0,2,2,8,0.237457,0.245656,0,1
16619,,6,1,0,1,1,0,1,0,0,0,0,0
2807,,8,2,3,5,2,3,5,9,0.222248,0.229034,26332.799583,0
1156,,24,0,2,2,0,2,2,9,0.236606,0.244802,0,0
12117,,24,3,17,20,3,17,20,8,0.282376,0.29588,39887.298506,0.113158
1500,,24,2,3,5,2,3,5,9,0.219404,0.22613,38070.735293,0.05
2959,,24,7,12,19,7,12,19,8,0.278697,0.291917,91611.134386,0.078431
9115,,16,2,1,3,2,1,3,9,0.190471,0.194929,635.107043,0.333333
14714,,16,1,0,1,1,0,1,0,0,0,0,0
15541,,16,2,0,2,2,0,2,0,0,0,0,1
14905,,16,2,3,5,2,3,5,8,0.237612,0.246639,0,0.666667
16922,,16,1,0,1,1,0,1,0,0,0,0,0
1657,,16,3,7,10,3,7,10,8,0.239331,0.248804,1042.607316,0.517857
8578,,11,11,4,15,11,4,15,8,0.235764,0.2443,69723.663452,0.016484
21019,,16,1,1,2,1,1,2,8,0.209424,0.215623,0,1
21914,,16,6,1,7,6,1,7,9,0.197893,0.202902,1.350451,0.8
23836,,16,2,2,4,2,2,4,8,0.241313,0.250668,0,1
25342,,16,1,0,1,1,0,1,0,0,0,0,0
6490,,16,2,6,8,2,6,8,8,0.238651,0.24792,22503.635825,0.166667
27038,,16,1,0,1,1,0,1,0,0,0,0,0
19943,,11,2,2,4,2,2,4,8,0.235749,0.24422,2.709926,0.5
17894,,16,4,4,8,4,4,8,9,0.236427,0.244984,9647.336785,0.071429
27869,,16,3,0,3,3,0,3,0,0,0,0,1
28559,,16,3,6,9,3,6,9,8,0.237172,0.246167,18830.699489,0.619048
27340,,16,1,2,3,1,2,3,8,0.236427,0.245104,0,1
28123,,16,8,14,22,8,14,22,8,0.251318,0.261275,6975.953526,0.220833
10828,,16,2,1,3,2,1,3,9,0.192589,0.19731,18826,0.333333
16466,,11,5,7,12,5,7,12,8,0.276564,0.289164,109174.487158,0.081818
22237,,16,6,3,9,6,3,9,8,0.235764,0.244282,15.648798,0.52381
26468,,16,4,1,5,4,1,5,9,0.213917,0.219942,18826,0.55
33293,,16,1,0,1,1,0,1,0,0,0,0,0
23558,,16,3,2,5,3,2,5,9,0.221738,0.228416,0,1
33779,,16,1,0,1,1,0,1,0,0,0,0,0
34553,,16,5,0,5,5,0,5,0,0,0,0,0.85
35602,,16,1,0,1,1,0,1,0,0,0,0,0
1160,,6,0,3,3,0,3,3,8,0.247427,0.256838,0,0.166667
14852,,16,1,2,3,1,2,3,8,0.235752,0.244229,1.007029,0.5
1162,,6,5,3,8,5,3,8,9,0.195226,0.199524,19396.494998,0.266667
3069,,6,8,11,19,8,11,19,8,0.238099,0.245946,58765.67513,0.25
11743,,6,2,2,4,2,2,4,10,0.181978,0.1859,0,0.666667
1312,,6,4,6,10,4,6,10,9,0.195957,0.200443,412.349714,0.285714
31974,,6,2,0,2,2,0,2,0,0,0,0,0
21803,,16,2,0,2,2,0,2,0,0,0,0,0
6672,,8,4,3,7,4,3,7,9,0.228103,0.235533,371.639408,0.095238
12126,,8,1,3,4,1,3,4,8,0.262672,0.273962,1074.222652,0.416667
12437,,8,1,0,1,1,0,1,0,0,0,0,0
13339,,16,3,1,4,3,1,4,10,0.185804,0.190049,97.655082,0.166667
7982,,15,3,2,5,3,2,5,9,0.207609,0.213367,639.601618,0.333333
5396,,8,6,5,11,6,5,11,8,0.263802,0.275287,24906.251852,0.180556
13723,,8,2,0,2,2,0,2,0,0,0,0,0.5
16251,,8,1,0,1,1,0,1,0,0,0,0,0
8965,,11,5,9,14,5,9,14,8,0.258944,0.271801,88266.547696,0.098485
24096,,8,2,2,4,2,2,4,9,0.198893,0.203555,348.916808,0.166667
7008,,24,1,1,2,1,1,2,10,0.179195,0.182789,46.01314,0
1167,,8,0,3,3,0,3,3,8,0.262767,0.273528,0,0.333333
1168,,16,0,18,18,0,18,18,8,0.240625,0.249757,0,0.045752
10899,,16,18,5,23,18,5,23,9,0.209796,0.215782,114362.517758,0.088095
13427,,16,8,2,10,8,2,10,9,0.209786,0.215694,27030.652721,0.138889
13518,,16,2,0,2,2,0,2,0,0,0,0,0
14100,,16,4,1,5,4,1,5,1,1,1,0.5,0.25
16323,,16,3,2,5,3,2,5,8,0.263301,0.274038,402666.212536,0.05
10785,,11,8,2,10,8,2,10,8,0.236166,0.244754,37571.928389,0.089286
22258,,16,5,0,5,5,0,5,0,0,0,0,0
22259,,16,5,1,6,5,1,6,2,0.666667,0.75,35803.819497,0.033333
28809,,16,10,0,10,10,0,10,0,0,0,0,0.022222
26985,,16,2,0,2,2,0,2,0,0,0,0,0
35416,,16,3,0,3,3,0,3,0,0,0,0,0
13017,,1,1,1,2,1,1,2,8,0.221626,0.227915,0,1
15349,,1,2,2,4,2,2,4,8,0.224721,0.231585,26258.434503,0
13388,,7,2,3,5,2,3,5,8,0.2422,0.249997,518.501978,0.166667
12966,,11,1,0,1,1,0,1,0,0,0,0,0
22922,,11,1,0,1,1,0,1,0,0,0,0,0
26841,,11,8,0,8,8,0,8,0,0,0,0,0.017857
34203,,11,1,0,1,1,0,1,0,0,0,0,0
34355,,11,1,0,1,1,0,1,0,0,0,0,0
35318,,11,1,0,1,1,0,1,0,0,0,0,0
18460,,5,2,0,2,2,0,2,0,0,0,0,0.5
24905,,5,2,1,3,2,1,3,9,0.202928,0.208071,0,0.833333
26061,,5,1,0,1,1,0,1,0,0,0,0,0
6907,,7,3,0,3,3,0,3,0,0,0,0,0.666667
9032,,15,1,0,1,1,0,1,0,0,0,0,0
10788,,24,2,2,4,2,2,4,8,0.260701,0.271795,819.131184,0.166667
13958,,5,5,11,16,5,11,16,8,0.268766,0.28134,13998.460319,0.153846
16175,,15,1,0,1,1,0,1,0,0,0,0,0
7193,,15,3,2,5,3,2,5,8,0.265559,0.276628,1527.57623,0.25
31220,,15,1,0,1,1,0,1,0,0,0,0,0
5026,,6,1,1,2,1,1,2,8,0.247392,0.256732,0,1
4685,,6,4,1,5,4,1,5,9,0.217911,0.2246,0,0.5
1177,,16,0,1,1,0,1,1,8,0.234941,0.243151,0,0
2533,,5,4,8,12,4,8,12,8,0.271409,0.284026,3328.988491,0.177778
4123,,15,1,2,3,1,2,3,9,0.222443,0.228782,25974,0.5
16197,,5,2,0,2,2,0,2,0,0,0,0,0.5
16359,,5,1,0,1,1,0,1,0,0,0,0,0
12607,,8,8,18,26,8,18,26,8,0.268766,0.280756,82495.72934,0.043333
15895,,15,1,2,3,1,2,3,8,0.263374,0.273789,957.921256,0
15946,,2,6,10,16,6,10,16,8,0.264737,0.275934,131665.919781,0.028571
33407,,5,1,0,1,1,0,1,0,0,0,0,0
14731,,5,1,3,4,1,3,4,8,0.241762,0.250042,115.407551,0
14129,,8,1,2,3,1,2,3,9,0.210081,0.215736,33.87093,0
17607,,3,2,2,4,2,2,4,8,0.23494,0.242809,1968.042374,0.5
19710,,3,2,0,2,2,0,2,0,0,0,0,0
21116,,3,1,0,1,1,0,1,0,0,0,0,0
1182,,16,1,9,10,1,9,10,8,0.252082,0.263208,52008.876791,0.066667
7012,,16,1,0,1,1,0,1,0,0,0,0,0
9707,,16,1,0,1,1,0,1,0,0,0,0,0
1184,,8,0,2,2,0,2,2,8,0.238498,0.246263,0,0
8474,,5,1,4,5,1,4,5,8,0.241849,0.25073,247.762015,0.333333
18671,,5,1,0,1,1,0,1,0,0,0,0,0
25796,,5,1,0,1,1,0,1,0,0,0,0,0
1186,,11,1,1,2,1,1,2,9,0.218582,0.225226,0,0
12935,,16,3,11,14,3,11,14,9,0.239709,0.248755,80935.342207,0.068182
23151,,11,1,1,2,1,1,2,9,0.205342,0.210857,0,1
7021,,11,3,3,6,3,3,6,9,0.233009,0.241346,1000.076164,0.033333
19022,,8,2,0,2,2,0,2,0,0,0,0,0
32999,,8,1,0,1,1,0,1,0,0,0,0,0
1193,,0,1,6,7,1,6,7,8,0.264047,0.27609,4214.6143,0.047619
12079,,10,2,0,2,2,0,2,0,0,0,0,0
4466,,5,2,3,5,2,3,5,8,0.214297,0.220187,19.909223,0
34704,,5,1,0,1,1,0,1,0,0,0,0,0
5993,,5,1,3,4,1,3,4,9,0.222007,0.228841,76.261212,0.166667
15403,,5,24,3,27,24,3,27,10,0.157886,0.160501,85746.163335,0.047692
17626,,5,1,1,2,1,1,2,9,0.227898,0.235597,0,0.5
1202,,15,0,2,2,0,2,2,9,0.217016,0.223595,0,0
19435,,15,1,0,1,1,0,1,0,0,0,0,0
26284,,15,1,0,1,1,0,1,0,0,0,0,0
24734,,15,2,1,3,2,1,3,10,0.183296,0.18734,62.32922,0
18005,,15,1,1,2,1,1,2,8,0.262757,0.273467,256.124467,0
3404,,11,1,2,3,1,2,3,1,1,1,0,0.333333
2345,,11,1,3,4,1,3,4,10,0.193947,0.19822,25974,0.333333
20459,,11,1,1,2,1,1,2,8,0.232828,0.239933,702.714859,0
21158,,11,1,0,1,1,0,1,0,0,0,0,0
1208,,6,1,0,1,1,0,1,0,0,0,0,0
3224,,6,1,0,1,1,0,1,0,0,0,0,0
3231,,6,1,0,1,1,0,1,0,0,0,0,0
4273,,6,1,0,1,1,0,1,0,0,0,0,0
3598,,6,1,2,3,1,2,3,8,0.247567,0.257036,0,1
5250,,6,2,0,2,2,0,2,0,0,0,0,0.5
5423,,6,2,1,3,2,1,3,8,0.239167,0.246988,18873.008107,0
5902,,6,2,0,2,2,0,2,0,0,0,0,0
3801,,6,2,4,6,2,4,6,8,0.256188,0.267072,19078.61886,0.166667
5299,,6,4,9,13,4,9,13,8,0.273586,0.287169,33453.682202,0.309091
7691,,6,1,0,1,1,0,1,0,0,0,0,0
9225,,6,1,3,4,1,3,4,8,0.248804,0.258525,17.557924,0.833333
11660,,6,1,0,1,1,0,1,0,0,0,0,0
13602,,6,1,0,1,1,0,1,0,0,0,0,0
15224,,6,2,0,2,2,0,2,0,0,0,0,0
22867,,6,1,0,1,1,0,1,0,0,0,0,0
9625,,6,5,4,9,5,4,9,9,0.222283,0.229496,149346.449014,0.017857
26661,,6,5,3,8,5,3,8,8,0.23526,0.242805,269.819086,0.466667
30626,,6,5,0,5,5,0,5,0,0,0,0,0.15
16192,,10,1,0,1,1,0,1,0,0,0,0,0
24109,,10,1,0,1,1,0,1,0,0,0,0,0
23207,,15,1,3,4,1,3,4,8,0.263209,0.274115,0.660416,0.416667
7740,,8,3,7,10,3,7,10,8,0.266518,0.278363,1369.24794,0.180556
27258,,10,1,0,1,1,0,1,0,0,0,0,0
27388,,10,2,0,2,2,0,2,0,0,0,0,0.5
6499,,7,5,2,7,5,2,7,8,0.260539,0.272177,14056.159931,0.1
28446,,10,1,0,1,1,0,1,0,0,0,0,0
24214,,11,2,1,3,2,1,3,10,0.18506,0.189072,25.243224,0
28053,,10,1,4,5,1,4,5,9,0.217157,0.22365,21.811794,0.2
14071,,16,1,2,3,1,2,3,8,0.269957,0.282416,0,0.666667
30142,,15,7,10,17,7,10,17,9,0.22274,0.229732,47386.56527,0.189394
32988,,10,1,0,1,1,0,1,0,0,0,0,0
35187,,10,2,0,2,2,0,2,0,0,0,0,0
19110,,5,5,0,5,5,0,5,0,0,0,0,0.1
16533,,5,1,1,2,1,1,2,9,0.223028,0.229759,57.29339,0
3905,,8,1,3,4,1,3,4,8,0.231525,0.238478,40.359574,0.333333
4662,,8,2,0,2,2,0,2,0,0,0,0,0
4723,,5,2,0,2,2,0,2,0,0,0,0,0
7221,,8,1,0,1,1,0,1,0,0,0,0,0
11587,,8,1,0,1,1,0,1,0,0,0,0,0
6336,,15,4,4,8,4,4,8,8,0.26333,0.274297,27362.273234,0.166667
21689,,8,4,2,6,4,2,6,9,0.218364,0.224703,19362.15347,0.05
30478,,8,1,0,1,1,0,1,0,0,0,0,0
33892,,8,1,0,1,1,0,1,0,0,0,0,0
5519,,8,4,6,10,4,6,10,8,0.236252,0.245514,1960.409581,0.155556
13917,,8,1,1,2,1,1,2,8,0.230102,0.238105,0,0
12755,,5,17,20,37,17,20,37,8,0.2745,0.287446,140782.773518,0.065524
14060,,16,1,1,2,1,1,2,8,0.257545,0.26869,355.319019,0
22907,,8,1,0,1,1,0,1,0,0,0,0,0
24644,,8,1,0,1,1,0,1,0,0,0,0,0
13270,,8,4,4,8,4,4,8,8,0.265233,0.276525,7999.001129,0.142857
25973,,8,2,1,3,2,1,3,9,0.219668,0.226228,26.088956,0
27404,,8,1,0,1,1,0,1,0,0,0,0,0
30520,,8,1,0,1,1,0,1,0,0,0,0,0
29751,,9,1,3,4,1,3,4,8,0.231238,0.23978,718.44214,0.333333
1217,,11,3,5,8,3,5,8,8,0.238766,0.247316,45716.272963,0.190476
1218,,11,4,1,5,4,1,5,9,0.192747,0.19709,4201.589876,0.25
19514,,11,1,0,1,1,0,1,0,0,0,0,0
7251,,11,2,4,6,2,4,6,8,0.240345,0.24961,1145.531573,0.3
7732,,11,1,3,4,1,3,4,7,0.296767,0.311753,2456.189327,0.333333
11131,,11,2,0,2,2,0,2,0,0,0,0,0.5
7279,,11,8,1,9,8,1,9,9,0.187682,0.191672,19978.101758,0.178571
16423,,11,2,1,3,2,1,3,9,0.195179,0.200127,27.200547,0.5
4324,,10,2,1,3,2,1,3,9,0.192347,0.197006,417.51673,0
10686,,11,6,26,32,6,26,32,8,0.273654,0.28819,133008.849873,0.075862
3915,,11,4,1,5,4,1,5,1,1,1,25976,0.166667
18840,,11,1,0,1,1,0,1,0,0,0,0,0
20216,,11,1,1,2,1,1,2,9,0.217762,0.224566,0,0
20548,,11,1,1,2,1,1,2,9,0.217762,0.224566,0,0
24812,,11,2,2,4,2,2,4,1,1,1,51953,0
29347,,11,2,2,4,2,2,4,9,0.223778,0.231125,0,1
30120,,11,1,0,1,1,0,1,0,0,0,0,0
24773,,11,2,1,3,2,1,3,9,0.217762,0.224566,0,0.5
1225,,8,0,4,4,0,4,4,8,0.265971,0.277985,0,0.666667
3008,,0,1,3,4,1,3,4,8,0.234929,0.243248,127.079299,0
6070,,16,1,0,1,1,0,1,0,0,0,0,0
9636,,16,1,0,1,1,0,1,0,0,0,0,0
10792,,16,2,0,2,2,0,2,0,0,0,0,0
5277,,8,1,0,1,1,0,1,0,0,0,0,0
4467,,8,2,0,2,2,0,2,0,0,0,0,0
7807,,15,2,4,6,2,4,6,8,0.263179,0.274867,6032.38751,0.233333
7916,,8,3,0,3,3,0,3,0,0,0,0,0
17640,,10,2,6,8,2,6,8,8,0.267822,0.279665,942.87259,0.119048
18161,,8,3,2,5,3,2,5,9,0.227664,0.235544,26352.582865,0.05
18682,,8,1,0,1,1,0,1,0,0,0,0,0
20629,,12,1,1,2,1,1,2,9,0.213607,0.21955,1884.850052,0
1233,,7,0,1,1,0,1,1,8,0.234225,0.241378,0,0
14602,,1,3,1,4,3,1,4,10,0.183179,0.186931,80.47767,0.166667
13643,,1,1,1,2,1,1,2,9,0.212005,0.218085,0,0
1237,,21,0,3,3,0,3,3,9,0.225102,0.231782,0,0
1238,,21,1,0,1,1,0,1,0,0,0,0,0
18139,,21,32,0,32,32,0,32,0,0,0,0,0.009073
13656,,15,3,2,5,3,2,5,9,0.214122,0.220389,433.363415,0.25
1374,,15,5,7,12,5,7,12,8,0.274604,0.28753,48254.995803,0.133333
11824,,15,5,4,9,5,4,9,9,0.223765,0.231056,409.24466,0.333333
12768,,15,3,4,7,3,4,7,9,0.228072,0.236339,4.860378,0.85
16990,,10,4,4,8,4,4,8,8,0.228907,0.236589,45201.573657,0.233333
27084,,15,1,2,3,1,2,3,9,0.216914,0.22318,0,0.5
27382,,15,1,0,1,1,0,1,0,0,0,0,0
22264,,15,3,2,5,3,2,5,9,0.216837,0.223072,72.424698,0.5
12431,,0,2,0,2,2,0,2,0,0,0,0,0
23379,,0,1,0,1,1,0,1,0,0,0,0,0
1242,,15,0,1,1,0,1,1,9,0.214152,0.220013,0,0
8666,,15,4,0,4,4,0,4,0,0,0,0,0.083333
8164,,2,7,6,13,7,6,13,8,0.229992,0.238165,37903.252588,0.236111
4248,,9,1,6,7,1,6,7,8,0.237813,0.246722,28190.18753,0.133333
2947,,0,1,2,3,1,2,3,8,0.225764,0.23318,0,1
11548,,0,1,0,1,1,0,1,0,0,0,0,0
11884,,0,1,0,1,1,0,1,0,0,0,0,0
9923,,0,2,4,6,2,4,6,8,0.226601,0.23406,28278.238791,0.1
16579,,0,2,2,4,2,2,4,9,0.185615,0.190166,1124.52989,0.166667
15706,,0,3,0,3,3,0,3,0,0,0,0,0.333333
21579,,0,1,0,1,1,0,1,0,0,0,0,0
23171,,0,2,0,2,2,0,2,0,0,0,0,0
23998,,5,2,0,2,2,0,2,0,0,0,0,0
24722,,0,1,0,1,1,0,1,0,0,0,0,0
5837,,9,4,8,12,4,8,12,8,0.249011,0.259046,32195.209772,0.136364
32874,,0,1,0,1,1,0,1,0,0,0,0,0
33668,,0,1,0,1,1,0,1,0,0,0,0,0
15068,,0,1,0,1,1,0,1,0,0,0,0,0
1248,,11,0,1,1,0,1,1,8,0.224596,0.231783,0,0
2115,,11,1,0,1,1,0,1,0,0,0,0,0
8494,,11,2,3,5,2,3,5,8,0.234096,0.242333,18856.603597,0.166667
11117,,11,1,1,2,1,1,2,8,0.22459,0.231769,0,0
12353,,11,1,2,3,1,2,3,8,0.229515,0.237044,46.081876,0.5
11483,,11,1,3,4,1,3,4,8,0.226508,0.234038,57.967324,0.333333
11786,,11,1,2,3,1,2,3,8,0.221511,0.227991,266.363459,0.5
22761,,11,1,0,1,1,0,1,0,0,0,0,0
18069,,11,1,3,4,1,3,4,8,0.249156,0.258902,2361.016664,0.333333
12335,,21,1,1,2,1,1,2,10,0.181671,0.185552,52029.427468,0
29362,,11,2,2,4,2,2,4,8,0.230026,0.237667,76.814379,0.333333
33524,,11,1,0,1,1,0,1,0,0,0,0,0
8718,,7,2,2,4,2,2,4,9,0.228635,0.235892,18984.881967,0
9934,,7,3,3,6,3,3,6,8,0.250809,0.260075,19647.328074,0.2
11709,,10,1,0,1,1,0,1,0,0,0,0,0
20254,,10,1,0,1,1,0,1,0,0,0,0,0
14892,,10,4,5,9,4,5,9,8,0.25155,0.261963,45803.805608,0.089286
8576,,10,4,3,7,4,3,7,9,0.229765,0.236992,26005.566478,0.119048
4371,,10,4,14,18,4,14,18,8,0.277191,0.290211,27376.815311,0.125
33150,,10,1,0,1,1,0,1,0,0,0,0,0
20040,,0,1,0,1,1,0,1,0,0,0,0,0
4100,,0,3,3,6,3,3,6,9,0.213261,0.21961,1118.062244,0.2
10085,,0,6,0,6,6,0,6,0,0,0,0,0.6
16771,,8,4,4,8,4,4,8,8,0.273364,0.286035,14454.889365,0.196429
30797,,0,1,0,1,1,0,1,0,0,0,0,0
35676,,0,2,0,2,2,0,2,0,0,0,0,0
16460,,8,1,2,3,1,2,3,9,0.213065,0.219331,140.789295,0
1260,,15,1,3,4,1,3,4,8,0.237561,0.24582,672.966092,0.333333
21885,,15,4,1,5,4,1,5,9,0.207958,0.213403,77.486764,0.333333
29273,,15,1,0,1,1,0,1,0,0,0,0,0
27905,,15,2,1,3,2,1,3,9,0.209957,0.215705,1.711111,0
16894,,8,2,3,5,2,3,5,9,0.230934,0.238441,11717.251159,0.333333
5671,,11,1,0,1,1,0,1,0,0,0,0,0
18193,,11,1,0,1,1,0,1,0,0,0,0,0
21429,,11,1,3,4,1,3,4,8,0.25216,0.262356,321.990369,0.666667
21970,,11,6,2,8,6,2,8,8,0.252143,0.262299,69.424929,0.404762
23103,,11,2,3,5,2,3,5,8,0.252221,0.262392,1698.454748,0.583333
23700,,11,2,3,5,2,3,5,9,0.201436,0.206605,1495.842185,0.25
25141,,11,1,3,4,1,3,4,8,0.25216,0.262361,0,1
22078,,11,1,1,2,1,1,2,8,0.251379,0.261448,0,1
26987,,11,4,4,8,4,4,8,8,0.252227,0.262428,87.736499,0.357143
14175,,1,2,2,4,2,2,4,8,0.25217,0.262293,44.494391,0.25
24971,,11,2,4,6,2,4,6,8,0.251469,0.261613,99.772581,0.5
23197,,11,1,2,3,1,2,3,8,0.252143,0.262299,0,1
3754,,11,1,2,3,1,2,3,8,0.252099,0.262492,676.789441,0.333333
32017,,11,1,1,2,1,1,2,9,0.221566,0.228318,0,0
18150,,11,1,3,4,1,3,4,8,0.252221,0.262392,11.537711,0.833333
33582,,11,1,2,3,1,2,3,9,0.221574,0.228357,0,1
23236,,11,3,4,7,3,4,7,8,0.252163,0.262383,26695.26794,0.233333
22380,,11,3,8,11,3,8,11,8,0.252258,0.262574,798.030417,0.347222
3625,,8,6,1,7,6,1,7,9,0.231782,0.24009,0,0.666667
12828,,9,8,6,14,8,6,14,9,0.228921,0.236689,118512.361961,0.10989
21404,,8,1,1,2,1,1,2,8,0.224955,0.231298,0,0
28014,,8,2,1,3,2,1,3,9,0.224571,0.23158,0,1
3312,,8,6,7,13,6,7,13,8,0.245258,0.253968,1.44349,0.785714
15728,,8,3,1,4,3,1,4,9,0.214095,0.220067,134.377532,0.166667
3338,,15,3,3,6,3,3,6,8,0.231942,0.239584,1919.87446,0.133333
1268,,16,2,3,5,2,3,5,8,0.275455,0.287836,691.232926,0.45
1269,,2,0,1,1,0,1,1,8,0.261475,0.272568,0,0
1270,,0,0,1,1,0,1,1,8,0.242388,0.250662,0,0
1272,,6,0,1,1,0,1,1,9,0.217915,0.224606,0,0
2695,,2,3,0,3,3,0,3,0,0,0,0,0.166667
4749,,11,4,13,17,4,13,17,8,0.267708,0.279713,62533.064987,0.164835
5462,,8,3,2,5,3,2,5,8,0.268215,0.279787,32142.18393,0.2
9546,,16,1,0,1,1,0,1,0,0,0,0,0
9159,,11,3,10,13,3,10,13,8,0.262882,0.274731,30591.278604,0.190909
11620,,11,5,4,9,5,4,9,8,0.260719,0.272697,23507.438105,0.285714
14297,,2,2,0,2,2,0,2,0,0,0,0,0
20388,,16,1,0,1,1,0,1,0,0,0,0,0
21374,,16,1,0,1,1,0,1,0,0,0,0,0
22724,,16,1,0,1,1,0,1,0,0,0,0,0
23084,,16,2,0,2,2,0,2,0,0,0,0,0
23344,,16,2,2,4,2,2,4,10,0.168633,0.171533,4743.971574,0
27532,,16,3,0,3,3,0,3,0,0,0,0,0.5
22880,,15,3,1,4,3,1,4,9,0.187489,0.191338,947.161219,0
7776,,7,3,12,15,3,12,15,8,0.249596,0.259808,3138.820958,0.148352
12972,,9,1,1,2,1,1,2,1,1,1,27.644313,0
13497,,7,4,1,5,4,1,5,8,0.265447,0.27675,147.514287,0.25
18063,,7,1,0,1,1,0,1,0,0,0,0,0
18880,,7,3,10,13,3,10,13,8,0.268207,0.281164,30899.555396,0.236364
27995,,7,1,0,1,1,0,1,0,0,0,0,0
32465,,7,6,5,11,6,5,11,8,0.270971,0.283389,1240.742021,0.3
33536,,7,2,2,4,2,2,4,8,0.24732,0.256887,0,1
1278,,8,0,1,1,0,1,1,9,0.215232,0.221161,0,0
34170,,16,7,4,11,7,4,11,9,0.217934,0.223978,172077.590598,0
2593,,8,2,11,13,2,11,13,8,0.259401,0.270263,26670.719952,0.134615
14483,,2,2,3,5,2,3,5,9,0.227672,0.23497,66.130187,0.15
23121,,8,1,0,1,1,0,1,0,0,0,0,0
23391,,8,2,2,4,2,2,4,8,0.234361,0.242106,3176.868893,0.333333
23733,,8,1,0,1,1,0,1,0,0,0,0,0
1283,,16,0,1,1,0,1,1,11,0.160269,0.162784,0,0
2054,,16,2,1,3,2,1,3,11,0.160264,0.162766,0,1
1990,,16,2,0,2,2,0,2,0,0,0,0,0
3797,,16,1,1,2,1,1,2,11,0.160264,0.162766,0,0
3789,,11,1,0,1,1,0,1,0,0,0,0,0
9073,,11,1,2,3,1,2,3,1,1,1,51952,0.166667
3186,,8,1,0,1,1,0,1,0,0,0,0,0
22260,,8,2,0,2,2,0,2,0,0,0,0,1
5965,,11,1,3,4,1,3,4,8,0.25497,0.265569,64.264425,0
15711,,7,2,1,3,2,1,3,8,0.27219,0.283723,18893.302994,0
15713,,8,1,0,1,1,0,1,0,0,0,0,0
15714,,8,1,0,1,1,0,1,0,0,0,0,0
15715,,8,1,0,1,1,0,1,0,0,0,0,0
15716,,8,1,0,1,1,0,1,0,0,0,0,0
28147,,8,1,0,1,1,0,1,0,0,0,0,0
1289,,16,1,1,2,1,1,2,8,0.238712,0.2466,46.150975,0
8580,,16,1,1,2,1,1,2,1,1,1,2.552691,0
4817,,8,6,5,11,6,5,11,8,0.262636,0.274039,24203.086004,0.071429
17034,,16,1,5,6,1,5,6,8,0.243057,0.251577,496.61179,0.066667
14352,,8,4,1,5,4,1,5,1,1,1,3.033333,0.1
6275,,11,1,0,1,1,0,1,0,0,0,0,0
12187,,11,1,0,1,1,0,1,0,0,0,0,0
13652,,11,1,0,1,1,0,1,0,0,0,0,0
14042,,5,2,0,2,2,0,2,0,0,0,0,0
16492,,6,1,2,3,1,2,3,9,0.226095,0.233486,0,1
22698,,11,1,3,4,1,3,4,9,0.226097,0.233513,0,0.5
23739,,11,1,0,1,1,0,1,0,0,0,0,0
25897,,11,1,0,1,1,0,1,0,0,0,0,0
10140,,15,26,29,55,26,29,55,8,0.273729,0.28618,748596.658663,0.034615
31771,,11,1,1,2,1,1,2,9,0.224914,0.23214,0,0
32015,,11,1,1,2,1,1,2,9,0.224914,0.23214,0,0
31211,,11,2,0,2,2,0,2,0,0,0,0,1
26429,,11,3,2,5,3,2,5,9,0.23373,0.242004,19510.167016,0
1296,,5,4,14,18,4,14,18,8,0.278508,0.292212,78746.143928,0.091912
2199,,5,1,3,4,1,3,4,8,0.236202,0.244555,26041.002347,0.25
2318,,1,2,0,2,2,0,2,0,0,0,0,0
11892,,15,4,7,11,4,7,11,9,0.235941,0.244334,53640.559229,0.069444
6501,,15,4,3,7,4,3,7,9,0.219514,0.226414,35.317128,0.5
14922,,15,4,3,7,4,3,7,9,0.230175,0.237964,1436.632001,0.4
18299,,15,1,0,1,1,0,1,0,0,0,0,0
2904,,8,2,6,8,2,6,8,8,0.258283,0.268247,2881.564363,0.095238
22988,,15,1,0,1,1,0,1,0,0,0,0,0
26599,,15,1,0,1,1,0,1,0,0,0,0,0
33534,,15,1,2,3,1,2,3,9,0.21933,0.226172,16.859514,0
1298,,8,1,1,2,1,1,2,9,0.195054,0.199316,0,0.5
17210,,8,5,4,9,5,4,9,9,0.228164,0.235586,454.200043,0.178571
23022,,8,1,1,2,1,1,2,9,0.205038,0.210491,0,0.5
12410,,8,3,3,6,3,3,6,8,0.247936,0.257469,6855.205285,0.1
1589,,11,1,0,1,1,0,1,0,0,0,0,0
20079,,15,3,2,5,3,2,5,9,0.226574,0.233755,20187.462801,0
32747,,2,3,1,4,3,1,4,9,0.224729,0.2317,23.637683,0
28211,,15,1,0,1,1,0,1,0,0,0,0,0
27369,,8,3,10,13,3,10,13,8,0.259644,0.270625,2306.307191,0.143939
1304,,11,0,1,1,0,1,1,8,0.251382,0.261452,0,0
7797,,8,2,1,3,2,1,3,9,0.195861,0.200216,0,0.333333
12997,,15,2,10,12,2,10,12,8,0.274704,0.287242,1076.080033,0.075758
14775,,13,2,1,3,2,1,3,9,0.19453,0.199083,19155.044001,0
12341,,15,2,1,3,2,1,3,10,0.196307,0.201067,7.472415,0.166667
10662,,8,4,0,4,4,0,4,0,0,0,0,0.083333
16394,,15,1,0,1,1,0,1,0,0,0,0,0
16485,,7,1,23,24,1,23,24,8,0.290731,0.305423,82094.398776,0.099638
18097,,5,2,0,2,2,0,2,0,0,0,0,0
5507,,8,2,3,5,2,3,5,9,0.228924,0.236335,18934.287547,0.15
18030,,11,1,1,2,1,1,2,8,0.234516,0.243062,43.679322,0
19321,,15,1,0,1,1,0,1,0,0,0,0,0
4603,,11,1,3,4,1,3,4,8,0.242172,0.250346,172.227052,0.083333
20995,,15,2,0,2,2,0,2,0,0,0,0,0.5
14307,,0,4,3,7,4,3,7,8,0.248413,0.258495,19774.93824,0.166667
21415,,16,5,5,10,5,5,10,9,0.206428,0.212333,116771.313448,0.041667
19964,,15,4,1,5,4,1,5,9,0.20424,0.209344,22553.442717,0
23390,,6,4,3,7,4,3,7,8,0.234493,0.241972,844.82248,0.3
24164,,16,1,3,4,1,3,4,9,0.21287,0.218971,3184.138366,0.333333
24790,,15,1,0,1,1,0,1,0,0,0,0,0
24188,,5,3,50,53,3,50,53,8,0.280045,0.295558,395594.579648,0.041855
24351,,10,1,6,7,1,6,7,8,0.246501,0.25595,417.848759,0.095238
27202,,15,2,1,3,2,1,3,1,1,1,6.748485,0
26201,,11,3,2,5,3,2,5,8,0.238921,0.247334,264.929285,0.166667
27827,,15,3,0,3,3,0,3,0,0,0,0,0.333333
28185,,15,1,0,1,1,0,1,0,0,0,0,0
24342,,11,1,1,2,1,1,2,8,0.234516,0.243062,43.679322,0
28991,,13,1,4,5,1,4,5,8,0.24097,0.249957,409.590945,0.3
30452,,15,1,0,1,1,0,1,0,0,0,0,0
31358,,15,1,0,1,1,0,1,0,0,0,0,0
30524,,15,3,0,3,3,0,3,0,0,0,0,0.166667
7703,,16,7,0,7,7,0,7,0,0,0,0,0
32888,,15,1,0,1,1,0,1,0,0,0,0,0
33733,,15,1,0,1,1,0,1,0,0,0,0,0
24991,,15,3,1,4,3,1,4,9,0.203342,0.208926,37695.158247,0
32175,,8,3,1,4,3,1,4,8,0.262757,0.273467,18840.215806,0
35120,,15,1,0,1,1,0,1,0,0,0,0,0
35340,,15,1,0,1,1,0,1,0,0,0,0,0
4279,,11,1,2,3,1,2,3,9,0.218759,0.225602,51948,0
19151,,11,3,7,10,3,7,10,8,0.248929,0.259634,2457.251781,0.196429
21318,,11,1,1,2,1,1,2,9,0.218432,0.225205,0,0
18551,,11,3,0,3,3,0,3,0,0,0,0,0.333333
2176,,8,1,0,1,1,0,1,0,0,0,0,0
6409,,8,3,1,4,3,1,4,8,0.253952,0.263282,37652,0
6726,,8,1,0,1,1,0,1,0,0,0,0,0
3447,,6,3,6,9,3,6,9,9,0.22401,0.230959,637.009941,0.069444
6569,,8,1,2,3,1,2,3,8,0.234996,0.243323,2.23242,0.166667
5642,,8,2,0,2,2,0,2,0,0,0,0,0.5
24245,,8,1,0,1,1,0,1,0,0,0,0,0
26438,,8,1,0,1,1,0,1,0,0,0,0,0
17632,,5,2,9,11,2,9,11,8,0.289301,0.303592,35517.450449,0.272727
29634,,8,1,0,1,1,0,1,0,0,0,0,0
1850,,5,4,4,8,4,4,8,9,0.227299,0.234414,577.117824,0.3
2968,,8,1,2,3,1,2,3,9,0.232059,0.239789,13.30421,0
13795,,8,1,2,3,1,2,3,9,0.213813,0.219761,1368.24217,0.166667
24854,,8,35,0,35,35,0,35,0,0,0,0,0.037815
11280,,8,8,3,11,8,3,11,8,0.240572,0.248736,19247.793005,0.144444
3068,,6,11,10,21,11,10,21,9,0.215445,0.221812,107497.797788,0.217949
11788,,6,7,3,10,7,3,10,9,0.219894,0.226455,42676.560824,0.071429
4869,,0,1,1,2,1,1,2,9,0.222601,0.23004,0,1
27255,,0,1,0,1,1,0,1,0,0,0,0,0
4286,,9,1,4,5,1,4,5,9,0.216031,0.222469,634.192091,0.15
15500,,7,1,2,3,1,2,3,8,0.272205,0.283765,25975,0.166667
16218,,5,1,0,1,1,0,1,0,0,0,0,0
8131,,5,2,7,9,2,7,9,8,0.269177,0.28083,116.101893,0.321429
22834,,5,1,0,1,1,0,1,0,0,0,0,0
12842,,6,1,0,1,1,0,1,0,0,0,0,0
1907,,13,5,7,12,5,7,12,9,0.206552,0.212449,21924.681901,0.1
14461,,6,2,2,4,2,2,4,9,0.220688,0.22745,504.916596,0.166667
25555,,6,3,3,6,3,3,6,9,0.205389,0.210709,98.9993,0.4
31507,,6,1,2,3,1,2,3,10,0.192489,0.19709,57.411699,0.166667
3147,,6,7,9,16,7,9,16,8,0.249622,0.259796,68323.875678,0.098901
15471,,11,1,1,2,1,1,2,8,0.23451,0.243055,0,1
24058,,11,1,0,1,1,0,1,0,0,0,0,0
1324,,16,3,0,3,3,0,3,0,0,0,0,0
16636,,16,1,0,1,1,0,1,0,0,0,0,0
26774,,16,1,0,1,1,0,1,0,0,0,0,0
34325,,16,1,0,1,1,0,1,0,0,0,0,0
30954,,7,4,0,4,4,0,4,0,0,0,0,0.916667
30950,,7,3,0,3,3,0,3,0,0,0,0,0.5
31047,,7,3,1,4,3,1,4,9,0.221087,0.227881,0,0.666667
33654,,8,3,0,3,3,0,3,0,0,0,0,0
7657,,10,1,0,1,1,0,1,0,0,0,0,0
15067,,10,1,6,7,1,6,7,8,0.270847,0.28341,187.513917,0.309524
32011,,13,2,0,2,2,0,2,0,0,0,0,0
9269,,10,7,10,17,7,10,17,8,0.274316,0.28705,104734.081132,0.06044
12835,,11,1,1,2,1,1,2,10,0.184105,0.18794,1.833333,0
3676,,5,1,3,4,1,3,4,8,0.25487,0.264638,105.270755,0.166667
18941,,5,9,10,19,9,10,19,8,0.255892,0.266678,47656.907235,0.114286
10927,,9,2,7,9,2,7,9,8,0.254498,0.264649,19250.599957,0.097222
17291,,5,12,8,20,12,8,20,8,0.260132,0.271614,4561.596928,0.356061
4735,,11,1,0,1,1,0,1,0,0,0,0,0
12534,,11,2,0,2,2,0,2,0,0,0,0,0.5
1333,,22,0,1,1,0,1,1,1,1,1,0,0
1334,,22,1,0,1,1,0,1,0,0,0,0,0
2855,,11,1,2,3,1,2,3,9,0.213575,0.219754,0,1
9695,,16,2,0,2,2,0,2,0,0,0,0,0
18841,,11,1,0,1,1,0,1,0,0,0,0,0
22124,,11,4,0,4,4,0,4,0,0,0,0,0
2567,,11,4,5,9,4,5,9,8,0.247151,0.255611,29686.299519,0.027778
31803,,11,2,1,3,2,1,3,9,0.213573,0.219727,0,1
34007,,11,1,0,1,1,0,1,0,0,0,0,0
35598,,11,1,0,1,1,0,1,0,0,0,0,0
1337,,8,4,8,12,4,8,12,8,0.246772,0.255874,29489.832194,0.19697
1338,,6,2,2,4,2,2,4,10,0.177259,0.180693,16.823668,0.166667
5164,,8,3,4,7,3,4,7,8,0.250632,0.259979,19281.939369,0.133333
10861,,15,3,4,7,3,4,7,9,0.224279,0.231696,43241.107416,0
7349,,7,1,0,1,1,0,1,0,0,0,0,0
25491,,7,1,0,1,1,0,1,0,0,0,0,0
3441,,11,7,5,12,7,5,12,7,0.294326,0.308783,94975.847101,0.111111
14586,,11,2,1,3,2,1,3,8,0.228999,0.235635,13.871468,0.5
7649,,11,8,13,21,8,13,21,8,0.245095,0.253842,43515.044877,0.147059
1769,,11,2,1,3,2,1,3,9,0.224971,0.231896,18825,0.5
6208,,11,1,0,1,1,0,1,0,0,0,0,0
6237,,11,7,2,9,7,2,9,8,0.238948,0.24849,21197.051514,0.428571
2037,,11,3,2,5,3,2,5,9,0.225186,0.232184,18825,0.583333
4295,,11,8,8,16,8,8,16,9,0.225512,0.232731,26073.632879,0.25
6306,,11,1,1,2,1,1,2,10,0.183801,0.187527,0,1
2793,,11,3,2,5,3,2,5,9,0.225186,0.232184,4.583999,0.833333
9468,,11,1,0,1,1,0,1,0,0,0,0,0
7046,,11,1,1,2,1,1,2,9,0.224971,0.231896,0,0
12041,,11,1,1,2,1,1,2,9,0.224971,0.231896,0,0
13107,,11,2,2,4,2,2,4,9,0.225186,0.232184,4.813002,0.833333
13711,,11,2,1,3,2,1,3,9,0.224971,0.231896,0,1
21606,,11,5,2,7,5,2,7,9,0.224976,0.231931,4.739802,0.733333
26874,,11,1,1,2,1,1,2,10,0.183658,0.187354,0,1
14337,,11,1,1,2,1,1,2,9,0.224971,0.231896,0,0
17660,,11,1,1,2,1,1,2,9,0.224971,0.231896,0,0
1344,,8,4,14,18,4,14,18,8,0.252959,0.262637,105702.114136,0.025735
10129,,8,1,0,1,1,0,1,0,0,0,0,0
12449,,8,1,0,1,1,0,1,0,0,0,0,0
19461,,8,2,0,2,2,0,2,0,0,0,0,0
29748,,8,1,0,1,1,0,1,0,0,0,0,0
1346,,11,0,7,7,0,7,7,7,0.297542,0.312865,0,0.428571
21500,,1,3,3,6,3,3,6,9,0.207701,0.213057,17602.238261,0.133333
23456,,15,4,3,7,4,3,7,9,0.221874,0.228897,26510.768838,0.1
35021,,0,2,11,13,2,11,13,8,0.249384,0.259338,32404.975483,0.019231
1349,,11,0,1,1,0,1,1,9,0.212696,0.2189,0,0
18558,,5,1,0,1,1,0,1,0,0,0,0,0
9244,,15,1,1,2,1,1,2,8,0.225367,0.231979,0,0
16556,,15,1,0,1,1,0,1,0,0,0,0,0
24599,,15,1,1,2,1,1,2,8,0.225367,0.231979,0,0
1353,,11,0,1,1,0,1,1,10,0.186713,0.190519,0,0
1355,,24,0,1,1,0,1,1,9,0.223182,0.229597,0,0
1356,,10,0,9,9,0,9,9,9,0.229581,0.237671,0,0.194444
7788,,7,1,0,1,1,0,1,0,0,0,0,0
8575,,10,1,5,6,1,5,6,8,0.256475,0.266515,28501.16325,0.25
16089,,7,1,0,1,1,0,1,0,0,0,0,0
16491,,7,2,2,4,2,2,4,8,0.265454,0.276239,11.358811,0.583333
17317,,7,1,0,1,1,0,1,0,0,0,0,0
17505,,7,1,0,1,1,0,1,0,0,0,0,0
13474,,7,3,1,4,3,1,4,8,0.240563,0.24866,583.546185,0.333333
17506,,7,1,0,1,1,0,1,0,0,0,0,0
6053,,9,2,9,11,2,9,11,9,0.234169,0.243029,32697.729394,0.281818
17507,,7,1,0,1,1,0,1,0,0,0,0,0
17508,,5,1,1,2,1,1,2,8,0.23893,0.247221,0,0.5
10846,,7,2,0,2,2,0,2,0,0,0,0,0
17509,,7,1,0,1,1,0,1,0,0,0,0,0
17510,,7,1,0,1,1,0,1,0,0,0,0,0
17511,,9,1,4,5,1,4,5,8,0.241582,0.250719,232.29153,0.2
17512,,7,1,0,1,1,0,1,0,0,0,0,0
3763,,9,2,3,5,2,3,5,8,0.248682,0.258396,603.604107,0.15
21447,,7,1,0,1,1,0,1,0,0,0,0,0
20231,,7,8,14,22,8,14,22,8,0.284269,0.297849,31000.454647,0.278947
15548,,3,1,3,4,1,3,4,8,0.248109,0.258595,44.661443,0.25
23485,,7,3,0,3,3,0,3,0,0,0,0,0.833333
23555,,7,1,0,1,1,0,1,0,0,0,0,0
24052,,7,1,0,1,1,0,1,0,0,0,0,0
24078,,7,2,0,2,2,0,2,0,0,0,0,1
28893,,7,1,0,1,1,0,1,0,0,0,0,0
10378,,15,1,1,2,1,1,2,10,0.173731,0.176839,0,1
5190,,9,1,2,3,1,2,3,8,0.243526,0.251826,26888.247879,0
17277,,0,1,0,1,1,0,1,0,0,0,0,0
8069,,10,2,0,2,2,0,2,0,0,0,0,0.5
10842,,10,1,1,2,1,1,2,9,0.234849,0.243121,0,0
6192,,10,2,9,11,2,9,11,8,0.252745,0.263032,44557.598043,0.1
2058,,2,1,2,3,1,2,3,9,0.241554,0.250408,199.530886,0.166667
20376,,10,1,0,1,1,0,1,0,0,0,0,0
23610,,10,1,1,2,1,1,2,9,0.234849,0.243121,0,0
22859,,8,2,0,2,2,0,2,0,0,0,0,0
4274,,15,8,9,17,8,9,17,8,0.27146,0.284179,134309.334485,0.085714
32914,,10,3,0,3,3,0,3,0,0,0,0,0.166667
25876,,10,3,1,4,3,1,4,9,0.209245,0.214858,130.057916,0.166667
6030,,6,1,0,1,1,0,1,0,0,0,0,0
10532,,6,1,2,3,1,2,3,9,0.239739,0.248329,365.414133,0.333333
9535,,11,1,8,9,1,8,9,8,0.253031,0.263248,264.459957,0.410714
9264,,6,2,2,4,2,2,4,9,0.203239,0.208488,0,1
14158,,6,2,5,7,2,5,7,8,0.235422,0.243113,0,0.55
19717,,6,1,0,1,1,0,1,0,0,0,0,0
15547,,6,4,3,7,4,3,7,8,0.244348,0.25354,994.704431,0.433333
10716,,6,7,8,15,7,8,15,8,0.235803,0.243684,37875.062726,0.185897
28297,,11,2,2,4,2,2,4,8,0.254196,0.265934,3291.047968,0.166667
30232,,6,1,1,2,1,1,2,9,0.190813,0.194871,0,1
20194,,11,2,4,6,2,4,6,8,0.234639,0.24333,108.976255,0.3
23722,,6,4,1,5,4,1,5,8,0.234487,0.241919,0,0.75
3383,,8,3,10,13,3,10,13,8,0.255878,0.266361,26633.073988,0.272727
2443,,8,5,3,8,5,3,8,8,0.244075,0.252677,400.094011,0.285714
9286,,8,5,2,7,5,2,7,8,0.243787,0.252917,690.546077,0.35
11145,,8,1,0,1,1,0,1,0,0,0,0,0
12355,,8,4,1,5,4,1,5,8,0.262753,0.273463,490.435864,0.45
20623,,8,6,15,21,6,15,21,8,0.250642,0.260172,3444.328084,0.246324
24045,,8,2,0,2,2,0,2,0,0,0,0,1
27096,,8,2,1,3,2,1,3,9,0.239956,0.248519,0,1
18476,,8,3,2,5,3,2,5,8,0.233544,0.241616,55.697833,0.6
9390,,8,2,0,2,2,0,2,0,0,0,0,0
32885,,8,2,0,2,2,0,2,0,0,0,0,0
29944,,8,3,0,3,3,0,3,0,0,0,0,0.166667
32702,,8,1,1,2,1,1,2,9,0.239956,0.248519,0,0
7894,,7,3,4,7,3,4,7,8,0.250482,0.259695,40.741785,0.433333
1368,,16,1,0,1,1,0,1,0,0,0,0,0
8292,,16,2,3,5,2,3,5,8,0.235328,0.243335,2.102477,0.75
25464,,16,1,11,12,1,11,12,8,0.262358,0.273458,231.522624,0.1
30362,,16,1,1,2,1,1,2,9,0.226407,0.233593,11.862001,0
1510,,8,3,6,9,3,6,9,9,0.221725,0.228781,26174.468839,0.142857
8755,,8,1,0,1,1,0,1,0,0,0,0,0
9434,,8,5,3,8,5,3,8,8,0.235717,0.243216,1109.48457,0.2
4579,,8,2,5,7,2,5,7,8,0.238147,0.245914,42.469512,0.466667
17724,,15,2,1,3,2,1,3,9,0.219668,0.226228,41.304217,0
25661,,8,1,3,4,1,3,4,8,0.22343,0.230273,0,0.833333
8234,,8,7,9,16,7,9,16,8,0.240094,0.248397,143181.885725,0.109524
33342,,8,1,1,2,1,1,2,9,0.219668,0.226228,0,0
4187,,8,3,0,3,3,0,3,0,0,0,0,0.5
4670,,15,1,0,1,1,0,1,0,0,0,0,0
5059,,2,3,0,3,3,0,3,0,0,0,0,0.333333
7024,,15,1,2,3,1,2,3,10,0.195705,0.200377,26159.337642,0
10680,,15,1,1,2,1,1,2,9,0.207609,0.212854,1.650827,0
10148,,15,1,2,3,1,2,3,8,0.242634,0.250969,40.925459,0.333333
20185,,7,2,2,4,2,2,4,9,0.219484,0.225793,105.85446,0.333333
25944,,15,2,0,2,2,0,2,0,0,0,0,0.5
11942,,15,1,0,1,1,0,1,0,0,0,0,0
28444,,8,1,0,1,1,0,1,0,0,0,0,0
29965,,8,1,1,2,1,1,2,1,1,1,25976,0
32552,,10,1,1,2,1,1,2,2,0.666667,0.75,218.271383,0
9158,,7,1,1,2,1,1,2,9,0.221222,0.227946,0,0
8262,,16,2,3,5,2,3,5,8,0.241501,0.24957,26107.300856,0.166667
28001,,16,2,1,3,2,1,3,8,0.235749,0.244202,141.952412,0.333333
6221,,0,3,1,4,3,1,4,9,0.196637,0.201201,0,0.5
29380,,10,1,1,2,1,1,2,9,0.227167,0.23519,0,1
1381,,6,0,2,2,0,2,2,8,0.256296,0.267116,0,1
1382,,16,0,1,1,0,1,1,1,1,1,0,0
4178,,10,1,1,2,1,1,2,9,0.222346,0.229195,0,0
10264,,10,1,0,1,1,0,1,0,0,0,0,0
10435,,8,1,3,4,1,3,4,8,0.249275,0.258509,264.882803,0.166667
3251,,8,2,7,9,2,7,9,8,0.264834,0.275702,1205.501087,0.238095
11485,,10,1,1,2,1,1,2,9,0.222346,0.229195,0,0
15674,,10,1,0,1,1,0,1,0,0,0,0,0
23275,,10,1,1,2,1,1,2,9,0.199606,0.20499,111.512397,0
29259,,10,1,1,2,1,1,2,9,0.222346,0.229195,0,0
30228,,10,1,1,2,1,1,2,9,0.222346,0.229195,0,0
31127,,10,2,3,5,2,3,5,9,0.225221,0.232556,6317.521918,0.083333
29917,,10,2,2,4,2,2,4,8,0.262768,0.273516,117.540424,0.666667
34191,,10,2,1,3,2,1,3,9,0.222346,0.229195,160.970052,0
11630,,8,2,5,7,2,5,7,9,0.23022,0.238039,27152.10251,0.133333
1386,,10,4,10,14,4,10,14,8,0.248824,0.258812,46711.220178,0.037879
28091,,10,1,0,1,1,0,1,0,0,0,0,0
1387,,16,0,1,1,0,1,1,9,0.220464,0.227059,0,0
3389,,16,1,3,4,1,3,4,8,0.240539,0.249372,0,0.666667
19578,,16,1,0,1,1,0,1,0,0,0,0,0
26333,,8,3,32,35,3,32,35,8,0.29345,0.309777,112731.82252,0.159664
35121,,16,1,0,1,1,0,1,0,0,0,0,0
5756,,8,3,5,8,3,5,8,8,0.249044,0.259003,885.350457,0.160714
6671,,10,2,3,5,2,3,5,8,0.252796,0.263977,645.274264,0.333333
8835,,8,4,4,8,4,4,8,8,0.265619,0.276891,20393.884775,0.142857
10613,,10,1,1,2,1,1,2,9,0.196849,0.20115,0,0.5
14026,,10,2,1,3,2,1,3,9,0.227444,0.235146,38179.299294,0.166667
15969,,10,1,0,1,1,0,1,0,0,0,0,0
17480,,10,2,2,4,2,2,4,8,0.238706,0.246076,390.72848,0.166667
21481,,10,1,0,1,1,0,1,0,0,0,0,0
21532,,10,1,0,1,1,0,1,0,0,0,0,0
22226,,10,1,0,1,1,0,1,0,0,0,0,0
24635,,10,3,0,3,3,0,3,0,0,0,0,0.666667
25245,,10,1,0,1,1,0,1,0,0,0,0,0
14378,,10,4,2,6,4,2,6,9,0.228258,0.236231,2077.76885,0.066667
29931,,10,2,0,2,2,0,2,0,0,0,0,1
8551,,10,2,5,7,2,5,7,8,0.249559,0.259738,26502.909535,0.333333
32185,,10,1,0,1,1,0,1,0,0,0,0,0
32237,,10,2,0,2,2,0,2,0,0,0,0,0
32525,,10,1,0,1,1,0,1,0,0,0,0,0
21376,,10,4,6,10,4,6,10,8,0.234113,0.242328,90221.22813,0.097222
10508,,7,2,2,4,2,2,4,8,0.26545,0.276777,350.582319,0.166667
5281,,9,1,2,3,1,2,3,10,0.164902,0.168064,5.640476,0.166667
10137,,9,1,1,2,1,1,2,2,0.666667,0.75,2.980663,0
25760,,7,3,3,6,3,3,6,8,0.245908,0.255012,254.665945,0.133333
9842,,7,1,0,1,1,0,1,0,0,0,0,0
5412,,7,1,2,3,1,2,3,8,0.249847,0.258811,0,1
13874,,7,1,0,1,1,0,1,0,0,0,0,0
6817,,3,1,1,2,1,1,2,9,0.214126,0.219988,2.080918,0
6683,,7,2,3,5,2,3,5,8,0.250206,0.259346,37652.176174,0.333333
1396,,2,0,2,2,0,2,2,8,0.261675,0.272844,0,0
21175,,13,1,2,3,1,2,3,9,0.191249,0.195544,0,0.5
4320,,0,1,0,1,1,0,1,0,0,0,0,0
2882,,0,1,4,5,1,4,5,7,0.294552,0.309163,26168.136574,0.25
8084,,0,1,2,3,1,2,3,8,0.230685,0.237874,25973,0
9558,,0,1,0,1,1,0,1,0,0,0,0,0
17870,,0,4,1,5,4,1,5,8,0.23068,0.237838,18825.220229,0.25
5920,,0,2,0,2,2,0,2,0,0,0,0,1
11330,,0,1,1,2,1,1,2,8,0.23068,0.237838,0,0
11325,,0,1,1,2,1,1,2,8,0.23068,0.237838,0,0
17400,,0,1,1,2,1,1,2,8,0.23068,0.237838,0,0
5919,,0,1,3,4,1,3,4,8,0.230685,0.237892,0,0.5
2762,,11,3,1,4,3,1,4,9,0.20541,0.211413,0,0.666667
2763,,11,1,2,3,1,2,3,9,0.225221,0.232471,0,0.833333
2764,,11,1,1,2,1,1,2,9,0.206294,0.21125,0,0.5
2676,,11,2,7,9,2,7,9,8,0.231668,0.239312,26476.452927,0.309524
3975,,11,1,0,1,1,0,1,0,0,0,0,0
26352,,11,1,0,1,1,0,1,0,0,0,0,0
27585,,11,2,4,6,2,4,6,9,0.241251,0.25074,26217.433024,0.3
12447,,11,6,7,13,6,7,13,9,0.225661,0.23302,19114.533031,0.204545
1403,,8,0,2,2,0,2,2,8,0.257554,0.268727,0,0
1404,,8,1,4,5,1,4,5,9,0.220656,0.226556,19.431363,0
7510,,8,1,3,4,1,3,4,9,0.222459,0.229478,47.713393,0.083333
1406,,11,2,1,3,2,1,3,9,0.21773,0.224143,18826,0.166667
1407,,7,1,7,8,1,7,8,8,0.276902,0.289233,31.950752,0.196429
1408,,8,2,5,7,2,5,7,8,0.277061,0.290007,324.349058,0.166667
3492,,7,3,3,6,3,3,6,8,0.246678,0.256249,89.918479,0.066667
6752,,16,1,0,1,1,0,1,0,0,0,0,0
10170,,6,2,0,2,2,0,2,0,0,0,0,1
6434,,6,1,6,7,1,6,7,8,0.235422,0.243683,51950,0.266667
7832,,6,2,2,4,2,2,4,8,0.235243,0.243361,2895.70507,0.5
7244,,11,2,0,2,2,0,2,0,0,0,0,0
7400,,11,3,4,7,3,4,7,9,0.233695,0.242332,159.905526,0.166667
10108,,11,3,0,3,3,0,3,0,0,0,0,0.333333
19142,,11,1,0,1,1,0,1,0,0,0,0,0
8356,,11,1,1,2,1,1,2,1,1,1,557.633777,0
8907,,11,1,0,1,1,0,1,0,0,0,0,0
1415,,7,0,1,1,0,1,1,9,0.210412,0.216165,0,0
1418,,11,0,4,4,0,4,4,8,0.248155,0.258654,0,0.25
3723,,11,1,0,1,1,0,1,0,0,0,0,0
14757,,0,1,0,1,1,0,1,0,0,0,0,0
20939,,10,1,0,1,1,0,1,0,0,0,0,0
16188,,16,1,1,2,1,1,2,8,0.257541,0.268685,0,1
3014,,5,4,2,6,4,2,6,9,0.221274,0.227862,129.828907,0.133333
6335,,2,1,2,3,1,2,3,8,0.262475,0.27377,167.422903,0.166667
3880,,8,4,8,12,4,8,12,8,0.273654,0.286652,23085.13681,0.1
21557,,8,1,2,3,1,2,3,8,0.248774,0.257585,36.685783,0
6036,,5,7,0,7,7,0,7,0,0,0,0,0.142857
12498,,10,1,2,3,1,2,3,9,0.217345,0.223677,56.844624,0
18908,,5,1,0,1,1,0,1,0,0,0,0,0
4139,,5,9,6,15,9,6,15,8,0.280136,0.293593,37755.369539,0.164835
31787,,5,1,0,1,1,0,1,0,0,0,0,0
1424,,8,0,6,6,0,6,6,8,0.264142,0.275261,0,0.4
1425,,16,0,1,1,0,1,1,8,0.231378,0.23929,0,0
1428,,2,1,1,2,1,1,2,9,0.212098,0.218019,0,0
1429,,2,7,15,22,7,15,22,8,0.269189,0.281837,213124.916641,0.057895
9516,,2,3,2,5,3,2,5,10,0.182935,0.186809,207.160053,0.333333
9517,,2,1,1,2,1,1,2,9,0.212098,0.218019,0,0
14666,,2,1,0,1,1,0,1,0,0,0,0,0
15086,,2,1,0,1,1,0,1,0,0,0,0,0
32746,,2,1,0,1,1,0,1,0,0,0,0,0
1432,,11,1,0,1,1,0,1,0,0,0,0,0
10968,,16,2,0,2,2,0,2,0,0,0,0,0
1436,,15,0,5,5,0,5,5,8,0.264176,0.275771,0,0.15
11318,,16,6,4,10,6,4,10,8,0.230966,0.238477,45784.907533,0.071429
17032,,16,1,0,1,1,0,1,0,0,0,0,0
19343,,16,1,0,1,1,0,1,0,0,0,0,0
25881,,16,1,0,1,1,0,1,0,0,0,0,0
32201,,16,2,1,3,2,1,3,8,0.230949,0.238371,0,0.5
7671,,16,1,1,2,1,1,2,8,0.223308,0.229808,0,0
6921,,16,1,1,2,1,1,2,8,0.223308,0.229808,0,0
8400,,16,1,0,1,1,0,1,0,0,0,0,0
9559,,16,1,0,1,1,0,1,0,0,0,0,0
16545,,16,3,6,9,3,6,9,1,1,1,155866,0
20992,,16,4,3,7,4,3,7,9,0.23271,0.240766,18912.092177,0.45
22077,,16,1,0,1,1,0,1,0,0,0,0,0
21442,,16,5,0,5,5,0,5,0,0,0,0,0.05
26455,,16,1,1,2,1,1,2,9,0.232704,0.240713,0,0
13492,,8,3,1,4,3,1,4,9,0.192725,0.196798,2620.590466,0
28975,,16,1,0,1,1,0,1,0,0,0,0,0
29374,,16,1,3,4,1,3,4,9,0.23271,0.240766,0,0.333333
29682,,16,2,0,2,2,0,2,0,0,0,0,1
29683,,16,2,0,2,2,0,2,0,0,0,0,1
29872,,16,1,0,1,1,0,1,0,0,0,0,0
29873,,16,1,0,1,1,0,1,0,0,0,0,0
20953,,16,2,1,3,2,1,3,9,0.232704,0.240713,0,1
30365,,16,1,0,1,1,0,1,0,0,0,0,0
21441,,16,6,1,7,6,1,7,9,0.232704,0.240713,44445.894573,0.133333
31287,,16,1,2,3,1,2,3,9,0.232707,0.240739,0,1
31777,,16,3,0,3,3,0,3,0,0,0,0,0
12680,,16,2,2,4,2,2,4,8,0.26149,0.272622,272.272045,0.25
28654,,16,3,1,4,3,1,4,10,0.188781,0.19298,1.5,0.333333
6658,,0,1,4,5,1,4,5,8,0.266801,0.278817,3825.596168,0.45
21014,,0,1,1,2,1,1,2,9,0.192957,0.197335,0,0
2972,,8,3,4,7,3,4,7,9,0.230209,0.237764,22055.647469,0.2
8253,,8,2,0,2,2,0,2,0,0,0,0,1
21057,,8,1,2,3,1,2,3,9,0.217621,0.223521,0,0.5
2006,,8,4,5,9,4,5,9,8,0.249924,0.258921,26892.080835,0.333333
27152,,8,3,0,3,3,0,3,0,0,0,0,0.666667
33521,,8,1,0,1,1,0,1,0,0,0,0,0
1445,,11,1,1,2,1,1,2,8,0.22703,0.234929,0,1
7396,,15,5,8,13,5,8,13,8,0.267468,0.279344,15746.168099,0.154545
9180,,24,2,0,2,2,0,2,0,0,0,0,0.5
9179,,24,1,1,2,1,1,2,1,1,1,0,0.5
14331,,24,1,0,1,1,0,1,0,0,0,0,0
19629,,24,2,0,2,2,0,2,0,0,0,0,0.5
18670,,11,1,3,4,1,3,4,8,0.254196,0.265956,4.720072,0.666667
3042,,11,1,3,4,1,3,4,8,0.24999,0.260111,0,0.75
26916,,10,1,0,1,1,0,1,0,0,0,0,0
1455,,11,5,6,11,5,6,11,8,0.279982,0.293785,30003.653853,0.303571
1489,,11,4,4,8,4,4,8,8,0.237504,0.246319,33.357102,0.75
6429,,11,2,0,2,2,0,2,0,0,0,0,1
4537,,11,5,3,8,5,3,8,8,0.237501,0.246292,325.040331,0.5
5944,,24,1,2,3,1,2,3,9,0.232822,0.241169,264.371876,0.333333
6699,,11,2,2,4,2,2,4,9,0.2246,0.231675,567.767471,0.666667
3534,,11,5,4,9,5,4,9,8,0.239376,0.248504,21.820309,0.9
18626,,11,2,1,3,2,1,3,9,0.190029,0.193782,3.030813,0.166667
19389,,11,2,1,3,2,1,3,8,0.234601,0.24175,18945.009515,0.166667
22193,,11,2,1,3,2,1,3,10,0.191284,0.195691,467.767781,0
12329,,11,1,3,4,1,3,4,8,0.241211,0.250524,0,0.666667
27705,,11,3,0,3,3,0,3,0,0,0,0,0.5
29084,,11,1,0,1,1,0,1,0,0,0,0,0
30316,,11,3,1,4,3,1,4,9,0.224852,0.232779,261.471124,0.166667
33655,,11,1,0,1,1,0,1,0,0,0,0,0
25779,,11,2,0,2,2,0,2,0,0,0,0,0
12702,,11,5,1,6,5,1,6,8,0.236531,0.245945,19103.272857,0.166667
5415,,0,3,0,3,3,0,3,0,0,0,0,0
5844,,3,4,0,4,4,0,4,0,0,0,0,0
28849,,16,1,0,1,1,0,1,0,0,0,0,0
9374,,7,4,0,4,4,0,4,0,0,0,0,0.5
8193,,16,6,0,6,6,0,6,0,0,0,0,0.166667
5449,,16,4,10,14,4,10,14,8,0.251228,0.261885,46663.713644,0.219697
18422,,16,1,2,3,1,2,3,9,0.210926,0.216984,501.6071,0.166667
27450,,16,1,0,1,1,0,1,0,0,0,0,0
3034,,7,2,2,4,2,2,4,9,0.232888,0.240564,219.811334,0.333333
7570,,7,2,1,3,2,1,3,9,0.201004,0.206147,0,1
9522,,7,1,0,1,1,0,1,0,0,0,0,0
1491,,16,1,3,4,1,3,4,8,0.264879,0.275892,0,0.666667
12584,,3,1,2,3,1,2,3,9,0.202243,0.207204,7722.752402,0
8849,,7,2,1,3,2,1,3,9,0.219658,0.225859,0,1
16873,,15,1,2,3,1,2,3,9,0.244862,0.253995,1150.44672,0
12626,,16,1,3,4,1,3,4,8,0.233102,0.240949,1554.879698,0.25
22209,,7,1,1,2,1,1,2,9,0.232857,0.240471,0,0
20528,,16,1,2,3,1,2,3,9,0.209796,0.215714,26734.829556,0
27686,,7,1,0,1,1,0,1,0,0,0,0,0
26938,,16,1,3,4,1,3,4,8,0.264622,0.276105,0,0.833333
33840,,7,1,0,1,1,0,1,0,0,0,0,0
1464,,15,2,3,5,2,3,5,9,0.222372,0.229335,26199.24157,0
17199,,2,2,0,2,2,0,2,0,0,0,0,0
11558,,11,1,1,2,1,1,2,10,0.186766,0.190615,0,1
13142,,11,1,1,2,1,1,2,9,0.229653,0.236932,0,0
18311,,11,1,0,1,1,0,1,0,0,0,0,0
21109,,11,1,0,1,1,0,1,0,0,0,0,0
26875,,11,1,0,1,1,0,1,0,0,0,0,0
8300,,24,4,5,9,4,5,9,9,0.235478,0.243786,46446.799402,0.069444
28438,,11,3,2,5,3,2,5,8,0.242731,0.252271,163.972505,0.5
29650,,11,2,1,3,2,1,3,9,0.229653,0.236932,18826,0
33241,,11,1,1,2,1,1,2,9,0.229653,0.236932,0,0
35011,,11,5,7,12,5,7,12,8,0.251705,0.261078,29975.539522,0.044444
1470,,5,12,20,32,12,20,32,7,0.304254,0.320277,157442.403443,0.108374
8634,,5,1,1,2,1,1,2,8,0.233281,0.240176,0,0
33488,,5,1,1,2,1,1,2,9,0.200368,0.205307,4.381603,0
11782,,16,1,0,1,1,0,1,0,0,0,0,0
10084,,16,1,2,3,1,2,3,9,0.216376,0.222229,0,1
1475,,8,1,2,3,1,2,3,10,0.177877,0.181607,52.369729,0
31025,,8,2,0,2,2,0,2,0,0,0,0,1
9488,,7,4,9,13,4,9,13,8,0.272813,0.285222,62129.317623,0.188889
14841,,9,27,0,27,27,0,27,0,0,0,0,0.034188
21208,,7,1,0,1,1,0,1,0,0,0,0,0
13335,,19,1,1,2,1,1,2,9,0.205612,0.210926,17.531529,0
16727,,19,1,1,2,1,1,2,9,0.217742,0.224267,20.609645,0
16868,,19,1,0,1,1,0,1,0,0,0,0,0
23208,,7,1,0,1,1,0,1,0,0,0,0,0
1484,,7,0,1,1,0,1,1,9,0.187188,0.191355,0,0
17339,,7,4,0,4,4,0,4,0,0,0,0,0.083333
25911,,13,4,3,7,4,3,7,8,0.250043,0.260651,10319.904466,0.266667
30353,,7,1,0,1,1,0,1,0,0,0,0,0
4679,,6,3,4,7,3,4,7,9,0.222283,0.22949,26199.534111,0.071429
9805,,6,1,0,1,1,0,1,0,0,0,0,0
13326,,9,7,16,23,7,16,23,8,0.267123,0.279797,117226.812093,0.165441
6430,,9,9,17,26,9,17,26,8,0.260261,0.271512,96945.266618,0.086842
19147,,6,1,1,2,1,1,2,9,0.220303,0.227428,0,0
23804,,6,2,0,2,2,0,2,0,0,0,0,1
24083,,6,1,0,1,1,0,1,0,0,0,0,0
19359,,6,4,3,7,4,3,7,8,0.248056,0.257757,1562.889835,0.466667
19365,,11,1,4,5,1,4,5,8,0.246672,0.256815,26943.381162,0
23170,,6,3,4,7,3,4,7,8,0.249235,0.259038,224.647552,0.5
20361,,6,1,4,5,1,4,5,8,0.235272,0.242854,42177.681716,0.416667
24305,,6,1,2,3,1,2,3,8,0.247926,0.257571,0,1
26669,,6,1,0,1,1,0,1,0,0,0,0,0
26297,,6,3,0,3,3,0,3,0,0,0,0,1
27725,,6,2,2,4,2,2,4,8,0.235257,0.242779,126.925709,0.333333
27744,,6,3,1,4,3,1,4,9,0.220303,0.227428,0,0.666667
31634,,6,1,0,1,1,0,1,0,0,0,0,0
28882,,6,7,9,16,7,9,16,8,0.241908,0.250828,116899.655793,0.120879
35176,,6,2,0,2,2,0,2,0,0,0,0,0
35447,,6,1,0,1,1,0,1,0,0,0,0,0
35368,,6,1,1,2,1,1,2,8,0.23195,0.238888,0,1
1487,,8,0,4,4,0,4,4,8,0.243747,0.252917,0,0.416667
21431,,10,1,1,2,1,1,2,9,0.214297,0.220209,104.44057,0
1492,,7,1,11,12,1,11,12,8,0.263102,0.274278,72.99048,0.136364
1493,,13,0,1,1,0,1,1,1,1,1,0,0
34991,,0,3,12,15,3,12,15,8,0.241254,0.250397,151673.708507,0.065934
1497,,7,0,3,3,0,3,3,9,0.232984,0.240693,0,0.166667
10259,,16,2,1,3,2,1,3,9,0.213735,0.219927,0,1
14278,,11,2,1,3,2,1,3,10,0.176508,0.179961,2.128441,0
29286,,1,2,0,2,2,0,2,0,0,0,0,0
10581,,24,1,2,3,1,2,3,9,0.218632,0.225338,39.089957,0.333333
13630,,24,2,1,3,2,1,3,10,0.172366,0.175451,28.179126,0.5
1502,,8,1,2,3,1,2,3,8,0.235431,0.242889,18.604655,0.166667
18235,,15,1,0,1,1,0,1,0,0,0,0,0
9341,,8,1,1,2,1,1,2,10,0.180165,0.183864,0.833333,0
1511,,23,0,1,1,0,1,1,1,1,1,0,0
1512,,23,1,0,1,1,0,1,0,0,0,0,0
1513,,15,0,1,1,0,1,1,10,0.180353,0.184084,0,0
1514,,15,9,2,11,9,2,11,9,0.220025,0.22693,76497.08537,0.097222
10659,,15,4,4,8,4,4,8,9,0.222385,0.229546,26679.64882,0.3
1515,,6,0,1,1,0,1,1,8,0.247395,0.256736,0,0
7160,,8,3,2,5,3,2,5,8,0.234245,0.242957,18826,0.416667
6233,,8,3,1,4,3,1,4,8,0.223964,0.231181,75.527071,0.333333
4138,,5,2,5,7,2,5,7,9,0.229922,0.237401,1380.504653,0.190476
4700,,8,3,4,7,3,4,7,8,0.224544,0.231793,18825.833333,0.45
20634,,8,1,0,1,1,0,1,0,0,0,0,0
22467,,8,1,1,2,1,1,2,8,0.223964,0.231181,0,0
31731,,8,1,0,1,1,0,1,0,0,0,0,0
22774,,8,2,1,3,2,1,3,9,0.183371,0.187216,0,1
18429,,8,4,1,5,4,1,5,9,0.236549,0.24428,19134.402108,0.25
9708,,8,1,13,14,1,13,14,8,0.268885,0.280728,28014.761049,0.134615
5824,,15,1,0,1,1,0,1,0,0,0,0,0
18575,,15,1,0,1,1,0,1,0,0,0,0,0
5745,,15,2,6,8,2,6,8,8,0.233342,0.241612,52449.938892,0.02381
13980,,15,2,1,3,2,1,3,9,0.195345,0.199872,11.387702,0.5
25153,,15,2,0,2,2,0,2,0,0,0,0,0.5
34814,,15,1,0,1,1,0,1,0,0,0,0,0
35445,,15,2,0,2,2,0,2,0,0,0,0,1
6598,,15,1,4,5,1,4,5,9,0.224076,0.23103,8470.082019,0.25
6455,,15,4,1,5,4,1,5,9,0.215391,0.221629,19234.985393,0.05
16400,,15,1,2,3,1,2,3,9,0.211969,0.217846,26170.3539,0
12948,,15,2,4,6,2,4,6,8,0.262885,0.273696,64606.508665,0
33767,,15,1,1,2,1,1,2,9,0.21906,0.225468,0,0
33928,,15,1,0,1,1,0,1,0,0,0,0,0
1526,,12,0,1,1,0,1,1,9,0.213606,0.219549,0,0
13891,,6,1,0,1,1,0,1,0,0,0,0,0
15192,,13,2,2,4,2,2,4,9,0.225864,0.232826,481.044319,0
17358,,6,1,3,4,1,3,4,9,0.228056,0.235679,100.835445,0.166667
20277,,6,1,0,1,1,0,1,0,0,0,0,0
21926,,6,1,0,1,1,0,1,0,0,0,0,0
2895,,0,3,0,3,3,0,3,0,0,0,0,0
8688,,0,1,1,2,1,1,2,9,0.188498,0.192391,0,0
6753,,10,3,3,6,3,3,6,8,0.220628,0.227501,53.784014,0.416667
7975,,15,1,2,3,1,2,3,9,0.223157,0.230345,174.908679,0.166667
3784,,10,8,8,16,8,8,16,9,0.241939,0.251376,51007.691749,0.032967
9725,,10,2,3,5,2,3,5,9,0.209036,0.214793,44894.966177,0.15
22527,,10,1,0,1,1,0,1,0,0,0,0,0
29552,,15,1,1,2,1,1,2,9,0.220709,0.227137,106.590783,0
14668,,15,2,1,3,2,1,3,9,0.215526,0.221808,103.17264,0
5411,,15,10,10,20,10,10,20,8,0.245696,0.254843,93801.49771,0.023392
10947,,11,1,0,1,1,0,1,0,0,0,0,0
11093,,11,1,1,2,1,1,2,8,0.27219,0.283723,0,0.5
13346,,8,4,1,5,4,1,5,9,0.209896,0.215796,81.631241,0.083333
1531,,10,0,1,1,0,1,1,9,0.222689,0.230064,0,0
4582,,1,2,0,2,2,0,2,0,0,0,0,0
9589,,8,1,0,1,1,0,1,0,0,0,0,0
3814,,8,4,4,8,4,4,8,8,0.254333,0.264174,27789.223667,0.285714
24047,,8,1,2,3,1,2,3,8,0.247502,0.256018,0,1
25136,,8,1,0,1,1,0,1,0,0,0,0,0
4086,,8,4,1,5,4,1,5,8,0.238703,0.246055,60.689222,0.25
4214,,7,1,2,3,1,2,3,8,0.265458,0.276525,0,0.666667
34031,,8,2,0,2,2,0,2,0,0,0,0,1
6088,,0,2,0,2,2,0,2,0,0,0,0,0
12734,,8,1,2,3,1,2,3,8,0.245738,0.25509,0,0.5
2814,,8,5,11,16,5,11,16,8,0.278986,0.292806,30788.888174,0.28022
26801,,8,1,2,3,1,2,3,8,0.234475,0.242801,284.555785,0
3195,,7,2,0,2,2,0,2,0,0,0,0,0
4577,,8,1,0,1,1,0,1,0,0,0,0,0
5978,,8,1,1,2,1,1,2,9,0.250609,0.260973,345.026663,0
14198,,8,1,9,10,1,9,10,8,0.269035,0.281276,140.617079,0.375
1539,,16,0,6,6,0,6,6,8,0.256642,0.267295,0,0.4
1540,,7,0,1,1,0,1,1,9,0.200066,0.204368,0,0
9404,,8,3,3,6,3,3,6,9,0.22478,0.232052,45796.475024,0.25
18740,,8,4,4,8,4,4,8,8,0.242285,0.250593,407.083536,0.047619
7487,,8,2,3,5,2,3,5,8,0.239806,0.248981,23236.130182,0
1544,,7,0,2,2,0,2,2,8,0.249854,0.258824,0,1
1546,,5,0,1,1,0,1,1,9,0.22971,0.237607,0,0
1547,,8,0,1,1,0,1,1,8,0.262756,0.273466,0,0
7351,,8,6,16,22,6,16,22,8,0.274443,0.28758,49354.496908,0.139474
8642,,8,1,3,4,1,3,4,8,0.262084,0.273337,64.981663,0.416667
3163,,8,1,8,9,1,8,9,8,0.264987,0.276298,5799.138047,0.125
15251,,11,1,1,2,1,1,2,1,1,1,391.256899,0
1900,,8,6,11,17,6,11,17,8,0.291641,0.306141,44467.348277,0.195833
17443,,8,3,2,5,3,2,5,8,0.241254,0.248918,18848.654075,0.35
23989,,16,3,0,3,3,0,3,0,0,0,0,0
27850,,8,1,0,1,1,0,1,0,0,0,0,0
21733,,8,2,0,2,2,0,2,0,0,0,0,0
11514,,8,1,1,2,1,1,2,11,0.162538,0.165172,29249.881741,0
7813,,8,1,0,1,1,0,1,0,0,0,0,0
9354,,8,1,0,1,1,0,1,0,0,0,0,0
10493,,8,2,1,3,2,1,3,8,0.235971,0.243456,8.990337,0
13908,,8,1,0,1,1,0,1,0,0,0,0,0
19591,,8,1,1,2,1,1,2,9,0.239962,0.248532,35.690066,0
34961,,8,5,0,5,5,0,5,0,0,0,0,0
1554,,12,0,1,1,0,1,1,8,0.234438,0.242011,0,0
19464,,12,1,0,1,1,0,1,0,0,0,0,0
29200,,12,2,3,5,2,3,5,8,0.235407,0.243178,83.552346,0.5
32695,,12,5,0,5,5,0,5,0,0,0,0,0.05
1558,,6,0,1,1,0,1,1,9,0.208806,0.21502,0,0
1559,,8,0,1,1,0,1,1,1,1,1,0,0
1826,,17,4,2,6,4,2,6,1,1,1,25981.166667,0.2
2634,,17,1,0,1,1,0,1,0,0,0,0,0
4120,,17,1,0,1,1,0,1,0,0,0,0,0
4184,,17,4,0,4,4,0,4,0,0,0,0,0.166667
4185,,17,1,1,2,1,1,2,1,1,1,13001.420364,0
2078,,17,2,0,2,2,0,2,0,0,0,0,0.5
1898,,17,2,16,18,2,16,18,9,0.227183,0.234544,106576.872185,0.095588
13083,,17,1,0,1,1,0,1,0,0,0,0,0
17350,,10,1,0,1,1,0,1,0,0,0,0,0
17715,,10,1,0,1,1,0,1,0,0,0,0,0
28628,,10,1,0,1,1,0,1,0,0,0,0,0
30020,,10,1,0,1,1,0,1,0,0,0,0,0
30278,,10,1,0,1,1,0,1,0,0,0,0,0
9886,,15,4,6,10,4,6,10,8,0.240265,0.250051,2484.809716,0.211111
14595,,15,2,4,6,2,4,6,8,0.234335,0.243152,27742.149911,0.25
1563,,8,5,9,14,5,9,14,8,0.270271,0.282908,67477.08933,0.134615
17611,,8,1,0,1,1,0,1,0,0,0,0,0
16155,,8,3,0,3,3,0,3,0,0,0,0,0.166667
1565,,8,0,2,2,0,2,2,9,0.213359,0.219275,0,0
1567,,8,1,2,3,1,2,3,9,0.224574,0.231214,108.819439,0
1568,,8,0,2,2,0,2,2,8,0.242832,0.251864,0,0
1572,,0,0,2,2,0,2,2,9,0.223979,0.23103,0,0
1574,,8,0,1,1,0,1,1,8,0.262756,0.273466,0,0
1576,,5,1,0,1,1,0,1,0,0,0,0,0
3411,,5,4,3,7,4,3,7,8,0.263489,0.274979,2222.467175,0.190476
12544,,5,3,2,5,3,2,5,9,0.196622,0.200956,26236.828543,0.05
16449,,5,2,0,2,2,0,2,0,0,0,0,0
31944,,24,16,6,22,16,6,22,9,0.22303,0.230266,0,0.545455
14560,,24,19,5,24,19,5,24,8,0.23055,0.238627,563.056739,0.535573
17656,,24,22,2,24,22,2,24,8,0.22377,0.23092,635.625924,0.498188
31885,,24,18,4,22,18,4,22,9,0.22302,0.230195,0,0.545455
31917,,24,17,5,22,17,5,22,9,0.223025,0.230231,0,0.545455
32050,,24,12,11,23,12,11,23,9,0.225361,0.23311,2.158626,0.54329
32096,,24,12,14,26,12,14,26,8,0.230801,0.239151,3319.598499,0.490942
26570,,24,12,18,30,12,18,30,8,0.243054,0.252199,7665.655582,0.375385
31693,,24,9,15,24,9,15,24,8,0.230804,0.239177,23.265423,0.535573
32075,,24,11,13,24,11,13,24,9,0.225367,0.233163,2.158626,0.541126
27992,,24,13,13,26,13,13,26,8,0.238981,0.248369,1781.332058,0.468333
7816,,10,2,4,6,2,4,6,8,0.249364,0.25992,1159.995242,0.4
9394,,0,14,0,14,14,0,14,0,0,0,0,0.137363
7666,,0,1,1,2,1,1,2,9,0.187609,0.191979,0,0
11385,,8,4,9,13,4,9,13,8,0.267047,0.279444,42299.555246,0.115385
3406,,24,5,4,9,5,4,9,8,0.227802,0.235451,19736.237435,0.071429
7307,,24,1,1,2,1,1,2,8,0.262757,0.273467,0,0.5
20154,,24,2,0,2,2,0,2,0,0,0,0,0
3992,,10,6,8,14,6,8,14,8,0.234905,0.243768,103214.609484,0.072727
12228,,10,3,1,4,3,1,4,9,0.2265,0.233961,0,1
12570,,10,2,1,3,2,1,3,8,0.233634,0.241997,0,1
13148,,10,1,3,4,1,3,4,9,0.226841,0.234411,0,1
8793,,10,1,2,3,1,2,3,8,0.237202,0.24598,0,1
22914,,10,1,1,2,1,1,2,9,0.202853,0.208714,0,1
15875,,10,4,4,8,4,4,8,8,0.232357,0.240684,18893.813164,0.333333
21162,,15,3,0,3,3,0,3,0,0,0,0,0.166667
29903,,10,3,0,3,3,0,3,0,0,0,0,0.666667
7856,,10,1,1,2,1,1,2,8,0.229888,0.237488,270.842603,0
1585,,2,3,2,5,3,2,5,10,0.182541,0.186578,488.538743,0.5
7005,,2,2,1,3,2,1,3,10,0.180927,0.184735,90.103812,0
10249,,2,1,0,1,1,0,1,0,0,0,0,0
16236,,2,1,0,1,1,0,1,0,0,0,0,0
20015,,2,1,0,1,1,0,1,0,0,0,0,0
12029,,5,2,3,5,2,3,5,9,0.237912,0.246574,509.018355,0.333333
1682,,5,2,3,5,2,3,5,9,0.256272,0.267471,26670.352779,0
35661,,5,1,0,1,1,0,1,0,0,0,0,0
35683,,5,1,0,1,1,0,1,0,0,0,0,0
12123,,8,1,1,2,1,1,2,9,0.232087,0.239657,0,0
15479,,5,1,2,3,1,2,3,9,0.22001,0.226557,86.955176,0.166667
1594,,10,1,0,1,1,0,1,0,0,0,0,0
1596,,16,1,0,1,1,0,1,0,0,0,0,0
28417,,11,2,0,2,2,0,2,0,0,0,0,0
32228,,11,1,0,1,1,0,1,0,0,0,0,0
9086,,11,2,2,4,2,2,4,8,0.234522,0.243099,901.518608,0.25
21831,,0,1,1,2,1,1,2,1,1,1,0,0.5
32891,,0,1,1,2,1,1,2,9,0.209124,0.21443,0,0
11780,,0,1,1,2,1,1,2,9,0.218288,0.224543,0,0
14965,,0,1,0,1,1,0,1,0,0,0,0,0
23831,,0,1,0,1,1,0,1,0,0,0,0,0
32298,,0,1,0,1,1,0,1,0,0,0,0,0
1601,,25,0,2,2,0,2,2,1,1,1,0,0.5
1602,,25,1,1,2,1,1,2,1,1,1,0,0.5
9548,,25,4,0,4,4,0,4,0,0,0,0,0.083333
19387,,7,2,0,2,2,0,2,0,0,0,0,0
21211,,7,1,1,2,1,1,2,8,0.252153,0.261614,0,0.5
3815,,8,3,9,12,3,9,12,7,0.303239,0.318732,29202.882783,0.265152
13804,,2,1,2,3,1,2,3,9,0.238289,0.246759,7.241834,0.5
9197,,15,1,0,1,1,0,1,0,0,0,0,0
13380,,15,1,0,1,1,0,1,0,0,0,0,0
17299,,15,1,0,1,1,0,1,0,0,0,0,0
21389,,15,1,0,1,1,0,1,0,0,0,0,0
27030,,15,2,1,3,2,1,3,9,0.220208,0.226331,19263.443099,0
16534,,16,2,3,5,2,3,5,9,0.229838,0.236897,179.748104,0.15
2965,,6,1,2,3,1,2,3,9,0.20667,0.212349,18825,0
27042,,16,2,1,3,2,1,3,8,0.234852,0.242177,9498.017249,0
1611,,7,0,8,8,0,8,8,8,0.262924,0.274764,0,0.125
4383,,7,1,3,4,1,3,4,8,0.253289,0.263327,129.578161,0.083333
16714,,8,1,1,2,1,1,2,9,0.200821,0.206195,0,0
6062,,8,2,1,3,2,1,3,9,0.220368,0.226489,185.219712,0
35276,,21,2,0,2,2,0,2,0,0,0,0,0
26056,,8,1,0,1,1,0,1,0,0,0,0,0
28993,,8,2,0,2,2,0,2,0,0,0,0,0
1614,,15,0,3,3,0,3,3,9,0.215842,0.222066,0,0
1615,,2,0,1,1,0,1,1,8,0.261475,0.272568,0,0
1616,,0,0,1,1,0,1,1,10,0.172631,0.175781,0,0
1617,,0,1,2,3,1,2,3,9,0.208639,0.214266,18827,0.166667
10740,,8,4,8,12,4,8,12,8,0.26743,0.279325,20870.970907,0.113636
28159,,10,3,2,5,3,2,5,9,0.21617,0.222657,26001.395143,0.166667
1623,,8,1,7,8,1,7,8,7,0.300874,0.31601,1337.330898,0.571429
1625,,6,1,1,2,1,1,2,1,1,1,1.75,0
23308,,10,3,2,5,3,2,5,9,0.227907,0.235275,254.44563,0.166667
21913,,3,2,2,4,2,2,4,9,0.219561,0.226356,15.850285,0.333333
9016,,11,1,5,6,1,5,6,8,0.262022,0.273075,96.845982,0.133333
10063,,8,1,1,2,1,1,2,8,0.239638,0.247488,27.024557,0
6369,,0,1,1,2,1,1,2,9,0.191658,0.195731,0,0
3264,,0,3,2,5,3,2,5,9,0.224791,0.232437,44800,0.2
30143,,8,1,0,1,1,0,1,0,0,0,0,0
32684,,8,1,0,1,1,0,1,0,0,0,0,0
1956,,8,4,2,6,4,2,6,8,0.231819,0.238938,0,1
20536,,8,1,0,1,1,0,1,0,0,0,0,0
27818,,8,3,2,5,3,2,5,8,0.234674,0.242584,424.46367,0.05
4804,,10,2,5,7,2,5,7,8,0.265844,0.277646,27821.643762,0.142857
29812,,8,1,0,1,1,0,1,0,0,0,0,0
1640,,11,0,1,1,0,1,1,8,0.234514,0.24306,0,0
3738,,7,1,2,3,1,2,3,8,0.266918,0.278987,0,0.833333
17740,,7,1,4,5,1,4,5,7,0.297386,0.312265,19.069068,0.45
2396,,10,2,4,6,2,4,6,8,0.251961,0.262563,427.377578,0.4
10214,,10,3,1,4,3,1,4,9,0.19455,0.198942,0,0.5
14269,,10,1,0,1,1,0,1,0,0,0,0,0
20884,,15,1,2,3,1,2,3,9,0.222327,0.229769,1473.958568,0.166667
22055,,10,2,1,3,2,1,3,11,0.156339,0.158763,25974,0
22132,,10,2,0,2,2,0,2,0,0,0,0,0.5
24265,,10,1,0,1,1,0,1,0,0,0,0,0
7887,,10,2,5,7,2,5,7,9,0.229692,0.237893,96.03831,0.666667
25101,,10,1,1,2,1,1,2,9,0.19512,0.200169,0,1
26124,,10,1,3,4,1,3,4,8,0.241638,0.250039,25974,0.333333
30305,,10,1,0,1,1,0,1,0,0,0,0,0
30591,,10,1,1,2,1,1,2,9,0.227441,0.235137,0,0
22420,,10,1,3,4,1,3,4,8,0.243702,0.252596,0,0.666667
12648,,10,2,5,7,2,5,7,8,0.236763,0.245223,231.44465,0.4
34082,,10,1,0,1,1,0,1,0,0,0,0,0
12055,,10,4,1,5,4,1,5,1,1,1,25976,0.1
1646,,11,0,1,1,0,1,1,9,0.213504,0.219764,0,0
19912,,11,1,1,2,1,1,2,10,0.178039,0.181605,0,1
19491,,11,1,2,3,1,2,3,9,0.213502,0.219784,25975,0
21042,,11,2,1,3,2,1,3,9,0.213498,0.219749,24.650287,0
22338,,11,4,3,7,4,3,7,9,0.233015,0.241384,45515.641875,0.35
23954,,11,1,0,1,1,0,1,0,0,0,0,0
31843,,0,3,0,3,3,0,3,0,0,0,0,0
16746,,11,2,1,3,2,1,3,9,0.250606,0.260969,1608.424087,0.333333
3348,,16,1,0,1,1,0,1,0,0,0,0,0
11477,,16,1,6,7,1,6,7,8,0.218397,0.225701,899.523833,0.366667
15933,,16,1,0,1,1,0,1,0,0,0,0,0
16554,,16,1,0,1,1,0,1,0,0,0,0,0
17263,,16,1,0,1,1,0,1,0,0,0,0,0
17664,,16,1,6,7,1,6,7,8,0.233044,0.241624,26964.620231,0.2
18940,,16,1,1,2,1,1,2,9,0.210827,0.216918,198.02942,0
25152,,6,2,2,4,2,2,4,9,0.192627,0.196746,77526.395552,0.166667
26615,,16,2,0,2,2,0,2,0,0,0,0,0
27901,,16,1,0,1,1,0,1,0,0,0,0,0
27948,,16,1,0,1,1,0,1,0,0,0,0,0
30095,,16,1,0,1,1,0,1,0,0,0,0,0
23070,,11,3,1,4,3,1,4,8,0.216959,0.223311,74.44548,0.166667
30514,,16,1,0,1,1,0,1,0,0,0,0,0
30891,,16,1,0,1,1,0,1,0,0,0,0,0
31052,,16,1,0,1,1,0,1,0,0,0,0,0
32411,,16,1,0,1,1,0,1,0,0,0,0,0
32807,,16,1,0,1,1,0,1,0,0,0,0,0
26592,,16,4,4,8,4,4,8,8,0.238567,0.247955,347.822964,0.8
33850,,11,2,0,2,2,0,2,0,0,0,0,0
34687,,16,1,0,1,1,0,1,0,0,0,0,0
34708,,16,1,0,1,1,0,1,0,0,0,0,0
1651,,12,0,1,1,0,1,1,9,0.195014,0.200132,0,0
1652,,12,0,1,1,0,1,1,9,0.194323,0.198649,0,0
1654,,7,0,1,1,0,1,1,8,0.226935,0.234515,0,0
9694,,8,3,1,4,3,1,4,9,0.198884,0.203512,1.162037,0.25
6044,,8,3,0,3,3,0,3,0,0,0,0,0
3921,,15,7,15,22,7,15,22,7,0.303606,0.319381,186443.882971,0.121053
16015,,8,1,0,1,1,0,1,0,0,0,0,0
1805,,10,2,3,5,2,3,5,8,0.267145,0.278916,1159.407788,0.416667
7440,,8,1,1,2,1,1,2,9,0.222893,0.230198,0,0
17037,,8,1,2,3,1,2,3,9,0.222962,0.230326,0,1
12161,,0,2,2,4,2,2,4,8,0.228952,0.236694,63765.585288,0
14848,,0,1,0,1,1,0,1,0,0,0,0,0
15660,,0,1,0,1,1,0,1,0,0,0,0,0
17256,,0,2,0,2,2,0,2,0,0,0,0,0
34508,,0,1,0,1,1,0,1,0,0,0,0,0
4407,,0,5,4,9,5,4,9,8,0.231403,0.239864,28712.75748,0.071429
15762,,11,2,5,7,2,5,7,8,0.236347,0.244711,30536.034033,0.05
2956,,8,4,6,10,4,6,10,8,0.270128,0.282262,110092.745104,0.033333
1707,,15,2,6,8,2,6,8,8,0.228399,0.236351,18913.067793,0.214286
1958,,8,4,3,7,4,3,7,8,0.261982,0.273204,1855.341897,0.133333
2639,,24,1,5,6,1,5,6,8,0.26536,0.27701,39.586023,0.6
7126,,8,1,0,1,1,0,1,0,0,0,0,0
4660,,24,1,2,3,1,2,3,8,0.234978,0.24368,0,1
2379,,8,8,7,15,8,7,15,8,0.264827,0.276754,46490.943852,0.137363
14265,,8,1,0,1,1,0,1,0,0,0,0,0
14683,,8,1,0,1,1,0,1,0,0,0,0,0
18281,,8,1,0,1,1,0,1,0,0,0,0,0
20493,,8,1,0,1,1,0,1,0,0,0,0,0
22669,,8,1,0,1,1,0,1,0,0,0,0,0
13745,,8,2,6,8,2,6,8,8,0.238397,0.247334,78318.381413,0.142857
5994,,15,3,2,5,3,2,5,8,0.225842,0.233142,18826,0.333333
26803,,8,1,1,2,1,1,2,8,0.225832,0.233088,0,0
27598,,8,1,0,1,1,0,1,0,0,0,0,0
12677,,8,1,1,2,1,1,2,9,0.216194,0.22253,276.109885,0.5
31012,,8,2,0,2,2,0,2,0,0,0,0,0
32902,,8,1,0,1,1,0,1,0,0,0,0,0
28405,,8,1,1,2,1,1,2,8,0.225832,0.233088,0,0
15024,,11,4,5,9,4,5,9,8,0.249249,0.259789,73402.83963,0.089286
1664,,7,0,1,1,0,1,1,8,0.270888,0.28334,0,0
24235,,10,2,1,3,2,1,3,9,0.204535,0.209825,28.799016,0
21305,,10,1,1,2,1,1,2,9,0.222927,0.229747,0,1
2177,,16,3,3,6,3,3,6,8,0.258141,0.269418,21825.18534,0.25
19029,,11,1,0,1,1,0,1,0,0,0,0,0
9228,,16,12,5,17,12,5,17,8,0.229096,0.236527,645180.656838,0.009524
19921,,11,1,1,2,1,1,2,9,0.217644,0.224229,0,0
24627,,11,1,0,1,1,0,1,0,0,0,0,0
28125,,11,1,0,1,1,0,1,0,0,0,0,0
28826,,11,3,0,3,3,0,3,0,0,0,0,0
25389,,21,2,2,4,2,2,4,10,0.178757,0.182386,77910,0.166667
34837,,11,1,0,1,1,0,1,0,0,0,0,0
1671,,7,0,1,1,0,1,1,8,0.252153,0.261614,0,0
4844,,11,1,1,2,1,1,2,8,0.225234,0.232001,0,0
4755,,11,1,4,5,1,4,5,8,0.231976,0.239389,0,0.5
3570,,11,4,4,8,4,4,8,8,0.258816,0.268874,4656.168486,0.142857
5233,,11,2,1,3,2,1,3,8,0.225234,0.232001,0,1
5605,,11,2,1,3,2,1,3,9,0.192118,0.196387,0,1
5849,,11,2,1,3,2,1,3,8,0.225234,0.232001,0,0.5
6209,,11,1,2,3,1,2,3,8,0.24995,0.258746,144.667418,0
7249,,11,1,0,1,1,0,1,0,0,0,0,0
6557,,11,2,32,34,2,32,34,7,0.281031,0.295643,94120.997927,0.060484
5877,,16,1,3,4,1,3,4,8,0.22876,0.236134,140.451966,0.166667
5614,,11,1,1,2,1,1,2,8,0.225234,0.232001,0,0
6440,,11,5,5,10,5,5,10,8,0.237801,0.246147,38171.974915,0.142857
8940,,11,4,0,4,4,0,4,0,0,0,0,0.75
7963,,11,1,1,2,1,1,2,8,0.225234,0.232001,0,0
4589,,8,8,21,29,8,21,29,8,0.275419,0.288569,65311.611437,0.052707
7937,,5,1,1,2,1,1,2,9,0.218042,0.224328,284.862059,0
15244,,5,3,5,8,3,5,8,8,0.231508,0.239786,1064.305782,0.2
8365,,0,2,0,2,2,0,2,0,0,0,0,0
11737,,5,1,5,6,1,5,6,8,0.25262,0.262358,845.221646,0.2
1675,,12,3,3,6,3,3,6,8,0.237867,0.245929,28883.166329,0.133333
12707,,12,2,2,4,2,2,4,8,0.251446,0.261565,1092.097088,0
6773,,5,1,0,1,1,0,1,0,0,0,0,0
27004,,5,1,0,1,1,0,1,0,0,0,0,0
6558,,5,2,5,7,2,5,7,8,0.255653,0.265858,2313.536341,0.4
7060,,5,2,0,2,2,0,2,0,0,0,0,0.5
2366,,5,6,15,21,6,15,21,8,0.271291,0.283853,18221.607849,0.1
14726,,5,2,3,5,2,3,5,9,0.218229,0.224751,70772.791248,0.1
28483,,5,1,0,1,1,0,1,0,0,0,0,0
31430,,5,2,0,2,2,0,2,0,0,0,0,0
33071,,5,1,0,1,1,0,1,0,0,0,0,0
9532,,10,1,0,1,1,0,1,0,0,0,0,0
7175,,10,2,2,4,2,2,4,8,0.250576,0.260347,0,0.5
1685,,6,0,3,3,0,3,3,9,0.232702,0.240989,0,0
1686,,13,0,1,1,0,1,1,1,1,1,0,0
12868,,7,1,2,3,1,2,3,8,0.242123,0.250634,0,1
4292,,6,2,3,5,2,3,5,8,0.256723,0.267725,26015.03315,0.4
1691,,11,0,1,1,0,1,1,11,0.166952,0.169918,0,0
8172,,11,1,2,3,1,2,3,9,0.250622,0.261016,131981.324205,0
1695,,15,1,0,1,1,0,1,0,0,0,0,0
2205,,15,1,0,1,1,0,1,0,0,0,0,0
7504,,8,1,3,4,1,3,4,8,0.236332,0.244365,782.854027,0.166667
11901,,1,1,1,2,1,1,2,8,0.232405,0.239626,0,0.5
17495,,1,5,4,9,5,4,9,8,0.245341,0.254494,20423.175682,0.214286
23060,,15,1,0,1,1,0,1,0,0,0,0,0
29992,,6,1,1,2,1,1,2,9,0.220308,0.227441,512.104219,0
33111,,15,1,0,1,1,0,1,0,0,0,0,0
20227,,10,1,1,2,1,1,2,9,0.225591,0.232932,0,0.5
1697,,8,2,4,6,2,4,6,8,0.271589,0.283634,1434.088635,0.233333
2106,,11,6,6,12,6,6,12,8,0.266427,0.278267,24660.117889,0.088889
32759,,7,3,0,3,3,0,3,0,0,0,0,0.333333
5878,,7,2,2,4,2,2,4,8,0.238875,0.246838,18827.093151,0.083333
1699,,8,2,4,6,2,4,6,8,0.249924,0.258798,2861.324985,0.166667
9908,,8,3,1,4,3,1,4,9,0.228721,0.235729,0,0.25
3297,,1,1,0,1,1,0,1,0,0,0,0,0
7226,,1,3,2,5,3,2,5,10,0.197756,0.202642,37670.619746,0.1
15914,,1,1,1,2,1,1,2,9,0.226233,0.233054,0,0
28713,,7,4,2,6,4,2,6,9,0.216712,0.222985,122.103889,0.1
6956,,11,5,1,6,5,1,6,9,0.185793,0.189795,19097.427077,0.033333
25900,,10,1,0,1,1,0,1,0,0,0,0,0
9688,,8,1,2,3,1,2,3,8,0.251533,0.261589,75291,0
26236,,8,1,2,3,1,2,3,8,0.228141,0.23556,95.21147,0
4855,,8,2,0,2,2,0,2,0,0,0,0,0
5768,,8,1,0,1,1,0,1,0,0,0,0,0
4266,,8,3,1,4,3,1,4,9,0.197973,0.202331,18837.717515,0.25
16858,,8,2,3,5,2,3,5,8,0.246834,0.255546,63810.788284,0.083333
30404,,8,1,0,1,1,0,1,0,0,0,0,0
19751,,8,1,2,3,1,2,3,9,0.213193,0.2193,25976.053628,0.166667
14333,,5,20,29,49,20,29,49,8,0.264849,0.277054,237313.070751,0.045958
1710,,7,0,1,1,0,1,1,9,0.222499,0.229441,0,0
18893,,16,1,0,1,1,0,1,0,0,0,0,0
19475,,16,1,1,2,1,1,2,8,0.21458,0.220438,0,0
27868,,16,1,1,2,1,1,2,8,0.21458,0.220438,0,0
2562,,5,3,8,11,3,8,11,8,0.26833,0.280841,4610.497513,0.127273
13999,,16,3,6,9,3,6,9,9,0.209343,0.214925,15941.077292,0.027778
1713,,11,0,2,2,0,2,2,9,0.226905,0.234203,0,1
1717,,5,1,1,2,1,1,2,9,0.215076,0.221418,0,0
5715,,2,1,2,3,1,2,3,9,0.238298,0.246775,26166.245495,0
14044,,5,4,8,12,4,8,12,8,0.253102,0.2634,82899.929558,0.072727
27089,,5,3,2,5,3,2,5,9,0.215081,0.221453,63624,0
9945,,10,5,5,10,5,5,10,9,0.234055,0.242067,3817.522923,0.125
1720,,7,0,5,5,0,5,5,8,0.246543,0.255763,0,0.05
1722,,8,1,1,2,1,1,2,8,0.262756,0.273466,450.698785,0
11864,,7,2,11,13,2,11,13,7,0.296337,0.311522,9617.217497,0.230769
17301,,7,5,3,8,5,3,8,9,0.230502,0.238354,25984.418349,0.178571
22349,,7,3,1,4,3,1,4,8,0.242475,0.251061,44.329492,0.083333
9027,,10,2,2,4,2,2,4,8,0.233649,0.242044,18929.03428,0
25902,,7,2,0,2,2,0,2,0,0,0,0,1
23439,,8,2,0,2,2,0,2,0,0,0,0,0
25333,,9,1,1,2,1,1,2,9,0.221918,0.228588,17.603564,0
30885,,7,2,7,9,2,7,9,8,0.285428,0.299376,327.836296,0.285714
6807,,7,1,2,3,1,2,3,8,0.242007,0.250194,0,0.333333
33967,,7,1,0,1,1,0,1,0,0,0,0,0
13519,,7,4,3,7,4,3,7,8,0.242472,0.251095,25106.791234,0.25
26402,,21,3,7,10,3,7,10,8,0.247942,0.256897,148771.744622,0
1723,,8,0,14,14,0,14,14,8,0.283096,0.296929,0,0.401099
12724,,15,6,1,7,6,1,7,8,0.234458,0.242733,60807.968036,0
5287,,10,1,0,1,1,0,1,0,0,0,0,0
8769,,10,1,0,1,1,0,1,0,0,0,0,0
11112,,11,5,2,7,5,2,7,8,0.234519,0.242375,19290.68627,0.02381
1729,,10,3,3,6,3,3,6,9,0.222978,0.229713,9060.793697,0.05
26022,,5,1,0,1,1,0,1,0,0,0,0,0
13859,,5,1,1,2,1,1,2,9,0.218752,0.224867,5.344674,0
2752,,5,13,15,28,13,15,28,8,0.284308,0.297933,112549.212607,0.095
4125,,21,4,3,7,4,3,7,9,0.224469,0.232095,8.161993,0.75
5068,,21,1,0,1,1,0,1,0,0,0,0,0
8145,,21,1,0,1,1,0,1,0,0,0,0,0
10839,,21,2,0,2,2,0,2,0,0,0,0,1
11055,,21,3,0,3,3,0,3,0,0,0,0,1
6994,,21,1,2,3,1,2,3,9,0.221965,0.229208,0,1
12301,,21,1,0,1,1,0,1,0,0,0,0,0
11354,,21,6,1,7,6,1,7,9,0.221963,0.229182,0,0.533333
14770,,21,8,7,15,8,7,15,9,0.224138,0.231797,154.048282,0.325758
13926,,21,1,2,3,1,2,3,9,0.221965,0.229208,0,1
18243,,21,2,0,2,2,0,2,0,0,0,0,0.5
16566,,21,12,13,25,12,13,25,8,0.260813,0.273018,19828.947955,0.195906
21068,,21,1,1,2,1,1,2,9,0.21472,0.220905,0,1
21519,,21,2,0,2,2,0,2,0,0,0,0,1
17373,,21,3,2,5,3,2,5,9,0.221968,0.229217,1.166667,0.5
23112,,21,1,1,2,1,1,2,9,0.221963,0.229182,0,0
19817,,21,2,2,4,2,2,4,9,0.224119,0.231646,0,1
24139,,21,2,1,3,2,1,3,9,0.221963,0.229182,0,1
23097,,21,1,1,2,1,1,2,9,0.221963,0.229182,0,0
12913,,21,1,4,5,1,4,5,9,0.231059,0.238783,1232.407352,0.416667
23905,,21,1,4,5,1,4,5,9,0.224413,0.232055,0,1
26675,,21,1,0,1,1,0,1,0,0,0,0,0
27373,,21,1,1,2,1,1,2,9,0.198614,0.203367,0,1
28074,,21,3,2,5,3,2,5,9,0.197199,0.201797,2241.123192,0.3
16612,,21,3,5,8,3,5,8,9,0.224474,0.232148,53.368109,0.4
28242,,21,3,0,3,3,0,3,0,0,0,0,0.833333
29599,,21,4,5,9,4,5,9,9,0.224135,0.231753,123.104941,0.428571
29194,,21,2,3,5,2,3,5,9,0.222614,0.230029,12.824256,0.666667
30195,,21,2,0,2,2,0,2,0,0,0,0,1
28760,,21,1,1,2,1,1,2,9,0.221963,0.229182,0,0
29711,,21,1,2,3,1,2,3,9,0.224119,0.231646,0,1
27968,,21,3,1,4,3,1,4,9,0.221963,0.229182,0,0.666667
29066,,21,1,5,6,1,5,6,9,0.224759,0.232486,1838.949211,0.8
32721,,21,4,3,7,4,3,7,9,0.222256,0.229583,37.605714,0.55
31290,,21,1,2,3,1,2,3,9,0.222204,0.229523,0,0.5
32703,,21,1,3,4,1,3,4,9,0.224127,0.231691,0,1
32019,,21,3,3,6,3,3,6,9,0.224124,0.231682,0,1
32056,,21,2,1,3,2,1,3,9,0.221963,0.229182,0,1
33129,,21,3,4,7,3,4,7,9,0.224127,0.231708,44856.634872,0.2
32714,,21,1,4,5,1,4,5,9,0.224132,0.231722,51948,0.5
33974,,21,3,2,5,3,2,5,9,0.214722,0.220931,0.25,0.833333
31065,,21,2,2,4,2,2,4,9,0.224119,0.231646,0,1
29432,,21,11,10,21,11,10,21,8,0.24157,0.250169,12537.281793,0.252381
32735,,21,7,9,16,7,9,16,9,0.224146,0.231859,26121.09547,0.242424
35319,,21,1,2,3,1,2,3,9,0.224119,0.231646,0,1
1737,,8,0,4,4,0,4,4,8,0.266732,0.278464,0,0.333333
12297,,2,1,0,1,1,0,1,0,0,0,0,0
25173,,2,1,0,1,1,0,1,0,0,0,0,0
6351,,11,1,3,4,1,3,4,8,0.222227,0.228786,0,0.5
13078,,11,1,0,1,1,0,1,0,0,0,0,0
14104,,11,2,1,3,2,1,3,8,0.22222,0.228725,0,1
23369,,11,1,0,1,1,0,1,0,0,0,0,0
17266,,11,1,1,2,1,1,2,8,0.22222,0.228725,0,0
27009,,11,1,1,2,1,1,2,8,0.22222,0.228725,0,0
19910,,16,6,15,21,6,15,21,8,0.268173,0.280705,46116.231172,0.081871
16395,,10,7,0,7,7,0,7,0,0,0,0,0.095238
17331,,16,2,3,5,2,3,5,8,0.248063,0.257841,29799.288137,0
1741,,16,0,1,1,0,1,1,9,0.21752,0.22344,0,0
1742,,15,0,2,2,0,2,2,9,0.216928,0.223545,0,1
5200,,16,1,0,1,1,0,1,0,0,0,0,0
5565,,8,6,2,8,6,2,8,8,0.240121,0.248551,21406.145045,0.214286
12623,,8,1,1,2,1,1,2,9,0.213684,0.219906,58.329223,0
14222,,8,2,2,4,2,2,4,9,0.220349,0.227187,0,0.833333
26082,,8,1,0,1,1,0,1,0,0,0,0,0
8684,,8,1,5,6,1,5,6,9,0.227076,0.234156,962.719829,0.35
1748,,11,0,1,1,0,1,1,8,0.230667,0.237711,0,0
5215,,11,1,2,3,1,2,3,8,0.247867,0.257238,0,0.5
12190,,11,2,0,2,2,0,2,0,0,0,0,0.5
17714,,11,1,0,1,1,0,1,0,0,0,0,0
20244,,11,1,1,2,1,1,2,8,0.23066,0.237697,0,0
22574,,11,1,1,2,1,1,2,8,0.23066,0.237697,0,0
32882,,11,1,0,1,1,0,1,0,0,0,0,0
1750,,11,0,1,1,0,1,1,8,0.251382,0.261452,0,0
22257,,0,12,1,13,12,1,13,9,0.19258,0.19691,42.153368,0.076923
21684,,7,1,0,1,1,0,1,0,0,0,0,0
1753,,11,0,1,1,0,1,1,8,0.230667,0.237711,0,0
29913,,11,1,0,1,1,0,1,0,0,0,0,0
1760,,15,2,1,3,2,1,3,11,0.158492,0.160897,2.378568,0
1761,,15,1,2,3,1,2,3,10,0.18834,0.192417,18828.378568,0
1762,,7,1,14,15,1,14,15,8,0.27332,0.28697,250.789544,0.090476
6826,,7,2,2,4,2,2,4,8,0.23335,0.241313,340.635407,0
1785,,10,1,3,4,1,3,4,8,0.245044,0.254462,0,1
14781,,10,3,3,6,3,3,6,9,0.220468,0.227915,142.264483,0.166667
11944,,10,1,4,5,1,4,5,8,0.245507,0.255048,622.337892,0.15
31539,,2,1,0,1,1,0,1,0,0,0,0,0
1770,,6,0,1,1,0,1,1,8,0.25615,0.266929,0,0
1771,,8,0,1,1,0,1,1,9,0.250609,0.260973,0,0
19735,,11,1,0,1,1,0,1,0,0,0,0,0
1775,,0,0,3,3,0,3,3,8,0.236529,0.245133,0,0.166667
18178,,11,1,1,2,1,1,2,9,0.233264,0.241027,222.260951,0
1847,,0,1,2,3,1,2,3,8,0.230864,0.238712,25974,0.333333
6503,,5,1,0,1,1,0,1,0,0,0,0,0
7583,,5,2,3,5,2,3,5,9,0.238845,0.247408,26312.56275,0.166667
11602,,5,1,0,1,1,0,1,0,0,0,0,0
12233,,5,1,0,1,1,0,1,0,0,0,0,0
12385,,5,1,2,3,1,2,3,10,0.184467,0.188437,19055.402469,0.166667
17491,,5,1,0,1,1,0,1,0,0,0,0,0
8680,,5,4,14,18,4,14,18,8,0.268525,0.280801,1351.668827,0.285714
17994,,5,2,1,3,2,1,3,9,0.237103,0.245244,18826,0
8851,,5,8,9,17,8,9,17,8,0.256098,0.266652,39952.780606,0.225275
20152,,5,1,0,1,1,0,1,0,0,0,0,0
20240,,5,2,3,5,2,3,5,9,0.238554,0.2468,238.554934,0.416667
22080,,5,2,1,3,2,1,3,9,0.215954,0.222057,0,0.833333
26252,,5,1,1,2,1,1,2,9,0.237103,0.245244,0,0
2696,,5,1,3,4,1,3,4,9,0.239574,0.248082,53.920909,0.333333
31565,,10,1,2,3,1,2,3,8,0.24514,0.254231,209.362815,0
34724,,5,1,0,1,1,0,1,0,0,0,0,0
34845,,5,1,0,1,1,0,1,0,0,0,0,0
16133,,5,1,1,2,1,1,2,9,0.22001,0.226621,0,1
12091,,5,3,2,5,3,2,5,9,0.229496,0.237136,738.608298,0.25
1782,,10,0,2,2,0,2,2,9,0.23001,0.238008,0,1
31391,,16,1,0,1,1,0,1,0,0,0,0,0
34136,,16,1,0,1,1,0,1,0,0,0,0,0
3215,,5,2,4,6,2,4,6,8,0.279425,0.292077,932.509211,0.15
8038,,5,1,0,1,1,0,1,0,0,0,0,0
10751,,5,2,3,5,2,3,5,8,0.253539,0.263794,2374.048111,0.333333
16946,,5,1,0,1,1,0,1,0,0,0,0,0
15260,,5,2,1,3,2,1,3,9,0.235534,0.243634,0,1
17292,,5,1,0,1,1,0,1,0,0,0,0,0
16045,,5,2,1,3,2,1,3,9,0.235534,0.243634,301.460418,0
13834,,5,3,5,8,3,5,8,8,0.241669,0.250624,8876.338433,0.2
17293,,5,1,0,1,1,0,1,0,0,0,0,0
15257,,5,3,3,6,3,3,6,8,0.240002,0.2487,533.086697,0.2
16745,,5,1,1,2,1,1,2,9,0.235534,0.243634,0,0
11848,,5,2,3,5,2,3,5,9,0.240066,0.248751,26.035356,0.666667
17294,,5,1,2,3,1,2,3,9,0.223709,0.23027,0,0.666667
18538,,5,1,1,2,1,1,2,9,0.223704,0.230405,0,1
8762,,9,1,3,4,1,3,4,9,0.236255,0.244622,409.352393,0.166667
24981,,5,2,2,4,2,2,4,8,0.243173,0.252002,93.255349,0.5
25880,,5,1,0,1,1,0,1,0,0,0,0,0
30438,,5,2,0,2,2,0,2,0,0,0,0,1
30938,,5,1,0,1,1,0,1,0,0,0,0,0
30939,,5,1,0,1,1,0,1,0,0,0,0,0
6332,,10,1,1,2,1,1,2,8,0.244157,0.253362,0,1
14525,,10,3,3,6,3,3,6,8,0.239864,0.248159,668.262423,0.133333
21742,,10,1,1,2,1,1,2,9,0.189706,0.193948,0,1
32304,,10,1,2,3,1,2,3,9,0.224175,0.231354,57.507676,0
32354,,10,1,0,1,1,0,1,0,0,0,0,0
32573,,10,2,0,2,2,0,2,0,0,0,0,0
31200,,0,1,1,2,1,1,2,9,0.20879,0.214453,0,0
1789,,8,0,9,9,0,9,9,8,0.270684,0.283873,0,0.166667
5152,,21,2,0,2,2,0,2,0,0,0,0,0
7786,,5,2,3,5,2,3,5,8,0.243309,0.251422,0,0.666667
13377,,5,21,1,22,21,1,22,9,0.185518,0.189862,61257.110881,0.078571
6006,,5,6,4,10,6,4,10,8,0.238669,0.246431,33276.454564,0.166667
1793,,8,1,1,2,1,1,2,8,0.238234,0.246373,76.84368,0
1798,,8,0,1,1,0,1,1,9,0.209338,0.214915,0,0
9860,,1,1,2,3,1,2,3,8,0.262845,0.273631,9.601502,0.333333
17685,,8,4,15,19,4,15,19,8,0.267612,0.279503,130088.220037,0.125
11770,,11,1,1,2,1,1,2,8,0.239858,0.247713,0,0.5
22803,,11,1,1,2,1,1,2,9,0.232955,0.241233,34.254698,0
28535,,5,1,2,3,1,2,3,8,0.240591,0.24828,27.664544,0
32216,,5,2,0,2,2,0,2,0,0,0,0,1
35066,,5,1,4,5,1,4,5,8,0.252329,0.261796,25975,0.25
1807,,8,1,2,3,1,2,3,8,0.222817,0.229986,7.897979,0.333333
1809,,7,1,0,1,1,0,1,0,0,0,0,0
2522,,8,1,1,2,1,1,2,8,0.262757,0.273467,191.181382,0
24652,,8,1,0,1,1,0,1,0,0,0,0,0
18834,,6,3,1,4,3,1,4,9,0.199864,0.205249,0,1
8163,,6,2,4,6,2,4,6,8,0.246456,0.255769,393.886347,0.583333
8248,,6,1,2,3,1,2,3,8,0.236294,0.244433,0,1
12175,,6,1,0,1,1,0,1,0,0,0,0,0
13420,,6,5,6,11,5,6,11,8,0.25109,0.261477,48248.56707,0.25
5279,,6,3,8,11,3,8,11,8,0.244697,0.254005,714.735274,0.155556
11984,,12,1,2,3,1,2,3,9,0.220584,0.226805,265.672407,0
23559,,6,2,1,3,2,1,3,9,0.201477,0.206668,18826,0.333333
21817,,6,3,2,5,3,2,5,9,0.220582,0.226796,7.876369,0.5
4897,,8,2,5,7,2,5,7,9,0.221147,0.227614,1138.24655,0.05
34625,,6,1,0,1,1,0,1,0,0,0,0,0
35361,,6,1,0,1,1,0,1,0,0,0,0,0
1815,,7,2,1,3,2,1,3,1,1,1,2725.053468,0.166667
1816,,11,2,1,3,2,1,3,8,0.247821,0.256541,19.571917,0.5
9693,,11,1,0,1,1,0,1,0,0,0,0,0
13642,,11,2,0,2,2,0,2,0,0,0,0,0
18359,,11,1,1,2,1,1,2,8,0.257707,0.267945,0,0.5
24694,,11,1,0,1,1,0,1,0,0,0,0,0
24695,,11,1,0,1,1,0,1,0,0,0,0,0
16561,,11,1,2,3,1,2,3,8,0.265855,0.277205,114.104944,0.333333
27605,,11,1,0,1,1,0,1,0,0,0,0,0
30477,,11,2,0,2,2,0,2,0,0,0,0,0.5
22123,,19,1,1,2,1,1,2,10,0.162295,0.164913,284.143113,0
19482,,7,2,0,2,2,0,2,0,0,0,0,0.5
4752,,8,2,0,2,2,0,2,0,0,0,0,0.5
7514,,8,1,0,1,1,0,1,0,0,0,0,0
8215,,8,1,2,3,1,2,3,9,0.227167,0.234566,25975,0
9848,,1,1,4,5,1,4,5,8,0.235225,0.24334,153.071681,0.25
4753,,8,1,4,5,1,4,5,9,0.220185,0.226936,26071.405927,0.1
23958,,8,1,0,1,1,0,1,0,0,0,0,0
28992,,8,1,0,1,1,0,1,0,0,0,0,0
1819,,16,0,1,1,0,1,1,9,0.211454,0.217211,0,0
1820,,16,2,6,8,2,6,8,8,0.268142,0.280341,37651,0.238095
11158,,16,2,1,3,2,1,3,9,0.211447,0.217196,25973,0
1821,,7,2,13,15,2,13,15,8,0.257376,0.268084,131.694204,0.157143
29397,,7,9,1,10,9,1,10,8,0.239167,0.246988,38493.382985,0.011111
18047,,5,4,0,4,4,0,4,0,0,0,0,0.083333
16213,,5,1,1,2,1,1,2,8,0.237157,0.244711,0,0
16348,,7,1,19,20,1,19,20,8,0.288928,0.303344,702.652916,0.184211
1823,,26,0,1,1,0,1,1,1,1,1,0,0
1824,,26,1,0,1,1,0,1,0,0,0,0,0
23902,,10,2,3,5,2,3,5,8,0.239297,0.247522,496.879026,0.083333
10033,,2,1,2,3,1,2,3,8,0.234952,0.242126,169.096948,0
31352,,10,3,5,8,3,5,8,9,0.215238,0.222223,26581.182164,0.142857
29477,,10,1,1,2,1,1,2,9,0.204118,0.209406,33.246748,0
2726,,17,1,0,1,1,0,1,0,0,0,0,0
21549,,10,2,1,3,2,1,3,8,0.230666,0.23771,1400.221667,0
24610,,10,1,2,3,1,2,3,1,1,1,30160.883927,0
35359,,10,1,0,1,1,0,1,0,0,0,0,0
15890,,15,1,1,2,1,1,2,11,0.159904,0.16241,0,0.5
17943,,0,1,1,2,1,1,2,9,0.201302,0.206394,0,0
1832,,7,0,1,1,0,1,1,8,0.247779,0.256716,0,0
9985,,8,2,1,3,2,1,3,9,0.224574,0.231589,0,1
9986,,8,2,2,4,2,2,4,8,0.232033,0.239784,0,1
12492,,8,3,6,9,3,6,9,8,0.249791,0.260165,201.536955,0.410714
12649,,8,1,1,2,1,1,2,9,0.224574,0.231589,0,1
32575,,8,1,0,1,1,0,1,0,0,0,0,0
27173,,8,2,2,4,2,2,4,9,0.224852,0.231866,147.493254,0.666667
12416,,11,2,3,5,2,3,5,8,0.273681,0.285763,5325.441366,0.1
16216,,11,1,1,2,1,1,2,9,0.217911,0.224694,10.19231,0
21281,,11,1,0,1,1,0,1,0,0,0,0,0
3618,,8,5,10,15,5,10,15,8,0.244773,0.254044,32721.209392,0.166667
15719,,8,1,3,4,1,3,4,9,0.233483,0.24244,401.284102,0.5
33431,,8,1,0,1,1,0,1,0,0,0,0,0
32893,,8,2,2,4,2,2,4,9,0.223253,0.230461,241.32578,0.25
32154,,8,2,1,3,2,1,3,9,0.216994,0.223505,36.978394,0
8738,,17,2,0,2,2,0,2,0,0,0,0,0
22305,,17,1,1,2,1,1,2,11,0.151096,0.15358,0,0
16092,,15,1,0,1,1,0,1,0,0,0,0,0
4231,,15,2,0,2,2,0,2,0,0,0,0,0
21758,,15,1,0,1,1,0,1,0,0,0,0,0
18747,,15,3,5,8,3,5,8,8,0.237118,0.246169,27372.011964,0.238095
19939,,10,3,1,4,3,1,4,9,0.214178,0.220403,138.964863,0.25
32024,,15,1,1,2,1,1,2,10,0.175914,0.179182,25974,0
33865,,15,1,0,1,1,0,1,0,0,0,0,0
4920,,15,1,5,6,1,5,6,8,0.260261,0.27112,3060.047869,0.033333
2453,,15,5,4,9,5,4,9,9,0.2192,0.225965,149.445007,0.261905
4791,,15,2,4,6,2,4,6,9,0.219205,0.225983,2.142857,0.5
8632,,15,1,0,1,1,0,1,0,0,0,0,0
9641,,15,1,1,2,1,1,2,9,0.219187,0.225868,0,0
3920,,6,5,3,8,5,3,8,8,0.234519,0.24174,1807.259122,0.166667
17667,,15,2,0,2,2,0,2,0,0,0,0,0
17334,,15,1,1,2,1,1,2,9,0.219187,0.225868,0,0
25090,,15,1,0,1,1,0,1,0,0,0,0,0
27469,,15,4,3,7,4,3,7,9,0.219195,0.22593,25977.619048,0.3
27899,,15,2,1,3,2,1,3,1,1,1,25976,0.333333
28486,,15,1,0,1,1,0,1,0,0,0,0,0
27304,,15,2,0,2,2,0,2,0,0,0,0,0
31995,,15,1,0,1,1,0,1,0,0,0,0,0
33097,,15,1,0,1,1,0,1,0,0,0,0,0
3079,,0,1,1,2,1,1,2,8,0.230855,0.238672,0,0.5
1848,,15,0,3,3,0,3,3,9,0.200283,0.204693,0,0
1849,,13,1,4,5,1,4,5,9,0.201842,0.207049,0,0.4
2148,,5,5,6,11,5,6,11,8,0.263947,0.275472,5124.941074,0.232143
1851,,11,0,1,1,0,1,1,9,0.217239,0.223768,0,0
3579,,11,1,1,2,1,1,2,9,0.228161,0.23566,0,0
9597,,11,1,0,1,1,0,1,0,0,0,0,0
10212,,24,2,1,3,2,1,3,9,0.218338,0.225147,18980.361733,0
20129,,7,1,2,3,1,2,3,9,0.226203,0.233338,13.885026,0
24116,,11,1,0,1,1,0,1,0,0,0,0,0
24177,,11,1,0,1,1,0,1,0,0,0,0,0
10026,,11,2,0,2,2,0,2,0,0,0,0,0
27461,,11,1,0,1,1,0,1,0,0,0,0,0
29970,,11,1,0,1,1,0,1,0,0,0,0,0
24337,,11,4,0,4,4,0,4,0,0,0,0,0.25
1857,,1,0,2,2,0,2,2,8,0.229265,0.236705,0,0.5
4801,,11,1,1,2,1,1,2,9,0.215768,0.222205,0,0
3711,,11,6,3,9,6,3,9,9,0.215786,0.222302,63626.5,0.2
7149,,11,1,3,4,1,3,4,9,0.215786,0.222302,0,1
17177,,11,2,2,4,2,2,4,10,0.177498,0.1811,1,0.5
17279,,11,3,0,3,3,0,3,0,0,0,0,0.166667
31848,,11,1,0,1,1,0,1,0,0,0,0,0
34324,,11,1,0,1,1,0,1,0,0,0,0,0
1859,,0,0,1,1,0,1,1,8,0.232191,0.239323,0,0
26511,,0,3,6,9,3,6,9,8,0.241316,0.249955,25975,0.466667
8102,,0,5,8,13,5,8,13,8,0.247772,0.257829,1939.276005,0.188889
27150,,0,1,0,1,1,0,1,0,0,0,0,0
30294,,0,1,0,1,1,0,1,0,0,0,0,0
32568,,0,1,0,1,1,0,1,0,0,0,0,0
7555,,10,2,0,2,2,0,2,0,0,0,0,0
4587,,24,1,2,3,1,2,3,9,0.21158,0.217446,37.82653,0.333333
6531,,21,2,3,5,2,3,5,9,0.217891,0.224704,7559.319018,0.083333
9025,,21,1,0,1,1,0,1,0,0,0,0,0
12073,,21,1,0,1,1,0,1,0,0,0,0,0
15579,,21,2,0,2,2,0,2,0,0,0,0,0.5
15877,,21,1,0,1,1,0,1,0,0,0,0,0
18171,,21,1,0,1,1,0,1,0,0,0,0,0
18365,,21,1,0,1,1,0,1,0,0,0,0,0
20252,,21,1,0,1,1,0,1,0,0,0,0,0
21196,,21,1,0,1,1,0,1,0,0,0,0,0
24539,,21,2,0,2,2,0,2,0,0,0,0,0
24772,,21,1,0,1,1,0,1,0,0,0,0,0
26112,,21,1,0,1,1,0,1,0,0,0,0,0
26919,,21,1,0,1,1,0,1,0,0,0,0,0
27746,,21,1,0,1,1,0,1,0,0,0,0,0
28454,,21,1,0,1,1,0,1,0,0,0,0,0
30875,,21,1,0,1,1,0,1,0,0,0,0,0
31518,,21,1,0,1,1,0,1,0,0,0,0,0
33321,,21,1,0,1,1,0,1,0,0,0,0,0
33589,,21,1,0,1,1,0,1,0,0,0,0,0
34259,,21,1,0,1,1,0,1,0,0,0,0,0
34448,,21,1,0,1,1,0,1,0,0,0,0,0
34478,,21,1,0,1,1,0,1,0,0,0,0,0
22300,,21,3,1,4,3,1,4,9,0.211073,0.216731,82.906475,0.083333
35234,,21,1,0,1,1,0,1,0,0,0,0,0
35535,,21,1,0,1,1,0,1,0,0,0,0,0
35653,,21,1,0,1,1,0,1,0,0,0,0,0
35764,,21,1,0,1,1,0,1,0,0,0,0,0
16222,,8,2,0,2,2,0,2,0,0,0,0,0
13450,,11,5,9,14,5,9,14,8,0.247093,0.256785,55044.414585,0.102564
7178,,5,6,0,6,6,0,6,0,0,0,0,0
2002,,5,2,7,9,2,7,9,8,0.249417,0.259134,83.333146,0.214286
7347,,2,1,0,1,1,0,1,0,0,0,0,0
16718,,8,2,3,5,2,3,5,8,0.269996,0.282463,1039.221924,0.166667
23412,,2,1,0,1,1,0,1,0,0,0,0,0
31679,,10,1,0,1,1,0,1,0,0,0,0,0
1870,,1,0,1,1,0,1,1,8,0.229128,0.236488,0,0
1872,,1,0,1,1,0,1,1,8,0.229128,0.236488,0,0
2213,,7,1,5,6,1,5,6,9,0.24944,0.259483,54.135888,0.166667
5782,,7,1,0,1,1,0,1,0,0,0,0,0
10700,,7,1,0,1,1,0,1,0,0,0,0,0
7292,,10,4,7,11,4,7,11,8,0.271962,0.283864,3464.869233,0.081818
8264,,3,4,15,19,4,15,19,8,0.271081,0.283121,536870.512088,0.108187
27353,,7,1,0,1,1,0,1,0,0,0,0,0
33491,,7,1,0,1,1,0,1,0,0,0,0,0
11879,,8,2,1,3,2,1,3,2,0.666667,0.75,25978,0
9507,,10,1,0,1,1,0,1,0,0,0,0,0
12635,,10,4,2,6,4,2,6,9,0.238455,0.246954,20253.476793,0.15
1962,,10,5,12,17,5,12,17,8,0.250953,0.261184,119324.208306,0.128788
20479,,10,1,0,1,1,0,1,0,0,0,0,0
22057,,10,1,0,1,1,0,1,0,0,0,0,0
29535,,10,1,0,1,1,0,1,0,0,0,0,0
28048,,10,1,2,3,1,2,3,9,0.22802,0.235486,0,1
34370,,10,1,1,2,1,1,2,9,0.228017,0.23546,0,0
30644,,11,3,7,10,3,7,10,8,0.255112,0.26592,25225.501526,0.232143
35692,,10,1,0,1,1,0,1,0,0,0,0,0
7133,,11,1,2,3,1,2,3,9,0.222259,0.228869,0,1
29862,,11,1,0,1,1,0,1,0,0,0,0,0
30633,,11,1,0,1,1,0,1,0,0,0,0,0
1877,,12,1,2,3,1,2,3,9,0.191907,0.19609,81.828523,0.166667
15475,,9,7,0,7,7,0,7,0,0,0,0,0
30545,,8,2,0,2,2,0,2,0,0,0,0,0
17056,,8,1,1,2,1,1,2,9,0.203877,0.20883,0,0
33153,,8,1,0,1,1,0,1,0,0,0,0,0
33209,,8,1,0,1,1,0,1,0,0,0,0,0
7851,,5,1,2,3,1,2,3,8,0.232724,0.240637,69.807484,0
14177,,10,2,3,5,2,3,5,9,0.207289,0.212434,51754.034563,0
5046,,8,1,4,5,1,4,5,9,0.228893,0.236335,5536.115075,0.2
24715,,8,1,2,3,1,2,3,9,0.219558,0.226332,0,1
8651,,24,3,9,12,3,9,12,8,0.264741,0.276654,2127.304934,0.189394
4889,,6,1,0,1,1,0,1,0,0,0,0,0
18132,,6,1,0,1,1,0,1,0,0,0,0,0
15529,,11,1,0,1,1,0,1,0,0,0,0,0
21025,,11,1,1,2,1,1,2,8,0.237378,0.246859,126.595781,0
13664,,11,3,3,6,3,3,6,8,0.250379,0.261095,1177.558871,0.25
1890,,15,1,3,4,1,3,4,8,0.239443,0.247392,1725.090016,0
14891,,15,2,0,2,2,0,2,0,0,0,0,0.5
4352,,15,5,1,6,5,1,6,9,0.201654,0.207167,18997.067282,0
13180,,11,1,0,1,1,0,1,0,0,0,0,0
1892,,7,0,1,1,0,1,1,9,0.200066,0.204368,0,0
4712,,1,1,0,1,1,0,1,0,0,0,0,0
7211,,1,2,0,2,2,0,2,0,0,0,0,0
19230,,1,1,1,2,1,1,2,9,0.225461,0.232207,0,0.5
9069,,7,3,3,6,3,3,6,9,0.229941,0.237445,995.156277,0.033333
28671,,1,1,0,1,1,0,1,0,0,0,0,0
10069,,8,2,3,5,2,3,5,8,0.263884,0.274914,49731.693284,0.666667
31372,,8,2,6,8,2,6,8,8,0.271159,0.283074,8684.834721,0.238095
34120,,1,1,0,1,1,0,1,0,0,0,0,0
1894,,7,0,1,1,0,1,1,8,0.265449,0.276753,0,0
1895,,15,0,1,1,0,1,1,9,0.224977,0.231842,0,0
5138,,17,1,0,1,1,0,1,0,0,0,0,0
2580,,17,1,1,2,1,1,2,9,0.205906,0.211637,627.358015,0
2613,,3,2,6,8,2,6,8,8,0.252001,0.261746,19197.673518,0.071429
3853,,8,1,2,3,1,2,3,9,0.194417,0.199251,1.166667,0
15207,,7,1,6,7,1,6,7,8,0.274308,0.286178,3173.3666,0.02381
14069,,2,8,2,10,8,2,10,9,0.238827,0.247455,49286.791032,0.033333
27678,,0,1,0,1,1,0,1,0,0,0,0,0
8149,,11,5,2,7,5,2,7,8,0.262358,0.273554,3225.028591,0.095238
26279,,2,1,0,1,1,0,1,0,0,0,0,0
16620,,2,1,0,1,1,0,1,0,0,0,0,0
25458,,2,1,1,2,1,1,2,8,0.22901,0.236303,0,0.5
8567,,15,1,1,2,1,1,2,9,0.20494,0.210024,0,0
1911,,27,0,1,1,0,1,1,1,1,1,0,0
1912,,27,1,0,1,1,0,1,0,0,0,0,0
5115,,15,1,0,1,1,0,1,0,0,0,0,0
7949,,8,8,2,10,8,2,10,9,0.217072,0.223515,488.221689,0.194444
34152,,15,1,0,1,1,0,1,0,0,0,0,0
1914,,8,0,2,2,0,2,2,8,0.231276,0.238818,0,0
10941,,8,1,3,4,1,3,4,8,0.26322,0.274461,332.686299,0.333333
6548,,8,3,3,6,3,3,6,8,0.234551,0.24304,621.530265,0.45
10296,,10,3,6,9,3,6,9,8,0.270477,0.282253,3657.171365,0.069444
13884,,10,1,1,2,1,1,2,10,0.171626,0.174648,63.530687,0
18697,,0,1,0,1,1,0,1,0,0,0,0,0
35519,,0,1,0,1,1,0,1,0,0,0,0,0
1924,,8,3,1,4,3,1,4,9,0.209969,0.21519,18978.818603,0.25
3321,,8,2,2,4,2,2,4,9,0.224839,0.232026,18850.104125,0.166667
4031,,8,1,2,3,1,2,3,9,0.221363,0.227942,25974,0.5
19335,,8,1,0,1,1,0,1,0,0,0,0,0
31632,,0,1,2,3,1,2,3,9,0.216398,0.222524,0,0.5
1926,,8,9,13,22,9,13,22,8,0.275407,0.287704,125375.080267,0.04902
10281,,8,3,2,5,3,2,5,9,0.217778,0.223668,1.19824,0.666667
3700,,0,3,5,8,3,5,8,8,0.234452,0.243235,18213.454567,0.133333
27820,,8,2,0,2,2,0,2,0,0,0,0,1
28345,,0,2,1,3,2,1,3,9,0.216807,0.223199,18847.080203,0
10495,,8,1,0,1,1,0,1,0,0,0,0,0
17366,,7,1,0,1,1,0,1,0,0,0,0,0
17159,,7,3,0,3,3,0,3,0,0,0,0,0
18966,,5,4,5,9,4,5,9,8,0.252759,0.262778,510.70088,0.232143
1933,,8,0,1,1,0,1,1,8,0.262756,0.273466,0,0
1935,,9,0,2,2,0,2,2,9,0.215433,0.221805,0,0
2748,,9,1,5,6,1,5,6,8,0.272023,0.285153,14980.721205,0.266667
9395,,5,1,0,1,1,0,1,0,0,0,0,0
10837,,5,1,0,1,1,0,1,0,0,0,0,0
16040,,5,2,0,2,2,0,2,0,0,0,0,0
23374,,5,1,2,3,1,2,3,8,0.2423,0.250637,25975,0
28300,,8,1,4,5,1,4,5,8,0.244831,0.25351,1410.354467,0.416667
34237,,5,1,0,1,1,0,1,0,0,0,0,0
22179,,5,1,1,2,1,1,2,8,0.242294,0.250601,0,0
34911,,5,1,0,1,1,0,1,0,0,0,0,0
8341,,237,5,3,8,5,3,8,8,0.233099,0.24145,399.136989,0.52381
22629,,9,1,1,2,1,1,2,10,0.164897,0.168024,113.394905,0
25568,,8,1,2,3,1,2,3,9,0.226054,0.233039,0,1
12253,,8,1,3,4,1,3,4,9,0.231411,0.238763,1887.120844,0
1942,,8,0,1,1,0,1,1,9,0.192422,0.196372,0,0
1943,,8,2,3,5,2,3,5,8,0.238259,0.245908,18954.554245,0
18865,,15,3,1,4,3,1,4,10,0.180924,0.18491,0,0.666667
23266,,15,2,0,2,2,0,2,0,0,0,0,1
13265,,1,4,1,5,4,1,5,9,0.209702,0.21503,17.295835,0
26618,,15,1,1,2,1,1,2,10,0.180927,0.184924,0,0.5
1947,,5,0,1,1,0,1,1,9,0.214538,0.220531,0,0
26906,,11,1,0,1,1,0,1,0,0,0,0,0
35625,,11,1,0,1,1,0,1,0,0,0,0,0
3334,,10,2,2,4,2,2,4,8,0.234867,0.243227,0,1
11494,,10,1,0,1,1,0,1,0,0,0,0,0
13248,,16,3,1,4,3,1,4,1,1,1,25977,0
13826,,10,1,2,3,1,2,3,8,0.244167,0.253402,56.439831,0.333333
8984,,11,2,1,3,2,1,3,8,0.235817,0.242702,443.560546,0
8624,,10,2,3,5,2,3,5,8,0.235428,0.242818,96.160579,0.05
20941,,10,1,2,3,1,2,3,8,0.249186,0.259421,83.990892,0
20563,,7,10,14,24,10,14,24,8,0.278664,0.292061,56779.526947,0.086957
32526,,10,1,0,1,1,0,1,0,0,0,0,0
16782,,10,2,2,4,2,2,4,9,0.201027,0.205906,40415.911449,0
34178,,10,1,1,2,1,1,2,8,0.231329,0.239423,0,0
32674,,8,1,0,1,1,0,1,0,0,0,0,0
6721,,8,1,0,1,1,0,1,0,0,0,0,0
19093,,8,1,1,2,1,1,2,10,0.18353,0.1874,902.186178,0.5
3904,,8,1,1,2,1,1,2,9,0.213577,0.219382,0,1
23052,,8,2,0,2,2,0,2,0,0,0,0,1
9403,,8,3,1,4,3,1,4,9,0.224759,0.231961,0,0.666667
24983,,8,1,0,1,1,0,1,0,0,0,0,0
29164,,8,1,0,1,1,0,1,0,0,0,0,0
30371,,11,5,0,5,5,0,5,0,0,0,0,0.05
12018,,11,7,0,7,7,0,7,0,0,0,0,0.166667
6929,,8,2,3,5,2,3,5,9,0.233512,0.241727,18544.374611,0.1
9759,,10,1,3,4,1,3,4,9,0.218874,0.225341,194.100121,0
28343,,8,1,0,1,1,0,1,0,0,0,0,0
7123,,8,1,1,2,1,1,2,9,0.224761,0.23197,0,1
1955,,0,0,1,1,0,1,1,9,0.222605,0.230046,0,0
1957,,11,0,3,3,0,3,3,8,0.255146,0.265608,0,0.333333
32118,,10,1,0,1,1,0,1,0,0,0,0,0
35071,,10,1,0,1,1,0,1,0,0,0,0,0
34750,,10,1,1,2,1,1,2,9,0.200612,0.205615,0,0
12642,,9,1,0,1,1,0,1,0,0,0,0,0
3566,,6,1,0,1,1,0,1,0,0,0,0,0
5764,,8,2,2,4,2,2,4,9,0.20569,0.211004,0,1
8547,,6,3,2,5,3,2,5,8,0.239993,0.247356,356.880307,0.4
9944,,8,4,3,7,4,3,7,8,0.24991,0.259157,2614.917088,0.3
13927,,6,2,1,3,2,1,3,10,0.180258,0.183811,0,0.5
4524,,8,2,0,2,2,0,2,0,0,0,0,1
5249,,8,1,2,3,1,2,3,9,0.20569,0.211004,0,1
26822,,8,1,1,2,1,1,2,1,1,1,25976,0
13297,,8,1,0,1,1,0,1,0,0,0,0,0
28319,,13,1,3,4,1,3,4,8,0.233866,0.242039,124.748359,0.333333
1969,,5,0,1,1,0,1,1,9,0.214673,0.220515,0,0
1970,,2,0,2,2,0,2,2,8,0.262054,0.273181,0,0
8568,,8,1,3,4,1,3,4,9,0.220786,0.227442,204.470355,0
14462,,8,1,0,1,1,0,1,0,0,0,0,0
15962,,8,1,0,1,1,0,1,0,0,0,0,0
17186,,0,4,0,4,4,0,4,0,0,0,0,0
10059,,5,2,3,5,2,3,5,9,0.220473,0.227395,15960.382463,0.05
24454,,8,1,1,2,1,1,2,8,0.229883,0.237475,0,0
24457,,8,1,1,2,1,1,2,8,0.229883,0.237475,0,0
21219,,10,2,9,11,2,9,11,8,0.269903,0.282061,45069.262276,0.2
29469,,8,1,0,1,1,0,1,0,0,0,0,0
24528,,8,2,3,5,2,3,5,9,0.232119,0.240093,79.539967,0.166667
27636,,8,1,4,5,1,4,5,8,0.235416,0.243708,417.650588,0.166667
15248,,8,2,4,6,2,4,6,8,0.237699,0.245438,27793.759619,0
3013,,0,1,3,4,1,3,4,8,0.231048,0.239173,25977.129565,0.25
12195,,2,1,1,2,1,1,2,8,0.261476,0.272569,0,0.5
1974,,8,0,1,1,0,1,1,8,0.262756,0.273466,0,0
21503,,8,3,1,4,3,1,4,1,1,1,89.706553,0.166667
9999,,8,2,4,6,2,4,6,9,0.221292,0.227998,1467.85234,0.05
11961,,11,1,0,1,1,0,1,0,0,0,0,0
15863,,11,1,1,2,1,1,2,8,0.242828,0.251832,55.449246,0
1981,,1,0,7,7,0,7,7,8,0.274899,0.287709,0,0.380952
2007,,15,1,0,1,1,0,1,0,0,0,0,0
1984,,8,2,2,4,2,2,4,9,0.210879,0.216616,125.900804,0.333333
16265,,8,1,0,1,1,0,1,0,0,0,0,0
15903,,10,2,1,3,2,1,3,10,0.186979,0.191127,42.205512,0
2578,,7,2,9,11,2,9,11,8,0.275306,0.287445,997.335946,0.118182
8399,,7,1,0,1,1,0,1,0,0,0,0,0
11528,,7,1,0,1,1,0,1,0,0,0,0,0
22752,,7,1,2,3,1,2,3,9,0.228565,0.235891,96.359142,0
1988,,15,3,2,5,3,2,5,9,0.202339,0.207021,209.643243,0.05
1989,,16,0,1,1,0,1,1,1,1,1,0,0
8214,,8,1,0,1,1,0,1,0,0,0,0,0
3318,,8,5,15,20,5,15,20,8,0.272229,0.284977,40212.4041,0.176471
14484,,8,2,0,2,2,0,2,0,0,0,0,0
19860,,8,1,0,1,1,0,1,0,0,0,0,0
25139,,8,1,1,2,1,1,2,8,0.26374,0.274627,0,1
27927,,8,1,0,1,1,0,1,0,0,0,0,0
28071,,8,1,0,1,1,0,1,0,0,0,0,0
28802,,8,1,0,1,1,0,1,0,0,0,0,0
30663,,8,1,0,1,1,0,1,0,0,0,0,0
27815,,15,2,1,3,2,1,3,8,0.235661,0.243091,61.57378,0.333333
33289,,8,1,1,2,1,1,2,8,0.243993,0.252834,0,0
17380,,8,2,0,2,2,0,2,0,0,0,0,0.5
20269,,8,1,1,2,1,1,2,1,1,1,0,0.5
1994,,5,0,7,7,0,7,7,8,0.27081,0.28273,0,0.261905
19794,,5,2,0,2,2,0,2,0,0,0,0,0
30258,,5,1,1,2,1,1,2,8,0.245105,0.253557,0,1
19105,,8,4,5,9,4,5,9,9,0.243126,0.252093,959.858833,0.357143
28278,,8,1,0,1,1,0,1,0,0,0,0,0
13368,,8,4,6,10,4,6,10,8,0.251198,0.2612,52720.75222,0.125
31865,,8,1,0,1,1,0,1,0,0,0,0,0
1998,,8,0,1,1,0,1,1,1,1,1,0,0
9400,,6,3,1,4,3,1,4,9,0.213005,0.218594,37664.6055,0
16780,,6,1,0,1,1,0,1,0,0,0,0,0
10169,,11,6,9,15,6,9,15,8,0.2522,0.263212,48703.025756,0.042857
15750,,8,1,4,5,1,4,5,8,0.246259,0.255701,6.831753,0.35
12934,,7,2,6,8,2,6,8,8,0.274828,0.287864,275.142144,0.25
13396,,8,1,8,9,1,8,9,8,0.281966,0.294957,1343.381509,0.375
31880,,8,2,0,2,2,0,2,0,0,0,0,1
32090,,8,1,2,3,1,2,3,9,0.214769,0.220751,25975,0.333333
2010,,7,0,1,1,0,1,1,9,0.200659,0.205454,0,0
2011,,7,0,1,1,0,1,1,9,0.216226,0.222399,0,0
19645,,24,1,1,2,1,1,2,9,0.209299,0.214673,0,0.5
9971,,1,1,0,1,1,0,1,0,0,0,0,0
14257,,1,2,2,4,2,2,4,10,0.162631,0.165315,25974.5,0.333333
9537,,1,2,1,3,2,1,3,9,0.194207,0.198771,60.15143,0
10181,,1,5,17,22,5,17,22,8,0.279363,0.293646,85747.423736,0.12619
19507,,1,2,0,2,2,0,2,0,0,0,0,0
25714,,1,1,0,1,1,0,1,0,0,0,0,0
27184,,1,2,0,2,2,0,2,0,0,0,0,0.5
8402,,11,14,17,31,14,17,31,8,0.260748,0.272166,250541.390685,0.056667
8435,,11,3,2,5,3,2,5,9,0.199181,0.203998,26436.44435,0
8644,,11,1,0,1,1,0,1,0,0,0,0,0
9026,,11,1,3,4,1,3,4,8,0.237286,0.246089,0,0.833333
9273,,11,1,3,4,1,3,4,9,0.235213,0.244551,114.619717,0.666667
10430,,11,1,1,2,1,1,2,8,0.23616,0.244719,0,0
11326,,11,1,0,1,1,0,1,0,0,0,0,0
11872,,11,7,6,13,7,6,13,8,0.251047,0.261894,1999.02813,0.2
12257,,11,1,0,1,1,0,1,0,0,0,0,0
12753,,11,1,1,2,1,1,2,8,0.228133,0.235522,585.141774,0
13382,,11,2,1,3,2,1,3,8,0.23616,0.244719,0,0.5
13233,,11,13,7,20,13,7,20,8,0.237858,0.246891,137980.740073,0.090476
14281,,11,2,2,4,2,2,4,8,0.236835,0.245541,0,0.833333
15681,,11,1,0,1,1,0,1,0,0,0,0,0
16693,,11,7,3,10,7,3,10,8,0.247821,0.256678,23819.329165,0.027778
15708,,11,1,1,2,1,1,2,8,0.23616,0.244719,0,0
17063,,11,3,3,6,3,3,6,8,0.274016,0.286059,2575.529663,0.666667
18530,,1,1,2,3,1,2,3,8,0.236362,0.245028,67.57679,0
13812,,11,1,1,2,1,1,2,8,0.23616,0.244719,0,0
15647,,11,1,1,2,1,1,2,8,0.23616,0.244719,0,0
20295,,11,3,2,5,3,2,5,8,0.236163,0.244746,0.5,0.666667
20569,,11,2,1,3,2,1,3,9,0.206822,0.212249,0,1
22446,,11,2,0,2,2,0,2,0,0,0,0,0.5
16233,,11,3,2,5,3,2,5,1,1,1,26810.681005,0
15362,,11,1,1,2,1,1,2,8,0.23616,0.244719,0,0
23953,,11,1,6,7,1,6,7,8,0.239764,0.249182,11691.738684,0.333333
15970,,11,4,4,8,4,4,8,8,0.236193,0.244848,8.027738,0.4
30152,,11,1,1,2,1,1,2,8,0.23616,0.244719,0,0
17985,,11,1,3,4,1,3,4,8,0.236838,0.245568,0,0.833333
31540,,11,1,1,2,1,1,2,8,0.23616,0.244719,0,0
33167,,11,2,2,4,2,2,4,8,0.236835,0.245541,0,1
29731,,11,4,5,9,4,5,9,8,0.255535,0.267094,28169.800417,0.4
34722,,11,1,1,2,1,1,2,8,0.23616,0.244719,0,0
4485,,11,1,0,1,1,0,1,0,0,0,0,0
7064,,11,1,1,2,1,1,2,8,0.227246,0.234747,0,0
7643,,11,2,1,3,2,1,3,8,0.227246,0.234747,0,1
5532,,16,1,2,3,1,2,3,8,0.259705,0.271224,912.593999,0.5
11130,,11,1,0,1,1,0,1,0,0,0,0,0
14552,,11,2,0,2,2,0,2,0,0,0,0,0
14578,,0,5,6,11,5,6,11,8,0.233012,0.241381,80737.814091,0.152778
17227,,11,1,0,1,1,0,1,0,0,0,0,0
19223,,0,12,3,15,12,3,15,9,0.218338,0.225122,145695.660068,0.06044
21631,,11,1,5,6,1,5,6,8,0.255604,0.265608,487.897363,0.1
21104,,16,12,18,30,12,18,30,8,0.248995,0.259433,639062.67663,0.023333
26038,,9,16,14,30,16,14,30,8,0.234245,0.242799,635513.501344,0.01087
27218,,11,2,0,2,2,0,2,0,0,0,0,1
26306,,16,19,4,23,19,4,23,9,0.211466,0.217693,253852.320633,0.018421
29518,,11,1,0,1,1,0,1,0,0,0,0,0
31020,,11,1,0,1,1,0,1,0,0,0,0,0
31479,,10,1,1,2,1,1,2,9,0.219612,0.225767,32.190677,0
5686,,12,3,4,7,3,4,7,8,0.237277,0.245127,29828.278908,0.1
2017,,10,0,3,3,0,3,3,8,0.239447,0.247614,0,0
14231,,0,2,0,2,2,0,2,0,0,0,0,0
2020,,0,0,7,7,0,7,7,8,0.265565,0.277205,0,0.285714
12806,,8,1,0,1,1,0,1,0,0,0,0,0
17718,,8,1,4,5,1,4,5,8,0.231042,0.238757,26297.992818,0
2026,,15,0,1,1,0,1,1,8,0.224983,0.23254,0,0
2028,,15,1,0,1,1,0,1,0,0,0,0,0
7778,,8,1,5,6,1,5,6,8,0.237918,0.246088,234.595866,0.033333
9526,,6,2,0,2,2,0,2,0,0,0,0,0.5
7366,,15,1,0,1,1,0,1,0,0,0,0,0
11830,,15,1,2,3,1,2,3,9,0.215002,0.221018,193.753303,0.166667
6905,,10,1,1,2,1,1,2,9,0.227719,0.235169,0,1
2992,,11,1,1,2,1,1,2,9,0.224807,0.232231,100.220485,0
5346,,11,5,3,8,5,3,8,8,0.245831,0.255899,6106.514961,0.047619
3485,,11,2,5,7,2,5,7,8,0.244738,0.255047,2179.917151,0.166667
27763,,11,4,5,9,4,5,9,9,0.229992,0.237806,27172.847071,0.125
2038,,16,0,1,1,0,1,1,9,0.205798,0.211371,0,0
25965,,16,1,0,1,1,0,1,0,0,0,0,0
30865,,16,3,1,4,3,1,4,9,0.193369,0.197527,3.304701,0.333333
2750,,10,3,2,5,3,2,5,8,0.240505,0.248721,955.816211,0.35
3324,,10,2,2,4,2,2,4,9,0.218252,0.225064,3.471811,0.333333
19086,,10,1,0,1,1,0,1,0,0,0,0,0
9190,,6,3,1,4,3,1,4,9,0.203232,0.208448,0,0.666667
2043,,6,0,1,1,0,1,1,8,0.25615,0.266929,0,0
2044,,1,0,4,4,0,4,4,8,0.264446,0.275465,0,0.5
13776,,15,2,2,4,2,2,4,9,0.214204,0.220483,1061.411763,0.166667
4337,,10,4,5,9,4,5,9,9,0.233318,0.241319,38430.605444,0.089286
34227,,10,1,0,1,1,0,1,0,0,0,0,0
24062,,10,3,2,5,3,2,5,9,0.193931,0.197946,38.276928,0.666667
27105,,15,1,0,1,1,0,1,0,0,0,0,0
4769,,6,1,0,1,1,0,1,0,0,0,0,0
31102,,7,10,0,10,10,0,10,0,0,0,0,0.055556
2052,,8,0,2,2,0,2,2,8,0.245873,0.254056,0,0.5
4080,,8,1,1,2,1,1,2,1,1,1,52.800115,0
12732,,8,1,0,1,1,0,1,0,0,0,0,0
22750,,8,1,0,1,1,0,1,0,0,0,0,0
31404,,21,1,0,1,1,0,1,0,0,0,0,0
2066,,0,3,6,9,3,6,9,8,0.232388,0.240073,6510.125887,0.4
4425,,0,1,0,1,1,0,1,0,0,0,0,0
8963,,0,1,0,1,1,0,1,0,0,0,0,0
14509,,0,1,0,1,1,0,1,0,0,0,0,0
6078,,0,3,3,6,3,3,6,9,0.217674,0.223987,19236.57858,0.25
26698,,0,1,0,1,1,0,1,0,0,0,0,0
32041,,0,1,0,1,1,0,1,0,0,0,0,0
33985,,0,1,0,1,1,0,1,0,0,0,0,0
13068,,0,1,0,1,1,0,1,0,0,0,0,0
14704,,0,1,0,1,1,0,1,0,0,0,0,0
18544,,8,2,2,4,2,2,4,9,0.220771,0.227606,27.325906,0.5
27745,,8,1,0,1,1,0,1,0,0,0,0,0
32018,,8,1,0,1,1,0,1,0,0,0,0,0
6079,,0,5,6,11,5,6,11,8,0.237187,0.245588,22099.339966,0.194444
28763,,0,3,0,3,3,0,3,0,0,0,0,0.333333
20377,,0,1,2,3,1,2,3,9,0.224002,0.231065,0,1
8016,,0,1,0,1,1,0,1,0,0,0,0,0
15947,,0,1,1,2,1,1,2,8,0.227463,0.234543,0,0
21779,,0,1,0,1,1,0,1,0,0,0,0,0
24162,,0,1,0,1,1,0,1,0,0,0,0,0
2074,,11,0,1,1,0,1,1,10,0.178808,0.182316,0,0
25176,,16,1,4,5,1,4,5,8,0.25893,0.270396,26069.666394,0.15
4943,,11,1,1,2,1,1,2,10,0.184889,0.188741,0,0
2080,,0,2,3,5,2,3,5,8,0.234861,0.243554,9794.819666,0.25
10619,,0,1,1,2,1,1,2,9,0.21932,0.225992,37.499112,0
14292,,24,2,2,4,2,2,4,9,0.214,0.220324,25974,0.333333
30619,,24,1,0,1,1,0,1,0,0,0,0,0
12403,,24,1,1,2,1,1,2,9,0.2008,0.205197,18825.532258,0
11889,,8,4,3,7,4,3,7,8,0.248446,0.258051,200.558522,0.166667
7472,,15,1,2,3,1,2,3,9,0.191142,0.195303,25989.100172,0
2663,,15,1,2,3,1,2,3,9,0.222367,0.229284,182.464933,0
30616,,8,1,0,1,1,0,1,0,0,0,0,0
4570,,10,1,1,2,1,1,2,9,0.226956,0.23394,0,0
2835,,10,2,1,3,2,1,3,9,0.209245,0.214858,0,1
12402,,0,3,0,3,3,0,3,0,0,0,0,0
12809,,10,1,1,2,1,1,2,9,0.226956,0.23394,0,0
2088,,6,3,9,12,3,9,12,8,0.260867,0.272897,115579.992573,0.255556
2089,,6,2,0,2,2,0,2,0,0,0,0,0.5
3135,,6,1,2,3,1,2,3,9,0.206902,0.212686,25975,0
2309,,11,3,7,10,3,7,10,8,0.238951,0.248386,73002.077426,0.071429
3891,,11,2,0,2,2,0,2,0,0,0,0,1
8154,,11,1,0,1,1,0,1,0,0,0,0,0
15810,,10,2,0,2,2,0,2,0,0,0,0,0
2336,,11,4,14,18,4,14,18,8,0.261963,0.273592,48704.842257,0.077206
21539,,11,1,0,1,1,0,1,0,0,0,0,0
18955,,11,4,0,4,4,0,4,0,0,0,0,0.166667
20268,,11,1,2,3,1,2,3,9,0.221803,0.229003,32.551707,0
18920,,11,3,3,6,3,3,6,8,0.237669,0.245792,1134.796053,0
29404,,11,1,0,1,1,0,1,0,0,0,0,0
2095,,5,1,1,2,1,1,2,9,0.229021,0.236607,0,0
6426,,5,2,5,7,2,5,7,8,0.252123,0.261678,52211.591238,0.066667
13466,,5,1,1,2,1,1,2,9,0.232862,0.240484,77.731132,0
20035,,5,1,3,4,1,3,4,8,0.241427,0.250124,224.193001,0.166667
12758,,5,4,8,12,4,8,12,8,0.25359,0.26322,2206.837724,0.1
20036,,5,1,0,1,1,0,1,0,0,0,0,0
20038,,5,1,0,1,1,0,1,0,0,0,0,0
2097,,8,0,3,3,0,3,3,8,0.26212,0.273341,0,0
12989,,8,2,2,4,2,2,4,8,0.236433,0.244961,104.258241,0.333333
8025,,8,2,8,10,2,8,10,8,0.268613,0.280787,850.925051,0.166667
14503,,1,1,1,2,1,1,2,9,0.234955,0.243882,5.777875,0
17520,,8,1,2,3,1,2,3,8,0.250472,0.260301,79.076401,0.5
18618,,8,1,3,4,1,3,4,9,0.21727,0.223978,11.238138,0.166667
9619,,8,4,3,7,4,3,7,8,0.239629,0.247132,1421.085499,0.071429
2101,,7,0,1,1,0,1,1,8,0.24045,0.247995,0,0
11022,,5,2,1,3,2,1,3,1,1,1,10724.933491,0
24347,,11,5,12,17,5,12,17,8,0.273181,0.286046,114368.675242,0.076923
5101,,15,5,8,13,5,8,13,8,0.264232,0.27616,76865.99134,0.060606
2778,,11,1,0,1,1,0,1,0,0,0,0,0
2110,,13,0,12,12,0,12,12,8,0.23881,0.247325,0,0.128788
4501,,13,1,0,1,1,0,1,0,0,0,0,0
24376,,13,4,0,4,4,0,4,0,0,0,0,0.25
8874,,13,1,2,3,1,2,3,8,0.237918,0.246021,0,1
9405,,13,1,4,5,1,4,5,8,0.237924,0.246074,6.85873,0.5
22286,,13,1,0,1,1,0,1,0,0,0,0,0
33131,,13,1,0,1,1,0,1,0,0,0,0,0
33457,,13,1,1,2,1,1,2,9,0.208245,0.21405,0,0
3654,,16,3,0,3,3,0,3,0,0,0,0,0.166667
3758,,7,1,1,2,1,1,2,8,0.27219,0.283723,0,0.5
4438,,1,1,2,3,1,2,3,9,0.224311,0.231079,4.625706,0
5370,,8,5,0,5,5,0,5,0,0,0,0,0.05
5892,,1,2,0,2,2,0,2,0,0,0,0,0
7822,,1,1,0,1,1,0,1,0,0,0,0,0
8035,,1,1,0,1,1,0,1,0,0,0,0,0
8125,,1,1,2,3,1,2,3,9,0.250622,0.261016,25990.179468,0
8141,,1,1,0,1,1,0,1,0,0,0,0,0
8614,,1,1,0,1,1,0,1,0,0,0,0,0
9334,,9,3,0,3,3,0,3,0,0,0,0,0
9661,,1,1,0,1,1,0,1,0,0,0,0,0
6561,,10,6,3,9,6,3,9,8,0.263275,0.274154,59862.286499,0.071429
10052,,1,2,1,3,2,1,3,1,1,1,25976,0
10501,,1,2,0,2,2,0,2,0,0,0,0,0
10573,,7,6,7,13,6,7,13,8,0.265155,0.276427,2047.544736,0.054545
8460,,7,1,2,3,1,2,3,8,0.26276,0.273494,0.060337,0.333333
11007,,1,2,0,2,2,0,2,0,0,0,0,0
11045,,16,2,0,2,2,0,2,0,0,0,0,1
11229,,1,1,0,1,1,0,1,0,0,0,0,0
11539,,1,1,0,1,1,0,1,0,0,0,0,0
11682,,1,1,0,1,1,0,1,0,0,0,0,0
8303,,2,1,1,2,1,1,2,8,0.261476,0.272569,0,0.5
11853,,1,1,1,2,1,1,2,9,0.184372,0.188481,0,0.5
12358,,1,1,0,1,1,0,1,0,0,0,0,0
9877,,8,2,11,13,2,11,13,8,0.279554,0.292987,309.622716,0.325758
12750,,1,1,0,1,1,0,1,0,0,0,0,0
13187,,1,1,0,1,1,0,1,0,0,0,0,0
13359,,1,1,0,1,1,0,1,0,0,0,0,0
14136,,1,1,0,1,1,0,1,0,0,0,0,0
14304,,1,1,0,1,1,0,1,0,0,0,0,0
14338,,1,1,0,1,1,0,1,0,0,0,0,0
14519,,1,1,0,1,1,0,1,0,0,0,0,0
7618,,11,5,2,7,5,2,7,8,0.261778,0.272257,20220.676261,0.047619
15486,,1,2,0,2,2,0,2,0,0,0,0,0
16291,,1,1,0,1,1,0,1,0,0,0,0,0
11746,,24,3,5,8,3,5,8,8,0.262453,0.273732,53852.250401,0.119048
8847,,7,2,1,3,2,1,3,9,0.226165,0.233248,0,0.333333
16576,,1,1,1,2,1,1,2,9,0.188224,0.191809,0.527483,0
16602,,1,3,1,4,3,1,4,9,0.209702,0.21503,18828.791929,0
17153,,8,1,1,2,1,1,2,8,0.262757,0.273467,0,0.5
17984,,21,2,1,3,2,1,3,9,0.221971,0.229198,19295.007911,0
7774,,8,1,1,2,1,1,2,8,0.262757,0.273467,0,0.5
18357,,1,1,0,1,1,0,1,0,0,0,0,0
18405,,1,3,1,4,3,1,4,9,0.209702,0.21503,18831.42551,0
19044,,1,1,0,1,1,0,1,0,0,0,0,0
19196,,1,1,0,1,1,0,1,0,0,0,0,0
16908,,15,1,1,2,1,1,2,10,0.179157,0.182315,0,0.5
19855,,1,2,0,2,2,0,2,0,0,0,0,0
19883,,1,1,0,1,1,0,1,0,0,0,0,0
20108,,1,1,0,1,1,0,1,0,0,0,0,0
20124,,1,1,0,1,1,0,1,0,0,0,0,0
8584,,11,2,1,3,2,1,3,8,0.24443,0.254489,0,0.5
20234,,11,2,0,2,2,0,2,0,0,0,0,0
9209,,11,1,1,2,1,1,2,9,0.218197,0.224518,0,0.5
13824,,1,6,0,6,6,0,6,0,0,0,0,0.066667
21085,,1,1,0,1,1,0,1,0,0,0,0,0
21195,,1,1,0,1,1,0,1,0,0,0,0,0
21421,,1,2,0,2,2,0,2,0,0,0,0,0
21637,,1,1,0,1,1,0,1,0,0,0,0,0
15993,,1,2,0,2,2,0,2,0,0,0,0,0
2480,,16,1,1,2,1,1,2,1,1,1,2232.592035,0
22348,,1,1,0,1,1,0,1,0,0,0,0,0
8185,,1,2,0,2,2,0,2,0,0,0,0,0
8841,,5,1,3,4,1,3,4,8,0.262779,0.273552,122.609734,0.083333
22577,,1,1,0,1,1,0,1,0,0,0,0,0
22606,,1,2,0,2,2,0,2,0,0,0,0,0
22634,,1,2,1,3,2,1,3,9,0.219727,0.226388,106.119045,0
22980,,8,1,1,2,1,1,2,8,0.262757,0.273467,0,0.5
22001,,24,1,2,3,1,2,3,8,0.223435,0.230049,15.067145,0.166667
23813,,1,1,0,1,1,0,1,0,0,0,0,0
24965,,1,1,0,1,1,0,1,0,0,0,0,0
25302,,1,1,0,1,1,0,1,0,0,0,0,0
25427,,1,1,0,1,1,0,1,0,0,0,0,0
9742,,16,8,37,45,8,37,45,8,0.2745,0.288713,643221.689892,0.007198
25693,,1,1,0,1,1,0,1,0,0,0,0,0
25771,,1,3,0,3,3,0,3,0,0,0,0,0.166667
26052,,1,1,0,1,1,0,1,0,0,0,0,0
19919,,7,1,6,7,1,6,7,8,0.24553,0.254404,43.797328,0.285714
27017,,1,2,0,2,2,0,2,0,0,0,0,0
27457,,1,2,0,2,2,0,2,0,0,0,0,0
12597,,8,4,2,6,4,2,6,8,0.262764,0.273503,6.020699,0.133333
28550,,1,1,0,1,1,0,1,0,0,0,0,0
28647,,1,1,0,1,1,0,1,0,0,0,0,0
23237,,24,1,4,5,1,4,5,9,0.232279,0.240638,54.778811,0.1
7325,,1,2,35,37,2,35,37,7,0.283017,0.298028,3383.970679,0.08254
4270,,5,6,9,15,6,9,15,8,0.282257,0.296296,69760.694515,0.095238
29539,,1,1,0,1,1,0,1,0,0,0,0,0
13220,,1,1,1,2,1,1,2,9,0.222817,0.230118,20.357855,0
29956,,1,1,0,1,1,0,1,0,0,0,0,0
28090,,1,3,1,4,3,1,4,1,1,1,25977,0
29317,,1,1,1,2,1,1,2,9,0.229753,0.236926,3.002339,0
30461,,1,1,0,1,1,0,1,0,0,0,0,0
30905,,11,2,0,2,2,0,2,0,0,0,0,0
30957,,7,5,0,5,5,0,5,0,0,0,0,0.05
5129,,16,2,3,5,2,3,5,8,0.240662,0.249878,250.211346,0.1
31873,,7,1,1,2,1,1,2,9,0.200066,0.204368,0,0.5
31710,,1,2,0,2,2,0,2,0,0,0,0,0.5
11789,,3,2,3,5,2,3,5,8,0.260748,0.272084,717.266803,0.25
32215,,1,1,0,1,1,0,1,0,0,0,0,0
32214,,16,3,0,3,3,0,3,0,0,0,0,0
32604,,1,1,1,2,1,1,2,10,0.178304,0.181863,0.450784,0
32788,,1,1,2,3,1,2,3,9,0.210248,0.216199,16.682299,0
33324,,1,1,0,1,1,0,1,0,0,0,0,0
33356,,1,1,0,1,1,0,1,0,0,0,0,0
33380,,1,2,0,2,2,0,2,0,0,0,0,0
31168,,15,1,1,2,1,1,2,10,0.179157,0.182315,0,0.5
14277,,8,2,1,3,2,1,3,8,0.262757,0.273467,0,0.333333
32615,,1,1,1,2,1,1,2,1,1,1,25976,0
33796,,1,1,0,1,1,0,1,0,0,0,0,0
17218,,16,2,9,11,2,9,11,8,0.264017,0.275963,33187.89127,0.2
27100,,11,10,6,16,10,6,16,8,0.241059,0.250391,131525.047452,0.065934
18088,,1,1,2,3,1,2,3,9,0.221579,0.228707,7.304375,0.166667
33958,,1,1,0,1,1,0,1,0,0,0,0,0
34006,,1,1,0,1,1,0,1,0,0,0,0,0
8182,,11,2,1,3,2,1,3,10,0.183261,0.187029,602.143206,0.166667
32297,,1,2,0,2,2,0,2,0,0,0,0,0
2136,,0,2,4,6,2,4,6,8,0.266062,0.277399,227.794627,0.133333
26019,,7,1,2,3,1,2,3,8,0.262871,0.273627,0,0.5
23342,,15,2,0,2,2,0,2,0,0,0,0,0
33626,,1,2,0,2,2,0,2,0,0,0,0,0
34252,,9,2,1,3,2,1,3,9,0.217137,0.223506,108.686931,0
16700,,1,3,2,5,3,2,5,10,0.181962,0.185899,26592.325713,0
30385,,2,1,2,3,1,2,3,8,0.261985,0.273237,3.614464,0.5
34532,,11,1,2,3,1,2,3,8,0.234571,0.242685,15.404196,0
28479,,5,2,1,3,2,1,3,9,0.227896,0.235595,0,0.333333
33946,,8,1,5,6,1,5,6,8,0.263253,0.274368,61.008004,0.1
35766,,1,1,0,1,1,0,1,0,0,0,0,0
2116,,5,0,1,1,0,1,1,9,0.229028,0.236621,0,0
4608,,8,1,1,2,1,1,2,9,0.218108,0.224533,14.253129,0
2120,,13,0,1,1,0,1,1,9,0.195066,0.199384,0,0
2122,,6,0,2,2,0,2,2,9,0.206906,0.212692,0,0.5
18415,,5,3,2,5,3,2,5,8,0.233692,0.24205,1171.714455,0.05
13658,,8,1,0,1,1,0,1,0,0,0,0,0
2130,,6,0,1,1,0,1,1,9,0.217915,0.224606,0,0
8280,,10,1,3,4,1,3,4,8,0.264099,0.27566,40.185571,0.5
10687,,12,1,9,10,1,9,10,8,0.245527,0.254504,55410.350575,0.144444
33925,,10,2,0,2,2,0,2,0,0,0,0,0
9835,,11,1,2,3,1,2,3,9,0.221532,0.228384,26066.00094,0
22611,,0,1,1,2,1,1,2,8,0.229897,0.236556,0,0
2134,,15,0,1,1,0,1,1,9,0.205901,0.211633,0,0
2135,,7,0,1,1,0,1,1,8,0.247779,0.256716,0,0
20006,,1,6,0,6,6,0,6,0,0,0,0,0.233333
11193,,21,2,2,4,2,2,4,8,0.228726,0.23604,134444.304919,0
4757,,15,1,0,1,1,0,1,0,0,0,0,0
27654,,15,1,0,1,1,0,1,0,0,0,0,0
34598,,15,1,0,1,1,0,1,0,0,0,0,0
2142,,13,0,1,1,0,1,1,9,0.190875,0.195045,0,0
2143,,13,6,2,8,6,2,8,8,0.235891,0.243977,57292.397345,0.095238
3241,,6,1,0,1,1,0,1,0,0,0,0,0
12006,,6,1,1,2,1,1,2,8,0.256147,0.266926,0,1
16825,,6,1,0,1,1,0,1,0,0,0,0,0
27358,,6,1,0,1,1,0,1,0,0,0,0,0
26447,,16,1,0,1,1,0,1,0,0,0,0,0
26449,,7,3,4,7,3,4,7,9,0.213859,0.220023,26097.704105,0.02381
10693,,15,4,2,6,4,2,6,8,0.244012,0.252889,26466.120005,0
18377,,8,1,0,1,1,0,1,0,0,0,0,0
7027,,16,1,1,2,1,1,2,8,0.236957,0.244416,0,1
8765,,16,1,0,1,1,0,1,0,0,0,0,0
9911,,16,2,2,4,2,2,4,8,0.236963,0.244451,18825,0.25
19950,,16,3,0,3,3,0,3,0,0,0,0,0.166667
25221,,16,1,6,7,1,6,7,8,0.240051,0.247817,2.053901,0.366667
30132,,16,1,2,3,1,2,3,8,0.239687,0.247287,0,1
2154,,7,0,4,4,0,4,4,7,0.295878,0.31075,0,0.5
2156,,8,0,1,1,0,1,1,8,0.262756,0.273466,0,0
4648,,11,1,2,3,1,2,3,8,0.264804,0.275744,0,0.666667
4015,,2,1,0,1,1,0,1,0,0,0,0,0
5045,,2,2,0,2,2,0,2,0,0,0,0,0
11099,,7,4,0,4,4,0,4,0,0,0,0,0.166667
32466,,2,1,0,1,1,0,1,0,0,0,0,0
4707,,10,1,0,1,1,0,1,0,0,0,0,0
17868,,10,1,1,2,1,1,2,9,0.221417,0.228333,34.034536,0
15882,,11,3,4,7,3,4,7,9,0.216324,0.223179,20579.964568,0.066667
33277,,11,1,1,2,1,1,2,9,0.208114,0.214161,0,0
35233,,11,1,0,1,1,0,1,0,0,0,0,0
2168,,5,0,1,1,0,1,1,8,0.231928,0.239836,0,0
2171,,11,1,0,1,1,0,1,0,0,0,0,0
5301,,11,4,2,6,4,2,6,9,0.220298,0.226578,323208.413571,0.15
6662,,11,2,2,4,2,2,4,9,0.207942,0.213162,409.988019,0.166667
13568,,6,2,5,7,2,5,7,9,0.209308,0.214917,25975,0.533333
18324,,6,3,5,8,3,5,8,9,0.209308,0.214917,26.746198,0.7
8774,,12,1,0,1,1,0,1,0,0,0,0,0
9530,,12,1,0,1,1,0,1,0,0,0,0,0
10998,,11,1,0,1,1,0,1,0,0,0,0,0
23144,,4,10,2,12,10,2,12,11,0.152944,0.15507,96719.334499,0.166667
2180,,6,0,4,4,0,4,4,8,0.260488,0.272258,0,0.5
2181,,11,0,1,1,0,1,1,8,0.246659,0.25616,0,0
16056,,24,1,0,1,1,0,1,0,0,0,0,0
13894,,11,1,0,1,1,0,1,0,0,0,0,0
17288,,11,1,0,1,1,0,1,0,0,0,0,0
18331,,16,1,1,2,1,1,2,9,0.234732,0.243226,0,1
19444,,15,1,3,4,1,3,4,9,0.239812,0.248652,98.230534,0.166667
6587,,2,4,2,6,4,2,6,1,1,1,51952,0
34554,,11,1,0,1,1,0,1,0,0,0,0,0
16793,,11,1,0,1,1,0,1,0,0,0,0,0
18711,,11,1,0,1,1,0,1,0,0,0,0,0
7663,,15,3,6,9,3,6,9,8,0.239167,0.247565,30748.697757,0.053571
23088,,11,1,2,3,1,2,3,8,0.238406,0.246844,300.238904,0.166667
30074,,11,2,0,2,2,0,2,0,0,0,0,0
31329,,11,1,0,1,1,0,1,0,0,0,0,0
23305,,11,2,0,2,2,0,2,0,0,0,0,1
14510,,11,2,0,2,2,0,2,0,0,0,0,0
6787,,11,2,4,6,2,4,6,1,1,1,103904,0.066667
14494,,11,2,1,3,2,1,3,9,0.211904,0.217584,0,0.5
17410,,11,1,0,1,1,0,1,0,0,0,0,0
19463,,11,1,0,1,1,0,1,0,0,0,0,0
26923,,11,2,0,2,2,0,2,0,0,0,0,1
27652,,11,2,1,3,2,1,3,9,0.206235,0.211976,26.881313,0
23604,,11,2,0,2,2,0,2,0,0,0,0,0
30821,,11,1,0,1,1,0,1,0,0,0,0,0
8175,,11,4,18,22,4,18,22,8,0.282656,0.296207,239004.419403,0.05
34673,,11,1,0,1,1,0,1,0,0,0,0,0
6744,,6,2,5,7,2,5,7,8,0.277883,0.29194,2417.717754,0.142857
35517,,11,1,0,1,1,0,1,0,0,0,0,0
2189,,11,0,1,1,0,1,1,9,0.225957,0.2335,0,0
7991,,11,1,0,1,1,0,1,0,0,0,0,0
14741,,11,1,3,4,1,3,4,9,0.221534,0.228417,51950,0.166667
13848,,5,1,0,1,1,0,1,0,0,0,0,0
16107,,5,1,1,2,1,1,2,9,0.217383,0.223682,152.701258,0
22190,,5,1,1,2,1,1,2,8,0.251453,0.260348,602.526717,0
26520,,5,1,0,1,1,0,1,0,0,0,0,0
8251,,12,1,8,9,1,8,9,8,0.263854,0.275475,1913.90479,0.178571
32375,,5,1,1,2,1,1,2,9,0.212615,0.21853,0,0
13982,,11,1,2,3,1,2,3,8,0.232425,0.240776,0,1
15295,,15,1,0,1,1,0,1,0,0,0,0,0
22851,,15,1,0,1,1,0,1,0,0,0,0,0
17440,,15,2,3,5,2,3,5,8,0.232552,0.239576,549.238277,0.166667
30798,,15,1,2,3,1,2,3,9,0.223335,0.230425,25975,0
22529,,8,1,3,4,1,3,4,8,0.252932,0.263063,1365.229165,0
16845,,15,2,5,7,2,5,7,8,0.267286,0.278865,3210.706423,0.233333
23546,,8,1,2,3,1,2,3,9,0.224151,0.231487,299.002509,0.166667
27657,,10,1,0,1,1,0,1,0,0,0,0,0
13871,,10,1,3,4,1,3,4,9,0.197327,0.201855,26005.489487,0
18505,,10,2,1,3,2,1,3,9,0.224223,0.231071,18879.493274,0
2751,,5,1,3,4,1,3,4,9,0.226516,0.233704,208.28215,0.083333
13293,,11,1,1,2,1,1,2,8,0.272194,0.283726,2820.519815,0
25060,,11,2,1,3,2,1,3,10,0.195694,0.200332,87.687638,0
22931,,6,1,1,2,1,1,2,9,0.226456,0.233654,171.72579,0
16792,,6,2,5,7,2,5,7,8,0.27286,0.284731,1162.747073,0.214286
5182,,6,1,1,2,1,1,2,10,0.179227,0.182882,15.531092,0
26501,,7,1,3,4,1,3,4,8,0.272135,0.284576,240.671429,0.583333
17897,,11,1,1,2,1,1,2,9,0.214331,0.220612,40.417185,0
21246,,11,5,5,10,5,5,10,8,0.246059,0.255398,29055.855161,0.033333
33672,,11,1,2,3,1,2,3,9,0.220133,0.227194,113.88329,0.333333
9673,,7,2,2,4,2,2,4,9,0.216607,0.222512,0,1
9672,,7,2,2,4,2,2,4,9,0.216607,0.222512,0,1
2210,,28,0,1,1,0,1,1,1,1,1,0,0
2211,,28,1,0,1,1,0,1,0,0,0,0,0
23126,,0,1,0,1,1,0,1,0,0,0,0,0
18728,,0,1,2,3,1,2,3,8,0.231167,0.239116,5.291263,0.666667
6731,,15,1,0,1,1,0,1,0,0,0,0,0
2217,,6,0,1,1,0,1,1,9,0.217915,0.224606,0,0
17964,,8,3,1,4,3,1,4,9,0.203197,0.20799,18847.582498,0
26954,,8,1,0,1,1,0,1,0,0,0,0,0
22484,,8,1,0,1,1,0,1,0,0,0,0,0
5792,,8,1,2,3,1,2,3,8,0.266088,0.277447,381.164625,0.166667
2222,,16,1,0,1,1,0,1,0,0,0,0,0
5205,,16,1,1,2,1,1,2,8,0.242297,0.250669,0,1
12538,,16,1,0,1,1,0,1,0,0,0,0,0
13774,,16,1,0,1,1,0,1,0,0,0,0,0
14102,,16,1,0,1,1,0,1,0,0,0,0,0
3278,,16,2,2,4,2,2,4,8,0.244015,0.253169,18826,0.25
15369,,16,1,0,1,1,0,1,0,0,0,0,0
18345,,16,1,0,1,1,0,1,0,0,0,0,0
28938,,16,1,0,1,1,0,1,0,0,0,0,0
30750,,16,1,0,1,1,0,1,0,0,0,0,0
31859,,16,1,0,1,1,0,1,0,0,0,0,0
14148,,7,1,2,3,1,2,3,8,0.278582,0.291028,513.541819,0.333333
32713,,7,1,0,1,1,0,1,0,0,0,0,0
3987,,0,1,1,2,1,1,2,8,0.226144,0.233522,0,1
10310,,10,2,2,4,2,2,4,9,0.228103,0.235375,127.732831,0.166667
2228,,15,0,1,1,0,1,1,8,0.224983,0.23254,0,0
17429,,8,1,3,4,1,3,4,9,0.237465,0.246752,26033.421103,0
5186,,8,2,3,5,2,3,5,9,0.231073,0.238628,19201.35833,0.15
8696,,0,5,5,10,5,5,10,8,0.23748,0.246436,57275.764987,0.138889
13198,,16,1,0,1,1,0,1,0,0,0,0,0
13691,,16,2,0,2,2,0,2,0,0,0,0,0
11244,,16,1,1,2,1,1,2,9,0.222361,0.22922,0,0
12260,,16,1,1,2,1,1,2,9,0.218247,0.224659,9.481508,0
26611,,16,1,0,1,1,0,1,0,0,0,0,0
5136,,6,4,2,6,4,2,6,9,0.222814,0.229181,11998.336328,0.333333
14141,,8,3,4,7,3,4,7,8,0.231522,0.239132,2629.037312,0.166667
17562,,7,6,6,12,6,6,12,8,0.270007,0.283105,22596.143679,0.222222
28610,,9,4,6,10,4,6,10,8,0.263562,0.275328,37303.034536,0.166667
2239,,6,0,1,1,0,1,1,9,0.217915,0.224606,0,0
2240,,16,1,2,3,1,2,3,9,0.192767,0.197054,18851.148723,0.166667
2241,,16,1,3,4,1,3,4,9,0.218822,0.225363,8491.513355,0
2242,,6,0,1,1,0,1,1,9,0.20435,0.209739,0,0
2244,,7,1,0,1,1,0,1,0,0,0,0,0
8865,,8,2,2,4,2,2,4,8,0.238168,0.245965,383.809447,0.166667
32408,,6,1,0,1,1,0,1,0,0,0,0,0
5961,,15,1,2,3,1,2,3,9,0.22935,0.236567,0,0.5
5363,,0,1,1,2,1,1,2,9,0.226481,0.233281,0,0
11164,,0,1,2,3,1,2,3,9,0.226486,0.233317,25975,0
26551,,0,1,0,1,1,0,1,0,0,0,0,0
2249,,15,0,1,1,0,1,1,9,0.215151,0.221458,0,0
24907,,8,1,0,1,1,0,1,0,0,0,0,0
2252,,15,0,1,1,0,1,1,8,0.224983,0.23254,0,0
2254,,2,0,1,1,0,1,1,9,0.223883,0.231045,0,0
23995,,0,1,2,3,1,2,3,8,0.228963,0.236708,0,0.666667
15363,,6,1,0,1,1,0,1,0,0,0,0,0
11376,,6,2,4,6,2,4,6,8,0.25541,0.265826,26207.592583,0.3
2257,,7,0,1,1,0,1,1,1,1,1,0,0
4471,,13,1,2,3,1,2,3,9,0.217599,0.223566,6.685486,0
2261,,3,1,1,2,1,1,2,8,0.230719,0.238685,601.3622,0
3798,,8,2,7,9,2,7,9,8,0.260918,0.271782,787.480388,0.160714
2264,,6,1,1,2,1,1,2,8,0.249084,0.258104,18827,0
18514,,21,2,1,3,2,1,3,1,1,1,1173.731664,0
2938,,8,2,1,3,2,1,3,9,0.216997,0.223514,68.731842,0.333333
8495,,8,1,2,3,1,2,3,9,0.21881,0.225237,14.530863,0
4503,,8,1,1,2,1,1,2,9,0.216997,0.223514,0,1
7998,,8,1,2,3,1,2,3,9,0.218366,0.224754,16.455592,0
31966,,8,1,1,2,1,1,2,10,0.181692,0.185425,38.746743,0.5
2269,,8,3,10,13,3,10,13,8,0.279832,0.293557,87511.116587,0.166667
21006,,2,1,1,2,1,1,2,8,0.261479,0.272571,0,0.5
13145,,8,1,1,2,1,1,2,9,0.216224,0.222548,36.356998,0
17437,,24,2,1,3,2,1,3,9,0.231745,0.239906,627.711817,0.166667
2272,,8,5,9,14,5,9,14,8,0.259293,0.269964,27242.366292,0.25
30613,,8,1,0,1,1,0,1,0,0,0,0,0
5100,,10,2,5,7,2,5,7,8,0.252627,0.262919,19082.521235,0.02381
15746,,11,1,23,24,1,23,24,7,0.289555,0.303982,29733.950754,0.175725
2278,,8,0,1,1,0,1,1,8,0.262756,0.273466,0,0
13748,,10,1,1,2,1,1,2,1,1,1,25976,0
16514,,8,1,1,2,1,1,2,9,0.225275,0.232487,0,0
6379,,8,1,2,3,1,2,3,9,0.222701,0.229345,0.758531,0
9320,,0,1,2,3,1,2,3,8,0.230722,0.238712,1,0.333333
2285,,2,0,8,8,0,8,8,8,0.26351,0.274644,0,0.267857
17732,,11,2,1,3,2,1,3,9,0.197879,0.202253,31.527242,0
26331,,11,2,0,2,2,0,2,0,0,0,0,0
31573,,16,3,0,3,3,0,3,0,0,0,0,0
8542,,5,1,0,1,1,0,1,0,0,0,0,0
2291,,29,1,1,2,1,1,2,1,1,1,0,0
2292,,29,1,1,2,1,1,2,1,1,1,0,0
2293,,8,1,1,2,1,1,2,9,0.223276,0.230186,18825.552381,0
16786,,5,2,5,7,2,5,7,8,0.237139,0.245695,29633.24019,0.3
18091,,7,1,0,1,1,0,1,0,0,0,0,0
27453,,9,51,1,52,51,1,52,1,1,1,18206.80128,0.007164
14861,,9,6,9,15,6,9,15,8,0.239306,0.248541,35492.324872,0.142857
30933,,7,1,0,1,1,0,1,0,0,0,0,0
17051,,0,2,0,2,2,0,2,0,0,0,0,0
3419,,8,1,5,6,1,5,6,8,0.266778,0.278737,2699.608488,0.3
8475,,11,1,0,1,1,0,1,0,0,0,0,0
9685,,8,3,10,13,3,10,13,8,0.27365,0.286884,3573.121618,0.237179
19195,,11,2,0,2,2,0,2,0,0,0,0,0
2303,,15,1,1,2,1,1,2,9,0.202326,0.206997,0,0
17903,,15,1,2,3,1,2,3,8,0.230736,0.238007,26069.578414,0
5005,,19,1,3,4,1,3,4,8,0.23927,0.24872,228.559769,0.333333
9247,,19,3,1,4,3,1,4,9,0.22249,0.229164,458.238608,0.166667
15953,,19,1,0,1,1,0,1,0,0,0,0,0
2306,,5,1,6,7,1,6,7,8,0.269197,0.280609,6040.091371,0.166667
16909,,3,1,2,3,1,2,3,9,0.220399,0.227036,4.085071,0
14839,,8,1,4,5,1,4,5,8,0.235152,0.243406,127.149309,0.5
29123,,8,1,0,1,1,0,1,0,0,0,0,0
4290,,11,1,1,2,1,1,2,9,0.192868,0.197617,0,0
33370,,11,1,0,1,1,0,1,0,0,0,0,0
2311,,8,1,0,1,1,0,1,0,0,0,0,0
2313,,6,0,1,1,0,1,1,9,0.21208,0.218243,0,0
7291,,11,5,0,5,5,0,5,0,0,0,0,0.25
11426,,11,6,2,8,6,2,8,9,0.220683,0.227838,371.851632,0.261905
7122,,11,1,2,3,1,2,3,9,0.2192,0.225881,2713.358706,0
15924,,11,2,3,5,2,3,5,9,0.217217,0.223873,10959.215187,0
20230,,11,2,0,2,2,0,2,0,0,0,0,1
20958,,11,1,0,1,1,0,1,0,0,0,0,0
27963,,11,1,0,1,1,0,1,0,0,0,0,0
31898,,11,2,4,6,2,4,6,9,0.235735,0.243495,2835.599976,0
8143,,8,1,0,1,1,0,1,0,0,0,0,0
2321,,8,0,1,1,0,1,1,9,0.230193,0.238549,0,0
18873,,8,3,1,4,3,1,4,9,0.216872,0.222918,99.241111,0.166667
15787,,8,1,1,2,1,1,2,9,0.224375,0.231089,0,0
22653,,8,1,2,3,1,2,3,9,0.224402,0.231156,0,0.5
34251,,8,1,1,2,1,1,2,9,0.216997,0.223514,0,1
2325,,8,0,1,1,0,1,1,8,0.262756,0.273466,0,0
2328,,0,1,1,2,1,1,2,8,0.228932,0.236642,0,1
16002,,5,1,1,2,1,1,2,1,1,1,343.317357,0
20213,,10,1,2,3,1,2,3,8,0.238672,0.246229,56.259447,0.333333
33814,,10,1,0,1,1,0,1,0,0,0,0,0
15680,,5,3,1,4,3,1,4,9,0.203546,0.209059,22397.397997,0.083333
2894,,11,1,0,1,1,0,1,0,0,0,0,0
5587,,11,1,0,1,1,0,1,0,0,0,0,0
6792,,11,1,0,1,1,0,1,0,0,0,0,0
11437,,11,2,2,4,2,2,4,8,0.23988,0.248339,431.059385,0.5
13777,,11,1,0,1,1,0,1,0,0,0,0,0
12443,,11,2,2,4,2,2,4,8,0.236885,0.246415,253.797468,0.333333
21603,,11,3,0,3,3,0,3,0,0,0,0,0
21892,,11,1,1,2,1,1,2,9,0.220074,0.227045,0,0
12370,,11,2,0,2,2,0,2,0,0,0,0,0
25501,,11,2,3,5,2,3,5,8,0.228407,0.235919,229.180374,0.25
19930,,24,1,2,3,1,2,3,9,0.231762,0.239953,26020.589656,0
21643,,10,1,0,1,1,0,1,0,0,0,0,0
15326,,11,3,1,4,3,1,4,8,0.229998,0.23682,34154.32898,0
30111,,10,1,1,2,1,1,2,9,0.221417,0.228333,0,0.5
27718,,10,2,1,3,2,1,3,9,0.221417,0.228333,15.14052,0.166667
12258,,24,3,3,6,3,3,6,9,0.221409,0.228644,10173.577411,0.033333
2334,,8,0,1,1,0,1,1,1,1,1,0,0
2335,,11,0,1,1,0,1,1,9,0.207593,0.213116,0,0
22337,,11,1,0,1,1,0,1,0,0,0,0,0
12463,,5,2,6,8,2,6,8,8,0.254485,0.26492,952.103377,0.125
33454,,7,1,1,2,1,1,2,9,0.223797,0.23047,0,0
27468,,9,1,2,3,1,2,3,2,0.75,0.833333,25993.159412,0
2338,,10,5,9,14,5,9,14,8,0.246362,0.255794,223977.666667,0
2339,,10,1,1,2,1,1,2,1,1,1,25976,0
4745,,10,1,1,2,1,1,2,9,0.197667,0.202348,0,0
6048,,10,1,1,2,1,1,2,9,0.197667,0.202348,0,0
25473,,10,1,1,2,1,1,2,9,0.197667,0.202348,0,0
6098,,10,1,0,1,1,0,1,0,0,0,0,0
5379,,11,2,10,12,2,10,12,8,0.266035,0.277857,84352.998082,0.068182
13740,,10,1,2,3,1,2,3,9,0.219417,0.226264,9.155981,0.166667
24381,,10,1,1,2,1,1,2,8,0.239021,0.246298,79.243117,0
26855,,10,4,1,5,4,1,5,10,0.189185,0.193344,382.56646,0
12357,,5,1,0,1,1,0,1,0,0,0,0,0
14853,,5,1,8,9,1,8,9,8,0.249924,0.260305,35.905716,0.178571
17622,,5,1,1,2,1,1,2,8,0.235019,0.242973,0,0
19397,,11,1,3,4,1,3,4,8,0.259787,0.270422,177.710461,0
20999,,5,1,0,1,1,0,1,0,0,0,0,0
21880,,5,1,0,1,1,0,1,0,0,0,0,0
26301,,5,1,0,1,1,0,1,0,0,0,0,0
27496,,5,1,0,1,1,0,1,0,0,0,0,0
34575,,5,1,0,1,1,0,1,0,0,0,0,0
2344,,12,0,1,1,0,1,1,8,0.234438,0.242011,0,0
4105,,11,1,3,4,1,3,4,9,0.220311,0.227405,2564.453895,0.416667
11198,,15,1,1,2,1,1,2,1,1,1,25976,0
10637,,10,3,1,4,3,1,4,9,0.200368,0.205528,41.913571,0
34381,,8,1,1,2,1,1,2,10,0.175811,0.179143,25974,0.5
2349,,1,1,5,6,1,5,6,8,0.23668,0.24513,26055.837941,0.066667
8522,,1,1,0,1,1,0,1,0,0,0,0,0
2351,,8,0,1,1,0,1,1,9,0.221099,0.227296,0,0
8879,,0,1,5,6,1,5,6,8,0.253068,0.263818,6.200677,0.35
28917,,0,2,2,4,2,2,4,8,0.239901,0.248262,485.730055,0.333333
22508,,0,1,2,3,1,2,3,9,0.225775,0.233422,0,1
17801,,10,1,0,1,1,0,1,0,0,0,0,0
21401,,16,1,2,3,1,2,3,8,0.260939,0.272293,31.298786,0.5
32192,,10,1,0,1,1,0,1,0,0,0,0,0
2356,,5,1,3,4,1,3,4,9,0.234487,0.242433,91.667489,0.083333
2360,,15,1,0,1,1,0,1,0,0,0,0,0
3448,,15,1,2,3,1,2,3,9,0.223181,0.230275,18.894566,0.666667
9393,,15,1,4,5,1,4,5,8,0.268158,0.279962,570.239989,0.1
3630,,15,1,3,4,1,3,4,9,0.223287,0.230459,18.894566,0.666667
2358,,7,0,1,1,0,1,1,8,0.233233,0.240201,0,0
2359,,0,0,2,2,0,2,2,8,0.230179,0.238322,0,0
29612,,8,1,0,1,1,0,1,0,0,0,0,0
2363,,8,2,3,5,2,3,5,8,0.247323,0.256053,866.317749,0.1
2365,,12,0,2,2,0,2,2,8,0.236847,0.244616,0,0
27078,,5,2,1,3,2,1,3,8,0.262753,0.273463,0,0.833333
2367,,5,0,2,2,0,2,2,8,0.250076,0.259881,0,0.5
2368,,16,0,1,1,0,1,1,8,0.235753,0.244207,0,0
2370,,16,0,4,4,0,4,4,8,0.242297,0.25194,0,0.083333
9717,,15,2,4,6,2,4,6,8,0.241195,0.250081,2654.333772,0.2
20250,,7,1,0,1,1,0,1,0,0,0,0,0
6344,,3,10,10,20,10,10,20,9,0.209595,0.215219,653040.751668,0.047794
14395,,3,6,7,13,6,7,13,9,0.215835,0.222127,308214.253746,0.090909
18982,,3,6,4,10,6,4,10,10,0.177555,0.181111,131147.170864,0.152778
19004,,3,5,0,5,5,0,5,0,0,0,0,0.15
26583,,7,1,0,1,1,0,1,0,0,0,0,0
2378,,2,0,4,4,0,4,4,8,0.264312,0.275812,0,0.083333
10135,,2,1,0,1,1,0,1,0,0,0,0,0
14835,,11,2,0,2,2,0,2,0,0,0,0,0
17920,,11,1,0,1,1,0,1,0,0,0,0,0
27804,,11,1,0,1,1,0,1,0,0,0,0,0
25467,,24,2,1,3,2,1,3,9,0.2119,0.218052,19098.528827,0.166667
9627,,6,1,2,3,1,2,3,8,0.223033,0.229682,44.56397,0
26890,,15,1,1,2,1,1,2,9,0.220856,0.227932,37.400192,0
13259,,10,2,1,3,2,1,3,9,0.214737,0.220701,0,0.833333
22432,,10,1,6,7,1,6,7,8,0.249447,0.258922,26073.030529,0.071429
2386,,6,0,1,1,0,1,1,9,0.217915,0.224606,0,0
2387,,8,0,1,1,0,1,1,9,0.19972,0.204573,0,0
2388,,11,0,1,1,0,1,1,9,0.192354,0.197022,0,0
2389,,21,0,1,1,0,1,1,1,1,1,0,0
2390,,16,0,1,1,0,1,1,9,0.219293,0.225533,0,0
2391,,11,1,3,4,1,3,4,8,0.260636,0.272424,144.321079,0.416667
11616,,8,1,1,2,1,1,2,9,0.220468,0.226964,0,0
19156,,8,1,1,2,1,1,2,9,0.220468,0.226964,0,0
24665,,8,2,0,2,2,0,2,0,0,0,0,0.5
30174,,8,2,2,4,2,2,4,8,0.234516,0.241945,18910.872325,0.083333
29584,,8,1,1,2,1,1,2,9,0.220468,0.226964,0,0
14858,,15,2,1,3,2,1,3,8,0.220722,0.227858,0,1
2400,,6,0,1,1,0,1,1,9,0.217915,0.224606,0,0
2402,,2,3,1,4,3,1,4,9,0.199213,0.203739,18831.391042,0
5340,,8,1,1,2,1,1,2,9,0.214466,0.220651,336.834808,0
6939,,8,1,1,2,1,1,2,9,0.224737,0.232043,0,0
24673,,8,1,1,2,1,1,2,9,0.193287,0.197616,0,0.5
2404,,0,0,1,1,0,1,1,10,0.182136,0.185536,0,0
16391,,0,1,3,4,1,3,4,8,0.228993,0.236799,27566.632642,0
2933,,11,1,0,1,1,0,1,0,0,0,0,0
2408,,9,2,2,4,2,2,4,9,0.224072,0.231353,4377.351512,0.25
2410,,11,2,3,5,2,3,5,8,0.225323,0.232268,371.706188,0.15
7582,,11,3,3,6,3,3,6,8,0.2443,0.253799,2614.635026,0
28573,,11,1,0,1,1,0,1,0,0,0,0,0
2412,,0,0,2,2,0,2,2,9,0.22261,0.230081,0,0.5
2414,,5,2,9,11,2,9,11,8,0.260265,0.271312,46489.771076,0.111111
2415,,9,1,2,3,1,2,3,10,0.164902,0.168052,132.467271,0.166667
17988,,16,2,2,4,2,2,4,8,0.236039,0.244372,52829.029197,0
2417,,5,1,2,3,1,2,3,8,0.227222,0.234007,27.974771,0.5
11626,,5,1,0,1,1,0,1,0,0,0,0,0
6538,,5,1,2,3,1,2,3,8,0.227216,0.233993,0,1
24224,,5,1,3,4,1,3,4,9,0.211795,0.217749,345.927491,0.333333
20390,,11,1,1,2,1,1,2,8,0.246111,0.25505,0,1
2421,,11,0,1,1,0,1,1,8,0.246659,0.25616,0,0
23194,,1,1,0,1,1,0,1,0,0,0,0,0
22583,,11,3,0,3,3,0,3,0,0,0,0,0.5
2425,,16,1,2,3,1,2,3,9,0.196198,0.200522,0,1
10553,,16,2,1,3,2,1,3,9,0.19619,0.200469,0,1
10602,,16,1,2,3,1,2,3,9,0.196192,0.200496,0,1
19385,,16,1,0,1,1,0,1,0,0,0,0,0
21659,,16,1,0,1,1,0,1,0,0,0,0,0
24922,,16,1,0,1,1,0,1,0,0,0,0,0
2429,,24,0,1,1,0,1,1,9,0.209524,0.215496,0,0
2431,,8,1,12,13,1,12,13,8,0.269812,0.282333,18828,0.102564
6682,,16,2,1,3,2,1,3,8,0.221262,0.228206,18827,0.166667
21432,,8,1,2,3,1,2,3,8,0.249609,0.258698,26126.46101,0
2434,,5,2,0,2,2,0,2,0,0,0,0,0
7308,,10,2,2,4,2,2,4,9,0.216016,0.222379,579.214537,0
3200,,0,1,4,5,1,4,5,8,0.249245,0.258765,26783.770126,0.05
20600,,15,2,3,5,2,3,5,9,0.223192,0.23032,17816.876421,0.2
5499,,1,1,0,1,1,0,1,0,0,0,0,0
2742,,1,2,1,3,2,1,3,9,0.214642,0.220502,143.936817,0
25761,,1,1,0,1,1,0,1,0,0,0,0,0
27348,,10,1,1,2,1,1,2,9,0.195829,0.200681,0,0
12744,,8,1,0,1,1,0,1,0,0,0,0,0
13416,,8,3,2,5,3,2,5,9,0.232279,0.24036,1075.317006,0.05
13883,,8,1,0,1,1,0,1,0,0,0,0,0
6852,,11,1,0,1,1,0,1,0,0,0,0,0
21679,,11,1,1,2,1,1,2,8,0.234102,0.241429,0,0
26285,,11,1,1,2,1,1,2,8,0.234102,0.241429,0,0
29594,,11,1,0,1,1,0,1,0,0,0,0,0
29359,,11,2,1,3,2,1,3,1,1,1,25976,0
6356,,7,2,12,14,2,12,14,8,0.281793,0.29601,1757.426167,0.120879
9724,,7,4,2,6,4,2,6,9,0.219884,0.226895,1274.078287,0.166667
32008,,7,1,0,1,1,0,1,0,0,0,0,0
2451,,2,0,1,1,0,1,1,9,0.212104,0.218034,0,0
15725,,16,1,0,1,1,0,1,0,0,0,0,0
8818,,16,3,2,5,3,2,5,9,0.234741,0.243266,27108.585949,0.4
13317,,8,1,0,1,1,0,1,0,0,0,0,0
35713,,8,1,0,1,1,0,1,0,0,0,0,0
5047,,7,8,0,8,8,0,8,0,0,0,0,0.017857
2461,,30,0,1,1,0,1,1,1,1,1,0,0
2462,,30,1,0,1,1,0,1,0,0,0,0,0
2464,,6,0,1,1,0,1,1,9,0.217613,0.224061,0,0
2465,,6,0,2,2,0,2,2,10,0.179303,0.183053,0,0
2466,,6,1,1,2,1,1,2,9,0.218454,0.225285,18827,0
2504,,6,1,0,1,1,0,1,0,0,0,0,0
2468,,8,1,2,3,1,2,3,9,0.227153,0.234279,14.47511,0.333333
20369,,8,1,0,1,1,0,1,0,0,0,0,0
2470,,21,0,2,2,0,2,2,9,0.222266,0.229404,0,0
2471,,21,0,1,1,0,1,1,1,1,1,0,0
2472,,11,0,1,1,0,1,1,8,0.240389,0.248209,0,0
2473,,0,0,5,5,0,5,5,8,0.241971,0.251015,0,0.35
2475,,16,2,1,3,2,1,3,1,1,1,8780.806723,0
2476,,16,4,0,4,4,0,4,0,0,0,0,0.083333
29935,,8,2,2,4,2,2,4,8,0.263725,0.274642,320.518849,0.166667
31891,,8,2,0,2,2,0,2,0,0,0,0,0
24633,,15,2,0,2,2,0,2,0,0,0,0,0
21250,,15,6,4,10,6,4,10,9,0.200443,0.205433,61786.165897,0
2485,,16,0,3,3,0,3,3,9,0.229799,0.237603,0,0.333333
20286,,10,2,2,4,2,2,4,9,0.197733,0.20268,46.235165,0.5
32439,,10,2,0,2,2,0,2,0,0,0,0,0
2487,,8,0,1,1,0,1,1,8,0.262756,0.273466,0,0
6618,,0,2,3,5,2,3,5,9,0.211033,0.217306,25979.7,0.3
2712,,0,1,3,4,1,3,4,9,0.213241,0.219558,0.666667,0.666667
2489,,16,0,1,1,0,1,1,9,0.227396,0.235291,0,0
9161,,8,1,2,3,1,2,3,9,0.199002,0.203815,25975,0
21984,,8,2,1,3,2,1,3,9,0.198998,0.20378,18826,0
2491,,11,0,1,1,0,1,1,8,0.237376,0.246856,0,0
18215,,16,2,2,4,2,2,4,8,0.226369,0.233939,375.883092,0.416667
29003,,11,1,0,1,1,0,1,0,0,0,0,0
7971,,11,1,1,2,1,1,2,1,1,1,25976,0
3296,,13,1,1,2,1,1,2,9,0.190867,0.195031,0,0
33820,,13,1,0,1,1,0,1,0,0,0,0,0
2495,,8,0,3,3,0,3,3,9,0.23894,0.248285,0,0
2497,,7,0,4,4,0,4,4,8,0.267008,0.27871,0,0.25
2498,,6,0,2,2,0,2,2,8,0.256715,0.267688,0,1
8668,,0,1,2,3,1,2,3,8,0.229264,0.237087,0,1
13793,,0,1,0,1,1,0,1,0,0,0,0,0
19158,,0,1,1,2,1,1,2,9,0.1922,0.19697,0,0
19291,,0,1,1,2,1,1,2,9,0.1922,0.19697,0,0
25864,,0,1,0,1,1,0,1,0,0,0,0,0
25865,,0,1,0,1,1,0,1,0,0,0,0,0
25866,,0,1,0,1,1,0,1,0,0,0,0,0
25959,,0,1,0,1,1,0,1,0,0,0,0,0
2501,,13,0,1,1,0,1,1,1,1,1,0,0
2502,,8,0,4,4,0,4,4,8,0.26319,0.274112,0,0.416667
21739,,11,2,0,2,2,0,2,0,0,0,0,0
26897,,11,1,0,1,1,0,1,0,0,0,0,0
30714,,11,1,1,2,1,1,2,10,0.192473,0.19703,0,0
22279,,11,3,1,4,3,1,4,10,0.192475,0.197038,132.849689,0.5
20422,,11,2,1,3,2,1,3,8,0.234513,0.24306,18933.923438,0
26072,,11,1,0,1,1,0,1,0,0,0,0,0
26480,,11,1,1,2,1,1,2,9,0.202574,0.208139,0,0
2513,,11,0,1,1,0,1,1,8,0.238528,0.246408,0,0
13705,,12,2,0,2,2,0,2,0,0,0,0,0
2517,,7,0,1,1,0,1,1,9,0.20921,0.214873,0,0
23796,,0,1,0,1,1,0,1,0,0,0,0,0
2519,,16,0,1,1,0,1,1,8,0.232025,0.239654,0,0
2520,,11,0,1,1,0,1,1,8,0.235824,0.242716,0,0
6685,,11,1,1,2,1,1,2,9,0.208091,0.213257,1452.920026,0
6870,,11,1,0,1,1,0,1,0,0,0,0,0
8441,,11,1,0,1,1,0,1,0,0,0,0,0
10053,,11,1,1,2,1,1,2,8,0.235817,0.242702,0,0
11148,,11,1,1,2,1,1,2,8,0.235817,0.242702,0,0
12124,,11,1,0,1,1,0,1,0,0,0,0,0
12141,,11,1,0,1,1,0,1,0,0,0,0,0
12074,,11,1,1,2,1,1,2,8,0.235817,0.242702,0,0
14334,,11,1,1,2,1,1,2,8,0.235817,0.242702,0,0
14343,,11,3,2,5,3,2,5,9,0.226192,0.233311,108459.94235,0.05
18750,,11,1,0,1,1,0,1,0,0,0,0,0
19804,,11,1,0,1,1,0,1,0,0,0,0,0
31303,,11,1,1,2,1,1,2,8,0.235817,0.242702,0,0
31310,,11,1,0,1,1,0,1,0,0,0,0,0
32745,,11,2,0,2,2,0,2,0,0,0,0,0
33245,,11,1,0,1,1,0,1,0,0,0,0,0
34345,,11,1,0,1,1,0,1,0,0,0,0,0
34548,,11,1,0,1,1,0,1,0,0,0,0,0
35422,,11,1,1,2,1,1,2,8,0.235817,0.242702,0,0
7460,,7,1,3,4,1,3,4,9,0.251866,0.26231,941.006395,0.166667
11497,,11,11,14,25,11,14,25,8,0.276296,0.289529,55340.144238,0.119048
8886,,10,2,5,7,2,5,7,8,0.237771,0.245561,19866.798936,0.071429
19141,,3,11,3,14,11,3,14,9,0.219563,0.226383,34839.122384,0.081818
28718,,8,1,1,2,1,1,2,10,0.189153,0.19322,6446.525968,0
31969,,15,1,1,2,1,1,2,9,0.190759,0.195322,0,0
10813,,2,2,0,2,2,0,2,0,0,0,0,0
33844,,2,1,0,1,1,0,1,0,0,0,0,0
8949,,10,1,0,1,1,0,1,0,0,0,0,0
32826,,10,3,0,3,3,0,3,0,0,0,0,0.333333
14718,,10,1,0,1,1,0,1,0,0,0,0,0
11478,,5,1,7,8,1,7,8,8,0.261938,0.27283,815.854835,0.333333
17928,,0,1,1,2,1,1,2,9,0.186296,0.19034,25970,0
2535,,7,0,4,4,0,4,4,8,0.249285,0.258451,0,0.083333
17554,,7,3,3,6,3,3,6,8,0.242481,0.251118,26125.354222,0.25
2536,,10,0,1,1,0,1,1,9,0.220762,0.22725,0,0
11190,,10,1,2,3,1,2,3,9,0.22076,0.227271,25975,0
2540,,11,0,1,1,0,1,1,9,0.211863,0.218335,0,0
2541,,8,1,8,9,1,8,9,8,0.275082,0.288231,8363.662455,0.125
17160,,8,3,1,4,3,1,4,1,1,1,25975,0
26099,,8,1,0,1,1,0,1,0,0,0,0,0
4787,,11,1,1,2,1,1,2,9,0.224442,0.231453,0,0
5941,,11,2,3,5,2,3,5,8,0.233388,0.241168,452.6632,0.25
7045,,11,1,0,1,1,0,1,0,0,0,0,0
8893,,11,1,0,1,1,0,1,0,0,0,0,0
14101,,11,1,1,2,1,1,2,9,0.224442,0.231453,0,0
6614,,11,3,6,9,3,6,9,9,0.235231,0.243575,565.372023,0.266667
6991,,7,1,2,3,1,2,3,8,0.253798,0.263183,12.222995,0
2546,,11,0,1,1,0,1,1,1,1,1,0,0
11286,,0,1,0,1,1,0,1,0,0,0,0,0
14138,,11,2,0,2,2,0,2,0,0,0,0,0
20507,,11,1,0,1,1,0,1,0,0,0,0,0
31294,,2,1,1,2,1,1,2,8,0.261476,0.272569,383.791737,0
32980,,8,1,1,2,1,1,2,9,0.198884,0.203512,19.867001,0
34125,,11,3,1,4,3,1,4,8,0.238144,0.247409,0,0.666667
2550,,18,1,1,2,1,1,2,10,0.175504,0.178832,0,0.5
2551,,18,4,1,5,4,1,5,9,0.212855,0.218899,18825,0.35
2554,,18,2,2,4,2,2,4,9,0.21286,0.218934,2,0.416667
2556,,16,0,2,2,0,2,2,8,0.235117,0.243487,0,0
12705,,16,2,1,3,2,1,3,9,0.226511,0.233978,19012.621279,0
15614,,1,3,12,15,3,12,15,7,0.295653,0.310243,60063.669426,0.166667
7890,,7,1,4,5,1,4,5,9,0.247492,0.257408,27.905055,0.083333
17916,,7,1,2,3,1,2,3,9,0.213077,0.219206,10.476083,0
2559,,6,0,1,1,0,1,1,9,0.217915,0.224606,0,0
8588,,15,1,0,1,1,0,1,0,0,0,0,0
2566,,12,0,4,4,0,4,4,8,0.237475,0.245744,0,0.666667
35601,,11,1,0,1,1,0,1,0,0,0,0,0
34378,,10,1,0,1,1,0,1,0,0,0,0,0
2570,,11,0,1,1,0,1,1,9,0.221523,0.228343,0,0
4740,,0,1,1,2,1,1,2,10,0.172633,0.176004,0,0.5
6546,,0,8,7,15,8,7,15,9,0.208645,0.214786,262099.007637,0.037879
3572,,11,1,1,2,1,1,2,9,0.221516,0.228329,0,0
8920,,11,2,0,2,2,0,2,0,0,0,0,0
11717,,11,1,1,2,1,1,2,9,0.221516,0.228329,0,0
11633,,0,2,1,3,2,1,3,9,0.221516,0.228329,13984.7928,0
13969,,15,2,0,2,2,0,2,0,0,0,0,1
14692,,11,1,0,1,1,0,1,0,0,0,0,0
12232,,11,1,1,2,1,1,2,9,0.221516,0.228329,0,0
7048,,0,4,19,23,4,19,23,8,0.240195,0.250865,367781.124626,0.047368
2573,,16,1,3,4,1,3,4,9,0.231982,0.239983,18770.676786,0.083333
17635,,7,1,0,1,1,0,1,0,0,0,0,0
27474,,7,10,4,14,10,4,14,11,0.144336,0.146282,189531.402881,0.064103
28637,,7,3,5,8,3,5,8,8,0.241022,0.249797,71605.129546,0.095238
2575,,18,11,5,16,11,5,16,1,1,1,52,0
2576,,18,1,0,1,1,0,1,0,0,0,0,0
14925,,18,1,0,1,1,0,1,0,0,0,0,0
14033,,18,1,1,2,1,1,2,2,0.555556,0.6,0,0
21002,,18,1,1,2,1,1,2,2,0.555556,0.6,0,0
23044,,18,1,1,2,1,1,2,2,0.555556,0.6,0,0
2577,,12,0,2,2,0,2,2,8,0.234441,0.242038,0,1
31309,,7,5,0,5,5,0,5,0,0,0,0,0.05
2581,,10,1,3,4,1,3,4,9,0.22111,0.228447,485.113681,0.083333
7142,,7,2,4,6,2,4,6,8,0.254258,0.263989,71.542228,0.133333
8283,,5,1,1,2,1,1,2,8,0.251664,0.260845,0,0.5
16838,,7,1,0,1,1,0,1,0,0,0,0,0
16428,,7,2,18,20,2,18,20,8,0.260838,0.272669,96748.413954,0.19883
20397,,7,2,1,3,2,1,3,9,0.207609,0.212854,0,0.333333
4153,,7,3,11,14,3,11,14,8,0.270741,0.283206,22721.661288,0.164835
2584,,8,0,2,2,0,2,2,8,0.239258,0.248236,0,1
2586,,10,0,3,3,0,3,3,9,0.222881,0.229911,0,0.166667
2587,,10,1,2,3,1,2,3,9,0.233209,0.240715,15.656491,0.333333
9372,,15,5,3,8,5,3,8,8,0.23075,0.238098,24170.425237,0
2589,,11,0,2,2,0,2,2,1,1,1,0,0
2591,,2,0,2,2,0,2,2,8,0.261482,0.272603,0,0
2592,,1,0,2,2,0,2,2,10,0.184378,0.188027,0,0.5
4658,,8,1,0,1,1,0,1,0,0,0,0,0
6591,,15,1,1,2,1,1,2,9,0.207141,0.212496,607.637209,0
4001,,15,2,1,3,2,1,3,9,0.216775,0.223046,123.539456,0.5
6193,,6,1,8,9,1,8,9,9,0.229611,0.237645,28856.314898,0.027778
25798,,15,1,1,2,1,1,2,9,0.215526,0.221808,0,0
19330,,2,3,2,5,3,2,5,9,0.216665,0.223016,26074.237317,0.1
25120,,8,1,3,4,1,3,4,9,0.230553,0.238266,346.221362,0
9606,,9,2,0,2,2,0,2,0,0,0,0,0
18929,,11,1,0,1,1,0,1,0,0,0,0,0
20236,,11,5,4,9,5,4,9,8,0.232494,0.239642,9888.173199,0.4
20665,,11,3,2,5,3,2,5,9,0.228829,0.235882,387.683109,0.5
24850,,11,3,2,5,3,2,5,8,0.232489,0.239589,0,1
20028,,11,2,2,4,2,2,4,9,0.228829,0.235882,8.25159,0.5
17948,,5,2,1,3,2,1,3,9,0.220466,0.227386,18999.501009,0
2601,,11,1,0,1,1,0,1,0,0,0,0,0
8898,,11,1,1,2,1,1,2,8,0.207066,0.212159,0,0
4571,,11,4,3,7,4,3,7,8,0.244494,0.254622,22712.144293,0.033333
19341,,11,1,1,2,1,1,2,8,0.207066,0.212159,0,0
30690,,11,1,0,1,1,0,1,0,0,0,0,0
2603,,9,1,9,10,1,9,10,8,0.26319,0.274371,292.243172,0.180556
10626,,15,3,2,5,3,2,5,9,0.210565,0.216441,26311.752307,0
17545,,7,4,4,8,4,4,8,8,0.24302,0.252015,19562.142534,0.166667
31414,,8,1,0,1,1,0,1,0,0,0,0,0
13922,,5,1,0,1,1,0,1,0,0,0,0,0
2612,,6,0,1,1,0,1,1,12,0.133072,0.134495,0,0
2615,,16,0,1,1,0,1,1,8,0.232025,0.239654,0,0
5436,,10,3,5,8,3,5,8,8,0.241192,0.249717,28522.125095,0.233333
17671,,8,6,10,16,6,10,16,8,0.270551,0.283322,99911.292732,0.133333
2618,,8,0,2,2,0,2,2,9,0.225933,0.233431,0,0.5
7917,,8,1,2,3,1,2,3,9,0.212901,0.218904,0,1
8735,,8,1,0,1,1,0,1,0,0,0,0,0
25140,,8,1,0,1,1,0,1,0,0,0,0,0
16121,,19,1,0,1,1,0,1,0,0,0,0,0
2627,,7,0,1,1,0,1,1,8,0.244345,0.253397,0,0
2632,,0,0,22,22,0,22,22,8,0.268403,0.2815,0,0.155844
12305,,0,1,2,3,1,2,3,8,0.231432,0.238752,4.220033,0.166667
33448,,0,1,0,1,1,0,1,0,0,0,0,0
16875,,7,1,0,1,1,0,1,0,0,0,0,0
2636,,5,0,1,1,0,1,1,9,0.21249,0.218584,0,0
12184,,8,2,0,2,2,0,2,0,0,0,0,0
33778,,5,1,0,1,1,0,1,0,0,0,0,0
2638,,8,0,2,2,0,2,2,8,0.254216,0.263704,0,0
24918,,10,1,3,4,1,3,4,9,0.201348,0.206255,7823.633219,0
9632,,11,1,2,3,1,2,3,9,0.228868,0.236902,0,1
2642,,8,0,3,3,0,3,3,9,0.214533,0.220821,0,0
6888,,15,1,0,1,1,0,1,0,0,0,0,0
2645,,10,3,14,17,3,14,17,8,0.266994,0.278723,90336.609182,0.079167
6770,,10,4,3,7,4,3,7,9,0.21078,0.216375,45229.943231,0.066667
16739,,10,1,0,1,1,0,1,0,0,0,0,0
32448,,10,2,0,2,2,0,2,0,0,0,0,0
5278,,7,3,3,6,3,3,6,9,0.199398,0.204127,18938.626473,0
8970,,10,1,0,1,1,0,1,0,0,0,0,0
9809,,11,1,4,5,1,4,5,8,0.243743,0.252206,750.507455,0.3
9998,,10,1,0,1,1,0,1,0,0,0,0,0
5701,,10,1,1,2,1,1,2,8,0.238234,0.246373,32.358595,0
11317,,10,1,0,1,1,0,1,0,0,0,0,0
8982,,16,5,3,8,5,3,8,9,0.214049,0.220045,63947.86744,0.033333
12973,,10,1,0,1,1,0,1,0,0,0,0,0
5665,,2,1,1,2,1,1,2,9,0.223885,0.231047,37.622861,0
13370,,10,1,0,1,1,0,1,0,0,0,0,0
17262,,10,1,1,2,1,1,2,8,0.233826,0.241427,0,0
22481,,10,1,0,1,1,0,1,0,0,0,0,0
25982,,10,1,0,1,1,0,1,0,0,0,0,0
32197,,16,1,1,2,1,1,2,8,0.257548,0.268692,146.109877,0
31092,,0,2,0,2,2,0,2,0,0,0,0,0
8745,,15,2,0,2,2,0,2,0,0,0,0,0
2654,,7,0,1,1,0,1,1,8,0.247779,0.256716,0,0
2657,,13,0,1,1,0,1,1,9,0.195066,0.199384,0,0
17157,,5,2,2,4,2,2,4,9,0.228404,0.235909,0.927273,0.666667
2928,,6,4,8,12,4,8,12,8,0.258375,0.269883,10743.526751,0.218182
2661,,8,0,1,1,0,1,1,8,0.239548,0.247677,0,0
2664,,12,0,2,2,0,2,2,8,0.242351,0.250452,0,0
2666,,8,0,2,2,0,2,2,9,0.213325,0.219217,0,0
2667,,0,1,7,8,1,7,8,8,0.270275,0.283225,1863.802965,0.160714
2668,,15,0,2,2,0,2,2,8,0.224142,0.231488,0,0
20406,,10,1,1,2,1,1,2,9,0.206086,0.211844,151.720671,0
2670,,6,0,1,1,0,1,1,10,0.165823,0.168611,0,0
2671,,6,5,4,9,5,4,9,9,0.198775,0.203691,20556.134038,0.071429
2672,,7,0,2,2,0,2,2,8,0.250436,0.260171,0,0.5
2891,,11,1,4,5,1,4,5,8,0.238189,0.24794,1745.743734,0.1
2675,,7,0,9,9,0,9,9,8,0.272149,0.284412,0,0.319444
2677,,11,2,2,4,2,2,4,9,0.227134,0.2341,4625.640066,0.166667
13455,,11,3,4,7,3,4,7,9,0.23477,0.243534,26587.372662,0.266667
27977,,0,1,0,1,1,0,1,0,0,0,0,0
2680,,8,1,0,1,1,0,1,0,0,0,0,0
2682,,11,1,3,4,1,3,4,8,0.258649,0.269968,18851.135338,0.166667
14008,,11,2,1,3,2,1,3,9,0.205499,0.210991,26000.135338,0
2683,,5,0,2,2,0,2,2,8,0.252025,0.261289,0,0.5
2685,,7,0,3,3,0,3,3,8,0.270278,0.282087,0,0.666667
2686,,10,0,1,1,0,1,1,9,0.222352,0.229209,0,0
3634,,15,1,0,1,1,0,1,0,0,0,0,0
27136,,15,1,0,1,1,0,1,0,0,0,0,0
30091,,8,1,0,1,1,0,1,0,0,0,0,0
30755,,8,2,0,2,2,0,2,0,0,0,0,0
31886,,8,1,0,1,1,0,1,0,0,0,0,0
3871,,16,1,0,1,1,0,1,0,0,0,0,0
10882,,16,2,0,2,2,0,2,0,0,0,0,0.5
20470,,16,2,1,3,2,1,3,9,0.210714,0.216559,27.652568,0.333333
28075,,16,1,0,1,1,0,1,0,0,0,0,0
21319,,16,4,4,8,4,4,8,8,0.263315,0.274698,248.931881,0.65
5218,,11,1,2,3,1,2,3,9,0.225186,0.232184,0,1
17623,,11,1,0,1,1,0,1,0,0,0,0,0
2698,,8,0,1,1,0,1,1,9,0.220475,0.226978,0,0
2700,,11,0,2,2,0,2,2,9,0.218205,0.224558,0,0
2701,,11,1,0,1,1,0,1,0,0,0,0,0
12767,,6,1,2,3,1,2,3,8,0.241749,0.249878,0,1
18567,,6,1,0,1,1,0,1,0,0,0,0,0
2703,,8,0,1,1,0,1,1,8,0.262756,0.273466,0,0
2705,,5,0,1,1,0,1,1,9,0.212622,0.218545,0,0
2706,,8,0,1,1,0,1,1,9,0.220516,0.227424,0,0
19755,,10,1,1,2,1,1,2,9,0.2297,0.237709,0,1
21835,,15,2,0,2,2,0,2,0,0,0,0,0
3339,,15,2,6,8,2,6,8,8,0.240548,0.249487,54112.073214,0.035714
19953,,15,1,3,4,1,3,4,9,0.211659,0.217746,17651.353769,0.166667
18466,,7,3,0,3,3,0,3,0,0,0,0,0
2719,,8,0,2,2,0,2,2,8,0.251486,0.260703,0,0
2721,,2,0,1,1,0,1,1,8,0.261475,0.272568,0,0
2722,,6,0,1,1,0,1,1,8,0.247395,0.256736,0,0
26789,,8,1,0,1,1,0,1,0,0,0,0,0
31718,,8,1,0,1,1,0,1,0,0,0,0,0
25000,,8,1,1,2,1,1,2,8,0.247064,0.255643,0,0.5
20538,,11,2,0,2,2,0,2,0,0,0,0,0
32765,,11,3,6,9,3,6,9,8,0.238162,0.246939,121936.363949,0.035714
34501,,8,1,0,1,1,0,1,0,0,0,0,0
3407,,7,2,3,5,2,3,5,8,0.273015,0.285834,26193.235879,0.1
35695,,8,1,0,1,1,0,1,0,0,0,0,0
3840,,16,3,4,7,3,4,7,9,0.234773,0.243373,123277.4476,0.1
15572,,16,1,0,1,1,0,1,0,0,0,0,0
11685,,16,4,5,9,4,5,9,9,0.229487,0.237093,45017.369947,0.089286
11310,,16,1,3,4,1,3,4,9,0.239252,0.248202,7.935309,0.666667
26935,,16,1,0,1,1,0,1,0,0,0,0,0
27118,,16,1,0,1,1,0,1,0,0,0,0,0
10193,,16,1,1,2,1,1,2,8,0.257545,0.26869,0,0.5
28197,,16,1,0,1,1,0,1,0,0,0,0,0
28360,,16,1,0,1,1,0,1,0,0,0,0,0
33484,,16,1,0,1,1,0,1,0,0,0,0,0
5079,,11,1,0,1,1,0,1,0,0,0,0,0
15031,,11,6,1,7,6,1,7,8,0.24443,0.254489,20426.276568,0.166667
15608,,11,2,2,4,2,2,4,9,0.222201,0.228871,92.449778,0
17068,,5,4,3,7,4,3,7,9,0.237139,0.245362,26446.617,0
17149,,7,2,0,2,2,0,2,0,0,0,0,0
2741,,8,1,0,1,1,0,1,0,0,0,0,0
15390,,21,2,3,5,2,3,5,9,0.22003,0.226263,19422.035181,0
13959,,2,2,2,4,2,2,4,9,0.207433,0.212843,19089.961221,0
2745,,18,1,2,3,1,2,3,9,0.212892,0.219001,0.709957,0.666667
2746,,11,0,1,1,0,1,1,9,0.21914,0.22575,0,0
2749,,10,1,2,3,1,2,3,8,0.233087,0.240949,126.188696,0.166667
3363,,6,2,3,5,2,3,5,8,0.234443,0.242541,3954.284222,0.1
24831,,6,1,0,1,1,0,1,0,0,0,0,0
25837,,6,1,1,2,1,1,2,10,0.179979,0.183693,0,0
14041,,15,2,4,6,2,4,6,9,0.220546,0.227543,18871.432455,0.05
2757,,16,1,0,1,1,0,1,0,0,0,0,0
2761,,1,0,9,9,0,9,9,8,0.278863,0.292485,0,0.25
10440,,1,2,0,2,2,0,2,0,0,0,0,0
13071,,7,3,0,3,3,0,3,0,0,0,0,0.333333
16631,,8,1,5,6,1,5,6,8,0.239852,0.247697,25983.718585,0.15
24919,,7,2,3,5,2,3,5,8,0.259311,0.269893,51945,0.333333
29618,,7,1,0,1,1,0,1,0,0,0,0,0
30029,,7,1,2,3,1,2,3,8,0.25898,0.269346,62.082769,0.166667
14296,,8,1,2,3,1,2,3,9,0.209268,0.214938,11.393665,0
34796,,7,1,0,1,1,0,1,0,0,0,0,0
2770,,2,0,1,1,0,1,1,8,0.261475,0.272568,0,0
26316,,8,2,2,4,2,2,4,8,0.249655,0.25873,219.766481,0.083333
2773,,24,0,1,1,0,1,1,9,0.231745,0.239907,0,0
29090,,7,1,0,1,1,0,1,0,0,0,0,0
30834,,16,1,3,4,1,3,4,8,0.241035,0.249197,68.972562,0.166667
32635,,7,1,1,2,1,1,2,9,0.207104,0.212436,18.957772,0
35715,,7,1,0,1,1,0,1,0,0,0,0,0
2781,,16,0,1,1,0,1,1,8,0.257544,0.268689,0,0
15409,,7,1,0,1,1,0,1,0,0,0,0,0
8775,,8,8,4,12,8,4,12,9,0.236279,0.244587,46053.520502,0.272727
8367,,7,2,6,8,2,6,8,9,0.253583,0.264526,54167.092816,0.053571
13087,,5,2,2,4,2,2,4,8,0.233582,0.241151,155917.54175,0
24185,,7,1,0,1,1,0,1,0,0,0,0,0
23824,,1,1,2,3,1,2,3,8,0.23242,0.239677,60.998502,0
26734,,1,2,2,4,2,2,4,9,0.188596,0.192421,25984.095308,0
29191,,7,1,0,1,1,0,1,0,0,0,0,0
29491,,7,1,0,1,1,0,1,0,0,0,0,0
20553,,5,4,13,17,4,13,17,8,0.254096,0.264078,45704.055004,0.180952
11509,,5,1,1,2,1,1,2,9,0.229916,0.237282,0,1
5534,,5,3,7,10,3,7,10,8,0.266284,0.27848,19821.820335,0.138889
7493,,5,1,0,1,1,0,1,0,0,0,0,0
9679,,5,1,1,2,1,1,2,9,0.212541,0.218277,0,0.5
12638,,5,1,0,1,1,0,1,0,0,0,0,0
31201,,5,1,0,1,1,0,1,0,0,0,0,0
23147,,0,2,0,2,2,0,2,0,0,0,0,0.5
25056,,0,2,1,3,2,1,3,9,0.221298,0.228374,253.396467,0
28249,,0,1,0,1,1,0,1,0,0,0,0,0
2788,,7,0,1,1,0,1,1,9,0.226164,0.233246,0,0
2794,,24,3,3,6,3,3,6,8,0.262775,0.273536,24732.839513,0.033333
2795,,8,0,2,2,0,2,2,8,0.264748,0.275902,0,0.5
7875,,8,3,2,5,3,2,5,9,0.240085,0.248711,8.405669,0.583333
2799,,0,0,1,1,0,1,1,9,0.1882,0.192499,0,0
8106,,7,1,0,1,1,0,1,0,0,0,0,0
2803,,11,0,1,1,0,1,1,8,0.244433,0.254493,0,0
17386,,11,1,0,1,1,0,1,0,0,0,0,0
25502,,11,5,2,7,5,2,7,8,0.241551,0.250037,2574.805777,0.095238
29218,,11,1,3,4,1,3,4,8,0.244818,0.253147,238.768805,0.166667
15772,,11,6,2,8,6,2,8,8,0.240259,0.248769,19443.346511,0.053571
5601,,6,2,2,4,2,2,4,9,0.226595,0.23357,0,1
6282,,6,1,0,1,1,0,1,0,0,0,0,0
23508,,6,1,1,2,1,1,2,8,0.261476,0.272569,0,0.5
5600,,6,2,3,5,2,3,5,8,0.263625,0.274496,3559.556686,0.333333
30286,,6,1,0,1,1,0,1,0,0,0,0,0
11453,,16,1,1,2,1,1,2,8,0.234943,0.243153,1093.980556,0
2810,,2,0,1,1,0,1,1,8,0.261475,0.272568,0,0
2811,,16,0,2,2,0,2,2,9,0.210715,0.216584,0,0.5
2812,,8,0,5,5,0,5,5,8,0.26637,0.278101,0,0.45
16084,,8,2,1,3,2,1,3,8,0.246853,0.256509,56.673294,0
28072,,7,2,0,2,2,0,2,0,0,0,0,0.5
2820,,9,0,4,4,0,4,4,8,0.240055,0.248455,0,0.5
13570,,9,51,6,57,51,6,57,9,0.211395,0.217462,139105.65415,0.024808
31727,,8,3,0,3,3,0,3,0,0,0,0,0
3094,,6,1,2,3,1,2,3,9,0.224734,0.232222,0,1
3435,,6,1,0,1,1,0,1,0,0,0,0,0
4684,,6,1,0,1,1,0,1,0,0,0,0,0
6262,,6,1,0,1,1,0,1,0,0,0,0,0
11090,,6,1,0,1,1,0,1,0,0,0,0,0
2825,,8,1,2,3,1,2,3,8,0.248371,0.257093,24.681003,0.333333
13724,,8,1,0,1,1,0,1,0,0,0,0,0
4893,,8,1,3,4,1,3,4,8,0.264444,0.275445,0,0.5
28201,,8,1,2,3,1,2,3,8,0.265289,0.276307,0,0.666667
4228,,11,1,1,2,1,1,2,9,0.199303,0.204532,0,0
9771,,11,1,0,1,1,0,1,0,0,0,0,0
14210,,11,1,0,1,1,0,1,0,0,0,0,0
17027,,8,1,0,1,1,0,1,0,0,0,0,0
2828,,11,1,3,4,1,3,4,10,0.193951,0.198227,0,0.416667
24141,,15,2,0,2,2,0,2,0,0,0,0,0
5435,,10,1,2,3,1,2,3,9,0.20925,0.214894,25975,0
10208,,10,1,0,1,1,0,1,0,0,0,0,0
2837,,11,1,3,4,1,3,4,9,0.222288,0.229662,37650,0.333333
7910,,10,4,1,5,4,1,5,10,0.178304,0.181863,18850.088384,0
2840,,8,5,12,17,5,12,17,8,0.285065,0.299416,66367.275701,0.095833
23180,,8,1,0,1,1,0,1,0,0,0,0,0
2841,,7,0,1,1,0,1,1,9,0.246124,0.25571,0,0
4530,,8,1,5,6,1,5,6,8,0.263168,0.274039,52087.579484,0.066667
16598,,8,1,3,4,1,3,4,8,0.251937,0.262328,1593.990131,0.25
27027,,21,1,1,2,1,1,2,9,0.221965,0.229191,0,1
2845,,7,1,1,2,1,1,2,11,0.151943,0.153882,0,0
2847,,19,1,0,1,1,0,1,0,0,0,0,0
14730,,8,1,0,1,1,0,1,0,0,0,0,0
15709,,121,1,5,6,1,5,6,9,0.214896,0.221032,1237.786152,0.2
16455,,8,1,3,4,1,3,4,9,0.221994,0.229299,267.227682,0
21011,,8,2,0,2,2,0,2,0,0,0,0,0
21012,,8,2,0,2,2,0,2,0,0,0,0,0
2853,,16,0,1,1,0,1,1,8,0.257544,0.268689,0,0
2857,,15,0,1,1,0,1,1,9,0.201062,0.205746,0,0
4974,,1,1,1,2,1,1,2,9,0.210353,0.216124,192.639582,0
29577,,15,1,0,1,1,0,1,0,0,0,0,0
2863,,8,1,0,1,1,0,1,0,0,0,0,0
2864,,11,0,1,1,0,1,1,9,0.217729,0.224141,0,0
2866,,8,0,3,3,0,3,3,8,0.263525,0.274378,0,0.333333
3862,,11,1,0,1,1,0,1,0,0,0,0,0
19436,,15,3,0,3,3,0,3,0,0,0,0,0.166667
3041,,10,2,4,6,2,4,6,8,0.241474,0.250386,2567.049724,0.1
2870,,0,0,2,2,0,2,2,9,0.197321,0.202131,0,0
2871,,11,0,1,1,0,1,1,8,0.251382,0.261452,0,0
11457,,15,4,5,9,4,5,9,8,0.249569,0.259351,83322.482615,0.013889
6249,,9,2,1,3,2,1,3,8,0.262757,0.273467,18824,0.166667
7840,,9,2,0,2,2,0,2,0,0,0,0,0
11885,,9,1,0,1,1,0,1,0,0,0,0,0
16726,,9,1,0,1,1,0,1,0,0,0,0,0
3692,,6,1,0,1,1,0,1,0,0,0,0,0
2877,,6,0,3,3,0,3,3,9,0.219283,0.226156,0,0.5
2878,,15,0,1,1,0,1,1,9,0.207104,0.212528,0,0
2879,,7,0,1,1,0,1,1,9,0.200066,0.204368,0,0
31644,,0,1,0,1,1,0,1,0,0,0,0,0
2883,,10,2,1,3,2,1,3,9,0.21773,0.224143,2430.585623,0
2886,,10,3,0,3,3,0,3,0,0,0,0,0
11488,,10,1,0,1,1,0,1,0,0,0,0,0
29231,,10,1,0,1,1,0,1,0,0,0,0,0
2888,,12,0,1,1,0,1,1,8,0.236841,0.24458,0,0
6806,,11,2,3,5,2,3,5,8,0.241139,0.249835,232.666199,0.666667
34435,,11,1,0,1,1,0,1,0,0,0,0,0
5744,,15,3,8,11,3,8,11,8,0.245501,0.255649,55513.09178,0.063636
13165,,7,1,1,2,1,1,2,9,0.221704,0.228639,0,0
15385,,7,1,0,1,1,0,1,0,0,0,0,0
19892,,15,6,0,6,6,0,6,0,0,0,0,0.366667
22460,,15,7,0,7,7,0,7,0,0,0,0,0
9643,,11,1,2,3,1,2,3,9,0.206657,0.212208,0.666667,0.666667
32976,,0,4,0,4,4,0,4,0,0,0,0,0
24412,,15,1,0,1,1,0,1,0,0,0,0,0
5692,,6,1,0,1,1,0,1,0,0,0,0,0
2903,,1,1,2,3,1,2,3,9,0.198891,0.203549,70.758375,0
5052,,7,1,5,6,1,5,6,8,0.263282,0.274605,3323.635957,0.2
22053,,15,1,0,1,1,0,1,0,0,0,0,0
12491,,15,1,1,2,1,1,2,10,0.176626,0.180385,25973,0
23493,,10,3,0,3,3,0,3,0,0,0,0,0.166667
20776,,15,1,3,4,1,3,4,8,0.239331,0.248804,548.974366,0.333333
24935,,10,1,0,1,1,0,1,0,0,0,0,0
22197,,15,1,1,2,1,1,2,9,0.220174,0.227268,0,1
12756,,10,2,4,6,2,4,6,8,0.266518,0.278188,45269.193745,0.066667
24476,,10,1,1,2,1,1,2,8,0.227098,0.234279,0,0
17134,,10,1,3,4,1,3,4,8,0.228247,0.235784,2336.971298,0
3373,,8,1,0,1,1,0,1,0,0,0,0,0
2912,,6,7,5,12,7,5,12,9,0.205085,0.210421,57638.102004,0.045455
2914,,7,0,3,3,0,3,3,8,0.264209,0.275228,0,0.333333
2916,,11,6,17,23,6,17,23,8,0.277567,0.291063,87978.081568,0.1
5030,,11,1,1,2,1,1,2,9,0.216715,0.222898,0,1
14454,,11,4,2,6,4,2,6,8,0.262124,0.273311,21057.791137,0.2
9028,,11,1,1,2,1,1,2,9,0.216712,0.22289,0,0
10211,,11,1,0,1,1,0,1,0,0,0,0,0
8501,,11,1,1,2,1,1,2,9,0.216712,0.22289,0,0
26524,,11,2,3,5,2,3,5,9,0.226909,0.234298,968.568564,0.25
27381,,11,1,1,2,1,1,2,8,0.239489,0.247365,306.372735,0
32690,,11,1,1,2,1,1,2,9,0.216712,0.22289,0,0
2921,,13,0,1,1,0,1,1,9,0.195066,0.199384,0,0
2923,,11,0,1,1,0,1,1,8,0.236535,0.24595,0,0
2924,,11,1,1,2,1,1,2,8,0.225241,0.232016,18827,0
2925,,10,0,1,1,0,1,1,9,0.195125,0.200176,0,0
13106,,10,4,2,6,4,2,6,9,0.195792,0.200182,44828.463926,0.05
9750,,12,1,0,1,1,0,1,0,0,0,0,0
2930,,21,1,0,1,1,0,1,0,0,0,0,0
2939,,8,1,2,3,1,2,3,8,0.236312,0.244826,26.962822,0.5
5016,,8,2,2,4,2,2,4,8,0.238724,0.246642,44850.302048,0.083333
24580,,8,1,0,1,1,0,1,0,0,0,0,0
2945,,7,0,1,1,0,1,1,8,0.251523,0.26155,0,0
12751,,16,1,0,1,1,0,1,0,0,0,0,0
11937,,16,1,2,3,1,2,3,8,0.237675,0.246698,0,0.833333
19966,,16,1,0,1,1,0,1,0,0,0,0,0
2955,,1,2,2,4,2,2,4,8,0.229261,0.2367,38.622943,0.416667
18208,,11,2,0,2,2,0,2,0,0,0,0,0
28348,,8,1,0,1,1,0,1,0,0,0,0,0
15186,,8,1,1,2,1,1,2,1,1,1,25976,0
15498,,8,1,0,1,1,0,1,0,0,0,0,0
3166,,10,1,0,1,1,0,1,0,0,0,0,0
3180,,11,2,2,4,2,2,4,8,0.240729,0.250231,232.559834,0.333333
3190,,10,1,0,1,1,0,1,0,0,0,0,0
3199,,10,1,0,1,1,0,1,0,0,0,0,0
3206,,10,1,0,1,1,0,1,0,0,0,0,0
3212,,10,1,0,1,1,0,1,0,0,0,0,0
3214,,10,1,0,1,1,0,1,0,0,0,0,0
3222,,10,1,0,1,1,0,1,0,0,0,0,0
14185,,10,4,3,7,4,3,7,8,0.263168,0.274647,105.340337,0.333333
15095,,10,11,12,23,11,12,23,8,0.230248,0.238398,1306.56121,0.549451
15096,,10,9,12,21,9,12,21,8,0.230248,0.238398,0,0.75
15097,,10,9,12,21,9,12,21,8,0.230248,0.238398,0,0.75
15098,,10,9,13,22,9,13,22,8,0.241455,0.249715,4854.275787,0.634615
15099,,10,9,12,21,9,12,21,8,0.230248,0.238398,0,0.75
15100,,10,10,0,10,10,0,10,0,0,0,0,1
15101,,10,9,12,21,9,12,21,8,0.230248,0.238398,0,0.75
15102,,10,10,12,22,10,12,22,8,0.230248,0.238398,1294.488119,0.634615
15103,,10,10,0,10,10,0,10,0,0,0,0,1
2958,,24,0,1,1,0,1,1,9,0.217963,0.224044,0,0
16510,,24,1,0,1,1,0,1,0,0,0,0,0
18523,,24,2,2,4,2,2,4,9,0.198981,0.203585,5223.360018,0.25
2961,,7,0,1,1,0,1,1,1,1,1,0,0
2962,,7,1,2,3,1,2,3,9,0.234739,0.243126,448.854729,0
2966,,7,0,6,6,0,6,6,7,0.293896,0.308446,0,0.2
32596,,10,1,0,1,1,0,1,0,0,0,0,0
32597,,10,1,0,1,1,0,1,0,0,0,0,0
32598,,10,1,0,1,1,0,1,0,0,0,0,0
9864,,6,4,3,7,4,3,7,10,0.190448,0.194796,2952.131236,0.033333
14675,,24,1,2,3,1,2,3,9,0.231759,0.239957,51947,0.333333
16298,,24,5,4,9,5,4,9,8,0.265709,0.277445,65022.260255,0.053571
5366,,24,18,5,23,18,5,23,8,0.248653,0.258142,30780.224589,0.114286
31729,,24,2,1,3,2,1,3,10,0.190288,0.194766,521.480637,0.166667
29608,,10,1,1,2,1,1,2,10,0.186372,0.190546,255.90512,0
5584,,24,6,5,11,6,5,11,8,0.273566,0.28633,22734.752611,0.233333
9352,,24,1,2,3,1,2,3,9,0.231793,0.240004,46742.491209,0.333333
2971,,16,1,0,1,1,0,1,0,0,0,0,0
18297,,16,3,2,5,3,2,5,9,0.217725,0.223737,0.5,0.666667
25234,,16,2,2,4,2,2,4,9,0.217725,0.223737,0,1
25981,,16,1,0,1,1,0,1,0,0,0,0,0
33095,,16,1,2,3,1,2,3,9,0.217725,0.223737,0,1
33639,,16,1,0,1,1,0,1,0,0,0,0,0
2974,,6,0,1,1,0,1,1,12,0.133072,0.134495,0,0
2975,,16,2,3,5,2,3,5,9,0.239407,0.248237,8463.269717,0.25
34199,,10,1,0,1,1,0,1,0,0,0,0,0
2977,,31,0,1,1,0,1,1,1,1,1,0,0
2978,,31,1,0,1,1,0,1,0,0,0,0,0
2981,,2,0,2,2,0,2,2,8,0.261693,0.272869,0,0.5
9322,,15,1,0,1,1,0,1,0,0,0,0,0
31451,,15,3,0,3,3,0,3,0,0,0,0,0
14831,,11,1,1,2,1,1,2,9,0.215744,0.221788,0,0
2986,,7,3,0,3,3,0,3,0,0,0,0,0
7902,,8,3,2,5,3,2,5,9,0.238612,0.248006,335.935801,0.25
2987,,11,0,1,1,0,1,1,9,0.197044,0.201378,0,0
15273,,15,1,2,3,1,2,3,8,0.264674,0.275951,1284.760184,0.833333
24388,,15,1,1,2,1,1,2,9,0.202971,0.20812,0,0
20272,,10,1,0,1,1,0,1,0,0,0,0,0
25922,,0,1,4,5,1,4,5,8,0.229577,0.237668,114.132402,0.05
2991,,6,0,2,2,0,2,2,9,0.224524,0.232146,0,0
17860,,5,1,0,1,1,0,1,0,0,0,0,0
35095,,5,1,0,1,1,0,1,0,0,0,0,0
15535,,5,1,0,1,1,0,1,0,0,0,0,0
10529,,8,2,4,6,2,4,6,8,0.26563,0.276875,1781.530619,0.3
2997,,24,1,3,4,1,3,4,8,0.23552,0.243602,18827,0.416667
25947,,8,1,2,3,1,2,3,9,0.229683,0.237298,123.035678,0.166667
3002,,7,0,1,1,0,1,1,1,1,1,0,0
3003,,16,0,2,2,0,2,2,8,0.26344,0.274214,0,0.5
3004,,11,0,3,3,0,3,3,8,0.270853,0.283469,0,1
3007,,16,1,6,7,1,6,7,8,0.244538,0.254817,286.689238,0.285714
9029,,7,2,3,5,2,3,5,8,0.250066,0.259094,57.771175,0.25
3011,,8,0,4,4,0,4,4,8,0.262394,0.273839,0,0.333333
11656,,0,2,2,4,2,2,4,8,0.232382,0.240499,18066.44735,0.083333
16065,,11,1,1,2,1,1,2,10,0.178029,0.181721,0,1
12683,,11,1,1,2,1,1,2,8,0.251382,0.261452,0,0.5
25207,,11,1,0,1,1,0,1,0,0,0,0,0
29145,,11,1,0,1,1,0,1,0,0,0,0,0
29162,,11,2,0,2,2,0,2,0,0,0,0,1
25708,,11,4,4,8,4,4,8,8,0.245607,0.255391,2134.959838,0.071429
6854,,9,1,7,8,1,7,8,8,0.262614,0.274184,326.618353,0.125
11239,,7,1,1,2,1,1,2,8,0.239376,0.246968,0,0.5
17498,,7,1,0,1,1,0,1,0,0,0,0,0
27561,,7,1,0,1,1,0,1,0,0,0,0,0
3018,,6,0,2,2,0,2,2,11,0.149388,0.151346,0,0
8760,,6,1,1,2,1,1,2,10,0.175609,0.178711,18826,0
3021,,11,0,1,1,0,1,1,8,0.251382,0.261452,0,0
3022,,7,1,2,3,1,2,3,9,0.226543,0.234061,18828,0
3154,,7,1,0,1,1,0,1,0,0,0,0,0
21903,,7,2,3,5,2,3,5,8,0.246588,0.255738,0,0.833333
17477,,9,19,7,26,19,7,26,10,0.164922,0.168278,125037.810306,0.11413
29360,,7,1,0,1,1,0,1,0,0,0,0,0
29761,,7,1,9,10,1,9,10,8,0.24721,0.256047,26368.39984,0.055556
34897,,7,1,0,1,1,0,1,0,0,0,0,0
3024,,7,0,1,1,0,1,1,10,0.184709,0.188711,0,0
6492,,11,1,0,1,1,0,1,0,0,0,0,0
7623,,11,1,0,1,1,0,1,0,0,0,0,0
17513,,11,1,0,1,1,0,1,0,0,0,0,0
23764,,11,1,0,1,1,0,1,0,0,0,0,0
27057,,11,1,1,2,1,1,2,9,0.213222,0.21981,0,0
3028,,15,1,9,10,1,9,10,8,0.273491,0.285882,18838.765734,0.211111
31265,,15,1,0,1,1,0,1,0,0,0,0,0
31266,,15,1,0,1,1,0,1,0,0,0,0,0
22406,,7,1,0,1,1,0,1,0,0,0,0,0
24742,,7,1,0,1,1,0,1,0,0,0,0,0
3030,,7,0,2,2,0,2,2,8,0.238489,0.24638,0,0
3032,,6,0,1,1,0,1,1,8,0.247395,0.256736,0,0
26581,,7,1,0,1,1,0,1,0,0,0,0,0
3035,,8,1,18,19,1,18,19,8,0.274016,0.286686,2990.058789,0.19883
28724,,8,1,0,1,1,0,1,0,0,0,0,0
24079,,8,1,6,7,1,6,7,8,0.248394,0.258495,136.521783,0.133333
26350,,8,1,0,1,1,0,1,0,0,0,0,0
5051,,8,1,1,2,1,1,2,9,0.207903,0.213248,9.379138,0
3043,,3,0,3,3,0,3,3,10,0.188589,0.192975,0,0.333333
11261,,3,18,8,26,18,8,26,11,0.15251,0.155196,97914.053142,0.102381
22165,,3,11,6,17,11,6,17,11,0.152487,0.155037,45349.694572,0.166667
3045,,7,2,5,7,2,5,7,8,0.280232,0.293684,281.992494,0.309524
8407,,8,1,4,5,1,4,5,8,0.231551,0.239499,26712.330295,0
18625,,10,1,0,1,1,0,1,0,0,0,0,0
23231,,10,2,0,2,2,0,2,0,0,0,0,0
10218,,10,3,1,4,3,1,4,9,0.226462,0.234214,11.282316,0.083333
10892,,10,2,1,3,2,1,3,8,0.261476,0.272569,51.448134,0.166667
14725,,5,2,1,3,2,1,3,10,0.179143,0.182688,8599.019195,0
8689,,10,4,2,6,4,2,6,8,0.26149,0.272611,27998.449086,0.066667
5065,,10,2,1,3,2,1,3,9,0.226462,0.234214,6.260417,0.166667
9845,,10,3,1,4,3,1,4,8,0.261476,0.272569,865.904679,0.083333
25079,,11,2,3,5,2,3,5,9,0.230725,0.238631,9314.390101,0
23050,,10,1,3,4,1,3,4,8,0.241093,0.249052,913.087413,0
3050,,2,0,1,1,0,1,1,9,0.216594,0.222797,0,0
4299,,2,2,5,7,2,5,7,8,0.273423,0.286094,31710.229771,0.119048
21642,,7,4,0,4,4,0,4,0,0,0,0,0.166667
3053,,1,0,1,1,0,1,1,9,0.209273,0.214623,0,0
3054,,9,0,10,10,0,10,10,8,0.244545,0.254059,0,0.122222
15433,,7,4,4,8,4,4,8,8,0.248495,0.257894,41613.47094,0.089286
3461,,8,1,1,2,1,1,2,8,0.236181,0.243771,0,0
8222,,15,4,4,8,4,4,8,9,0.218422,0.22526,45470.456136,0
9281,,1,2,4,6,2,4,6,9,0.215709,0.221809,562.541069,0.066667
3057,,8,1,1,2,1,1,2,10,0.180043,0.183614,18826,0
3058,,9,3,10,13,3,10,13,8,0.263293,0.275036,26958.323291,0.134615
8854,,9,1,1,2,1,1,2,8,0.244567,0.253556,104.717775,0
3059,,11,1,6,7,1,6,7,8,0.257742,0.269705,305.967893,0.5
3060,,12,0,1,1,0,1,1,8,0.236841,0.24458,0,0
3062,,32,0,1,1,0,1,1,1,1,1,0,0
3063,,32,1,0,1,1,0,1,0,0,0,0,0
3066,,11,1,10,11,1,10,11,8,0.280782,0.293893,1622.540103,0.227273
3067,,2,0,1,1,0,1,1,8,0.261475,0.272568,0,0
12805,,6,2,5,7,2,5,7,9,0.219796,0.226574,12790.249729,0.466667
35444,,6,1,2,3,1,2,3,9,0.182874,0.186634,0,1
10854,,5,1,2,3,1,2,3,9,0.219809,0.226408,21.491548,0.333333
3072,,8,0,1,1,0,1,1,8,0.262756,0.273466,0,0
4033,,8,1,2,3,1,2,3,9,0.200813,0.205243,25976.484607,0
13088,,11,1,2,3,1,2,3,8,0.220822,0.227624,40.968661,0
23378,,11,1,0,1,1,0,1,0,0,0,0,0
5146,,11,1,8,9,1,8,9,8,0.246217,0.25501,451.196369,0.071429
27632,,24,2,1,3,2,1,3,9,0.231742,0.239902,94.4105,0.333333
32117,,11,2,0,2,2,0,2,0,0,0,0,0.5
35245,,11,1,0,1,1,0,1,0,0,0,0,0
9578,,0,4,7,11,4,7,11,8,0.275472,0.288636,1607.4525,0.3
13599,,7,3,8,11,3,8,11,8,0.252671,0.262744,400.947837,0.233333
3077,,6,0,1,1,0,1,1,8,0.25615,0.266929,0,0
11512,,11,1,0,1,1,0,1,0,0,0,0,0
11513,,11,1,0,1,1,0,1,0,0,0,0,0
15231,,11,1,0,1,1,0,1,0,0,0,0,0
35124,,11,4,28,32,4,28,32,8,0.272493,0.286232,53878.279842,0.021169
3081,,11,2,2,4,2,2,4,9,0.226527,0.234048,26188.902393,0
8394,,11,1,0,1,1,0,1,0,0,0,0,0
10101,,10,5,6,11,5,6,11,8,0.266718,0.278724,8725.011504,0.109091
13588,,8,1,2,3,1,2,3,9,0.222909,0.229878,252.976009,0.333333
3087,,6,0,1,1,0,1,1,9,0.217915,0.224606,0,0
6095,,8,2,0,2,2,0,2,0,0,0,0,0.5
17641,,8,1,2,3,1,2,3,9,0.227827,0.235448,0,1
16168,,8,1,0,1,1,0,1,0,0,0,0,0
3092,,16,0,1,1,0,1,1,9,0.229791,0.237541,0,0
12147,,15,1,0,1,1,0,1,0,0,0,0,0
3095,,8,0,18,18,0,18,18,8,0.275789,0.289612,0,0.169935
3096,,11,0,2,2,0,2,2,8,0.23688,0.245669,0,0
3101,,13,2,5,7,2,5,7,9,0.201848,0.207089,94102.945213,0.166667
4333,,13,1,1,2,1,1,2,11,0.143819,0.14571,0,0
4334,,13,1,0,1,1,0,1,0,0,0,0,0
9932,,13,1,0,1,1,0,1,0,0,0,0,0
5842,,15,2,5,7,2,5,7,9,0.233336,0.241948,533.730815,0.071429
6944,,5,3,1,4,3,1,4,8,0.228868,0.236455,21.920752,0.333333
5887,,5,1,1,2,1,1,2,1,1,1,142.745528,0
5945,,5,2,7,9,2,7,9,8,0.260146,0.2716,31263.955613,0.089286
6945,,10,1,1,2,1,1,2,9,0.222353,0.229211,78.620137,0
12956,,5,1,0,1,1,0,1,0,0,0,0,0
5862,,5,5,5,10,5,5,10,8,0.265656,0.276785,48628.511528,0.142857
15668,,5,2,0,2,2,0,2,0,0,0,0,1
23530,,5,1,5,6,1,5,6,8,0.231485,0.239258,25975,0.35
11965,,5,1,1,2,1,1,2,9,0.223972,0.230993,23.734601,0
28402,,5,1,0,1,1,0,1,0,0,0,0,0
3104,,8,0,2,2,0,2,2,8,0.23996,0.248755,0,1
5568,,6,1,0,1,1,0,1,0,0,0,0,0
7533,,6,1,0,1,1,0,1,0,0,0,0,0
11820,,6,2,1,3,2,1,3,9,0.226451,0.23364,174.414053,0
12601,,6,2,1,3,2,1,3,9,0.226451,0.23364,0,1
14843,,6,1,1,2,1,1,2,9,0.226451,0.23364,0,0
21115,,6,1,0,1,1,0,1,0,0,0,0,0
22139,,6,1,0,1,1,0,1,0,0,0,0,0
22444,,6,1,0,1,1,0,1,0,0,0,0,0
15899,,6,1,2,3,1,2,3,9,0.226454,0.233667,0,1
25487,,6,1,0,1,1,0,1,0,0,0,0,0
27639,,6,1,1,2,1,1,2,9,0.226451,0.23364,0,0
28286,,6,1,0,1,1,0,1,0,0,0,0,0
28182,,6,1,1,2,1,1,2,9,0.226451,0.23364,0,0
26572,,6,1,1,2,1,1,2,9,0.226451,0.23364,0,0
34159,,6,1,0,1,1,0,1,0,0,0,0,0
35633,,6,1,0,1,1,0,1,0,0,0,0,0
3110,,11,0,2,2,0,2,2,8,0.227355,0.234237,0,1
3111,,15,0,1,1,0,1,1,8,0.217234,0.223577,0,0
3115,,7,0,4,4,0,4,4,8,0.253997,0.263787,0,0.083333
3116,,7,4,0,4,4,0,4,0,0,0,0,0.083333
3120,,9,1,2,3,1,2,3,9,0.199847,0.205116,40.414745,0.333333
3122,,7,0,3,3,0,3,3,8,0.22552,0.232326,0,0.166667
6509,,7,1,2,3,1,2,3,8,0.261493,0.272629,3003.301782,0.333333
3123,,9,0,4,4,0,4,4,8,0.230283,0.237903,0,0.416667
3130,,8,0,2,2,0,2,2,8,0.262936,0.273729,0,0
15886,,15,2,1,3,2,1,3,9,0.185525,0.18988,771.344878,0.166667
22785,,15,1,0,1,1,0,1,0,0,0,0,0
3175,,11,3,2,5,3,2,5,9,0.221829,0.228392,18829.280039,0.55
3627,,6,1,0,1,1,0,1,0,0,0,0,0
26207,,10,1,0,1,1,0,1,0,0,0,0,0
3138,,13,0,1,1,0,1,1,8,0.235883,0.243933,0,0
12057,,16,1,0,1,1,0,1,0,0,0,0,0
4488,,5,2,7,9,2,7,9,9,0.234023,0.242049,26652.380611,0.071429
10773,,16,1,1,2,1,1,2,8,0.238712,0.2466,0,0.5
14308,,5,1,0,1,1,0,1,0,0,0,0,0
19083,,5,1,2,3,1,2,3,9,0.228735,0.236692,975.300493,0.333333
25354,,5,1,0,1,1,0,1,0,0,0,0,0
25228,,10,1,2,3,1,2,3,8,0.237435,0.246302,40.693384,0
8922,,15,2,3,5,2,3,5,9,0.229322,0.238239,817.212601,0.3
33302,,5,1,0,1,1,0,1,0,0,0,0,0
3143,,11,0,1,1,0,1,1,9,0.228869,0.236881,0,0
10671,,16,1,1,2,1,1,2,8,0.26276,0.27347,0,0.5
3149,,8,0,1,1,0,1,1,9,0.229833,0.237605,0,0
3152,,15,1,0,1,1,0,1,0,0,0,0,0
16493,,15,1,1,2,1,1,2,8,0.237621,0.245065,85.372418,0
19376,,15,1,0,1,1,0,1,0,0,0,0,0
23069,,15,1,1,2,1,1,2,1,1,1,58.644775,0
21725,,15,2,0,2,2,0,2,0,0,0,0,0
3153,,7,1,7,8,1,7,8,8,0.249572,0.258969,224.213141,0.142857
3177,,9,2,6,8,2,6,8,8,0.241613,0.250695,26025.674461,0.333333
7432,,11,1,2,3,1,2,3,8,0.251395,0.261495,25975,0.166667
25782,,8,1,1,2,1,1,2,10,0.196452,0.201172,0,0
23183,,8,1,4,5,1,4,5,8,0.265226,0.276706,1423.01197,0.2
3161,,33,0,1,1,0,1,1,1,1,1,0,0
3162,,33,1,0,1,1,0,1,0,0,0,0,0
25812,,8,2,0,2,2,0,2,0,0,0,0,0
14621,,8,1,4,5,1,4,5,9,0.217363,0.223842,26366.009079,0.166667
27400,,8,1,0,1,1,0,1,0,0,0,0,0
3168,,21,0,2,2,0,2,2,1,1,1,0,0
3169,,21,1,0,1,1,0,1,0,0,0,0,0
3171,,34,0,1,1,0,1,1,1,1,1,0,0
3172,,34,1,0,1,1,0,1,0,0,0,0,0
27659,,3,1,2,3,1,2,3,8,0.238003,0.24618,18.451561,0
29342,,5,1,0,1,1,0,1,0,0,0,0,0
29954,,5,1,0,1,1,0,1,0,0,0,0,0
3174,,11,0,1,1,0,1,1,10,0.181563,0.185103,0,0
3176,,6,0,2,2,0,2,2,9,0.214094,0.220571,0,0
8343,,7,1,0,1,1,0,1,0,0,0,0,0
14940,,8,1,1,2,1,1,2,9,0.210266,0.215839,0,0
28199,,8,3,9,12,3,9,12,8,0.269166,0.280924,19270.1814,0.2
3182,,11,0,2,2,0,2,2,8,0.268321,0.279964,0,0.5
13066,,7,1,0,1,1,0,1,0,0,0,0,0
3184,,8,2,6,8,2,6,8,8,0.24577,0.254726,18914.667488,0.214286
4169,,16,1,4,5,1,4,5,8,0.232992,0.241125,475.255526,0
5992,,5,1,0,1,1,0,1,0,0,0,0,0
18019,,5,1,0,1,1,0,1,0,0,0,0,0
30819,,5,1,0,1,1,0,1,0,0,0,0,0
13618,,9,2,1,3,2,1,3,9,0.200068,0.20437,15.378292,0
3187,,13,0,1,1,0,1,1,9,0.195066,0.199384,0,0
5056,,8,1,1,2,1,1,2,9,0.215233,0.221459,0,0
19786,,8,1,0,1,1,0,1,0,0,0,0,0
13650,,8,1,1,2,1,1,2,9,0.215233,0.221459,0,0
34682,,8,1,0,1,1,0,1,0,0,0,0,0
3192,,15,0,1,1,0,1,1,9,0.240079,0.248614,0,0
3194,,11,0,2,2,0,2,2,9,0.206369,0.211365,0,1
28600,,11,3,2,5,3,2,5,9,0.194852,0.199379,59.867857,0.5
4385,,10,1,2,3,1,2,3,8,0.218176,0.224765,25974,0.5
7435,,16,18,14,32,18,14,32,8,0.242356,0.25196,172532.615254,0.049425
17368,,16,1,2,3,1,2,3,9,0.220869,0.227976,87.527537,0
16417,,0,1,1,2,1,1,2,8,0.242828,0.251832,0,0.5
28491,,13,1,1,2,1,1,2,9,0.217838,0.224578,142.034563,0
3202,,8,0,2,2,0,2,2,9,0.223946,0.231205,0,0
7803,,8,1,4,5,1,4,5,8,0.236785,0.244948,964.99793,0
8813,,2,1,1,2,1,1,2,9,0.223287,0.230447,0,0
14528,,2,4,3,7,4,3,7,8,0.230844,0.238671,65052.017523,0.05
3204,,8,3,3,6,3,3,6,8,0.244354,0.253459,2449.140232,0.066667
3205,,15,0,1,1,0,1,1,9,0.224824,0.231856,0,0
3207,,7,3,4,7,3,4,7,9,0.220053,0.226955,26329.399025,0.1
5432,,7,1,2,3,1,2,3,9,0.217883,0.224571,37.641794,0.166667
26320,,8,3,2,5,3,2,5,8,0.24255,0.250916,545.472515,0.35
3548,,6,1,0,1,1,0,1,0,0,0,0,0
7918,,8,1,0,1,1,0,1,0,0,0,0,0
16965,,8,1,0,1,1,0,1,0,0,0,0,0
3213,,15,1,6,7,1,6,7,8,0.262852,0.274409,1549.575938,0.357143
17816,,7,1,1,2,1,1,2,8,0.27219,0.283723,0,0.5
11798,,11,3,5,8,3,5,8,8,0.25216,0.262745,1978.438261,0.142857
33055,,11,1,0,1,1,0,1,0,0,0,0,0
3223,,11,0,1,1,0,1,1,8,0.236535,0.24595,0,0
11888,,8,1,0,1,1,0,1,0,0,0,0,0
34736,,8,1,0,1,1,0,1,0,0,0,0,0
5368,,11,1,1,2,1,1,2,8,0.251379,0.261448,0,1
15294,,0,1,0,1,1,0,1,0,0,0,0,0
21161,,0,2,0,2,2,0,2,0,0,0,0,0
16866,,11,1,1,2,1,1,2,9,0.203483,0.208648,0,0
23268,,11,4,3,7,4,3,7,9,0.203487,0.208701,19016.567852,0.333333
23939,,11,1,1,2,1,1,2,9,0.203483,0.208648,0,0
23993,,11,2,2,4,2,2,4,9,0.203485,0.208675,0,1
24149,,11,2,1,3,2,1,3,10,0.169083,0.172019,0,1
17807,,11,2,14,16,2,14,16,7,0.299992,0.315871,36020.078883,0.116667
4027,,0,3,2,5,3,2,5,9,0.224791,0.232437,1.700986,0.583333
3237,,0,2,3,5,2,3,5,9,0.212354,0.218773,60.096,0.4
32447,,0,1,0,1,1,0,1,0,0,0,0,0
28117,,5,2,0,2,2,0,2,0,0,0,0,0
26526,,15,1,1,2,1,1,2,1,1,1,0.5,0
3242,,11,0,1,1,0,1,1,8,0.251382,0.261452,0,0
3244,,18,10,2,12,10,2,12,9,0.21286,0.218934,10.071429,0.219697
11343,,18,5,2,7,5,2,7,9,0.21286,0.218934,29.045472,0.357143
3986,,16,3,10,13,3,10,13,8,0.265417,0.276715,38128.282771,0.1
4517,,16,2,1,3,2,1,3,9,0.214078,0.219902,0,1
3248,,10,1,0,1,1,0,1,0,0,0,0,0
22098,,6,2,0,2,2,0,2,0,0,0,0,0
27238,,10,1,0,1,1,0,1,0,0,0,0,0
29050,,7,1,3,4,1,3,4,8,0.278121,0.29056,801.685347,0.416667
18683,,8,1,0,1,1,0,1,0,0,0,0,0
20442,,8,1,1,2,1,1,2,9,0.207057,0.21262,0,0
23158,,8,1,3,4,1,3,4,8,0.223422,0.230147,7151.664009,0.166667
4598,,10,1,1,2,1,1,2,9,0.209259,0.21489,2.55023,0
10567,,10,1,0,1,1,0,1,0,0,0,0,0
29586,,10,2,1,3,2,1,3,8,0.233235,0.240203,12.052945,0.166667
3254,,15,2,1,3,2,1,3,8,0.235661,0.243091,0,0.5
10677,,15,1,0,1,1,0,1,0,0,0,0,0
20288,,15,1,0,1,1,0,1,0,0,0,0,0
24928,,15,1,0,1,1,0,1,0,0,0,0,0
19218,,24,8,4,12,8,4,12,8,0.262317,0.273613,65816.752939,0.072727
24769,,15,1,1,2,1,1,2,9,0.187732,0.192249,20.814546,0
3255,,8,0,1,1,0,1,1,9,0.224717,0.23191,0,0
17975,,11,1,0,1,1,0,1,0,0,0,0,0
14715,,18,2,2,4,2,2,4,9,0.21366,0.220145,14148.727686,0.333333
21648,,11,1,0,1,1,0,1,0,0,0,0,0
23049,,16,1,3,4,1,3,4,8,0.209473,0.215742,79752.126622,0
17546,,7,2,4,6,2,4,6,8,0.242938,0.251805,1191.694052,0.3
26083,,16,2,4,6,2,4,6,7,0.294083,0.308524,61191.702288,0.15
28626,,11,1,0,1,1,0,1,0,0,0,0,0
28259,,13,1,2,3,1,2,3,8,0.232984,0.241001,0,0.833333
23667,,11,4,1,5,4,1,5,9,0.192909,0.196682,18984.402753,0.1
14078,,16,4,3,7,4,3,7,9,0.216919,0.22295,45376.740331,0.1
13035,,11,3,2,5,3,2,5,8,0.239422,0.247652,37656.086628,0.05
31417,,11,1,0,1,1,0,1,0,0,0,0,0
30968,,11,3,3,6,3,3,6,8,0.231141,0.23884,19368.90147,0.133333
13343,,11,5,5,10,5,5,10,8,0.255351,0.266777,56622.808165,0.013889
31532,,11,1,1,2,1,1,2,8,0.237378,0.246859,25.794648,0
33147,,11,1,0,1,1,0,1,0,0,0,0,0
33203,,11,1,0,1,1,0,1,0,0,0,0,0
25925,,24,1,3,4,1,3,4,9,0.231269,0.238929,705.440317,0
13217,,11,2,1,3,2,1,3,10,0.188944,0.193256,146.566548,0
29657,,11,3,2,5,3,2,5,9,0.201145,0.206861,18826,0.333333
11329,,8,1,6,7,1,6,7,8,0.240321,0.249722,26035.327645,0.166667
3259,,0,1,0,1,1,0,1,0,0,0,0,0
12788,,0,1,5,6,1,5,6,8,0.225068,0.232134,54417.729889,0.1
11703,,0,3,1,4,3,1,4,8,0.224716,0.23155,287.227326,0.333333
15966,,0,2,1,3,2,1,3,8,0.224716,0.23155,0,0.5
21948,,0,1,0,1,1,0,1,0,0,0,0,0
22982,,0,2,2,4,2,2,4,8,0.224718,0.231576,12516.092376,0.5
26727,,0,1,1,2,1,1,2,8,0.224716,0.23155,0,0
24916,,0,2,2,4,2,2,4,9,0.190416,0.194773,18980.871565,0.166667
30498,,0,1,1,2,1,1,2,8,0.224716,0.23155,0,0
3260,,7,0,4,4,0,4,4,8,0.272538,0.284141,0,0.333333
4516,,7,1,5,6,1,5,6,7,0.297806,0.312958,881.64902,0.433333
8267,,16,1,6,7,1,6,7,8,0.255313,0.26579,29502.879455,0.071429
11405,,11,1,1,2,1,1,2,8,0.244433,0.254493,0,0.5
15379,,11,1,0,1,1,0,1,0,0,0,0,0
20276,,16,2,0,2,2,0,2,0,0,0,0,0
32426,,11,1,1,2,1,1,2,8,0.237372,0.246852,0,1
5795,,0,1,1,2,1,1,2,9,0.191654,0.195714,0,0
17389,,0,1,0,1,1,0,1,0,0,0,0,0
12721,,11,1,2,3,1,2,3,9,0.200624,0.206138,27.953436,0.166667
16527,,11,1,1,2,1,1,2,9,0.211752,0.218046,0,0
11369,,11,1,1,2,1,1,2,9,0.218267,0.224869,30.095798,0
3266,,8,0,2,2,0,2,2,8,0.264094,0.275068,0,0.5
5262,,11,2,3,5,2,3,5,9,0.23109,0.238659,10523.095501,0.3
6611,,11,3,0,3,3,0,3,0,0,0,0,0.5
3269,,5,0,1,1,0,1,1,9,0.186678,0.190458,0,0
3270,,5,0,1,1,0,1,1,8,0.244933,0.25344,0,0
3272,,11,0,3,3,0,3,3,8,0.235044,0.242986,0,0
3273,,11,1,4,5,1,4,5,8,0.241325,0.249582,584.603186,0.1
12955,,16,1,1,2,1,1,2,9,0.208018,0.213609,0,0
3275,,7,0,1,1,0,1,1,8,0.248387,0.257168,0,0
3277,,16,0,1,1,0,1,1,9,0.19616,0.200764,0,0
3524,,13,2,1,3,2,1,3,8,0.234595,0.241737,0,1
3282,,13,1,1,2,1,1,2,8,0.234595,0.241737,0,0
3523,,13,1,2,3,1,2,3,8,0.234598,0.241764,0,1
4527,,13,2,4,6,2,4,6,8,0.243296,0.251647,70773,0.166667
7893,,13,3,1,4,3,1,4,8,0.234595,0.241737,0,0.833333
8885,,13,1,1,2,1,1,2,8,0.234595,0.241737,0,0
12136,,13,1,0,1,1,0,1,0,0,0,0,0
16679,,13,1,0,1,1,0,1,0,0,0,0,0
17528,,13,1,1,2,1,1,2,8,0.234595,0.241737,0,0
18993,,13,1,1,2,1,1,2,8,0.234595,0.241737,0,0
4667,,7,1,0,1,1,0,1,0,0,0,0,0
6363,,15,2,0,2,2,0,2,0,0,0,0,0
9045,,15,2,1,3,2,1,3,9,0.201654,0.207167,0,0.5
15025,,15,1,2,3,1,2,3,9,0.214458,0.220901,57.608359,0
9844,,15,1,4,5,1,4,5,8,0.237387,0.245215,4041.660464,0.25
16439,,15,1,0,1,1,0,1,0,0,0,0,0
21236,,15,1,1,2,1,1,2,9,0.225523,0.232474,92.400171,0
6666,,15,1,2,3,1,2,3,9,0.232681,0.239877,357.062813,0
23679,,1,1,2,3,1,2,3,8,0.261574,0.272709,26473.88047,0
29086,,1,1,0,1,1,0,1,0,0,0,0,0
23590,,1,2,0,2,2,0,2,0,0,0,0,0
3286,,1,0,1,1,0,1,1,9,0.215686,0.221565,0,0
12036,,1,1,0,1,1,0,1,0,0,0,0,0
3288,,24,0,2,2,0,2,2,9,0.217109,0.223728,0,0.5
3386,,237,4,2,6,4,2,6,8,0.233059,0.241313,90.256294,0.4
3537,,237,1,0,1,1,0,1,0,0,0,0,0
3291,,56,5,19,24,5,19,24,8,0.275992,0.290072,153792.824167,0.094862
7616,,56,1,0,1,1,0,1,0,0,0,0,0
22621,,56,1,0,1,1,0,1,0,0,0,0,0
6132,,56,2,0,2,2,0,2,0,0,0,0,0
13622,,56,2,4,6,2,4,6,8,0.257827,0.269097,44817.559047,0.033333
20646,,7,1,11,12,1,11,12,8,0.273371,0.285604,26402.137068,0.113636
12511,,8,1,0,1,1,0,1,0,0,0,0,0
3295,,8,0,1,1,0,1,1,8,0.262756,0.273466,0,0
4778,,10,1,0,1,1,0,1,0,0,0,0,0
8462,,10,1,4,5,1,4,5,8,0.239279,0.247532,724.915539,0.166667
18282,,10,1,1,2,1,1,2,9,0.185897,0.190001,0,0
17599,,10,1,1,2,1,1,2,10,0.176,0.179354,0,1
11231,,8,1,0,1,1,0,1,0,0,0,0,0
12122,,8,1,2,3,1,2,3,9,0.228793,0.237322,0,1
12953,,8,1,0,1,1,0,1,0,0,0,0,0
20497,,8,3,0,3,3,0,3,0,0,0,0,0.333333
21889,,8,1,1,2,1,1,2,10,0.186114,0.190437,35.032603,0
11569,,8,2,3,5,2,3,5,8,0.23446,0.241445,0,0.666667
21514,,8,3,3,6,3,3,6,9,0.248751,0.258844,19366.505534,0.05
10990,,8,2,3,5,2,3,5,9,0.223584,0.230131,26036.286538,0.166667
31104,,8,1,0,1,1,0,1,0,0,0,0,0
24338,,8,2,0,2,2,0,2,0,0,0,0,0
32802,,8,1,1,2,1,1,2,9,0.217614,0.223752,0,1
3303,,13,0,1,1,0,1,1,9,0.195066,0.199384,0,0
3305,,8,0,1,1,0,1,1,8,0.248761,0.257751,0,0
3652,,15,2,2,4,2,2,4,9,0.220548,0.227258,0,1
17302,,15,2,0,2,2,0,2,0,0,0,0,0
33271,,15,1,2,3,1,2,3,9,0.220662,0.227479,0,1
3309,,7,0,2,2,0,2,2,8,0.253579,0.26408,0,0.5
3311,,11,0,2,2,0,2,2,10,0.193949,0.198201,0,0.5
14213,,8,2,1,3,2,1,3,8,0.224957,0.231307,18826,0.333333
14354,,8,1,3,4,1,3,4,8,0.240367,0.248328,726.886722,0.666667
8951,,8,3,5,8,3,5,8,8,0.256565,0.266613,545.366141,0.02381
26048,,8,3,3,6,3,3,6,9,0.23179,0.23922,0,1
30065,,8,1,0,1,1,0,1,0,0,0,0,0
19659,,15,2,0,2,2,0,2,0,0,0,0,0
25938,,7,1,0,1,1,0,1,0,0,0,0,0
3320,,5,2,3,5,2,3,5,8,0.232701,0.239977,106.599147,0.1
18284,,7,1,0,1,1,0,1,0,0,0,0,0
29124,,7,1,0,1,1,0,1,0,0,0,0,0
16960,,8,1,1,2,1,1,2,10,0.182532,0.186246,25974.552381,0
3325,,6,0,2,2,0,2,2,8,0.256293,0.267166,0,1
3329,,24,0,3,3,0,3,3,9,0.231758,0.239973,0,0.166667
21028,,24,1,0,1,1,0,1,0,0,0,0,0
3330,,5,1,1,2,1,1,2,9,0.203888,0.209367,99.444064,0
16730,,10,1,0,1,1,0,1,0,0,0,0,0
23123,,8,1,2,3,1,2,3,8,0.229899,0.237531,166.234773,0
18782,,7,1,0,1,1,0,1,0,0,0,0,0
3337,,15,1,3,4,1,3,4,8,0.22421,0.230977,650.114878,0.083333
11019,,8,2,3,5,2,3,5,8,0.232744,0.240527,616.008786,0.05
4569,,15,1,8,9,1,8,9,8,0.270081,0.282181,28050.871081,0.055556
3340,,8,1,4,5,1,4,5,9,0.226547,0.233784,18827,0.05
3342,,10,0,27,27,0,27,27,8,0.291437,0.307499,0,0.084046
5910,,7,5,1,6,5,1,6,9,0.230937,0.238208,19599.627974,0.033333
28601,,10,1,1,2,1,1,2,10,0.187619,0.191456,0,0.5
21895,,8,1,1,2,1,1,2,8,0.224984,0.232542,7.235893,0
31999,,8,2,0,2,2,0,2,0,0,0,0,0
24294,,8,1,0,1,1,0,1,0,0,0,0,0
3346,,10,0,1,1,0,1,1,8,0.240567,0.248665,0,0
3349,,8,0,1,1,0,1,1,9,0.216335,0.222453,0,0
3350,,6,0,1,1,0,1,1,8,0.25615,0.266929,0,0
27166,,8,1,0,1,1,0,1,0,0,0,0,0
3356,,8,0,2,2,0,2,2,9,0.227487,0.234993,0,0.5
3357,,15,1,3,4,1,3,4,9,0.214869,0.221011,734.89807,0.166667
8574,,8,1,0,1,1,0,1,0,0,0,0,0
3360,,12,1,1,2,1,1,2,8,0.236841,0.24458,0,0.5
3361,,8,0,2,2,0,2,2,9,0.190207,0.194084,0,0
3362,,8,1,1,2,1,1,2,8,0.23485,0.242175,18824,0
3364,,8,0,1,1,0,1,1,8,0.223971,0.231195,0,0
6502,,12,1,0,1,1,0,1,0,0,0,0,0
10106,,12,1,0,1,1,0,1,0,0,0,0,0
22894,,12,1,1,2,1,1,2,1,1,1,92.719985,0
31897,,12,3,0,3,3,0,3,0,0,0,0,0
32217,,12,3,0,3,3,0,3,0,0,0,0,0
16318,,10,1,0,1,1,0,1,0,0,0,0,0
13150,,10,2,4,6,2,4,6,8,0.236069,0.243876,116.175745,0.266667
32289,,10,1,0,1,1,0,1,0,0,0,0,0
27930,,5,1,0,1,1,0,1,0,0,0,0,0
30864,,5,1,1,2,1,1,2,9,0.192686,0.196685,0,1
3369,,6,0,1,1,0,1,1,9,0.217915,0.224606,0,0
3484,,2,1,2,3,1,2,3,8,0.264559,0.275666,0,0.666667
35450,,2,2,0,2,2,0,2,0,0,0,0,0
3375,,11,1,2,3,1,2,3,9,0.220094,0.227105,26487.622424,0
30777,,11,1,0,1,1,0,1,0,0,0,0,0
3376,,6,0,9,9,0,9,9,8,0.26262,0.274182,0,0.152778
3379,,8,0,1,1,0,1,1,9,0.224717,0.23191,0,0
3380,,8,0,1,1,0,1,1,9,0.224717,0.23191,0,0
3381,,10,0,1,1,0,1,1,9,0.203219,0.20921,0,0
30605,,8,1,0,1,1,0,1,0,0,0,0,0
3384,,15,0,1,1,0,1,1,9,0.224977,0.231842,0,0
3387,,5,0,2,2,0,2,2,8,0.225603,0.232989,0,0
29435,,8,1,0,1,1,0,1,0,0,0,0,0
7426,,11,1,0,1,1,0,1,0,0,0,0,0
8338,,15,1,0,1,1,0,1,0,0,0,0,0
9647,,15,1,0,1,1,0,1,0,0,0,0,0
5947,,7,1,0,1,1,0,1,0,0,0,0,0
5861,,8,1,1,2,1,1,2,8,0.240462,0.248601,0,1
9438,,8,1,5,6,1,5,6,8,0.245514,0.254547,26081.574842,0
32538,,8,1,0,1,1,0,1,0,0,0,0,0
34778,,8,1,0,1,1,0,1,0,0,0,0,0
28749,,7,1,0,1,1,0,1,0,0,0,0,0
11915,,2,3,2,5,3,2,5,8,0.244783,0.253508,700.706389,0
29791,,11,3,5,8,3,5,8,9,0.224338,0.23126,635.148832,0.033333
33470,,11,1,1,2,1,1,2,9,0.229177,0.237195,5.568928,0.5
35549,,11,1,0,1,1,0,1,0,0,0,0,0
6353,,16,1,0,1,1,0,1,0,0,0,0,0
7965,,16,1,0,1,1,0,1,0,0,0,0,0
8368,,16,1,0,1,1,0,1,0,0,0,0,0
3401,,10,0,1,1,0,1,1,9,0.234856,0.243135,0,0
3408,,7,1,0,1,1,0,1,0,0,0,0,0
3410,,6,0,1,1,0,1,1,8,0.234493,0.242444,0,0
3413,,43,5,3,8,5,3,8,8,0.24446,0.254585,94146,0.033333
4141,,43,1,1,2,1,1,2,9,0.19644,0.201512,0,0
4409,,43,1,2,3,1,2,3,9,0.196445,0.201548,4,0.5
5866,,1,1,1,2,1,1,2,8,0.229124,0.236483,0,1
15119,,1,1,1,2,1,1,2,8,0.229124,0.236483,0,1
11236,,1,2,0,2,2,0,2,0,0,0,0,0
16043,,8,1,0,1,1,0,1,0,0,0,0,0
21958,,8,2,1,3,2,1,3,1,1,1,25976,0
3422,,6,2,0,2,2,0,2,0,0,0,0,0
4019,,6,1,0,1,1,0,1,0,0,0,0,0
7707,,8,1,2,3,1,2,3,8,0.247184,0.256962,443.796923,0.333333
3427,,8,0,1,1,0,1,1,9,0.229833,0.237605,0,0
3428,,7,0,11,11,0,11,11,8,0.241781,0.250966,0,0.118182
31520,,7,4,3,7,4,3,7,8,0.245095,0.253553,339.976087,0.2
3429,,5,1,6,7,1,6,7,8,0.253973,0.264226,516.517753,0.214286
21084,,5,1,0,1,1,0,1,0,0,0,0,0
3430,,6,1,7,8,1,7,8,8,0.237398,0.245737,317.293337,0.017857
3431,,6,1,0,1,1,0,1,0,0,0,0,0
3432,,6,2,0,2,2,0,2,0,0,0,0,0
5352,,6,1,0,1,1,0,1,0,0,0,0,0
29915,,7,1,1,2,1,1,2,9,0.201864,0.206625,0,0
8868,,11,1,6,7,1,6,7,8,0.258379,0.270683,286.59903,0.142857
3437,,21,0,1,1,0,1,1,1,1,1,0,0
11870,,2,1,2,3,1,2,3,1,1,1,27069.42769,0
35701,,10,1,0,1,1,0,1,0,0,0,0,0
14410,,11,1,0,1,1,0,1,0,0,0,0,0
3443,,56,0,1,1,0,1,1,9,0.216305,0.222732,0,0
23006,,11,1,2,3,1,2,3,9,0.186647,0.191056,35.5075,0
3445,,11,0,3,3,0,3,3,9,0.226897,0.234087,0,0
4020,,7,1,0,1,1,0,1,0,0,0,0,0
16473,,15,1,1,2,1,1,2,8,0.236246,0.243785,364.432007,0
3452,,0,0,2,2,0,2,2,8,0.230727,0.238724,0,0
24136,,0,1,0,1,1,0,1,0,0,0,0,0
17789,,7,2,2,4,2,2,4,8,0.272268,0.283825,26588.670689,0.083333
8821,,5,1,1,2,1,1,2,1,1,1,0,0.5
11459,,5,1,0,1,1,0,1,0,0,0,0,0
12296,,5,2,0,2,2,0,2,0,0,0,0,0.5
12527,,5,3,7,10,3,7,10,8,0.259051,0.269631,20154.914006,0.111111
7521,,5,1,4,5,1,4,5,8,0.252234,0.262206,269.465512,0.35
20607,,5,1,0,1,1,0,1,0,0,0,0,0
22431,,5,2,3,5,2,3,5,8,0.246343,0.254977,29004.96702,0.083333
5442,,5,4,1,5,4,1,5,1,1,1,25977,0
27172,,7,1,8,9,1,8,9,8,0.278706,0.292113,26161.037399,0.285714
11161,,9,2,1,3,2,1,3,9,0.217145,0.223522,19691.113459,0
25995,,5,2,2,4,2,2,4,8,0.245117,0.253606,169.36653,0.166667
19972,,5,1,9,10,1,9,10,8,0.263415,0.274168,26612.114442,0.083333
31512,,5,1,1,2,1,1,2,8,0.245101,0.253548,0,0
3455,,7,0,2,2,0,2,2,9,0.200072,0.204408,0,0
3456,,7,0,1,1,0,1,1,8,0.265449,0.276753,0,0
3457,,3,0,1,1,0,1,1,9,0.214123,0.219985,0,0
3458,,16,0,2,2,0,2,2,9,0.233478,0.241636,0,1
3459,,8,0,108,108,0,108,108,7,0.326207,0.34762,0,0.09216
4241,,9,1,2,3,1,2,3,9,0.187479,0.191849,26.402865,0.333333
5950,,8,1,0,1,1,0,1,0,0,0,0,0
10561,,16,2,4,6,2,4,6,8,0.242487,0.251579,31.415263,0.2
13129,,16,5,0,5,5,0,5,0,0,0,0,0.2
3460,,6,0,1,1,0,1,1,10,0.180671,0.1845,0,0
3462,,35,0,1,1,0,1,1,1,1,1,0,0
3463,,35,2,0,2,2,0,2,0,0,0,0,0
3464,,36,0,1,1,0,1,1,1,1,1,0,0
3465,,36,1,0,1,1,0,1,0,0,0,0,0
3466,,35,0,1,1,0,1,1,1,1,1,0,0
3467,,16,0,2,2,0,2,2,9,0.233478,0.241636,0,1
3469,,16,0,2,2,0,2,2,9,0.233478,0.241636,0,1
3471,,11,0,1,1,0,1,1,9,0.19931,0.204548,0,0
3473,,16,0,2,2,0,2,2,9,0.233478,0.241636,0,1
3475,,16,0,2,2,0,2,2,9,0.233478,0.241636,0,1
6226,,0,1,3,4,1,3,4,8,0.244738,0.254235,196.486204,0
26742,,0,1,2,3,1,2,3,9,0.237648,0.246434,0,0.5
3477,,11,1,1,2,1,1,2,9,0.211388,0.217135,0,1
3478,,2,0,1,1,0,1,1,8,0.261475,0.272568,0,0
3479,,7,0,3,3,0,3,3,8,0.262485,0.273508,0,0.833333
3480,,0,0,10,10,0,10,10,8,0.254425,0.265733,0,0.044444
12650,,16,2,0,2,2,0,2,0,0,0,0,0
12773,,0,1,0,1,1,0,1,0,0,0,0,0
3481,,7,0,3,3,0,3,3,8,0.253044,0.262781,0,0.5
19733,,8,1,0,1,1,0,1,0,0,0,0,0
3934,,11,9,1,10,9,1,10,8,0.24443,0.254489,86600.289114,0.044444
3488,,0,2,0,2,2,0,2,0,0,0,0,0
13649,,8,1,0,1,1,0,1,0,0,0,0,0
17786,,8,1,0,1,1,0,1,0,0,0,0,0
21233,,8,2,0,2,2,0,2,0,0,0,0,0
6323,,0,1,3,4,1,3,4,9,0.229902,0.237933,25975,0.166667
6849,,0,1,6,7,1,6,7,8,0.238984,0.247987,119.302045,0.166667
7780,,8,3,4,7,3,4,7,8,0.251191,0.260693,22361.341478,0.066667
17097,,8,1,1,2,1,1,2,8,0.236751,0.244747,40.107866,0
3499,,7,2,9,11,2,9,11,8,0.279388,0.293183,5129.777198,0.163636
9946,,11,1,3,4,1,3,4,9,0.214803,0.22106,25975,0.333333
9806,,11,3,0,3,3,0,3,0,0,0,0,0.166667
10265,,11,2,1,3,2,1,3,9,0.214796,0.220998,0,1
3502,,8,1,10,11,1,10,11,8,0.269708,0.282165,12097.340793,0.136364
14031,,8,1,0,1,1,0,1,0,0,0,0,0
16341,,8,3,0,3,3,0,3,0,0,0,0,0
22513,,8,1,0,1,1,0,1,0,0,0,0,0
26219,,8,1,0,1,1,0,1,0,0,0,0,0
4602,,8,1,3,4,1,3,4,8,0.265282,0.276785,14681.962392,0.25
13659,,8,2,1,3,2,1,3,9,0.220758,0.227683,12.751283,0.5
3508,,12,0,3,3,0,3,3,9,0.208192,0.213839,0,0.5
3510,,11,1,0,1,1,0,1,0,0,0,0,0
25241,,11,1,0,1,1,0,1,0,0,0,0,0
33435,,11,1,0,1,1,0,1,0,0,0,0,0
3512,,12,0,1,1,0,1,1,8,0.234438,0.242011,0,0
11530,,8,1,3,4,1,3,4,8,0.258787,0.269257,44.834434,0.166667
3515,,5,0,2,2,0,2,2,9,0.214545,0.220571,0,0
3516,,0,0,7,7,0,7,7,8,0.274815,0.288107,0,0.452381
3518,,10,0,2,2,0,2,2,9,0.239666,0.248619,0,0.5
3519,,7,0,1,1,0,1,1,9,0.220966,0.227679,0,0
9250,,7,1,1,2,1,1,2,1,1,1,25976,0
8511,,7,1,3,4,1,3,4,9,0.219719,0.22636,204.389468,0.083333
29320,,7,6,1,7,6,1,7,10,0.180983,0.184627,6226.665758,0.233333
29321,,7,1,3,4,1,3,4,9,0.22097,0.227731,0,0.833333
32350,,7,4,3,7,4,3,7,9,0.220973,0.22774,56899.18557,0.25
31458,,16,1,1,2,1,1,2,8,0.235755,0.244209,670.122749,0
3525,,37,0,4,4,0,4,4,1,1,1,0,0
3526,,37,1,0,1,1,0,1,0,0,0,0,0
3527,,37,1,0,1,1,0,1,0,0,0,0,0
3528,,37,1,0,1,1,0,1,0,0,0,0,0
3529,,37,1,0,1,1,0,1,0,0,0,0,0
3530,,11,0,1,1,0,1,1,9,0.193257,0.197355,0,0
3531,,11,1,3,4,1,3,4,8,0.239539,0.247513,18828,0.166667
19747,,11,1,0,1,1,0,1,0,0,0,0,0
3533,,43,0,1,1,0,1,1,9,0.196447,0.201528,0,0
3535,,38,0,1,1,0,1,1,1,1,1,0,0
3536,,38,1,0,1,1,0,1,0,0,0,0,0
22719,,8,1,1,2,1,1,2,8,0.239407,0.248384,0,1
3539,,7,0,3,3,0,3,3,7,0.297256,0.312176,0,1
24629,,8,1,0,1,1,0,1,0,0,0,0,0
34429,,8,2,0,2,2,0,2,0,0,0,0,0
3541,,2,0,1,1,0,1,1,8,0.261475,0.272568,0,0
20590,,15,3,0,3,3,0,3,0,0,0,0,0
14881,,15,1,1,2,1,1,2,9,0.210803,0.216429,0,0
3546,,8,0,1,1,0,1,1,9,0.216871,0.222917,0,0
32969,,5,1,0,1,1,0,1,0,0,0,0,0
3554,,10,0,2,2,0,2,2,8,0.240398,0.248248,0,0
3555,,10,2,0,2,2,0,2,0,0,0,0,0
3559,,6,0,1,1,0,1,1,1,1,1,0,0
3560,,6,3,0,3,3,0,3,0,0,0,0,0
11953,,7,1,0,1,1,0,1,0,0,0,0,0
28607,,7,3,33,36,3,33,36,7,0.307544,0.325413,61778.474902,0.149733
3562,,8,0,2,2,0,2,2,9,0.230097,0.237671,0,0
3567,,0,0,2,2,0,2,2,8,0.237265,0.244985,0,1
16167,,0,1,0,1,1,0,1,0,0,0,0,0
21795,,0,1,0,1,1,0,1,0,0,0,0,0
6405,,0,3,1,4,3,1,4,9,0.191781,0.196063,0,1
24243,,0,1,0,1,1,0,1,0,0,0,0,0
11113,,0,1,1,2,1,1,2,8,0.230915,0.237941,0,1
12170,,7,1,0,1,1,0,1,0,0,0,0,0
3573,,0,0,3,3,0,3,3,8,0.226306,0.233867,0,0
18413,,0,2,0,2,2,0,2,0,0,0,0,0
3575,,0,0,2,2,0,2,2,9,0.196651,0.20126,0,0
3577,,15,0,1,1,0,1,1,9,0.194788,0.199185,0,0
22729,,15,2,0,2,2,0,2,0,0,0,0,0
3582,,16,1,3,4,1,3,4,10,0.172401,0.175422,3,0
3583,,16,1,1,2,1,1,2,9,0.208088,0.213254,16715.868219,0
5647,,16,1,3,4,1,3,4,9,0.189164,0.192937,2114.131781,0
24994,,16,1,0,1,1,0,1,0,0,0,0,0
3584,,7,0,10,10,0,10,10,8,0.271431,0.283947,0,0.277778
11537,,10,2,0,2,2,0,2,0,0,0,0,0
5282,,7,1,1,2,1,1,2,8,0.233232,0.2402,0,0.5
7598,,8,1,5,6,1,5,6,8,0.268265,0.280468,249.579824,0.3
3592,,2,1,1,2,1,1,2,9,0.238286,0.246732,0,0.5
3593,,0,0,3,3,0,3,3,8,0.237808,0.245592,0,0.333333
3596,,1,3,2,5,3,2,5,8,0.256227,0.267059,1730.817156,0.1
3597,,24,1,2,3,1,2,3,8,0.261836,0.273092,0,1
3599,,15,1,1,2,1,1,2,9,0.223336,0.230404,23.710993,0
3602,,11,0,1,1,0,1,1,9,0.183842,0.187468,0,0
3606,,1,1,2,3,1,2,3,9,0.235508,0.244491,18827,0
16518,,8,2,3,5,2,3,5,8,0.267286,0.278702,29623.223388,0.1
9268,,0,1,1,2,1,1,2,9,0.220727,0.227056,0,0
9353,,7,2,2,4,2,2,4,8,0.251654,0.261754,19553.192919,0
19375,,2,2,0,2,2,0,2,0,0,0,0,0
30958,,16,1,0,1,1,0,1,0,0,0,0,0
21746,,0,1,0,1,1,0,1,0,0,0,0,0
3613,,11,0,3,3,0,3,3,8,0.251208,0.261629,0,0
3614,,8,0,1,1,0,1,1,8,0.262756,0.273466,0,0
3615,,13,0,1,1,0,1,1,8,0.235883,0.243933,0,0
8845,,12,1,0,1,1,0,1,0,0,0,0,0
16366,,12,1,0,1,1,0,1,0,0,0,0,0
8550,,8,3,3,6,3,3,6,8,0.236838,0.245525,754.898706,0.233333
14481,,8,4,4,8,4,4,8,9,0.23193,0.24003,25523.835915,0.017857
21784,,8,1,0,1,1,0,1,0,0,0,0,0
17941,,8,1,1,2,1,1,2,1,1,1,92.337666,0
3620,,18,1,3,4,1,3,4,9,0.2129,0.219043,5.065629,0.333333
7057,,18,9,2,11,9,2,11,9,0.21286,0.218934,9379.873901,0.1
3622,,8,0,1,1,0,1,1,9,0.232094,0.239671,0,0
3628,,15,0,1,1,0,1,1,10,0.179156,0.182314,0,0
3632,,8,0,1,1,0,1,1,9,0.222889,0.229835,0,0
3637,,11,0,1,1,0,1,1,9,0.220268,0.2265,0,0
10150,,15,1,0,1,1,0,1,0,0,0,0,0
9022,,8,2,8,10,2,8,10,8,0.253983,0.26509,8601.988612,0.041667
21790,,15,1,0,1,1,0,1,0,0,0,0,0
14702,,10,4,4,8,4,4,8,8,0.249973,0.26013,20089.788387,0.095238
3641,,11,0,1,1,0,1,1,8,0.235824,0.242716,0,0
9658,,11,1,1,2,1,1,2,10,0.188134,0.192421,0,0
29806,,16,1,1,2,1,1,2,9,0.200072,0.204809,3.848883,0
9783,,8,1,2,3,1,2,3,9,0.230197,0.238589,10.634544,0.5
3656,,0,0,1,1,0,1,1,9,0.18454,0.188492,0,0
6563,,6,2,1,3,2,1,3,9,0.201188,0.206418,10.181702,0
3659,,15,0,1,1,0,1,1,9,0.188432,0.192789,0,0
3937,,11,1,0,1,1,0,1,0,0,0,0,0
10656,,0,2,2,4,2,2,4,9,0.228868,0.236396,103.597054,0.5
16839,,15,1,0,1,1,0,1,0,0,0,0,0
28843,,15,1,0,1,1,0,1,0,0,0,0,0
31782,,15,1,0,1,1,0,1,0,0,0,0,0
16205,,0,1,0,1,1,0,1,0,0,0,0,0
14291,,7,1,0,1,1,0,1,0,0,0,0,0
18316,,7,1,0,1,1,0,1,0,0,0,0,0
7235,,10,5,9,14,5,9,14,8,0.264336,0.275122,456262.467408,0.065934
8406,,5,1,1,2,1,1,2,9,0.208705,0.213751,153.245857,0
18825,,5,1,2,3,1,2,3,9,0.226961,0.234505,0,0.5
25276,,5,1,0,1,1,0,1,0,0,0,0,0
24731,,5,2,1,3,2,1,3,9,0.22273,0.22967,18826,0
34299,,5,1,0,1,1,0,1,0,0,0,0,0
3677,,11,0,2,2,0,2,2,8,0.25215,0.262311,0,1
26139,,0,2,1,3,2,1,3,9,0.190873,0.195251,18825,0.333333
33006,,0,1,0,1,1,0,1,0,0,0,0,0
35099,,2,1,0,1,1,0,1,0,0,0,0,0
18143,,11,1,0,1,1,0,1,0,0,0,0,0
3688,,6,0,2,2,0,2,2,9,0.210132,0.21631,0,0
3690,,8,0,1,1,0,1,1,9,0.227237,0.234014,0,0
3691,,8,1,1,2,1,1,2,9,0.250606,0.260969,0,1
27298,,7,1,0,1,1,0,1,0,0,0,0,0
3694,,8,0,1,1,0,1,1,9,0.220475,0.226978,0,0
3696,,15,1,0,1,1,0,1,0,0,0,0,0
3697,,8,0,1,1,0,1,1,9,0.213948,0.21978,0,0
3699,,8,0,1,1,0,1,1,8,0.24587,0.25403,0,0
3701,,11,0,2,2,0,2,2,9,0.212346,0.218659,0,1
4171,,11,5,7,12,5,7,12,8,0.233214,0.240505,145256.168309,0.054545
8749,,11,1,3,4,1,3,4,8,0.24296,0.250993,275.681356,0.083333
3993,,11,1,1,2,1,1,2,1,1,1,25976,0
15247,,11,3,3,6,3,3,6,9,0.213268,0.21988,3034.441434,0.15
23935,,11,1,0,1,1,0,1,0,0,0,0,0
3703,,8,0,1,1,0,1,1,9,0.198528,0.20427,0,0
5897,,8,1,0,1,1,0,1,0,0,0,0,0
28788,,8,1,0,1,1,0,1,0,0,0,0,0
17081,,11,1,0,1,1,0,1,0,0,0,0,0
18719,,11,1,0,1,1,0,1,0,0,0,0,0
19400,,11,1,0,1,1,0,1,0,0,0,0,0
32053,,11,1,0,1,1,0,1,0,0,0,0,0
12729,,6,1,0,1,1,0,1,0,0,0,0,0
6947,,6,1,1,2,1,1,2,9,0.19636,0.20079,0,0
34067,,6,1,0,1,1,0,1,0,0,0,0,0
3861,,2,1,0,1,1,0,1,0,0,0,0,0
10149,,2,1,0,1,1,0,1,0,0,0,0,0
5360,,15,3,2,5,3,2,5,9,0.225321,0.232289,79463.533507,0.15
21589,,2,2,8,10,2,8,10,8,0.277322,0.29054,49122.439818,0.233333
31923,,2,1,0,1,1,0,1,0,0,0,0,0
35000,,2,2,0,2,2,0,2,0,0,0,0,0
17659,,2,3,1,4,3,1,4,9,0.209261,0.214892,18845.269449,0.083333
5680,,11,1,2,3,1,2,3,9,0.215773,0.22224,0,1
3713,,12,1,1,2,1,1,2,9,0.191547,0.195637,0,0
3874,,12,2,0,2,2,0,2,0,0,0,0,0
9355,,12,1,1,2,1,1,2,9,0.191547,0.195637,0,0
10099,,12,1,1,2,1,1,2,9,0.191547,0.195637,0,0
9769,,12,2,3,5,2,3,5,8,0.236906,0.244764,9408,0.5
9387,,12,2,4,6,2,4,6,9,0.191555,0.195726,25975.5,0.333333
4128,,12,2,1,3,2,1,3,9,0.191547,0.195637,0,1
22944,,12,1,1,2,1,1,2,9,0.191547,0.195637,0,0
31492,,12,1,0,1,1,0,1,0,0,0,0,0
22597,,1,1,0,1,1,0,1,0,0,0,0,0
24336,,1,2,5,7,2,5,7,8,0.237615,0.245802,27092.863704,0.047619
3716,,7,1,1,2,1,1,2,10,0.175041,0.178425,0,0
3718,,8,2,4,6,2,4,6,8,0.248992,0.258328,15940.963047,0.15
12552,,8,1,0,1,1,0,1,0,0,0,0,0
3721,,5,0,1,1,0,1,1,8,0.245108,0.253561,0,0
3722,,8,1,2,3,1,2,3,8,0.266766,0.278003,18827,0.166667
10176,,12,1,0,1,1,0,1,0,0,0,0,0
20186,,7,1,0,1,1,0,1,0,0,0,0,0
3726,,12,0,1,1,0,1,1,9,0.213606,0.219549,0,0
3727,,8,0,1,1,0,1,1,8,0.242744,0.250975,0,0
3728,,8,0,1,1,0,1,1,9,0.221406,0.228258,0,0
10948,,15,1,0,1,1,0,1,0,0,0,0,0
15927,,15,1,0,1,1,0,1,0,0,0,0,0
3734,,7,0,1,1,0,1,1,8,0.230989,0.238043,0,0
4600,,21,1,0,1,1,0,1,0,0,0,0,0
13648,,19,1,1,2,1,1,2,9,0.194133,0.198768,0,0
3743,,0,1,0,1,1,0,1,0,0,0,0,0
3744,,39,0,1,1,0,1,1,1,1,1,0,0
3745,,39,1,0,1,1,0,1,0,0,0,0,0
3746,,0,1,8,9,1,8,9,8,0.279641,0.292608,15151.543631,0.125
10325,,0,2,4,6,2,4,6,8,0.23421,0.242911,26295.644196,0.1
31743,,0,2,1,3,2,1,3,10,0.190294,0.19428,0,1
21381,,7,3,17,20,3,17,20,8,0.282533,0.297497,447.842805,0.172515
19615,,0,1,0,1,1,0,1,0,0,0,0,0
19869,,7,1,0,1,1,0,1,0,0,0,0,0
4381,,10,1,1,2,1,1,2,9,0.201775,0.206876,17.276508,0
3760,,12,0,2,2,0,2,2,8,0.236907,0.244742,0,0.5
3761,,21,0,1,1,0,1,1,9,0.221969,0.229196,0,0
3766,,12,0,1,1,0,1,1,9,0.191553,0.195654,0,0
3768,,40,1,2,3,1,2,3,1,1,1,1,0
3769,,40,1,1,2,1,1,2,2,0.666667,0.75,0,0
13735,,40,1,0,1,1,0,1,0,0,0,0,0
6284,,13,1,0,1,1,0,1,0,0,0,0,0
3771,,24,0,1,1,0,1,1,9,0.209524,0.215496,0,0
14288,,19,1,3,4,1,3,4,9,0.195187,0.200028,50.488674,0.166667
3775,,7,3,3,6,3,3,6,9,0.217742,0.223764,45016.030199,0.05
18580,,7,1,1,2,1,1,2,11,0.143376,0.145197,6.157895,0
22441,,8,1,0,1,1,0,1,0,0,0,0,0
12520,,8,1,6,7,1,6,7,8,0.268291,0.280231,19211.869307,0.1
3781,,15,1,4,5,1,4,5,8,0.241149,0.249873,18827,0.15
9520,,15,2,1,3,2,1,3,8,0.234847,0.24217,391.819995,0.333333
3782,,8,0,2,2,0,2,2,8,0.229899,0.237529,0,0
3783,,8,1,0,1,1,0,1,0,0,0,0,0
3786,,2,0,1,1,0,1,1,8,0.261475,0.272568,0,0
3787,,8,0,1,1,0,1,1,9,0.210346,0.215844,0,0
3788,,8,0,2,2,0,2,2,8,0.244212,0.252857,0,0
22201,,16,3,3,6,3,3,6,9,0.216016,0.2225,0,1
31082,,16,1,7,8,1,7,8,8,0.265555,0.277055,472.853315,0.404762
9075,,8,1,3,4,1,3,4,9,0.221183,0.227737,76.121055,0.166667
21362,,8,1,0,1,1,0,1,0,0,0,0,0
34481,,8,1,1,2,1,1,2,10,0.170191,0.173177,240.314089,0
17121,,8,1,1,2,1,1,2,8,0.263621,0.273996,178.2225,0
3800,,6,0,1,1,0,1,1,9,0.20395,0.209265,0,0
14089,,8,1,3,4,1,3,4,9,0.230917,0.239543,10.29141,0.75
3806,,1,0,7,7,0,7,7,8,0.23828,0.247367,0,0.02381
3808,,2,5,3,8,5,3,8,8,0.236799,0.244287,45133.568554,0.047619
19525,,2,1,1,2,1,1,2,9,0.191465,0.195334,0,1
23083,,5,1,0,1,1,0,1,0,0,0,0,0
26478,,9,3,0,3,3,0,3,0,0,0,0,0.5
28448,,5,1,1,2,1,1,2,9,0.222606,0.230047,72.989412,0
17619,,7,1,10,11,1,10,11,8,0.283486,0.296726,382.608435,0.322222
16686,,2,1,0,1,1,0,1,0,0,0,0,0
3810,,6,0,4,4,0,4,4,9,0.194484,0.198815,0,0.333333
3811,,12,0,1,1,0,1,1,9,0.213606,0.219549,0,0
3813,,0,1,0,1,1,0,1,0,0,0,0,0
3857,,0,1,0,1,1,0,1,0,0,0,0,0
9282,,0,2,0,2,2,0,2,0,0,0,0,0.5
9356,,0,2,0,2,2,0,2,0,0,0,0,1
10240,,0,1,0,1,1,0,1,0,0,0,0,0
12695,,0,1,0,1,1,0,1,0,0,0,0,0
13502,,0,1,0,1,1,0,1,0,0,0,0,0
13555,,0,1,0,1,1,0,1,0,0,0,0,0
18228,,0,1,0,1,1,0,1,0,0,0,0,0
19269,,0,1,0,1,1,0,1,0,0,0,0,0
13710,,0,2,1,3,2,1,3,10,0.190879,0.195803,0,1
21244,,0,1,0,1,1,0,1,0,0,0,0,0
20987,,0,1,6,7,1,6,7,9,0.204162,0.209838,51950,0.1
23090,,0,1,0,1,1,0,1,0,0,0,0,0
23510,,0,1,1,2,1,1,2,9,0.204147,0.209687,0,0
25032,,0,1,0,1,1,0,1,0,0,0,0,0
27203,,0,2,0,2,2,0,2,0,0,0,0,0.5
29736,,0,2,0,2,2,0,2,0,0,0,0,1
30494,,0,1,0,1,1,0,1,0,0,0,0,0
30842,,0,2,0,2,2,0,2,0,0,0,0,1
31079,,0,2,0,2,2,0,2,0,0,0,0,1
32010,,0,1,0,1,1,0,1,0,0,0,0,0
24302,,8,1,1,2,1,1,2,9,0.215489,0.221738,6.024113,0.5
32397,,8,1,0,1,1,0,1,0,0,0,0,0
3816,,16,0,5,5,0,5,5,9,0.226585,0.234219,0,0
3817,,16,1,0,1,1,0,1,0,0,0,0,0
25522,,16,1,0,1,1,0,1,0,0,0,0,0
3818,,6,0,2,2,0,2,2,9,0.216186,0.222948,0,0
20271,,11,2,1,3,2,1,3,9,0.199508,0.204411,18826,0
17657,,11,2,2,4,2,2,4,8,0.267967,0.279521,542.377264,0.166667
20659,,312,3,0,3,3,0,3,0,0,0,0,0.166667
30240,,8,2,0,2,2,0,2,0,0,0,0,1
28970,,8,1,4,5,1,4,5,9,0.212282,0.21834,27927.008768,0
3827,,11,1,0,1,1,0,1,0,0,0,0,0
11309,,11,1,0,1,1,0,1,0,0,0,0,0
11978,,11,1,1,2,1,1,2,8,0.227711,0.235098,0,0
19030,,2,2,1,3,2,1,3,1,1,1,93.32388,0
26655,,11,3,0,3,3,0,3,0,0,0,0,0.666667
28720,,11,1,1,2,1,1,2,8,0.227711,0.235098,0,0
32318,,11,4,4,8,4,4,8,8,0.251988,0.260975,59370.627605,0
28481,,11,1,1,2,1,1,2,8,0.227711,0.235098,0,0
25209,,11,2,1,3,2,1,3,8,0.271139,0.283495,6448.702316,0.166667
35025,,11,2,3,5,2,3,5,9,0.221501,0.22802,33526.262732,0.083333
3828,,8,0,2,2,0,2,2,9,0.221359,0.227924,0,0
6421,,1,1,0,1,1,0,1,0,0,0,0,0
12441,,1,1,0,1,1,0,1,0,0,0,0,0
19559,,1,1,0,1,1,0,1,0,0,0,0,0
18724,,8,1,1,2,1,1,2,8,0.262757,0.273467,0,0.5
33740,,1,1,0,1,1,0,1,0,0,0,0,0
3834,,10,1,1,2,1,1,2,8,0.262764,0.273472,521.738624,0
12964,,6,1,0,1,1,0,1,0,0,0,0,0
13920,,6,2,2,4,2,2,4,10,0.199635,0.20459,0.333333,0.333333
3837,,16,0,1,1,0,1,1,8,0.232025,0.239654,0,0
29054,,11,1,0,1,1,0,1,0,0,0,0,0
18892,,11,2,5,7,2,5,7,8,0.249028,0.260049,932.80401,0.366667
3841,,16,1,0,1,1,0,1,0,0,0,0,0
4430,,16,1,3,4,1,3,4,9,0.226198,0.233386,52138.495884,0.083333
3842,,21,0,1,1,0,1,1,1,1,1,0,0
3845,,7,1,2,3,1,2,3,8,0.24694,0.255931,0.5,0.5
3847,,11,0,1,1,0,1,1,8,0.23949,0.247366,0,0
3848,,12,0,1,1,0,1,1,10,0.172394,0.175591,0,0
3851,,16,0,1,1,0,1,1,9,0.222626,0.229753,0,0
10666,,11,2,1,3,2,1,3,8,0.236531,0.245945,131.331135,0.166667
33375,,11,1,0,1,1,0,1,0,0,0,0,0
8239,,10,2,3,5,2,3,5,8,0.237271,0.246136,64.199258,0.55
21902,,10,1,0,1,1,0,1,0,0,0,0,0
21419,,11,2,3,5,2,3,5,9,0.235207,0.243193,26466.077436,0.05
33186,,10,1,0,1,1,0,1,0,0,0,0,0
3864,,11,0,1,1,0,1,1,1,1,1,0,0
10980,,10,1,1,2,1,1,2,9,0.205475,0.2112,0,1
23965,,10,3,1,4,3,1,4,8,0.244157,0.253362,18825,0.25
14007,,10,1,2,3,1,2,3,9,0.20155,0.207254,4.109883,0
3868,,7,0,3,3,0,3,3,7,0.29391,0.308413,0,0.333333
12173,,5,4,5,9,4,5,9,9,0.217848,0.224547,91809.560458,0
3870,,15,1,2,3,1,2,3,8,0.262775,0.273523,8293.51159,0.166667
3873,,11,0,1,1,0,1,1,8,0.267429,0.278245,0,0
11331,,8,1,1,2,1,1,2,9,0.236549,0.24428,0,0
15469,,8,1,0,1,1,0,1,0,0,0,0,0
10451,,8,2,2,4,2,2,4,8,0.26279,0.27355,2288.664828,0.25
16983,,9,1,1,2,1,1,2,9,0.185524,0.189878,597.610524,0
8721,,7,5,4,9,5,4,9,8,0.239453,0.246601,1839.750181,0.119048
5104,,8,2,6,8,2,6,8,8,0.24884,0.257543,52353.856994,0.095238
25488,,8,1,0,1,1,0,1,0,0,0,0,0
26682,,8,1,0,1,1,0,1,0,0,0,0,0
27201,,8,1,1,2,1,1,2,10,0.197168,0.201962,0,1
28730,,1,2,0,2,2,0,2,0,0,0,0,0
32085,,8,1,0,1,1,0,1,0,0,0,0,0
18353,,8,2,5,7,2,5,7,8,0.242194,0.250721,4992.452685,0.166667
13707,,8,2,1,3,2,1,3,8,0.22397,0.231194,18907.171906,0
13253,,8,1,0,1,1,0,1,0,0,0,0,0
3881,,0,0,1,1,0,1,1,8,0.242388,0.250662,0,0
3883,,10,1,1,2,1,1,2,9,0.197313,0.202197,0,0
10422,,10,1,0,1,1,0,1,0,0,0,0,0
3885,,8,0,1,1,0,1,1,9,0.215792,0.221921,0,0
30825,,8,2,0,2,2,0,2,0,0,0,0,0
3887,,2,0,2,2,0,2,2,8,0.264283,0.275957,0,0.5
3888,,2,0,2,2,0,2,2,8,0.265652,0.277344,0,0.5
30006,,0,1,2,3,1,2,3,8,0.236193,0.244823,44.546616,0.333333
30004,,0,1,1,2,1,1,2,8,0.230716,0.238683,0,0.5
3896,,24,3,1,4,3,1,4,9,0.218336,0.225143,18928.018841,0.166667
3897,,24,0,1,1,0,1,1,10,0.179216,0.182916,0,0
3899,,11,1,1,2,1,1,2,10,0.18506,0.189072,0,0
3900,,0,1,2,3,1,2,3,9,0.218336,0.224735,51.024554,0
5308,,5,1,0,1,1,0,1,0,0,0,0,0
3903,,8,0,1,1,0,1,1,9,0.213582,0.219388,0,0
7661,,10,1,4,5,1,4,5,8,0.244237,0.253961,278.252769,0.25
22213,,10,1,1,2,1,1,2,9,0.209483,0.215081,17.206119,0
30606,,10,1,0,1,1,0,1,0,0,0,0,0
3909,,12,0,1,1,0,1,1,9,0.189949,0.193954,0,0
3912,,10,0,1,1,0,1,1,8,0.218178,0.224744,0,0
3913,,0,0,1,1,0,1,1,9,0.19166,0.19573,0,0
3914,,11,1,1,2,1,1,2,1,1,1,0,0
8326,,8,1,7,8,1,7,8,8,0.237663,0.246159,48.163554,0.238095
14626,,9,1,4,5,1,4,5,9,0.204107,0.210193,26043.510397,0.1
28284,,8,1,2,3,1,2,3,9,0.211194,0.216931,97.979018,0.166667
3918,,16,0,1,1,0,1,1,9,0.229791,0.237541,0,0
3919,,15,2,9,11,2,9,11,8,0.2369,0.246063,53913.077851,0.036364
10670,,15,1,0,1,1,0,1,0,0,0,0,0
12923,,7,2,1,3,2,1,3,8,0.251526,0.261554,19299.327838,0
4460,,15,1,0,1,1,0,1,0,0,0,0,0
11773,,15,1,0,1,1,0,1,0,0,0,0,0
12217,,15,1,0,1,1,0,1,0,0,0,0,0
3922,,11,0,1,1,0,1,1,9,0.213228,0.219825,0,0
3923,,16,0,1,1,0,1,1,9,0.226185,0.233312,0,0
3924,,16,0,2,2,0,2,2,1,1,1,0,0
3925,,16,1,0,1,1,0,1,0,0,0,0,0
21182,,16,6,0,6,6,0,6,0,0,0,0,0
28203,,15,1,0,1,1,0,1,0,0,0,0,0
3932,,8,0,1,1,0,1,1,8,0.262756,0.273466,0,0
34423,,11,2,1,3,2,1,3,9,0.193673,0.197888,18826,0
3936,,11,2,3,5,2,3,5,8,0.239095,0.247025,1037.323837,0.25
9891,,11,2,2,4,2,2,4,9,0.225531,0.232244,0,0.5
3941,,7,0,3,3,0,3,3,9,0.226894,0.234057,0,0.333333
3944,,8,0,1,1,0,1,1,9,0.214101,0.220082,0,0
11706,,8,2,2,4,2,2,4,9,0.214448,0.220607,44799,0
5213,,10,2,6,8,2,6,8,9,0.236906,0.246161,44931.00769,0.017857
3946,,11,0,1,1,0,1,1,8,0.251382,0.261452,0,0
3947,,16,2,3,5,2,3,5,8,0.25909,0.270604,20866.842456,0
3948,,41,0,1,1,0,1,1,1,1,1,0,0
3949,,41,1,0,1,1,0,1,0,0,0,0,0
3950,,16,0,1,1,0,1,1,9,0.191866,0.196064,0,0
3954,,8,1,0,1,1,0,1,0,0,0,0,0
14882,,8,1,1,2,1,1,2,9,0.213386,0.219485,5.333333,0
18116,,8,1,0,1,1,0,1,0,0,0,0,0
19810,,16,1,1,2,1,1,2,8,0.221264,0.228207,25.804829,0
20534,,7,2,3,5,2,3,5,8,0.262753,0.274124,215.756321,0.1
7883,,8,1,1,2,1,1,2,8,0.262753,0.273463,65.98781,0.5
19732,,11,2,2,4,2,2,4,9,0.227148,0.23401,0,1
11768,,7,1,1,2,1,1,2,9,0.19232,0.196984,0,0
3962,,15,2,6,8,2,6,8,8,0.268463,0.280791,10693.683733,0.267857
8245,,15,5,10,15,5,10,15,8,0.264432,0.276359,75907.023318,0.096154
22592,,8,2,0,2,2,0,2,0,0,0,0,0
3966,,10,0,2,2,0,2,2,9,0.215881,0.221879,0,0
24582,,10,1,1,2,1,1,2,9,0.209842,0.215301,0,0
29307,,8,1,0,1,1,0,1,0,0,0,0,0
11307,,8,2,3,5,2,3,5,8,0.26401,0.274965,18965.731844,0.2
21872,,2,1,0,1,1,0,1,0,0,0,0,0
27070,,11,1,0,1,1,0,1,0,0,0,0,0
3971,,16,0,3,3,0,3,3,9,0.226909,0.234804,0,0.333333
14305,,16,1,0,1,1,0,1,0,0,0,0,0
27220,,16,1,0,1,1,0,1,0,0,0,0,0
28378,,11,1,2,3,1,2,3,9,0.226634,0.234173,0,1
17142,,11,2,0,2,2,0,2,0,0,0,0,0
3980,,2,0,1,1,0,1,1,8,0.261475,0.272568,0,0
20565,,15,1,0,1,1,0,1,0,0,0,0,0
4154,,15,1,0,1,1,0,1,0,0,0,0,0
23714,,15,1,0,1,1,0,1,0,0,0,0,0
3983,,12,0,1,1,0,1,1,9,0.189963,0.19399,0,0
3984,,2,0,1,1,0,1,1,8,0.261475,0.272568,0,0
7420,,16,1,0,1,1,0,1,0,0,0,0,0
3988,,3,0,3,3,0,3,3,8,0.248784,0.259546,0,0.166667
3990,,16,0,3,3,0,3,3,8,0.264094,0.275187,0,0.666667
13235,,10,1,1,2,1,1,2,9,0.190223,0.194763,0,0
19018,,8,2,1,3,2,1,3,9,0.233266,0.24103,19281.832037,0
3994,,11,1,0,1,1,0,1,0,0,0,0,0
3995,,8,0,2,2,0,2,2,8,0.239286,0.247129,0,1
3996,,2,0,1,1,0,1,1,8,0.261475,0.272568,0,0
3998,,8,1,6,7,1,6,7,8,0.260117,0.270896,26628.836213,0
7999,,8,1,0,1,1,0,1,0,0,0,0,0
3999,,12,0,1,1,0,1,1,10,0.172394,0.175591,0,0
4000,,15,0,2,2,0,2,2,9,0.215535,0.22185,0,0.5
4002,,8,0,1,1,0,1,1,8,0.262756,0.273466,0,0
4005,,7,0,1,1,0,1,1,9,0.193032,0.196903,0,0
4006,,7,0,1,1,0,1,1,9,0.200066,0.204368,0,0
11062,,1,1,1,2,1,1,2,8,0.26276,0.27347,217.594949,0
4009,,6,0,1,1,0,1,1,8,0.25615,0.266929,0,0
4011,,11,0,1,1,0,1,1,9,0.22008,0.227059,0,0
4013,,8,0,3,3,0,3,3,8,0.232504,0.240736,0,0.333333
22121,,11,2,0,2,2,0,2,0,0,0,0,0
28016,,8,1,0,1,1,0,1,0,0,0,0,0
26030,,12,1,0,1,1,0,1,0,0,0,0,0
4025,,16,0,1,1,0,1,1,8,0.238712,0.2466,0,0
19668,,8,1,0,1,1,0,1,0,0,0,0,0
4030,,13,0,1,1,0,1,1,8,0.234601,0.241751,0,0
9024,,8,1,1,2,1,1,2,9,0.22136,0.227915,0,1
4034,,8,1,0,1,1,0,1,0,0,0,0,0
4036,,8,0,1,1,0,1,1,8,0.223971,0.231195,0,0
4038,,11,0,2,2,0,2,2,8,0.236541,0.245985,0,0
10311,,16,1,0,1,1,0,1,0,0,0,0,0
35544,,11,1,0,1,1,0,1,0,0,0,0,0
4042,,7,0,1,1,0,1,1,9,0.226164,0.233246,0,0
4043,,11,0,1,1,0,1,1,8,0.251382,0.261452,0,0
12845,,7,1,0,1,1,0,1,0,0,0,0,0
28884,,10,1,3,4,1,3,4,8,0.265387,0.276595,56.489521,0.166667
4507,,6,1,0,1,1,0,1,0,0,0,0,0
4049,,16,0,1,1,0,1,1,9,0.216998,0.223279,0,0
4050,,7,0,1,1,0,1,1,8,0.265449,0.276753,0,0
4051,,16,0,1,1,0,1,1,8,0.236961,0.24442,0,0
4053,,8,1,7,8,1,7,8,8,0.265743,0.276948,224.773729,0.089286
4054,,7,0,1,1,0,1,1,2,0.666667,0.75,0,0
20811,,21,1,1,2,1,1,2,10,0.180357,0.18374,655.514357,0
4056,,12,1,2,3,1,2,3,9,0.193996,0.198186,25976.166667,0.166667
5646,,12,1,2,3,1,2,3,8,0.23685,0.244618,10073.517284,0.166667
4060,,1,0,2,2,0,2,2,9,0.216868,0.223336,0,0
4063,,7,1,14,15,1,14,15,8,0.278908,0.292842,50144.11405,0.180952
34878,,7,1,0,1,1,0,1,0,0,0,0,0
4064,,7,0,1,1,0,1,1,9,0.200066,0.204368,0,0
4065,,8,0,6,6,0,6,6,8,0.250386,0.259486,0,0.1
4066,,8,1,0,1,1,0,1,0,0,0,0,0
6584,,15,6,4,10,6,4,10,8,0.22674,0.234742,89615.345498,0.089286
9038,,15,3,2,5,3,2,5,9,0.189238,0.193953,19247.210216,0.05
18011,,8,1,5,6,1,5,6,8,0.267542,0.280161,676.394392,0.3
15740,,10,2,5,7,2,5,7,8,0.247499,0.256643,18844.591056,0.366667
11916,,8,1,1,2,1,1,2,9,0.21965,0.226482,0,0
19353,,8,1,2,3,1,2,3,8,0.230578,0.238148,0,1
5126,,6,1,0,1,1,0,1,0,0,0,0,0
4069,,6,0,1,1,0,1,1,8,0.247395,0.256736,0,0
4070,,16,0,3,3,0,3,3,8,0.262777,0.273543,0,0
33088,,16,1,1,2,1,1,2,9,0.219439,0.226594,35.558466,0
4074,,8,0,7,7,0,7,7,8,0.255614,0.266018,0,0.309524
4076,,5,1,3,4,1,3,4,9,0.191605,0.195567,20037.341106,0
7317,,5,4,0,4,4,0,4,0,0,0,0,0
5391,,10,1,0,1,1,0,1,0,0,0,0,0
6962,,10,1,1,2,1,1,2,9,0.210782,0.216631,0,0
18557,,10,1,0,1,1,0,1,0,0,0,0,0
32039,,10,1,0,1,1,0,1,0,0,0,0,0
33012,,10,1,0,1,1,0,1,0,0,0,0,0
4079,,7,0,1,1,0,1,1,9,0.20921,0.214873,0,0
4081,,11,0,1,1,0,1,1,9,0.216719,0.222904,0,0
4082,,6,0,1,1,0,1,1,9,0.222258,0.229364,0,0
4084,,6,0,1,1,0,1,1,8,0.25615,0.266929,0,0
4089,,0,0,3,3,0,3,3,8,0.229732,0.237638,0,0.166667
8028,,0,1,2,3,1,2,3,8,0.240539,0.24934,105.193808,0.666667
8540,,10,1,3,4,1,3,4,9,0.228946,0.236649,328.649169,0.25
20523,,8,1,1,2,1,1,2,9,0.224571,0.23158,0,0
21799,,8,2,5,7,2,5,7,8,0.265103,0.276226,2623.608374,0.333333
32817,,16,1,1,2,1,1,2,8,0.238712,0.2466,86.04382,0
4098,,10,0,6,6,0,6,6,8,0.250149,0.259787,0,0.733333
15561,,11,1,0,1,1,0,1,0,0,0,0,0
25498,,11,1,0,1,1,0,1,0,0,0,0,0
28261,,11,1,0,1,1,0,1,0,0,0,0,0
29640,,11,1,0,1,1,0,1,0,0,0,0,0
33516,,11,1,0,1,1,0,1,0,0,0,0,0
34161,,11,1,0,1,1,0,1,0,0,0,0,0
7904,,0,4,4,8,4,4,8,8,0.229644,0.237538,19760.542331,0.196429
4101,,8,1,1,2,1,1,2,9,0.209627,0.215249,0,0.5
21380,,6,2,0,2,2,0,2,0,0,0,0,0
4106,,8,0,1,1,0,1,1,9,0.209226,0.214674,0,0
4109,,8,0,2,2,0,2,2,8,0.231723,0.238658,0,0
8938,,11,1,1,2,1,1,2,9,0.18937,0.194091,0,0
4112,,6,0,2,2,0,2,2,9,0.221281,0.22839,0,1
27824,,16,2,0,2,2,0,2,0,0,0,0,0
4116,,16,3,3,6,3,3,6,9,0.205168,0.210781,44827.410308,0.133333
12493,,16,5,0,5,5,0,5,0,0,0,0,0.2
9339,,16,2,1,3,2,1,3,9,0.18275,0.186473,6.456073,0.5
23254,,16,1,5,6,1,5,6,8,0.24945,0.258723,494.693996,0.15
32239,,8,1,0,1,1,0,1,0,0,0,0,0
7979,,16,3,0,3,3,0,3,0,0,0,0,0.166667
6597,,16,2,4,6,2,4,6,8,0.257601,0.268862,19834.380578,0.25
4118,,7,0,11,11,0,11,11,8,0.273529,0.286346,0,0.272727
15438,,11,1,0,1,1,0,1,0,0,0,0,0
23745,,11,2,1,3,2,1,3,9,0.224028,0.231574,0,0.5
4121,,12,0,1,1,0,1,1,9,0.195014,0.200132,0,0
8426,,8,1,0,1,1,0,1,0,0,0,0,0
14259,,8,1,0,1,1,0,1,0,0,0,0,0
16934,,56,3,2,5,3,2,5,8,0.229499,0.236983,37711.583481,0.1
5153,,15,1,1,2,1,1,2,9,0.222438,0.228746,0,0.5
24764,,8,1,0,1,1,0,1,0,0,0,0,0
11681,,8,1,2,3,1,2,3,9,0.213261,0.219327,40.265717,0
12672,,2,1,3,4,1,3,4,8,0.261534,0.272693,26084.080383,0.166667
4135,,43,0,1,1,0,1,1,9,0.196447,0.201528,0,0
4518,,24,5,5,10,5,5,10,9,0.235043,0.243249,41046.25059,0.097222
10704,,24,1,2,3,1,2,3,9,0.234958,0.243041,0,0.5
4142,,6,0,1,1,0,1,1,9,0.204842,0.210277,0,0
4143,,1,1,1,2,1,1,2,11,0.151329,0.153503,0,0
4144,,1,1,2,3,1,2,3,10,0.178311,0.181906,18827,0
30684,,6,4,1,5,4,1,5,10,0.183704,0.187719,37673.827448,0
4147,,19,0,1,1,0,1,1,9,0.193733,0.198249,0,0
4148,,7,1,1,2,1,1,2,9,0.208098,0.213262,1,0
4150,,12,0,2,2,0,2,2,8,0.237457,0.245656,0,1
30437,,10,1,2,3,1,2,3,8,0.233275,0.240282,0,0.333333
27527,,10,2,0,2,2,0,2,0,0,0,0,0
4157,,16,0,2,2,0,2,2,8,0.246272,0.255285,0,1
4158,,11,1,4,5,1,4,5,8,0.270662,0.282799,18827,0.4
17071,,8,1,2,3,1,2,3,9,0.206618,0.211965,0,0.5
4160,,11,0,1,1,0,1,1,8,0.216811,0.22311,0,0
19688,,11,1,0,1,1,0,1,0,0,0,0,0
8934,,10,2,4,6,2,4,6,9,0.243866,0.252598,390.08707,0.133333
21212,,7,1,0,1,1,0,1,0,0,0,0,0
26347,,7,2,0,2,2,0,2,0,0,0,0,0
32557,,7,1,2,3,1,2,3,8,0.268261,0.279708,272.234411,0.166667
4163,,21,0,1,1,0,1,1,8,0.240355,0.248397,0,0
4165,,6,0,1,1,0,1,1,8,0.247395,0.256736,0,0
4167,,0,4,4,8,4,4,8,8,0.229063,0.236897,52148.797537,0.166667
9563,,0,1,1,2,1,1,2,9,0.223975,0.230996,160.189662,0
19728,,0,2,2,4,2,2,4,8,0.228946,0.236696,18826,0.166667
4168,,18,0,1,1,0,1,1,9,0.21286,0.218905,0,0
4170,,10,0,1,1,0,1,1,9,0.214748,0.220754,0,0
4172,,11,1,0,1,1,0,1,0,0,0,0,0
13623,,11,1,0,1,1,0,1,0,0,0,0,0
23163,,11,1,2,3,1,2,3,9,0.212145,0.218606,325.845886,0.333333
33506,,11,1,0,1,1,0,1,0,0,0,0,0
15883,,7,1,0,1,1,0,1,0,0,0,0,0
4176,,15,1,0,1,1,0,1,0,0,0,0,0
25286,,15,1,0,1,1,0,1,0,0,0,0,0
4177,,15,1,6,7,1,6,7,8,0.263197,0.274709,18827,0.071429
26173,,15,2,0,2,2,0,2,0,0,0,0,0
8231,,24,1,0,1,1,0,1,0,0,0,0,0
5260,,17,2,0,2,2,0,2,0,0,0,0,0
4186,,0,0,2,2,0,2,2,9,0.215548,0.222135,0,0
7872,,6,1,4,5,1,4,5,8,0.256188,0.267054,134.173778,0.3
5928,,8,1,1,2,1,1,2,9,0.216869,0.222916,2.353315,0
9090,,6,1,0,1,1,0,1,0,0,0,0,0
4194,,11,0,1,1,0,1,1,9,0.213228,0.219825,0,0
4195,,12,3,3,6,3,3,6,9,0.202674,0.207984,13032.051495,0.166667
5915,,12,2,4,6,2,4,6,9,0.226904,0.234446,2934.759189,0.166667
4196,,11,1,2,3,1,2,3,8,0.237387,0.246899,26733.307711,0
11598,,11,1,0,1,1,0,1,0,0,0,0,0
4197,,11,0,1,1,0,1,1,9,0.215775,0.22222,0,0
4198,,0,0,1,1,0,1,1,10,0.183542,0.187607,0,0
4201,,8,0,1,1,0,1,1,9,0.233264,0.241028,0,0
4202,,15,0,1,1,0,1,1,9,0.215151,0.221458,0,0
4203,,6,0,1,1,0,1,1,8,0.25615,0.266929,0,0
4205,,10,0,4,4,0,4,4,8,0.239801,0.248217,0,0
26939,,10,1,1,2,1,1,2,9,0.2086,0.214377,60.65692,0
4206,,16,1,1,2,1,1,2,8,0.234157,0.2421,0,0.5
4208,,8,0,2,2,0,2,2,8,0.26276,0.273493,0,0.5
8184,,0,1,0,1,1,0,1,0,0,0,0,0
4211,,7,0,1,1,0,1,1,8,0.272188,0.283721,0,0
4213,,6,0,1,1,0,1,1,9,0.217915,0.224606,0,0
7648,,11,1,1,2,1,1,2,8,0.236534,0.245949,10.229476,0
30682,,11,3,0,3,3,0,3,0,0,0,0,0
4217,,8,0,2,2,0,2,2,9,0.210242,0.215712,0,0.5
4219,,6,1,4,5,1,4,5,9,0.227062,0.234738,256.513337,0.3
16135,,6,1,0,1,1,0,1,0,0,0,0,0
14332,,6,2,2,4,2,2,4,8,0.255389,0.265742,148.244299,0.583333
24499,,6,1,0,1,1,0,1,0,0,0,0,0
4224,,11,0,1,1,0,1,1,8,0.230667,0.237711,0,0
4226,,15,0,1,1,0,1,1,9,0.214155,0.219626,0,0
4227,,9,2,4,6,2,4,6,8,0.248709,0.258397,20401.664394,0
6301,,9,1,2,3,1,2,3,9,0.225571,0.232458,55.093431,0
10865,,11,1,0,1,1,0,1,0,0,0,0,0
30266,,11,1,0,1,1,0,1,0,0,0,0,0
8726,,11,1,3,4,1,3,4,8,0.264247,0.275869,89.776371,0.416667
30199,,7,1,0,1,1,0,1,0,0,0,0,0
16083,,12,1,0,1,1,0,1,0,0,0,0,0
22004,,12,1,2,3,1,2,3,9,0.203562,0.208544,278.821744,0
26534,,12,1,0,1,1,0,1,0,0,0,0,0
6039,,6,1,0,1,1,0,1,0,0,0,0,0
13730,,6,1,0,1,1,0,1,0,0,0,0,0
14147,,6,1,0,1,1,0,1,0,0,0,0,0
15284,,6,1,0,1,1,0,1,0,0,0,0,0
16068,,6,1,1,2,1,1,2,9,0.203232,0.208448,0,0
14318,,6,4,2,6,4,2,6,8,0.244344,0.253514,140.390579,0.466667
24921,,6,1,0,1,1,0,1,0,0,0,0,0
22071,,6,1,1,2,1,1,2,9,0.203232,0.208448,0,0
4239,,7,0,1,1,0,1,1,9,0.207609,0.212853,0,0
11948,,11,1,0,1,1,0,1,0,0,0,0,0
4243,,1,0,2,2,0,2,2,9,0.228961,0.236378,0,0
4244,,15,3,1,4,3,1,4,9,0.216804,0.223195,446.296089,0.166667
14073,,0,1,0,1,1,0,1,0,0,0,0,0
4246,,7,0,4,4,0,4,4,8,0.268382,0.280256,0,0.5
4247,,11,0,1,1,0,1,1,10,0.175756,0.179374,0,0
4249,,7,1,1,2,1,1,2,9,0.200068,0.20437,11.917612,0
4250,,0,0,5,5,0,5,5,8,0.264283,0.276215,0,0.4
4983,,1,1,0,1,1,0,1,0,0,0,0,0
25583,,2,1,1,2,1,1,2,9,0.226465,0.234217,90.911701,0
4254,,7,0,2,2,0,2,2,8,0.26276,0.273493,0,0.5
4257,,6,1,2,3,1,2,3,8,0.247567,0.257036,0,1
4398,,6,1,5,6,1,5,6,9,0.23213,0.240421,406.507169,0.033333
14664,,6,1,1,2,1,1,2,8,0.239328,0.246807,0,0
22544,,6,1,0,1,1,0,1,0,0,0,0,0
29671,,6,1,0,1,1,0,1,0,0,0,0,0
16629,,6,2,1,3,2,1,3,8,0.247392,0.256732,18826,0.333333
30583,,6,1,0,1,1,0,1,0,0,0,0,0
30870,,6,2,2,4,2,2,4,9,0.220319,0.227499,2460.63686,0.416667
33230,,6,1,2,3,1,2,3,9,0.22629,0.233928,0,1
4261,,6,0,1,1,0,1,1,12,0.133072,0.134495,0,0
4262,,8,0,1,1,0,1,1,9,0.216871,0.222917,0,0
4264,,13,1,6,7,1,6,7,8,0.267373,0.279442,26044.267333,0.119048
21765,,24,1,0,1,1,0,1,0,0,0,0,0
32324,,24,6,23,29,6,23,29,8,0.244053,0.253309,18907.779756,0.408832
8843,,13,1,1,2,1,1,2,9,0.226168,0.23325,11.290774,0
4265,,8,0,1,1,0,1,1,10,0.165264,0.167785,0,0
25884,,11,1,1,2,1,1,2,8,0.221715,0.228085,0,0
27791,,11,1,1,2,1,1,2,8,0.221715,0.228085,0,0
17690,,11,1,3,4,1,3,4,9,0.224882,0.232881,26250.466342,0
4269,,5,0,1,1,0,1,1,9,0.220134,0.226548,0,0
4272,,15,0,1,1,0,1,1,10,0.179156,0.182314,0,0
9066,,9,1,3,4,1,3,4,8,0.262438,0.273863,504.257903,0.25
20620,,15,1,1,2,1,1,2,9,0.213505,0.219444,0,0
4540,,6,1,1,2,1,1,2,8,0.247395,0.256737,20.829226,0
4550,,6,1,0,1,1,0,1,0,0,0,0,0
4277,,5,0,4,4,0,4,4,7,0.294531,0.309142,0,0.416667
4278,,5,3,0,3,3,0,3,0,0,0,0,0.166667
4280,,11,0,1,1,0,1,1,9,0.231783,0.240091,0,0
4281,,5,0,3,3,0,3,3,7,0.29363,0.308078,0,0.166667
12717,,8,1,1,2,1,1,2,9,0.212521,0.218426,0,0
4284,,7,0,1,1,0,1,1,9,0.200066,0.204368,0,0
4285,,7,0,2,2,0,2,2,9,0.217646,0.223719,0,0
4287,,11,2,1,3,2,1,3,8,0.262757,0.273467,21238.634296,0
4289,,0,0,2,2,0,2,2,9,0.224797,0.232451,0,1
6348,,6,1,0,1,1,0,1,0,0,0,0,0
4293,,12,0,1,1,0,1,1,9,0.200492,0.205579,0,0
4294,,8,0,2,2,0,2,2,8,0.235117,0.243334,0,1
25045,,11,1,0,1,1,0,1,0,0,0,0,0
4296,,0,0,1,1,0,1,1,8,0.228936,0.236648,0,0
4297,,8,0,3,3,0,3,3,8,0.252532,0.262853,0,0.166667
4298,,8,5,2,7,5,2,7,9,0.230228,0.237249,87.413725,0.119048
21266,,2,1,0,1,1,0,1,0,0,0,0,0
4300,,8,0,1,1,0,1,1,2,0.666667,0.75,0,0
10321,,8,2,0,2,2,0,2,0,0,0,0,0
4303,,42,0,1,1,0,1,1,1,1,1,0,0
4304,,42,1,0,1,1,0,1,0,0,0,0,0
4305,,7,0,2,2,0,2,2,8,0.23085,0.238512,0,0
25231,,10,2,0,2,2,0,2,0,0,0,0,0
8706,,11,5,5,10,5,5,10,9,0.22565,0.232954,6.125,0.472222
11967,,11,4,4,8,4,4,8,9,0.225639,0.2329,25976.75,0.366667
13047,,11,4,4,8,4,4,8,9,0.225648,0.232927,294.334486,0.533333
13965,,11,3,3,6,3,3,6,9,0.225634,0.232865,18825.375,0.3
15165,,11,1,2,3,1,2,3,9,0.225631,0.232838,0,1
14238,,11,2,3,5,2,3,5,9,0.225675,0.23293,5.56156,0.75
16103,,11,14,18,32,14,18,32,9,0.235334,0.244558,22150.750406,0.309524
14316,,11,4,3,7,4,3,7,9,0.225683,0.232952,71138.498236,0.166667
14105,,11,2,3,5,2,3,5,9,0.225637,0.232874,12978.188356,0.416667
16974,,11,9,12,21,9,12,21,8,0.273268,0.28537,66822.786355,0.423077
16973,,11,9,9,18,9,9,18,9,0.225669,0.233082,7233.462954,0.651515
16982,,11,12,13,25,12,13,25,9,0.22568,0.233188,7248.070097,0.483333
16968,,11,6,9,15,6,9,15,9,0.225664,0.233069,12337.585585,0.606061
17574,,11,7,2,9,7,2,9,9,0.225672,0.232903,22.654013,0.303571
14079,,11,10,14,24,10,14,24,9,0.225685,0.233224,43723.257145,0.345833
18603,,11,6,7,13,6,7,13,9,0.215428,0.221424,3242.023374,0.654545
19041,,11,3,2,5,3,2,5,9,0.225672,0.232903,18831.516508,0.333333
17403,,11,9,7,16,9,7,16,9,0.229515,0.237394,46285.891363,0.126374
19007,,11,6,3,9,6,3,9,9,0.22565,0.232914,4.7,0.619048
19228,,11,5,7,12,5,7,12,9,0.225664,0.233029,25978.145238,0.569444
16967,,11,17,11,28,17,11,28,9,0.225677,0.233144,89706.156208,0.321637
24782,,11,1,0,1,1,0,1,0,0,0,0,0
27603,,11,2,2,4,2,2,4,9,0.225696,0.232931,1493.318331,0.333333
28214,,11,1,0,1,1,0,1,0,0,0,0,0
14544,,11,2,1,3,2,1,3,9,0.225629,0.232812,0,1
29798,,11,1,0,1,1,0,1,0,0,0,0,0
30757,,11,1,0,1,1,0,1,0,0,0,0,0
16958,,11,7,11,18,7,11,18,9,0.225672,0.233126,25769.046981,0.472527
33327,,11,1,0,1,1,0,1,0,0,0,0,0
34041,,11,1,1,2,1,1,2,9,0.225629,0.232812,0,0
34781,,11,1,0,1,1,0,1,0,0,0,0,0
18027,,8,1,0,1,1,0,1,0,0,0,0,0
15744,,6,1,0,1,1,0,1,0,0,0,0,0
4313,,10,2,6,8,2,6,8,8,0.249298,0.259426,64231.08334,0.035714
23909,,10,1,0,1,1,0,1,0,0,0,0,0
4314,,11,1,3,4,1,3,4,9,0.233273,0.241698,232.996627,0.333333
17272,,8,1,0,1,1,0,1,0,0,0,0,0
12100,,8,1,2,3,1,2,3,9,0.201468,0.206052,4.330436,0
35325,,8,1,0,1,1,0,1,0,0,0,0,0
4317,,7,0,1,1,0,1,1,1,1,1,0,0
4321,,6,0,1,1,0,1,1,8,0.249084,0.258104,0,0
11897,,2,1,0,1,1,0,1,0,0,0,0,0
23198,,2,1,1,2,1,1,2,9,0.211733,0.217635,0,0
4325,,24,0,2,2,0,2,2,9,0.224441,0.23115,0,0
4326,,8,0,3,3,0,3,3,8,0.241706,0.249458,0,0.166667
13441,,0,2,1,3,2,1,3,1,1,1,25977,0
28018,,0,1,0,1,1,0,1,0,0,0,0,0
28433,,16,1,3,4,1,3,4,9,0.235478,0.244163,14.18074,0.666667
4437,,5,2,1,3,2,1,3,9,0.222254,0.229094,18826,0.333333
13866,,15,3,4,7,3,4,7,8,0.240094,0.24903,3625.635695,0.119048
18191,,5,1,0,1,1,0,1,0,0,0,0,0
16649,,9,16,12,28,16,12,28,9,0.197112,0.202349,227511.093447,0.096014
30691,,5,1,0,1,1,0,1,0,0,0,0,0
29881,,9,1,1,2,1,1,2,10,0.176245,0.179867,25979.774549,0
4330,,2,0,2,2,0,2,2,8,0.261577,0.27273,0,0
33494,,8,2,0,2,2,0,2,0,0,0,0,0
7860,,10,1,0,1,1,0,1,0,0,0,0,0
25363,,10,1,0,1,1,0,1,0,0,0,0,0
29115,,10,1,0,1,1,0,1,0,0,0,0,0
4336,,6,0,1,1,0,1,1,8,0.25615,0.266929,0,0
14200,,10,2,2,4,2,2,4,8,0.244538,0.253812,1597.348008,0.166667
33993,,10,1,0,1,1,0,1,0,0,0,0,0
4339,,8,0,1,1,0,1,1,8,0.262756,0.273466,0,0
13018,,19,3,1,4,3,1,4,9,0.217936,0.22465,18952.432758,0.166667
19754,,16,1,1,2,1,1,2,9,0.210714,0.216559,15.870274,0
13020,,19,1,1,2,1,1,2,10,0.178942,0.182605,0,1
4343,,16,0,1,1,0,1,1,8,0.231378,0.23929,0,0
4344,,8,0,1,1,0,1,1,8,0.262756,0.273466,0,0
4345,,7,0,1,1,0,1,1,9,0.200066,0.204368,0,0
10042,,10,1,0,1,1,0,1,0,0,0,0,0
10962,,10,1,1,2,1,1,2,1,1,1,1.5,0
4348,,17,0,1,1,0,1,1,12,0.1374,0.139114,0,0
13575,,10,1,1,2,1,1,2,8,0.244164,0.253369,0,0.5
4351,,8,1,2,3,1,2,3,9,0.22279,0.229313,6.677337,0
4354,,8,4,1,5,4,1,5,8,0.233012,0.239898,2816.936279,0.25
11480,,8,1,2,3,1,2,3,9,0.214828,0.220837,4.426395,0.333333
16032,,10,1,1,2,1,1,2,1,1,1,8.710588,0
31036,,8,2,0,2,2,0,2,0,0,0,0,0
4359,,10,0,1,1,0,1,1,9,0.215953,0.222223,0,0
27743,,10,1,1,2,1,1,2,9,0.196118,0.200615,14.249449,0
13843,,8,1,1,2,1,1,2,9,0.223728,0.230677,183.297212,0
4365,,12,0,1,1,0,1,1,9,0.213606,0.219549,0,0
4368,,24,0,4,4,0,4,4,9,0.223385,0.230844,0,0
6147,,24,1,1,2,1,1,2,1,1,1,0.5,0
14035,,15,1,0,1,1,0,1,0,0,0,0,0
21908,,8,1,6,7,1,6,7,8,0.270178,0.282864,21.205166,0.452381
7743,,7,2,1,3,2,1,3,9,0.22565,0.232928,69.225191,0
27060,,11,1,0,1,1,0,1,0,0,0,0,0
21139,,1,1,2,3,1,2,3,8,0.232423,0.239673,26049.551417,0.166667
33273,,16,1,0,1,1,0,1,0,0,0,0,0
4379,,15,0,2,2,0,2,2,9,0.195518,0.200379,0,0
4856,,10,1,2,3,1,2,3,8,0.237795,0.246737,1084.782918,0.666667
29198,,7,1,0,1,1,0,1,0,0,0,0,0
31064,,7,1,0,1,1,0,1,0,0,0,0,0
4391,,17,0,1,1,0,1,1,10,0.177962,0.181938,0,0
4392,,0,0,1,1,0,1,1,9,0.188504,0.192408,0,0
4393,,8,0,2,2,0,2,2,8,0.271447,0.283228,0,1
4394,,6,0,1,1,0,1,1,8,0.25615,0.266929,0,0
4395,,6,0,1,1,0,1,1,9,0.217915,0.224606,0,0
4399,,8,0,1,1,0,1,1,9,0.221557,0.228285,0,0
4401,,8,0,1,1,0,1,1,9,0.226946,0.234172,0,0
5908,,8,1,0,1,1,0,1,0,0,0,0,0
16220,,8,1,13,14,1,13,14,8,0.24362,0.252595,178669.081599,0.021978
25454,,8,1,0,1,1,0,1,0,0,0,0,0
32924,,8,1,1,2,1,1,2,9,0.219484,0.2259,0,0
34601,,8,1,0,1,1,0,1,0,0,0,0,0
20920,,0,1,2,3,1,2,3,9,0.200247,0.205744,0,0.833333
4404,,0,0,1,1,0,1,1,9,0.21102,0.217224,0,0
4406,,0,0,3,3,0,3,3,8,0.231805,0.240064,0,0.333333
5347,,0,1,12,13,1,12,13,8,0.249153,0.260107,1746.646294,0.068182
4447,,43,1,1,2,1,1,2,9,0.196443,0.201521,0,1
4410,,6,0,1,1,0,1,1,8,0.25615,0.266929,0,0
4413,,0,1,2,3,1,2,3,8,0.231269,0.239423,19184.204234,0.333333
31496,,7,1,0,1,1,0,1,0,0,0,0,0
34354,,15,1,0,1,1,0,1,0,0,0,0,0
10518,,12,1,0,1,1,0,1,0,0,0,0,0
12754,,12,2,2,4,2,2,4,8,0.235599,0.242815,4.5,0.5
16711,,12,1,0,1,1,0,1,0,0,0,0,0
17316,,12,1,2,3,1,2,3,9,0.213648,0.219668,88.698916,0
18679,,12,1,1,2,1,1,2,2,0.666667,0.75,51952,0
4420,,8,0,1,1,0,1,1,8,0.262756,0.273466,0,0
4423,,8,0,2,2,0,2,2,8,0.224452,0.231405,0,0.5
4426,,7,0,1,1,0,1,1,8,0.226935,0.234515,0,0
4428,,8,0,1,1,0,1,1,9,0.219854,0.226465,0,0
20853,,8,1,0,1,1,0,1,0,0,0,0,0
28529,,8,1,1,2,1,1,2,9,0.216872,0.222918,0,0.5
10376,,8,2,6,8,2,6,8,8,0.251577,0.261315,27301.301022,0.160714
4431,,16,1,0,1,1,0,1,0,0,0,0,0
4432,,16,1,0,1,1,0,1,0,0,0,0,0
4433,,11,0,1,1,0,1,1,9,0.232956,0.241234,0,0
8772,,0,3,2,5,3,2,5,8,0.239898,0.248253,18838.977883,0.25
9184,,0,1,0,1,1,0,1,0,0,0,0,0
9515,,0,1,0,1,1,0,1,0,0,0,0,0
16321,,0,1,3,4,1,3,4,8,0.230932,0.238021,641.245877,0.5
29440,,0,1,1,2,1,1,2,8,0.230912,0.237933,0,0
29587,,0,1,0,1,1,0,1,0,0,0,0,0
4435,,15,0,1,1,0,1,1,10,0.179156,0.182314,0,0
25155,,10,2,7,9,2,7,9,8,0.245089,0.254376,52408.282587,0.053571
35453,,8,1,0,1,1,0,1,0,0,0,0,0
33640,,10,2,10,12,2,10,12,9,0.242366,0.251115,26934.686149,0.060606
4442,,11,1,6,7,1,6,7,8,0.253675,0.263528,26126.871137,0.166667
22556,,11,2,3,5,2,3,5,8,0.247906,0.256803,18867.934913,0.1
4443,,24,1,4,5,1,4,5,9,0.22625,0.23339,57.790734,0.1
16353,,8,1,1,2,1,1,2,9,0.200862,0.206035,0,0
4446,,8,0,1,1,0,1,1,8,0.262756,0.273466,0,0
4450,,10,1,6,7,1,6,7,8,0.258987,0.270049,1291.149353,0
4451,,8,0,1,1,0,1,1,9,0.210428,0.216026,0,0
4454,,0,0,1,1,0,1,1,9,0.200249,0.205725,0,0
22191,,11,3,5,8,3,5,8,8,0.253662,0.26442,44799,0.4
29140,,11,2,0,2,2,0,2,0,0,0,0,1
23669,,11,1,1,2,1,1,2,1,1,1,25976,0
18918,,11,1,3,4,1,3,4,9,0.229188,0.236469,26443.573686,0.166667
4457,,2,0,1,1,0,1,1,9,0.222142,0.228387,0,0
4458,,15,0,3,3,0,3,3,9,0.223188,0.230307,0,0.5
26125,,16,3,0,3,3,0,3,0,0,0,0,0
4464,,16,1,0,1,1,0,1,0,0,0,0,0
4465,,0,0,3,3,0,3,3,9,0.223317,0.230524,0,0.333333
4468,,8,0,1,1,0,1,1,8,0.262756,0.273466,0,0
18017,,8,1,1,2,1,1,2,9,0.209255,0.214883,4.198413,0.5
23948,,15,1,1,2,1,1,2,9,0.219653,0.2262,16.271927,0
4479,,11,0,1,1,0,1,1,9,0.202899,0.20872,0,0
4481,,15,0,1,1,0,1,1,10,0.179156,0.182314,0,0
8937,,7,4,4,8,4,4,8,8,0.264395,0.274912,32879.420584,0.095238
31870,,7,1,0,1,1,0,1,0,0,0,0,0
24962,,7,1,1,2,1,1,2,9,0.200678,0.205345,63.708581,0
14720,,7,1,0,1,1,0,1,0,0,0,0,0
16357,,7,2,0,2,2,0,2,0,0,0,0,0
31447,,7,1,1,2,1,1,2,8,0.234393,0.241488,0,0
19673,,7,1,1,2,1,1,2,8,0.234393,0.241488,0,0
9796,,7,1,4,5,1,4,5,8,0.240951,0.249203,52248.433901,0
12159,,0,1,0,1,1,0,1,0,0,0,0,0
20109,,0,1,0,1,1,0,1,0,0,0,0,0
4489,,5,1,3,4,1,3,4,8,0.229692,0.23759,172.296538,0.5
12433,,10,3,8,11,3,8,11,8,0.255095,0.265372,5293.401521,0.036364
4492,,11,0,1,1,0,1,1,9,0.223681,0.230334,0,0
9981,,0,1,6,7,1,6,7,8,0.264786,0.276198,26153.245564,0.309524
16041,,0,1,0,1,1,0,1,0,0,0,0,0
4495,,7,0,1,1,0,1,1,9,0.246124,0.25571,0,0
4499,,6,0,1,1,0,1,1,8,0.25615,0.266929,0,0
4500,,5,0,1,1,0,1,1,9,0.214248,0.22021,0,0
4502,,5,0,4,4,0,4,4,8,0.264822,0.276003,0,0.583333
4505,,0,0,2,2,0,2,2,9,0.224096,0.23157,0,0
19588,,6,3,0,3,3,0,3,0,0,0,0,0
4509,,8,0,1,1,0,1,1,9,0.211535,0.217158,0,0
4511,,10,1,7,8,1,7,8,8,0.251362,0.261556,1648.589605,0.095238
30841,,8,1,0,1,1,0,1,0,0,0,0,0
13801,,0,1,4,5,1,4,5,9,0.224515,0.232344,610.226749,0.3
23906,,0,1,0,1,1,0,1,0,0,0,0,0
4523,,11,0,1,1,0,1,1,9,0.225449,0.232111,0,0
4525,,8,0,2,2,0,2,2,8,0.23644,0.24362,0,0.5
4592,,13,1,1,2,1,1,2,9,0.195688,0.199904,0,0
4826,,13,2,0,2,2,0,2,0,0,0,0,0
23576,,8,1,0,1,1,0,1,0,0,0,0,0
23891,,15,1,3,4,1,3,4,8,0.253545,0.263216,90.653021,0.083333
4531,,8,1,0,1,1,0,1,0,0,0,0,0
33542,,8,1,2,3,1,2,3,9,0.222972,0.229874,65.546127,0
14390,,11,1,4,5,1,4,5,8,0.235017,0.24408,26422.93758,0
30179,,0,1,0,1,1,0,1,0,0,0,0,0
4536,,11,0,2,2,0,2,2,8,0.225233,0.233255,0,1
4538,,15,0,1,1,0,1,1,9,0.224824,0.231856,0,0
4542,,0,0,2,2,0,2,2,8,0.231381,0.239341,0,1
12381,,8,1,3,4,1,3,4,8,0.243759,0.253057,1378.249296,0.333333
4544,,6,0,4,4,0,4,4,8,0.256817,0.267946,0,0.583333
4545,,2,0,1,1,0,1,1,8,0.261475,0.272568,0,0
4546,,11,0,1,1,0,1,1,9,0.215775,0.22222,0,0
4549,,21,2,2,4,2,2,4,2,0.75,0.833333,51955,0.083333
29246,,21,1,1,2,1,1,2,1,1,1,25978,0
4554,,15,1,4,5,1,4,5,8,0.245427,0.254296,52933.660125,0.2
21700,,15,1,3,4,1,3,4,8,0.225019,0.232634,25978.258495,0.083333
4559,,8,0,1,1,0,1,1,9,0.198884,0.203512,0,0
4560,,1,1,1,2,1,1,2,9,0.217481,0.223922,0,0
6023,,1,1,0,1,1,0,1,0,0,0,0,0
8826,,7,1,3,4,1,3,4,8,0.236745,0.245377,0,0.5
8964,,1,1,0,1,1,0,1,0,0,0,0,0
9175,,1,3,2,5,3,2,5,9,0.217483,0.223948,18952.38412,0.166667
9894,,1,1,1,2,1,1,2,9,0.217481,0.223922,0,0
12198,,1,2,0,2,2,0,2,0,0,0,0,1
12790,,1,1,0,1,1,0,1,0,0,0,0,0
13689,,1,1,0,1,1,0,1,0,0,0,0,0
16217,,1,1,0,1,1,0,1,0,0,0,0,0
16260,,1,1,1,2,1,1,2,9,0.217481,0.223922,0,0
21101,,1,1,0,1,1,0,1,0,0,0,0,0
21149,,1,1,1,2,1,1,2,9,0.217481,0.223922,0,0
25059,,1,2,0,2,2,0,2,0,0,0,0,0.5
27274,,7,2,3,5,2,3,5,9,0.217393,0.22372,26077.597029,0.2
31335,,1,1,1,2,1,1,2,9,0.217481,0.223922,0,0
32881,,1,1,0,1,1,0,1,0,0,0,0,0
35689,,1,1,0,1,1,0,1,0,0,0,0,0
4564,,15,3,1,4,3,1,4,9,0.187841,0.192086,26333.204234,0
4565,,6,0,1,1,0,1,1,8,0.247395,0.256736,0,0
8657,,10,1,1,2,1,1,2,9,0.216894,0.222718,0,0
24663,,15,1,0,1,1,0,1,0,0,0,0,0
5420,,11,3,2,5,3,2,5,9,0.22437,0.231409,19302.735739,0
4572,,11,1,1,2,1,1,2,10,0.178137,0.181813,15.928571,0.5
23967,,8,1,0,1,1,0,1,0,0,0,0,0
4580,,2,0,1,1,0,1,1,9,0.238286,0.246733,0,0
4583,,16,0,1,1,0,1,1,1,1,1,0,0
19582,,10,5,1,6,5,1,6,9,0.224742,0.232056,3640.571698,0.133333
4588,,9,1,1,2,1,1,2,9,0.224643,0.231411,254.91074,0
23091,,8,2,1,3,2,1,3,9,0.232016,0.240014,18945.242591,0
4593,,6,0,1,1,0,1,1,8,0.247395,0.256736,0,0
4599,,7,0,2,2,0,2,2,8,0.255576,0.26633,0,1
4601,,7,0,10,10,0,10,10,8,0.277582,0.291307,0,0.355556
7581,,8,4,2,6,4,2,6,9,0.205625,0.210841,1984.536218,0.25
24783,,15,1,1,2,1,1,2,9,0.214063,0.220269,0,0
32095,,15,2,0,2,2,0,2,0,0,0,0,0
32257,,15,1,0,1,1,0,1,0,0,0,0,0
14156,,15,2,3,5,2,3,5,9,0.212031,0.217868,518.741482,0.083333
10013,,19,1,3,4,1,3,4,9,0.215031,0.221413,139.992852,0.166667
6091,,0,1,8,9,1,8,9,8,0.240299,0.249604,1140.792129,0.236111
4610,,5,0,6,6,0,6,6,8,0.239981,0.248384,0,0.5
15154,,0,1,0,1,1,0,1,0,0,0,0,0
4612,,6,0,2,2,0,2,2,8,0.256265,0.26709,0,0.5
4614,,24,0,3,3,0,3,3,8,0.270639,0.282868,0,0.833333
4615,,7,0,4,4,0,4,4,8,0.254237,0.264302,0,0.333333
7405,,7,1,0,1,1,0,1,0,0,0,0,0
4620,,8,0,2,2,0,2,2,8,0.263635,0.274048,0,0.5
4625,,6,0,3,3,0,3,3,8,0.231569,0.239718,0,0.333333
14658,,11,1,1,2,1,1,2,8,0.244271,0.253703,0,1
7412,,10,1,5,6,1,5,6,8,0.239459,0.248707,374.639369,0.233333
5092,,11,1,3,4,1,3,4,8,0.249708,0.260634,102.792254,0.833333
4630,,8,0,1,1,0,1,1,8,0.262756,0.273466,0,0
4631,,5,0,1,1,0,1,1,8,0.215933,0.222034,0,0
4632,,8,0,3,3,0,3,3,9,0.226606,0.233349,0,0
13426,,8,1,4,5,1,4,5,9,0.235535,0.244367,690.041299,0.2
8151,,16,3,0,3,3,0,3,0,0,0,0,0
8373,,16,1,1,2,1,1,2,9,0.223044,0.230392,0,1
22195,,16,3,2,5,3,2,5,8,0.257954,0.26923,991.692836,0.25
18656,,16,2,2,4,2,2,4,8,0.236698,0.245169,19827.212956,0.083333
24797,,15,1,0,1,1,0,1,0,0,0,0,0
9429,,10,1,0,1,1,0,1,0,0,0,0,0
4638,,7,0,1,1,0,1,1,10,0.18324,0.18701,0,0
4639,,11,0,1,1,0,1,1,10,0.173496,0.17676,0,0
4640,,11,1,1,2,1,1,2,9,0.209905,0.215766,18827,0
16944,,9,1,1,2,1,1,2,10,0.177507,0.180765,0,0.5
4643,,44,0,1,1,0,1,1,1,1,1,0,0
4644,,44,1,0,1,1,0,1,0,0,0,0,0
4649,,8,0,1,1,0,1,1,9,0.211006,0.216802,0,0
18975,,11,1,0,1,1,0,1,0,0,0,0,0
28652,,11,6,4,10,6,4,10,9,0.231727,0.240035,65058.108467,0.071429
34221,,11,1,0,1,1,0,1,0,0,0,0,0
4654,,0,0,1,1,0,1,1,9,0.224741,0.232186,0,0
11419,,8,1,0,1,1,0,1,0,0,0,0,0
22961,,16,3,0,3,3,0,3,0,0,0,0,0.166667
32177,,16,1,0,1,1,0,1,0,0,0,0,0
27991,,11,1,1,2,1,1,2,9,0.197931,0.202615,0,0
4665,,7,0,1,1,0,1,1,9,0.222499,0.229441,0,0
4666,,11,0,1,1,0,1,1,9,0.230024,0.237286,0,0
14874,,8,2,3,5,2,3,5,8,0.24885,0.257947,847.62308,0
4672,,8,0,1,1,0,1,1,8,0.262756,0.273466,0,0
4673,,10,0,1,1,0,1,1,9,0.229337,0.237191,0,0
4675,,8,0,1,1,0,1,1,9,0.231387,0.239068,0,0
4677,,15,0,2,2,0,2,2,9,0.206922,0.212678,0,0
5678,,6,1,0,1,1,0,1,0,0,0,0,0
4686,,11,0,1,1,0,1,1,8,0.225241,0.232016,0,0
4688,,8,1,2,3,1,2,3,10,0.178309,0.181903,0,0.333333
14694,,11,1,1,2,1,1,2,9,0.198958,0.2037,0,0
14402,,11,1,0,1,1,0,1,0,0,0,0,0
20140,,11,1,0,1,1,0,1,0,0,0,0,0
23918,,11,1,0,1,1,0,1,0,0,0,0,0
25172,,11,3,1,4,3,1,4,1,1,1,783.073763,0.5
15604,,11,4,4,8,4,4,8,8,0.226934,0.234226,20558.098651,0.071429
4692,,7,0,1,1,0,1,1,9,0.229589,0.236925,0,0
4693,,24,0,1,1,0,1,1,9,0.21389,0.220139,0,0
6238,,24,2,2,4,2,2,4,9,0.211773,0.217643,19298.381122,0
4698,,8,0,1,1,0,1,1,9,0.230193,0.238549,0,0
4699,,11,1,2,3,1,2,3,8,0.242919,0.251452,29.482798,0.333333
4701,,10,1,1,2,1,1,2,9,0.190437,0.194938,29.76952,0
21478,,10,1,0,1,1,0,1,0,0,0,0,0
22586,,10,1,1,2,1,1,2,8,0.234096,0.24235,1222.330996,0
31914,,10,1,0,1,1,0,1,0,0,0,0,0
33253,,10,1,1,2,1,1,2,8,0.222151,0.229248,70.71545,0
4703,,6,0,1,1,0,1,1,9,0.204842,0.210277,0,0
17203,,7,2,1,3,2,1,3,9,0.221829,0.228136,0,0.5
19697,,7,1,1,2,1,1,2,9,0.221829,0.228136,0,0
20857,,7,1,0,1,1,0,1,0,0,0,0,0
26233,,7,2,0,2,2,0,2,0,0,0,0,0
28196,,7,1,0,1,1,0,1,0,0,0,0,0
4710,,8,0,1,1,0,1,1,9,0.215743,0.22189,0,0
4713,,15,0,3,3,0,3,3,9,0.216554,0.22275,0,0.166667
33562,,24,1,3,4,1,3,4,8,0.257728,0.268978,1157.30895,0
4716,,11,0,1,1,0,1,1,9,0.20473,0.209694,0,0
4718,,16,0,2,2,0,2,2,8,0.241877,0.250579,0,0
4719,,8,0,4,4,0,4,4,8,0.255133,0.264624,0,0.25
4720,,8,2,6,8,2,6,8,8,0.270617,0.282875,843.652401,0.160714
4721,,45,0,1,1,0,1,1,1,1,1,0,0
4722,,45,1,0,1,1,0,1,0,0,0,0,0
4724,,46,0,1,1,0,1,1,1,1,1,0,0
4725,,46,1,0,1,1,0,1,0,0,0,0,0
19288,,7,5,4,9,5,4,9,8,0.238319,0.246532,39505.920079,0.095238
4730,,12,1,0,1,1,0,1,0,0,0,0,0
4731,,8,0,2,2,0,2,2,8,0.262896,0.273674,0,0.5
4734,,15,0,1,1,0,1,1,10,0.179156,0.182314,0,0
4741,,15,0,1,1,0,1,1,1,1,1,0,0
4743,,5,0,1,1,0,1,1,9,0.215743,0.222004,0,0
4748,,15,2,3,5,2,3,5,8,0.267308,0.279185,20372.607048,0.15
5836,,11,1,2,3,1,2,3,9,0.211378,0.217189,302.08912,0
35703,,11,2,0,2,2,0,2,0,0,0,0,0
15050,,16,1,2,3,1,2,3,9,0.210709,0.216569,0,0.5
13665,,11,3,16,19,3,16,19,8,0.284102,0.297677,73358.618728,0.143791
17582,,16,1,0,1,1,0,1,0,0,0,0,0
12129,,16,4,9,13,4,9,13,9,0.226552,0.233856,334229.094472,0.1
19621,,16,1,3,4,1,3,4,9,0.213294,0.21963,0,0.666667
27449,,16,1,0,1,1,0,1,0,0,0,0,0
27907,,16,1,0,1,1,0,1,0,0,0,0,0
30838,,16,2,0,2,2,0,2,0,0,0,0,1
30707,,16,1,1,2,1,1,2,9,0.210707,0.216543,0,0
28748,,16,2,1,3,2,1,3,9,0.210707,0.216543,0,1
33309,,16,1,0,1,1,0,1,0,0,0,0,0
34531,,16,1,0,1,1,0,1,0,0,0,0,0
15109,,8,2,1,3,2,1,3,8,0.26276,0.27347,40876.439337,0
4754,,16,1,5,6,1,5,6,9,0.226157,0.233065,8.808208,0.066667
6667,,8,1,1,2,1,1,2,9,0.208234,0.213424,22.872792,0
4758,,24,0,4,4,0,4,4,8,0.268466,0.280243,0,0.083333
4759,,15,0,3,3,0,3,3,8,0.237146,0.245743,0,0.166667
4760,,7,0,1,1,0,1,1,8,0.267661,0.278922,0,0
4762,,12,1,2,3,1,2,3,9,0.190491,0.194517,0,1
8524,,12,3,1,4,3,1,4,9,0.190489,0.194491,18825,0.5
8523,,12,1,1,2,1,1,2,10,0.160012,0.162369,0,1
19253,,10,8,3,11,8,3,11,8,0.246343,0.254991,47531.366071,0.190909
5717,,8,1,0,1,1,0,1,0,0,0,0,0
4772,,2,0,4,4,0,4,4,8,0.262758,0.273935,0,0.166667
4773,,2,1,0,1,1,0,1,0,0,0,0,0
35735,,2,1,0,1,1,0,1,0,0,0,0,0
23093,,0,1,0,1,1,0,1,0,0,0,0,0
4776,,0,0,2,2,0,2,2,9,0.22262,0.230112,0,1
4781,,7,0,1,1,0,1,1,10,0.171767,0.174838,0,0
8337,,11,1,4,5,1,4,5,8,0.23837,0.248122,251.894797,0.083333
7434,,10,2,2,4,2,2,4,8,0.240717,0.249126,59648.163698,0.083333
25397,,15,1,0,1,1,0,1,0,0,0,0,0
4788,,12,0,1,1,0,1,1,8,0.234438,0.242011,0,0
4789,,13,0,1,1,0,1,1,9,0.20184,0.206976,0,0
4790,,11,0,1,1,0,1,1,9,0.224977,0.23191,0,0
4792,,47,0,1,1,0,1,1,1,1,1,0,0
4793,,47,1,0,1,1,0,1,0,0,0,0,0
4795,,15,0,1,1,0,1,1,10,0.179156,0.182314,0,0
4798,,12,0,1,1,0,1,1,9,0.200697,0.205965,0,0
4799,,10,0,1,1,0,1,1,9,0.195433,0.199645,0,0
6777,,8,2,3,5,2,3,5,9,0.239733,0.24855,18861.942656,0.1
4806,,8,1,0,1,1,0,1,0,0,0,0,0
28576,,8,1,0,1,1,0,1,0,0,0,0,0
35502,,8,1,0,1,1,0,1,0,0,0,0,0
6493,,16,1,1,2,1,1,2,1,1,1,17405.510697,0
7061,,2,1,4,5,1,4,5,8,0.263455,0.274928,26197.100067,0.05
16354,,2,1,1,2,1,1,2,10,0.180934,0.184753,371.236005,0
19049,,5,1,2,3,1,2,3,8,0.225329,0.232585,113.490725,0
25468,,5,1,0,1,1,0,1,0,0,0,0,0
25654,,5,1,0,1,1,0,1,0,0,0,0,0
4811,,11,0,1,1,0,1,1,9,0.217729,0.224141,0,0
20748,,9,1,2,3,1,2,3,9,0.199849,0.205118,461.307782,0.333333
4816,,15,0,1,1,0,1,1,10,0.179156,0.182314,0,0
4819,,8,0,2,2,0,2,2,8,0.269968,0.281847,0,1
4822,,6,0,1,1,0,1,1,9,0.208683,0.214373,0,0
4823,,12,0,3,3,0,3,3,9,0.211836,0.217553,0,0.166667
28984,,12,1,0,1,1,0,1,0,0,0,0,0
4827,,7,0,1,1,0,1,1,10,0.184456,0.188241,0,0
4828,,7,1,1,2,1,1,2,9,0.226164,0.233246,18827,0
4830,,48,0,1,1,0,1,1,1,1,1,0,0
4831,,48,1,0,1,1,0,1,0,0,0,0,0
19157,,11,1,2,3,1,2,3,8,0.239526,0.247468,5.2,0.833333
4833,,0,0,1,1,0,1,1,9,0.188504,0.192408,0,0
4835,,5,0,2,2,0,2,2,8,0.254632,0.264367,0,0.5
23807,,9,1,1,2,1,1,2,9,0.212935,0.218911,0,0
9823,,7,2,0,2,2,0,2,0,0,0,0,1
26733,,7,1,0,1,1,0,1,0,0,0,0,0
4840,,12,0,1,1,0,1,1,9,0.195014,0.200132,0,0
4841,,16,0,5,5,0,5,5,8,0.273677,0.286493,0,0.3
9887,,16,3,1,4,3,1,4,1,1,1,1,0.166667
22280,,16,3,0,3,3,0,3,0,0,0,0,0.333333
4846,,8,0,1,1,0,1,1,8,0.24587,0.25403,0,0
6264,,24,3,2,5,3,2,5,9,0.231762,0.239968,19007.430744,0.1
4850,,11,2,0,2,2,0,2,0,0,0,0,0
4851,,8,1,0,1,1,0,1,0,0,0,0,0
34822,,8,1,0,1,1,0,1,0,0,0,0,0
5505,,8,1,0,1,1,0,1,0,0,0,0,0
14778,,8,1,0,1,1,0,1,0,0,0,0,0
15532,,1,1,2,3,1,2,3,8,0.236285,0.243372,19.349238,0
12739,,8,2,4,6,2,4,6,9,0.222191,0.22916,331.524091,0
30521,,8,1,0,1,1,0,1,0,0,0,0,0
4857,,11,0,1,1,0,1,1,8,0.234266,0.242061,0,0
4858,,6,0,2,2,0,2,2,8,0.252042,0.26197,0,0
4864,,8,1,1,2,1,1,2,8,0.262756,0.273466,18827,0
21453,,11,1,0,1,1,0,1,0,0,0,0,0
4997,,11,1,0,1,1,0,1,0,0,0,0,0
4870,,11,0,1,1,0,1,1,8,0.246659,0.25616,0,0
12671,,10,1,0,1,1,0,1,0,0,0,0,0
31694,,10,1,1,2,1,1,2,9,0.208411,0.213638,0,1
4873,,8,0,1,1,0,1,1,9,0.211535,0.217158,0,0
4874,,11,0,2,2,0,2,2,9,0.217744,0.224197,0,0.5
4877,,10,0,1,1,0,1,1,8,0.218178,0.224744,0,0
4878,,8,0,1,1,0,1,1,9,0.20809,0.213256,0,0
4879,,21,0,3,3,0,3,3,1,1,1,0,0
4880,,21,1,0,1,1,0,1,0,0,0,0,0
4881,,5,1,6,7,1,6,7,8,0.252122,0.261859,1074.898472,0.233333
15442,,7,1,4,5,1,4,5,8,0.233179,0.240803,198.085329,0.083333
4883,,16,0,1,1,0,1,1,8,0.232025,0.239654,0,0
17921,,8,4,0,4,4,0,4,0,0,0,0,0
4886,,9,2,3,5,2,3,5,8,0.268414,0.280826,3629.13362,0.15
4896,,2,1,1,2,1,1,2,9,0.238286,0.246733,18827,0
10688,,8,3,3,6,3,3,6,9,0.218622,0.225406,26236.582685,0.15
4899,,2,0,1,1,0,1,1,8,0.261475,0.272568,0,0
10125,,9,1,3,4,1,3,4,9,0.185544,0.189968,26899.136418,0
4902,,11,0,1,1,0,1,1,8,0.234461,0.241677,0,0
4908,,0,1,0,1,1,0,1,0,0,0,0,0
32255,,0,1,0,1,1,0,1,0,0,0,0,0
4910,,10,0,3,3,0,3,3,9,0.243712,0.253075,0,0
4916,,13,0,1,1,0,1,1,10,0.1712,0.174433,0,0
6326,,15,1,2,3,1,2,3,8,0.236683,0.243999,371.017905,0
27161,,8,1,0,1,1,0,1,0,0,0,0,0
27192,,8,1,0,1,1,0,1,0,0,0,0,0
9064,,7,3,1,4,3,1,4,9,0.20921,0.214874,1.334848,0.083333
4919,,6,0,2,2,0,2,2,8,0.256715,0.267688,0,1
4922,,11,0,1,1,0,1,1,9,0.211392,0.217141,0,0
20475,,7,1,1,2,1,1,2,9,0.200068,0.20437,1.745445,0
21668,,6,1,0,1,1,0,1,0,0,0,0,0
32094,,6,1,1,2,1,1,2,9,0.220582,0.226779,0,1
4928,,5,0,2,2,0,2,2,9,0.232386,0.240229,0,1
4929,,7,0,2,2,0,2,2,9,0.234692,0.242877,0,0
11463,,2,1,0,1,1,0,1,0,0,0,0,0
20092,,2,1,0,1,1,0,1,0,0,0,0,0
4934,,13,0,1,1,0,1,1,1,1,1,0,0
30549,,6,1,2,3,1,2,3,9,0.220584,0.226805,0,1
4939,,7,0,1,1,0,1,1,9,0.216365,0.222585,0,0
20115,,15,1,0,1,1,0,1,0,0,0,0,0
28246,,15,2,0,2,2,0,2,0,0,0,0,0.5
35015,,15,1,2,3,1,2,3,9,0.220215,0.227365,0,0.5
27971,,16,1,1,2,1,1,2,10,0.16476,0.167475,0,0
21722,,16,1,1,2,1,1,2,10,0.16476,0.167475,0,0
30123,,16,1,0,1,1,0,1,0,0,0,0,0
31072,,11,1,0,1,1,0,1,0,0,0,0,0
6786,,7,3,7,10,3,7,10,8,0.262274,0.272851,1681.212736,0.208333
4951,,11,1,4,5,1,4,5,9,0.207692,0.213002,53792.126872,0.25
8987,,11,2,2,4,2,2,4,9,0.229205,0.237267,4704.32978,0.166667
8986,,11,2,2,4,2,2,4,9,0.202156,0.207739,348.159486,0.166667
20112,,15,1,1,2,1,1,2,9,0.187729,0.192244,0,0.5
4954,,24,0,3,3,0,3,3,8,0.250619,0.260052,0,0.166667
4957,,10,0,3,3,0,3,3,8,0.236603,0.245235,0,0.333333
4958,,7,0,1,1,0,1,1,9,0.226164,0.233246,0,0
4959,,5,0,1,1,0,1,1,8,0.228875,0.236469,0,0
4962,,12,0,1,1,0,1,1,1,1,1,0,0
4964,,5,0,3,3,0,3,3,9,0.211572,0.217257,0,0
4965,,5,1,0,1,1,0,1,0,0,0,0,0
18051,,0,1,0,1,1,0,1,0,0,0,0,0
26180,,0,1,0,1,1,0,1,0,0,0,0,0
4967,,17,0,1,1,0,1,1,11,0.143502,0.14564,0,0
14615,,7,1,0,1,1,0,1,0,0,0,0,0
34716,,7,1,4,5,1,4,5,9,0.223208,0.229991,42.192254,0.05
31559,,15,1,1,2,1,1,2,9,0.219042,0.225068,14.423026,0
4975,,7,0,1,1,0,1,1,9,0.226164,0.233246,0,0
23569,,0,1,0,1,1,0,1,0,0,0,0,0
4977,,24,0,1,1,0,1,1,9,0.211577,0.217419,0,0
4979,,16,0,1,1,0,1,1,10,0.188929,0.193076,0,0
4980,,8,0,1,1,0,1,1,9,0.230193,0.238549,0,0
4981,,2,0,2,2,0,2,2,8,0.264127,0.275463,0,0.5
9365,,10,1,1,2,1,1,2,9,0.221417,0.228554,0,0
10667,,10,1,0,1,1,0,1,0,0,0,0,0
22505,,10,1,1,2,1,1,2,9,0.221417,0.228554,0,0
23846,,10,1,0,1,1,0,1,0,0,0,0,0
19061,,16,2,2,4,2,2,4,8,0.258752,0.270131,18950.111063,0.25
26959,,10,1,1,2,1,1,2,9,0.221417,0.228554,0,0
24170,,2,1,2,3,1,2,3,8,0.259898,0.271569,0,0.833333
28260,,16,1,1,2,1,1,2,8,0.257541,0.268685,0,1
18632,,16,1,5,6,1,5,6,8,0.259315,0.270894,208.867575,0.45
33602,,16,1,2,3,1,2,3,8,0.257954,0.26923,0,1
4986,,11,1,3,4,1,3,4,9,0.231729,0.239001,18828,0
11958,,11,1,2,3,1,2,3,8,0.236758,0.246276,1291.660415,0.333333
24939,,11,3,1,4,3,1,4,1,1,1,25976,0
4987,,11,1,1,2,1,1,2,1,1,1,0,0.5
4988,,8,0,2,2,0,2,2,8,0.267414,0.278767,0,0.5
6705,,1,1,0,1,1,0,1,0,0,0,0,0
4990,,0,0,1,1,0,1,1,8,0.227539,0.234069,0,0
4991,,7,0,2,2,0,2,2,8,0.256757,0.266745,0,0
4992,,7,1,0,1,1,0,1,0,0,0,0,0
32994,,5,1,0,1,1,0,1,0,0,0,0,0
4994,,11,0,1,1,0,1,1,8,0.251382,0.261452,0,0
4995,,11,2,12,14,2,12,14,8,0.252224,0.263392,135530.029545,0.102564
4996,,11,1,0,1,1,0,1,0,0,0,0,0
6295,,11,1,1,2,1,1,2,8,0.239858,0.247713,23.740966,0
13352,,11,1,0,1,1,0,1,0,0,0,0,0
32519,,11,3,0,3,3,0,3,0,0,0,0,0
4998,,11,1,4,5,1,4,5,8,0.246172,0.257022,800.798933,0.5
4999,,11,1,3,4,1,3,4,9,0.22889,0.237171,19.446858,0.333333
5000,,10,0,1,1,0,1,1,9,0.200776,0.205542,0,0
19054,,10,1,14,15,1,14,15,8,0.276784,0.290332,12320.133736,0.128571
8756,,8,1,0,1,1,0,1,0,0,0,0,0
5008,,15,0,1,1,0,1,1,9,0.220127,0.227165,0,0
5010,,1,2,2,4,2,2,4,8,0.244357,0.25345,20844.29415,0.083333
22366,,8,1,1,2,1,1,2,8,0.262757,0.273467,1316.423723,0
5015,,3,1,0,1,1,0,1,0,0,0,0,0
31835,,3,1,0,1,1,0,1,0,0,0,0,0
5017,,8,1,1,2,1,1,2,8,0.238715,0.246603,0,0.5
17223,,7,1,3,4,1,3,4,8,0.238412,0.245673,3.887666,0.5
31530,,7,1,0,1,1,0,1,0,0,0,0,0
26504,,15,1,0,1,1,0,1,0,0,0,0,0
5021,,10,5,11,16,5,11,16,8,0.272158,0.284616,30151.856433,0.052381
25503,,10,6,5,11,6,5,11,8,0.258226,0.267917,7760.263367,0.066667
5023,,8,0,1,1,0,1,1,8,0.262756,0.273466,0,0
5025,,8,0,1,1,0,1,1,1,1,1,0,0
5027,,16,1,5,6,1,5,6,8,0.24842,0.258232,693.054016,0.066667
5031,,49,1,1,2,1,1,2,2,0.571429,0.625,0,0
5032,,49,1,4,5,1,4,5,1,1,1,3,0
5574,,49,1,0,1,1,0,1,0,0,0,0,0
5688,,49,1,0,1,1,0,1,0,0,0,0,0
6061,,49,1,0,1,1,0,1,0,0,0,0,0
5035,,6,0,1,1,0,1,1,9,0.222258,0.229364,0,0
5039,,11,6,7,13,6,7,13,8,0.250632,0.261381,79717.636842,0.1
10124,,6,1,1,2,1,1,2,9,0.20406,0.209207,0,0
20612,,6,1,1,2,1,1,2,9,0.20406,0.209207,0,0
21798,,6,1,0,1,1,0,1,0,0,0,0,0
22171,,6,1,0,1,1,0,1,0,0,0,0,0
23612,,6,1,0,1,1,0,1,0,0,0,0,0
5044,,8,0,5,5,0,5,5,8,0.249851,0.259335,0,0.35
5048,,7,0,1,1,0,1,1,1,1,1,0,0
5049,,7,0,1,1,0,1,1,1,1,1,0,0
5050,,15,0,5,5,0,5,5,9,0.230518,0.23803,0,0.1
12035,,2,1,2,3,1,2,3,8,0.261508,0.272645,1598.57685,0.333333
18581,,5,1,0,1,1,0,1,0,0,0,0,0
24650,,15,1,1,2,1,1,2,9,0.205899,0.211631,81.691699,0
5054,,6,0,2,2,0,2,2,8,0.256443,0.267344,0,1
5055,,7,0,1,1,0,1,1,9,0.214766,0.220717,0,0
5057,,8,0,2,2,0,2,2,8,0.264354,0.27544,0,0.5
5060,,24,0,1,1,0,1,1,8,0.22375,0.230857,0,0
10978,,24,3,3,6,3,3,6,8,0.262328,0.273554,21770.544555,0.25
13037,,24,1,0,1,1,0,1,0,0,0,0,0
13712,,24,1,0,1,1,0,1,0,0,0,0,0
15973,,15,2,1,3,2,1,3,8,0.261472,0.272564,18910.584148,0.333333
16606,,24,1,0,1,1,0,1,0,0,0,0,0
17308,,24,1,0,1,1,0,1,0,0,0,0,0
18254,,24,1,1,2,1,1,2,9,0.212993,0.219163,0,0
29727,,24,1,0,1,1,0,1,0,0,0,0,0
10859,,24,4,7,11,4,7,11,9,0.228885,0.237152,5734.023075,0.111111
34527,,24,1,0,1,1,0,1,0,0,0,0,0
5063,,11,0,1,1,0,1,1,8,0.251382,0.261452,0,0
5064,,11,0,1,1,0,1,1,8,0.227034,0.234934,0,0
5539,,0,1,0,1,1,0,1,0,0,0,0,0
14885,,13,2,1,3,2,1,3,9,0.226301,0.234286,252.498935,0.166667
28317,,13,1,3,4,1,3,4,8,0.233059,0.241137,336.70256,0.25
35253,,13,1,0,1,1,0,1,0,0,0,0,0
5070,,8,1,5,6,1,5,6,8,0.257369,0.267191,52183.364451,0
21253,,0,1,0,1,1,0,1,0,0,0,0,0
5072,,8,0,2,2,0,2,2,9,0.209713,0.215129,0,0
5074,,16,1,5,6,1,5,6,8,0.253494,0.264219,581.502543,0.25
5077,,7,1,4,5,1,4,5,8,0.266888,0.278008,124.878752,0.2
24811,,8,1,0,1,1,0,1,0,0,0,0,0
32680,,8,1,0,1,1,0,1,0,0,0,0,0
5081,,10,0,1,1,0,1,1,8,0.234094,0.242348,0,0
5082,,8,0,1,1,0,1,1,8,0.262756,0.273466,0,0
35410,,8,1,0,1,1,0,1,0,0,0,0,0
10348,,10,1,0,1,1,0,1,0,0,0,0,0
20118,,10,1,2,3,1,2,3,9,0.209849,0.215925,25975,0
6012,,8,1,1,2,1,1,2,8,0.26276,0.27347,645.551537,0
5085,,6,0,1,1,0,1,1,9,0.217915,0.224606,0,0
5086,,11,0,1,1,0,1,1,10,0.178125,0.181512,0,0
5087,,11,1,1,2,1,1,2,9,0.216719,0.222904,18827,0
5088,,2,0,2,2,0,2,2,8,0.264313,0.275897,0,1
10796,,11,1,3,4,1,3,4,8,0.241443,0.249645,26000.949182,0
23384,,11,1,6,7,1,6,7,8,0.242026,0.250769,202.475285,0.133333
5091,,7,0,2,2,0,2,2,9,0.200074,0.20441,0,0
5095,,9,0,3,3,0,3,3,9,0.226177,0.23367,0,0.166667
11927,,9,6,2,8,6,2,8,9,0.189278,0.193658,2957.532279,0.178571
5096,,6,0,1,1,0,1,1,8,0.25615,0.266929,0,0
5097,,11,0,1,1,0,1,1,9,0.228869,0.236881,0,0
5099,,10,0,1,1,0,1,1,9,0.201686,0.206763,0,0
20411,,15,2,1,3,2,1,3,9,0.213597,0.219437,0,0.5
17907,,8,1,0,1,1,0,1,0,0,0,0,0
34626,,8,1,0,1,1,0,1,0,0,0,0,0
5105,,6,0,2,2,0,2,2,9,0.207522,0.212856,0,0
7229,,6,1,0,1,1,0,1,0,0,0,0,0
6201,,5,3,7,10,3,7,10,8,0.25659,0.266332,26278.595102,0.180556
11345,,6,1,1,2,1,1,2,9,0.210436,0.216014,23.651308,0
13946,,24,1,2,3,1,2,3,10,0.190296,0.194806,332.711713,0
14427,,6,2,0,2,2,0,2,0,0,0,0,0.5
15618,,6,2,0,2,2,0,2,0,0,0,0,0
5111,,7,0,5,5,0,5,5,8,0.268946,0.280815,0,0.4
5112,,7,0,1,1,0,1,1,9,0.230938,0.238209,0,0
5979,,8,3,3,6,3,3,6,8,0.263106,0.273914,44911.045919,0.066667
5114,,8,0,1,1,0,1,1,8,0.262756,0.273466,0,0
22590,,11,1,2,3,1,2,3,8,0.217848,0.224323,0,1
31213,,11,1,0,1,1,0,1,0,0,0,0,0
5119,,7,0,36,36,0,36,36,7,0.297907,0.314258,0,0.157937
35589,,7,1,0,1,1,0,1,0,0,0,0,0
5120,,13,0,1,1,0,1,1,8,0.235883,0.243933,0,0
32676,,8,1,5,6,1,5,6,8,0.248535,0.258246,26461.215462,0
33018,,8,1,0,1,1,0,1,0,0,0,0,0
13754,,10,1,3,4,1,3,4,9,0.244389,0.253518,26222.254303,0.083333
17147,,10,3,4,7,3,4,7,8,0.240235,0.248192,78.059068,0.35
5123,,11,0,2,2,0,2,2,8,0.239395,0.246815,0,0
5124,,6,0,1,1,0,1,1,8,0.230972,0.237602,0,0
5125,,16,0,1,1,0,1,1,8,0.236961,0.24442,0,0
26590,,10,1,0,1,1,0,1,0,0,0,0,0
10247,,7,1,0,1,1,0,1,0,0,0,0,0
5130,,9,0,3,3,0,3,3,9,0.211451,0.217086,0,0
5131,,9,4,6,10,4,6,10,9,0.22767,0.235202,107302.053809,0
5132,,9,4,6,10,4,6,10,8,0.266789,0.278316,46734.518363,0.055556
5133,,9,1,2,3,1,2,3,9,0.185532,0.189921,84.737324,0
7337,,9,1,2,3,1,2,3,9,0.214497,0.220649,26141.282322,0
18616,,9,1,0,1,1,0,1,0,0,0,0,0
17193,,8,3,0,3,3,0,3,0,0,0,0,0
5173,,11,1,0,1,1,0,1,0,0,0,0,0
11410,,0,1,2,3,1,2,3,9,0.21061,0.216778,164.834145,0.166667
5143,,10,0,1,1,0,1,1,8,0.231335,0.239437,0,0
18890,,11,1,2,3,1,2,3,8,0.257643,0.268265,247.604306,0.166667
5148,,8,1,1,2,1,1,2,9,0.218103,0.224526,0,1
5149,,12,0,2,2,0,2,2,8,0.237457,0.245656,0,1
5150,,0,0,1,1,0,1,1,9,0.199705,0.204961,0,0
5151,,11,0,1,1,0,1,1,8,0.234108,0.241443,0,0
5155,,11,0,2,2,0,2,2,8,0.249173,0.258506,0,1
12549,,8,1,1,2,1,1,2,10,0.190701,0.194777,0,0
5157,,7,0,2,2,0,2,2,9,0.228101,0.23562,0,0.5
21814,,7,1,0,1,1,0,1,0,0,0,0,0
10120,,10,1,1,2,1,1,2,9,0.215199,0.221687,1.685535,0
29613,,5,1,1,2,1,1,2,9,0.217501,0.223831,0,0
18082,,5,1,3,4,1,3,4,8,0.231445,0.238957,0,0.333333
5172,,8,0,1,1,0,1,1,9,0.222069,0.228832,0,0
26018,,7,5,9,14,5,9,14,8,0.262926,0.27439,229.643734,0.386364
33618,,16,1,1,2,1,1,2,9,0.204091,0.209064,0,0
5180,,5,0,1,1,0,1,1,9,0.23711,0.245258,0,0
5181,,11,0,1,1,0,1,1,8,0.251382,0.261452,0,0
5185,,8,1,1,2,1,1,2,9,0.184235,0.188098,18827,0
5187,,11,1,1,2,1,1,2,9,0.215775,0.22222,0,0.5
5188,,8,0,1,1,0,1,1,8,0.262756,0.273466,0,0
5189,,13,0,1,1,0,1,1,9,0.195066,0.199384,0,0
5191,,9,1,7,8,1,7,8,8,0.243192,0.25244,755.708802,0.178571
5192,,8,0,1,1,0,1,1,9,0.225053,0.231413,0,0
5193,,2,0,2,2,0,2,2,8,0.261671,0.272812,0,0
5195,,11,0,1,1,0,1,1,9,0.213887,0.219963,0,0
34263,,11,1,0,1,1,0,1,0,0,0,0,0
5197,,11,0,1,1,0,1,1,9,0.198365,0.203655,0,0
5199,,16,0,7,7,0,7,7,8,0.247773,0.257102,0,0.047619
5201,,11,0,2,2,0,2,2,9,0.20317,0.208411,0,0
12616,,11,1,2,3,1,2,3,8,0.234523,0.243104,4458.78639,0.166667
5202,,17,1,3,4,1,3,4,1,1,1,12976.579636,0
5204,,11,0,3,3,0,3,3,9,0.221455,0.228755,0,0
5206,,6,0,2,2,0,2,2,12,0.133078,0.134542,0,0
5208,,16,0,1,1,0,1,1,9,0.217903,0.22441,0,0
24150,,8,1,2,3,1,2,3,9,0.221311,0.227873,0,1
5211,,7,0,1,1,0,1,1,9,0.20921,0.214873,0,0
7296,,24,1,0,1,1,0,1,0,0,0,0,0
19439,,10,1,0,1,1,0,1,0,0,0,0,0
23848,,10,3,1,4,3,1,4,9,0.194024,0.198332,37700.215547,0
5216,,12,0,2,2,0,2,2,8,0.236851,0.24462,0,0.5
5217,,24,0,1,1,0,1,1,9,0.231745,0.239907,0,0
21760,,10,1,2,3,1,2,3,8,0.233649,0.242059,0,1
28790,,10,1,0,1,1,0,1,0,0,0,0,0
5221,,12,0,3,3,0,3,3,9,0.202315,0.208375,0,0.333333
7151,,12,1,3,4,1,3,4,8,0.237098,0.244957,3186.001149,0.083333
5222,,0,0,2,2,0,2,2,9,0.226586,0.234761,0,0
15074,,11,3,1,4,3,1,4,8,0.234262,0.242056,0,0.666667
26172,,11,3,5,8,3,5,8,8,0.236877,0.245421,148.854717,0.553571
35127,,11,2,1,3,2,1,3,9,0.203261,0.208511,78.497099,0
5224,,19,0,1,1,0,1,1,9,0.222431,0.229647,0,0
5225,,5,3,2,5,3,2,5,9,0.20428,0.209534,152.623153,0
6605,,5,1,0,1,1,0,1,0,0,0,0,0
33412,,5,1,0,1,1,0,1,0,0,0,0,0
5229,,11,0,2,2,0,2,2,8,0.231646,0.238358,0,0
15563,,5,1,1,2,1,1,2,9,0.219261,0.225506,0,0.5
5237,,15,1,5,6,1,5,6,8,0.263455,0.27492,1196.741772,0.166667
5240,,7,0,2,2,0,2,2,8,0.25715,0.268037,0,0.5
5244,,10,1,0,1,1,0,1,0,0,0,0,0
5247,,7,0,1,1,0,1,1,8,0.238229,0.245889,0,0
5248,,2,0,1,1,0,1,1,8,0.261475,0.272568,0,0
5257,,9,0,4,4,0,4,4,9,0.223029,0.230394,0,0.5
31452,,7,3,0,3,3,0,3,0,0,0,0,0
5265,,18,1,18,19,1,18,19,9,0.213127,0.219775,18833,0.055556
7322,,18,5,4,9,5,4,9,9,0.212908,0.219129,19355.92362,0.152778
13387,,18,4,1,5,4,1,5,9,0.212855,0.218899,0,0.35
8608,,18,2,1,3,2,1,3,9,0.21286,0.218905,0,0.333333
13374,,18,1,1,2,1,1,2,9,0.21286,0.218905,0,0.5
12979,,18,2,0,2,2,0,2,0,0,0,0,0
12448,,18,8,1,9,8,1,9,10,0.175585,0.179024,14.508942,0.055556
10220,,18,3,1,4,3,1,4,10,0.176056,0.179586,9,0
11964,,18,1,3,4,1,3,4,9,0.225841,0.233145,1240.876697,0.166667
13213,,18,2,4,6,2,4,6,9,0.212877,0.219023,32175.106201,0.266667
8324,,18,2,1,3,2,1,3,9,0.212858,0.218903,0,0.5
9624,,18,1,1,2,1,1,2,9,0.21286,0.218905,0,0.5
5266,,7,0,2,2,0,2,2,9,0.227654,0.234695,0,0.5
5267,,7,0,1,1,0,1,1,9,0.200066,0.204368,0,0
5269,,7,0,1,1,0,1,1,9,0.204047,0.209112,0,0
5273,,8,0,1,1,0,1,1,9,0.205125,0.209995,0,0
5274,,10,0,1,1,0,1,1,10,0.18462,0.188856,0,0
5283,,7,0,16,16,0,16,16,8,0.276847,0.290682,0,0.216667
34884,,16,1,0,1,1,0,1,0,0,0,0,0
5288,,8,0,1,1,0,1,1,8,0.262756,0.273466,0,0
13043,,11,2,1,3,2,1,3,9,0.212117,0.218408,0,0.5
18332,,11,1,0,1,1,0,1,0,0,0,0,0
22244,,11,1,1,2,1,1,2,9,0.212117,0.218408,0,0
33221,,11,9,9,18,9,9,18,9,0.234999,0.243669,81026.585555,0.045455
5292,,2,0,1,1,0,1,1,8,0.261475,0.272568,0,0
5293,,50,0,1,1,0,1,1,1,1,1,0,0
5294,,50,1,0,1,1,0,1,0,0,0,0,0
21744,,7,1,0,1,1,0,1,0,0,0,0,0
21079,,7,3,0,3,3,0,3,0,0,0,0,0
5296,,7,0,1,1,0,1,1,9,0.226164,0.233246,0,0
11588,,15,1,1,2,1,1,2,9,0.224979,0.231843,61.87127,0
27162,,15,2,0,2,2,0,2,0,0,0,0,0
8101,,6,1,0,1,1,0,1,0,0,0,0,0
5302,,19,0,3,3,0,3,3,8,0.245153,0.253899,0,0.333333
5303,,8,0,2,2,0,2,2,8,0.24198,0.250553,0,1
5304,,19,0,1,1,0,1,1,9,0.216325,0.222422,0,0
12501,,11,1,2,3,1,2,3,8,0.241102,0.249622,44.498188,0
5307,,16,0,1,1,0,1,1,8,0.234155,0.242097,0,0
5310,,7,0,1,1,0,1,1,8,0.244345,0.253397,0,0
5311,,24,1,1,2,1,1,2,8,0.225838,0.233103,26.742287,0
12536,,12,1,0,1,1,0,1,0,0,0,0,0
15415,,12,1,0,1,1,0,1,0,0,0,0,0
5315,,0,0,1,1,0,1,1,9,0.21247,0.218226,0,0
5316,,19,0,2,2,0,2,2,9,0.218251,0.224612,0,0
5317,,0,0,2,2,0,2,2,9,0.214957,0.221394,0,0
5319,,8,0,1,1,0,1,1,8,0.255022,0.264509,0,0
5320,,16,0,1,1,0,1,1,8,0.226676,0.234633,0,0
17749,,8,3,9,12,3,9,12,8,0.257355,0.2687,36981.466034,0.090909
8135,,10,1,1,2,1,1,2,9,0.218549,0.224673,0,0
18972,,1,1,1,2,1,1,2,10,0.178304,0.181863,3.617853,0
35685,,10,1,0,1,1,0,1,0,0,0,0,0
5322,,11,0,1,1,0,1,1,8,0.240389,0.248209,0,0
20368,,10,1,0,1,1,0,1,0,0,0,0,0
28986,,21,2,0,2,2,0,2,0,0,0,0,0
5952,,11,2,2,4,2,2,4,9,0.218194,0.224537,56.528893,0
33474,,10,2,0,2,2,0,2,0,0,0,0,0
22926,,10,1,2,3,1,2,3,1,1,1,7.243005,0
5326,,11,0,3,3,0,3,3,8,0.235294,0.24304,0,0
28142,,11,1,1,2,1,1,2,9,0.203599,0.209022,23.287273,0
5327,,2,0,1,1,0,1,1,9,0.218317,0.224658,0,0
5329,,17,0,1,1,0,1,1,1,1,1,0,0
5335,,8,0,2,2,0,2,2,9,0.221647,0.228035,0,0
5336,,8,2,2,4,2,2,4,8,0.263647,0.274546,23799.699093,0
5343,,8,0,6,6,0,6,6,8,0.257238,0.267615,0,0.166667
5345,,0,2,0,2,2,0,2,0,0,0,0,0
7162,,0,2,1,3,2,1,3,9,0.186803,0.190935,0,0.5
17098,,7,2,2,4,2,2,4,8,0.242475,0.251083,158.026604,0.333333
5350,,11,1,4,5,1,4,5,8,0.264927,0.275985,1172.830312,0.416667
5353,,15,0,1,1,0,1,1,9,0.219194,0.225882,0,0
5354,,8,0,1,1,0,1,1,1,1,1,0,0
19856,,10,1,0,1,1,0,1,0,0,0,0,0
5357,,21,0,1,1,0,1,1,1,1,1,0,0
5362,,7,0,2,2,0,2,2,8,0.246944,0.255935,0,1
5365,,21,0,1,1,0,1,1,1,1,1,0,0
5367,,8,0,1,1,0,1,1,8,0.262756,0.273466,0,0
5369,,7,0,1,1,0,1,1,9,0.213284,0.219286,0,0
23243,,8,1,0,1,1,0,1,0,0,0,0,0
5372,,11,1,11,12,1,11,12,7,0.305982,0.322643,10434.377124,0.390909
8078,,11,1,2,3,1,2,3,8,0.239292,0.247142,0,0.5
5373,,6,0,1,1,0,1,1,9,0.212636,0.218626,0,0
5375,,5,1,1,2,1,1,2,9,0.224968,0.231923,0,0
26810,,5,1,0,1,1,0,1,0,0,0,0,0
32666,,5,1,1,2,1,1,2,9,0.224968,0.231923,0,0
34620,,5,1,1,2,1,1,2,9,0.224968,0.231923,0,0
34621,,5,1,1,2,1,1,2,9,0.224968,0.231923,0,0
34622,,5,1,1,2,1,1,2,9,0.224968,0.231923,0,0
34623,,5,1,1,2,1,1,2,9,0.224968,0.231923,0,0
34624,,5,1,0,1,1,0,1,0,0,0,0,0
26537,,5,1,1,2,1,1,2,9,0.22137,0.227572,0,1
5377,,16,0,1,1,0,1,1,8,0.233279,0.241109,0,0
5440,,8,2,3,5,2,3,5,8,0.23407,0.242116,632.219437,0.1
5381,,15,0,4,4,0,4,4,8,0.25112,0.26138,0,0
5382,,15,1,0,1,1,0,1,0,0,0,0,0
13911,,8,1,0,1,1,0,1,0,0,0,0,0
28381,,8,1,0,1,1,0,1,0,0,0,0,0
24087,,8,1,2,3,1,2,3,9,0.219948,0.22651,7.530363,0
31867,,8,1,0,1,1,0,1,0,0,0,0,0
10533,,7,5,3,8,5,3,8,8,0.268215,0.279651,695.542158,0.309524
5385,,11,2,3,5,2,3,5,8,0.242512,0.251286,782.705914,0.2
5387,,7,0,1,1,0,1,1,8,0.238404,0.246059,0,0
5388,,1,0,1,1,0,1,1,10,0.178303,0.181862,0,0
9151,,16,1,1,2,1,1,2,9,0.202974,0.207934,66.51248,0
12740,,5,1,1,2,1,1,2,9,0.232678,0.24045,0,0
16057,,5,1,0,1,1,0,1,0,0,0,0,0
12387,,5,1,1,2,1,1,2,9,0.199731,0.205081,9.688063,0
34973,,5,1,3,4,1,3,4,8,0.236814,0.245062,11953.142875,0
15941,,0,1,0,1,1,0,1,0,0,0,0,0
5393,,6,0,1,1,0,1,1,9,0.204839,0.210273,0,0
23649,,2,2,0,2,2,0,2,0,0,0,0,0
5398,,12,0,1,1,0,1,1,9,0.195014,0.200132,0,0
5399,,8,0,1,1,0,1,1,1,1,1,0,0
5400,,7,0,1,1,0,1,1,8,0.263278,0.27399,0,0
5401,,7,0,1,1,0,1,1,9,0.226164,0.233246,0,0
8477,,10,1,2,3,1,2,3,10,0.191838,0.196417,20.810933,0
23173,,10,1,1,2,1,1,2,10,0.191646,0.196168,0,0
5404,,11,0,1,1,0,1,1,9,0.22008,0.227059,0,0
5405,,7,0,1,1,0,1,1,8,0.252153,0.261614,0,0
5407,,7,0,2,2,0,2,2,8,0.245524,0.254851,0,0
5409,,0,0,3,3,0,3,3,9,0.188965,0.193214,0,0.166667
7299,,0,2,2,4,2,2,4,8,0.228945,0.236688,23780.347933,0
23311,,15,1,0,1,1,0,1,0,0,0,0,0
5413,,5,0,3,3,0,3,3,9,0.211399,0.217609,0,0
5414,,5,1,0,1,1,0,1,0,0,0,0,0
6950,,6,1,0,1,1,0,1,0,0,0,0,0
8161,,6,1,3,4,1,3,4,8,0.256782,0.267789,0,0.833333
5417,,5,0,1,1,0,1,1,9,0.229134,0.236663,0,0
5422,,10,0,2,2,0,2,2,9,0.225673,0.233103,0,0
5425,,16,0,1,1,0,1,1,9,0.210116,0.215602,0,0
5429,,7,0,3,3,0,3,3,8,0.241564,0.249584,0,0.166667
5430,,0,0,2,2,0,2,2,9,0.224797,0.232451,0,1
5431,,18,8,1,9,8,1,9,9,0.212855,0.218899,37651,0.152778
17682,,18,10,7,17,10,7,17,9,0.21439,0.221121,21402.037834,0.142857
19074,,18,1,1,2,1,1,2,9,0.212855,0.218899,0,1
30726,,18,2,2,4,2,2,4,9,0.212892,0.219001,0,0.75
24866,,10,1,0,1,1,0,1,0,0,0,0,0
22986,,10,2,3,5,2,3,5,9,0.219238,0.22568,447.537835,0.083333
5438,,8,1,1,2,1,1,2,9,0.225856,0.233197,2992.267383,0
13831,,10,1,0,1,1,0,1,0,0,0,0,0
20503,,10,1,0,1,1,0,1,0,0,0,0,0
10732,,10,1,1,2,1,1,2,7,0.293555,0.307957,502.714717,0
24911,,10,1,0,1,1,0,1,0,0,0,0,0
23542,,5,1,1,2,1,1,2,1,1,1,0,0
5444,,7,0,3,3,0,3,3,8,0.253757,0.263544,0,0
5445,,13,0,2,2,0,2,2,8,0.261642,0.272776,0,0
5447,,13,0,2,2,0,2,2,8,0.229178,0.236765,0,0.5
15571,,16,1,2,3,1,2,3,8,0.234542,0.241825,42.565458,0.5
5451,,7,0,2,2,0,2,2,9,0.226173,0.233287,0,0
28464,,7,2,0,2,2,0,2,0,0,0,0,0
5452,,8,0,1,1,0,1,1,9,0.230193,0.238549,0,0
5457,,15,3,1,4,3,1,4,9,0.225591,0.232932,19500.399549,0
31963,,0,1,2,3,1,2,3,8,0.243142,0.251492,62.50864,0
6993,,9,2,0,2,2,0,2,0,0,0,0,0
5459,,51,0,1,1,0,1,1,1,1,1,0,0
5460,,51,1,0,1,1,0,1,0,0,0,0,0
5464,,52,0,1,1,0,1,1,1,1,1,0,0
5465,,52,1,0,1,1,0,1,0,0,0,0,0
5466,,0,0,2,2,0,2,2,8,0.242398,0.250702,0,0
20599,,0,1,0,1,1,0,1,0,0,0,0,0
5467,,11,0,1,1,0,1,1,8,0.234266,0.242061,0,0
5468,,8,0,1,1,0,1,1,8,0.234991,0.243288,0,0
5469,,15,0,3,3,0,3,3,8,0.243394,0.251906,0,0.5
5471,,16,0,2,2,0,2,2,8,0.236636,0.245361,0,0
5475,,12,0,1,1,0,1,1,9,0.194323,0.198649,0,0
5476,,24,0,2,2,0,2,2,8,0.245223,0.253921,0,0
35479,,6,1,0,1,1,0,1,0,0,0,0,0
5479,,10,1,5,6,1,5,6,9,0.234626,0.242889,18828,0.033333
5522,,10,2,0,2,2,0,2,0,0,0,0,0
27915,,8,1,0,1,1,0,1,0,0,0,0,0
13360,,24,1,6,7,1,6,7,8,0.230344,0.238123,85.529928,0.333333
5482,,7,0,1,1,0,1,1,9,0.207609,0.212853,0,0
5483,,0,0,1,1,0,1,1,8,0.242388,0.250662,0,0
7858,,10,1,0,1,1,0,1,0,0,0,0,0
10016,,11,2,10,12,2,10,12,8,0.241892,0.251604,79310.973027,0.054545
27980,,19,2,0,2,2,0,2,0,0,0,0,0
30710,,10,1,0,1,1,0,1,0,0,0,0,0
32563,,16,1,2,3,1,2,3,8,0.237023,0.244737,1157.456594,0
33753,,10,1,1,2,1,1,2,9,0.216075,0.222285,138.590116,0
35486,,10,1,0,1,1,0,1,0,0,0,0,0
5485,,8,0,1,1,0,1,1,9,0.20809,0.213256,0,0
5486,,8,1,1,2,1,1,2,8,0.262756,0.273466,18827,0
16593,,8,2,0,2,2,0,2,0,0,0,0,0.5
8989,,8,1,5,6,1,5,6,8,0.272908,0.285144,1338.495328,0.166667
17748,,8,1,1,2,1,1,2,8,0.262757,0.273467,0,0.5
5491,,11,2,3,5,2,3,5,9,0.229829,0.238006,1543.045331,0.083333
13900,,11,4,0,4,4,0,4,0,0,0,0,0.083333
15743,,11,1,0,1,1,0,1,0,0,0,0,0
5493,,5,0,2,2,0,2,2,9,0.234219,0.24277,0,1
5494,,7,0,3,3,0,3,3,8,0.237604,0.246137,0,0
7519,,6,1,0,1,1,0,1,0,0,0,0,0
5496,,1,0,5,5,0,5,5,8,0.23192,0.239652,0,0.2
5498,,24,0,1,1,0,1,1,9,0.231745,0.239907,0,0
5502,,15,0,1,1,0,1,1,9,0.224977,0.231842,0,0
5503,,19,1,2,3,1,2,3,8,0.26308,0.273885,3297.288404,0.166667
5504,,16,1,3,4,1,3,4,9,0.236252,0.244718,132.195864,0
5506,,11,0,5,5,0,5,5,8,0.255791,0.265914,0,0.05
5508,,11,2,5,7,2,5,7,8,0.231042,0.2392,97149.212597,0.02381
5509,,11,1,0,1,1,0,1,0,0,0,0,0
9716,,0,1,1,2,1,1,2,8,0.230719,0.238685,0,0.5
14455,,11,1,0,1,1,0,1,0,0,0,0,0
5513,,10,0,2,2,0,2,2,8,0.230986,0.23881,0,0
5514,,1,0,13,13,0,13,13,8,0.270247,0.282757,0,0.307692
5515,,0,0,1,1,0,1,1,9,0.187611,0.191833,0,0
25272,,16,1,0,1,1,0,1,0,0,0,0,0
34569,,8,1,0,1,1,0,1,0,0,0,0,0
5520,,0,0,1,1,0,1,1,1,1,1,0,0
5521,,0,3,0,3,3,0,3,0,0,0,0,0
5523,,11,0,3,3,0,3,3,8,0.245036,0.254914,0,0.333333
22052,,11,1,1,2,1,1,2,2,0.666667,0.75,2,0
5524,,9,1,3,4,1,3,4,9,0.227502,0.235417,0,0.416667
15245,,19,1,0,1,1,0,1,0,0,0,0,0
10921,,8,2,4,6,2,4,6,8,0.268268,0.280358,505.883528,0.266667
5526,,24,0,1,1,0,1,1,9,0.218312,0.224902,0,0
5527,,7,0,6,6,0,6,6,8,0.264183,0.275236,0,0.166667
5528,,0,1,3,4,1,3,4,9,0.205318,0.210526,324.659105,0.166667
5529,,7,0,1,1,0,1,1,9,0.20921,0.214873,0,0
5530,,11,0,2,2,0,2,2,8,0.231958,0.239028,0,0
7839,,11,1,0,1,1,0,1,0,0,0,0,0
5531,,11,0,1,1,0,1,1,9,0.222702,0.229324,0,0
5535,,10,0,1,1,0,1,1,10,0.190046,0.19433,0,0
5536,,9,0,1,1,0,1,1,9,0.199181,0.204001,0,0
5537,,8,0,1,1,0,1,1,9,0.209608,0.214994,0,0
5541,,11,0,1,1,0,1,1,10,0.192799,0.197346,0,0
15589,,7,1,0,1,1,0,1,0,0,0,0,0
31853,,2,1,1,2,1,1,2,9,0.238286,0.246732,5.370662,0
5543,,2,1,1,2,1,1,2,8,0.261476,0.272569,0,0.5
5544,,18,3,1,4,3,1,4,9,0.212855,0.218899,0,0.333333
5545,,21,0,2,2,0,2,2,1,1,1,0,0
29591,,21,1,0,1,1,0,1,0,0,0,0,0
5547,,12,0,2,2,0,2,2,9,0.189959,0.194006,0,0.5
5549,,10,1,6,7,1,6,7,8,0.266099,0.277571,25982.751492,0.190476
31114,,10,1,0,1,1,0,1,0,0,0,0,0
6229,,12,2,0,2,2,0,2,0,0,0,0,0.5
6228,,12,1,1,2,1,1,2,1,1,1,0,0.5
9849,,12,1,0,1,1,0,1,0,0,0,0,0
17324,,11,2,0,2,2,0,2,0,0,0,0,0
5553,,5,0,2,2,0,2,2,9,0.227193,0.234271,0,0
5555,,15,0,1,1,0,1,1,8,0.228597,0.235212,0,0
31150,,8,1,0,1,1,0,1,0,0,0,0,0
5558,,7,0,1,1,0,1,1,9,0.214766,0.220717,0,0
5559,,11,0,1,1,0,1,1,9,0.228869,0.236881,0,0
5560,,11,0,1,1,0,1,1,9,0.220826,0.22761,0,0
5561,,8,0,1,1,0,1,1,8,0.262756,0.273466,0,0
5562,,8,0,1,1,0,1,1,8,0.248761,0.257751,0,0
5563,,7,0,1,1,0,1,1,1,1,1,0,0
5564,,7,2,0,2,2,0,2,0,0,0,0,0
5566,,7,0,2,2,0,2,2,8,0.231267,0.238123,0,0.5
5572,,0,1,0,1,1,0,1,0,0,0,0,0
5575,,7,0,1,1,0,1,1,9,0.210358,0.21613,0,0
5576,,21,0,2,2,0,2,2,1,1,1,0,0
13569,,21,1,0,1,1,0,1,0,0,0,0,0
5577,,11,0,1,1,0,1,1,8,0.216811,0.22311,0,0
5578,,8,0,1,1,0,1,1,9,0.219616,0.22591,0,0
8371,,11,1,4,5,1,4,5,8,0.25504,0.266104,278.660062,0.166667
15780,,10,1,1,2,1,1,2,9,0.197659,0.202005,37.481043,0
12093,,10,2,8,10,2,8,10,8,0.267529,0.279251,26511.0616,0.152778
34427,,10,2,2,4,2,2,4,8,0.235475,0.243649,107.815298,0.333333
5581,,16,0,1,1,0,1,1,9,0.196196,0.200485,0,0
5582,,11,0,1,1,0,1,1,8,0.234108,0.241443,0,0
5583,,8,0,1,1,0,1,1,8,0.227429,0.234822,0,0
5585,,15,0,1,1,0,1,1,10,0.179156,0.182314,0,0
5586,,18,0,1,1,0,1,1,9,0.21286,0.218905,0,0
5589,,8,0,1,1,0,1,1,8,0.244564,0.253553,0,0
5592,,8,0,1,1,0,1,1,8,0.262756,0.273466,0,0
5593,,16,0,1,1,0,1,1,8,0.234155,0.242097,0,0
5595,,6,0,2,2,0,2,2,8,0.234502,0.242488,0,1
5596,,11,0,1,1,0,1,1,8,0.251382,0.261452,0,0
26585,,24,1,0,1,1,0,1,0,0,0,0,0
23054,,24,2,5,7,2,5,7,9,0.238394,0.247823,44924.586785,0.133333
8020,,24,1,2,3,1,2,3,9,0.215346,0.22144,26415.060477,0
10648,,24,3,1,4,3,1,4,9,0.223181,0.229596,22.713275,0.166667
5602,,1,0,3,3,0,3,3,8,0.229589,0.237192,0,0.666667
5603,,1,0,1,1,0,1,1,9,0.195727,0.200675,0,0
5604,,6,0,1,1,0,1,1,8,0.25615,0.266929,0,0
5606,,6,0,1,1,0,1,1,8,0.25615,0.266929,0,0
5607,,15,0,4,4,0,4,4,8,0.245156,0.253375,0,0.25
5610,,6,0,1,1,0,1,1,8,0.25615,0.266929,0,0
5611,,6,0,1,1,0,1,1,8,0.25615,0.266929,0,0
5612,,6,0,1,1,0,1,1,8,0.25615,0.266929,0,0
5613,,16,0,1,1,0,1,1,9,0.214084,0.219917,0,0
5616,,53,0,1,1,0,1,1,1,1,1,0,0
5617,,53,1,0,1,1,0,1,0,0,0,0,0
5620,,21,2,0,2,2,0,2,0,0,0,0,0
5622,,18,0,4,4,0,4,4,9,0.212909,0.219084,0,0.25
5623,,11,1,1,2,1,1,2,9,0.232956,0.241234,18827,0
5625,,8,0,1,1,0,1,1,9,0.217683,0.224105,0,0
5626,,12,0,1,1,0,1,1,9,0.195014,0.200132,0,0
5629,,8,0,3,3,0,3,3,8,0.2593,0.270371,0,0
5630,,11,0,1,1,0,1,1,9,0.203661,0.20898,0,0
5632,,11,0,1,1,0,1,1,8,0.236535,0.24595,0,0
5633,,0,0,1,1,0,1,1,8,0.228936,0.236648,0,0
5637,,16,0,1,1,0,1,1,11,0.148308,0.150337,0,0
5638,,16,1,2,3,1,2,3,10,0.174124,0.177423,18828,0.166667
23408,,16,1,3,4,1,3,4,9,0.210822,0.216757,37652,0.333333
5639,,6,0,1,1,0,1,1,8,0.25615,0.266929,0,0
15333,,16,1,0,1,1,0,1,0,0,0,0,0
14856,,16,1,1,2,1,1,2,9,0.213534,0.219295,0,0
5644,,8,0,1,1,0,1,1,8,0.263621,0.273995,0,0
5648,,16,1,1,2,1,1,2,8,0.233233,0.240201,20938.131781,0
14699,,16,1,0,1,1,0,1,0,0,0,0,0
5651,,8,0,2,2,0,2,2,9,0.229999,0.237831,0,0
28295,,8,2,0,2,2,0,2,0,0,0,0,0.5
5654,,13,0,1,1,0,1,1,9,0.195066,0.199384,0,0
13744,,15,2,2,4,2,2,4,9,0.227494,0.234656,197.547934,0.083333
5656,,0,0,1,1,0,1,1,9,0.19166,0.19573,0,0
5659,,5,0,8,8,0,8,8,8,0.267431,0.279999,0,0.089286
5660,,5,1,0,1,1,0,1,0,0,0,0,0
5914,,5,1,0,1,1,0,1,0,0,0,0,0
5663,,7,0,4,4,0,4,4,7,0.29976,0.314869,0,0.333333
5664,,7,0,1,1,0,1,1,8,0.252153,0.261614,0,0
5666,,0,0,2,2,0,2,2,8,0.231321,0.238992,0,0
7834,,15,3,4,7,3,4,7,8,0.262852,0.273691,26961.405424,0.166667
13074,,7,1,1,2,1,1,2,8,0.228432,0.234975,0,0
18188,,5,4,4,8,4,4,8,9,0.207508,0.21334,2836.974677,0.02381
12494,,6,2,3,5,2,3,5,9,0.223709,0.230871,27774.894162,0
5673,,1,0,1,1,0,1,1,8,0.232406,0.239626,0,0
5675,,7,1,4,5,1,4,5,8,0.236285,0.243604,25984.181232,0.05
5679,,8,0,1,1,0,1,1,8,0.228134,0.235523,0,0
31730,,15,1,0,1,1,0,1,0,0,0,0,0
31705,,15,3,1,4,3,1,4,10,0.188046,0.19216,0,1
5687,,11,0,1,1,0,1,1,9,0.206445,0.21192,0,0
5689,,8,0,1,1,0,1,1,1,1,1,0,0
5690,,54,0,1,1,0,1,1,1,1,1,0,0
5691,,54,1,0,1,1,0,1,0,0,0,0,0
5693,,16,0,1,1,0,1,1,9,0.230483,0.238015,0,0
28427,,1,1,1,2,1,1,2,8,0.231306,0.23793,50.138235,0
5696,,16,0,1,1,0,1,1,9,0.211371,0.217148,0,0
5697,,16,0,1,1,0,1,1,9,0.211371,0.217148,0,0
5698,,16,0,1,1,0,1,1,9,0.211371,0.217148,0,0
7063,,8,4,2,6,4,2,6,8,0.230465,0.238008,19053.937423,0
5703,,7,0,1,1,0,1,1,9,0.214766,0.220717,0,0
6687,,9,1,2,3,1,2,3,9,0.199849,0.205118,14.778924,0.333333
7750,,8,2,6,8,2,6,8,8,0.2733,0.285937,633.327106,0.196429
5708,,21,0,1,1,0,1,1,1,1,1,0,0
5709,,0,0,1,1,0,1,1,8,0.230717,0.238683,0,0
5710,,18,0,1,1,0,1,1,9,0.21286,0.218905,0,0
5714,,0,0,1,1,0,1,1,9,0.222605,0.230046,0,0
26896,,2,1,0,1,1,0,1,0,0,0,0,0
5718,,7,0,1,1,0,1,1,7,0.293553,0.307954,0,0
5720,,24,0,3,3,0,3,3,8,0.254,0.264602,0,0.166667
5722,,1,0,2,2,0,2,2,9,0.214222,0.219953,0,0
5724,,7,0,1,1,0,1,1,9,0.221229,0.22782,0,0
5726,,7,0,1,1,0,1,1,9,0.226164,0.233246,0,0
8423,,8,1,0,1,1,0,1,0,0,0,0,0
5731,,18,0,1,1,0,1,1,9,0.21286,0.218905,0,0
5732,,6,0,2,2,0,2,2,8,0.247421,0.25681,0,0
5733,,6,0,2,2,0,2,2,8,0.256153,0.266956,0,1
10461,,10,1,1,2,1,1,2,9,0.209364,0.214909,0,0
34799,,10,1,0,1,1,0,1,0,0,0,0,0
5736,,7,0,1,1,0,1,1,9,0.226164,0.233246,0,0
5739,,0,1,3,4,1,3,4,8,0.230736,0.238769,69.232093,0.083333
5740,,0,0,1,1,0,1,1,8,0.230717,0.238683,0,0
5742,,8,1,4,5,1,4,5,9,0.214997,0.221286,51.120869,0
6895,,2,1,0,1,1,0,1,0,0,0,0,0
16781,,15,1,3,4,1,3,4,9,0.221579,0.228854,13.125076,0.166667
29293,,15,1,0,1,1,0,1,0,0,0,0,0
6811,,15,1,2,3,1,2,3,9,0.227692,0.234908,179.165656,0.333333
33477,,15,1,0,1,1,0,1,0,0,0,0,0
31333,,8,1,0,1,1,0,1,0,0,0,0,0
5750,,15,1,2,3,1,2,3,8,0.251698,0.262228,160.171681,0
5751,,2,0,3,3,0,3,3,8,0.269649,0.281549,0,0.333333
5752,,2,1,0,1,1,0,1,0,0,0,0,0
5758,,16,0,1,1,0,1,1,10,0.163408,0.165944,0,0
5759,,16,1,3,4,1,3,4,9,0.195315,0.199699,18827,0.333333
5761,,8,0,1,1,0,1,1,8,0.236188,0.243784,0,0
5762,,19,0,1,1,0,1,1,9,0.188054,0.192248,0,0
5766,,8,0,6,6,0,6,6,8,0.266826,0.278854,0,0.266667
5767,,8,0,4,4,0,4,4,9,0.234041,0.242109,0,0
5774,,7,1,2,3,1,2,3,1,1,1,51952,0
5775,,7,1,0,1,1,0,1,0,0,0,0,0
6346,,7,1,0,1,1,0,1,0,0,0,0,0
19620,,6,1,0,1,1,0,1,0,0,0,0,0
5779,,10,0,2,2,0,2,2,9,0.21838,0.225038,0,0
16074,,11,1,0,1,1,0,1,0,0,0,0,0
5784,,15,0,3,3,0,3,3,8,0.26337,0.274251,0,0.333333
14984,,0,1,0,1,1,0,1,0,0,0,0,0
13153,,24,1,3,4,1,3,4,1,1,1,77928,0
5789,,24,0,1,1,0,1,1,9,0.218761,0.22523,0,0
27458,,9,5,3,8,5,3,8,10,0.168649,0.171597,195367.105286,0.107143
5798,,12,0,2,2,0,2,2,8,0.237286,0.244867,0,0.5
5801,,7,0,1,1,0,1,1,9,0.226681,0.233517,0,0
5806,,1,0,1,1,0,1,1,9,0.217487,0.223937,0,0
5810,,12,0,2,2,0,2,2,9,0.208178,0.213777,0,1
5813,,7,0,1,1,0,1,1,9,0.226164,0.233246,0,0
5814,,10,0,1,1,0,1,1,9,0.215262,0.221613,0,0
5815,,13,0,1,1,0,1,1,9,0.195066,0.199384,0,0
5816,,5,0,1,1,0,1,1,10,0.191285,0.195691,0,0
22943,,11,1,0,1,1,0,1,0,0,0,0,0
5819,,8,0,1,1,0,1,1,9,0.209772,0.215183,0,0
5822,,24,0,1,1,0,1,1,1,1,1,0,0
5823,,12,0,1,1,0,1,1,8,0.236841,0.24458,0,0
5825,,11,0,1,1,0,1,1,8,0.251382,0.261452,0,0
5826,,15,0,1,1,0,1,1,9,0.192763,0.197168,0,0
5828,,3,0,4,4,0,4,4,8,0.242124,0.250217,0,0
5829,,3,2,5,7,2,5,7,8,0.26805,0.279706,20433.164442,0.119048
9713,,3,1,2,3,1,2,3,8,0.228941,0.236683,264.615712,0
5833,,8,0,1,1,0,1,1,8,0.233882,0.2414,0,0
5835,,16,1,2,3,1,2,3,9,0.191229,0.195397,18827,0
8683,,16,1,1,2,1,1,2,10,0.160532,0.162972,0,0
22705,,11,4,0,4,4,0,4,0,0,0,0,0
9253,,9,1,0,1,1,0,1,0,0,0,0,0
5839,,8,0,1,1,0,1,1,8,0.255022,0.264509,0,0
5841,,11,1,0,1,1,0,1,0,0,0,0,0
8545,,11,2,1,3,2,1,3,1,1,1,25976,0
15180,,11,1,1,2,1,1,2,9,0.212224,0.218236,0,0
21456,,11,1,1,2,1,1,2,9,0.212224,0.218236,0,0
21830,,11,1,0,1,1,0,1,0,0,0,0,0
5845,,5,0,5,5,0,5,5,8,0.249871,0.259542,0,0.05
5847,,21,0,2,2,0,2,2,8,0.24386,0.252572,0,0.5
5851,,7,0,2,2,0,2,2,8,0.25708,0.26758,0,1
5852,,13,0,6,6,0,6,6,9,0.201857,0.207125,0,0.233333
5883,,13,1,4,5,1,4,5,9,0.201853,0.207078,1.5,0.45
5856,,5,0,2,2,0,2,2,9,0.216233,0.222261,0,0
5858,,19,0,1,1,0,1,1,9,0.216325,0.222422,0,0
20354,,5,1,2,3,1,2,3,8,0.228876,0.236499,0,1
5864,,6,0,1,1,0,1,1,9,0.217915,0.224606,0,0
25706,,11,2,0,2,2,0,2,0,0,0,0,0
25476,,10,1,1,2,1,1,2,11,0.160582,0.16321,25974,0
5869,,11,0,1,1,0,1,1,8,0.238528,0.246408,0,0
5871,,0,0,2,2,0,2,2,8,0.250033,0.260373,0,0
14941,,15,1,1,2,1,1,2,9,0.201511,0.206451,0,0
5874,,15,1,1,2,1,1,2,10,0.16943,0.17248,0,0
9414,,15,1,0,1,1,0,1,0,0,0,0,0
5876,,0,1,6,7,1,6,7,8,0.255226,0.266899,1445.666192,0.119048
5880,,15,2,1,3,2,1,3,9,0.214507,0.221384,705.216718,0
5884,,8,0,1,1,0,1,1,9,0.198884,0.203512,0,0
5886,,0,1,0,1,1,0,1,0,0,0,0,0
8117,,0,1,0,1,1,0,1,0,0,0,0,0
24987,,0,1,0,1,1,0,1,0,0,0,0,0
14460,,0,2,1,3,2,1,3,9,0.212169,0.218093,12.515523,0
5889,,8,0,1,1,0,1,1,10,0.166724,0.169221,0,0
5896,,12,0,1,1,0,1,1,8,0.234438,0.242011,0,0
5898,,15,0,1,1,0,1,1,1,1,1,0,0
5899,,15,2,0,2,2,0,2,0,0,0,0,0
5900,,10,0,2,2,0,2,2,8,0.243454,0.252061,0,1
5901,,11,0,3,3,0,3,3,8,0.241121,0.250856,0,0.666667
5903,,0,0,1,1,0,1,1,9,0.186292,0.190332,0,0
12738,,6,2,1,3,2,1,3,10,0.177866,0.181549,0,0.5
6122,,8,1,2,3,1,2,3,8,0.263522,0.274405,88.517965,0.166667
14032,,10,1,1,2,1,1,2,9,0.228715,0.235716,0,0
14284,,7,4,1,5,4,1,5,1,1,1,1.681144,0.5
16368,,10,1,0,1,1,0,1,0,0,0,0,0
20575,,10,1,0,1,1,0,1,0,0,0,0,0
5907,,24,1,2,3,1,2,3,8,0.264796,0.27606,10.970428,0.5
5909,,0,0,1,1,0,1,1,9,0.193129,0.197584,0,0
5911,,7,0,1,1,0,1,1,9,0.221081,0.227768,0,0
25666,,15,1,1,2,1,1,2,8,0.238153,0.247425,446.069794,0
5917,,10,2,1,3,2,1,3,9,0.196553,0.201295,177.702949,0.333333
10365,,16,2,0,2,2,0,2,0,0,0,0,0
5924,,5,0,1,1,0,1,1,1,1,1,0,0
7236,,6,1,2,3,1,2,3,8,0.24757,0.25704,56.654164,0.333333
32025,,11,1,0,1,1,0,1,0,0,0,0,0
5929,,21,0,3,3,0,3,3,8,0.262778,0.273546,0,0.166667
5930,,11,0,1,1,0,1,1,8,0.22523,0.233228,0,0
5931,,7,0,1,1,0,1,1,9,0.190043,0.194312,0,0
8127,,7,1,0,1,1,0,1,0,0,0,0,0
10271,,6,1,1,2,1,1,2,9,0.199769,0.204788,2889.915438,0
5933,,5,0,1,1,0,1,1,8,0.23532,0.242676,0,0
21015,,11,2,3,5,2,3,5,9,0.234113,0.24187,864.338386,0.45
31922,,10,1,1,2,1,1,2,10,0.170634,0.173775,0,0
5939,,8,0,1,1,0,1,1,9,0.231199,0.238812,0,0
13093,,10,1,2,3,1,2,3,9,0.220784,0.227554,0,1
13201,,10,1,0,1,1,0,1,0,0,0,0,0
8961,,8,1,0,1,1,0,1,0,0,0,0,0
26508,,8,3,1,4,3,1,4,1,1,1,25976,0
9630,,5,1,0,1,1,0,1,0,0,0,0,0
14722,,10,1,2,3,1,2,3,9,0.200074,0.20441,1.148117,0
14115,,21,1,0,1,1,0,1,0,0,0,0,0
19731,,21,1,1,2,1,1,2,9,0.198612,0.203358,0,0
5951,,6,1,1,2,1,1,2,8,0.25615,0.266929,0,0.5
7987,,11,2,1,3,2,1,3,9,0.218189,0.224502,149.519653,0
22897,,11,1,0,1,1,0,1,0,0,0,0,0
31030,,11,1,0,1,1,0,1,0,0,0,0,0
5954,,11,0,1,1,0,1,1,8,0.251382,0.261452,0,0
5955,,16,0,2,2,0,2,2,8,0.235626,0.243943,0,1
5956,,11,0,1,1,0,1,1,8,0.225241,0.232016,0,0
5958,,8,0,1,1,0,1,1,9,0.204675,0.209511,0,0
5962,,11,0,1,1,0,1,1,9,0.221572,0.228332,0,0
5963,,7,0,1,1,0,1,1,7,0.293553,0.307954,0,0
5964,,16,0,3,3,0,3,3,8,0.241499,0.249777,0,0
5969,,7,0,1,1,0,1,1,8,0.238229,0.245889,0,0
5971,,7,0,1,1,0,1,1,1,1,1,0,0
5972,,15,0,11,11,0,11,11,7,0.305648,0.320887,0,0.263636
18493,,7,1,3,4,1,3,4,9,0.235584,0.243922,10096.071185,0
5975,,11,1,5,6,1,5,6,9,0.215808,0.222524,492.633679,0.2
5976,,8,0,6,6,0,6,6,8,0.252042,0.263235,0,0.066667
5977,,0,4,4,8,4,4,8,8,0.238051,0.245738,38729.79219,0.035714
33736,,8,1,0,1,1,0,1,0,0,0,0,0
5980,,10,1,4,5,1,4,5,8,0.248302,0.259143,221.535727,0.1
5981,,9,0,1,1,0,1,1,9,0.208199,0.213456,0,0
5982,,9,3,7,10,3,7,10,8,0.262929,0.2739,56493,0.022222
11468,,9,2,0,2,2,0,2,0,0,0,0,0
20199,,9,1,1,2,1,1,2,9,0.211252,0.216723,74.964762,0
26220,,9,1,0,1,1,0,1,0,0,0,0,0
27578,,9,1,0,1,1,0,1,0,0,0,0,0
8430,,237,7,8,15,7,8,15,8,0.233116,0.241592,37778.175398,0.21978
8350,,237,2,5,7,2,5,7,8,0.233108,0.241512,3284.223014,0.4
15782,,237,3,1,4,3,1,4,9,0.199752,0.204954,18826,0.166667
15809,,237,1,3,4,1,3,4,8,0.255417,0.266106,1190.579223,0.5
15693,,237,4,5,9,4,5,9,8,0.233116,0.241534,3296.603967,0.428571
8505,,237,8,3,11,8,3,11,8,0.23311,0.241481,18845.188095,0.388889
21768,,237,1,1,2,1,1,2,9,0.189037,0.19335,0,1
21783,,237,3,1,4,3,1,4,9,0.199752,0.204954,0,0.5
21820,,237,2,4,6,2,4,6,9,0.201261,0.206533,26016.917724,0.25
21934,,237,6,2,8,6,2,8,8,0.233096,0.241424,18908.589628,0.285714
21822,,237,1,4,5,1,4,5,8,0.233102,0.241477,0,0.583333
8360,,237,2,1,3,2,1,3,8,0.233053,0.241278,0,0.833333
21821,,237,2,0,2,2,0,2,0,0,0,0,1
5985,,11,0,1,1,0,1,1,8,0.236535,0.24595,0,0
7079,,7,2,1,3,2,1,3,9,0.210372,0.216202,13.650702,0.166667
5987,,10,0,1,1,0,1,1,9,0.223394,0.230421,0,0
5991,,16,1,0,1,1,0,1,0,0,0,0,0
33101,,16,2,1,3,2,1,3,9,0.214039,0.219974,18713.449757,0
9039,,11,1,0,1,1,0,1,0,0,0,0,0
5997,,8,0,1,1,0,1,1,8,0.245115,0.253395,0,0
15422,,11,1,0,1,1,0,1,0,0,0,0,0
32009,,11,2,0,2,2,0,2,0,0,0,0,0
6000,,8,0,1,1,0,1,1,10,0.183574,0.187416,0,0
6001,,5,0,1,1,0,1,1,10,0.191021,0.195265,0,0
28710,,5,3,5,8,3,5,8,9,0.239901,0.248971,3.446736,0.452381
34836,,5,4,0,4,4,0,4,0,0,0,0,0
6007,,5,0,1,1,0,1,1,10,0.191021,0.195265,0,0
6008,,7,3,6,9,3,6,9,8,0.263371,0.274978,27733.504355,0.111111
18521,,8,1,4,5,1,4,5,9,0.230237,0.237305,18.296492,0
6009,,5,0,4,4,0,4,4,8,0.24842,0.257884,0,0.25
6010,,5,0,2,2,0,2,2,8,0.245668,0.253873,0,0
6015,,8,0,1,1,0,1,1,9,0.232094,0.239671,0,0
6016,,8,0,2,2,0,2,2,8,0.225846,0.233147,0,0.5
6018,,15,1,1,2,1,1,2,8,0.26276,0.27347,796.955367,0
6021,,8,1,0,1,1,0,1,0,0,0,0,0
19917,,11,2,0,2,2,0,2,0,0,0,0,0
14131,,8,2,5,7,2,5,7,8,0.234803,0.241927,43324.126285,0.1
6024,,11,0,1,1,0,1,1,10,0.188285,0.19193,0,0
6025,,11,0,1,1,0,1,1,10,0.188285,0.19193,0,0
25428,,15,1,0,1,1,0,1,0,0,0,0,0
6032,,6,0,1,1,0,1,1,9,0.217701,0.22415,0,0
6033,,11,0,1,1,0,1,1,9,0.224355,0.231354,0,0
6034,,55,1,1,2,1,1,2,1,1,1,0,0
6035,,55,1,1,2,1,1,2,1,1,1,0,0
15287,,8,1,0,1,1,0,1,0,0,0,0,0
27208,,6,1,1,2,1,1,2,9,0.202026,0.207543,4.157336,0
29870,,11,2,0,2,2,0,2,0,0,0,0,0
6043,,8,1,1,2,1,1,2,1,1,1,41.061711,0
6045,,11,0,4,4,0,4,4,8,0.236758,0.244745,0,0.166667
22548,,10,1,2,3,1,2,3,9,0.229448,0.237413,25975,0.166667
6054,,9,1,0,1,1,0,1,0,0,0,0,0
30986,,0,1,0,1,1,0,1,0,0,0,0,0
6057,,0,1,1,2,1,1,2,9,0.207364,0.212769,18827,0
6060,,12,0,1,1,0,1,1,9,0.195014,0.200132,0,0
6067,,7,0,15,15,0,15,15,8,0.282391,0.296849,0,0.371429
6068,,10,0,2,2,0,2,2,8,0.247835,0.258553,0,0
20078,,5,1,0,1,1,0,1,0,0,0,0,0
6433,,5,2,2,4,2,2,4,9,0.219791,0.226152,24.148973,0
34915,,5,1,1,2,1,1,2,9,0.205038,0.210234,0,0.5
6076,,8,1,3,4,1,3,4,8,0.258393,0.268847,26216.842655,0.166667
6077,,8,1,0,1,1,0,1,0,0,0,0,0
6080,,8,0,1,1,0,1,1,9,0.239963,0.248532,0,0
6081,,18,1,3,4,1,3,4,9,0.212905,0.219049,2.73359,0.416667
6082,,18,1,3,4,1,3,4,9,0.212898,0.219034,0.5,0.583333
6086,,8,0,1,1,0,1,1,9,0.222889,0.229835,0,0
6089,,11,3,4,7,3,4,7,8,0.241226,0.251002,64483.156411,0.033333
21923,,11,1,0,1,1,0,1,0,0,0,0,0
6093,,8,0,1,1,0,1,1,9,0.215946,0.221647,0,0
6094,,16,0,2,2,0,2,2,9,0.195904,0.200506,0,0
6097,,11,0,1,1,0,1,1,9,0.208038,0.213477,0,0
6101,,8,0,1,1,0,1,1,8,0.262756,0.273466,0,0
6104,,5,1,1,2,1,1,2,9,0.223511,0.230581,18827,0
6105,,10,0,1,1,0,1,1,10,0.186157,0.190231,0,0
6106,,11,0,2,2,0,2,2,9,0.220083,0.227086,0,0.5
6108,,12,0,1,1,0,1,1,8,0.236841,0.24458,0,0
6110,,15,0,1,1,0,1,1,10,0.179156,0.182314,0,0
6111,,0,0,1,1,0,1,1,9,0.208947,0.214795,0,0
6115,,16,1,1,2,1,1,2,8,0.244564,0.253553,2543.484119,0
6118,,7,0,1,1,0,1,1,9,0.200659,0.205454,0,0
12693,,9,1,6,7,1,6,7,8,0.269297,0.281633,12.45536,0.261905
6121,,11,0,1,1,0,1,1,8,0.237376,0.246856,0,0
6123,,5,0,1,1,0,1,1,9,0.21129,0.216968,0,0
6124,,5,3,5,8,3,5,8,8,0.267879,0.279895,20031.28945,0.166667
6125,,1,0,10,10,0,10,10,8,0.263366,0.275443,0,0.133333
20448,,1,2,1,3,2,1,3,1,1,1,25976,0
15505,,8,1,0,1,1,0,1,0,0,0,0,0
6128,,5,0,24,24,0,24,24,8,0.287615,0.303885,0,0.362319
6129,,12,0,1,1,0,1,1,1,1,1,0,0
6130,,11,0,1,1,0,1,1,9,0.217239,0.223768,0,0
6131,,385,0,2,2,0,2,2,9,0.215199,0.221247,0,0
6178,,385,2,0,2,2,0,2,0,0,0,0,0
6133,,8,0,1,1,0,1,1,9,0.233264,0.241028,0,0
6134,,56,0,1,1,0,1,1,1,1,1,0,0
6135,,2,0,1,1,0,1,1,9,0.200098,0.20505,0,0
6136,,8,0,2,2,0,2,2,9,0.215728,0.221768,0,0.5
10621,,8,1,0,1,1,0,1,0,0,0,0,0
7200,,8,1,2,3,1,2,3,9,0.213864,0.219762,25975,0
19417,,8,1,0,1,1,0,1,0,0,0,0,0
19220,,11,2,1,3,2,1,3,8,0.226877,0.233704,22.210681,0
19888,,11,2,7,9,2,7,9,8,0.247457,0.257868,1341.978768,0.285714
21409,,11,1,0,1,1,0,1,0,0,0,0,0
22320,,11,2,2,4,2,2,4,9,0.224482,0.231683,32.533043,0.5
19887,,11,13,10,23,13,10,23,8,0.250719,0.261629,269965.146758,0.0625
32233,,11,1,1,2,1,1,2,9,0.221409,0.228317,0,0
19873,,11,2,4,6,2,4,6,8,0.226912,0.234331,211.934423,0.3
6141,,8,0,1,1,0,1,1,9,0.213347,0.219369,0,0
6143,,18,1,1,2,1,1,2,9,0.212855,0.218899,0,1
6145,,10,0,2,2,0,2,2,9,0.217434,0.223807,0,0.5
6148,,6,0,1,1,0,1,1,9,0.202563,0.207588,0,0
6149,,16,0,1,1,0,1,1,9,0.188332,0.192326,0,0
13012,,9,1,0,1,1,0,1,0,0,0,0,0
17869,,9,1,0,1,1,0,1,0,0,0,0,0
33056,,9,1,1,2,1,1,2,9,0.204884,0.209778,0,0
6153,,8,1,4,5,1,4,5,8,0.271411,0.283549,18827,0.15
13897,,5,3,0,3,3,0,3,0,0,0,0,0.333333
6154,,24,0,2,2,0,2,2,8,0.262701,0.274126,0,1
6155,,6,0,1,1,0,1,1,9,0.217915,0.224606,0,0
6158,,5,0,1,1,0,1,1,8,0.244933,0.25344,0,0
21888,,15,1,0,1,1,0,1,0,0,0,0,0
6162,,57,0,1,1,0,1,1,1,1,1,0,0
6163,,57,1,0,1,1,0,1,0,0,0,0,0
6165,,21,0,1,1,0,1,1,1,1,1,0,0
30119,,15,1,0,1,1,0,1,0,0,0,0,0
31159,,11,1,1,2,1,1,2,9,0.209898,0.215751,0,0
6168,,7,0,1,1,0,1,1,9,0.192248,0.19644,0,0
6170,,16,1,2,3,1,2,3,8,0.253908,0.263776,3932.021037,0
6171,,7,0,2,2,0,2,2,8,0.240199,0.248205,0,1
6173,,24,0,2,2,0,2,2,8,0.236378,0.243887,0,0
26240,,0,1,0,1,1,0,1,0,0,0,0,0
6177,,7,0,3,3,0,3,3,9,0.225676,0.233003,0,0.166667
6179,,0,0,1,1,0,1,1,9,0.21102,0.217224,0,0
6180,,8,0,2,2,0,2,2,9,0.225012,0.232302,0,0.5
6181,,18,1,1,2,1,1,2,9,0.212858,0.218903,0,0.5
24959,,1,2,3,5,2,3,5,9,0.22243,0.229739,19518.351943,0
32186,,8,1,0,1,1,0,1,0,0,0,0,0
6183,,9,1,7,8,1,7,8,8,0.263006,0.274344,246.987338,0.232143
6185,,10,0,1,1,0,1,1,9,0.218596,0.22517,0,0
6186,,11,0,1,1,0,1,1,10,0.180648,0.184385,0,0
6187,,11,1,1,2,1,1,2,9,0.220464,0.227385,18827,0
6188,,7,0,1,1,0,1,1,8,0.231316,0.238143,0,0
11427,,10,2,0,2,2,0,2,0,0,0,0,0
15380,,10,2,3,5,2,3,5,8,0.242835,0.252132,1010.528777,0.1
25456,,10,2,0,2,2,0,2,0,0,0,0,0
25483,,15,3,2,5,3,2,5,8,0.261494,0.272614,26355.868338,0.083333
6194,,8,0,1,1,0,1,1,9,0.21519,0.221205,0,0
6199,,8,0,1,1,0,1,1,9,0.223026,0.229757,0,0
17519,,5,2,12,14,2,12,14,8,0.271127,0.283494,28575.055387,0.153846
22043,,5,1,0,1,1,0,1,0,0,0,0,0
34083,,15,1,0,1,1,0,1,0,0,0,0,0
10483,,21,1,1,2,1,1,2,1,1,1,3.5,0
14894,,11,1,0,1,1,0,1,0,0,0,0,0
16014,,11,2,2,4,2,2,4,9,0.226296,0.234297,0,1
18657,,11,1,1,2,1,1,2,9,0.226293,0.23427,0,0
21662,,11,1,0,1,1,0,1,0,0,0,0,0
12197,,11,2,4,6,2,4,6,8,0.252261,0.262593,906.959118,0.5
23696,,11,1,0,1,1,0,1,0,0,0,0,0
26776,,11,1,1,2,1,1,2,9,0.226293,0.23427,0,0
31653,,11,1,1,2,1,1,2,9,0.226293,0.23427,0,0
32083,,11,1,0,1,1,0,1,0,0,0,0,0
35617,,11,1,0,1,1,0,1,0,0,0,0,0
6212,,16,0,1,1,0,1,1,9,0.192204,0.196531,0,0
6213,,6,0,1,1,0,1,1,8,0.25615,0.266929,0,0
6214,,11,2,4,6,2,4,6,8,0.234987,0.243357,2977.520311,0.2
17711,,0,1,0,1,1,0,1,0,0,0,0,0
6219,,0,0,1,1,0,1,1,8,0.230717,0.238683,0,0
6222,,8,0,3,3,0,3,3,8,0.266857,0.278261,0,0.333333
6225,,7,0,1,1,0,1,1,9,0.226164,0.233246,0,0
6227,,0,0,1,1,0,1,1,9,0.222605,0.230046,0,0
13551,,7,1,3,4,1,3,4,8,0.251924,0.261349,200.118257,0.5
6234,,24,2,9,11,2,9,11,8,0.252833,0.26267,37656,0.036364
14226,,24,1,0,1,1,0,1,0,0,0,0,0
6236,,10,0,1,1,0,1,1,8,0.218178,0.224744,0,0
6239,,8,0,1,1,0,1,1,8,0.222815,0.22996,0,0
6240,,11,0,1,1,0,1,1,9,0.224856,0.232784,0,0
6242,,8,0,1,1,0,1,1,8,0.262756,0.273466,0,0
13303,,11,1,2,3,1,2,3,8,0.246143,0.25513,0,1
17395,,11,2,1,3,2,1,3,9,0.197661,0.202271,0,0.5
35611,,11,1,0,1,1,0,1,0,0,0,0,0
6245,,8,0,1,1,0,1,1,9,0.215286,0.221367,0,0
6247,,12,0,1,1,0,1,1,10,0.177906,0.181155,0,0
6248,,12,1,1,2,1,1,2,9,0.216395,0.222301,18827,0
6250,,1,0,1,1,0,1,1,9,0.234953,0.24388,0,0
6251,,9,0,3,3,0,3,3,9,0.208107,0.213339,0,0
6252,,58,0,1,1,0,1,1,1,1,1,0,0
6253,,58,1,0,1,1,0,1,0,0,0,0,0
6257,,18,1,3,4,1,3,4,10,0.175598,0.179115,26178.978539,0.083333
7274,,18,1,0,1,1,0,1,0,0,0,0,0
9298,,18,1,3,4,1,3,4,8,0.24569,0.255045,18808.208382,0.5
8585,,18,3,2,5,3,2,5,9,0.212889,0.218992,18826,0.416667
12072,,18,1,1,2,1,1,2,9,0.212855,0.218899,0,1
9611,,18,1,2,3,1,2,3,9,0.21286,0.218934,381.650291,0.5
12875,,18,1,1,2,1,1,2,9,0.212855,0.218899,0,1
13282,,18,1,1,2,1,1,2,9,0.212855,0.218899,0,1
13413,,18,3,1,4,3,1,4,1,1,1,2,0.166667
13418,,18,1,0,1,1,0,1,0,0,0,0,0
13019,,18,1,4,5,1,4,5,9,0.212875,0.219018,6329.970612,0.25
13953,,18,3,3,6,3,3,6,9,0.212884,0.218992,18846.5,0.5
14529,,18,1,0,1,1,0,1,0,0,0,0,0
14742,,18,4,0,4,4,0,4,0,0,0,0,0.166667
11547,,18,2,4,6,2,4,6,9,0.212945,0.21913,219.228539,0.35
15089,,18,1,0,1,1,0,1,0,0,0,0,0
10054,,18,1,1,2,1,1,2,9,0.212855,0.218899,0,1
8483,,18,1,2,3,1,2,3,9,0.21286,0.218934,204.228539,0.333333
14610,,18,1,1,2,1,1,2,9,0.212855,0.218899,0,1
16683,,18,1,0,1,1,0,1,0,0,0,0,0
17418,,18,1,0,1,1,0,1,0,0,0,0,0
17450,,18,1,0,1,1,0,1,0,0,0,0,0
17788,,18,1,0,1,1,0,1,0,0,0,0,0
8327,,18,1,2,3,1,2,3,9,0.21286,0.218934,128.150126,0.5
13954,,18,2,1,3,2,1,3,10,0.175521,0.17886,0,0.5
18219,,18,1,4,5,1,4,5,9,0.213665,0.220198,23.735949,0.583333
19824,,18,1,0,1,1,0,1,0,0,0,0,0
19381,,18,1,2,3,1,2,3,9,0.183801,0.188445,0,0.5
9719,,18,4,3,7,4,3,7,9,0.213662,0.220171,19227.532557,0.233333
20504,,18,1,1,2,1,1,2,9,0.212855,0.218899,0,1
20714,,18,1,0,1,1,0,1,0,0,0,0,0
10221,,18,3,3,6,3,3,6,9,0.213665,0.22018,44852.951351,0.25
16943,,18,1,1,2,1,1,2,9,0.212855,0.218899,0,1
21720,,18,1,0,1,1,0,1,0,0,0,0,0
18992,,18,2,0,2,2,0,2,0,0,0,0,0.5
20967,,18,2,2,4,2,2,4,9,0.212935,0.219059,0,0.833333
7445,,18,1,1,2,1,1,2,1,1,1,204.228539,0
23201,,18,1,0,1,1,0,1,0,0,0,0,0
24314,,18,1,0,1,1,0,1,0,0,0,0,0
27386,,18,1,0,1,1,0,1,0,0,0,0,0
21422,,18,1,1,2,1,1,2,9,0.212855,0.218899,0,1
9169,,1,1,1,2,1,1,2,1,1,1,80.708318,0
25047,,18,3,4,7,3,4,7,8,0.216794,0.22322,76337.065612,0.1
10324,,18,1,0,1,1,0,1,0,0,0,0,0
6258,,15,0,2,2,0,2,2,8,0.244535,0.252835,0,0
14563,,16,2,1,3,2,1,3,9,0.223427,0.23046,3029.199107,0
20966,,16,2,2,4,2,2,4,8,0.257548,0.268716,1418.069042,0.25
25861,,16,1,1,2,1,1,2,9,0.223427,0.23046,0,0
11363,,11,1,1,2,1,1,2,9,0.218617,0.225112,0,0
13887,,11,2,0,2,2,0,2,0,0,0,0,0
31703,,10,1,0,1,1,0,1,0,0,0,0,0
15034,,5,2,2,4,2,2,4,9,0.192846,0.196829,7.525655,0.166667
30048,,16,1,2,3,1,2,3,8,0.238186,0.246913,112.850405,0
6267,,59,0,1,1,0,1,1,1,1,1,0,0
6268,,59,1,0,1,1,0,1,0,0,0,0,0
6269,,8,0,2,2,0,2,2,8,0.241713,0.249502,0,0.5
6271,,13,0,4,4,0,4,4,9,0.215916,0.221927,0,0.083333
6272,,12,0,1,1,0,1,1,9,0.195014,0.200132,0,0
6279,,8,0,1,1,0,1,1,8,0.262756,0.273466,0,0
6281,,0,0,1,1,0,1,1,9,0.194919,0.199683,0,0
6283,,19,0,1,1,0,1,1,9,0.188054,0.192248,0,0
13344,,7,1,5,6,1,5,6,8,0.272548,0.284186,5.610628,0.25
27432,,2,1,0,1,1,0,1,0,0,0,0,0
6288,,60,0,1,1,0,1,1,1,1,1,0,0
6289,,60,1,0,1,1,0,1,0,0,0,0,0
6290,,18,0,1,1,0,1,1,9,0.21286,0.218905,0,0
6291,,24,0,1,1,0,1,1,10,0.190562,0.194838,0,0
6294,,8,0,1,1,0,1,1,8,0.262756,0.273466,0,0
6297,,61,0,1,1,0,1,1,1,1,1,0,0
6298,,61,1,0,1,1,0,1,0,0,0,0,0
6300,,10,0,15,15,0,15,15,8,0.276343,0.289752,0,0.219048
6304,,16,0,3,3,0,3,3,8,0.262705,0.27417,0,0.666667
15956,,7,3,3,6,3,3,6,8,0.242478,0.251109,8.485202,0.35
15988,,7,1,0,1,1,0,1,0,0,0,0,0
16296,,7,1,2,3,1,2,3,8,0.242553,0.251184,0,1
17233,,7,1,2,3,1,2,3,8,0.242472,0.251074,0,0.5
17343,,7,1,5,6,1,5,6,8,0.266797,0.278736,38.02459,0.5
17543,,7,1,0,1,1,0,1,0,0,0,0,0
17544,,7,1,0,1,1,0,1,0,0,0,0,0
17444,,7,1,1,2,1,1,2,8,0.242469,0.251047,0,0
17296,,7,1,2,3,1,2,3,8,0.242506,0.251117,0,1
17547,,7,2,4,6,2,4,6,8,0.263467,0.275251,27134.489176,0.25
17548,,7,1,1,2,1,1,2,8,0.242469,0.251047,0,0
17461,,7,1,3,4,1,3,4,8,0.242634,0.251349,0,0.666667
17549,,7,1,1,2,1,1,2,8,0.242469,0.251047,0,0
17550,,7,1,0,1,1,0,1,0,0,0,0,0
17551,,7,1,1,2,1,1,2,8,0.242469,0.251047,0,0
17552,,7,1,3,4,1,3,4,8,0.243029,0.251713,215.85401,0.333333
17553,,9,1,4,5,1,4,5,8,0.244037,0.25321,499.529864,0.25
16026,,15,2,2,4,2,2,4,8,0.242475,0.251083,193.754949,0.333333
17555,,7,1,1,2,1,1,2,8,0.242469,0.251047,0,0
17556,,7,2,3,5,2,3,5,8,0.242478,0.251109,2,0.833333
17557,,7,1,2,3,1,2,3,8,0.242475,0.251083,25975,0
17558,,9,1,4,5,1,4,5,8,0.264061,0.276082,239.673711,0.416667
17559,,7,2,2,4,2,2,4,8,0.263452,0.27518,18826,0.333333
16657,,7,2,5,7,2,5,7,8,0.264069,0.276117,1513.148994,0.266667
17560,,7,1,1,2,1,1,2,8,0.242469,0.251047,0,0
17561,,7,1,5,6,1,5,6,8,0.243026,0.252051,239.673711,0.4
17067,,7,7,4,11,7,4,11,8,0.263599,0.275417,20077.392382,0.208333
17563,,7,6,1,7,6,1,7,8,0.242469,0.251047,18826,0.266667
18924,,7,1,1,2,1,1,2,8,0.242469,0.251047,0,0
20217,,7,1,0,1,1,0,1,0,0,0,0,0
19069,,7,1,1,2,1,1,2,8,0.242469,0.251047,0,0
20900,,7,1,1,2,1,1,2,8,0.242469,0.251047,0,0
21375,,7,1,2,3,1,2,3,8,0.242691,0.251378,28.754712,0.5
19246,,7,2,2,4,2,2,4,8,0.242475,0.251083,0,1
19280,,7,3,1,4,3,1,4,8,0.242469,0.251047,0,0.833333
18934,,7,2,2,4,2,2,4,9,0.226677,0.23366,645.586324,0.333333
19202,,7,27,9,36,27,9,36,8,0.263592,0.275516,94802.383045,0.070968
17297,,7,1,3,4,1,3,4,8,0.242478,0.251109,0,0.5
10018,,7,1,3,4,1,3,4,8,0.263308,0.274567,26030.272802,0.166667
23568,,7,1,0,1,1,0,1,0,0,0,0,0
18126,,5,1,4,5,1,4,5,8,0.248145,0.257275,0,0.416667
18247,,5,2,2,4,2,2,4,9,0.227785,0.23529,281.251403,0.25
24163,,7,3,0,3,3,0,3,0,0,0,0,0.666667
24176,,7,1,1,2,1,1,2,8,0.242469,0.251047,0,0
24332,,7,1,0,1,1,0,1,0,0,0,0,0
24407,,7,2,1,3,2,1,3,8,0.242469,0.251047,0,0.5
19248,,7,1,2,3,1,2,3,8,0.242475,0.251083,0,1
19256,,7,1,2,3,1,2,3,8,0.263452,0.27518,0,1
24980,,7,1,0,1,1,0,1,0,0,0,0,0
19310,,7,1,1,2,1,1,2,8,0.242469,0.251047,0,0
19247,,7,2,2,4,2,2,4,8,0.263452,0.27518,467.546359,0.333333
25210,,7,4,3,7,4,3,7,8,0.242932,0.25177,191.878259,0.333333
25417,,7,4,5,9,4,5,9,8,0.245931,0.255107,113.505805,0.428571
21974,,7,2,1,3,2,1,3,8,0.242469,0.251047,0,0.5
27700,,7,1,0,1,1,0,1,0,0,0,0,0
28015,,7,2,1,3,2,1,3,8,0.242469,0.251047,0,1
29011,,7,2,1,3,2,1,3,9,0.222495,0.229436,0,0.666667
33686,,7,2,0,2,2,0,2,0,0,0,0,0.5
34937,,5,3,2,5,3,2,5,8,0.242907,0.251133,634.458664,0.15
6307,,8,0,1,1,0,1,1,1,1,1,0,0
13182,,10,1,1,2,1,1,2,9,0.210234,0.215614,0,0
30848,,10,1,1,2,1,1,2,9,0.210234,0.215614,0,0
6311,,5,2,8,10,2,8,10,8,0.247463,0.25692,938.528043,0.1
9930,,5,1,0,1,1,0,1,0,0,0,0,0
26920,,5,1,0,1,1,0,1,0,0,0,0,0
33909,,16,1,1,2,1,1,2,9,0.210259,0.215706,0,0
6315,,24,0,5,5,0,5,5,9,0.238078,0.247036,0,0.4
6318,,11,2,3,5,2,3,5,8,0.27126,0.28404,14420.548963,0.05
20039,,11,2,2,4,2,2,4,2,0.75,0.833333,143.052921,0.083333
20312,,11,2,1,3,2,1,3,1,1,1,278.592039,0.166667
31555,,11,1,0,1,1,0,1,0,0,0,0,0
6319,,0,0,5,5,0,5,5,9,0.229123,0.236978,0,1
6322,,11,0,1,1,0,1,1,8,0.244433,0.254493,0,0
14452,,0,1,0,1,1,0,1,0,0,0,0,0
6327,,11,0,12,12,0,12,12,7,0.301813,0.317612,0,0.25
17074,,11,1,5,6,1,5,6,8,0.266656,0.278292,12.452685,0.233333
6334,,8,2,8,10,2,8,10,8,0.245616,0.254471,96874.109139,0.142857
14803,,8,2,0,2,2,0,2,0,0,0,0,1
15790,,8,1,3,4,1,3,4,9,0.225089,0.232369,65.474336,0.333333
26223,,8,1,0,1,1,0,1,0,0,0,0,0
32923,,8,1,0,1,1,0,1,0,0,0,0,0
16435,,8,1,1,2,1,1,2,9,0.197187,0.201607,0,0
17239,,8,1,0,1,1,0,1,0,0,0,0,0
12481,,8,1,1,2,1,1,2,9,0.208617,0.214053,0,1
6337,,8,0,2,2,0,2,2,8,0.265386,0.2767,0,0.5
16548,,10,2,2,4,2,2,4,8,0.236951,0.24443,1280.017131,0.166667
6339,,0,0,1,1,0,1,1,9,0.19166,0.19573,0,0
6342,,6,0,1,1,0,1,1,9,0.209727,0.215495,0,0
6345,,3,1,3,4,1,3,4,10,0.17331,0.176509,141.428254,0.333333
7387,,3,1,0,1,1,0,1,0,0,0,0,0
10568,,3,3,2,5,3,2,5,9,0.214965,0.220954,145254.00806,0.1
10729,,3,14,4,18,14,4,18,10,0.177116,0.180723,177470.84324,0.141667
10901,,3,6,7,13,6,7,13,10,0.17335,0.176747,108946.57635,0.113636
24007,,3,1,1,2,1,1,2,12,0.132309,0.133876,249.911308,0
24313,,3,2,4,6,2,4,6,11,0.150889,0.153296,12889.184224,0.2
26162,,3,1,1,2,1,1,2,10,0.173278,0.176345,0,0
24107,,3,3,3,6,3,3,6,10,0.177624,0.18123,31535.657052,0.1
11262,,3,7,3,10,7,3,10,11,0.150514,0.152824,84.26809,0.392857
6347,,15,2,2,4,2,2,4,8,0.251157,0.261506,2935.207986,0.333333
6350,,15,0,1,1,0,1,1,8,0.224983,0.23254,0,0
18533,,12,1,0,1,1,0,1,0,0,0,0,0
6357,,8,0,3,3,0,3,3,8,0.265289,0.276264,0,0
6359,,10,0,2,2,0,2,2,9,0.202439,0.20771,0,0
6361,,8,0,1,1,0,1,1,9,0.214751,0.220935,0,0
6364,,11,0,1,1,0,1,1,9,0.228869,0.236881,0,0
6365,,8,3,5,8,3,5,8,8,0.268119,0.280388,88331.670675,0.214286
17604,,8,1,2,3,1,2,3,9,0.211438,0.217267,25975,0
8111,,8,1,0,1,1,0,1,0,0,0,0,0
6371,,16,0,1,1,0,1,1,9,0.219293,0.225533,0,0
6372,,12,0,3,3,0,3,3,8,0.237161,0.245029,0,0.333333
21541,,0,1,1,2,1,1,2,9,0.186985,0.191371,0,0
7485,,5,1,4,5,1,4,5,9,0.232955,0.240864,32.576174,0.3
32124,,8,1,0,1,1,0,1,0,0,0,0,0
33027,,8,1,0,1,1,0,1,0,0,0,0,0
8640,,8,4,12,16,4,12,16,8,0.272272,0.285324,50020.509131,0.10989
6381,,7,0,1,1,0,1,1,9,0.20921,0.214873,0,0
13411,,0,2,1,3,2,1,3,8,0.242384,0.250657,18826,0.333333
6383,,11,0,1,1,0,1,1,8,0.237376,0.246856,0,0
6384,,15,0,1,1,0,1,1,8,0.220725,0.227864,0,0
6385,,5,0,1,1,0,1,1,9,0.22971,0.237607,0,0
6386,,8,0,1,1,0,1,1,9,0.208314,0.213516,0,0
6388,,6,0,1,1,0,1,1,9,0.217701,0.22415,0,0
6390,,8,0,1,1,0,1,1,9,0.226264,0.233982,0,0
6391,,62,0,1,1,0,1,1,1,1,1,0,0
6392,,62,1,0,1,1,0,1,0,0,0,0,0
6393,,10,0,1,1,0,1,1,8,0.232987,0.241273,0,0
6395,,6,0,1,1,0,1,1,12,0.133072,0.134495,0,0
6397,,10,0,1,1,0,1,1,9,0.195986,0.200205,0,0
6398,,3,0,2,2,0,2,2,9,0.214555,0.220525,0,0
6400,,63,0,1,1,0,1,1,2,0.666667,0.75,0,0
6401,,63,1,1,2,1,1,2,1,1,1,1,0
9130,,63,1,0,1,1,0,1,0,0,0,0,0
6403,,8,0,2,2,0,2,2,8,0.26276,0.273493,0,0.5
29422,,0,1,0,1,1,0,1,0,0,0,0,0
15617,,6,1,0,1,1,0,1,0,0,0,0,0
32586,,2,1,0,1,1,0,1,0,0,0,0,0
6408,,6,0,3,3,0,3,3,8,0.23447,0.241553,0,0
6410,,16,0,1,1,0,1,1,1,1,1,0,0
6415,,16,0,2,2,0,2,2,8,0.239596,0.248951,0,0
6420,,6,0,2,2,0,2,2,8,0.233106,0.239975,0,1
6422,,7,0,1,1,0,1,1,9,0.200066,0.204368,0,0
6424,,10,1,1,2,1,1,2,9,0.226505,0.233974,64.782766,0
6425,,11,0,1,1,0,1,1,9,0.218196,0.224517,0,0
22703,,5,1,3,4,1,3,4,8,0.250326,0.259541,26057.377394,0.25
6427,,10,0,1,1,0,1,1,9,0.199559,0.204562,0,0
21864,,9,2,0,2,2,0,2,0,0,0,0,0
27957,,9,1,0,1,1,0,1,0,0,0,0,0
33903,,9,1,2,3,1,2,3,9,0.224357,0.231496,1.491782,0.333333
22356,,8,3,6,9,3,6,9,8,0.243851,0.252037,2277.238637,0.214286
8663,,6,1,0,1,1,0,1,0,0,0,0,0
10425,,6,1,0,1,1,0,1,0,0,0,0,0
6435,,11,0,1,1,0,1,1,8,0.251382,0.261452,0,0
6437,,11,0,1,1,0,1,1,9,0.221849,0.228601,0,0
6439,,6,0,2,2,0,2,2,8,0.235482,0.243008,0,0
6441,,5,0,1,1,0,1,1,8,0.240484,0.248319,0,0
18839,,8,2,0,2,2,0,2,0,0,0,0,0
6443,,11,0,3,3,0,3,3,8,0.253661,0.264024,0,0.5
6445,,11,1,2,3,1,2,3,9,0.187068,0.191123,8592.063108,0
6446,,8,0,6,6,0,6,6,8,0.251422,0.261051,0,0.233333
6447,,8,1,0,1,1,0,1,0,0,0,0,0
13572,,12,1,0,1,1,0,1,0,0,0,0,0
14396,,0,2,1,3,2,1,3,9,0.223927,0.230697,12.785653,0
6452,,8,0,1,1,0,1,1,8,0.262756,0.273466,0,0
6453,,3,0,8,8,0,8,8,8,0.265808,0.277148,0,0.232143
6454,,3,1,0,1,1,0,1,0,0,0,0,0
6456,,5,0,1,1,0,1,1,9,0.22971,0.237607,0,0
6458,,8,0,1,1,0,1,1,8,0.262756,0.273466,0,0
29500,,6,2,6,8,2,6,8,9,0.22452,0.232057,19976.07513,0.053571
6471,,8,0,1,1,0,1,1,8,0.234991,0.243288,0,0
6473,,24,1,3,4,1,3,4,8,0.225318,0.232124,28.148413,0.333333
14361,,24,3,1,4,3,1,4,9,0.21658,0.222872,38.014953,0.166667
23199,,24,1,2,3,1,2,3,9,0.216585,0.222907,0,1
34971,,24,1,1,2,1,1,2,9,0.21658,0.222872,0,0
35134,,24,1,0,1,1,0,1,0,0,0,0,0
6476,,8,0,1,1,0,1,1,9,0.218122,0.224516,0,0
23159,,8,1,1,2,1,1,2,9,0.21052,0.216382,0,0.5
6478,,15,0,2,2,0,2,2,9,0.220966,0.228242,0,0
6479,,11,0,1,1,0,1,1,9,0.215775,0.22222,0,0
28614,,11,1,1,2,1,1,2,9,0.200847,0.205513,0,0
6481,,11,0,1,1,0,1,1,9,0.221831,0.228371,0,0
6482,,15,0,1,1,0,1,1,1,1,1,0,0
6483,,15,2,0,2,2,0,2,0,0,0,0,0
27284,,1,1,1,2,1,1,2,10,0.178302,0.181861,0,0.5
6487,,16,1,3,4,1,3,4,9,0.236817,0.245118,25978.438834,0.083333
6488,,121,0,1,1,0,1,1,10,0.178452,0.182062,0,0
6585,,121,2,3,5,2,3,5,10,0.178452,0.182116,70773,0
12128,,121,1,0,1,1,0,1,0,0,0,0,0
13316,,121,1,0,1,1,0,1,0,0,0,0,0
14039,,121,1,1,2,1,1,2,1,1,1,93.645296,0
16275,,121,2,0,2,2,0,2,0,0,0,0,0.5
18743,,121,10,1,11,10,1,11,10,0.178445,0.182045,0,0.111111
20533,,121,1,0,1,1,0,1,0,0,0,0,0
20775,,121,10,0,10,10,0,10,0,0,0,0,0.111111
20545,,121,10,1,11,10,1,11,8,0.262757,0.273467,284520.131406,0.090909
15510,,121,10,2,12,10,2,12,8,0.261661,0.272841,229439.358821,0.090909
6494,,8,0,2,2,0,2,2,8,0.262958,0.273773,0,0
25450,,16,1,0,1,1,0,1,0,0,0,0,0
6497,,8,0,2,2,0,2,2,8,0.241921,0.25016,0,0
6498,,8,0,3,3,0,3,3,8,0.248436,0.257877,0,0.333333
8386,,8,1,1,2,1,1,2,8,0.233061,0.241286,73.244834,0
6505,,11,0,2,2,0,2,2,9,0.225094,0.231743,0,0
9107,,11,1,0,1,1,0,1,0,0,0,0,0
6506,,7,0,8,8,0,8,8,8,0.269323,0.281377,0,0.285714
6507,,15,0,1,1,0,1,1,9,0.191448,0.195588,0,0
6508,,5,0,1,1,0,1,1,9,0.23711,0.245258,0,0
6510,,5,0,1,1,0,1,1,9,0.23711,0.245258,0,0
6514,,7,0,1,1,0,1,1,8,0.233681,0.240561,0,0
6519,,6,1,0,1,1,0,1,0,0,0,0,0
6520,,8,0,3,3,0,3,3,9,0.215,0.221339,0,0
34642,,8,1,0,1,1,0,1,0,0,0,0,0
6521,,15,1,1,2,1,1,2,10,0.166721,0.169207,13.379168,0
6522,,6,0,1,1,0,1,1,8,0.25615,0.266929,0,0
6524,,8,0,1,1,0,1,1,9,0.221359,0.227716,0,0
6525,,16,1,1,2,1,1,2,10,0.164779,0.167503,0,0
6526,,16,2,5,7,2,5,7,9,0.197286,0.202062,80648.266963,0
30017,,16,1,0,1,1,0,1,0,0,0,0,0
6528,,11,2,1,3,2,1,3,1,1,1,25976,0
17765,,0,3,2,5,3,2,5,10,0.183577,0.187702,18965.385235,0.083333
27456,,0,1,0,1,1,0,1,0,0,0,0,0
33895,,0,2,0,2,2,0,2,0,0,0,0,1
34515,,0,1,0,1,1,0,1,0,0,0,0,0
26643,,11,1,0,1,1,0,1,0,0,0,0,0
6530,,7,0,1,1,0,1,1,9,0.222499,0.229441,0,0
11014,,21,2,3,5,2,3,5,8,0.272316,0.283891,44088.73527,0
6532,,64,0,1,1,0,1,1,1,1,1,0,0
6533,,64,1,0,1,1,0,1,0,0,0,0,0
6534,,8,0,1,1,0,1,1,9,0.20253,0.207165,0,0
6536,,0,1,8,9,1,8,9,8,0.268973,0.281107,18827,0.097222
6776,,11,1,0,1,1,0,1,0,0,0,0,0
6539,,7,0,1,1,0,1,1,9,0.206708,0.212248,0,0
6540,,8,0,1,1,0,1,1,9,0.227844,0.235164,0,0
6541,,8,0,1,1,0,1,1,8,0.244564,0.253553,0,0
6543,,11,0,1,1,0,1,1,9,0.224449,0.231468,0,0
6545,,0,5,2,7,5,2,7,10,0.17263,0.176015,75303,0.033333
9410,,0,3,2,5,3,2,5,8,0.228501,0.236078,24476.449998,0.1
15263,,0,1,0,1,1,0,1,0,0,0,0,0
14639,,0,1,2,3,1,2,3,10,0.183529,0.187561,81.455719,0
6550,,0,0,1,1,0,1,1,9,0.189959,0.194703,0,0
14311,,16,1,3,4,1,3,4,8,0.239501,0.247436,46.240062,0.333333
8096,,0,1,0,1,1,0,1,0,0,0,0,0
6553,,7,0,3,3,0,3,3,9,0.200077,0.204443,0,0
6555,,8,0,1,1,0,1,1,9,0.195862,0.200216,0,0
6556,,15,0,2,2,0,2,2,8,0.229195,0.236984,0,0
8228,,0,1,1,2,1,1,2,9,0.205612,0.210926,0,0.5
9613,,11,1,0,1,1,0,1,0,0,0,0,0
10180,,11,1,0,1,1,0,1,0,0,0,0,0
6559,,8,0,4,4,0,4,4,8,0.273444,0.28527,0,0.166667
29590,,7,1,0,1,1,0,1,0,0,0,0,0
6564,,8,0,1,1,0,1,1,8,0.255022,0.264509,0,0
6565,,11,0,2,2,0,2,2,8,0.246662,0.256187,0,1
6567,,11,0,1,1,0,1,1,9,0.211236,0.217155,0,0
6572,,15,0,1,1,0,1,1,9,0.206285,0.211808,0,0
6575,,7,0,1,1,0,1,1,9,0.223235,0.230055,0,0
35595,,10,1,0,1,1,0,1,0,0,0,0,0
6580,,8,0,1,1,0,1,1,8,0.235818,0.243199,0,0
15869,,7,1,2,3,1,2,3,9,0.219527,0.226178,7.171118,0.333333
6583,,15,3,1,4,3,1,4,9,0.184833,0.189027,18872.839325,0
15702,,121,2,0,2,2,0,2,0,0,0,0,0
20922,,121,1,0,1,1,0,1,0,0,0,0,0
8030,,2,1,0,1,1,0,1,0,0,0,0,0
35294,,2,1,0,1,1,0,1,0,0,0,0,0
6589,,0,1,0,1,1,0,1,0,0,0,0,0
6590,,16,1,2,3,1,2,3,8,0.238827,0.24678,644.513944,0
19009,,19,1,2,3,1,2,3,9,0.188055,0.192281,26048.647758,0.166667
11862,,19,2,4,6,2,4,6,10,0.185919,0.190035,44910.779448,0
14325,,19,1,1,2,1,1,2,8,0.239919,0.247233,47.028954,0
6593,,7,0,10,10,0,10,10,8,0.267688,0.27989,0,0.311111
6595,,2,0,1,1,0,1,1,8,0.261475,0.272568,0,0
6599,,8,1,8,9,1,8,9,8,0.25113,0.26113,2603.826311,0.180556
13306,,11,1,1,2,1,1,2,9,0.224917,0.232148,0,1
27628,,10,2,2,4,2,2,4,9,0.213708,0.21981,18.42162,0
10256,,11,2,4,6,2,4,6,8,0.259698,0.271027,1779.691163,0.066667
6606,,10,0,6,6,0,6,6,8,0.254743,0.264928,0,0.133333
17892,,7,2,2,4,2,2,4,8,0.251285,0.261595,6656.17889,0.083333
13151,,11,1,1,2,1,1,2,9,0.217795,0.223794,0,0
6610,,11,0,3,3,0,3,3,10,0.187731,0.191777,0,0.5
26075,,11,3,2,5,3,2,5,9,0.223414,0.230539,1521.45398,0
26177,,11,3,2,5,3,2,5,9,0.235116,0.243302,37.711522,0.5
26295,,11,3,5,8,3,5,8,8,0.237675,0.246312,144.997054,0.533333
6616,,5,0,2,2,0,2,2,8,0.242307,0.25065,0,0
6617,,12,0,1,1,0,1,1,9,0.195014,0.200132,0,0
6619,,0,1,4,5,1,4,5,9,0.213364,0.219737,50.789261,0.4
27429,,16,2,2,4,2,2,4,9,0.223943,0.231224,0,1
6621,,11,0,1,1,0,1,1,9,0.231783,0.240091,0,0
6622,,24,0,4,4,0,4,4,9,0.236841,0.245901,0,0
31895,,24,3,2,5,3,2,5,9,0.21652,0.223075,352.530015,0.05
6623,,11,0,1,1,0,1,1,8,0.251382,0.261452,0,0
30424,,2,1,1,2,1,1,2,8,0.261479,0.272571,1854.377407,0
6627,,11,1,2,3,1,2,3,9,0.205884,0.211569,32.92717,0
6628,,11,2,9,11,2,9,11,8,0.239843,0.248289,48444.130849,0.033333
9442,,7,1,0,1,1,0,1,0,0,0,0,0
9181,,8,1,0,1,1,0,1,0,0,0,0,0
6633,,16,0,1,1,0,1,1,8,0.231378,0.23929,0,0
6887,,11,1,0,1,1,0,1,0,0,0,0,0
6636,,11,0,1,1,0,1,1,8,0.246114,0.255055,0,0
6638,,8,0,2,2,0,2,2,8,0.231651,0.238489,0,1
6640,,8,0,2,2,0,2,2,7,0.293603,0.308046,0,0.5
6641,,8,0,1,1,0,1,1,8,0.230435,0.237929,0,0
6642,,7,0,1,1,0,1,1,9,0.246124,0.25571,0,0
6644,,24,0,9,9,0,9,9,8,0.27062,0.283102,0,0.333333
6645,,16,0,1,1,0,1,1,1,1,1,0,0
6647,,9,0,3,3,0,3,3,9,0.216052,0.222847,0,0.333333
6648,,7,1,1,2,1,1,2,9,0.220966,0.227679,18827,0
6649,,11,0,1,1,0,1,1,9,0.215775,0.22222,0,0
6650,,11,0,1,1,0,1,1,9,0.217239,0.223768,0,0
6652,,16,0,1,1,0,1,1,9,0.214084,0.219917,0,0
6653,,16,0,2,2,0,2,2,8,0.257554,0.268727,0,0
6654,,16,1,0,1,1,0,1,0,0,0,0,0
6655,,11,0,1,1,0,1,1,8,0.230667,0.237711,0,0
6656,,5,0,2,2,0,2,2,8,0.248499,0.258152,0,0.5
6657,,5,3,14,17,3,14,17,8,0.279173,0.292329,137215.140636,0.05
16550,,5,1,0,1,1,0,1,0,0,0,0,0
25763,,5,1,0,1,1,0,1,0,0,0,0,0
32392,,5,1,0,1,1,0,1,0,0,0,0,0
33607,,5,1,0,1,1,0,1,0,0,0,0,0
35023,,5,1,2,3,1,2,3,9,0.235743,0.243937,22.540036,0
6659,,0,0,2,2,0,2,2,8,0.260924,0.271095,0,0.5
16185,,7,1,0,1,1,0,1,0,0,0,0,0
20162,,7,1,0,1,1,0,1,0,0,0,0,0
6663,,11,0,1,1,0,1,1,9,0.213579,0.219742,0,0
6668,,7,0,1,1,0,1,1,9,0.217741,0.224266,0,0
6674,,5,0,1,1,0,1,1,8,0.244933,0.25344,0,0
6675,,10,0,1,1,0,1,1,9,0.219903,0.226625,0,0
6676,,11,0,1,1,0,1,1,9,0.219883,0.226442,0,0
6677,,11,0,2,2,0,2,2,8,0.249298,0.25855,0,0
6679,,7,0,1,1,0,1,1,1,1,1,0,0
6680,,16,0,3,3,0,3,3,8,0.254546,0.264674,0,0
6681,,15,0,3,3,0,3,3,8,0.234932,0.242368,0,0.333333
6684,,2,0,3,3,0,3,3,8,0.262156,0.273475,0,0
6686,,11,0,1,1,0,1,1,8,0.239365,0.2474,0,0
21600,,0,1,1,2,1,1,2,1,1,1,0,0.5
6691,,8,0,1,1,0,1,1,8,0.231851,0.238751,0,0
6693,,10,0,18,18,0,18,18,8,0.279764,0.294209,0,0.183007
6695,,18,0,2,2,0,2,2,9,0.212867,0.218949,0,0.5
6697,,12,0,2,2,0,2,2,1,1,1,0,0
6698,,12,2,0,2,2,0,2,0,0,0,0,0
10109,,12,1,0,1,1,0,1,0,0,0,0,0
6700,,8,0,1,1,0,1,1,8,0.230757,0.238159,0,0
6702,,8,0,1,1,0,1,1,9,0.213347,0.219369,0,0
6703,,6,0,1,1,0,1,1,8,0.247395,0.256736,0,0
6707,,7,0,4,4,0,4,4,8,0.269488,0.281258,0,0.333333
6708,,8,0,2,2,0,2,2,9,0.201203,0.206014,0,0.5
6712,,0,0,1,1,0,1,1,9,0.210952,0.216698,0,0
6715,,9,0,3,3,0,3,3,8,0.262437,0.273862,0,0.333333
6717,,2,0,1,1,0,1,1,8,0.261475,0.272568,0,0
6720,,136,2,0,2,2,0,2,0,0,0,0,1
12323,,136,12,15,27,12,15,27,9,0.195159,0.199957,608175.5,0.040936
12102,,11,4,0,4,4,0,4,0,0,0,0,0
21876,,5,1,0,1,1,0,1,0,0,0,0,0
26909,,5,1,0,1,1,0,1,0,0,0,0,0
25317,,11,1,2,3,1,2,3,9,0.230674,0.239181,131.682549,0.166667
6723,,7,0,1,1,0,1,1,10,0.180985,0.184622,0,0
6727,,19,0,4,4,0,4,4,9,0.229584,0.237355,0,0.333333
6734,,0,0,1,1,0,1,1,9,0.197236,0.20195,0,0
9562,,5,1,2,3,1,2,3,8,0.236487,0.244767,435.270745,0
24311,,5,1,5,6,1,5,6,8,0.253908,0.264387,889.593368,0.1
8385,,5,2,0,2,2,0,2,0,0,0,0,0
16810,,7,1,4,5,1,4,5,8,0.27332,0.285178,5.22201,0.35
16431,,7,3,1,4,3,1,4,8,0.240388,0.247695,11.049221,0.25
21578,,7,4,13,17,4,13,17,8,0.28469,0.29938,27110.004433,0.241667
25918,,7,2,2,4,2,2,4,9,0.226002,0.233072,233740.923047,0
6742,,10,1,0,1,1,0,1,0,0,0,0,0
6743,,7,0,1,1,0,1,1,9,0.200066,0.204368,0,0
6750,,8,1,2,3,1,2,3,9,0.221229,0.228018,1,0.166667
6751,,24,0,1,1,0,1,1,9,0.231745,0.239907,0,0
6756,,8,0,1,1,0,1,1,9,0.226957,0.234476,0,0
6758,,3,2,1,3,2,1,3,9,0.232871,0.240708,14.745292,0.166667
6759,,6,0,1,1,0,1,1,9,0.194701,0.198851,0,0
6760,,6,0,1,1,0,1,1,8,0.247395,0.256736,0,0
6762,,11,0,1,1,0,1,1,9,0.229181,0.2372,0,0
6763,,24,0,4,4,0,4,4,8,0.264116,0.275969,0,0.75
7414,,8,1,1,2,1,1,2,10,0.186072,0.19009,0,0
22804,,8,1,0,1,1,0,1,0,0,0,0,0
6766,,1,0,1,1,0,1,1,8,0.229128,0.236488,0,0
6767,,16,0,2,2,0,2,2,8,0.246272,0.255285,0,1
6768,,8,0,1,1,0,1,1,8,0.248761,0.257751,0,0
6769,,6,0,1,1,0,1,1,8,0.247395,0.256736,0,0
27794,,10,1,0,1,1,0,1,0,0,0,0,0
6771,,1,0,3,3,0,3,3,8,0.235833,0.244172,0,0
6774,,7,0,1,1,0,1,1,9,0.203725,0.20865,0,0
6778,,7,0,1,1,0,1,1,9,0.226164,0.233246,0,0
6780,,8,0,1,1,0,1,1,8,0.235978,0.24347,0,0
6782,,9,0,2,2,0,2,2,9,0.230046,0.237328,0,0
8863,,0,3,7,10,3,7,10,8,0.245828,0.255202,37795.921147,0.069444
6784,,8,2,3,5,2,3,5,9,0.2406,0.24931,58377.026208,0.25
16836,,8,3,1,4,3,1,4,9,0.209013,0.214696,20817.686917,0.083333
6785,,8,0,1,1,0,1,1,9,0.199945,0.204782,0,0
6788,,11,1,0,1,1,0,1,0,0,0,0,0
6845,,11,1,0,1,1,0,1,0,0,0,0,0
7043,,11,1,0,1,1,0,1,0,0,0,0,0
7298,,11,1,0,1,1,0,1,0,0,0,0,0
6789,,11,0,1,1,0,1,1,1,1,1,0,0
6790,,7,1,2,3,1,2,3,9,0.234783,0.242756,355.129543,0
16905,,10,1,0,1,1,0,1,0,0,0,0,0
6794,,7,0,1,1,0,1,1,9,0.193032,0.196903,0,0
6795,,65,0,1,1,0,1,1,1,1,1,0,0
6796,,65,1,0,1,1,0,1,0,0,0,0,0
8482,,16,3,0,3,3,0,3,0,0,0,0,0
10912,,16,1,0,1,1,0,1,0,0,0,0,0
14294,,16,1,1,2,1,1,2,8,0.251453,0.260348,1281.842074,0
16383,,16,1,0,1,1,0,1,0,0,0,0,0
19338,,16,1,0,1,1,0,1,0,0,0,0,0
20433,,16,3,1,4,3,1,4,1,1,1,25977,0
20940,,16,3,0,3,3,0,3,0,0,0,0,0.166667
21299,,16,3,1,4,3,1,4,9,0.194975,0.199494,9062.950729,0.166667
34392,,16,2,0,2,2,0,2,0,0,0,0,0
35183,,16,2,0,2,2,0,2,0,0,0,0,0
25073,,15,2,0,2,2,0,2,0,0,0,0,0
26750,,15,1,0,1,1,0,1,0,0,0,0,0
6800,,8,0,1,1,0,1,1,9,0.216107,0.222464,0,0
6801,,1,0,1,1,0,1,1,9,0.234953,0.24388,0,0
24258,,8,2,0,2,2,0,2,0,0,0,0,0
6804,,8,0,1,1,0,1,1,8,0.24587,0.25403,0,0
6805,,2,0,1,1,0,1,1,8,0.261475,0.272568,0,0
22029,,10,2,1,3,2,1,3,9,0.214441,0.220553,104.019601,0.333333
6810,,10,0,2,2,0,2,2,8,0.264253,0.275173,0,0.5
6814,,10,1,14,15,1,14,15,8,0.272839,0.286098,18827,0.1
6815,,8,0,2,2,0,2,2,8,0.263311,0.274129,0,1
6816,,10,1,3,4,1,3,4,8,0.23437,0.242798,4189.825125,0.166667
10966,,15,1,1,2,1,1,2,9,0.218528,0.22492,0,0
20175,,15,1,0,1,1,0,1,0,0,0,0,0
27019,,15,1,0,1,1,0,1,0,0,0,0,0
6820,,8,0,2,2,0,2,2,9,0.198889,0.203547,0,0
16237,,11,1,0,1,1,0,1,0,0,0,0,0
30106,,11,1,1,2,1,1,2,8,0.230663,0.237706,0,1
6823,,8,0,1,1,0,1,1,9,0.196072,0.200677,0,0
6824,,8,0,1,1,0,1,1,8,0.244564,0.253553,0,0
6825,,7,0,1,1,0,1,1,8,0.256747,0.266706,0,0
6827,,7,0,1,1,0,1,1,8,0.250206,0.259013,0,0
6828,,13,0,1,1,0,1,1,9,0.195066,0.199384,0,0
8417,,16,1,3,4,1,3,4,8,0.237846,0.24631,0,0.833333
6832,,11,0,1,1,0,1,1,8,0.232249,0.239663,0,0
6833,,8,0,1,1,0,1,1,9,0.226946,0.234172,0,0
6834,,15,0,2,2,0,2,2,9,0.212126,0.217841,0,0
9241,,8,1,4,5,1,4,5,8,0.249685,0.259031,56.527736,0.1
15131,,15,1,2,3,1,2,3,9,0.222432,0.229236,16.786769,0.166667
18692,,21,1,0,1,1,0,1,0,0,0,0,0
34956,,21,1,0,1,1,0,1,0,0,0,0,0
8325,,11,2,1,3,2,1,3,1,1,1,24.000456,0
19951,,8,1,1,2,1,1,2,9,0.216192,0.222521,0,0
24879,,7,3,2,5,3,2,5,8,0.240014,0.247958,20223.918183,0
32281,,8,1,0,1,1,0,1,0,0,0,0,0
22802,,8,1,2,3,1,2,3,8,0.235019,0.242463,0,1
6838,,16,0,1,1,0,1,1,9,0.191866,0.196064,0,0
6839,,6,0,1,1,0,1,1,8,0.25615,0.266929,0,0
10674,,5,1,0,1,1,0,1,0,0,0,0,0
6842,,11,0,2,2,0,2,2,9,0.251053,0.26149,0,0.5
6843,,11,0,1,1,0,1,1,8,0.240389,0.248209,0,0
6847,,11,0,1,1,0,1,1,1,1,1,0,0
6850,,7,0,1,1,0,1,1,1,1,1,0,0
6851,,6,0,2,2,0,2,2,8,0.260095,0.27172,0,1
6855,,8,0,5,5,0,5,5,8,0.273708,0.286671,0,0.3
6856,,8,0,1,1,0,1,1,1,1,1,0,0
6857,,11,0,1,1,0,1,1,8,0.240389,0.248209,0,0
6859,,8,0,1,1,0,1,1,9,0.231387,0.239068,0,0
6861,,0,0,1,1,0,1,1,9,0.224741,0.232186,0,0
6862,,21,0,30,30,0,30,30,8,0.270498,0.283672,0,0.106897
27143,,21,1,0,1,1,0,1,0,0,0,0,0
25500,,21,4,2,6,4,2,6,2,0.75,0.833333,25990.842922,0
31274,,21,1,0,1,1,0,1,0,0,0,0,0
31275,,21,1,0,1,1,0,1,0,0,0,0,0
35568,,21,1,0,1,1,0,1,0,0,0,0,0
6866,,6,0,1,1,0,1,1,9,0.214423,0.220695,0,0
12682,,19,1,0,1,1,0,1,0,0,0,0,0
30344,,19,1,0,1,1,0,1,0,0,0,0,0
35459,,19,1,1,2,1,1,2,10,0.183337,0.187356,0,0
10695,,19,2,2,4,2,2,4,9,0.22243,0.229668,18825.5,0.5
6873,,15,0,4,4,0,4,4,8,0.2289,0.236141,0,0.25
6876,,16,0,1,1,0,1,1,2,0.666667,0.75,0,0
6877,,0,0,3,3,0,3,3,8,0.229195,0.237049,0,0.5
6878,,7,0,1,1,0,1,1,9,0.207609,0.212853,0,0
6880,,0,0,1,1,0,1,1,8,0.230853,0.23867,0,0
6881,,10,0,3,3,0,3,3,8,0.223165,0.230111,0,0
9802,,10,1,1,2,1,1,2,9,0.221424,0.228568,369.144902,0
6883,,19,0,2,2,0,2,2,8,0.236348,0.244349,0,0
6884,,15,0,1,1,0,1,1,9,0.203544,0.209057,0,0
6886,,7,0,1,1,0,1,1,9,0.226164,0.233246,0,0
6891,,8,0,2,2,0,2,2,9,0.204897,0.209737,0,0
6892,,5,0,1,1,0,1,1,9,0.206357,0.211863,0,0
6893,,8,0,1,1,0,1,1,9,0.218723,0.225117,0,0
6894,,13,0,1,1,0,1,1,9,0.195066,0.199384,0,0
15986,,7,4,0,4,4,0,4,0,0,0,0,0.083333
6899,,6,1,1,2,1,1,2,1,1,1,0,0.5
16221,,8,3,2,5,3,2,5,2,0.75,0.833333,26007.830941,0.083333
6902,,0,0,3,3,0,3,3,9,0.226164,0.233022,0,0.333333
6903,,12,0,1,1,0,1,1,9,0.195014,0.200132,0,0
6906,,8,0,2,2,0,2,2,9,0.193875,0.197944,0,0
6908,,24,0,1,1,0,1,1,9,0.214812,0.220782,0,0
6909,,12,0,1,1,0,1,1,8,0.235576,0.242737,0,0
6910,,66,0,1,1,0,1,1,1,1,1,0,0
6911,,66,1,0,1,1,0,1,0,0,0,0,0
6912,,19,0,2,2,0,2,2,9,0.224473,0.231915,0,1
20663,,19,1,0,1,1,0,1,0,0,0,0,0
6922,,15,0,1,1,0,1,1,9,0.212691,0.218392,0,0
6928,,5,0,3,3,0,3,3,9,0.22181,0.228941,0,0
6930,,5,0,4,4,0,4,4,8,0.253938,0.264521,0,0.083333
6933,,11,0,2,2,0,2,2,8,0.225244,0.232042,0,1
6934,,0,0,3,3,0,3,3,8,0.237011,0.246316,0,0
6936,,6,0,1,1,0,1,1,8,0.25615,0.266929,0,0
6937,,6,0,1,1,0,1,1,8,0.25615,0.266929,0,0
17281,,7,2,0,2,2,0,2,0,0,0,0,1
7613,,8,1,3,4,1,3,4,9,0.228213,0.235447,1854.492375,0
6943,,21,1,1,2,1,1,2,8,0.240354,0.248397,18840.351588,0
6948,,7,0,3,3,0,3,3,9,0.228359,0.23561,0,0
15146,,8,2,6,8,2,6,8,8,0.238349,0.245904,26160.019631,0
8209,,8,1,10,11,1,10,11,8,0.256993,0.267504,26488.841562,0.118182
6952,,11,1,2,3,1,2,3,9,0.229967,0.237214,179.010665,0
6954,,11,0,1,1,0,1,1,8,0.227253,0.234761,0,0
6955,,7,0,1,1,0,1,1,9,0.200066,0.204368,0,0
6957,,5,0,1,1,0,1,1,8,0.232,0.238882,0,0
6958,,16,0,1,1,0,1,1,1,1,1,0,0
6959,,3,0,2,2,0,2,2,8,0.256247,0.266221,0,0
6960,,7,0,2,2,0,2,2,8,0.26567,0.277025,0,1
6961,,16,0,1,1,0,1,1,1,1,1,0,0
6963,,15,0,1,1,0,1,1,9,0.222815,0.230116,0,0
6964,,12,0,1,1,0,1,1,9,0.193993,0.198155,0,0
6966,,0,0,2,2,0,2,2,8,0.263828,0.274284,0,0
6967,,7,0,1,1,0,1,1,9,0.200659,0.205454,0,0
6968,,7,0,3,3,0,3,3,8,0.254302,0.264013,0,0
6969,,10,0,1,1,0,1,1,9,0.225592,0.232933,0,0
6970,,67,0,1,1,0,1,1,1,1,1,0,0
6971,,67,1,0,1,1,0,1,0,0,0,0,0
6972,,8,1,2,3,1,2,3,8,0.224038,0.23104,354.821452,0.166667
19161,,16,1,0,1,1,0,1,0,0,0,0,0
7941,,8,1,0,1,1,0,1,0,0,0,0,0
6975,,24,1,1,2,1,1,2,8,0.22375,0.230857,18827,0
6976,,0,0,3,3,0,3,3,8,0.23791,0.246365,0,0
9734,,12,1,0,1,1,0,1,0,0,0,0,0
9841,,12,1,0,1,1,0,1,0,0,0,0,0
14539,,15,1,2,3,1,2,3,8,0.231562,0.239388,285.915441,0
23293,,10,1,1,2,1,1,2,9,0.202777,0.207807,0,0
6979,,8,0,3,3,0,3,3,9,0.217716,0.224299,0,0.166667
21666,,0,1,0,1,1,0,1,0,0,0,0,0
6984,,15,0,1,1,0,1,1,9,0.225524,0.232475,0,0
6987,,12,0,1,1,0,1,1,8,0.236841,0.24458,0,0
6988,,24,0,1,1,0,1,1,9,0.211577,0.217419,0,0
6990,,6,0,1,1,0,1,1,9,0.20395,0.209263,0,0
6995,,7,0,1,1,0,1,1,9,0.222499,0.229441,0,0
6997,,0,5,1,6,5,1,6,8,0.228938,0.236649,94129,0
6998,,11,0,1,1,0,1,1,9,0.230024,0.237286,0,0
6999,,8,2,7,9,2,7,9,8,0.276285,0.288628,37655,0.222222
11859,,8,1,3,4,1,3,4,8,0.276778,0.289129,413.119642,0.5
7000,,11,0,1,1,0,1,1,8,0.239859,0.247713,0,0
7001,,11,1,6,7,1,6,7,8,0.253555,0.26421,18829,0.142857
7002,,11,1,1,2,1,1,2,8,0.251382,0.261452,0,0.5
7777,,11,1,1,2,1,1,2,8,0.251382,0.261452,0,0.5
10398,,8,1,2,3,1,2,3,9,0.215947,0.221677,0.166667,0.333333
7004,,8,0,2,2,0,2,2,8,0.265009,0.275902,0,0.5
32489,,8,1,0,1,1,0,1,0,0,0,0,0
7014,,0,0,1,1,0,1,1,9,0.224787,0.232402,0,0
13535,,16,1,0,1,1,0,1,0,0,0,0,0
7018,,8,0,2,2,0,2,2,8,0.235632,0.243997,0,1
10045,,15,1,0,1,1,0,1,0,0,0,0,0
7029,,7,1,0,1,1,0,1,0,0,0,0,0
7030,,24,0,3,3,0,3,3,9,0.250839,0.261314,0,0
7031,,6,0,1,1,0,1,1,8,0.234493,0.242444,0,0
7705,,18,1,2,3,1,2,3,9,0.212863,0.218938,2550.905741,0.333333
7033,,6,0,1,1,0,1,1,9,0.186281,0.190308,0,0
12798,,0,1,1,2,1,1,2,8,0.228938,0.236649,0,0.5
12022,,15,1,1,2,1,1,2,9,0.222814,0.230115,90.397168,0
22934,,15,1,1,2,1,1,2,9,0.200164,0.204719,28.514542,0.5
24674,,15,1,0,1,1,0,1,0,0,0,0,0
29866,,15,1,2,3,1,2,3,9,0.204171,0.209451,15.366404,0
9882,,8,1,1,2,1,1,2,9,0.239959,0.248528,0,1
9902,,8,1,0,1,1,0,1,0,0,0,0,0
7039,,7,0,3,3,0,3,3,8,0.26445,0.275578,0,0.666667
7041,,0,0,2,2,0,2,2,9,0.189597,0.193696,0,0
7042,,11,0,1,1,0,1,1,8,0.251382,0.261452,0,0
11042,,11,1,0,1,1,0,1,0,0,0,0,0
7669,,0,1,0,1,1,0,1,0,0,0,0,0
11793,,0,1,0,1,1,0,1,0,0,0,0,0
15262,,0,2,0,2,2,0,2,0,0,0,0,0
16440,,0,2,0,2,2,0,2,0,0,0,0,0
16546,,0,1,0,1,1,0,1,0,0,0,0,0
19898,,0,1,0,1,1,0,1,0,0,0,0,0
24700,,0,1,0,1,1,0,1,0,0,0,0,0
34570,,0,1,3,4,1,3,4,8,0.234157,0.242688,262.111253,0.416667
7050,,2,0,2,2,0,2,2,9,0.211636,0.217664,0,0
7276,,2,1,0,1,1,0,1,0,0,0,0,0
7054,,8,0,3,3,0,3,3,9,0.216497,0.222306,0,0.166667
16971,,8,1,0,1,1,0,1,0,0,0,0,0
22754,,21,1,2,3,1,2,3,8,0.240354,0.248419,0.5,0.5
22593,,7,1,2,3,1,2,3,8,0.254784,0.264508,207.482888,0.5
27685,,2,1,0,1,1,0,1,0,0,0,0,0
24276,,1,2,0,2,2,0,2,0,0,0,0,0
29909,,1,2,0,2,2,0,2,0,0,0,0,0
7065,,8,0,1,1,0,1,1,9,0.210597,0.215958,0,0
7066,,16,0,3,3,0,3,3,8,0.272895,0.284706,0,0.5
7069,,7,0,1,1,0,1,1,9,0.193032,0.196903,0,0
7072,,5,0,1,1,0,1,1,10,0.179803,0.183122,0,0
7073,,5,0,1,1,0,1,1,9,0.186678,0.190458,0,0
7074,,7,0,1,1,0,1,1,1,1,1,0,0
7075,,16,0,2,2,0,2,2,9,0.227405,0.235332,0,0
7076,,16,1,0,1,1,0,1,0,0,0,0,0
7081,,5,1,0,1,1,0,1,0,0,0,0,0
7083,,10,0,3,3,0,3,3,9,0.231151,0.238734,0,0
7084,,0,0,2,2,0,2,2,9,0.224797,0.232451,0,1
7085,,15,0,1,1,0,1,1,10,0.178333,0.181768,0,0
7086,,2,0,1,1,0,1,1,8,0.261475,0.272568,0,0
7088,,18,0,1,1,0,1,1,10,0.175505,0.178831,0,0
7089,,24,0,1,1,0,1,1,8,0.22375,0.230857,0,0
7090,,12,0,1,1,0,1,1,8,0.236841,0.24458,0,0
7091,,15,0,2,2,0,2,2,8,0.228212,0.23624,0,0.5
7092,,6,0,1,1,0,1,1,8,0.25615,0.266929,0,0
18154,,5,1,1,2,1,1,2,8,0.251661,0.260841,0,1
7101,,16,0,2,2,0,2,2,8,0.237499,0.2459,0,1
7103,,11,0,1,1,0,1,1,9,0.217729,0.224141,0,0
7104,,8,0,1,1,0,1,1,8,0.262756,0.273466,0,0
7106,,8,0,2,2,0,2,2,9,0.220189,0.226761,0,0.5
7108,,8,0,3,3,0,3,3,8,0.243712,0.252167,0,0
7112,,11,1,2,3,1,2,3,9,0.224777,0.232019,34.424702,0.333333
7113,,11,0,4,4,0,4,4,8,0.249041,0.258044,0,0
15710,,11,1,2,3,1,2,3,9,0.218158,0.224971,39.869034,0
23235,,11,1,1,2,1,1,2,9,0.210936,0.216692,0,0
21834,,11,2,3,5,2,3,5,8,0.227615,0.235305,0,0.833333
16798,,11,3,3,6,3,3,6,8,0.227615,0.235305,18826,0.416667
7116,,5,0,2,2,0,2,2,9,0.207291,0.212685,0,0
7117,,11,0,1,1,0,1,1,9,0.214113,0.220172,0,0
7119,,0,0,1,1,0,1,1,8,0.228936,0.236648,0,0
7120,,8,1,1,2,1,1,2,1,1,1,18.963468,0
7125,,21,0,7,7,0,7,7,8,0.227426,0.234111,0,0
18587,,21,1,0,1,1,0,1,0,0,0,0,0
18588,,21,1,0,1,1,0,1,0,0,0,0,0
18589,,21,1,0,1,1,0,1,0,0,0,0,0
15833,,5,1,5,6,1,5,6,8,0.248968,0.257772,226.344709,0.233333
30234,,10,1,0,1,1,0,1,0,0,0,0,0
7128,,7,0,1,1,0,1,1,9,0.226164,0.233246,0,0
7129,,2,0,1,1,0,1,1,8,0.261475,0.272568,0,0
7131,,19,0,1,1,0,1,1,9,0.224454,0.231835,0,0
21277,,15,1,0,1,1,0,1,0,0,0,0,0
23687,,15,1,0,1,1,0,1,0,0,0,0,0
7134,,11,1,4,5,1,4,5,8,0.249917,0.259155,53033.160412,0.25
7137,,15,0,1,1,0,1,1,9,0.212691,0.218392,0,0
24835,,7,1,0,1,1,0,1,0,0,0,0,0
24023,,7,2,1,3,2,1,3,1,1,1,25977,0
7139,,11,0,1,1,0,1,1,9,0.218624,0.225127,0,0
7140,,11,0,1,1,0,1,1,9,0.225449,0.232754,0,0
7143,,7,0,1,1,0,1,1,9,0.213284,0.219286,0,0
7145,,8,0,1,1,0,1,1,9,0.224765,0.231975,0,0
7146,,12,0,1,1,0,1,1,9,0.213606,0.219549,0,0
7147,,7,0,1,1,0,1,1,8,0.263278,0.27399,0,0
7148,,6,0,1,1,0,1,1,8,0.25615,0.266929,0,0
7150,,9,2,7,9,2,7,9,8,0.251278,0.26131,38510.030205,0
7152,,6,0,1,1,0,1,1,8,0.25615,0.266929,0,0
7153,,6,0,1,1,0,1,1,8,0.25615,0.266929,0,0
7156,,2,0,1,1,0,1,1,8,0.261475,0.272568,0,0
7157,,24,0,3,3,0,3,3,9,0.217545,0.224049,0,1
7159,,8,0,1,1,0,1,1,9,0.189796,0.194288,0,0
7164,,13,1,0,1,1,0,1,0,0,0,0,0
16497,,13,1,0,1,1,0,1,0,0,0,0,0
7165,,11,0,1,1,0,1,1,9,0.224977,0.23191,0,0
7167,,11,0,1,1,0,1,1,8,0.227253,0.234761,0,0
7169,,5,0,1,1,0,1,1,9,0.232685,0.240463,0,0
7170,,1,0,9,9,0,9,9,8,0.272946,0.285656,0,0.208333
7171,,8,0,8,8,0,8,8,8,0.269146,0.281511,0,0.535714
7172,,12,0,1,1,0,1,1,8,0.236841,0.24458,0,0
7174,,11,0,1,1,0,1,1,8,0.236535,0.24595,0,0
12333,,7,1,1,2,1,1,2,9,0.218455,0.224515,0,0
22832,,7,1,0,1,1,0,1,0,0,0,0,0
12807,,7,1,1,2,1,1,2,9,0.218455,0.224515,0,0
10450,,9,4,1,5,4,1,5,9,0.185518,0.189862,4197.813458,0.166667
11525,,9,1,0,1,1,0,1,0,0,0,0,0
12661,,9,2,0,2,2,0,2,0,0,0,0,1
13384,,9,1,1,2,1,1,2,9,0.185518,0.189862,0,0
13837,,9,5,7,12,5,7,12,10,0.180024,0.184058,56413.708836,0.151515
15884,,9,3,2,5,3,2,5,9,0.185652,0.190063,3.698352,0.666667
14128,,9,1,2,3,1,2,3,9,0.199841,0.2051,0,1
18306,,9,1,0,1,1,0,1,0,0,0,0,0
18806,,9,1,0,1,1,0,1,0,0,0,0,0
19604,,9,1,2,3,1,2,3,9,0.195408,0.200093,25975,0.333333
21310,,9,9,6,15,9,6,15,9,0.203842,0.209771,45947.631618,0.209091
24441,,9,6,3,9,6,3,9,9,0.187471,0.191841,41341.464157,0.196429
27405,,9,2,4,6,2,4,6,9,0.189391,0.193865,36.945132,0.35
30069,,9,1,4,5,1,4,5,9,0.20515,0.210758,10025.254834,0.5
29686,,9,2,2,4,2,2,4,9,0.199841,0.2051,0,0.666667
7182,,8,1,0,1,1,0,1,0,0,0,0,0
7184,,2,0,1,1,0,1,1,8,0.261475,0.272568,0,0
7185,,16,0,2,2,0,2,2,8,0.262043,0.273272,0,0
7187,,11,0,2,2,0,2,2,8,0.257968,0.2683,0,0
7190,,9,0,3,3,0,3,3,9,0.215693,0.222428,0,0.166667
7191,,16,0,1,1,0,1,1,8,0.221262,0.228206,0,0
7192,,11,0,1,1,0,1,1,8,0.251382,0.261452,0,0
7195,,15,1,3,4,1,3,4,8,0.243252,0.251086,494.6855,0.166667
7196,,5,0,1,1,0,1,1,10,0.185376,0.189285,0,0
7199,,8,0,1,1,0,1,1,8,0.226185,0.232941,0,0
32193,,8,1,0,1,1,0,1,0,0,0,0,0
7202,,16,1,0,1,1,0,1,0,0,0,0,0
22084,,7,1,0,1,1,0,1,0,0,0,0,0
7204,,8,1,2,3,1,2,3,8,0.262851,0.273593,18827,0.333333
7205,,9,0,3,3,0,3,3,9,0.201107,0.206616,0,0.166667
7206,,6,0,1,1,0,1,1,8,0.247395,0.256736,0,0
14480,,7,1,2,3,1,2,3,8,0.272245,0.283809,4974.045519,0.166667
7210,,7,0,2,2,0,2,2,8,0.272772,0.284532,0,0
7212,,8,0,1,1,0,1,1,8,0.262756,0.273466,0,0
7213,,12,0,1,1,0,1,1,8,0.234438,0.242011,0,0
7215,,8,1,0,1,1,0,1,0,0,0,0,0
18110,,8,1,0,1,1,0,1,0,0,0,0,0
7216,,2,0,1,1,0,1,1,9,0.209471,0.215166,0,0
7222,,68,0,1,1,0,1,1,1,1,1,0,0
7223,,68,1,0,1,1,0,1,0,0,0,0,0
7224,,12,0,1,1,0,1,1,8,0.236841,0.24458,0,0
20567,,16,1,0,1,1,0,1,0,0,0,0,0
7231,,11,0,1,1,0,1,1,8,0.225241,0.232016,0,0
16229,,7,1,11,12,1,11,12,8,0.283545,0.297259,14.956717,0.136364
24348,,7,1,0,1,1,0,1,0,0,0,0,0
7233,,11,0,1,1,0,1,1,8,0.235824,0.242716,0,0
7234,,10,0,1,1,0,1,1,9,0.20908,0.214243,0,0
7239,,0,0,1,1,0,1,1,10,0.182361,0.186382,0,0
7240,,0,1,3,4,1,3,4,9,0.223021,0.230588,18827,0.166667
23332,,24,1,0,1,1,0,1,0,0,0,0,0
25466,,24,1,1,2,1,1,2,10,0.174852,0.178263,69.475848,0.5
16104,,11,1,0,1,1,0,1,0,0,0,0,0
27075,,6,1,0,1,1,0,1,0,0,0,0,0
7250,,15,0,1,1,0,1,1,8,0.236262,0.244204,0,0
7253,,16,1,0,1,1,0,1,0,0,0,0,0
7254,,11,0,2,2,0,2,2,8,0.241548,0.249319,0,0
7256,,11,1,1,2,1,1,2,9,0.21771,0.223672,0,0
18622,,11,1,0,1,1,0,1,0,0,0,0,0
18958,,11,1,0,1,1,0,1,0,0,0,0,0
19166,,11,1,0,1,1,0,1,0,0,0,0,0
21825,,11,1,0,1,1,0,1,0,0,0,0,0
19885,,11,1,1,2,1,1,2,9,0.21771,0.223672,0,0
7257,,11,0,9,9,0,9,9,8,0.254515,0.264927,0,0.111111
7258,,8,0,1,1,0,1,1,1,1,1,0,0
34101,,11,1,0,1,1,0,1,0,0,0,0,0
7261,,11,0,2,2,0,2,2,8,0.239758,0.249238,0,1
15212,,11,1,1,2,1,1,2,9,0.223975,0.231305,0,0
15620,,11,1,1,2,1,1,2,9,0.223975,0.231305,0,0
16498,,11,1,0,1,1,0,1,0,0,0,0,0
13902,,11,2,1,3,2,1,3,9,0.223975,0.231305,0,1
29002,,11,1,1,2,1,1,2,9,0.223975,0.231305,0,0
32242,,11,1,1,2,1,1,2,9,0.223975,0.231305,0,0
7264,,5,1,1,2,1,1,2,8,0.224675,0.231294,0,0
12030,,5,1,1,2,1,1,2,7,0.293551,0.307953,1352.711484,0.5
23780,,5,1,0,1,1,0,1,0,0,0,0,0
7385,,5,3,6,9,3,6,9,8,0.253433,0.263996,63848.494209,0.035714
7266,,0,0,1,1,0,1,1,8,0.228936,0.236648,0,0
7267,,69,1,3,4,1,3,4,1,1,1,3,0
7268,,69,1,0,1,1,0,1,0,0,0,0,0
10906,,69,1,0,1,1,0,1,0,0,0,0,0
21652,,69,1,0,1,1,0,1,0,0,0,0,0
7269,,237,0,3,3,0,3,3,8,0.233112,0.241478,0,0.666667
11546,,237,1,2,3,1,2,3,8,0.233103,0.241437,0,0.666667
7270,,8,0,1,1,0,1,1,8,0.235105,0.243285,0,0
10272,,15,1,0,1,1,0,1,0,0,0,0,0
10589,,15,1,1,2,1,1,2,8,0.247792,0.25846,33.799094,0
10591,,15,1,0,1,1,0,1,0,0,0,0,0
10593,,15,1,0,1,1,0,1,0,0,0,0,0
10594,,15,1,0,1,1,0,1,0,0,0,0,0
10779,,15,1,1,2,1,1,2,1,1,1,25976,0
11567,,15,1,0,1,1,0,1,0,0,0,0,0
11991,,15,2,4,6,2,4,6,9,0.220937,0.228235,26363.964613,0.05
12763,,5,2,3,5,2,3,5,8,0.241995,0.250283,845.367439,0.05
13110,,15,1,0,1,1,0,1,0,0,0,0,0
13515,,15,1,0,1,1,0,1,0,0,0,0,0
13516,,15,1,0,1,1,0,1,0,0,0,0,0
12327,,0,1,3,4,1,3,4,9,0.21367,0.219953,53.172428,0.166667
14465,,15,1,0,1,1,0,1,0,0,0,0,0
16181,,15,1,0,1,1,0,1,0,0,0,0,0
17131,,15,2,0,2,2,0,2,0,0,0,0,0
17132,,15,1,0,1,1,0,1,0,0,0,0,0
18076,,15,1,1,2,1,1,2,9,0.227172,0.235197,12.47203,0
18239,,15,1,0,1,1,0,1,0,0,0,0,0
18240,,15,1,0,1,1,0,1,0,0,0,0,0
18241,,15,1,0,1,1,0,1,0,0,0,0,0
18242,,15,1,0,1,1,0,1,0,0,0,0,0
19238,,15,2,0,2,2,0,2,0,0,0,0,0
19527,,15,1,0,1,1,0,1,0,0,0,0,0
20025,,15,1,0,1,1,0,1,0,0,0,0,0
21030,,15,1,0,1,1,0,1,0,0,0,0,0
21357,,15,1,0,1,1,0,1,0,0,0,0,0
21358,,15,1,1,2,1,1,2,8,0.265447,0.27675,0,1
21359,,15,1,0,1,1,0,1,0,0,0,0,0
21360,,15,1,0,1,1,0,1,0,0,0,0,0
21361,,15,1,0,1,1,0,1,0,0,0,0,0
21845,,15,1,0,1,1,0,1,0,0,0,0,0
21846,,15,1,0,1,1,0,1,0,0,0,0,0
21847,,15,1,0,1,1,0,1,0,0,0,0,0
21848,,10,1,1,2,1,1,2,9,0.229336,0.23719,32.519278,0
21849,,8,1,5,6,1,5,6,8,0.267536,0.279294,193.23212,0.466667
21850,,15,1,0,1,1,0,1,0,0,0,0,0
22273,,15,1,0,1,1,0,1,0,0,0,0,0
23016,,15,1,0,1,1,0,1,0,0,0,0,0
23017,,15,1,0,1,1,0,1,0,0,0,0,0
23018,,15,1,0,1,1,0,1,0,0,0,0,0
23019,,15,1,0,1,1,0,1,0,0,0,0,0
23020,,15,1,0,1,1,0,1,0,0,0,0,0
23021,,15,1,0,1,1,0,1,0,0,0,0,0
23245,,15,1,0,1,1,0,1,0,0,0,0,0
23246,,15,1,0,1,1,0,1,0,0,0,0,0
23247,,15,1,0,1,1,0,1,0,0,0,0,0
23248,,15,1,0,1,1,0,1,0,0,0,0,0
23249,,15,1,0,1,1,0,1,0,0,0,0,0
23250,,15,1,0,1,1,0,1,0,0,0,0,0
23386,,15,1,0,1,1,0,1,0,0,0,0,0
23460,,15,1,0,1,1,0,1,0,0,0,0,0
23461,,15,1,0,1,1,0,1,0,0,0,0,0
14988,,11,1,2,3,1,2,3,9,0.211257,0.21676,27.409366,0.166667
23587,,15,1,0,1,1,0,1,0,0,0,0,0
23588,,15,1,0,1,1,0,1,0,0,0,0,0
23589,,15,1,0,1,1,0,1,0,0,0,0,0
23591,,1,1,1,2,1,1,2,10,0.178304,0.181863,0,0.5
23592,,15,1,0,1,1,0,1,0,0,0,0,0
24011,,15,1,0,1,1,0,1,0,0,0,0,0
24008,,15,2,0,2,2,0,2,0,0,0,0,1
24097,,15,1,0,1,1,0,1,0,0,0,0,0
24098,,15,1,0,1,1,0,1,0,0,0,0,0
24099,,15,1,0,1,1,0,1,0,0,0,0,0
24553,,15,3,0,3,3,0,3,0,0,0,0,0
24554,,15,2,0,2,2,0,2,0,0,0,0,1
25121,,15,1,0,1,1,0,1,0,0,0,0,0
25449,,15,1,0,1,1,0,1,0,0,0,0,0
26001,,15,1,0,1,1,0,1,0,0,0,0,0
26769,,15,1,0,1,1,0,1,0,0,0,0,0
27635,,15,1,0,1,1,0,1,0,0,0,0,0
23791,,11,3,5,8,3,5,8,8,0.259147,0.270244,964.772888,0.375
27764,,15,1,0,1,1,0,1,0,0,0,0,0
12099,,2,1,3,4,1,3,4,9,0.217775,0.224071,25985.269036,0.083333
28165,,15,1,0,1,1,0,1,0,0,0,0,0
28166,,15,1,0,1,1,0,1,0,0,0,0,0
28167,,15,1,0,1,1,0,1,0,0,0,0,0
28200,,15,1,0,1,1,0,1,0,0,0,0,0
20456,,9,3,0,3,3,0,3,0,0,0,0,0
29265,,15,1,0,1,1,0,1,0,0,0,0,0
18953,,8,1,2,3,1,2,3,9,0.213592,0.219567,345.111065,0
23161,,15,2,0,2,2,0,2,0,0,0,0,0
28552,,13,3,3,6,3,3,6,8,0.233007,0.241058,52485.691217,0.25
21950,,15,3,0,3,3,0,3,0,0,0,0,0
30699,,15,1,0,1,1,0,1,0,0,0,0,0
30786,,15,1,0,1,1,0,1,0,0,0,0,0
31135,,15,1,0,1,1,0,1,0,0,0,0,0
31933,,8,1,2,3,1,2,3,8,0.246853,0.256533,0,0.5
31934,,8,2,1,3,2,1,3,1,1,1,39.489027,0
33149,,15,1,0,1,1,0,1,0,0,0,0,0
33450,,15,1,0,1,1,0,1,0,0,0,0,0
35312,,15,1,0,1,1,0,1,0,0,0,0,0
29202,,7,3,15,18,3,15,18,8,0.287714,0.302818,83654.817997,0.220833
7272,,15,0,1,1,0,1,1,9,0.208367,0.213881,0,0
7273,,13,0,1,1,0,1,1,8,0.235883,0.243933,0,0
7277,,8,0,1,1,0,1,1,8,0.223971,0.231195,0,0
7278,,8,0,1,1,0,1,1,8,0.236752,0.244747,0,0
11802,,0,2,16,18,2,16,18,8,0.269104,0.280814,239005.2505,0.033333
7281,,10,0,3,3,0,3,3,8,0.238976,0.247685,0,0.166667
7282,,8,1,1,2,1,1,2,10,0.186151,0.190316,0,0.5
7283,,8,2,3,5,2,3,5,9,0.228717,0.236641,37656,0.05
19904,,8,1,0,1,1,0,1,0,0,0,0,0
7284,,21,0,1,1,0,1,1,1,1,1,0,0
22883,,8,2,0,2,2,0,2,0,0,0,0,0
7286,,8,0,1,1,0,1,1,8,0.262756,0.273466,0,0
7287,,70,0,1,1,0,1,1,1,1,1,0,0
7288,,70,1,0,1,1,0,1,0,0,0,0,0
7289,,7,1,8,9,1,8,9,8,0.275778,0.288129,658.997082,0.041667
27925,,7,1,0,1,1,0,1,0,0,0,0,0
34062,,7,1,0,1,1,0,1,0,0,0,0,0
7294,,11,0,1,1,0,1,1,8,0.251382,0.261452,0,0
7295,,7,0,3,3,0,3,3,7,0.293676,0.308181,0,0.166667
7297,,11,0,1,1,0,1,1,1,1,1,0,0
32109,,0,1,0,1,1,0,1,0,0,0,0,0
7300,,0,0,1,1,0,1,1,9,0.186302,0.190356,0,0
7301,,11,0,4,4,0,4,4,8,0.244526,0.253756,0,0.333333
7302,,0,0,2,2,0,2,2,8,0.230928,0.237987,0,0
7303,,0,2,0,2,2,0,2,0,0,0,0,0
7309,,15,0,3,3,0,3,3,8,0.248906,0.257518,0,0.166667
7311,,7,1,4,5,1,4,5,9,0.23784,0.246317,28.149229,0.05
12127,,7,1,0,1,1,0,1,0,0,0,0,0
7313,,11,0,1,1,0,1,1,8,0.251382,0.261452,0,0
7315,,7,0,1,1,0,1,1,9,0.239538,0.247501,0,0
7318,,5,0,1,1,0,1,1,1,1,1,0,0
7319,,8,0,1,1,0,1,1,8,0.243014,0.252183,0,0
7321,,18,0,2,2,0,2,2,10,0.175581,0.179068,0,0
24031,,0,10,14,24,10,14,24,9,0.209927,0.216324,91831.883241,0.093074
30909,,11,1,1,2,1,1,2,9,0.192503,0.197349,134.571312,0
16784,,11,1,1,2,1,1,2,9,0.206455,0.211839,0,0
20512,,11,1,0,1,1,0,1,0,0,0,0,0
19612,,11,2,1,3,2,1,3,1,1,1,0,0.5
19611,,11,2,1,3,2,1,3,1,1,1,0,0.5
34261,,11,1,0,1,1,0,1,0,0,0,0,0
7326,,10,0,1,1,0,1,1,9,0.222352,0.229209,0,0
7330,,24,0,1,1,0,1,1,9,0.211904,0.218058,0,0
10696,,15,1,1,2,1,1,2,9,0.208573,0.213845,0,0
7333,,8,0,1,1,0,1,1,9,0.2229,0.230213,0,0
20618,,13,1,0,1,1,0,1,0,0,0,0,0
7335,,7,0,1,1,0,1,1,9,0.193032,0.196903,0,0
7336,,8,0,1,1,0,1,1,9,0.213511,0.219556,0,0
11482,,9,1,0,1,1,0,1,0,0,0,0,0
7338,,6,0,2,2,0,2,2,8,0.234499,0.242479,0,1
7339,,0,0,3,3,0,3,3,8,0.241332,0.250287,0,0.333333
7341,,71,0,1,1,0,1,1,1,1,1,0,0
7342,,71,1,0,1,1,0,1,0,0,0,0,0
7343,,9,0,2,2,0,2,2,9,0.239277,0.247393,0,0
7345,,11,0,2,2,0,2,2,8,0.239929,0.247843,0,0.5
7346,,11,0,3,3,0,3,3,8,0.247077,0.257047,0,0
7348,,5,0,2,2,0,2,2,9,0.237571,0.246138,0,0
18192,,8,1,3,4,1,3,4,8,0.243007,0.251853,96.355164,0.25
7353,,6,0,7,7,0,7,7,9,0.223511,0.231303,0,0.333333
7355,,1,0,1,1,0,1,1,9,0.196381,0.200972,0,0
7356,,0,0,2,2,0,2,2,9,0.222902,0.230239,0,1
7357,,8,0,1,1,0,1,1,9,0.224765,0.231975,0,0
11002,,10,2,1,3,2,1,3,9,0.221269,0.227893,18953.73989,0
20164,,6,1,2,3,1,2,3,8,0.239889,0.24778,413.175266,0
7361,,5,0,1,1,0,1,1,9,0.21871,0.225204,0,0
7362,,10,0,2,2,0,2,2,9,0.211263,0.216928,0,0
7364,,10,1,0,1,1,0,1,0,0,0,0,0
35649,,10,1,0,1,1,0,1,0,0,0,0,0
7367,,24,0,3,3,0,3,3,9,0.221419,0.227818,0,0.166667
7369,,8,0,1,1,0,1,1,9,0.228173,0.235417,0,0
7372,,0,0,1,1,0,1,1,9,0.224787,0.232402,0,0
7373,,0,0,1,1,0,1,1,8,0.228936,0.236648,0,0
7374,,7,0,2,2,0,2,2,8,0.241716,0.250547,0,1
7375,,6,0,2,2,0,2,2,8,0.234502,0.242488,0,1
7377,,11,0,1,1,0,1,1,8,0.246659,0.25616,0,0
7379,,12,0,1,1,0,1,1,8,0.235576,0.242737,0,0
14135,,6,1,1,2,1,1,2,1,1,1,25976,0
7382,,0,0,1,1,0,1,1,10,0.187309,0.191351,0,0
7383,,72,0,1,1,0,1,1,1,1,1,0,0
7384,,72,1,0,1,1,0,1,0,0,0,0,0
26078,,13,1,2,3,1,2,3,8,0.232992,0.24101,535.758902,0.333333
7386,,11,0,1,1,0,1,1,9,0.210874,0.217038,0,0
7395,,12,1,2,3,1,2,3,9,0.212864,0.218648,7.272985,0.333333
7398,,24,0,1,1,0,1,1,9,0.182848,0.18665,0,0
9371,,11,1,1,2,1,1,2,8,0.236734,0.244299,0,0
26536,,11,1,0,1,1,0,1,0,0,0,0,0
26722,,11,1,1,2,1,1,2,8,0.236734,0.244299,0,0
29318,,11,2,0,2,2,0,2,0,0,0,0,1
29332,,11,4,2,6,4,2,6,8,0.236748,0.244357,18826,0.416667
29516,,11,7,1,8,7,1,8,8,0.236734,0.244299,20271.335286,0.380952
29592,,11,3,6,9,3,6,9,8,0.265203,0.277187,14630.617895,0.25
30450,,11,2,5,7,2,5,7,8,0.236859,0.244549,3.657623,0.65
30949,,11,3,0,3,3,0,3,0,0,0,0,1
29768,,11,1,1,2,1,1,2,8,0.236734,0.244299,0,0
7401,,24,0,1,1,0,1,1,9,0.211577,0.217419,0,0
7407,,16,0,1,1,0,1,1,9,0.219293,0.225533,0,0
7408,,16,0,1,1,0,1,1,9,0.188349,0.192388,0,0
7411,,0,0,1,1,0,1,1,8,0.228936,0.236648,0,0
7417,,5,0,1,1,0,1,1,8,0.232,0.238882,0,0
7419,,8,0,1,1,0,1,1,8,0.234059,0.241902,0,0
7421,,11,0,1,1,0,1,1,9,0.218439,0.22522,0,0
7422,,11,4,2,6,4,2,6,10,0.169318,0.17208,89597,0.066667
7423,,11,1,0,1,1,0,1,0,0,0,0,0
26259,,11,1,1,2,1,1,2,9,0.20382,0.208634,56472,0.5
7424,,7,0,1,1,0,1,1,9,0.200066,0.204368,0,0
7425,,0,0,1,1,0,1,1,9,0.215765,0.222077,0,0
28157,,10,1,0,1,1,0,1,0,0,0,0,0
32122,,10,1,0,1,1,0,1,0,0,0,0,0
18783,,10,2,1,3,2,1,3,2,0.666667,0.75,12.957119,0
26673,,11,1,0,1,1,0,1,0,0,0,0,0
8137,,16,4,5,9,4,5,9,9,0.234911,0.24359,12133.072899,0.233333
19060,,16,2,1,3,2,1,3,9,0.201503,0.20655,0,1
30708,,16,1,1,2,1,1,2,9,0.234735,0.24323,0,0.5
33649,,16,1,0,1,1,0,1,0,0,0,0,0
7436,,12,0,1,1,0,1,1,9,0.190154,0.194142,0,0
7438,,18,0,1,1,0,1,1,9,0.21286,0.218905,0,0
7439,,8,1,1,2,1,1,2,9,0.231503,0.239091,18827,0
7442,,11,0,1,1,0,1,1,8,0.246114,0.255055,0,0
29022,,8,2,0,2,2,0,2,0,0,0,0,0
7446,,18,4,0,4,4,0,4,0,0,0,0,0
29064,,8,1,0,1,1,0,1,0,0,0,0,0
11189,,8,1,0,1,1,0,1,0,0,0,0,0
31262,,8,1,0,1,1,0,1,0,0,0,0,0
7450,,19,0,1,1,0,1,1,9,0.222431,0.229647,0,0
7451,,7,1,2,3,1,2,3,9,0.216548,0.222767,83.72775,0.166667
7452,,11,0,1,1,0,1,1,9,0.196335,0.201108,0,0
7454,,11,0,1,1,0,1,1,8,0.244433,0.254493,0,0
7456,,8,0,2,2,0,2,2,9,0.227547,0.234834,0,0
7457,,6,0,1,1,0,1,1,8,0.247395,0.256736,0,0
7458,,5,0,1,1,0,1,1,9,0.222736,0.229684,0,0
7459,,8,0,1,1,0,1,1,1,1,1,0,0
21424,,15,1,1,2,1,1,2,8,0.235661,0.243091,0,1
7462,,8,0,3,3,0,3,3,8,0.263628,0.274048,0,0.333333
7468,,10,0,1,1,0,1,1,9,0.197673,0.202364,0,0
7470,,2,0,1,1,0,1,1,8,0.261475,0.272568,0,0
7471,,2,0,1,1,0,1,1,8,0.261475,0.272568,0,0
7473,,11,0,1,1,0,1,1,9,0.217271,0.223468,0,0
7475,,11,0,2,2,0,2,2,8,0.240398,0.248253,0,1
7478,,10,1,6,7,1,6,7,8,0.245999,0.255495,8264.837881,0.033333
7479,,10,1,2,3,1,2,3,9,0.206309,0.212062,11.544793,0
13014,,10,1,0,1,1,0,1,0,0,0,0,0
8045,,10,1,1,2,1,1,2,8,0.244161,0.253367,413.571137,0
8526,,8,1,0,1,1,0,1,0,0,0,0,0
7482,,8,0,1,1,0,1,1,9,0.192523,0.196612,0,0
7483,,6,0,1,1,0,1,1,8,0.247395,0.256736,0,0
21942,,16,1,1,2,1,1,2,9,0.187903,0.192032,0,0
7486,,11,0,1,1,0,1,1,8,0.234266,0.242061,0,0
7490,,0,0,2,2,0,2,2,8,0.233328,0.241691,0,0
7491,,73,0,1,1,0,1,1,1,1,1,0,0
7492,,73,1,0,1,1,0,1,0,0,0,0,0
13249,,0,1,0,1,1,0,1,0,0,0,0,0
7497,,0,1,1,2,1,1,2,8,0.22747,0.234557,18827,0
7501,,24,0,2,2,0,2,2,9,0.215013,0.221318,0,0
7502,,8,1,5,6,1,5,6,9,0.220724,0.228529,701.405201,0.233333
7505,,74,0,1,1,0,1,1,1,1,1,0,0
7506,,74,1,0,1,1,0,1,0,0,0,0,0
7509,,1,0,1,1,0,1,1,9,0.217487,0.223937,0,0
7511,,8,0,3,3,0,3,3,8,0.2662,0.277043,0,0
32326,,8,1,0,1,1,0,1,0,0,0,0,0
7516,,7,0,1,1,0,1,1,1,1,1,0,0
7517,,7,0,5,5,0,5,5,8,0.273794,0.28654,0,0.3
9226,,7,1,2,3,1,2,3,8,0.235491,0.242634,25.155987,0
18499,,5,1,1,2,1,1,2,9,0.212155,0.217684,0,0
11521,,11,4,10,14,4,10,14,7,0.301699,0.317585,60503.127647,0.131868
7524,,8,0,1,1,0,1,1,9,0.216485,0.222238,0,0
7527,,8,0,1,1,0,1,1,1,1,1,0,0
7528,,16,0,3,3,0,3,3,9,0.216599,0.223139,0,0.166667
7532,,6,0,1,1,0,1,1,8,0.247395,0.256736,0,0
7536,,24,0,1,1,0,1,1,9,0.231745,0.239907,0,0
7537,,0,0,2,2,0,2,2,9,0.203434,0.208409,0,0
7539,,16,0,1,1,0,1,1,8,0.257544,0.268689,0,0
7541,,7,0,1,1,0,1,1,9,0.214494,0.22018,0,0
7542,,11,0,1,1,0,1,1,8,0.236535,0.24595,0,0
34119,,10,1,0,1,1,0,1,0,0,0,0,0
7544,,11,0,1,1,0,1,1,9,0.220464,0.227385,0,0
7545,,2,0,1,1,0,1,1,9,0.226463,0.234215,0,0
19941,,11,1,1,2,1,1,2,1,1,1,0.5,0
7548,,2,0,1,1,0,1,1,8,0.261475,0.272568,0,0
7549,,6,0,1,1,0,1,1,1,1,1,0,0
7551,,11,1,1,2,1,1,2,10,0.176829,0.18025,0,0
7552,,11,1,2,3,1,2,3,9,0.214811,0.221054,18827,0
7588,,11,5,6,11,5,6,11,8,0.24734,0.258013,38405.162833,0.47619
7586,,11,5,5,10,5,5,10,8,0.244627,0.254832,34203.004807,0.533333
7642,,11,3,4,7,3,4,7,9,0.198306,0.203667,25971,0.833333
7556,,11,0,1,1,0,1,1,8,0.239365,0.2474,0,0
7557,,8,0,1,1,0,1,1,8,0.262756,0.273466,0,0
7559,,9,0,2,2,0,2,2,9,0.214435,0.220741,0,0
7560,,0,0,1,1,0,1,1,8,0.230717,0.238683,0,0
7561,,8,0,1,1,0,1,1,8,0.244564,0.253553,0,0
15765,,15,1,0,1,1,0,1,0,0,0,0,0
7566,,19,0,1,1,0,1,1,9,0.222431,0.229647,0,0
31695,,8,1,1,2,1,1,2,9,0.216732,0.22282,0,0
7569,,8,1,3,4,1,3,4,8,0.262898,0.273707,18827,0.166667
11914,,8,1,1,2,1,1,2,9,0.208173,0.213366,0,0
7573,,0,1,1,2,1,1,2,9,0.233266,0.24103,28.583364,0
20508,,0,1,0,1,1,0,1,0,0,0,0,0
7577,,11,0,1,1,0,1,1,9,0.198296,0.203574,0,0
7578,,11,0,1,1,0,1,1,9,0.198296,0.203574,0,0
7579,,6,0,1,1,0,1,1,9,0.214423,0.220695,0,0
7580,,10,0,1,1,0,1,1,9,0.216686,0.223215,0,0
10491,,5,1,4,5,1,4,5,8,0.256293,0.266363,449.104857,0.25
7584,,8,0,2,2,0,2,2,8,0.263385,0.274204,0,0
7587,,11,4,3,7,4,3,7,9,0.203568,0.208748,51976.10165,0.666667
7591,,11,1,8,9,1,8,9,8,0.255587,0.266158,35953.700674,0.357143
7590,,6,0,1,1,0,1,1,8,0.25615,0.266929,0,0
7658,,11,1,0,1,1,0,1,0,0,0,0,0
7596,,6,0,1,1,0,1,1,8,0.25615,0.266929,0,0
7599,,11,0,5,5,0,5,5,8,0.259172,0.269392,0,0.3
20664,,10,1,1,2,1,1,2,10,0.195696,0.200334,0,0.5
7601,,7,0,1,1,0,1,1,9,0.222499,0.229441,0,0
12292,,2,1,1,2,1,1,2,8,0.261479,0.272571,0,0.5
35332,,8,1,0,1,1,0,1,0,0,0,0,0
7604,,15,1,3,4,1,3,4,8,0.26286,0.273674,26600.715061,0.083333
10753,,15,1,0,1,1,0,1,0,0,0,0,0
7605,,10,0,1,1,0,1,1,9,0.198081,0.202585,0,0
7608,,7,0,1,1,0,1,1,9,0.207609,0.212853,0,0
7610,,0,0,2,2,0,2,2,8,0.229022,0.236784,0,0.5
7614,,21,2,4,6,2,4,6,8,0.273193,0.285014,54755.027108,0.066667
13290,,21,2,0,2,2,0,2,0,0,0,0,0
11102,,6,1,2,3,1,2,3,9,0.201507,0.206586,11073.402304,0
20462,,16,1,0,1,1,0,1,0,0,0,0,0
27571,,16,1,0,1,1,0,1,0,0,0,0,0
7644,,16,3,2,5,3,2,5,8,0.231556,0.239535,41757.963395,0
7620,,11,0,2,2,0,2,2,8,0.230101,0.237742,0,0
30341,,11,1,0,1,1,0,1,0,0,0,0,0
7621,,2,1,2,3,1,2,3,9,0.207305,0.212715,3.5,0
7625,,6,0,1,1,0,1,1,8,0.25615,0.266929,0,0
29907,,15,1,0,1,1,0,1,0,0,0,0,0
35473,,15,1,0,1,1,0,1,0,0,0,0,0
7631,,11,0,1,1,0,1,1,8,0.246659,0.25616,0,0
7633,,24,0,1,1,0,1,1,9,0.231745,0.239907,0,0
15698,,15,1,0,1,1,0,1,0,0,0,0,0
19390,,15,1,0,1,1,0,1,0,0,0,0,0
32577,,15,1,0,1,1,0,1,0,0,0,0,0
32801,,15,1,1,2,1,1,2,9,0.21188,0.21784,0,0
7638,,5,0,2,2,0,2,2,9,0.226697,0.233626,0,0
7639,,16,0,1,1,0,1,1,9,0.22602,0.233288,0,0
8225,,0,1,4,5,1,4,5,8,0.238479,0.24681,25988.741064,0.05
23046,,16,1,0,1,1,0,1,0,0,0,0,0
7650,,1,0,2,2,0,2,2,9,0.220208,0.226347,0,0
11268,,1,1,1,2,1,1,2,9,0.23711,0.245258,1264.158847,0
23483,,7,1,0,1,1,0,1,0,0,0,0,0
31721,,7,1,0,1,1,0,1,0,0,0,0,0
33463,,7,1,0,1,1,0,1,0,0,0,0,0
10989,,9,1,2,3,1,2,3,9,0.185525,0.189905,35.529098,0.166667
33329,,8,2,0,2,2,0,2,0,0,0,0,0
13768,,24,1,1,2,1,1,2,9,0.216582,0.22288,0,1
7654,,0,0,2,2,0,2,2,8,0.238259,0.246433,0,1
7656,,18,2,5,7,2,5,7,9,0.213679,0.220264,118.583262,0.238095
7662,,11,0,2,2,0,2,2,9,0.22318,0.229493,0,1
26745,,15,1,0,1,1,0,1,0,0,0,0,0
7664,,7,0,1,1,0,1,1,9,0.232863,0.240485,0,0
7668,,11,1,4,5,1,4,5,8,0.264478,0.27508,18828,0
31745,,11,1,1,2,1,1,2,9,0.209162,0.214256,0,0
7670,,8,0,1,1,0,1,1,8,0.231137,0.237861,0,0
7672,,8,0,1,1,0,1,1,9,0.213511,0.219556,0,0
7673,,1,0,3,3,0,3,3,8,0.251668,0.260704,0,0.166667
7674,,11,0,2,2,0,2,2,8,0.233978,0.241249,0,0
7675,,11,0,1,1,0,1,1,9,0.217239,0.223768,0,0
7676,,8,0,5,5,0,5,5,9,0.233551,0.242402,0,0.25
7678,,7,0,2,2,0,2,2,8,0.242679,0.251155,0,0
7679,,8,0,1,1,0,1,1,9,0.229833,0.237605,0,0
14795,,11,1,0,1,1,0,1,0,0,0,0,0
15227,,11,2,2,4,2,2,4,8,0.253399,0.26394,2.866087,0.583333
7683,,15,0,1,1,0,1,1,8,0.224983,0.23254,0,0
7687,,8,0,1,1,0,1,1,9,0.192523,0.196612,0,0
7688,,8,0,1,1,0,1,1,10,0.187992,0.191991,0,0
7689,,11,0,2,2,0,2,2,8,0.234444,0.242761,0,1
7693,,12,0,1,1,0,1,1,9,0.211927,0.217794,0,0
13767,,11,1,1,2,1,1,2,9,0.21002,0.216039,0,0
7695,,7,0,5,5,0,5,5,8,0.2696,0.28199,0,0.35
7696,,5,0,1,1,0,1,1,9,0.224639,0.231408,0,0
18124,,1,2,2,4,2,2,4,9,0.211859,0.217372,566.768299,0
7700,,13,0,3,3,0,3,3,9,0.201844,0.20703,0,0.333333
7701,,13,0,1,1,0,1,1,8,0.234601,0.241751,0,0
7702,,16,0,1,1,0,1,1,1,1,1,0,0
7704,,13,0,1,1,0,1,1,9,0.190875,0.195045,0,0
7706,,7,0,3,3,0,3,3,9,0.22477,0.231358,0,0.166667
7708,,11,0,1,1,0,1,1,8,0.247792,0.25846,0,0
7709,,10,0,1,1,0,1,1,9,0.227599,0.234697,0,0
7711,,7,0,1,1,0,1,1,8,0.265449,0.276753,0,0
7712,,10,0,1,1,0,1,1,8,0.233638,0.242002,0,0
7715,,7,0,1,1,0,1,1,10,0.169558,0.172331,0,0
7717,,16,0,1,1,0,1,1,9,0.217729,0.223726,0,0
7719,,8,0,3,3,0,3,3,8,0.249854,0.258964,0,0.5
7721,,8,0,3,3,0,3,3,9,0.229982,0.237853,0,0.333333
7723,,2,0,1,1,0,1,1,10,0.180933,0.184752,0,0
7726,,10,1,1,2,1,1,2,9,0.21205,0.218131,0,1
7729,,16,0,3,3,0,3,3,8,0.233818,0.241837,0,0
12895,,16,2,2,4,2,2,4,9,0.234735,0.243252,484.368713,0.333333
7730,,11,0,1,1,0,1,1,9,0.228869,0.236881,0,0
7734,,11,0,1,1,0,1,1,8,0.251382,0.261452,0,0
7735,,13,1,4,5,1,4,5,8,0.280197,0.293209,18827,0.1
7736,,15,1,1,2,1,1,2,1,1,1,1,0
7737,,15,1,0,1,1,0,1,0,0,0,0,0
7739,,18,0,1,1,0,1,1,9,0.21286,0.218905,0,0
7744,,21,0,1,1,0,1,1,9,0.233244,0.243883,0,0
7746,,11,0,1,1,0,1,1,8,0.251382,0.261452,0,0
27512,,16,1,0,1,1,0,1,0,0,0,0,0
30528,,16,4,1,5,4,1,5,9,0.193367,0.197518,6.823344,0.166667
7752,,0,0,1,1,0,1,1,9,0.222605,0.230046,0,0
7754,,6,0,1,1,0,1,1,8,0.247395,0.256736,0,0
7756,,10,1,4,5,1,4,5,8,0.257721,0.26809,18827,0.2
7758,,12,0,1,1,0,1,1,8,0.236841,0.24458,0,0
7759,,2,1,8,9,1,8,9,8,0.27195,0.284695,2010.155008,0.152778
7761,,7,0,1,1,0,1,1,9,0.226164,0.233246,0,0
7762,,15,0,1,1,0,1,1,8,0.236262,0.244204,0,0
7763,,15,1,3,4,1,3,4,8,0.241824,0.251696,2061.668081,0.166667
17321,,5,2,1,3,2,1,3,10,0.171161,0.174203,70774.615581,0
7765,,12,0,1,1,0,1,1,9,0.213606,0.219549,0,0
11815,,8,2,5,7,2,5,7,8,0.264942,0.277018,26638.302555,0.266667
7767,,8,0,1,1,0,1,1,8,0.262756,0.273466,0,0
7768,,11,0,1,1,0,1,1,9,0.218269,0.224871,0,0
27350,,333,3,1,4,3,1,4,1,1,1,25978,0
7770,,7,0,1,1,0,1,1,9,0.200066,0.204368,0,0
7775,,11,1,1,2,1,1,2,9,0.218206,0.224461,13013.407359,0
10257,,15,1,0,1,1,0,1,0,0,0,0,0
7782,,7,0,1,1,0,1,1,9,0.226164,0.233246,0,0
7783,,7,0,4,4,0,4,4,8,0.255188,0.264791,0,0.166667
7784,,7,1,0,1,1,0,1,0,0,0,0,0
7790,,8,0,2,2,0,2,2,8,0.264446,0.275551,0,1
23556,,8,1,0,1,1,0,1,0,0,0,0,0
7792,,8,0,1,1,0,1,1,9,0.224297,0.231274,0,0
7793,,11,2,3,5,2,3,5,9,0.251281,0.261774,6518.781954,0.083333
7795,,21,1,0,1,1,0,1,0,0,0,0,0
24211,,21,1,0,1,1,0,1,0,0,0,0,0
35139,,21,1,0,1,1,0,1,0,0,0,0,0
7798,,11,0,3,3,0,3,3,9,0.182551,0.18629,0,0
7799,,11,1,0,1,1,0,1,0,0,0,0,0
7800,,11,0,1,1,0,1,1,9,0.217442,0.223573,0,0
7802,,11,0,1,1,0,1,1,9,0.223331,0.229923,0,0
7804,,15,0,1,1,0,1,1,8,0.23999,0.247696,0,0
7808,,13,0,1,1,0,1,1,9,0.21129,0.217018,0,0
7809,,10,0,1,1,0,1,1,9,0.218596,0.22517,0,0
7812,,6,0,1,1,0,1,1,8,0.25615,0.266929,0,0
7814,,5,0,1,1,0,1,1,9,0.215082,0.221433,0,0
18425,,11,1,0,1,1,0,1,0,0,0,0,0
28161,,11,1,0,1,1,0,1,0,0,0,0,0
7817,,75,0,1,1,0,1,1,1,1,1,0,0
7818,,75,1,0,1,1,0,1,0,0,0,0,0
19528,,21,1,1,2,1,1,2,8,0.251241,0.260027,6465.586758,0
7820,,11,0,2,2,0,2,2,8,0.239027,0.248723,0,0
7823,,0,0,1,1,0,1,1,9,0.224787,0.232402,0,0
7827,,11,0,1,1,0,1,1,9,0.225449,0.232754,0,0
7828,,8,0,1,1,0,1,1,8,0.262756,0.273466,0,0
7830,,10,1,2,3,1,2,3,9,0.1933,0.198118,18828,0
8048,,10,1,0,1,1,0,1,0,0,0,0,0
7831,,10,0,2,2,0,2,2,9,0.227511,0.235297,0,1
7833,,24,0,1,1,0,1,1,9,0.211904,0.218058,0,0
7836,,2,0,1,1,0,1,1,8,0.261475,0.272568,0,0
7838,,15,0,2,2,0,2,2,9,0.187136,0.19135,0,1
7841,,11,0,1,1,0,1,1,8,0.23949,0.247366,0,0
7842,,2,0,1,1,0,1,1,8,0.261475,0.272568,0,0
7844,,15,1,0,1,1,0,1,0,0,0,0,0
7845,,7,0,21,21,0,21,21,8,0.273995,0.287088,0,0.188095
34801,,16,2,0,2,2,0,2,0,0,0,0,0
32478,,15,1,0,1,1,0,1,0,0,0,0,0
7853,,8,0,1,1,0,1,1,8,0.229889,0.237489,0,0
7854,,8,0,1,1,0,1,1,8,0.229889,0.237489,0,0
7855,,8,0,1,1,0,1,1,8,0.229889,0.237489,0,0
7857,,11,0,4,4,0,4,4,8,0.244621,0.2547,0,0.416667
7861,,15,0,1,1,0,1,1,9,0.192698,0.197189,0,0
15592,,15,2,1,3,2,1,3,9,0.199735,0.204609,18892.265343,0.166667
15593,,15,1,1,2,1,1,2,10,0.166491,0.169301,0,0.5
15623,,15,2,0,2,2,0,2,0,0,0,0,0
7865,,8,0,1,1,0,1,1,9,0.223196,0.229761,0,0
7866,,8,0,1,1,0,1,1,9,0.209152,0.214723,0,0
7869,,7,0,1,1,0,1,1,9,0.207609,0.212853,0,0
19581,,7,1,0,1,1,0,1,0,0,0,0,0
7876,,10,0,1,1,0,1,1,9,0.222352,0.229209,0,0
7877,,7,2,2,4,2,2,4,8,0.245386,0.253809,35.998897,0.166667
7878,,0,0,1,1,0,1,1,9,0.224787,0.232402,0,0
7879,,10,0,1,1,0,1,1,8,0.23897,0.247046,0,0
16206,,15,1,0,1,1,0,1,0,0,0,0,0
7884,,1,0,1,1,0,1,1,10,0.178303,0.181862,0,0
24670,,8,1,1,2,1,1,2,9,0.239959,0.248528,0,1
25263,,8,2,2,4,2,2,4,9,0.239968,0.248567,28036.683632,0.25
7892,,2,0,1,1,0,1,1,8,0.261475,0.272568,0,0
7895,,11,0,1,1,0,1,1,8,0.230667,0.237711,0,0
17276,,11,1,1,2,1,1,2,8,0.239486,0.247361,0,1
7900,,11,0,1,1,0,1,1,8,0.239365,0.2474,0,0
7901,,15,0,3,3,0,3,3,8,0.234127,0.242468,0,0
33409,,15,1,0,1,1,0,1,0,0,0,0,0
14754,,11,1,0,1,1,0,1,0,0,0,0,0
7906,,8,0,1,1,0,1,1,10,0.183711,0.187405,0,0
7907,,8,1,2,3,1,2,3,9,0.225045,0.231925,18827,0.333333
7908,,1,0,1,1,0,1,1,9,0.234953,0.24388,0,0
7909,,7,1,4,5,1,4,5,8,0.268974,0.281134,60.733621,0.35
23865,,0,1,2,3,1,2,3,9,0.214275,0.220887,4214.499957,0.166667
23129,,10,1,0,1,1,0,1,0,0,0,0,0
32544,,10,1,1,2,1,1,2,9,0.196153,0.200469,0,0
7922,,8,0,8,8,0,8,8,8,0.247473,0.25729,0,0.071429
7924,,8,1,6,7,1,6,7,8,0.269238,0.281211,18827,0.285714
7925,,7,0,1,1,0,1,1,9,0.224481,0.231705,0,0
7926,,8,0,2,2,0,2,2,9,0.216494,0.222492,0,0
7928,,15,0,1,1,0,1,1,9,0.195506,0.200323,0,0
7929,,7,0,5,5,0,5,5,8,0.266392,0.277995,0,0.4
7931,,5,1,1,2,1,1,2,9,0.210098,0.215693,0,0
9340,,5,1,1,2,1,1,2,9,0.210098,0.215693,0,0
32570,,5,1,1,2,1,1,2,9,0.210098,0.215693,0,0
7933,,18,0,1,1,0,1,1,9,0.21286,0.218905,0,0
7934,,8,0,2,2,0,2,2,8,0.265352,0.27603,0,1
8791,,18,1,0,1,1,0,1,0,0,0,0,0
7938,,8,0,1,1,0,1,1,9,0.215008,0.221296,0,0
7939,,11,0,1,1,0,1,1,9,0.216719,0.222904,0,0
7943,,15,0,1,1,0,1,1,10,0.179156,0.182314,0,0
7944,,8,0,1,1,0,1,1,9,0.20245,0.207286,0,0
7945,,10,2,4,6,2,4,6,8,0.268345,0.279457,12765.191007,0.233333
7947,,12,0,1,1,0,1,1,9,0.213606,0.219549,0,0
33406,,10,2,0,2,2,0,2,0,0,0,0,0
7952,,15,0,3,3,0,3,3,7,0.293938,0.308424,0,0.166667
9364,,7,1,0,1,1,0,1,0,0,0,0,0
9457,,7,1,0,1,1,0,1,0,0,0,0,0
34632,,5,3,0,3,3,0,3,0,0,0,0,0.166667
7958,,21,2,1,3,2,1,3,10,0.179393,0.182793,37917.630892,0
7961,,5,0,4,4,0,4,4,8,0.242207,0.250839,0,0
7962,,7,1,3,4,1,3,4,8,0.263533,0.275314,176.180567,0.25
7964,,5,0,1,1,0,1,1,10,0.191021,0.195265,0,0
7966,,8,0,1,1,0,1,1,8,0.247064,0.255642,0,0
7967,,16,0,2,2,0,2,2,9,0.232927,0.240592,0,0
7969,,12,0,2,2,0,2,2,9,0.213608,0.219575,0,0.5
7970,,10,1,1,2,1,1,2,9,0.225596,0.232937,18.307218,0
7972,,11,1,0,1,1,0,1,0,0,0,0,0
7974,,16,1,2,3,1,2,3,8,0.239632,0.247229,9480.825885,0
7977,,8,0,1,1,0,1,1,10,0.182409,0.186162,0,0
7978,,16,0,2,2,0,2,2,1,1,1,0,0
7980,,8,0,1,1,0,1,1,10,0.182409,0.186162,0,0
7981,,7,0,1,1,0,1,1,1,1,1,0,0
13790,,5,2,0,2,2,0,2,0,0,0,0,0
19193,,7,3,0,3,3,0,3,0,0,0,0,0.833333
12977,,7,5,12,17,5,12,17,8,0.274516,0.288177,27873.769419,0.247619
7988,,0,0,3,3,0,3,3,9,0.23547,0.244141,0,0.5
7992,,8,1,2,3,1,2,3,9,0.216057,0.222274,1,0.333333
7993,,8,0,1,1,0,1,1,10,0.182409,0.186162,0,0
7994,,8,0,1,1,0,1,1,10,0.182409,0.186162,0,0
26036,,11,1,1,2,1,1,2,10,0.188948,0.193261,18.05962,0
7996,,7,0,2,2,0,2,2,8,0.26287,0.273626,0,0.5
7997,,11,0,2,2,0,2,2,8,0.249081,0.259208,0,1
8001,,8,0,1,1,0,1,1,8,0.262756,0.273466,0,0
8002,,12,1,1,2,1,1,2,1,1,1,1,0
8003,,8,0,1,1,0,1,1,9,0.226264,0.233982,0,0
8005,,3,2,1,3,2,1,3,9,0.21286,0.218905,18977.949189,0
8007,,8,0,1,1,0,1,1,9,0.219921,0.22604,0,0
8008,,7,0,1,1,0,1,1,8,0.231316,0.238143,0,0
8009,,11,0,2,2,0,2,2,8,0.230675,0.237755,0,1
8010,,11,0,5,5,0,5,5,8,0.256376,0.267419,0,0.3
8013,,10,1,8,9,1,8,9,8,0.26509,0.276851,6576.183454,0.208333
15989,,10,1,0,1,1,0,1,0,0,0,0,0
8015,,12,0,1,1,0,1,1,1,1,1,0,0
19460,,11,1,0,1,1,0,1,0,0,0,0,0
8018,,8,0,1,1,0,1,1,8,0.262756,0.273466,0,0
8019,,15,0,1,1,0,1,1,9,0.220178,0.227274,0,0
8021,,24,1,0,1,1,0,1,0,0,0,0,0
8022,,3,0,1,1,0,1,1,10,0.17551,0.178839,0,0
8023,,12,0,1,1,0,1,1,9,0.213606,0.219549,0,0
14749,,9,2,0,2,2,0,2,0,0,0,0,0
8029,,21,0,1,1,0,1,1,1,1,1,0,0
8034,,11,0,1,1,0,1,1,9,0.186196,0.190551,0,0
8036,,7,0,1,1,0,1,1,9,0.226164,0.233246,0,0
33102,,5,1,0,1,1,0,1,0,0,0,0,0
8043,,2,0,1,1,0,1,1,8,0.261475,0.272568,0,0
8047,,7,0,3,3,0,3,3,8,0.274051,0.285926,0,0
8049,,0,0,2,2,0,2,2,8,0.230918,0.238772,0,1
8050,,8,0,4,4,0,4,4,8,0.244961,0.254012,0,0
16716,,12,1,0,1,1,0,1,0,0,0,0,0
13603,,11,1,0,1,1,0,1,0,0,0,0,0
8056,,12,0,1,1,0,1,1,9,0.189936,0.193893,0,0
8057,,2,0,1,1,0,1,1,8,0.261475,0.272568,0,0
8058,,5,0,4,4,0,4,4,9,0.221873,0.229015,0,0.166667
8059,,6,2,5,7,2,5,7,8,0.247711,0.25727,80764.978732,0.066667
8736,,6,1,0,1,1,0,1,0,0,0,0,0
9262,,6,1,0,1,1,0,1,0,0,0,0,0
11433,,6,2,4,6,2,4,6,8,0.260687,0.272525,3566.350444,0.35
8060,,16,0,5,5,0,5,5,8,0.261981,0.273746,0,0.5
8065,,18,1,3,4,1,3,4,10,0.175594,0.179103,5505.4366,0.166667
8066,,18,2,0,2,2,0,2,0,0,0,0,0.5
8067,,11,0,1,1,0,1,1,9,0.232956,0.241234,0,0
8068,,11,0,3,3,0,3,3,9,0.190521,0.194793,0,0
19015,,11,1,0,1,1,0,1,0,0,0,0,0
8070,,1,0,1,1,0,1,1,9,0.219196,0.225231,0,0
8071,,7,0,2,2,0,2,2,9,0.233383,0.241213,0,0.5
8072,,2,0,2,2,0,2,2,8,0.262003,0.27324,0,0
8074,,5,1,0,1,1,0,1,0,0,0,0,0
8075,,8,0,1,1,0,1,1,9,0.215743,0.22189,0,0
8076,,1,0,1,1,0,1,1,9,0.188591,0.192384,0,0
8077,,1,2,1,3,2,1,3,8,0.232411,0.23963,18826,0.166667
8942,,13,1,5,6,1,5,6,8,0.235992,0.24426,1.366667,0.5
14143,,13,2,4,6,2,4,6,9,0.210648,0.216445,9.896429,0.416667
8082,,16,0,2,2,0,2,2,8,0.257554,0.268727,0,0
10857,,16,2,0,2,2,0,2,0,0,0,0,0
12540,,0,2,1,3,2,1,3,9,0.187446,0.191239,1.720229,0
8085,,6,0,1,1,0,1,1,8,0.219698,0.225869,0,0
8086,,7,0,1,1,0,1,1,9,0.223156,0.230196,0,0
19181,,11,1,5,6,1,5,6,8,0.232425,0.240838,20.399438,0.466667
8089,,11,0,1,1,0,1,1,8,0.232418,0.240737,0,0
8090,,21,0,3,3,0,3,3,8,0.240371,0.248473,0,0
12349,,21,1,0,1,1,0,1,0,0,0,0,0
8091,,2,0,3,3,0,3,3,8,0.264844,0.276476,0,0.833333
32928,,16,1,2,3,1,2,3,9,0.21783,0.224221,0,0.5
8095,,2,0,1,1,0,1,1,8,0.261475,0.272568,0,0
8097,,0,0,3,3,0,3,3,8,0.243281,0.251728,0,0
8098,,8,0,1,1,0,1,1,8,0.230757,0.238159,0,0
8099,,7,0,1,1,0,1,1,9,0.214494,0.22018,0,0
8100,,11,0,1,1,0,1,1,10,0.174914,0.178564,0,0
8103,,12,0,2,2,0,2,2,8,0.242139,0.250453,0,0
8105,,11,0,3,3,0,3,3,8,0.239947,0.249556,0,0.666667
8110,,21,0,3,3,0,3,3,8,0.262771,0.273537,0,0
8112,,11,0,3,3,0,3,3,9,0.195498,0.200199,0,0
19908,,11,1,0,1,1,0,1,0,0,0,0,0
30654,,11,1,0,1,1,0,1,0,0,0,0,0
8115,,76,0,1,1,0,1,1,1,1,1,0,0
8116,,76,1,0,1,1,0,1,0,0,0,0,0
8118,,13,0,1,1,0,1,1,9,0.190866,0.19502,0,0
8122,,11,1,3,4,1,3,4,7,0.294775,0.309416,5441.666834,0.166667
8123,,15,0,1,1,0,1,1,9,0.220297,0.227161,0,0
10121,,15,1,0,1,1,0,1,0,0,0,0,0
11114,,15,1,0,1,1,0,1,0,0,0,0,0
11995,,15,2,1,3,2,1,3,9,0.22029,0.227146,18825,0.5
13119,,15,1,0,1,1,0,1,0,0,0,0,0
12422,,15,4,1,5,4,1,5,9,0.22029,0.227146,37652,0.083333
13332,,15,4,2,6,4,2,6,9,0.220295,0.227182,44799,0.25
13693,,15,1,1,2,1,1,2,9,0.22029,0.227146,0,0
13169,,15,1,2,3,1,2,3,9,0.220295,0.227182,25975,0
13172,,15,1,1,2,1,1,2,9,0.22029,0.227146,0,0
14753,,15,1,0,1,1,0,1,0,0,0,0,0
14818,,15,1,1,2,1,1,2,9,0.22029,0.227146,0,0
14920,,15,1,1,2,1,1,2,9,0.22029,0.227146,0,0
12901,,15,2,3,5,2,3,5,9,0.220301,0.227217,25975,0.333333
17734,,15,2,2,4,2,2,4,9,0.220293,0.227173,0,1
12239,,15,2,2,4,2,2,4,9,0.220293,0.227173,0,1
13060,,15,3,2,5,3,2,5,9,0.220295,0.227182,25974,0.333333
18335,,15,1,0,1,1,0,1,0,0,0,0,0
19136,,15,1,0,1,1,0,1,0,0,0,0,0
19067,,15,1,1,2,1,1,2,9,0.22029,0.227146,0,0
13171,,15,1,1,2,1,1,2,9,0.22029,0.227146,0,0
11224,,15,1,1,2,1,1,2,9,0.22029,0.227146,0,0
21674,,15,1,0,1,1,0,1,0,0,0,0,0
19324,,15,1,2,3,1,2,3,9,0.220295,0.227182,0,1
17179,,15,1,1,2,1,1,2,10,0.180526,0.18424,0,1
26267,,15,2,3,5,2,3,5,8,0.267993,0.279056,12150.998162,0.333333
28944,,15,2,2,4,2,2,4,9,0.224887,0.231814,0,1
28339,,1,1,0,1,1,0,1,0,0,0,0,0
8126,,24,0,1,1,0,1,1,8,0.22375,0.230857,0,0
8130,,7,0,4,4,0,4,4,8,0.273732,0.28609,0,0.583333
8132,,7,1,4,5,1,4,5,8,0.26468,0.275732,37656,0.05
29346,,7,1,2,3,1,2,3,9,0.227234,0.234894,158.741789,0.166667
19368,,5,1,1,2,1,1,2,9,0.209955,0.215393,0,0
19423,,5,1,1,2,1,1,2,9,0.209955,0.215393,0,0
24761,,5,1,0,1,1,0,1,0,0,0,0,0
8136,,7,0,4,4,0,4,4,8,0.268088,0.279851,0,0.666667
9919,,16,2,2,4,2,2,4,9,0.195825,0.200608,0,1
8138,,11,0,1,1,0,1,1,8,0.234266,0.242061,0,0
8139,,9,0,2,2,0,2,2,8,0.262767,0.273506,0,0
8140,,9,0,4,4,0,4,4,9,0.218417,0.224868,0,0.083333
17180,,9,1,2,3,1,2,3,9,0.189277,0.193656,110.569557,0.166667
8142,,7,1,2,3,1,2,3,9,0.223504,0.230039,18825,0.166667
8144,,5,0,2,2,0,2,2,9,0.23712,0.245298,0,0
9485,,5,1,0,1,1,0,1,0,0,0,0,0
8147,,8,0,1,1,0,1,1,9,0.226897,0.234639,0,0
8148,,5,0,2,2,0,2,2,8,0.238946,0.247283,0,0.5
8150,,11,0,3,3,0,3,3,9,0.239076,0.247822,0,0.5
8152,,11,0,6,6,0,6,6,8,0.254608,0.265406,0,0.266667
8155,,8,0,1,1,0,1,1,8,0.262756,0.273466,0,0
9748,,8,2,1,3,2,1,3,9,0.213597,0.219437,18826,0
33809,,8,1,0,1,1,0,1,0,0,0,0,0
8158,,359,1,1,2,1,1,2,1,1,1,1,0
8159,,359,1,0,1,1,0,1,0,0,0,0,0
8162,,15,1,2,3,1,2,3,8,0.263021,0.273379,0,0.5
8166,,11,1,1,2,1,1,2,8,0.234516,0.243062,400.362152,0
8168,,11,3,7,10,3,7,10,8,0.281182,0.294171,39526.925763,0.177778
8169,,11,0,1,1,0,1,1,8,0.246659,0.25616,0,0
8170,,15,0,4,4,0,4,4,8,0.22501,0.232667,0,0.5
8171,,16,0,4,4,0,4,4,9,0.235839,0.244021,0,0.25
8176,,11,1,0,1,1,0,1,0,0,0,0,0
9137,,11,1,1,2,1,1,2,1,1,1,25976,0
9967,,11,1,0,1,1,0,1,0,0,0,0,0
15896,,11,1,2,3,1,2,3,9,0.220375,0.226544,25975,0
20457,,11,2,1,3,2,1,3,8,0.265454,0.276757,253.82221,0.166667
8177,,19,0,3,3,0,3,3,9,0.222876,0.230129,0,0.666667
8178,,8,0,2,2,0,2,2,10,0.175438,0.178525,0,0
8179,,8,1,0,1,1,0,1,0,0,0,0,0
8180,,11,0,1,1,0,1,1,9,0.218196,0.224517,0,0
8181,,0,0,2,2,0,2,2,9,0.22266,0.230177,0,1
8186,,16,0,2,2,0,2,2,8,0.242307,0.251132,0,1
8187,,7,0,1,1,0,1,1,9,0.227484,0.234423,0,0
14917,,11,1,1,2,1,1,2,9,0.20825,0.213985,0,0
15393,,11,1,1,2,1,1,2,9,0.20825,0.213985,0,0
31549,,11,1,1,2,1,1,2,9,0.20825,0.213985,0,0
32528,,11,1,0,1,1,0,1,0,0,0,0,0
8192,,16,0,2,2,0,2,2,9,0.187179,0.190871,0,0.5
9982,,16,5,3,8,5,3,8,8,0.230268,0.237219,84137.738907,0.071429
8195,,11,0,2,2,0,2,2,8,0.246666,0.256196,0,1
23841,,16,2,0,2,2,0,2,0,0,0,0,0
8198,,8,1,2,3,1,2,3,9,0.22188,0.229116,3.433796,0.166667
8200,,8,0,2,2,0,2,2,7,0.296797,0.311587,0,1
8201,,10,0,1,1,0,1,1,8,0.233638,0.242002,0,0
8204,,16,0,1,1,0,1,1,8,0.231378,0.23929,0,0
8205,,7,0,5,5,0,5,5,8,0.247707,0.257063,0,0.1
9797,,7,2,1,3,2,1,3,10,0.184942,0.18873,25974.093478,0
8207,,2,0,2,2,0,2,2,8,0.261504,0.272643,0,0
11941,,10,1,2,3,1,2,3,9,0.231317,0.23944,138.31415,0
28414,,8,1,0,1,1,0,1,0,0,0,0,0
8216,,6,0,1,1,0,1,1,1,1,1,0,0
8218,,11,0,1,1,0,1,1,8,0.251382,0.261452,0,0
8219,,1,0,3,3,0,3,3,8,0.256279,0.266566,0,0.333333
8221,,10,0,4,4,0,4,4,8,0.244389,0.253376,0,0.166667
10154,,15,1,0,1,1,0,1,0,0,0,0,0
34335,,0,1,0,1,1,0,1,0,0,0,0,0
8227,,5,0,1,1,0,1,1,9,0.235167,0.243063,0,0
19935,,8,1,0,1,1,0,1,0,0,0,0,0
28049,,8,1,0,1,1,0,1,0,0,0,0,0
8235,,5,0,6,6,0,6,6,8,0.265209,0.276468,0,0.266667
9267,,5,1,1,2,1,1,2,9,0.196147,0.200643,1,0
8236,,11,0,1,1,0,1,1,9,0.228697,0.235899,0,0
26474,,8,1,2,3,1,2,3,8,0.24444,0.25304,24.215782,0.666667
15601,,11,1,3,4,1,3,4,9,0.237175,0.246294,205.015684,0
8241,,8,0,1,1,0,1,1,9,0.188298,0.192636,0,0
8243,,15,0,1,1,0,1,1,10,0.179156,0.182314,0,0
22632,,15,1,2,3,1,2,3,8,0.265548,0.276901,731.908319,0.333333
13529,,15,1,5,6,1,5,6,8,0.252573,0.263215,427.312324,0.15
28357,,7,1,0,1,1,0,1,0,0,0,0,0
12113,,10,1,1,2,1,1,2,9,0.206916,0.212456,0,0
14164,,10,1,1,2,1,1,2,9,0.206916,0.212456,0,0
22915,,10,1,1,2,1,1,2,9,0.206916,0.212456,0,0
18448,,0,1,0,1,1,0,1,0,0,0,0,0
29013,,16,1,0,1,1,0,1,0,0,0,0,0
15703,,12,2,3,5,2,3,5,9,0.210902,0.216414,18825,0.25
17459,,12,3,0,3,3,0,3,0,0,0,0,0.333333
33854,,12,1,0,1,1,0,1,0,0,0,0,0
8258,,0,0,2,2,0,2,2,8,0.238235,0.246397,0,1
8259,,8,0,1,1,0,1,1,9,0.18424,0.188106,0,0
8260,,8,1,1,2,1,1,2,8,0.225838,0.233103,18827,0
28020,,16,2,0,2,2,0,2,0,0,0,0,0
8270,,16,1,0,1,1,0,1,0,0,0,0,0
8274,,16,1,0,1,1,0,1,0,0,0,0,0
8278,,16,1,2,3,1,2,3,9,0.208598,0.213944,4.896656,0.166667
9014,,16,1,0,1,1,0,1,0,0,0,0,0
9015,,16,1,0,1,1,0,1,0,0,0,0,0
10935,,16,1,0,1,1,0,1,0,0,0,0,0
12647,,16,1,1,2,1,1,2,9,0.20675,0.212122,0,0
15738,,16,1,0,1,1,0,1,0,0,0,0,0
19170,,16,1,0,1,1,0,1,0,0,0,0,0
32507,,16,1,0,1,1,0,1,0,0,0,0,0
16108,,3,12,13,25,12,13,25,10,0.173382,0.176974,306288.499592,0.109524
21587,,3,8,7,15,8,7,15,11,0.147796,0.150141,289412.8902,0.044872
22448,,3,4,3,7,4,3,7,11,0.15248,0.15494,18834.182258,0.3
31097,,3,2,0,2,2,0,2,0,0,0,0,0
24328,,3,5,3,8,5,3,8,11,0.147774,0.149952,29381.887762,0.160714
35657,,3,1,0,1,1,0,1,0,0,0,0,0
31561,,8,1,0,1,1,0,1,0,0,0,0,0
8268,,16,1,2,3,1,2,3,8,0.253051,0.263061,0,0.5
8269,,16,0,1,1,0,1,1,8,0.257544,0.268689,0,0
8271,,1,0,1,1,0,1,1,10,0.190625,0.19526,0,0
8272,,0,0,2,2,0,2,2,9,0.224797,0.232451,0,1
8273,,11,0,1,1,0,1,1,9,0.225957,0.2335,0,0
8276,,8,0,1,1,0,1,1,8,0.262756,0.273466,0,0
8279,,7,0,2,2,0,2,2,8,0.272452,0.284046,0,0
8285,,11,0,1,1,0,1,1,11,0.144807,0.146536,0,0
8286,,10,0,1,1,0,1,1,11,0.153491,0.155642,0,0
8287,,9,0,1,1,0,1,1,9,0.204877,0.209719,0,0
30570,,9,2,0,2,2,0,2,0,0,0,0,0
8290,,7,0,1,1,0,1,1,8,0.263278,0.27399,0,0
8293,,8,0,1,1,0,1,1,9,0.218863,0.225419,0,0
8297,,16,0,1,1,0,1,1,9,0.234736,0.243231,0,0
16623,,11,1,0,1,1,0,1,0,0,0,0,0
11187,,24,3,2,5,3,2,5,8,0.26212,0.273297,4075.819125,0.15
8306,,10,0,3,3,0,3,3,9,0.223553,0.230349,0,0.166667
8309,,7,0,2,2,0,2,2,9,0.23316,0.240893,0,1
8310,,8,0,4,4,0,4,4,9,0.235526,0.244925,0,0
8311,,15,0,1,1,0,1,1,8,0.224983,0.23254,0,0
8312,,0,0,1,1,0,1,1,9,0.19166,0.19573,0,0
8314,,12,0,3,3,0,3,3,8,0.23445,0.242078,0,0.5
8315,,12,1,1,2,1,1,2,8,0.234438,0.242011,0,0.5
8316,,11,0,2,2,0,2,2,9,0.217254,0.223824,0,0
10359,,11,1,1,2,1,1,2,1,1,1,1,0
9821,,8,1,1,2,1,1,2,9,0.221402,0.228253,0,1
18006,,12,1,0,1,1,0,1,0,0,0,0,0
8321,,12,0,1,1,0,1,1,9,0.195014,0.200132,0,0
8323,,15,0,1,1,0,1,1,9,0.219926,0.226711,0,0
10298,,10,1,3,4,1,3,4,9,0.209457,0.215567,0,0.5
20243,,10,1,0,1,1,0,1,0,0,0,0,0
24105,,10,1,0,1,1,0,1,0,0,0,0,0
8330,,18,0,1,1,0,1,1,9,0.21286,0.218905,0,0
8332,,18,0,1,1,0,1,1,9,0.21286,0.218905,0,0
8334,,11,0,1,1,0,1,1,9,0.231783,0.240091,0,0
8340,,19,0,1,1,0,1,1,9,0.208019,0.213884,0,0
27423,,10,1,1,2,1,1,2,9,0.225591,0.232932,80.543166,0
8348,,11,0,1,1,0,1,1,9,0.217729,0.224141,0,0
8352,,7,0,2,2,0,2,2,8,0.225785,0.232654,0,0
8353,,7,1,0,1,1,0,1,0,0,0,0,0
8354,,12,0,1,1,0,1,1,2,0.666667,0.75,0,0
9941,,8,1,2,3,1,2,3,8,0.264626,0.276211,134.128793,0.333333
15607,,8,1,0,1,1,0,1,0,0,0,0,0
17463,,10,2,0,2,2,0,2,0,0,0,0,0
8783,,16,3,1,4,3,1,4,8,0.235749,0.244202,3077.020104,0.25
19037,,8,1,0,1,1,0,1,0,0,0,0,0
19219,,8,1,0,1,1,0,1,0,0,0,0,0
20264,,8,1,0,1,1,0,1,0,0,0,0,0
22350,,8,1,0,1,1,0,1,0,0,0,0,0
33787,,8,2,0,2,2,0,2,0,0,0,0,0
8357,,10,0,1,1,0,1,1,9,0.229752,0.236924,0,0
8358,,10,0,1,1,0,1,1,9,0.229752,0.236924,0,0
8359,,5,0,1,1,0,1,1,1,1,1,0,0
8362,,15,0,2,2,0,2,2,8,0.235674,0.243136,0,0
20589,,15,1,0,1,1,0,1,0,0,0,0,0
8363,,11,0,1,1,0,1,1,8,0.251382,0.261452,0,0
12586,,7,1,0,1,1,0,1,0,0,0,0,0
22808,,7,1,0,1,1,0,1,0,0,0,0,0
8369,,8,0,1,1,0,1,1,8,0.24587,0.25403,0,0
8372,,8,1,5,6,1,5,6,8,0.266597,0.278196,26591.568773,0.1
8375,,6,0,1,1,0,1,1,9,0.202563,0.207588,0,0
8377,,18,1,3,4,1,3,4,9,0.212877,0.219,38959,0.333333
8780,,18,1,1,2,1,1,2,9,0.212855,0.218899,0,1
8781,,18,2,6,8,2,6,8,9,0.212894,0.219111,44469.226643,0.160714
9203,,18,1,0,1,1,0,1,0,0,0,0,0
16729,,21,1,0,1,1,0,1,0,0,0,0,0
8379,,8,0,1,1,0,1,1,8,0.23625,0.244472,0,0
8380,,11,0,1,1,0,1,1,9,0.218196,0.224517,0,0
8381,,7,0,1,1,0,1,1,9,0.215636,0.22161,0,0
11920,,7,1,1,2,1,1,2,1,1,1,0,0.5
8383,,0,0,1,1,0,1,1,9,0.191664,0.195747,0,0
8389,,12,0,1,1,0,1,1,9,0.190154,0.194142,0,0
8390,,16,0,5,5,0,5,5,8,0.249467,0.259035,0,0
8391,,8,0,1,1,0,1,1,9,0.222889,0.229835,0,0
8392,,8,0,1,1,0,1,1,10,0.182409,0.186162,0,0
8395,,7,0,1,1,0,1,1,9,0.207609,0.212853,0,0
8396,,11,0,1,1,0,1,1,8,0.246114,0.255055,0,0
8397,,16,0,1,1,0,1,1,8,0.257544,0.268689,0,0
17616,,0,1,1,2,1,1,2,10,0.161728,0.164253,25974,0.5
18666,,0,1,0,1,1,0,1,0,0,0,0,0
13596,,0,2,2,4,2,2,4,9,0.192929,0.197269,44799,0
20489,,7,3,1,4,3,1,4,9,0.218037,0.224799,19489.724157,0.083333
35181,,0,1,0,1,1,0,1,0,0,0,0,0
8401,,7,0,2,2,0,2,2,8,0.265472,0.276811,0,0.5
19823,,11,1,3,4,1,3,4,8,0.236641,0.24535,0,1
20991,,11,1,0,1,1,0,1,0,0,0,0,0
21170,,11,1,0,1,1,0,1,0,0,0,0,0
22383,,11,1,0,1,1,0,1,0,0,0,0,0
22868,,11,1,1,2,1,1,2,9,0.206822,0.212249,0,0
33208,,11,1,2,3,1,2,3,9,0.207282,0.212771,0,1
8404,,24,0,1,1,0,1,1,9,0.21389,0.220139,0,0
33427,,8,1,1,2,1,1,2,8,0.223972,0.231197,145.991229,0
8408,,12,0,1,1,0,1,1,8,0.236841,0.24458,0,0
8409,,11,0,1,1,0,1,1,8,0.251382,0.261452,0,0
14822,,24,2,1,3,2,1,3,9,0.20808,0.213618,298.63442,0
31668,,24,1,2,3,1,2,3,9,0.207932,0.21343,25974.6,0.166667
25931,,24,1,2,3,1,2,3,9,0.213735,0.22001,19.631225,0.166667
8414,,7,0,1,1,0,1,1,9,0.193032,0.196903,0,0
8418,,77,0,1,1,0,1,1,1,1,1,0,0
8419,,77,1,0,1,1,0,1,0,0,0,0,0
8424,,7,0,2,2,0,2,2,9,0.212749,0.218765,0,0
8425,,11,0,1,1,0,1,1,8,0.225241,0.232016,0,0
8427,,8,0,2,2,0,2,2,9,0.229019,0.236525,0,0
8429,,2,0,2,2,0,2,2,8,0.263296,0.274723,0,0.5
8431,,11,0,1,1,0,1,1,10,0.177494,0.181046,0,0
8432,,11,0,1,1,0,1,1,10,0.177494,0.181046,0,0
8433,,16,0,1,1,0,1,1,2,0.6,0.666667,0,0
8434,,1,0,1,1,0,1,1,9,0.217487,0.223937,0,0
17769,,11,1,0,1,1,0,1,0,0,0,0,0
8436,,8,0,1,1,0,1,1,8,0.263621,0.273995,0,0
8440,,5,1,0,1,1,0,1,0,0,0,0,0
8811,,5,1,1,2,1,1,2,10,0.179795,0.183093,30.592894,0
9170,,5,1,0,1,1,0,1,0,0,0,0,0
11087,,5,1,0,1,1,0,1,0,0,0,0,0
14971,,11,1,2,3,1,2,3,8,0.262212,0.272635,3522.627826,0.166667
15132,,5,1,1,2,1,1,2,8,0.230242,0.237133,0,0
15030,,5,2,2,4,2,2,4,8,0.232403,0.239488,2348.92035,0.166667
23373,,5,1,0,1,1,0,1,0,0,0,0,0
24227,,5,1,1,2,1,1,2,8,0.230242,0.237133,0,0
28666,,5,1,0,1,1,0,1,0,0,0,0,0
32705,,5,1,0,1,1,0,1,0,0,0,0,0
30650,,5,1,1,2,1,1,2,10,0.17342,0.176686,311.263608,0
8443,,7,0,1,1,0,1,1,10,0.166256,0.168972,0,0
8445,,2,0,2,2,0,2,2,8,0.262357,0.273572,0,0
8448,,237,0,1,1,0,1,1,9,0.189055,0.193414,0,0
11502,,0,1,0,1,1,0,1,0,0,0,0,0
8454,,11,0,1,1,0,1,1,8,0.246114,0.255055,0,0
8455,,15,0,1,1,0,1,1,9,0.220297,0.227161,0,0
8456,,12,0,3,3,0,3,3,9,0.196456,0.202065,0,0
8461,,8,0,6,6,0,6,6,8,0.265873,0.277247,0,0.5
8464,,8,0,1,1,0,1,1,9,0.199921,0.204514,0,0
8466,,21,1,4,5,1,4,5,7,0.297757,0.312803,34833.090525,0.2
8467,,21,1,0,1,1,0,1,0,0,0,0,0
8468,,8,0,1,1,0,1,1,9,0.230193,0.238549,0,0
8469,,1,1,1,2,1,1,2,9,0.208091,0.213257,1,0
8472,,78,0,1,1,0,1,1,1,1,1,0,0
8473,,78,1,0,1,1,0,1,0,0,0,0,0
8476,,10,0,1,1,0,1,1,9,0.204919,0.209983,0,0
8478,,11,0,1,1,0,1,1,1,1,1,0,0
8479,,15,0,1,1,0,1,1,8,0.23999,0.247696,0,0
8480,,5,0,1,1,0,1,1,9,0.216644,0.223009,0,0
8481,,16,0,5,5,0,5,5,10,0.17306,0.176392,0,0
12409,,16,1,0,1,1,0,1,0,0,0,0,0
19383,,16,3,2,5,3,2,5,9,0.209219,0.214914,56481,0
20757,,16,1,0,1,1,0,1,0,0,0,0,0
35564,,16,1,0,1,1,0,1,0,0,0,0,0
8485,,79,0,1,1,0,1,1,1,1,1,0,0
8486,,79,1,0,1,1,0,1,0,0,0,0,0
8490,,6,4,7,11,4,7,11,9,0.24021,0.249076,65961.674484,0.25
18462,,6,2,8,10,2,8,10,9,0.219157,0.226053,39325.809277,0.232143
22396,,6,6,5,11,6,5,11,8,0.275274,0.288368,38401.23366,0.291667
30170,,6,3,0,3,3,0,3,0,0,0,0,0
31548,,6,2,6,8,2,6,8,9,0.242378,0.25118,594.426235,0.452381
34700,,6,1,1,2,1,1,2,9,0.202694,0.207578,0,1
8492,,7,0,1,1,0,1,1,8,0.265449,0.276753,0,0
8493,,15,1,5,6,1,5,6,8,0.247061,0.256529,3742.223964,0.3
16286,,15,1,1,2,1,1,2,9,0.189936,0.194248,2,0
8496,,18,0,1,1,0,1,1,9,0.21286,0.218905,0,0
8497,,16,0,3,3,0,3,3,8,0.226376,0.233971,0,0.666667
8499,,21,1,1,2,1,1,2,1,1,1,1,0
8500,,21,2,0,2,2,0,2,0,0,0,0,0
12033,,5,1,0,1,1,0,1,0,0,0,0,0
14947,,5,2,1,3,2,1,3,9,0.201511,0.20594,16.71882,0
8504,,7,0,1,1,0,1,1,8,0.248325,0.257194,0,0
8506,,8,0,2,2,0,2,2,8,0.262885,0.273688,0,0
8507,,11,0,1,1,0,1,1,8,0.244433,0.254493,0,0
8508,,7,0,2,2,0,2,2,8,0.249645,0.258649,0,1
8509,,11,0,1,1,0,1,1,8,0.251382,0.261452,0,0
8512,,16,0,2,2,0,2,2,10,0.172473,0.175734,0,0.5
8729,,16,1,2,3,1,2,3,10,0.172467,0.175717,1,0.166667
8514,,16,0,6,6,0,6,6,9,0.235444,0.244207,0,0.433333
8816,,16,1,2,3,1,2,3,9,0.203335,0.20858,0,0.5
8515,,16,0,2,2,0,2,2,9,0.235176,0.243717,0,1
8516,,8,0,1,1,0,1,1,9,0.204426,0.209527,0,0
8517,,12,2,5,7,2,5,7,9,0.191551,0.195653,2065.998333,0.533333
8518,,12,3,7,10,3,7,10,9,0.191555,0.195706,41028.898333,0.25
9120,,12,28,18,46,28,18,46,9,0.208779,0.214611,1089952.26512,0.053977
9222,,12,14,4,18,14,4,18,9,0.191551,0.195622,45682.863756,0.202206
9221,,12,7,4,11,7,4,11,10,0.172736,0.175974,44799.25,0.333333
8532,,12,1,0,1,1,0,1,0,0,0,0,0
10405,,12,14,4,18,14,4,18,10,0.172725,0.175935,24.5,0.225
14991,,12,2,0,2,2,0,2,0,0,0,0,0
8520,,10,0,1,1,0,1,1,8,0.233638,0.242002,0,0
8527,,10,0,1,1,0,1,1,1,1,1,0,0
8528,,12,0,1,1,0,1,1,8,0.236841,0.24458,0,0
8529,,21,0,1,1,0,1,1,1,1,1,0,0
8530,,11,0,1,1,0,1,1,9,0.230024,0.237286,0,0
8531,,237,0,1,1,0,1,1,9,0.189055,0.193414,0,0
8533,,21,0,1,1,0,1,1,10,0.181768,0.185669,0,0
8536,,7,1,1,2,1,1,2,9,0.200657,0.205452,219.300982,0
8538,,12,0,1,1,0,1,1,9,0.211784,0.217425,0,0
8541,,11,0,1,1,0,1,1,9,0.224355,0.231354,0,0
8543,,16,0,4,4,0,4,4,9,0.235426,0.244122,0,0.666667
8544,,11,1,1,2,1,1,2,1,1,1,0,0
8546,,15,0,1,1,0,1,1,8,0.23999,0.247696,0,0
8548,,7,0,1,1,0,1,1,8,0.239368,0.247149,0,0
18736,,10,1,3,4,1,3,4,9,0.222659,0.230197,35.388081,0
8552,,8,0,1,1,0,1,1,8,0.233287,0.240487,0,0
8554,,11,0,1,1,0,1,1,9,0.207707,0.213381,0,0
10172,,16,1,0,1,1,0,1,0,0,0,0,0
15306,,16,1,0,1,1,0,1,0,0,0,0,0
17792,,16,1,0,1,1,0,1,0,0,0,0,0
23455,,16,2,0,2,2,0,2,0,0,0,0,1
8558,,0,1,1,2,1,1,2,8,0.236244,0.243783,18827,0
8561,,15,0,2,2,0,2,2,10,0.180356,0.18412,0,0
8562,,11,0,3,3,0,3,3,8,0.246098,0.255846,0,0
31900,,16,1,1,2,1,1,2,9,0.226106,0.233167,0,0
8569,,16,0,1,1,0,1,1,1,1,1,0,0
18002,,7,1,0,1,1,0,1,0,0,0,0,0
15925,,8,2,3,5,2,3,5,8,0.263415,0.274204,2.287321,0.583333
24266,,10,1,0,1,1,0,1,0,0,0,0,0
13222,,11,1,0,1,1,0,1,0,0,0,0,0
26917,,10,1,1,2,1,1,2,9,0.227598,0.235178,19.368984,0
8581,,13,0,1,1,0,1,1,9,0.195066,0.199384,0,0
8582,,11,1,4,5,1,4,5,8,0.238286,0.246508,53034.532295,0
24029,,11,1,0,1,1,0,1,0,0,0,0,0
35435,,11,1,0,1,1,0,1,0,0,0,0,0
8583,,8,0,1,1,0,1,1,8,0.262756,0.273466,0,0
8586,,6,0,1,1,0,1,1,8,0.247395,0.256736,0,0
8590,,15,0,2,2,0,2,2,8,0.247395,0.256111,0,0.5
18923,,7,1,0,1,1,0,1,0,0,0,0,0
18751,,7,1,1,2,1,1,2,9,0.200066,0.204368,0,0.5
18781,,7,1,0,1,1,0,1,0,0,0,0,0
18872,,7,1,2,3,1,2,3,9,0.223319,0.230667,0.66602,0.166667
9062,,15,1,1,2,1,1,2,10,0.179157,0.182315,0,0.5
19357,,7,1,0,1,1,0,1,0,0,0,0,0
19431,,7,2,0,2,2,0,2,0,0,0,0,0.5
20581,,7,1,0,1,1,0,1,0,0,0,0,0
20834,,7,1,0,1,1,0,1,0,0,0,0,0
21538,,7,1,2,3,1,2,3,8,0.255406,0.26568,82.265938,0.166667
22223,,7,1,0,1,1,0,1,0,0,0,0,0
22512,,9,1,1,2,1,1,2,1,1,1,677.280058,0
23919,,7,1,0,1,1,0,1,0,0,0,0,0
24894,,7,1,0,1,1,0,1,0,0,0,0,0
24958,,7,1,0,1,1,0,1,0,0,0,0,0
25144,,7,1,0,1,1,0,1,0,0,0,0,0
25145,,7,1,0,1,1,0,1,0,0,0,0,0
22493,,8,1,1,2,1,1,2,8,0.236252,0.244475,8.818079,0
26575,,7,1,0,1,1,0,1,0,0,0,0,0
27036,,7,1,0,1,1,0,1,0,0,0,0,0
9383,,7,1,10,11,1,10,11,8,0.259751,0.270731,55.536468,0.081818
27545,,7,1,0,1,1,0,1,0,0,0,0,0
27728,,7,1,1,2,1,1,2,9,0.228476,0.235727,0,0.5
24469,,9,1,3,4,1,3,4,8,0.263533,0.27445,1.190379,0.166667
27489,,7,4,2,6,4,2,6,12,0.126133,0.127434,37657.909161,0.1
28910,,7,1,1,2,1,1,2,8,0.242475,0.251061,0,0.5
29423,,7,1,0,1,1,0,1,0,0,0,0,0
29449,,7,2,0,2,2,0,2,0,0,0,0,0.5
30751,,7,1,0,1,1,0,1,0,0,0,0,0
31454,,7,1,1,2,1,1,2,1,1,1,372.799528,0
33595,,7,1,0,1,1,0,1,0,0,0,0,0
33377,,9,1,2,3,1,2,3,10,0.17751,0.180803,31.267308,0.166667
8596,,10,0,2,2,0,2,2,10,0.196311,0.201102,0,0
8599,,7,1,2,3,1,2,3,8,0.261631,0.272806,996.803279,0.333333
10471,,10,2,0,2,2,0,2,0,0,0,0,0
8603,,21,0,1,1,0,1,1,1,1,1,0,0
8609,,8,0,2,2,0,2,2,8,0.233545,0.241612,0,0.5
8610,,0,0,2,2,0,2,2,9,0.224797,0.232451,0,1
8611,,11,0,7,7,0,7,7,8,0.242704,0.251545,0,0
8615,,10,0,1,1,0,1,1,8,0.222153,0.229249,0,0
8616,,11,0,1,1,0,1,1,9,0.216318,0.222799,0,0
8617,,0,0,1,1,0,1,1,8,0.230717,0.238683,0,0
8619,,0,0,1,1,0,1,1,8,0.230717,0.238683,0,0
8621,,7,0,1,1,0,1,1,9,0.226164,0.233246,0,0
8622,,15,0,1,1,0,1,1,10,0.179156,0.182314,0,0
8625,,10,0,11,11,0,11,11,8,0.262635,0.27402,0,0.081818
8627,,0,0,1,1,0,1,1,9,0.187829,0.192073,0,0
8630,,1,0,3,3,0,3,3,9,0.220413,0.22762,0,0
8633,,7,0,1,1,0,1,1,8,0.254062,0.263563,0,0
8635,,11,0,2,2,0,2,2,9,0.233774,0.241057,0,1
8636,,11,0,2,2,0,2,2,8,0.247174,0.256728,0,0
8637,,18,0,1,1,0,1,1,9,0.21286,0.218905,0,0
21141,,8,1,2,3,1,2,3,8,0.243375,0.251303,4.185462,0.166667
8643,,15,0,1,1,0,1,1,8,0.220725,0.227864,0,0
8645,,7,0,1,1,0,1,1,8,0.24045,0.247995,0,0
8647,,7,0,1,1,0,1,1,9,0.21002,0.215689,0,0
8648,,6,0,1,1,0,1,1,9,0.217915,0.224606,0,0
34517,,8,2,1,3,2,1,3,8,0.230753,0.238153,518.108373,0.333333
8654,,11,0,1,1,0,1,1,9,0.228697,0.235899,0,0
8655,,16,0,1,1,0,1,1,8,0.257544,0.268689,0,0
8658,,0,0,1,1,0,1,1,8,0.238232,0.246371,0,0
8660,,10,0,1,1,0,1,1,8,0.232564,0.240768,0,0
8661,,8,0,1,1,0,1,1,1,1,1,0,0
8662,,11,0,1,1,0,1,1,9,0.195481,0.200114,0,0
8665,,15,0,2,2,0,2,2,1,1,1,0,0
16174,,15,1,0,1,1,0,1,0,0,0,0,0
8667,,8,0,1,1,0,1,1,8,0.262756,0.273466,0,0
8670,,8,0,4,4,0,4,4,8,0.231905,0.239829,0,0
8671,,11,1,1,2,1,1,2,1,1,1,0,0.5
8672,,11,2,0,2,2,0,2,0,0,0,0,0.5
16017,,8,1,3,4,1,3,4,9,0.216637,0.222761,51990.209958,0
29950,,5,1,0,1,1,0,1,0,0,0,0,0
8675,,8,0,2,2,0,2,2,9,0.204144,0.20965,0,0
8676,,0,0,1,1,0,1,1,9,0.212759,0.218522,0,0
8681,,11,0,2,2,0,2,2,9,0.220802,0.227745,0,0
8682,,11,1,1,2,1,1,2,9,0.223331,0.229923,332.121162,0
8685,,16,0,1,1,0,1,1,9,0.227396,0.235291,0,0
8686,,0,0,2,2,0,2,2,8,0.231145,0.239364,0,1
18402,,10,1,0,1,1,0,1,0,0,0,0,0
8690,,7,0,1,1,0,1,1,8,0.254062,0.263563,0,0
8692,,11,0,1,1,0,1,1,8,0.230667,0.237711,0,0
8719,,0,1,4,5,1,4,5,9,0.210622,0.216542,25984.415311,0.083333
16137,,318,3,0,3,3,0,3,0,0,0,0,0
8700,,8,1,3,4,1,3,4,8,0.246191,0.254438,5.775603,0.083333
15964,,15,1,0,1,1,0,1,0,0,0,0,0
8705,,8,0,1,1,0,1,1,10,0.179867,0.183178,0,0
8712,,0,0,1,1,0,1,1,9,0.208593,0.214177,0,0
8713,,7,0,1,1,0,1,1,9,0.220501,0.227103,0,0
14080,,8,1,2,3,1,2,3,8,0.247064,0.256767,0,1
8715,,1,0,1,1,0,1,1,1,1,1,0,0
8717,,11,0,1,1,0,1,1,8,0.240389,0.248209,0,0
26493,,0,1,0,1,1,0,1,0,0,0,0,0
27346,,7,1,0,1,1,0,1,0,0,0,0,0
8722,,0,0,1,1,0,1,1,8,0.22747,0.234557,0,0
8723,,16,0,1,1,0,1,1,9,0.210266,0.215721,0,0
8728,,11,1,2,3,1,2,3,8,0.232365,0.238903,92.192045,0.166667
22322,,24,1,2,3,1,2,3,8,0.225734,0.233166,227.429426,0
8730,,16,1,0,1,1,0,1,0,0,0,0,0
33127,,5,1,0,1,1,0,1,0,0,0,0,0
8733,,16,0,1,1,0,1,1,10,0.190114,0.194496,0,0
8737,,0,0,1,1,0,1,1,9,0.205609,0.210924,0,0
8741,,8,0,1,1,0,1,1,8,0.24685,0.256506,0,0
8747,,80,0,1,1,0,1,1,1,1,1,0,0
8748,,80,1,0,1,1,0,1,0,0,0,0,0
22169,,2,1,0,1,1,0,1,0,0,0,0,0
8751,,11,1,1,2,1,1,2,9,0.199185,0.203981,12.96492,0
24701,,11,1,0,1,1,0,1,0,0,0,0,0
8757,,10,0,2,2,0,2,2,8,0.249715,0.260661,0,1
8759,,0,0,1,1,0,1,1,9,0.208593,0.214177,0,0
11095,,2,1,0,1,1,0,1,0,0,0,0,0
17890,,2,1,0,1,1,0,1,0,0,0,0,0
8763,,8,0,2,2,0,2,2,8,0.264205,0.275138,0,1
8764,,7,0,1,1,0,1,1,9,0.226406,0.233591,0,0
12391,,13,1,0,1,1,0,1,0,0,0,0,0
12309,,13,2,2,4,2,2,4,9,0.190879,0.195086,44799,0
8768,,5,0,1,1,0,1,1,8,0.248302,0.257867,0,0
8771,,8,0,1,1,0,1,1,9,0.207627,0.213,0,0
31231,,8,1,1,2,1,1,2,9,0.213954,0.22035,0,0
32147,,8,1,1,2,1,1,2,1,1,1,22.417937,0
23933,,8,3,0,3,3,0,3,0,0,0,0,0.166667
8776,,12,0,1,1,0,1,1,9,0.213606,0.219549,0,0
8777,,12,0,1,1,0,1,1,9,0.195014,0.200132,0,0
8782,,15,0,1,1,0,1,1,10,0.196307,0.201066,0,0
8785,,8,0,1,1,0,1,1,8,0.231137,0.237861,0,0
22116,,8,1,0,1,1,0,1,0,0,0,0,0
8788,,7,0,5,5,0,5,5,8,0.230948,0.238749,0,0.1
8789,,7,1,0,1,1,0,1,0,0,0,0,0
8790,,24,0,4,4,0,4,4,7,0.297782,0.312679,0,0.416667
8794,,7,0,1,1,0,1,1,9,0.207902,0.213248,0,0
8796,,10,0,1,1,0,1,1,10,0.173217,0.176348,0,0
26351,,10,1,0,1,1,0,1,0,0,0,0,0
25643,,1,1,1,2,1,1,2,10,0.187415,0.191572,0,0
8802,,6,0,1,1,0,1,1,9,0.222258,0.229364,0,0
8803,,6,0,1,1,0,1,1,9,0.217915,0.224606,0,0
8804,,8,0,8,8,0,8,8,8,0.276262,0.28934,0,0.517857
8805,,10,0,2,2,0,2,2,9,0.227996,0.235575,0,1
8806,,5,0,1,1,0,1,1,8,0.248302,0.257867,0,0
8808,,5,0,1,1,0,1,1,8,0.23532,0.242676,0,0
8810,,11,0,1,1,0,1,1,8,0.239859,0.247713,0,0
8817,,16,0,2,2,0,2,2,9,0.203335,0.20858,0,0.5
9162,,16,1,1,2,1,1,2,9,0.234735,0.24323,0,0.5
22674,,8,1,1,2,1,1,2,8,0.248761,0.257751,22.430368,0
8822,,10,0,1,1,0,1,1,9,0.225592,0.232933,0,0
12575,,0,2,6,8,2,6,8,8,0.242247,0.250665,52966.533044,0.071429
8824,,10,0,3,3,0,3,3,8,0.234751,0.243168,0,0.333333
8825,,10,1,0,1,1,0,1,0,0,0,0,0
8827,,7,0,3,3,0,3,3,9,0.238389,0.246454,0,0.166667
8837,,7,0,1,1,0,1,1,9,0.226164,0.233246,0,0
8838,,1,0,2,2,0,2,2,8,0.235771,0.243964,0,0
8839,,1,0,2,2,0,2,2,8,0.233632,0.241466,0,0.5
29448,,5,1,0,1,1,0,1,0,0,0,0,0
10381,,7,1,2,3,1,2,3,8,0.250043,0.25993,4.513568,0.5
8848,,10,0,2,2,0,2,2,8,0.249038,0.257854,0,0
8850,,11,0,1,1,0,1,1,9,0.222702,0.229324,0,0
8852,,7,0,1,1,0,1,1,8,0.265449,0.276753,0,0
8856,,81,0,1,1,0,1,1,1,1,1,0,0
8857,,81,1,0,1,1,0,1,0,0,0,0,0
8858,,8,0,1,1,0,1,1,9,0.19212,0.196187,0,0
8859,,8,1,4,5,1,4,5,8,0.237796,0.245671,18827,0.1
34696,,8,1,0,1,1,0,1,0,0,0,0,0
8864,,0,0,1,1,0,1,1,9,0.197329,0.20201,0,0
8866,,0,0,1,1,0,1,1,9,0.197329,0.20201,0,0
11260,,12,3,3,6,3,3,6,8,0.235761,0.243129,64746.01068,0.2
22911,,12,1,0,1,1,0,1,0,0,0,0,0
27805,,12,1,0,1,1,0,1,0,0,0,0,0
28404,,12,1,0,1,1,0,1,0,0,0,0,0
8869,,6,0,1,1,0,1,1,8,0.25615,0.266929,0,0
8870,,9,0,1,1,0,1,1,9,0.206138,0.211377,0,0
8871,,8,0,2,2,0,2,2,9,0.224264,0.230484,0,0
8876,,15,0,1,1,0,1,1,10,0.180535,0.184256,0,0
8877,,15,1,1,2,1,1,2,9,0.220297,0.227161,18827,0
8878,,7,0,2,2,0,2,2,9,0.214795,0.220987,0,0.5
8880,,7,0,1,1,0,1,1,9,0.214494,0.22018,0,0
8882,,8,0,5,5,0,5,5,8,0.237856,0.246651,0,0
13328,,8,1,0,1,1,0,1,0,0,0,0,0
8889,,8,0,1,1,0,1,1,9,0.229833,0.237605,0,0
8890,,11,0,1,1,0,1,1,8,0.246659,0.25616,0,0
8896,,11,0,1,1,0,1,1,8,0.234266,0.242061,0,0
8897,,2,0,1,1,0,1,1,8,0.261475,0.272568,0,0
8899,,12,0,1,1,0,1,1,8,0.235576,0.242737,0,0
13750,,0,5,0,5,5,0,5,0,0,0,0,0
8903,,0,0,1,1,0,1,1,9,0.224787,0.232402,0,0
8906,,11,0,4,4,0,4,4,8,0.252156,0.262364,0,0.666667
8908,,15,0,2,2,0,2,2,8,0.262771,0.273519,0,0.5
8909,,1,0,2,2,0,2,2,8,0.229463,0.236997,0,1
8910,,17,0,5,5,0,5,5,11,0.143516,0.145802,0,0.3
8911,,7,0,1,1,0,1,1,8,0.272188,0.283721,0,0
8915,,8,0,1,1,0,1,1,8,0.262756,0.273466,0,0
8917,,24,0,2,2,0,2,2,9,0.218342,0.225175,0,1
9977,,7,1,1,2,1,1,2,8,0.228846,0.235463,0,0
8926,,16,0,2,2,0,2,2,9,0.200712,0.205583,0,0
10987,,15,3,2,5,3,2,5,9,0.183736,0.18781,26076.661412,0.05
8929,,17,0,2,2,0,2,2,2,0.666667,0.75,0,0
12338,,6,1,0,1,1,0,1,0,0,0,0,0
13805,,6,1,0,1,1,0,1,0,0,0,0,0
8932,,15,0,1,1,0,1,1,8,0.244107,0.25274,0,0
8933,,12,0,1,1,0,1,1,9,0.213606,0.219549,0,0
8936,,24,0,1,1,0,1,1,9,0.218249,0.224837,0,0
8943,,11,0,2,2,0,2,2,8,0.236621,0.245287,0,1
8945,,15,0,1,1,0,1,1,8,0.235664,0.243096,0,0
8946,,8,0,1,1,0,1,1,9,0.224765,0.231975,0,0
14597,,6,1,0,1,1,0,1,0,0,0,0,0
8952,,16,0,1,1,0,1,1,9,0.229791,0.237541,0,0
8956,,8,0,2,2,0,2,2,8,0.246776,0.256442,0,0.5
8957,,16,1,6,7,1,6,7,8,0.257744,0.269077,18831,0.071429
15135,,16,1,0,1,1,0,1,0,0,0,0,0
17449,,16,1,0,1,1,0,1,0,0,0,0,0
21656,,16,1,0,1,1,0,1,0,0,0,0,0
14290,,16,1,2,3,1,2,3,8,0.257555,0.268728,2,0.166667
30104,,8,1,0,1,1,0,1,0,0,0,0,0
8960,,8,0,1,1,0,1,1,9,0.209881,0.215267,0,0
8962,,11,0,2,2,0,2,2,9,0.236669,0.245235,0,0
21681,,11,1,0,1,1,0,1,0,0,0,0,0
22964,,11,2,2,4,2,2,4,1,1,1,51953,0
8966,,2,0,1,1,0,1,1,8,0.261475,0.272568,0,0
25405,,16,1,0,1,1,0,1,0,0,0,0,0
8968,,8,0,25,25,0,25,25,8,0.279764,0.293529,0,0.145
8969,,11,0,3,3,0,3,3,8,0.239535,0.247508,0,1
8974,,15,0,1,1,0,1,1,9,0.187134,0.191324,0,0
8975,,2,0,1,1,0,1,1,8,0.261475,0.272568,0,0
10831,,21,6,4,10,6,4,10,9,0.224477,0.232139,2720.690109,0.486111
16161,,21,1,0,1,1,0,1,0,0,0,0,0
8979,,6,0,1,1,0,1,1,9,0.202563,0.207588,0,0
8981,,0,0,2,2,0,2,2,8,0.238464,0.246697,0,0
13038,,16,2,2,4,2,2,4,9,0.214046,0.220018,1,0.5
8985,,16,0,1,1,0,1,1,1,1,1,0,0
8991,,15,0,1,1,0,1,1,9,0.215099,0.221134,0,0
8992,,0,0,2,2,0,2,2,9,0.194478,0.199458,0,0.5
8995,,11,0,1,1,0,1,1,8,0.251382,0.261452,0,0
9001,,0,2,2,4,2,2,4,8,0.228938,0.236673,18826.5,0.25
9004,,82,0,1,1,0,1,1,1,1,1,0,0
9005,,82,1,0,1,1,0,1,0,0,0,0,0
9006,,2,0,1,1,0,1,1,8,0.261475,0.272568,0,0
9009,,6,0,1,1,0,1,1,9,0.208683,0.214373,0,0
9012,,8,0,1,1,0,1,1,9,0.226897,0.234639,0,0
9013,,2,0,2,2,0,2,2,8,0.262951,0.274297,0,1
9017,,7,0,3,3,0,3,3,8,0.239996,0.247399,0,0.166667
9018,,6,0,2,2,0,2,2,9,0.219465,0.225948,0,0.5
12637,,16,2,1,3,2,1,3,9,0.234732,0.243226,0,0.666667
9020,,8,0,1,1,0,1,1,9,0.209259,0.214889,0,0
32763,,11,1,1,2,1,1,2,9,0.207502,0.21325,31.504176,0
33706,,10,1,0,1,1,0,1,0,0,0,0,0
9031,,8,0,4,4,0,4,4,8,0.250963,0.261247,0,0.5
9034,,7,0,1,1,0,1,1,9,0.221878,0.228823,0,0
9035,,11,0,1,1,0,1,1,9,0.225635,0.232826,0,0
9036,,15,0,1,1,0,1,1,9,0.220127,0.227165,0,0
9037,,15,0,1,1,0,1,1,10,0.159133,0.161899,0,0
9040,,7,0,1,1,0,1,1,9,0.221836,0.22815,0,0
9041,,83,0,1,1,0,1,1,1,1,1,0,0
9042,,83,1,0,1,1,0,1,0,0,0,0,0
9043,,13,0,1,1,0,1,1,8,0.234601,0.241751,0,0
9044,,15,0,2,2,0,2,2,9,0.201662,0.207209,0,1
9046,,7,0,1,1,0,1,1,9,0.226164,0.233246,0,0
16722,,0,1,0,1,1,0,1,0,0,0,0,0
18175,,11,4,0,4,4,0,4,0,0,0,0,0.25
9048,,15,0,1,1,0,1,1,10,0.160671,0.163033,0,0
12205,,15,2,5,7,2,5,7,8,0.23205,0.239916,80988.826276,0
9050,,11,0,1,1,0,1,1,9,0.224977,0.23191,0,0
9053,,11,0,1,1,0,1,1,8,0.225241,0.232016,0,0
9054,,10,0,2,2,0,2,2,9,0.227475,0.234842,0,0
9055,,11,0,1,1,0,1,1,9,0.219883,0.226442,0,0
27848,,16,1,0,1,1,0,1,0,0,0,0,0
9059,,3,0,1,1,0,1,1,9,0.232872,0.240708,0,0
9060,,9,0,2,2,0,2,2,8,0.237976,0.245364,0,0
9061,,8,0,1,1,0,1,1,8,0.262756,0.273466,0,0
35191,,5,1,0,1,1,0,1,0,0,0,0,0
9067,,11,0,1,1,0,1,1,8,0.231948,0.238988,0,0
9068,,8,0,1,1,0,1,1,9,0.198884,0.203512,0,0
9071,,2,0,2,2,0,2,2,8,0.261482,0.272603,0,0
9072,,7,0,1,1,0,1,1,9,0.193032,0.196903,0,0
9074,,8,0,3,3,0,3,3,9,0.231671,0.239427,0,0
9080,,11,0,1,1,0,1,1,8,0.21785,0.224416,0,0
9081,,7,0,1,1,0,1,1,8,0.226935,0.234515,0,0
9082,,21,0,1,1,0,1,1,1,1,1,0,0
9085,,21,1,2,3,1,2,3,1,1,1,26006.861972,0
24122,,21,1,1,2,1,1,2,1,1,1,28.861972,0
19736,,21,1,0,1,1,0,1,0,0,0,0,0
9087,,15,0,2,2,0,2,2,9,0.230291,0.238186,0,0
9088,,10,0,3,3,0,3,3,9,0.216943,0.223935,0,0
9657,,8,1,4,5,1,4,5,8,0.235785,0.243721,272.286408,0.05
13324,,15,2,3,5,2,3,5,8,0.22626,0.23368,51952.526823,0.583333
9091,,11,0,1,1,0,1,1,9,0.213228,0.219825,0,0
19179,,11,1,2,3,1,2,3,8,0.239489,0.247388,0,1
31692,,10,1,0,1,1,0,1,0,0,0,0,0
9094,,7,0,3,3,0,3,3,8,0.238743,0.246379,0,0
25334,,7,1,5,6,1,5,6,7,0.293722,0.308285,6904.628371,0.333333
9099,,8,0,1,1,0,1,1,8,0.253959,0.263295,0,0
9100,,11,0,1,1,0,1,1,8,0.251238,0.260024,0,0
9103,,8,0,1,1,0,1,1,8,0.262756,0.273466,0,0
9106,,8,0,1,1,0,1,1,8,0.244564,0.253553,0,0
9108,,11,1,1,2,1,1,2,8,0.236534,0.245949,0,0.5
9109,,18,2,1,3,2,1,3,9,0.212855,0.218899,0,0.5
9111,,0,0,1,1,0,1,1,9,0.202561,0.207875,0,0
9112,,7,0,1,1,0,1,1,1,1,1,0,0
9117,,10,0,1,1,0,1,1,8,0.239167,0.246988,0,0
9119,,15,0,1,1,0,1,1,9,0.19051,0.194431,0,0
9121,,12,1,1,2,1,1,2,10,0.172541,0.175542,0,1
9836,,12,5,6,11,5,6,11,8,0.263242,0.274077,411200.27122,0.388889
10183,,12,2,0,2,2,0,2,0,0,0,0,1
9813,,12,2,9,11,2,9,11,9,0.208536,0.214069,138440.554438,0.222222
11120,,12,3,4,7,3,4,7,9,0.208508,0.213879,0,0.7
10202,,12,2,6,8,2,6,8,9,0.208515,0.213941,31810.333333,0.261905
9956,,12,1,8,9,1,8,9,9,0.208522,0.214003,38952.083333,0.428571
11068,,12,1,7,8,1,7,8,10,0.172743,0.176062,51946,0.357143
10583,,12,3,3,6,3,3,6,10,0.172733,0.175938,1.716667,0.75
9386,,12,4,1,5,4,1,5,9,0.190664,0.194407,3397.219127,0.3
14282,,12,1,0,1,1,0,1,0,0,0,0,0
13783,,12,1,2,3,1,2,3,10,0.172725,0.175899,0,1
9123,,10,0,2,2,0,2,2,8,0.234838,0.24194,0,0
9125,,16,0,1,1,0,1,1,9,0.207792,0.213259,0,0
9126,,16,2,3,5,2,3,5,8,0.262281,0.273654,18978.232981,0.05
9127,,10,0,1,1,0,1,1,9,0.223394,0.230421,0,0
9128,,6,0,1,1,0,1,1,1,1,1,0,0
9129,,8,0,1,1,0,1,1,9,0.219675,0.226242,0,0
9131,,10,0,1,1,0,1,1,8,0.244161,0.253367,0,0
9132,,84,0,1,1,0,1,1,1,1,1,0,0
9133,,84,1,0,1,1,0,1,0,0,0,0,0
9138,,11,1,0,1,1,0,1,0,0,0,0,0
9140,,16,1,0,1,1,0,1,0,0,0,0,0
9142,,10,0,1,1,0,1,1,8,0.23897,0.247046,0,0
9143,,11,0,1,1,0,1,1,10,0.17834,0.181565,0,0
9146,,12,0,1,1,0,1,1,9,0.195014,0.200132,0,0
9147,,7,0,1,1,0,1,1,10,0.183522,0.187536,0,0
9148,,24,0,1,1,0,1,1,9,0.21834,0.225148,0,0
9149,,16,0,1,1,0,1,1,8,0.230955,0.238384,0,0
9150,,13,0,1,1,0,1,1,1,1,1,0,0
9157,,11,0,1,1,0,1,1,8,0.251382,0.261452,0,0
33187,,8,1,0,1,1,0,1,0,0,0,0,0
9163,,8,0,1,1,0,1,1,9,0.233264,0.241028,0,0
35317,,6,1,0,1,1,0,1,0,0,0,0,0
35408,,6,1,0,1,1,0,1,0,0,0,0,0
35706,,6,1,0,1,1,0,1,0,0,0,0,0
9166,,2,0,1,1,0,1,1,9,0.238286,0.246733,0,0
9168,,11,0,1,1,0,1,1,10,0.17834,0.181565,0,0
9453,,8,1,2,3,1,2,3,8,0.23013,0.238103,43.385728,0
9172,,0,0,1,1,0,1,1,9,0.184604,0.188637,0,0
9173,,0,0,1,1,0,1,1,9,0.217159,0.223483,0,0
9174,,15,0,2,2,0,2,2,9,0.207992,0.213922,0,0.5
9176,,1,0,2,2,0,2,2,9,0.219202,0.225266,0,0
35727,,11,1,0,1,1,0,1,0,0,0,0,0
9480,,19,1,1,2,1,1,2,9,0.222298,0.22883,28.571621,0
9187,,12,0,1,1,0,1,1,9,0.213606,0.219549,0,0
34476,,11,1,0,1,1,0,1,0,0,0,0,0
9191,,16,0,1,1,0,1,1,9,0.234736,0.243231,0,0
9193,,10,0,1,1,0,1,1,9,0.224337,0.231339,0,0
9194,,85,0,1,1,0,1,1,1,1,1,0,0
9195,,85,1,0,1,1,0,1,0,0,0,0,0
19932,,15,1,2,3,1,2,3,10,0.181399,0.185218,25974,0
9202,,10,0,2,2,0,2,2,8,0.238531,0.246375,0,0
9205,,11,2,6,8,2,6,8,8,0.263976,0.275254,18923.426304,0.053571
9206,,10,0,2,2,0,2,2,8,0.247353,0.256638,0,1
9207,,16,0,3,3,0,3,3,9,0.234786,0.243358,0,0.166667
9984,,16,4,4,8,4,4,8,10,0.190965,0.195578,18846.279249,0
26680,,16,1,1,2,1,1,2,9,0.234736,0.243231,0,0.5
9215,,86,1,1,2,1,1,2,1,1,1,0,0
9216,,86,1,1,2,1,1,2,1,1,1,0,0
15595,,16,1,1,2,1,1,2,9,0.214571,0.220692,0,0
16559,,16,1,0,1,1,0,1,0,0,0,0,0
33808,,16,1,0,1,1,0,1,0,0,0,0,0
34176,,16,1,0,1,1,0,1,0,0,0,0,0
9220,,8,0,1,1,0,1,1,8,0.236188,0.243784,0,0
13459,,12,1,2,3,1,2,3,10,0.172724,0.17589,0,0.833333
15057,,12,5,0,5,5,0,5,0,0,0,0,0.05
9223,,8,0,1,1,0,1,1,9,0.197754,0.202253,0,0
9227,,6,0,2,2,0,2,2,9,0.217918,0.224633,0,0.5
13454,,16,8,3,11,8,3,11,10,0.170448,0.17369,85560.770876,0
10366,,16,1,1,2,1,1,2,9,0.186396,0.19029,0,0
9229,,8,0,1,1,0,1,1,9,0.209259,0.214889,0,0
9230,,7,0,2,2,0,2,2,8,0.229075,0.236869,0,0.5
9232,,10,0,1,1,0,1,1,9,0.221424,0.228568,0,0
23504,,7,1,6,7,1,6,7,8,0.260853,0.271401,23.52787,0.366667
28475,,8,1,2,3,1,2,3,8,0.22815,0.235569,25993.835449,0
34898,,9,6,0,6,6,0,6,0,0,0,0,0
9235,,2,0,1,1,0,1,1,8,0.261475,0.272568,0,0
9236,,11,0,1,1,0,1,1,9,0.225449,0.232754,0,0
9237,,7,0,1,1,0,1,1,9,0.200066,0.204368,0,0
9238,,5,0,1,1,0,1,1,9,0.231156,0.238915,0,0
9240,,11,0,12,12,0,12,12,8,0.263787,0.277056,0,0.075758
9242,,8,0,1,1,0,1,1,8,0.244453,0.252822,0,0
9243,,8,0,1,1,0,1,1,8,0.233542,0.241585,0,0
9249,,6,0,1,1,0,1,1,9,0.191341,0.195302,0,0
10426,,7,1,0,1,1,0,1,0,0,0,0,0
9251,,12,1,1,2,1,1,2,9,0.194258,0.198553,0,0
9252,,12,2,5,7,2,5,7,8,0.241088,0.249584,37657,0.166667
11654,,12,1,0,1,1,0,1,0,0,0,0,0
9254,,24,0,2,2,0,2,2,9,0.218598,0.225283,0,0
9255,,11,0,4,4,0,4,4,8,0.248204,0.258728,0,0.416667
9256,,8,0,1,1,0,1,1,9,0.219675,0.226242,0,0
9257,,12,1,2,3,1,2,3,10,0.160767,0.16317,25975,0.166667
9529,,12,1,0,1,1,0,1,0,0,0,0,0
9258,,5,0,1,1,0,1,1,8,0.234143,0.241206,0,0
9259,,6,0,1,1,0,1,1,8,0.25615,0.266929,0,0
32905,,2,1,0,1,1,0,1,0,0,0,0,0
9263,,7,0,1,1,0,1,1,9,0.200066,0.204368,0,0
9265,,18,0,3,3,0,3,3,9,0.212873,0.218982,0,0.166667
11812,,18,1,0,1,1,0,1,0,0,0,0,0
9266,,11,0,1,1,0,1,1,9,0.22008,0.227059,0,0
27372,,10,1,1,2,1,1,2,9,0.215267,0.221162,0,0
9270,,18,0,1,1,0,1,1,11,0.149306,0.151353,0,0
9271,,7,0,1,1,0,1,1,8,0.226935,0.234515,0,0
13398,,15,1,0,1,1,0,1,0,0,0,0,0
29357,,15,5,1,6,5,1,6,9,0.214906,0.220633,0,0.55
31616,,15,1,0,1,1,0,1,0,0,0,0,0
31123,,15,4,5,9,4,5,9,9,0.21562,0.221507,86.152002,0.75
34241,,15,2,0,2,2,0,2,0,0,0,0,1
9274,,1,0,1,1,0,1,1,9,0.217487,0.223937,0,0
9275,,8,0,1,1,0,1,1,8,0.234991,0.243288,0,0
9276,,10,0,1,1,0,1,1,9,0.221424,0.228568,0,0
9277,,87,0,1,1,0,1,1,1,1,1,0,0
9278,,87,1,0,1,1,0,1,0,0,0,0,0
17577,,18,1,0,1,1,0,1,0,0,0,0,0
9284,,7,0,1,1,0,1,1,8,0.244345,0.253397,0,0
18741,,1,1,1,2,1,1,2,9,0.234955,0.243882,71.831078,0
23138,,11,1,1,2,1,1,2,8,0.229127,0.236278,0,0
24187,,2,1,1,2,1,1,2,8,0.261476,0.272569,0,0.5
14515,,11,1,1,2,1,1,2,8,0.229127,0.236278,0,0
28560,,11,1,0,1,1,0,1,0,0,0,0,0
28695,,11,1,0,1,1,0,1,0,0,0,0,0
29061,,11,2,0,2,2,0,2,0,0,0,0,0
29023,,11,1,2,3,1,2,3,8,0.230553,0.237867,0,1
33806,,11,2,2,4,2,2,4,8,0.22913,0.236305,0,1
33807,,11,2,2,4,2,2,4,8,0.22913,0.236305,0,1
9287,,7,0,4,4,0,4,4,9,0.237481,0.245668,0,0
9288,,16,0,1,1,0,1,1,1,1,1,0,0
9289,,15,0,1,1,0,1,1,9,0.197449,0.202467,0,0
9290,,6,0,2,2,0,2,2,8,0.25624,0.267076,0,1
9291,,11,0,1,1,0,1,1,9,0.219883,0.226442,0,0
9292,,6,0,1,1,0,1,1,8,0.247395,0.256736,0,0
9293,,11,0,1,1,0,1,1,8,0.236535,0.24595,0,0
9294,,10,0,3,3,0,3,3,9,0.234956,0.243364,0,0.166667
9295,,16,1,1,2,1,1,2,9,0.234736,0.243231,3861.353674,0
9296,,1,0,3,3,0,3,3,9,0.247304,0.257188,0,0.333333
9299,,11,0,4,4,0,4,4,10,0.193959,0.19827,0,0.25
17275,,11,1,1,2,1,1,2,10,0.193947,0.198174,0,0.5
9300,,10,0,2,2,0,2,2,8,0.266426,0.277953,0,0.5
19614,,11,1,0,1,1,0,1,0,0,0,0,0
9303,,8,0,1,1,0,1,1,8,0.262756,0.273466,0,0
9304,,6,0,1,1,0,1,1,1,1,1,0,0
9305,,0,0,2,2,0,2,2,8,0.228939,0.236674,0,1
9306,,15,0,1,1,0,1,1,9,0.220297,0.227161,0,0
9309,,18,0,2,2,0,2,2,9,0.212896,0.219007,0,1
9311,,16,0,1,1,0,1,1,10,0.182004,0.185493,0,0
9312,,15,0,2,2,0,2,2,8,0.250946,0.260084,0,0
9313,,15,0,1,1,0,1,1,9,0.215451,0.221476,0,0
9316,,88,0,1,1,0,1,1,1,1,1,0,0
9317,,88,1,0,1,1,0,1,0,0,0,0,0
9319,,16,0,2,2,0,2,2,8,0.258684,0.270214,0,0.5
9323,,8,0,1,1,0,1,1,1,1,1,0,0
9324,,7,0,2,2,0,2,2,7,0.293562,0.30799,0,0.5
9325,,10,0,1,1,0,1,1,9,0.209849,0.215316,0,0
9326,,11,0,1,1,0,1,1,8,0.235179,0.242605,0,0
9327,,16,0,3,3,0,3,3,9,0.239158,0.248079,0,0.833333
9328,,11,0,1,1,0,1,1,8,0.242301,0.250673,0,0
9329,,0,0,2,2,0,2,2,8,0.238522,0.246785,0,1
9330,,15,0,2,2,0,2,2,9,0.188434,0.192816,0,0.5
30243,,15,1,1,2,1,1,2,9,0.223274,0.230184,74.376036,0
15892,,16,1,0,1,1,0,1,0,0,0,0,0
12624,,0,1,3,4,1,3,4,9,0.215798,0.222089,588.306738,0
30857,,16,1,1,2,1,1,2,10,0.174562,0.17797,62.002262,0
27783,,11,2,0,2,2,0,2,0,0,0,0,0
9337,,8,0,1,1,0,1,1,8,0.262756,0.273466,0,0
9344,,7,0,3,3,0,3,3,8,0.279411,0.292155,0,1
9345,,2,0,1,1,0,1,1,8,0.261475,0.272568,0,0
9348,,21,0,4,4,0,4,4,9,0.204788,0.210053,0,0
9349,,21,1,0,1,1,0,1,0,0,0,0,0
9351,,8,2,2,4,2,2,4,9,0.210431,0.216037,4625.963503,0.166667
26281,,8,3,1,4,3,1,4,8,0.26276,0.27347,21535.890748,0
17624,,24,2,2,4,2,2,4,9,0.211907,0.218092,26724.097535,0.083333
34942,,11,5,5,10,5,5,10,8,0.253436,0.262953,34110.87823,0.066667
9358,,11,0,1,1,0,1,1,8,0.235824,0.242716,0,0
9359,,19,0,1,1,0,1,1,9,0.222431,0.229647,0,0
9361,,5,0,2,2,0,2,2,9,0.227919,0.235675,0,0
9362,,8,0,1,1,0,1,1,9,0.21231,0.218222,0,0
9363,,13,0,1,1,0,1,1,8,0.235883,0.243933,0,0
9368,,8,0,1,1,0,1,1,8,0.233287,0.240487,0,0
9369,,8,0,1,1,0,1,1,9,0.224297,0.231274,0,0
9375,,7,0,1,1,0,1,1,8,0.246941,0.255908,0,0
9377,,5,0,1,1,0,1,1,9,0.224867,0.231892,0,0
9378,,0,0,1,1,0,1,1,8,0.230918,0.237946,0,0
9379,,8,0,1,1,0,1,1,8,0.262756,0.273466,0,0
9381,,9,0,1,1,0,1,1,9,0.185524,0.189879,0,0
9382,,0,0,1,1,0,1,1,8,0.226147,0.233528,0,0
9384,,9,0,2,2,0,2,2,9,0.229698,0.237466,0,0.5
9385,,8,0,1,1,0,1,1,8,0.262756,0.273466,0,0
23561,,12,1,0,1,1,0,1,0,0,0,0,0
9388,,8,0,1,1,0,1,1,9,0.219898,0.226413,0,0
9389,,7,1,13,14,1,13,14,9,0.239669,0.249361,26530.171673,0.166667
35077,,7,1,0,1,1,0,1,0,0,0,0,0
9391,,8,0,3,3,0,3,3,8,0.233441,0.241846,0,0.5
9398,,11,0,1,1,0,1,1,9,0.217802,0.223808,0,0
9399,,5,0,1,1,0,1,1,8,0.251664,0.260845,0,0
9402,,8,1,4,5,1,4,5,9,0.224783,0.232079,814.430872,0.333333
21573,,9,2,0,2,2,0,2,0,0,0,0,0
9406,,6,0,1,1,0,1,1,8,0.239334,0.24682,0,0
9407,,8,0,1,1,0,1,1,8,0.262756,0.273466,0,0
9408,,7,0,5,5,0,5,5,8,0.255181,0.265095,0,0.05
9409,,9,1,3,4,1,3,4,8,0.240284,0.248176,66.629671,0.083333
9413,,15,0,1,1,0,1,1,9,0.220297,0.227161,0,0
9415,,7,0,1,1,0,1,1,10,0.17543,0.178481,0,0
9416,,8,0,1,1,0,1,1,9,0.219675,0.226242,0,0
13173,,6,1,2,3,1,2,3,8,0.234551,0.242531,0,1
26602,,6,1,2,3,1,2,3,9,0.191269,0.195645,3.868107,0
16777,,16,2,0,2,2,0,2,0,0,0,0,0.5
9423,,16,2,1,3,2,1,3,9,0.234738,0.243233,3233.497535,0.166667
9424,,8,0,1,1,0,1,1,8,0.23941,0.248389,0,0
9426,,0,0,1,1,0,1,1,9,0.208947,0.214795,0,0
9430,,11,0,1,1,0,1,1,8,0.234514,0.24306,0,0
9433,,8,0,1,1,0,1,1,1,1,1,0,0
32442,,11,1,0,1,1,0,1,0,0,0,0,0
27923,,11,3,2,5,3,2,5,9,0.21107,0.2171,19007.900099,0
9437,,24,0,2,2,0,2,2,9,0.224262,0.23076,0,0.5
17382,,8,1,0,1,1,0,1,0,0,0,0,0
9440,,10,0,1,1,0,1,1,9,0.215953,0.222223,0,0
9441,,8,0,1,1,0,1,1,9,0.230193,0.238549,0,0
9444,,6,0,1,1,0,1,1,8,0.247395,0.256736,0,0
9445,,0,0,1,1,0,1,1,9,0.222605,0.230046,0,0
9448,,7,0,1,1,0,1,1,8,0.23125,0.238068,0,0
9449,,8,0,1,1,0,1,1,1,1,1,0,0
9451,,12,0,2,2,0,2,2,9,0.213608,0.219575,0,1
9452,,10,0,1,1,0,1,1,8,0.248433,0.25796,0,0
9454,,15,0,4,4,0,4,4,8,0.249725,0.25889,0,0.166667
9458,,24,1,2,3,1,2,3,9,0.232083,0.239787,18827,0
15347,,24,1,1,2,1,1,2,9,0.231745,0.239906,0,0.5
25736,,24,1,0,1,1,0,1,0,0,0,0,0
26222,,24,1,0,1,1,0,1,0,0,0,0,0
26676,,24,4,1,5,4,1,5,9,0.209564,0.215317,30.120199,0.4
9461,,11,1,0,1,1,0,1,0,0,0,0,0
9462,,7,0,3,3,0,3,3,9,0.232518,0.240627,0,0
9464,,15,0,2,2,0,2,2,9,0.210784,0.216465,0,0.5
9466,,5,0,4,4,0,4,4,8,0.271866,0.284031,0,0.5
9467,,16,0,2,2,0,2,2,9,0.216218,0.222617,0,0
9473,,11,0,1,1,0,1,1,9,0.213224,0.219265,0,0
9474,,11,0,3,3,0,3,3,9,0.221836,0.228424,0,0.666667
9476,,0,0,1,1,0,1,1,1,1,1,0,0
9478,,16,0,1,1,0,1,1,9,0.188027,0.192185,0,0
9479,,11,0,1,1,0,1,1,8,0.236535,0.24595,0,0
9482,,8,0,1,1,0,1,1,9,0.224027,0.230383,0,0
9484,,8,0,1,1,0,1,1,8,0.235818,0.243199,0,0
9487,,7,0,1,1,0,1,1,1,1,1,0,0
31488,,7,1,2,3,1,2,3,9,0.222514,0.229487,25990.06846,0
9490,,0,0,1,1,0,1,1,8,0.228936,0.236648,0,0
9492,,10,0,1,1,0,1,1,9,0.222352,0.229209,0,0
30915,,10,1,0,1,1,0,1,0,0,0,0,0
32602,,10,1,0,1,1,0,1,0,0,0,0,0
9499,,8,0,4,4,0,4,4,8,0.265491,0.276732,0,0.083333
9502,,1,0,1,1,0,1,1,10,0.178303,0.181862,0,0
9506,,16,0,1,1,0,1,1,9,0.234736,0.243231,0,0
9508,,10,0,1,1,0,1,1,10,0.174094,0.1772,0,0
9509,,11,1,2,3,1,2,3,8,0.230018,0.236671,607.321951,0
9512,,11,0,3,3,0,3,3,1,1,1,0,0
9513,,6,0,2,2,0,2,2,8,0.256153,0.266956,0,1
9581,,2,2,2,4,2,2,4,10,0.182935,0.186809,0,1
9518,,15,0,1,1,0,1,1,9,0.189597,0.193994,0,0
17414,,15,1,0,1,1,0,1,0,0,0,0,0
9521,,10,0,1,1,0,1,1,9,0.201777,0.206878,0,0
14441,,8,1,0,1,1,0,1,0,0,0,0,0
31654,,5,1,1,2,1,1,2,8,0.231924,0.239831,185.053523,0.5
9531,,8,0,7,7,0,7,7,8,0.265221,0.276564,0,0.214286
9533,,10,0,1,1,0,1,1,9,0.220001,0.226414,0,0
9536,,12,0,1,1,0,1,1,8,0.236841,0.24458,0,0
9542,,15,0,1,1,0,1,1,9,0.206883,0.212054,0,0
9545,,12,0,1,1,0,1,1,1,1,1,0,0
25976,,15,1,1,2,1,1,2,10,0.174585,0.177699,25974,0.5
9550,,25,0,1,1,0,1,1,1,1,1,0,0
9551,,25,0,1,1,0,1,1,1,1,1,0,0
9553,,8,0,1,1,0,1,1,9,0.221643,0.227961,0,0
9554,,89,0,1,1,0,1,1,1,1,1,0,0
9555,,89,1,0,1,1,0,1,0,0,0,0,0
9556,,16,0,2,2,0,2,2,9,0.226889,0.234079,0,0
9557,,15,0,1,1,0,1,1,9,0.214189,0.220211,0,0
14723,,9,1,5,6,1,5,6,8,0.266752,0.278575,1234.902955,0.133333
33278,,10,1,0,1,1,0,1,0,0,0,0,0
9565,,12,0,2,2,0,2,2,9,0.241171,0.249623,0,0
9566,,8,1,1,2,1,1,2,8,0.233056,0.241282,67.870698,0
26491,,9,3,0,3,3,0,3,0,0,0,0,0
9568,,15,0,2,2,0,2,2,8,0.243627,0.253027,0,0
9569,,8,0,13,13,0,13,13,8,0.277157,0.290938,0,0.24359
9570,,8,0,1,1,0,1,1,8,0.224345,0.231026,0,0
9571,,0,0,1,1,0,1,1,9,0.214614,0.220847,0,0
19684,,7,1,1,2,1,1,2,9,0.235466,0.24292,0,0
12264,,7,5,6,11,5,6,11,8,0.256059,0.266023,44881.196219,0.180556
17137,,11,1,2,3,1,2,3,9,0.236626,0.244277,872.646171,0
25478,,11,2,0,2,2,0,2,0,0,0,0,0
24741,,7,4,2,6,4,2,6,8,0.25904,0.269419,783.341732,0.416667
9574,,15,0,1,1,0,1,1,9,0.184082,0.188191,0,0
9575,,12,0,1,1,0,1,1,9,0.195014,0.200132,0,0
9577,,15,0,1,1,0,1,1,9,0.224824,0.231856,0,0
9579,,15,0,1,1,0,1,1,8,0.225373,0.231994,0,0
9583,,18,0,3,3,0,3,3,8,0.263798,0.27472,0,0.5
9585,,7,0,4,4,0,4,4,8,0.259532,0.269825,0,0.333333
9590,,12,0,1,1,0,1,1,8,0.236841,0.24458,0,0
20521,,16,2,0,2,2,0,2,0,0,0,0,0.5
9593,,11,0,5,5,0,5,5,8,0.257153,0.268433,0,0.3
13727,,11,1,2,3,1,2,3,9,0.207666,0.213403,3.992647,0.166667
9594,,90,0,1,1,0,1,1,1,1,1,0,0
9595,,90,2,0,2,2,0,2,0,0,0,0,0
9596,,90,0,1,1,0,1,1,1,1,1,0,0
9600,,16,1,0,1,1,0,1,0,0,0,0,0
9601,,15,0,1,1,0,1,1,9,0.219194,0.225882,0,0
9602,,91,1,1,2,1,1,2,1,1,1,0,0
9603,,91,1,1,2,1,1,2,1,1,1,0,0
9604,,8,0,10,10,0,10,10,8,0.250742,0.259877,0,0.055556
9605,,8,1,0,1,1,0,1,0,0,0,0,0
9607,,11,0,1,1,0,1,1,9,0.217651,0.224244,0,0
9616,,0,0,1,1,0,1,1,8,0.230918,0.237946,0,0
9618,,12,0,1,1,0,1,1,9,0.213606,0.219549,0,0
9620,,7,0,1,1,0,1,1,8,0.231239,0.238193,0,0
9621,,13,0,2,2,0,2,2,8,0.229178,0.236765,0,0
9623,,6,0,1,1,0,1,1,8,0.25615,0.266929,0,0
14153,,6,1,0,1,1,0,1,0,0,0,0,0
9631,,11,0,1,1,0,1,1,8,0.236535,0.24595,0,0
9633,,2,0,1,1,0,1,1,9,0.198223,0.202608,0,0
23985,,15,2,1,3,2,1,3,10,0.180201,0.18363,3074.734759,0
9637,,7,0,1,1,0,1,1,1,1,1,0,0
9638,,7,0,3,3,0,3,3,8,0.250296,0.259418,0,1
9639,,11,1,4,5,1,4,5,9,0.230821,0.238822,66520.863189,0
10110,,11,2,6,8,2,6,8,8,0.279999,0.293513,48758.806904,0.190476
15309,,11,2,0,2,2,0,2,0,0,0,0,0
20379,,11,2,1,3,2,1,3,10,0.183763,0.18739,0,0.5
9644,,15,0,2,2,0,2,2,11,0.164108,0.166915,0,0.5
14689,,11,1,1,2,1,1,2,9,0.190585,0.194815,0,0
9648,,7,0,4,4,0,4,4,10,0.184169,0.188221,0,0
9653,,11,1,1,2,1,1,2,9,0.203817,0.208625,0,0
9867,,11,1,0,1,1,0,1,0,0,0,0,0
17441,,11,1,0,1,1,0,1,0,0,0,0,0
26216,,11,1,0,1,1,0,1,0,0,0,0,0
26283,,11,1,1,2,1,1,2,8,0.239486,0.247361,0,1
26724,,11,1,0,1,1,0,1,0,0,0,0,0
26183,,11,1,1,2,1,1,2,8,0.239486,0.247361,0,1
28289,,11,1,0,1,1,0,1,0,0,0,0,0
23134,,11,1,1,2,1,1,2,9,0.194854,0.198966,0,1
17019,,11,4,4,8,4,4,8,8,0.242004,0.250075,44815.450896,0.4
26902,,11,2,2,4,2,2,4,10,0.174279,0.177485,52330.27304,0.166667
26117,,11,2,1,3,2,1,3,9,0.203817,0.208625,18826,0
34639,,11,1,0,1,1,0,1,0,0,0,0,0
9654,,16,0,1,1,0,1,1,8,0.238712,0.2466,0,0
9659,,8,0,5,5,0,5,5,8,0.24545,0.255135,0,0.05
9660,,0,0,1,1,0,1,1,9,0.190326,0.194689,0,0
9663,,8,0,2,2,0,2,2,9,0.20443,0.209711,0,0
9664,,11,0,4,4,0,4,4,8,0.262367,0.27369,0,0.083333
17104,,11,1,0,1,1,0,1,0,0,0,0,0
9665,,11,0,1,1,0,1,1,8,0.251238,0.260024,0,0
9667,,5,0,1,1,0,1,1,9,0.23711,0.245258,0,0
9671,,11,0,1,1,0,1,1,9,0.226517,0.234006,0,0
9674,,15,0,1,1,0,1,1,9,0.211763,0.217801,0,0
9676,,8,0,1,1,0,1,1,9,0.212987,0.218723,0,0
9677,,7,0,1,1,0,1,1,7,0.293553,0.307954,0,0
9684,,9,0,3,3,0,3,3,8,0.234827,0.242283,0,0.333333
9689,,12,0,1,1,0,1,1,9,0.191553,0.195654,0,0
9691,,11,0,1,1,0,1,1,8,0.236167,0.244733,0,0
9696,,11,0,1,1,0,1,1,8,0.239859,0.247713,0,0
18199,,7,1,0,1,1,0,1,0,0,0,0,0
22445,,10,1,1,2,1,1,2,10,0.187899,0.192294,0,0
19627,,0,7,7,14,7,7,14,8,0.253129,0.263274,230046.324204,0.044872
10415,,16,4,4,8,4,4,8,9,0.221269,0.227979,66258.345839,0.047619
18368,,10,1,2,3,1,2,3,8,0.262764,0.273503,19.209565,0.166667
9705,,15,0,1,1,0,1,1,9,0.198465,0.203618,0,0
28456,,8,1,0,1,1,0,1,0,0,0,0,0
9709,,10,0,1,1,0,1,1,9,0.229337,0.237191,0,0
9710,,11,0,1,1,0,1,1,1,1,1,0,0
9712,,11,0,1,1,0,1,1,9,0.228697,0.235899,0,0
9714,,11,0,1,1,0,1,1,9,0.232956,0.241234,0,0
9715,,11,0,1,1,0,1,1,9,0.226599,0.233916,0,0
24750,,16,1,0,1,1,0,1,0,0,0,0,0
9722,,92,0,1,1,0,1,1,1,1,1,0,0
9723,,92,1,0,1,1,0,1,0,0,0,0,0
23736,,10,1,1,2,1,1,2,9,0.210495,0.216302,1114.300026,0
12132,,10,1,0,1,1,0,1,0,0,0,0,0
25086,,10,1,0,1,1,0,1,0,0,0,0,0
9727,,0,0,1,1,0,1,1,9,0.195577,0.200582,0,0
9974,,7,1,1,2,1,1,2,1,1,1,25976,0
12999,,8,2,1,3,2,1,3,10,0.183188,0.187013,18885.474061,0
9729,,7,0,1,1,0,1,1,9,0.218246,0.223961,0,0
9730,,6,0,1,1,0,1,1,9,0.198315,0.203192,0,0
9731,,18,0,1,1,0,1,1,10,0.17553,0.178882,0,0
9733,,11,0,1,1,0,1,1,9,0.230024,0.237286,0,0
9735,,7,0,1,1,0,1,1,2,0.666667,0.75,0,0
9739,,7,0,2,2,0,2,2,8,0.249854,0.258824,0,1
9741,,0,0,2,2,0,2,2,9,0.224862,0.231946,0,0
9743,,7,3,0,3,3,0,3,0,0,0,0,0
11657,,16,1,0,1,1,0,1,0,0,0,0,0
13138,,16,1,0,1,1,0,1,0,0,0,0,0
13164,,16,1,0,1,1,0,1,0,0,0,0,0
13349,,16,1,0,1,1,0,1,0,0,0,0,0
13373,,16,1,0,1,1,0,1,0,0,0,0,0
13392,,16,1,0,1,1,0,1,0,0,0,0,0
14170,,16,1,0,1,1,0,1,0,0,0,0,0
15238,,16,1,0,1,1,0,1,0,0,0,0,0
18354,,16,1,0,1,1,0,1,0,0,0,0,0
18489,,16,1,0,1,1,0,1,0,0,0,0,0
14204,,16,2,2,4,2,2,4,9,0.230268,0.237153,18901.850274,0
18828,,16,1,0,1,1,0,1,0,0,0,0,0
18859,,16,1,0,1,1,0,1,0,0,0,0,0
19117,,16,1,0,1,1,0,1,0,0,0,0,0
19167,,16,1,0,1,1,0,1,0,0,0,0,0
19367,,16,1,0,1,1,0,1,0,0,0,0,0
19722,,16,1,0,1,1,0,1,0,0,0,0,0
19760,,16,1,0,1,1,0,1,0,0,0,0,0
9745,,5,0,4,4,0,4,4,8,0.240586,0.248561,0,0.083333
13779,,5,1,4,5,1,4,5,9,0.223572,0.230325,46.388037,0
9746,,0,0,6,6,0,6,6,8,0.229674,0.237738,0,0.166667
16230,,0,1,0,1,1,0,1,0,0,0,0,0
10715,,318,2,2,4,2,2,4,9,0.197642,0.202218,25993.594432,0
9751,,11,0,1,1,0,1,1,8,0.246659,0.25616,0,0
9752,,8,0,1,1,0,1,1,9,0.226957,0.234476,0,0
9753,,5,0,1,1,0,1,1,8,0.229192,0.23578,0,0
9755,,5,0,1,1,0,1,1,8,0.23893,0.247221,0,0
10460,,1,2,1,3,2,1,3,9,0.216393,0.222483,159.779166,0
14019,,11,1,9,10,1,9,10,8,0.248384,0.258108,37461.540799,0.25
18672,,11,1,1,2,1,1,2,9,0.220481,0.227268,0,0
21105,,11,1,0,1,1,0,1,0,0,0,0,0
26817,,11,1,0,1,1,0,1,0,0,0,0,0
9760,,10,1,3,4,1,3,4,9,0.22826,0.236259,236.845203,0
23562,,10,1,2,3,1,2,3,9,0.227749,0.235242,178.838807,0
9761,,11,0,1,1,0,1,1,8,0.246659,0.25616,0,0
9765,,11,0,1,1,0,1,1,9,0.228869,0.236881,0,0
9766,,10,0,1,1,0,1,1,9,0.219757,0.225839,0,0
9768,,10,3,4,7,3,4,7,9,0.218544,0.225092,524.911011,0.233333
11398,,5,2,2,4,2,2,4,9,0.2174,0.22396,11.580069,0.333333
9773,,1,0,1,1,0,1,1,9,0.219196,0.225231,0,0
24826,,6,1,2,3,1,2,3,8,0.247395,0.256759,0,1
9776,,8,0,1,1,0,1,1,9,0.218863,0.225419,0,0
9777,,24,0,1,1,0,1,1,9,0.208203,0.213399,0,0
22289,,8,1,0,1,1,0,1,0,0,0,0,0
34283,,8,1,0,1,1,0,1,0,0,0,0,0
9779,,6,0,1,1,0,1,1,8,0.247395,0.256736,0,0
9780,,10,0,1,1,0,1,1,9,0.221424,0.228568,0,0
9785,,15,0,1,1,0,1,1,9,0.215151,0.221458,0,0
9786,,16,0,1,1,0,1,1,8,0.230955,0.238384,0,0
9788,,9,0,3,3,0,3,3,9,0.201779,0.207121,0,0.5
9789,,9,1,10,11,1,10,11,8,0.25001,0.260065,15910.299311,0.109091
9793,,11,0,1,1,0,1,1,8,0.251382,0.261452,0,0
9794,,2,1,1,2,1,1,2,8,0.231069,0.237878,18827,0
20275,,2,1,0,1,1,0,1,0,0,0,0,0
31756,,2,1,0,1,1,0,1,0,0,0,0,0
18280,,7,1,2,3,1,2,3,9,0.22689,0.234008,18825.093478,0.166667
9800,,12,0,1,1,0,1,1,9,0.208155,0.213697,0,0
17904,,11,1,0,1,1,0,1,0,0,0,0,0
9804,,8,0,3,3,0,3,3,8,0.228325,0.235411,0,0
9808,,0,0,1,1,0,1,1,9,0.197684,0.202368,0,0
18548,,15,1,0,1,1,0,1,0,0,0,0,0
25482,,15,2,1,3,2,1,3,9,0.207291,0.212652,0,0.5
11119,,12,1,0,1,1,0,1,0,0,0,0,0
13267,,12,1,3,4,1,3,4,10,0.172733,0.175957,0.5,0.333333
14125,,12,1,0,1,1,0,1,0,0,0,0,0
11420,,8,1,2,3,1,2,3,9,0.209898,0.215823,0,0.5
32027,,8,1,1,2,1,1,2,9,0.209896,0.215796,0,0
32576,,8,3,0,3,3,0,3,0,0,0,0,0.5
13904,,16,3,2,5,3,2,5,10,0.167488,0.170507,78058.177169,0.05
24401,,11,1,0,1,1,0,1,0,0,0,0,0
9825,,13,0,1,1,0,1,1,1,1,1,0,0
9826,,8,0,1,1,0,1,1,8,0.248761,0.257751,0,0
9827,,0,0,4,4,0,4,4,8,0.241679,0.25002,0,0.25
9829,,93,0,4,4,0,4,4,1,1,1,0,0
9830,,93,1,0,1,1,0,1,0,0,0,0,0
10384,,93,1,0,1,1,0,1,0,0,0,0,0
10385,,93,1,0,1,1,0,1,0,0,0,0,0
10386,,93,1,0,1,1,0,1,0,0,0,0,0
9831,,16,0,1,1,0,1,1,8,0.257544,0.268689,0,0
9832,,11,0,1,1,0,1,1,8,0.244275,0.253708,0,0
9833,,10,0,1,1,0,1,1,9,0.19097,0.195426,0,0
9834,,24,0,1,1,0,1,1,9,0.215483,0.221599,0,0
24506,,11,1,1,2,1,1,2,8,0.234516,0.243062,498.476619,0
9838,,7,0,1,1,0,1,1,9,0.214323,0.220605,0,0
9846,,10,0,2,2,0,2,2,9,0.223291,0.230481,0,0
9850,,8,0,1,1,0,1,1,9,0.195469,0.200515,0,0
9851,,8,0,5,5,0,5,5,8,0.255496,0.26549,0,0.1
9853,,11,0,1,1,0,1,1,9,0.210874,0.217038,0,0
9854,,11,0,3,3,0,3,3,8,0.236639,0.245349,0,0.333333
9855,,15,0,1,1,0,1,1,9,0.220297,0.227161,0,0
9859,,12,0,1,1,0,1,1,8,0.236841,0.24458,0,0
19740,,6,1,1,2,1,1,2,2,0.666667,0.75,0,0
9862,,11,0,1,1,0,1,1,8,0.234514,0.24306,0,0
9863,,0,0,1,1,0,1,1,10,0.184455,0.18824,0,0
9865,,12,0,1,1,0,1,1,9,0.195014,0.200132,0,0
16555,,7,1,0,1,1,0,1,0,0,0,0,0
16599,,7,2,1,3,2,1,3,8,0.240033,0.247684,8.550572,0.5
17119,,7,1,2,3,1,2,3,8,0.24839,0.257195,0,0.5
19617,,7,1,0,1,1,0,1,0,0,0,0,0
15331,,7,2,2,4,2,2,4,9,0.238271,0.246022,26.284628,0.25
20155,,7,3,2,5,3,2,5,9,0.241523,0.249758,48.422729,0.35
22515,,7,1,0,1,1,0,1,0,0,0,0,0
10614,,7,4,5,9,4,5,9,8,0.26593,0.277733,71792.733781,0.107143
26091,,7,1,1,2,1,1,2,8,0.257707,0.267945,0,0.5
26376,,7,1,0,1,1,0,1,0,0,0,0,0
29421,,7,1,0,1,1,0,1,0,0,0,0,0
33585,,7,1,0,1,1,0,1,0,0,0,0,0
9875,,10,0,1,1,0,1,1,9,0.1952,0.200058,0,0
9879,,10,0,1,1,0,1,1,9,0.222352,0.229209,0,0
9880,,12,0,1,1,0,1,1,8,0.236841,0.24458,0,0
9881,,15,1,1,2,1,1,2,9,0.213454,0.219376,18825,0
9883,,2,0,1,1,0,1,1,9,0.226463,0.234215,0,0
9884,,7,0,1,1,0,1,1,1,1,1,0,0
9885,,16,0,1,1,0,1,1,1,1,1,0,0
9888,,8,0,1,1,0,1,1,9,0.198884,0.203512,0,0
9889,,16,0,3,3,0,3,3,1,1,1,0,0.166667
9890,,15,0,1,1,0,1,1,9,0.215092,0.220741,0,0
9892,,2,0,1,1,0,1,1,8,0.261475,0.272568,0,0
28606,,8,2,4,6,2,4,6,8,0.23409,0.241522,275.046691,0.2
9895,,15,0,1,1,0,1,1,9,0.220297,0.227161,0,0
9896,,16,0,1,1,0,1,1,9,0.234736,0.243231,0,0
16044,,11,1,2,3,1,2,3,9,0.22104,0.22739,0,0.5
17138,,11,1,0,1,1,0,1,0,0,0,0,0
15920,,11,1,1,2,1,1,2,9,0.221038,0.227363,0,0
22609,,11,1,0,1,1,0,1,0,0,0,0,0
34084,,11,1,0,1,1,0,1,0,0,0,0,0
9899,,15,0,2,2,0,2,2,8,0.226023,0.233739,0,1
9901,,24,0,1,1,0,1,1,8,0.22375,0.230857,0,0
9904,,9,3,1,4,3,1,4,9,0.221077,0.227763,3.546097,0.25
9907,,5,0,1,1,0,1,1,8,0.233287,0.240189,0,0
9909,,10,0,1,1,0,1,1,9,0.225592,0.232933,0,0
9910,,7,0,1,1,0,1,1,8,0.252153,0.261614,0,0
9912,,7,0,2,2,0,2,2,8,0.251988,0.261427,0,0
9913,,6,0,4,4,0,4,4,9,0.194544,0.198865,0,0.25
9915,,8,0,1,1,0,1,1,9,0.228964,0.236007,0,0
9917,,8,0,1,1,0,1,1,8,0.234991,0.243288,0,0
9918,,11,0,1,1,0,1,1,8,0.232249,0.239663,0,0
9920,,16,0,2,2,0,2,2,9,0.195831,0.200624,0,1
9921,,7,0,1,1,0,1,1,9,0.20921,0.214873,0,0
9922,,7,0,3,3,0,3,3,9,0.232234,0.240709,0,0
15502,,0,1,0,1,1,0,1,0,0,0,0,0
9926,,11,0,1,1,0,1,1,9,0.230024,0.237286,0,0
9927,,2,0,1,1,0,1,1,8,0.261475,0.272568,0,0
9928,,94,0,1,1,0,1,1,1,1,1,0,0
9929,,94,1,0,1,1,0,1,0,0,0,0,0
9933,,5,0,1,1,0,1,1,8,0.236001,0.244609,0,0
9936,,10,0,2,2,0,2,2,9,0.216082,0.222957,0,0
9937,,10,0,1,1,0,1,1,9,0.226297,0.233852,0,0
9940,,16,0,7,7,0,7,7,8,0.266524,0.278074,0,0.261905
9943,,10,0,1,1,0,1,1,9,0.225849,0.233205,0,0
10352,,11,1,0,1,1,0,1,0,0,0,0,0
9947,,19,0,6,6,0,6,6,8,0.234576,0.243023,0,0.033333
11749,,19,1,0,1,1,0,1,0,0,0,0,0
9948,,8,0,11,11,0,11,11,8,0.267806,0.279821,0,0.272727
9949,,8,0,6,6,0,6,6,8,0.256366,0.267216,0,0.533333
9950,,8,0,1,1,0,1,1,8,0.262756,0.273466,0,0
9951,,16,0,1,1,0,1,1,2,0.666667,0.75,0,0
9953,,11,0,1,1,0,1,1,8,0.240389,0.248209,0,0
9954,,7,0,1,1,0,1,1,8,0.234569,0.242416,0,0
10574,,12,1,4,5,1,4,5,10,0.172736,0.175974,0.5,0.5
9957,,8,0,1,1,0,1,1,8,0.262756,0.273466,0,0
9958,,7,0,1,1,0,1,1,9,0.200066,0.204368,0,0
9959,,7,0,1,1,0,1,1,8,0.233233,0.240201,0,0
9960,,8,0,1,1,0,1,1,9,0.219316,0.225988,0,0
9961,,11,0,1,1,0,1,1,9,0.228869,0.236881,0,0
9964,,6,0,1,1,0,1,1,8,0.247395,0.256736,0,0
9968,,8,0,1,1,0,1,1,9,0.216853,0.223281,0,0
9969,,11,0,1,1,0,1,1,8,0.244275,0.253708,0,0
10881,,7,1,0,1,1,0,1,0,0,0,0,0
9978,,6,2,2,4,2,2,4,8,0.238551,0.246457,46278.799604,0.166667
13077,,6,1,2,3,1,2,3,8,0.238718,0.246647,20.385368,0.5
9979,,18,0,2,2,0,2,2,9,0.212864,0.21894,0,0.5
11434,,16,1,1,2,1,1,2,9,0.187171,0.190828,0,0
9983,,16,1,2,3,1,2,3,9,0.23477,0.243304,11312.415112,0
11522,,21,3,0,3,3,0,3,0,0,0,0,0
20142,,16,1,2,3,1,2,3,9,0.23477,0.243304,11312.415112,0
9988,,11,0,1,1,0,1,1,8,0.23949,0.247366,0,0
9989,,11,0,1,1,0,1,1,8,0.236167,0.244733,0,0
9990,,95,0,1,1,0,1,1,1,1,1,0,0
9991,,95,1,0,1,1,0,1,0,0,0,0,0
9992,,5,1,4,5,1,4,5,8,0.227992,0.235291,18828,0
9993,,5,1,0,1,1,0,1,0,0,0,0,0
9994,,7,0,1,1,0,1,1,8,0.235314,0.242651,0,0
9995,,0,0,1,1,0,1,1,1,1,1,0,0
9996,,12,0,2,2,0,2,2,8,0.236853,0.244623,0,0
19814,,21,1,0,1,1,0,1,0,0,0,0,0
20120,,21,1,2,3,1,2,3,9,0.221968,0.229217,0,0.833333
31263,,21,1,1,2,1,1,2,9,0.221965,0.229191,0,1
31129,,21,1,2,3,1,2,3,9,0.224119,0.231646,0,1
32423,,21,1,0,1,1,0,1,0,0,0,0,0
34290,,21,1,0,1,1,0,1,0,0,0,0,0
35138,,21,1,0,1,1,0,1,0,0,0,0,0
22147,,6,1,0,1,1,0,1,0,0,0,0,0
10003,,7,0,11,11,0,11,11,8,0.271795,0.28457,0,0.145455
10004,,13,0,4,4,0,4,4,8,0.244224,0.253314,0,0
10007,,7,0,1,1,0,1,1,10,0.175434,0.178494,0,0
10008,,0,0,1,1,0,1,1,8,0.250023,0.260333,0,0
10009,,11,0,1,1,0,1,1,9,0.224921,0.232154,0,0
10010,,2,0,2,2,0,2,2,9,0.212068,0.218079,0,0
10012,,7,0,1,1,0,1,1,8,0.23125,0.238068,0,0
13271,,11,1,0,1,1,0,1,0,0,0,0,0
18089,,8,1,2,3,1,2,3,10,0.180981,0.184533,25982.900968,0
12118,,1,1,0,1,1,0,1,0,0,0,0,0
13608,,1,1,0,1,1,0,1,0,0,0,0,0
25166,,1,1,0,1,1,0,1,0,0,0,0,0
10019,,7,1,0,1,1,0,1,0,0,0,0,0
10021,,2,0,2,2,0,2,2,8,0.264469,0.276083,0,1
10022,,5,0,4,4,0,4,4,9,0.185694,0.189653,0,0
10023,,5,1,0,1,1,0,1,0,0,0,0,0
10241,,5,1,0,1,1,0,1,0,0,0,0,0
11963,,5,1,0,1,1,0,1,0,0,0,0,0
10027,,8,0,2,2,0,2,2,10,0.186159,0.190359,0,0.5
10028,,0,0,2,2,0,2,2,8,0.236431,0.244535,0,0.5
10031,,12,0,1,1,0,1,1,9,0.213606,0.219549,0,0
10038,,16,0,5,5,0,5,5,8,0.261958,0.273701,0,0.4
10039,,16,1,2,3,1,2,3,8,0.235111,0.243321,0.666667,0.5
10041,,10,1,2,3,1,2,3,8,0.263681,0.274169,5812.725221,0
25021,,10,1,1,2,1,1,2,1,1,1,1,0
26395,,11,7,4,11,7,4,11,9,0.221594,0.228468,36.947364,0.180556
10047,,15,0,4,4,0,4,4,8,0.230809,0.238688,0,0.083333
10833,,15,1,0,1,1,0,1,0,0,0,0,0
10048,,15,0,1,1,0,1,1,9,0.219332,0.226151,0,0
10050,,96,0,1,1,0,1,1,1,1,1,0,0
10051,,96,1,0,1,1,0,1,0,0,0,0,0
10953,,1,1,0,1,1,0,1,0,0,0,0,0
10056,,11,0,2,2,0,2,2,9,0.214805,0.221039,0,0.5
10057,,5,0,1,1,0,1,1,9,0.216913,0.223155,0,0
10060,,5,2,0,2,2,0,2,0,0,0,0,0
10062,,10,1,1,2,1,1,2,9,0.196436,0.201112,18830.783137,0
10064,,16,0,2,2,0,2,2,9,0.217008,0.223327,0,0
10065,,8,0,1,1,0,1,1,9,0.21519,0.221205,0,0
10070,,8,0,1,1,0,1,1,9,0.231897,0.239409,0,0
17215,,16,5,5,10,5,5,10,9,0.215297,0.221751,3658.529862,0.357143
10076,,16,0,1,1,0,1,1,8,0.231378,0.23929,0,0
10078,,18,0,1,1,0,1,1,2,0.545455,0.583333,0,0
10079,,2,0,1,1,0,1,1,8,0.261475,0.272568,0,0
10081,,8,0,1,1,0,1,1,1,1,1,0,0
10083,,7,0,3,3,0,3,3,8,0.263724,0.274986,0,0.333333
10087,,16,0,1,1,0,1,1,9,0.187177,0.190845,0,0
10091,,15,0,1,1,0,1,1,9,0.225524,0.232475,0,0
10092,,16,0,1,1,0,1,1,9,0.234736,0.243231,0,0
10094,,8,0,1,1,0,1,1,1,1,1,0,0
10095,,2,0,1,1,0,1,1,8,0.261475,0.272568,0,0
10096,,8,0,1,1,0,1,1,1,1,1,0,0
10097,,13,0,1,1,0,1,1,1,1,1,0,0
10102,,97,0,1,1,0,1,1,1,1,1,0,0
10103,,97,1,0,1,1,0,1,0,0,0,0,0
14643,,11,1,1,2,1,1,2,8,0.232414,0.240732,0,1
18748,,11,2,6,8,2,6,8,9,0.214742,0.220937,3685.504719,0.119048
14070,,7,1,0,1,1,0,1,0,0,0,0,0
11581,,11,1,1,2,1,1,2,9,0.218752,0.224966,0,0
10111,,11,0,5,5,0,5,5,8,0.265749,0.27712,0,0.45
10112,,12,0,1,1,0,1,1,9,0.189943,0.193924,0,0
10114,,3,0,1,1,0,1,1,9,0.232872,0.240708,0,0
10116,,8,0,2,2,0,2,2,9,0.231131,0.23955,0,1
10117,,15,0,1,1,0,1,1,9,0.220297,0.227161,0,0
10119,,10,0,1,1,0,1,1,8,0.233638,0.242002,0,0
10122,,15,0,1,1,0,1,1,10,0.179156,0.182314,0,0
10123,,10,0,2,2,0,2,2,9,0.221687,0.228925,0,0
16404,,9,1,0,1,1,0,1,0,0,0,0,0
10130,,15,0,2,2,0,2,2,8,0.238964,0.246826,0,0.5
11794,,7,1,2,3,1,2,3,9,0.21893,0.22529,0,0.333333
30433,,7,1,1,2,1,1,2,9,0.201294,0.206163,51964.724545,0
10132,,8,0,1,1,0,1,1,9,0.226897,0.234639,0,0
10134,,2,0,1,1,0,1,1,9,0.238286,0.246733,0,0
10136,,5,1,2,3,1,2,3,8,0.238637,0.246027,138.900255,0.333333
14961,,15,1,1,2,1,1,2,9,0.214906,0.220633,0,0
19727,,15,1,1,2,1,1,2,9,0.214906,0.220633,0,0
21661,,15,1,0,1,1,0,1,0,0,0,0,0
22758,,15,1,1,2,1,1,2,10,0.188048,0.192169,0,1
29715,,15,3,5,8,3,5,8,9,0.234525,0.24264,2112.969963,0.3
30888,,15,2,2,4,2,2,4,9,0.215568,0.221349,0,0.833333
30985,,15,2,2,4,2,2,4,9,0.214909,0.220659,0.25,0.666667
33335,,15,3,6,9,3,6,9,9,0.215622,0.221534,26058.003233,0.433333
34240,,15,1,0,1,1,0,1,0,0,0,0,0
30854,,15,3,3,6,3,3,6,9,0.215613,0.221445,0,0.916667
35309,,15,1,0,1,1,0,1,0,0,0,0,0
35673,,15,1,0,1,1,0,1,0,0,0,0,0
10142,,7,0,1,1,0,1,1,9,0.207609,0.212853,0,0
10143,,8,0,1,1,0,1,1,9,0.21519,0.221205,0,0
10144,,9,0,3,3,0,3,3,9,0.2311,0.238909,0,0.666667
10147,,8,0,1,1,0,1,1,9,0.225039,0.232567,0,0
10151,,7,0,1,1,0,1,1,8,0.23089,0.237744,0,0
10153,,16,0,1,1,0,1,1,9,0.216998,0.223279,0,0
10157,,7,0,1,1,0,1,1,9,0.226164,0.233246,0,0
12925,,10,1,0,1,1,0,1,0,0,0,0,0
12926,,10,1,0,1,1,0,1,0,0,0,0,0
12927,,10,1,0,1,1,0,1,0,0,0,0,0
12929,,10,1,0,1,1,0,1,0,0,0,0,0
22628,,10,1,0,1,1,0,1,0,0,0,0,0
10159,,5,0,2,2,0,2,2,10,0.179811,0.183165,0,0
13287,,5,1,0,1,1,0,1,0,0,0,0,0
24123,,15,1,1,2,1,1,2,1,1,1,236.074157,0
27425,,11,1,0,1,1,0,1,0,0,0,0,0
14806,,16,1,0,1,1,0,1,0,0,0,0,0
10165,,9,0,2,2,0,2,2,9,0.188037,0.192623,0,0
10167,,8,0,1,1,0,1,1,8,0.230224,0.237765,0,0
10168,,10,0,1,1,0,1,1,8,0.224819,0.231434,0,0
24632,,11,1,0,1,1,0,1,0,0,0,0,0
10175,,2,0,1,1,0,1,1,8,0.261475,0.272568,0,0
10179,,8,0,1,1,0,1,1,9,0.225922,0.23323,0,0
28051,,1,3,0,3,3,0,3,0,0,0,0,0
10184,,21,0,2,2,0,2,2,10,0.177878,0.181609,0,0
10185,,11,0,1,1,0,1,1,8,0.232249,0.239663,0,0
10187,,11,0,2,2,0,2,2,9,0.225644,0.232867,0,0
10188,,11,1,0,1,1,0,1,0,0,0,0,0
10191,,6,0,2,2,0,2,2,8,0.2484,0.258014,0,0
10192,,11,0,1,1,0,1,1,8,0.236535,0.24595,0,0
10196,,98,0,1,1,0,1,1,1,1,1,0,0
10197,,98,1,0,1,1,0,1,0,0,0,0,0
10200,,15,0,2,2,0,2,2,8,0.245376,0.254277,0,0
10204,,11,1,1,2,1,1,2,8,0.221506,0.227956,0,0
11787,,11,3,1,4,3,1,4,8,0.221506,0.227956,0,0.5
12343,,11,1,0,1,1,0,1,0,0,0,0,0
14521,,11,2,1,3,2,1,3,8,0.221506,0.227956,0,1
12775,,11,1,2,3,1,2,3,8,0.221508,0.227982,0,1
15891,,11,1,3,4,1,3,4,8,0.221514,0.228018,25975,0.333333
10205,,6,1,5,6,1,5,6,8,0.26069,0.272549,0.774777,0.466667
10207,,0,0,1,1,0,1,1,8,0.238232,0.246371,0,0
10213,,8,0,1,1,0,1,1,8,0.244564,0.253553,0,0
31516,,16,3,1,4,3,1,4,9,0.214319,0.220599,40209.179422,0.166667
32081,,6,1,0,1,1,0,1,0,0,0,0,0
10219,,11,0,1,1,0,1,1,8,0.238528,0.246408,0,0
14918,,18,1,3,4,1,3,4,9,0.212867,0.218974,1,0.166667
10224,,8,0,1,1,0,1,1,9,0.226507,0.233208,0,0
10225,,1,0,1,1,0,1,1,9,0.219196,0.225231,0,0
10226,,12,0,2,2,0,2,2,8,0.236851,0.24462,0,0.5
10227,,12,1,1,2,1,1,2,8,0.236841,0.24458,0,0.5
10228,,2,0,1,1,0,1,1,10,0.192441,0.196798,0,0
10234,,24,0,1,1,0,1,1,9,0.218761,0.22523,0,0
10235,,7,0,1,1,0,1,1,9,0.226164,0.233246,0,0
10238,,16,0,1,1,0,1,1,8,0.257544,0.268689,0,0
10239,,11,0,2,2,0,2,2,8,0.25215,0.262311,0,1
10242,,15,0,1,1,0,1,1,9,0.220127,0.227165,0,0
10248,,8,0,1,1,0,1,1,9,0.215232,0.221161,0,0
10250,,18,0,2,2,0,2,2,9,0.212941,0.219074,0,0.5
10251,,5,0,2,2,0,2,2,8,0.251937,0.261222,0,0
10254,,99,0,1,1,0,1,1,1,1,1,0,0
10255,,99,1,0,1,1,0,1,0,0,0,0,0
10260,,5,0,1,1,0,1,1,9,0.220459,0.227318,0,0
10261,,15,0,2,2,0,2,2,8,0.237101,0.244615,0,0
10262,,7,0,1,1,0,1,1,9,0.226164,0.233246,0,0
18973,,11,1,0,1,1,0,1,0,0,0,0,0
32723,,24,1,0,1,1,0,1,0,0,0,0,0
10273,,16,0,1,1,0,1,1,8,0.232025,0.239654,0,0
10274,,7,0,5,5,0,5,5,8,0.248682,0.258036,0,0.3
10776,,7,1,1,2,1,1,2,8,0.247779,0.256716,0,0.5
11839,,10,1,2,3,1,2,3,9,0.221305,0.228689,95.260212,0
10276,,16,0,2,2,0,2,2,9,0.205281,0.210879,0,0
23450,,16,3,2,5,3,2,5,9,0.215559,0.221896,1138.616258,0
10277,,7,0,5,5,0,5,5,9,0.233247,0.241444,0,0.25
10279,,8,0,11,11,0,11,11,8,0.265617,0.2771,0,0.118182
25398,,8,1,0,1,1,0,1,0,0,0,0,0
10282,,8,1,1,2,1,1,2,9,0.216485,0.222512,19.597862,0
10283,,6,0,1,1,0,1,1,1,1,1,0,0
10285,,7,0,2,2,0,2,2,8,0.249295,0.259094,0,0.5
10287,,10,1,1,2,1,1,2,8,0.233634,0.241997,0,1
10288,,11,0,3,3,0,3,3,8,0.222947,0.229864,0,0.333333
10290,,11,0,1,1,0,1,1,9,0.228527,0.235985,0,0
10292,,11,0,1,1,0,1,1,8,0.230667,0.237711,0,0
10295,,11,0,3,3,0,3,3,9,0.22554,0.232285,0,0.666667
10297,,2,0,1,1,0,1,1,8,0.261475,0.272568,0,0
10300,,8,0,1,1,0,1,1,9,0.198884,0.203512,0,0
10308,,16,1,1,2,1,1,2,1,1,1,0,0.5
11582,,16,2,0,2,2,0,2,0,0,0,0,0.5
10309,,15,0,1,1,0,1,1,10,0.179274,0.182963,0,0
10313,,0,1,0,1,1,0,1,0,0,0,0,0
25292,,0,1,1,2,1,1,2,10,0.160283,0.162849,427.692752,0.5
10314,,8,0,1,1,0,1,1,8,0.229405,0.236983,0,0
10315,,10,0,2,2,0,2,2,9,0.227404,0.235191,0,0
10316,,11,0,1,1,0,1,1,8,0.237376,0.246856,0,0
10318,,15,0,2,2,0,2,2,9,0.216527,0.223051,0,0
10320,,8,0,5,5,0,5,5,8,0.265757,0.277406,0,0.25
13279,,0,2,3,5,2,3,5,9,0.236671,0.244525,19465.120119,0
10327,,8,1,0,1,1,0,1,0,0,0,0,0
34869,,8,1,0,1,1,0,1,0,0,0,0,0
10328,,100,0,2,2,0,2,2,1,1,1,0,0
10329,,100,1,0,1,1,0,1,0,0,0,0,0
10330,,100,1,0,1,1,0,1,0,0,0,0,0
10333,,7,0,2,2,0,2,2,8,0.261479,0.272594,0,0.5
10334,,7,0,1,1,0,1,1,7,0.293553,0.307954,0,0
10335,,10,0,1,1,0,1,1,8,0.244161,0.253367,0,0
10336,,16,0,1,1,0,1,1,9,0.234736,0.243231,0,0
10340,,5,1,3,4,1,3,4,9,0.221528,0.228388,18827,0.333333
10341,,7,0,1,1,0,1,1,8,0.248325,0.257194,0,0
10342,,16,0,1,1,0,1,1,8,0.257544,0.268689,0,0
10343,,16,0,1,1,0,1,1,1,1,1,0,0
10344,,8,0,1,1,0,1,1,1,1,1,0,0
10345,,5,0,4,4,0,4,4,9,0.221537,0.228429,0,0.333333
34889,,5,1,0,1,1,0,1,0,0,0,0,0
10346,,11,0,1,1,0,1,1,8,0.240389,0.248209,0,0
10347,,7,0,1,1,0,1,1,9,0.226164,0.233246,0,0
10349,,10,0,2,2,0,2,2,9,0.209452,0.214982,0,0.5
10351,,7,0,1,1,0,1,1,9,0.226164,0.233246,0,0
10353,,7,0,1,1,0,1,1,9,0.226042,0.233215,0,0
10355,,7,0,3,3,0,3,3,9,0.228533,0.235349,0,0
15007,,11,1,0,1,1,0,1,0,0,0,0,0
11335,,11,1,0,1,1,0,1,0,0,0,0,0
10360,,8,0,1,1,0,1,1,8,0.255022,0.264509,0,0
10361,,2,0,1,1,0,1,1,9,0.216594,0.222797,0,0
10362,,1,0,1,1,0,1,1,8,0.237205,0.244512,0,0
10363,,11,0,1,1,0,1,1,9,0.214802,0.221012,0,0
26781,,18,1,0,1,1,0,1,0,0,0,0,0
10369,,11,0,1,1,0,1,1,8,0.231948,0.238988,0,0
22435,,8,1,0,1,1,0,1,0,0,0,0,0
10379,,18,0,1,1,0,1,1,9,0.21286,0.218905,0,0
10380,,7,0,1,1,0,1,1,8,0.237622,0.245065,0,0
10382,,7,1,1,2,1,1,2,9,0.207609,0.212854,0.3,0
10387,,15,1,1,2,1,1,2,9,0.22603,0.232679,154.090103,0
24358,,21,1,0,1,1,0,1,0,0,0,0,0
10390,,24,0,8,8,0,8,8,8,0.282222,0.296339,0,0.232143
10392,,5,0,1,1,0,1,1,9,0.229134,0.236663,0,0
10393,,11,0,1,1,0,1,1,8,0.232418,0.240737,0,0
10394,,8,0,3,3,0,3,3,8,0.244754,0.253559,0,0.333333
10395,,1,0,1,1,0,1,1,9,0.219196,0.225231,0,0
31455,,24,1,0,1,1,0,1,0,0,0,0,0
31855,,24,1,0,1,1,0,1,0,0,0,0,0
10403,,11,0,1,1,0,1,1,8,0.230091,0.237701,0,0
10404,,10,0,1,1,0,1,1,9,0.215198,0.221686,0,0
10406,,19,0,1,1,0,1,1,9,0.188054,0.192248,0,0
10409,,11,0,1,1,0,1,1,8,0.246659,0.25616,0,0
10410,,12,0,1,1,0,1,1,9,0.208155,0.213697,0,0
10411,,16,0,1,1,0,1,1,8,0.257544,0.268689,0,0
10413,,12,0,1,1,0,1,1,9,0.195014,0.200132,0,0
10414,,16,0,1,1,0,1,1,8,0.257544,0.268689,0,0
21416,,16,1,2,3,1,2,3,10,0.181183,0.184811,0,0.5
10416,,11,0,1,1,0,1,1,8,0.235179,0.242605,0,0
10417,,10,0,2,2,0,2,2,8,0.239645,0.247575,0,0
10423,,7,0,1,1,0,1,1,1,1,1,0,0
20615,,1,1,1,2,1,1,2,8,0.227249,0.233744,0,0
10427,,2,0,2,2,0,2,2,8,0.261485,0.272606,0,0
10428,,2,1,0,1,1,0,1,0,0,0,0,0
10429,,2,0,2,2,0,2,2,8,0.262028,0.273199,0,0
10431,,11,0,1,1,0,1,1,9,0.230024,0.237286,0,0
10432,,10,0,3,3,0,3,3,8,0.256314,0.267723,0,0.166667
10434,,7,0,1,1,0,1,1,8,0.263278,0.27399,0,0
10436,,7,0,2,2,0,2,2,1,1,1,0,0
10437,,11,0,3,3,0,3,3,8,0.24458,0.253366,0,0.666667
10438,,1,0,2,2,0,2,2,9,0.231969,0.239079,0,0
22127,,1,1,3,4,1,3,4,8,0.270588,0.282346,3901.173381,0
10439,,8,0,1,1,0,1,1,9,0.215353,0.221419,0,0
10443,,2,0,1,1,0,1,1,10,0.194761,0.199416,0,0
10445,,11,0,2,2,0,2,2,8,0.252647,0.26295,0,0.5
10446,,8,0,1,1,0,1,1,8,0.240465,0.248606,0,0
10447,,11,0,2,2,0,2,2,9,0.227966,0.235597,0,0
10449,,7,0,1,1,0,1,1,8,0.247779,0.256716,0,0
10452,,7,0,5,5,0,5,5,8,0.245524,0.254308,0,0.2
10453,,0,0,1,1,0,1,1,8,0.238232,0.246371,0,0
10454,,12,0,1,1,0,1,1,8,0.235576,0.242737,0,0
10455,,15,0,3,3,0,3,3,9,0.21838,0.225018,0,0
10456,,11,0,1,1,0,1,1,9,0.231783,0.240091,0,0
10457,,18,0,1,1,0,1,1,9,0.21286,0.218905,0,0
10459,,1,0,9,9,0,9,9,8,0.267428,0.279052,0,0.097222
10467,,1,1,0,1,1,0,1,0,0,0,0,0
34769,,7,1,0,1,1,0,1,0,0,0,0,0
10465,,5,0,4,4,0,4,4,8,0.26351,0.274413,0,0.083333
10466,,7,0,1,1,0,1,1,8,0.239067,0.246889,0,0
13311,,1,1,1,2,1,1,2,8,0.23211,0.239028,0,0
13302,,1,3,2,5,3,2,5,8,0.232165,0.239123,0,0.916667
14569,,1,3,0,3,3,0,3,0,0,0,0,0.833333
15597,,1,5,5,10,5,5,10,8,0.236392,0.243749,12106.295536,0.380952
19764,,1,9,11,20,9,11,20,8,0.259644,0.270865,63135.520775,0.079167
22021,,1,1,0,1,1,0,1,0,0,0,0,0
22690,,1,3,5,8,3,5,8,8,0.243114,0.2514,365.041558,0.366667
10470,,15,0,6,6,0,6,6,8,0.229701,0.238212,0,0.133333
17839,,11,2,2,4,2,2,4,8,0.244338,0.252635,5642.661243,0.333333
10473,,11,0,2,2,0,2,2,9,0.220384,0.226563,0,0
10476,,11,0,1,1,0,1,1,8,0.236535,0.24595,0,0
10481,,11,0,1,1,0,1,1,8,0.232249,0.239663,0,0
10482,,8,0,1,1,0,1,1,8,0.263006,0.273325,0,0
10484,,8,1,2,3,1,2,3,8,0.233066,0.241323,18827,0
35168,,8,1,1,2,1,1,2,9,0.189015,0.193291,0,0
10485,,16,0,1,1,0,1,1,1,1,1,0,0
10486,,11,0,1,1,0,1,1,8,0.251382,0.261452,0,0
10487,,0,0,1,1,0,1,1,9,0.226158,0.232969,0,0
10488,,13,0,1,1,0,1,1,9,0.195066,0.199384,0,0
18477,,12,1,1,2,1,1,2,8,0.234434,0.242006,0,1
10494,,11,0,1,1,0,1,1,9,0.214802,0.221012,0,0
10992,,0,1,2,3,1,2,3,9,0.222711,0.230228,5.550908,0.666667
10504,,11,0,3,3,0,3,3,8,0.250376,0.260396,0,0.333333
10506,,15,1,2,3,1,2,3,9,0.220295,0.227182,0,1
10507,,1,0,3,3,0,3,3,8,0.262818,0.27359,0,0.166667
30965,,1,1,0,1,1,0,1,0,0,0,0,0
10509,,21,0,3,3,0,3,3,9,0.222166,0.229515,0,0.333333
10512,,0,0,1,1,0,1,1,8,0.230853,0.23867,0,0
10515,,0,0,2,2,0,2,2,9,0.222618,0.230103,0,0
10516,,0,2,3,5,2,3,5,8,0.230719,0.238731,376.4648,0.333333
10519,,16,0,2,2,0,2,2,8,0.261708,0.27288,0,0
24975,,11,1,0,1,1,0,1,0,0,0,0,0
24104,,11,1,1,2,1,1,2,9,0.224026,0.231565,0,0
25451,,11,1,2,3,1,2,3,9,0.224031,0.2316,20370.090337,0.5
25915,,11,1,1,2,1,1,2,9,0.224026,0.231565,0,0
32571,,11,1,1,2,1,1,2,9,0.224026,0.231565,0,0
10521,,0,0,1,1,0,1,1,8,0.238232,0.246371,0,0
10522,,11,0,1,1,0,1,1,9,0.196469,0.201551,0,0
13090,,10,1,0,1,1,0,1,0,0,0,0,0
10524,,0,0,3,3,0,3,3,9,0.226528,0.2335,0,0.166667
10525,,16,0,1,1,0,1,1,10,0.176317,0.17961,0,0
10535,,0,0,1,1,0,1,1,9,0.220733,0.22707,0,0
10542,,10,0,1,1,0,1,1,9,0.226297,0.233852,0,0
10543,,12,0,2,2,0,2,2,9,0.217961,0.224328,0,0
10545,,0,0,1,1,0,1,1,8,0.243485,0.252685,0,0
25111,,0,1,0,1,1,0,1,0,0,0,0,0
25112,,0,1,0,1,1,0,1,0,0,0,0,0
25113,,0,1,0,1,1,0,1,0,0,0,0,0
25114,,0,1,0,1,1,0,1,0,0,0,0,0
10547,,16,0,1,1,0,1,1,9,0.234736,0.243231,0,0
10548,,8,0,3,3,0,3,3,8,0.244196,0.253138,0,0.333333
10549,,8,1,0,1,1,0,1,0,0,0,0,0
10551,,5,0,5,5,0,5,5,8,0.232392,0.240217,0,0.4
10552,,8,1,1,2,1,1,2,9,0.196321,0.200756,0,0.5
10555,,16,0,3,3,0,3,3,11,0.147802,0.149897,0,0.166667
10556,,0,0,1,1,0,1,1,8,0.230918,0.237946,0,0
10558,,7,0,1,1,0,1,1,8,0.21622,0.221853,0,0
10559,,7,1,6,7,1,6,7,7,0.275853,0.28795,18827,0.071429
10562,,12,0,2,2,0,2,2,8,0.237565,0.24494,0,0
10563,,8,0,1,1,0,1,1,8,0.262756,0.273466,0,0
10564,,11,0,1,1,0,1,1,8,0.236535,0.24595,0,0
18102,,3,1,0,1,1,0,1,0,0,0,0,0
35468,,10,1,0,1,1,0,1,0,0,0,0,0
10572,,15,0,1,1,0,1,1,9,0.213511,0.219459,0,0
10576,,16,0,1,1,0,1,1,8,0.234155,0.242097,0,0
21202,,11,1,1,2,1,1,2,10,0.186708,0.190748,0,0
27094,,11,1,1,2,1,1,2,10,0.186708,0.190748,0,0
10579,,11,0,2,2,0,2,2,8,0.225408,0.232225,0,1
10580,,16,0,1,1,0,1,1,10,0.190143,0.194563,0,0
10582,,8,0,3,3,0,3,3,9,0.231398,0.239838,0,0
10585,,7,0,1,1,0,1,1,8,0.237958,0.246963,0,0
10586,,1,0,1,1,0,1,1,11,0.153901,0.156012,0,0
10587,,10,0,1,1,0,1,1,8,0.236767,0.24412,0,0
35654,,7,1,0,1,1,0,1,0,0,0,0,0
10595,,11,0,17,17,0,17,17,8,0.277338,0.290868,0,0.125
10596,,11,1,1,2,1,1,2,8,0.227253,0.234761,40.845377,0
10597,,11,1,0,1,1,0,1,0,0,0,0,0
10600,,101,0,1,1,0,1,1,1,1,1,0,0
10601,,101,1,0,1,1,0,1,0,0,0,0,0
10603,,7,0,1,1,0,1,1,8,0.246941,0.255908,0,0
10604,,7,0,3,3,0,3,3,8,0.236669,0.244794,0,0
10608,,10,0,2,2,0,2,2,8,0.251499,0.260448,0,0
10611,,102,0,2,2,0,2,2,1,1,1,0,0
10612,,102,1,0,1,1,0,1,0,0,0,0,0
10849,,102,1,0,1,1,0,1,0,0,0,0,0
31775,,7,1,1,2,1,1,2,9,0.210069,0.215665,0,0
13206,,9,1,0,1,1,0,1,0,0,0,0,0
13432,,9,1,0,1,1,0,1,0,0,0,0,0
18384,,7,2,1,3,2,1,3,8,0.233235,0.240203,2479.609715,0
21808,,9,3,5,8,3,5,8,9,0.20187,0.207618,19530.720847,0.404762
18350,,9,4,2,6,4,2,6,10,0.173585,0.177047,153.181324,0.2
25463,,9,1,0,1,1,0,1,0,0,0,0,0
25738,,9,1,1,2,1,1,2,9,0.18552,0.189871,0,1
24942,,9,3,2,5,3,2,5,9,0.187473,0.191833,0,0.75
27335,,9,1,0,1,1,0,1,0,0,0,0,0
30664,,9,1,1,2,1,1,2,10,0.167966,0.171141,0,1
27953,,9,2,4,6,2,4,6,8,0.261759,0.273038,53017.515892,0.1
20928,,16,1,1,2,1,1,2,10,0.167451,0.170275,0,0
10625,,8,0,1,1,0,1,1,9,0.212939,0.218795,0,0
21897,,15,1,1,2,1,1,2,9,0.214512,0.221389,864.535913,0
10628,,8,0,1,1,0,1,1,9,0.200601,0.20557,0,0
16490,,10,1,0,1,1,0,1,0,0,0,0,0
10630,,5,0,1,1,0,1,1,8,0.230249,0.237146,0,0
10634,,7,1,3,4,1,3,4,8,0.266009,0.27749,0,0.583333
15138,,7,1,1,2,1,1,2,8,0.252674,0.26192,0,0
22409,,7,2,2,4,2,2,4,9,0.238778,0.246737,18827.2991,0.25
10635,,11,0,1,1,0,1,1,8,0.246659,0.25616,0,0
10636,,0,0,1,1,0,1,1,1,1,1,0,0
10640,,18,0,1,1,0,1,1,9,0.21286,0.218905,0,0
10641,,15,0,1,1,0,1,1,8,0.224983,0.23254,0,0
10642,,11,0,1,1,0,1,1,8,0.246659,0.25616,0,0
10646,,8,0,1,1,0,1,1,9,0.239963,0.248532,0,0
10650,,0,1,0,1,1,0,1,0,0,0,0,0
10652,,16,0,1,1,0,1,1,9,0.234736,0.243231,0,0
10653,,0,0,1,1,0,1,1,8,0.22747,0.234557,0,0
10654,,11,0,2,2,0,2,2,8,0.248476,0.258283,0,0.5
10657,,8,0,1,1,0,1,1,9,0.196368,0.201154,0,0
10658,,12,1,1,2,1,1,2,9,0.189949,0.193954,1.5,0
10660,,0,0,1,1,0,1,1,8,0.230918,0.237946,0,0
10661,,7,0,1,1,0,1,1,8,0.251523,0.26155,0,0
10663,,7,0,1,1,0,1,1,9,0.20921,0.214873,0,0
18155,,21,5,1,6,5,1,6,1,1,1,11.932063,0.1
28314,,21,2,3,5,2,3,5,8,0.240536,0.248722,4693.58159,0.3
10668,,103,0,1,1,0,1,1,1,1,1,0,0
10669,,103,1,0,1,1,0,1,0,0,0,0,0
10675,,7,0,1,1,0,1,1,10,0.17939,0.182791,0,0
34417,,11,1,0,1,1,0,1,0,0,0,0,0
10679,,15,0,1,1,0,1,1,9,0.220297,0.227161,0,0
10681,,7,0,1,1,0,1,1,10,0.173356,0.176347,0,0
10682,,15,0,2,2,0,2,2,8,0.24997,0.259897,0,0.5
10683,,8,0,1,1,0,1,1,8,0.262756,0.273466,0,0
10685,,16,0,2,2,0,2,2,8,0.237499,0.2459,0,1
13240,,11,2,0,2,2,0,2,0,0,0,0,0
22782,,11,1,0,1,1,0,1,0,0,0,0,0
28942,,11,1,0,1,1,0,1,0,0,0,0,0
15378,,12,1,0,1,1,0,1,0,0,0,0,0
24126,,12,3,1,4,3,1,4,8,0.236847,0.244584,18826,0.166667
26850,,8,1,1,2,1,1,2,9,0.239965,0.248535,893.674161,0
10738,,7,1,0,1,1,0,1,0,0,0,0,0
10691,,11,0,1,1,0,1,1,8,0.251382,0.261452,0,0
10692,,15,0,8,8,0,8,8,8,0.263259,0.27431,0,0.160714
29485,,15,1,0,1,1,0,1,0,0,0,0,0
11370,,8,2,3,5,2,3,5,8,0.254695,0.264559,3108.821232,0
10698,,7,0,1,1,0,1,1,8,0.253935,0.263546,0,0
29550,,8,1,1,2,1,1,2,9,0.21392,0.219893,0,0
10702,,10,0,3,3,0,3,3,8,0.240588,0.248758,0,0.166667
10703,,7,0,1,1,0,1,1,9,0.20921,0.214873,0,0
10705,,11,0,1,1,0,1,1,9,0.196857,0.201227,0,0
10714,,8,0,1,1,0,1,1,8,0.262756,0.273466,0,0
18646,,318,2,0,2,2,0,2,0,0,0,0,0
10718,,8,1,0,1,1,0,1,0,0,0,0,0
19407,,8,2,0,2,2,0,2,0,0,0,0,0.5
30206,,8,1,0,1,1,0,1,0,0,0,0,0
10720,,12,0,1,1,0,1,1,8,0.236841,0.24458,0,0
10721,,5,0,4,4,0,4,4,8,0.263698,0.274701,0,0.25
10723,,5,10,12,22,10,12,22,8,0.245411,0.254745,349982.025738,0.017544
10898,,5,1,0,1,1,0,1,0,0,0,0,0
10816,,12,1,2,3,1,2,3,9,0.200736,0.205428,179.721906,0
12140,,5,1,0,1,1,0,1,0,0,0,0,0
13076,,5,1,0,1,1,0,1,0,0,0,0,0
12711,,5,1,1,2,1,1,2,9,0.197055,0.201682,0,0
13580,,5,1,0,1,1,0,1,0,0,0,0,0
14413,,5,4,2,6,4,2,6,9,0.197059,0.201717,38298.18969,0
10724,,8,0,1,1,0,1,1,8,0.262756,0.273466,0,0
10725,,7,0,1,1,0,1,1,9,0.235473,0.242933,0,0
10726,,8,0,4,4,0,4,4,8,0.231378,0.239332,0,0.5
10727,,104,1,3,4,1,3,4,1,1,1,2,0
10728,,104,1,0,1,1,0,1,0,0,0,0,0
24968,,104,1,0,1,1,0,1,0,0,0,0,0
19759,,104,1,1,2,1,1,2,2,0.6,0.666667,0,0
15085,,3,6,8,14,6,8,14,11,0.152497,0.155135,17195.787625,0.305556
30665,,3,1,0,1,1,0,1,0,0,0,0,0
10730,,7,0,2,2,0,2,2,9,0.234739,0.243126,0,0
10731,,3,0,1,1,0,1,1,11,0.150473,0.15264,0,0
10733,,0,0,1,1,0,1,1,8,0.228936,0.236648,0,0
10734,,16,0,2,2,0,2,2,8,0.217996,0.224062,0,0
10735,,21,0,1,1,0,1,1,1,1,1,0,0
14411,,11,2,2,4,2,2,4,9,0.219953,0.22643,0,1
14977,,11,2,4,6,2,4,6,9,0.219958,0.226483,51949,0.25
18609,,11,1,0,1,1,0,1,0,0,0,0,0
17059,,11,2,4,6,2,4,6,8,0.253651,0.264156,2160.791749,0.15
33777,,11,1,1,2,1,1,2,9,0.219945,0.226386,0,0
10737,,7,0,1,1,0,1,1,8,0.248325,0.257194,0,0
32855,,16,2,0,2,2,0,2,0,0,0,0,0.5
10742,,5,0,1,1,0,1,1,9,0.229028,0.236621,0,0
10743,,16,0,1,1,0,1,1,9,0.18263,0.186401,0,0
10744,,11,0,1,1,0,1,1,8,0.236167,0.244733,0,0
10745,,19,0,1,1,0,1,1,9,0.222431,0.229647,0,0
10747,,7,0,1,1,0,1,1,9,0.221836,0.22815,0,0
10748,,7,0,1,1,0,1,1,9,0.222499,0.229441,0,0
10749,,13,0,1,1,0,1,1,8,0.234601,0.241751,0,0
31141,,2,1,0,1,1,0,1,0,0,0,0,0
10756,,10,0,1,1,0,1,1,9,0.215951,0.221597,0,0
10758,,21,0,1,1,0,1,1,9,0.213332,0.219326,0,0
10759,,8,0,1,1,0,1,1,8,0.262756,0.273466,0,0
10762,,7,0,1,1,0,1,1,9,0.225651,0.232929,0,0
10769,,7,1,2,3,1,2,3,8,0.240219,0.248389,18825,0.166667
10770,,24,0,1,1,0,1,1,9,0.211768,0.217605,0,0
10772,,8,1,1,2,1,1,2,9,0.229833,0.237605,6963.002889,0
13394,,10,1,1,2,1,1,2,1,1,1,6.13655,0
10777,,8,0,1,1,0,1,1,9,0.197466,0.201771,0,0
10778,,16,0,1,1,0,1,1,8,0.234155,0.242097,0,0
26287,,15,1,0,1,1,0,1,0,0,0,0,0
10780,,7,0,3,3,0,3,3,8,0.238918,0.24695,0,0.5
10781,,16,0,1,1,0,1,1,8,0.214587,0.220453,0,0
12808,,7,1,1,2,1,1,2,8,0.252678,0.261929,0,1
16634,,5,1,4,5,1,4,5,8,0.217679,0.224184,26073.274829,0
10784,,15,0,2,2,0,2,2,8,0.235913,0.244553,0,0.5
28213,,11,2,1,3,2,1,3,9,0.191049,0.195453,0,0.5
10789,,19,0,2,2,0,2,2,9,0.229371,0.23701,0,1
10791,,16,0,1,1,0,1,1,9,0.210713,0.216558,0,0
10795,,16,0,1,1,0,1,1,9,0.214878,0.220568,0,0
19189,,11,1,0,1,1,0,1,0,0,0,0,0
10798,,11,0,1,1,0,1,1,9,0.187688,0.191925,0,0
10799,,8,0,1,1,0,1,1,10,0.18308,0.187088,0,0
10800,,12,0,3,3,0,3,3,8,0.234456,0.242096,0,0.333333
10802,,5,0,1,1,0,1,1,1,1,1,0,0
10806,,7,0,1,1,0,1,1,1,1,1,0,0
10807,,105,0,1,1,0,1,1,1,1,1,0,0
10808,,105,1,0,1,1,0,1,0,0,0,0,0
10809,,10,0,1,1,0,1,1,9,0.189813,0.193697,0,0
10811,,11,0,2,2,0,2,2,8,0.249599,0.258766,0,1
10812,,7,0,3,3,0,3,3,8,0.23776,0.246113,0,0.166667
10814,,11,0,2,2,0,2,2,8,0.222873,0.229949,0,0
10817,,10,0,1,1,0,1,1,9,0.203588,0.208667,0,0
10818,,16,0,1,1,0,1,1,8,0.257544,0.268689,0,0
10820,,7,0,1,1,0,1,1,9,0.20921,0.214873,0,0
10821,,7,0,6,6,0,6,6,8,0.252352,0.262046,0,0.433333
10822,,7,0,2,2,0,2,2,9,0.230376,0.237982,0,0
10823,,5,0,1,1,0,1,1,9,0.227426,0.23419,0,0
10825,,24,0,1,1,0,1,1,8,0.22375,0.230857,0,0
22613,,15,1,0,1,1,0,1,0,0,0,0,0
10827,,16,0,1,1,0,1,1,10,0.161496,0.164257,0,0
10830,,16,0,2,2,0,2,2,9,0.206,0.211698,0,0
19725,,16,33,6,39,33,6,39,9,0.210933,0.216997,695651.833149,0.012605
10835,,21,0,1,1,0,1,1,2,0.666667,0.75,0,0
10836,,21,1,1,2,1,1,2,1,1,1,1,0
10838,,7,0,1,1,0,1,1,9,0.200066,0.204368,0,0
10841,,10,1,4,5,1,4,5,8,0.274932,0.288001,137.320859,0.25
10843,,7,0,23,23,0,23,23,8,0.288691,0.303975,0,0.128458
10848,,11,0,1,1,0,1,1,9,0.225085,0.231702,0,0
10850,,7,0,1,1,0,1,1,9,0.20749,0.212706,0,0
10851,,0,1,2,3,1,2,3,8,0.238909,0.246948,1306.098228,0.333333
10853,,8,0,1,1,0,1,1,9,0.218122,0.224516,0,0
10855,,16,0,1,1,0,1,1,9,0.214084,0.219917,0,0
10856,,16,0,2,2,0,2,2,8,0.262766,0.273505,0,0
10864,,16,0,1,1,0,1,1,8,0.236961,0.24442,0,0
10866,,10,0,1,1,0,1,1,8,0.239167,0.246988,0,0
10867,,16,0,1,1,0,1,1,8,0.230955,0.238384,0,0
10869,,24,0,2,2,0,2,2,8,0.264796,0.27606,0,1
10870,,16,1,2,3,1,2,3,8,0.258492,0.269959,561.904254,0.333333
10871,,11,0,1,1,0,1,1,8,0.251382,0.261452,0,0
10872,,10,0,3,3,0,3,3,9,0.21711,0.223552,0,0
12460,,10,1,0,1,1,0,1,0,0,0,0,0
13105,,10,2,0,2,2,0,2,0,0,0,0,0
10873,,8,0,1,1,0,1,1,8,0.253959,0.263295,0,0
10874,,8,0,1,1,0,1,1,9,0.227168,0.234544,0,0
10875,,11,0,1,1,0,1,1,8,0.244433,0.254493,0,0
10876,,15,0,1,1,0,1,1,8,0.220725,0.227864,0,0
10877,,9,0,1,1,0,1,1,9,0.214812,0.220722,0,0
10883,,11,0,1,1,0,1,1,9,0.226657,0.233753,0,0
10885,,11,0,3,3,0,3,3,9,0.209645,0.215431,0,0
10886,,1,0,1,1,0,1,1,9,0.196738,0.201165,0,0
22866,,1,1,1,2,1,1,2,9,0.196731,0.201149,0,0
10888,,8,0,1,1,0,1,1,1,1,1,0,0
14054,,11,1,2,3,1,2,3,8,0.243863,0.252655,0,1
16581,,11,1,1,2,1,1,2,8,0.232822,0.23992,0,0
22174,,11,2,2,4,2,2,4,8,0.236344,0.243864,423.457174,0.166667
10890,,8,0,1,1,0,1,1,8,0.262756,0.273466,0,0
10891,,8,0,1,1,0,1,1,8,0.226185,0.232941,0,0
10893,,11,0,1,1,0,1,1,8,0.234266,0.242061,0,0
14772,,16,3,1,4,3,1,4,9,0.209781,0.215658,0,0.666667
24821,,3,2,3,5,2,3,5,12,0.132344,0.134116,22.916667,0.15
27440,,3,1,0,1,1,0,1,0,0,0,0,0
30550,,3,1,0,1,1,0,1,0,0,0,0,0
10902,,8,2,2,4,2,2,4,9,0.189962,0.194038,745.818532,0.166667
10904,,11,0,1,1,0,1,1,10,0.188449,0.192861,0,0
10908,,7,0,1,1,0,1,1,8,0.224717,0.231687,0,0
10909,,0,0,1,1,0,1,1,8,0.228936,0.236648,0,0
10911,,11,0,1,1,0,1,1,1,1,1,0,0
10914,,6,1,4,5,1,4,5,8,0.247688,0.25724,18827,0.166667
22549,,6,1,1,2,1,1,2,9,0.19852,0.203273,0,0
10916,,12,0,1,1,0,1,1,9,0.213606,0.219549,0,0
10917,,5,1,2,3,1,2,3,8,0.245143,0.253643,5.071755,0.666667
10919,,18,0,1,1,0,1,1,9,0.21286,0.218905,0,0
10923,,16,0,2,2,0,2,2,9,0.210715,0.216584,0,0.5
10929,,11,0,2,2,0,2,2,8,0.239046,0.246925,0,0
10930,,8,0,1,1,0,1,1,9,0.198884,0.203512,0,0
17588,,15,2,3,5,2,3,5,8,0.239164,0.247617,37.876414,0.333333
10932,,5,0,1,1,0,1,1,9,0.198461,0.20316,0,0
10934,,6,0,1,1,0,1,1,9,0.216335,0.222572,0,0
10936,,9,0,1,1,0,1,1,1,1,1,0,0
10937,,9,0,1,1,0,1,1,1,1,1,0,0
10938,,11,0,1,1,0,1,1,9,0.222778,0.22953,0,0
13574,,5,1,0,1,1,0,1,0,0,0,0,0
10943,,24,0,2,2,0,2,2,8,0.245838,0.254734,0,1
10946,,10,0,1,1,0,1,1,9,0.226963,0.233954,0,0
10949,,16,0,1,1,0,1,1,9,0.234736,0.243231,0,0
10950,,15,0,2,2,0,2,2,9,0.201371,0.206323,0,0.5
10951,,9,0,4,4,0,4,4,9,0.212382,0.218961,0,0.25
10956,,11,0,1,1,0,1,1,8,0.232418,0.240737,0,0
10957,,15,0,2,2,0,2,2,9,0.226175,0.233299,0,0.5
10958,,8,0,1,1,0,1,1,9,0.216542,0.222727,0,0
10959,,11,0,2,2,0,2,2,9,0.231296,0.23846,0,0.5
10963,,0,0,1,1,0,1,1,9,0.222605,0.230046,0,0
10964,,8,0,1,1,0,1,1,1,1,1,0,0
10965,,11,0,1,1,0,1,1,9,0.199183,0.203979,0,0
10967,,16,0,1,1,0,1,1,1,1,1,0,0
10969,,7,0,1,1,0,1,1,9,0.235473,0.242933,0,0
10972,,7,0,6,6,0,6,6,8,0.240226,0.250167,0,0.133333
10974,,12,0,1,1,0,1,1,8,0.236841,0.24458,0,0
10975,,10,0,3,3,0,3,3,8,0.242008,0.250415,0,0.333333
10976,,12,0,1,1,0,1,1,8,0.235576,0.242737,0,0
10979,,6,0,2,2,0,2,2,8,0.249153,0.258898,0,1
10982,,9,0,2,2,0,2,2,9,0.185526,0.189906,0,0.5
10983,,0,0,1,1,0,1,1,9,0.192963,0.197351,0,0
10984,,0,0,2,2,0,2,2,8,0.230865,0.238719,0,1
10986,,24,0,1,1,0,1,1,9,0.22101,0.227171,0,0
11086,,15,2,4,6,2,4,6,8,0.225084,0.232737,28380.948671,0.2
10988,,9,0,1,1,0,1,1,1,1,1,0,0
10991,,7,1,2,3,1,2,3,9,0.214775,0.220759,18827,0
21874,,7,1,1,2,1,1,2,10,0.176804,0.180089,0,0
10993,,9,0,3,3,0,3,3,9,0.199849,0.205142,0,0.5
10995,,0,0,1,1,0,1,1,8,0.230717,0.238683,0,0
10996,,7,0,1,1,0,1,1,8,0.23992,0.247233,0,0
10997,,9,0,3,3,0,3,3,9,0.235488,0.243009,0,0
35505,,9,1,0,1,1,0,1,0,0,0,0,0
10999,,7,0,3,3,0,3,3,8,0.253668,0.263407,0,0.166667
11000,,9,0,2,2,0,2,2,9,0.185526,0.189906,0,0.5
11001,,11,0,2,2,0,2,2,8,0.231054,0.238594,0,1
11003,,15,0,6,6,0,6,6,8,0.262637,0.274079,0,0
31770,,15,1,0,1,1,0,1,0,0,0,0,0
33768,,15,1,0,1,1,0,1,0,0,0,0,0
11004,,9,0,2,2,0,2,2,10,0.164899,0.168058,0,0
11005,,9,0,1,1,0,1,1,1,1,1,0,0
11006,,9,0,1,1,0,1,1,1,1,1,0,0
11008,,7,0,3,3,0,3,3,9,0.246311,0.256013,0,0
11009,,7,0,1,1,0,1,1,9,0.215121,0.221624,0,0
11011,,11,0,1,1,0,1,1,9,0.20578,0.211261,0,0
20047,,7,2,0,2,2,0,2,0,0,0,0,0.5
23096,,9,1,7,8,1,7,8,8,0.236347,0.244731,5096.092888,0.285714
25797,,7,1,0,1,1,0,1,0,0,0,0,0
18403,,7,1,2,3,1,2,3,1,1,1,51952,0
22301,,21,1,0,1,1,0,1,0,0,0,0,0
11017,,11,0,1,1,0,1,1,8,0.234266,0.242061,0,0
11021,,3,0,2,2,0,2,2,9,0.215082,0.221252,0,0
11024,,9,0,3,3,0,3,3,9,0.199849,0.205142,0,0.5
11025,,9,0,1,1,0,1,1,1,1,1,0,0
11026,,5,0,1,1,0,1,1,9,0.207284,0.212645,0,0
11027,,15,0,1,1,0,1,1,10,0.180353,0.184084,0,0
11028,,24,0,1,1,0,1,1,9,0.231745,0.239907,0,0
11031,,12,0,1,1,0,1,1,8,0.236841,0.24458,0,0
11032,,9,0,1,1,0,1,1,1,1,1,0,0
11035,,11,0,1,1,0,1,1,8,0.235824,0.242716,0,0
11038,,12,1,2,3,1,2,3,8,0.235586,0.242777,765.299005,0
11039,,12,1,0,1,1,0,1,0,0,0,0,0
11043,,8,0,4,4,0,4,4,8,0.243309,0.25142,0,0.083333
11044,,8,0,4,4,0,4,4,9,0.213044,0.219282,0,0.166667
23614,,8,1,1,2,1,1,2,9,0.202263,0.207249,32.031336,0
11046,,4,8,4,12,8,4,12,10,0.180556,0.184068,233030.334499,0.166667
31617,,4,10,2,12,10,2,12,11,0.152944,0.15507,28237.5,0.177778
32791,,4,2,3,5,2,3,5,11,0.152945,0.155097,9412.5,0.583333
11047,,8,0,2,2,0,2,2,8,0.249467,0.25914,0,1
11051,,24,0,1,1,0,1,1,9,0.218761,0.22523,0,0
11054,,24,0,1,1,0,1,1,9,0.218761,0.22523,0,0
11056,,106,0,1,1,0,1,1,1,1,1,0,0
11057,,106,1,0,1,1,0,1,0,0,0,0,0
11061,,12,1,0,1,1,0,1,0,0,0,0,0
16551,,12,1,1,2,1,1,2,9,0.217949,0.224278,0,0
19685,,12,1,0,1,1,0,1,0,0,0,0,0
21272,,12,1,1,2,1,1,2,9,0.217949,0.224278,0,0
22466,,12,1,0,1,1,0,1,0,0,0,0,0
11063,,7,0,1,1,0,1,1,9,0.239538,0.247501,0,0
11064,,9,0,2,2,0,2,2,9,0.185526,0.189906,0,0.5
11065,,9,0,2,2,0,2,2,9,0.185526,0.189906,0,0.5
11066,,7,0,5,5,0,5,5,8,0.256066,0.265952,0,0.2
11067,,10,0,1,1,0,1,1,9,0.232941,0.240927,0,0
12144,,12,2,4,6,2,4,6,10,0.172738,0.175982,18826,0.333333
14990,,12,2,0,2,2,0,2,0,0,0,0,0.5
11070,,0,0,2,2,0,2,2,9,0.209422,0.215337,0,0.5
11071,,19,0,1,1,0,1,1,9,0.222431,0.229647,0,0
11072,,11,0,1,1,0,1,1,9,0.216719,0.222904,0,0
11074,,5,0,1,1,0,1,1,9,0.22971,0.237607,0,0
11078,,7,0,1,1,0,1,1,9,0.200066,0.204368,0,0
11079,,16,0,1,1,0,1,1,9,0.234736,0.243231,0,0
11080,,8,0,1,1,0,1,1,9,0.239963,0.248532,0,0
19120,,8,1,2,3,1,2,3,8,0.247786,0.256751,15.211549,0.166667
29312,,8,1,0,1,1,0,1,0,0,0,0,0
11083,,10,0,1,1,0,1,1,9,0.222352,0.229209,0,0
11084,,107,0,1,1,0,1,1,1,1,1,0,0
11085,,107,1,0,1,1,0,1,0,0,0,0,0
11097,,11,0,1,1,0,1,1,9,0.185792,0.189794,0,0
24820,,11,1,0,1,1,0,1,0,0,0,0,0
11100,,10,0,1,1,0,1,1,8,0.23897,0.247046,0,0
11101,,11,0,1,1,0,1,1,9,0.192872,0.197718,0,0
24021,,6,3,0,3,3,0,3,0,0,0,0,0
19782,,11,2,4,6,2,4,6,8,0.232897,0.241397,10717.183839,0.366667
11105,,12,0,1,1,0,1,1,9,0.213606,0.219549,0,0
11106,,5,0,1,1,0,1,1,1,1,1,0,0
11109,,8,0,1,1,0,1,1,1,1,1,0,0
11110,,11,0,1,1,0,1,1,8,0.246659,0.25616,0,0
11115,,108,0,1,1,0,1,1,1,1,1,0,0
11116,,108,1,0,1,1,0,1,0,0,0,0,0
11121,,9,1,7,8,1,7,8,9,0.200454,0.206029,18827,0.178571
11122,,7,0,1,1,0,1,1,9,0.222499,0.229441,0,0
11124,,0,0,1,1,0,1,1,10,0.183581,0.187692,0,0
11126,,8,0,1,1,0,1,1,8,0.262756,0.273466,0,0
11128,,12,0,1,1,0,1,1,9,0.194264,0.198569,0,0
11133,,1,0,2,2,0,2,2,8,0.260542,0.272181,0,0.5
11134,,13,0,1,1,0,1,1,8,0.235883,0.243933,0,0
11135,,8,0,1,1,0,1,1,9,0.233264,0.241028,0,0
11139,,3,0,1,1,0,1,1,10,0.173284,0.176362,0,0
11140,,15,0,1,1,0,1,1,9,0.220127,0.227165,0,0
11141,,0,0,1,1,0,1,1,8,0.242388,0.250662,0,0
11142,,8,0,1,1,0,1,1,9,0.212293,0.218053,0,0
11146,,16,0,3,3,0,3,3,8,0.238238,0.245857,0,0.166667
11149,,7,0,1,1,0,1,1,8,0.227127,0.233591,0,0
11151,,109,1,1,2,1,1,2,1,1,1,0,0
11152,,109,1,1,2,1,1,2,1,1,1,0,0
11153,,16,0,1,1,0,1,1,8,0.257544,0.268689,0,0
11154,,7,0,2,2,0,2,2,8,0.251573,0.261647,0,0.5
11156,,5,0,1,1,0,1,1,9,0.223511,0.230581,0,0
11160,,9,0,1,1,0,1,1,10,0.178413,0.181892,0,0
11162,,11,0,1,1,0,1,1,8,0.222226,0.228739,0,0
11163,,12,0,1,1,0,1,1,9,0.217956,0.224292,0,0
12746,,0,1,0,1,1,0,1,0,0,0,0,0
19456,,9,1,0,1,1,0,1,0,0,0,0,0
19483,,9,2,0,2,2,0,2,0,0,0,0,0
19679,,9,1,0,1,1,0,1,0,0,0,0,0
23348,,9,1,0,1,1,0,1,0,0,0,0,0
23400,,9,1,0,1,1,0,1,0,0,0,0,0
24082,,9,1,0,1,1,0,1,0,0,0,0,0
11167,,0,0,1,1,0,1,1,9,0.224787,0.232402,0,0
11408,,15,1,3,4,1,3,4,8,0.240336,0.248879,10.170028,0.5
11170,,7,0,1,1,0,1,1,9,0.20921,0.214873,0,0
11171,,10,0,1,1,0,1,1,8,0.239167,0.246988,0,0
11172,,8,0,1,1,0,1,1,1,1,1,0,0
11173,,11,0,2,2,0,2,2,8,0.247505,0.257413,0,0
11174,,11,0,1,1,0,1,1,9,0.231783,0.240091,0,0
12413,,2,1,0,1,1,0,1,0,0,0,0,0
11176,,7,0,1,1,0,1,1,9,0.192226,0.196858,0,0
11177,,7,0,2,2,0,2,2,9,0.228997,0.236556,0,0
11180,,11,2,1,3,2,1,3,8,0.231947,0.238987,1732.074927,0.333333
11181,,15,0,1,1,0,1,1,9,0.220297,0.227161,0,0
11182,,5,0,1,1,0,1,1,8,0.23893,0.247221,0,0
11184,,11,0,1,1,0,1,1,9,0.201455,0.206503,0,0
21100,,10,1,0,1,1,0,1,0,0,0,0,0
11192,,12,0,3,3,0,3,3,8,0.237155,0.244993,0,0.166667
11194,,7,0,1,1,0,1,1,9,0.200066,0.204368,0,0
11196,,5,0,1,1,0,1,1,10,0.19324,0.19784,0,0
11197,,10,0,2,2,0,2,2,8,0.235011,0.243425,0,0
11199,,15,1,0,1,1,0,1,0,0,0,0,0
11201,,8,0,2,2,0,2,2,8,0.263706,0.274129,0,0.5
11203,,8,0,1,1,0,1,1,9,0.215792,0.221921,0,0
11204,,7,0,1,1,0,1,1,8,0.244345,0.253397,0,0
11205,,10,0,1,1,0,1,1,9,0.229337,0.237191,0,0
27441,,2,1,1,2,1,1,2,1,1,1,4.166667,0
11210,,5,0,2,2,0,2,2,8,0.246863,0.255848,0,0
17030,,5,1,2,3,1,2,3,9,0.201305,0.205967,25979.188241,0.166667
27076,,7,1,1,2,1,1,2,9,0.196053,0.200509,0,0
35714,,7,1,0,1,1,0,1,0,0,0,0,0
11218,,11,0,1,1,0,1,1,8,0.251382,0.261452,0,0
11221,,15,0,1,1,0,1,1,10,0.179156,0.182314,0,0
11222,,1,0,1,1,0,1,1,9,0.217487,0.223937,0,0
11223,,15,0,1,1,0,1,1,9,0.218893,0.225422,0,0
11225,,2,0,1,1,0,1,1,8,0.261475,0.272568,0,0
11227,,8,0,1,1,0,1,1,9,0.212775,0.218697,0,0
11230,,5,0,1,1,0,1,1,9,0.200368,0.205306,0,0
11232,,15,0,1,1,0,1,1,9,0.227687,0.23488,0,0
11233,,10,0,1,1,0,1,1,9,0.223394,0.230421,0,0
11234,,5,0,2,2,0,2,2,1,1,1,0,0
23698,,5,2,0,2,2,0,2,0,0,0,0,0
15775,,16,1,0,1,1,0,1,0,0,0,0,0
11238,,2,0,1,1,0,1,1,8,0.261475,0.272568,0,0
11240,,2,0,1,1,0,1,1,8,0.261475,0.272568,0,0
11245,,8,0,1,1,0,1,1,8,0.262756,0.273466,0,0
11247,,8,0,3,3,0,3,3,8,0.248459,0.257156,0,0.333333
11248,,0,0,2,2,0,2,2,8,0.23112,0.239088,0,0.5
11249,,11,1,1,2,1,1,2,8,0.234108,0.241443,18827,0
11250,,10,0,1,1,0,1,1,9,0.227654,0.235503,0,0
11251,,16,0,1,1,0,1,1,8,0.232025,0.239654,0,0
11252,,8,0,1,1,0,1,1,9,0.224027,0.230383,0,0
11254,,11,0,1,1,0,1,1,9,0.22883,0.235861,0,0
11255,,11,0,1,1,0,1,1,8,0.251382,0.261452,0,0
11256,,24,0,1,1,0,1,1,10,0.190562,0.194838,0,0
11257,,7,0,7,7,0,7,7,8,0.268302,0.280138,0,0.285714
11259,,11,0,1,1,0,1,1,9,0.228167,0.235675,0,0
14394,,3,3,5,8,3,5,8,10,0.177587,0.181223,37761.538147,0.333333
28794,,3,2,0,2,2,0,2,0,0,0,0,0.5
11264,,10,0,2,2,0,2,2,9,0.209608,0.215965,0,0
32716,,10,1,0,1,1,0,1,0,0,0,0,0
15281,,1,1,1,2,1,1,2,8,0.229124,0.236483,0,1
16568,,1,1,0,1,1,0,1,0,0,0,0,0
29648,,1,1,0,1,1,0,1,0,0,0,0,0
11267,,8,0,1,1,0,1,1,9,0.233264,0.241028,0,0
11269,,11,0,1,1,0,1,1,8,0.251382,0.261452,0,0
11270,,1,1,2,3,1,2,3,1,1,1,4,0
11271,,110,1,1,2,1,1,2,1,1,1,0,0
11272,,110,1,1,2,1,1,2,1,1,1,0,0
11274,,16,1,1,2,1,1,2,8,0.23138,0.239292,324.938628,0
11275,,9,0,4,4,0,4,4,8,0.236621,0.245183,0,0.166667
11276,,7,0,1,1,0,1,1,9,0.207293,0.21267,0,0
11277,,16,0,1,1,0,1,1,9,0.207147,0.212822,0,0
11278,,8,0,1,1,0,1,1,8,0.262756,0.273466,0,0
11279,,7,0,4,4,0,4,4,8,0.264755,0.275877,0,0.25
11282,,7,0,2,2,0,2,2,8,0.239435,0.248517,0,0.5
11283,,15,0,1,1,0,1,1,9,0.220297,0.227161,0,0
11284,,7,0,1,1,0,1,1,8,0.265449,0.276753,0,0
11285,,5,0,1,1,0,1,1,8,0.251664,0.260845,0,0
14761,,11,1,0,1,1,0,1,0,0,0,0,0
14470,,11,3,2,5,3,2,5,8,0.23815,0.247445,63625,0
23814,,11,1,3,4,1,3,4,8,0.272009,0.283766,2269.623206,0.333333
27376,,11,2,0,2,2,0,2,0,0,0,0,1
26307,,11,2,2,4,2,2,4,9,0.224641,0.232346,562.787394,0.166667
28855,,11,1,0,1,1,0,1,0,0,0,0,0
29918,,10,1,2,3,1,2,3,8,0.241793,0.250376,573.356798,0
30250,,11,1,2,3,1,2,3,8,0.274652,0.287406,8011.04139,0.5
29521,,11,2,0,2,2,0,2,0,0,0,0,1
28874,,11,3,4,7,3,4,7,8,0.238174,0.247551,1104.232861,0.6
30796,,11,1,0,1,1,0,1,0,0,0,0,0
30867,,11,1,1,2,1,1,2,9,0.206231,0.211969,0,1
31217,,11,1,0,1,1,0,1,0,0,0,0,0
31446,,11,3,3,6,3,3,6,8,0.238162,0.247498,25974,0.666667
31361,,11,3,1,4,3,1,4,9,0.20124,0.206559,0,1
24733,,11,1,5,6,1,5,6,8,0.254619,0.265506,5136.560114,0.25
33449,,11,1,0,1,1,0,1,0,0,0,0,0
33685,,11,2,0,2,2,0,2,0,0,0,0,1
33666,,11,1,2,3,1,2,3,8,0.238147,0.247436,0,0.5
30775,,11,2,1,3,2,1,3,8,0.238144,0.247409,0,0.5
13966,,24,1,19,20,1,19,20,8,0.226858,0.234238,113251.964064,0.028947
13260,,24,7,4,11,7,4,11,9,0.234999,0.24372,94829.445163,0.054545
11291,,10,0,1,1,0,1,1,9,0.225592,0.232933,0,0
11292,,16,1,1,2,1,1,2,1,1,1,1,0
11293,,16,1,0,1,1,0,1,0,0,0,0,0
11295,,5,0,1,1,0,1,1,8,0.228875,0.236469,0,0
26761,,11,1,0,1,1,0,1,0,0,0,0,0
28875,,11,2,0,2,2,0,2,0,0,0,0,0.5
29677,,11,1,1,2,1,1,2,9,0.206229,0.211961,0,0
11297,,11,0,1,1,0,1,1,8,0.244433,0.254493,0,0
11302,,12,0,1,1,0,1,1,1,1,1,0,0
11306,,8,0,1,1,0,1,1,9,0.208876,0.214129,0,0
11308,,21,0,1,1,0,1,1,1,1,1,0,0
11311,,9,0,2,2,0,2,2,9,0.20344,0.208181,0,0.5
11312,,9,1,2,3,1,2,3,9,0.212975,0.218772,515.235142,0.166667
29326,,2,1,0,1,1,0,1,0,0,0,0,0
11315,,21,0,1,1,0,1,1,9,0.221969,0.229196,0,0
11316,,8,2,5,7,2,5,7,8,0.266352,0.278086,46815.83118,0.1
27537,,8,1,1,2,1,1,2,9,0.210332,0.215904,0,0
12438,,16,1,1,2,1,1,2,9,0.187631,0.191564,0,0
31282,,7,1,1,2,1,1,2,1,1,1,0.5,0
33159,,8,1,1,2,1,1,2,9,0.231505,0.239093,47.097717,0
11332,,8,0,1,1,0,1,1,9,0.236556,0.244293,0,0
11333,,7,0,2,2,0,2,2,8,0.252319,0.261825,0,0.5
12595,,11,1,0,1,1,0,1,0,0,0,0,0
27055,,11,1,0,1,1,0,1,0,0,0,0,0
32650,,11,1,0,1,1,0,1,0,0,0,0,0
11337,,8,0,1,1,0,1,1,9,0.236556,0.244293,0,0
11339,,16,0,1,1,0,1,1,8,0.257544,0.268689,0,0
11342,,11,1,2,3,1,2,3,8,0.234283,0.242117,18829,0
11346,,2,0,2,2,0,2,2,8,0.262068,0.273224,0,1
11347,,5,0,1,1,0,1,1,9,0.199731,0.204756,0,0
11349,,6,1,0,1,1,0,1,0,0,0,0,0
22860,,6,2,4,6,2,4,6,8,0.249582,0.259426,6.07026,0.75
23169,,6,2,1,3,2,1,3,8,0.236751,0.244734,0,1
22760,,6,1,3,4,1,3,4,8,0.23886,0.247034,0,1
24300,,6,1,0,1,1,0,1,0,0,0,0,0
24356,,6,1,1,2,1,1,2,8,0.247392,0.256732,0,1
24787,,6,1,0,1,1,0,1,0,0,0,0,0
28304,,6,2,5,7,2,5,7,8,0.274032,0.286597,2095.830639,0.333333
30263,,6,1,2,3,1,2,3,8,0.253453,0.263983,0,0.666667
11350,,0,0,1,1,0,1,1,8,0.230686,0.237852,0,0
11351,,11,0,1,1,0,1,1,9,0.231783,0.240091,0,0
11352,,2,0,2,2,0,2,2,8,0.261555,0.272695,0,0.5
11353,,10,0,1,1,0,1,1,8,0.233638,0.242002,0,0
11355,,16,0,1,1,0,1,1,8,0.230955,0.238384,0,0
11356,,3,0,2,2,0,2,2,9,0.233531,0.24133,0,0
11357,,15,0,1,1,0,1,1,8,0.232907,0.239721,0,0
11358,,237,4,7,11,4,7,11,8,0.233125,0.241596,63711.512138,0.288889
11649,,237,1,1,2,1,1,2,9,0.189054,0.193405,0,0
11686,,237,2,1,3,2,1,3,9,0.199756,0.204967,0,0.5
11359,,8,0,1,1,0,1,1,1,1,1,0,0
11362,,11,0,1,1,0,1,1,9,0.224856,0.232784,0,0
11364,,0,0,1,1,0,1,1,9,0.202589,0.207926,0,0
11365,,8,1,4,5,1,4,5,8,0.25359,0.264042,25.722377,0.05
11367,,2,0,2,2,0,2,2,8,0.269573,0.281947,0,0.5
11368,,2,0,1,1,0,1,1,8,0.261475,0.272568,0,0
11372,,7,0,1,1,0,1,1,9,0.235473,0.242933,0,0
11373,,10,1,1,2,1,1,2,8,0.234826,0.242215,0,1
11374,,16,0,9,9,0,9,9,8,0.273521,0.285762,0,0.083333
11375,,2,0,1,1,0,1,1,10,0.194761,0.199416,0,0
11377,,6,1,0,1,1,0,1,0,0,0,0,0
11379,,8,0,2,2,0,2,2,9,0.226207,0.233757,0,0
11380,,15,1,2,3,1,2,3,9,0.188821,0.192933,26079.231379,0
28004,,15,1,0,1,1,0,1,0,0,0,0,0
28100,,16,1,0,1,1,0,1,0,0,0,0,0
11386,,8,0,1,1,0,1,1,1,1,1,0,0
11387,,8,0,2,2,0,2,2,9,0.227819,0.235469,0,1
11388,,0,0,1,1,0,1,1,8,0.242388,0.250662,0,0
11389,,7,0,5,5,0,5,5,7,0.293892,0.308469,0,0.4
11390,,111,0,1,1,0,1,1,1,1,1,0,0
11391,,111,1,0,1,1,0,1,0,0,0,0,0
11392,,7,0,1,1,0,1,1,9,0.226164,0.233246,0,0
11393,,5,0,1,1,0,1,1,9,0.209905,0.215222,0,0
11394,,0,0,1,1,0,1,1,8,0.230686,0.237852,0,0
11396,,11,0,1,1,0,1,1,9,0.218269,0.224871,0,0
11397,,11,0,1,1,0,1,1,9,0.218269,0.224871,0,0
34030,,8,1,0,1,1,0,1,0,0,0,0,0
11402,,7,0,1,1,0,1,1,8,0.226935,0.234515,0,0
11404,,11,0,1,1,0,1,1,9,0.225449,0.232754,0,0
11406,,11,0,1,1,0,1,1,9,0.218269,0.224871,0,0
11412,,6,0,146,146,0,146,146,7,0.309213,0.330765,0,0.025272
11413,,7,1,3,4,1,3,4,9,0.248581,0.258846,18.465976,0.25
11980,,6,1,0,1,1,0,1,0,0,0,0,0
12337,,6,1,0,1,1,0,1,0,0,0,0,0
12400,,6,1,0,1,1,0,1,0,0,0,0,0
12420,,6,1,0,1,1,0,1,0,0,0,0,0
12499,,6,1,0,1,1,0,1,0,0,0,0,0
12679,,6,1,0,1,1,0,1,0,0,0,0,0
12728,,6,1,0,1,1,0,1,0,0,0,0,0
13056,,6,2,3,5,2,3,5,8,0.257351,0.268391,61.981704,0.45
13713,,6,1,0,1,1,0,1,0,0,0,0,0
13821,,6,1,0,1,1,0,1,0,0,0,0,0
13734,,8,1,1,2,1,1,2,9,0.219388,0.22606,0,0.5
13896,,6,1,0,1,1,0,1,0,0,0,0,0
13971,,16,2,0,2,2,0,2,0,0,0,0,0
14339,,6,1,0,1,1,0,1,0,0,0,0,0
14498,,6,1,0,1,1,0,1,0,0,0,0,0
14850,,6,2,0,2,2,0,2,0,0,0,0,0
11414,,5,0,1,1,0,1,1,8,0.230249,0.237146,0,0
11415,,11,0,1,1,0,1,1,8,0.236167,0.244733,0,0
11416,,13,0,2,2,0,2,2,9,0.224305,0.23151,0,0
11417,,10,0,1,1,0,1,1,9,0.216065,0.222896,0,0
16219,,6,1,0,1,1,0,1,0,0,0,0,0
11422,,11,0,1,1,0,1,1,8,0.251382,0.261452,0,0
11423,,7,0,5,5,0,5,5,8,0.258357,0.268844,0,0.25
27584,,7,1,3,4,1,3,4,9,0.223325,0.230706,31.801401,0
11424,,11,0,1,1,0,1,1,9,0.218269,0.224871,0,0
11425,,15,0,1,1,0,1,1,9,0.208139,0.213323,0,0
27945,,2,1,1,2,1,1,2,9,0.226462,0.234214,8.871329,0
11429,,18,0,1,1,0,1,1,9,0.21286,0.218905,0,0
11430,,16,1,1,2,1,1,2,9,0.205917,0.211466,18827,0
11432,,16,0,1,1,0,1,1,10,0.170763,0.173896,0,0
11435,,21,0,1,1,0,1,1,2,0.666667,0.75,0,0
11436,,7,0,1,1,0,1,1,1,1,1,0,0
11439,,10,0,1,1,0,1,1,8,0.224819,0.231434,0,0
11440,,0,0,4,4,0,4,4,9,0.214627,0.220952,0,0
11441,,0,1,0,1,1,0,1,0,0,0,0,0
11443,,8,0,1,1,0,1,1,9,0.209226,0.214674,0,0
11446,,112,0,1,1,0,1,1,2,0.666667,0.75,0,0
11447,,112,2,1,3,2,1,3,1,1,1,1,0
13626,,112,1,1,2,1,1,2,1,1,1,0,0
11448,,18,0,1,1,0,1,1,9,0.21286,0.218905,0,0
11450,,11,0,1,1,0,1,1,8,0.23949,0.247366,0,0
25783,,8,2,3,5,2,3,5,9,0.194137,0.198468,77925,0.083333
28017,,8,1,0,1,1,0,1,0,0,0,0,0
31057,,8,1,0,1,1,0,1,0,0,0,0,0
11454,,11,0,1,1,0,1,1,8,0.244433,0.254493,0,0
11455,,11,0,1,1,0,1,1,8,0.236167,0.244733,0,0
17722,,15,1,2,3,1,2,3,9,0.228946,0.236641,534.788327,0
11460,,7,0,1,1,0,1,1,9,0.214646,0.22062,0,0
11462,,16,0,1,1,0,1,1,9,0.19576,0.200829,0,0
11465,,1,0,1,1,0,1,1,10,0.178303,0.181862,0,0
11472,,16,0,1,1,0,1,1,1,1,1,0,0
11473,,1,0,2,2,0,2,2,9,0.240699,0.24969,0,1
11475,,2,0,2,2,0,2,2,8,0.262694,0.273961,0,0.5
11479,,8,0,7,7,0,7,7,9,0.227643,0.234976,0,0.071429
11481,,11,0,1,1,0,1,1,8,0.236167,0.244733,0,0
11487,,11,0,2,2,0,2,2,8,0.243416,0.253374,0,1
11489,,15,0,1,1,0,1,1,9,0.224567,0.23193,0,0
11490,,21,0,2,2,0,2,2,8,0.267433,0.278272,0,0.5
11492,,0,0,1,1,0,1,1,8,0.230853,0.23867,0,0
11493,,8,0,2,2,0,2,2,8,0.264328,0.275212,0,1
11496,,5,1,0,1,1,0,1,0,0,0,0,0
11573,,5,1,0,1,1,0,1,0,0,0,0,0
11500,,7,0,4,4,0,4,4,8,0.244393,0.252793,0,0.25
11504,,16,0,1,1,0,1,1,8,0.227767,0.235137,0,0
11506,,1,0,1,1,0,1,1,10,0.177427,0.180667,0,0
11507,,1,1,1,2,1,1,2,9,0.215686,0.221565,18827,0
11508,,18,0,1,1,0,1,1,9,0.21286,0.218905,0,0
12044,,8,1,3,4,1,3,4,9,0.227414,0.234329,28.966488,0.5
11511,,5,0,1,1,0,1,1,9,0.212622,0.218545,0,0
11515,,8,1,2,3,1,2,3,10,0.194076,0.198586,22100.881741,0.166667
11516,,6,0,1,1,0,1,1,9,0.224379,0.231258,0,0
11517,,7,0,1,1,0,1,1,8,0.240785,0.248809,0,0
11518,,11,0,1,1,0,1,1,9,0.196791,0.201133,0,0
26759,,11,2,0,2,2,0,2,0,0,0,0,0
17767,,11,1,2,3,1,2,3,7,0.293693,0.308119,10141.731945,0.5
11520,,6,0,1,1,0,1,1,1,1,1,0,0
23522,,11,1,0,1,1,0,1,0,0,0,0,0
11524,,10,0,1,1,0,1,1,9,0.229704,0.237714,0,0
11526,,8,0,1,1,0,1,1,8,0.248761,0.257751,0,0
32406,,12,1,1,2,1,1,2,9,0.196118,0.2007,0,0
11534,,2,0,2,2,0,2,2,9,0.238296,0.246773,0,0
22500,,2,1,0,1,1,0,1,0,0,0,0,0
27828,,6,1,0,1,1,0,1,0,0,0,0,0
11538,,8,0,1,1,0,1,1,8,0.262756,0.273466,0,0
11540,,113,0,1,1,0,1,1,1,1,1,0,0
11541,,113,1,0,1,1,0,1,0,0,0,0,0
11748,,11,1,1,2,1,1,2,9,0.192304,0.196803,0,0
11543,,7,0,2,2,0,2,2,9,0.219685,0.22641,0,0
25860,,6,1,0,1,1,0,1,0,0,0,0,0
11549,,11,0,1,1,0,1,1,8,0.251382,0.261452,0,0
11551,,8,0,1,1,0,1,1,9,0.218107,0.224532,0,0
11552,,8,0,1,1,0,1,1,9,0.230193,0.238549,0,0
11553,,7,0,1,1,0,1,1,10,0.171307,0.174434,0,0
11554,,7,1,1,2,1,1,2,9,0.206708,0.212248,18827,0
11560,,11,0,1,1,0,1,1,8,0.246114,0.255055,0,0
11562,,0,1,0,1,1,0,1,0,0,0,0,0
11563,,2,0,1,1,0,1,1,9,0.182969,0.186816,0,0
11564,,15,0,5,5,0,5,5,8,0.227415,0.235125,0,0.1
11565,,15,0,3,3,0,3,3,9,0.212224,0.218201,0,0
14746,,6,1,0,1,1,0,1,0,0,0,0,0
15105,,9,2,2,4,2,2,4,9,0.199847,0.205116,574.867762,0.25
11568,,8,0,1,1,0,1,1,8,0.262756,0.273466,0,0
11571,,8,0,5,5,0,5,5,8,0.257516,0.26758,0,0.15
11572,,8,0,4,4,0,4,4,8,0.226033,0.233497,0,0.416667
11574,,2,0,2,2,0,2,2,8,0.261493,0.272625,0,0.5
11576,,8,0,1,1,0,1,1,1,1,1,0,0
11577,,8,0,1,1,0,1,1,8,0.262756,0.273466,0,0
11578,,10,0,1,1,0,1,1,8,0.23897,0.247046,0,0
11579,,7,0,1,1,0,1,1,8,0.2284,0.235296,0,0
14348,,7,6,4,10,6,4,10,8,0.273296,0.28507,55131.942703,0.111111
16592,,7,1,0,1,1,0,1,0,0,0,0,0
18195,,7,1,0,1,1,0,1,0,0,0,0,0
18583,,7,1,0,1,1,0,1,0,0,0,0,0
20496,,7,1,1,2,1,1,2,8,0.228393,0.235282,0,0
22008,,7,1,0,1,1,0,1,0,0,0,0,0
22089,,7,1,0,1,1,0,1,0,0,0,0,0
23595,,7,1,0,1,1,0,1,0,0,0,0,0
25236,,7,1,0,1,1,0,1,0,0,0,0,0
27409,,7,1,0,1,1,0,1,0,0,0,0,0
13918,,7,2,2,4,2,2,4,8,0.243677,0.25238,392.413878,0.5
27638,,7,2,0,2,2,0,2,0,0,0,0,1
18067,,7,1,1,2,1,1,2,8,0.228393,0.235282,0,0
30212,,7,1,1,2,1,1,2,8,0.228393,0.235282,0,0
27637,,7,1,2,3,1,2,3,8,0.228396,0.235309,0,0.5
16986,,7,1,1,2,1,1,2,8,0.228393,0.235282,0,0
29439,,11,1,2,3,1,2,3,8,0.228927,0.235923,41.590953,0
32588,,7,1,0,1,1,0,1,0,0,0,0,0
11583,,8,0,1,1,0,1,1,8,0.262756,0.273466,0,0
11586,,18,0,1,1,0,1,1,9,0.21286,0.218905,0,0
11589,,0,0,1,1,0,1,1,8,0.230717,0.238683,0,0
13096,,11,1,1,2,1,1,2,9,0.226653,0.233748,0,1
11591,,7,0,2,2,0,2,2,8,0.267966,0.279519,0,1
11592,,15,0,1,1,0,1,1,9,0.215151,0.221458,0,0
11593,,11,4,3,7,4,3,7,8,0.240036,0.248009,83378.864931,0
11594,,11,1,0,1,1,0,1,0,0,0,0,0
11595,,11,0,2,2,0,2,2,8,0.23617,0.244759,0,1
11597,,11,0,1,1,0,1,1,10,0.188141,0.191967,0,0
11599,,8,0,1,1,0,1,1,8,0.241251,0.248887,0,0
11603,,8,1,3,4,1,3,4,8,0.265292,0.276638,18827,0
11604,,11,0,4,4,0,4,4,8,0.250602,0.261688,0,0.416667
11605,,8,0,1,1,0,1,1,10,0.183633,0.187494,0,0
11606,,5,0,3,3,0,3,3,9,0.231774,0.239995,0,0
26254,,5,3,0,3,3,0,3,0,0,0,0,0
26255,,5,3,0,3,3,0,3,0,0,0,0,0
11608,,114,0,1,1,0,1,1,1,1,1,0,0
11609,,114,1,0,1,1,0,1,0,0,0,0,0
11610,,19,0,1,1,0,1,1,9,0.216325,0.222422,0,0
11611,,11,0,1,1,0,1,1,8,0.237376,0.246856,0,0
11612,,0,0,1,1,0,1,1,9,0.185324,0.189097,0,0
11617,,11,0,1,1,0,1,1,9,0.190507,0.19471,0,0
11618,,1,0,2,2,0,2,2,8,0.234698,0.24219,0,0
11621,,10,0,1,1,0,1,1,9,0.221424,0.228568,0,0
11622,,24,0,2,2,0,2,2,9,0.213035,0.219279,0,0.5
11625,,8,0,1,1,0,1,1,9,0.197937,0.202473,0,0
22526,,16,1,1,2,1,1,2,8,0.231374,0.239285,0,1
25159,,16,1,0,1,1,0,1,0,0,0,0,0
11985,,16,1,1,2,1,1,2,9,0.217652,0.224245,177.906509,0
11628,,2,0,1,1,0,1,1,9,0.211627,0.217622,0,0
32823,,8,1,0,1,1,0,1,0,0,0,0,0
11631,,11,0,1,1,0,1,1,8,0.234514,0.24306,0,0
11632,,6,0,1,1,0,1,1,8,0.247395,0.256736,0,0
11634,,2,0,1,1,0,1,1,9,0.211627,0.217622,0,0
11639,,21,0,2,2,0,2,2,9,0.231296,0.23846,0,0
22826,,11,1,0,1,1,0,1,0,0,0,0,0
27726,,11,1,1,2,1,1,2,9,0.216573,0.223316,0,1
11643,,7,0,1,1,0,1,1,10,0.200283,0.205389,0,0
11644,,11,0,14,14,0,14,14,8,0.260942,0.272697,0,0.093407
11645,,11,0,1,1,0,1,1,1,1,1,0,0
11646,,11,2,0,2,2,0,2,0,0,0,0,0
11651,,24,4,4,8,4,4,8,8,0.262277,0.273575,22131.953634,0.071429
11652,,115,0,1,1,0,1,1,1,1,1,0,0
11653,,115,1,0,1,1,0,1,0,0,0,0,0
11655,,16,0,1,1,0,1,1,8,0.235753,0.244207,0,0
11662,,237,0,2,2,0,2,2,8,0.233103,0.241437,0,1
11663,,11,0,1,1,0,1,1,8,0.246659,0.25616,0,0
11664,,11,0,1,1,0,1,1,10,0.188176,0.192528,0,0
11666,,8,0,1,1,0,1,1,1,1,1,0,0
11669,,6,1,1,2,1,1,2,9,0.194532,0.19877,126.630331,0
16953,,16,8,2,10,8,2,10,9,0.192574,0.196603,97374.00476,0.053571
11671,,7,0,1,1,0,1,1,9,0.235473,0.242933,0,0
11672,,12,0,1,1,0,1,1,8,0.236841,0.24458,0,0
11673,,7,0,1,1,0,1,1,10,0.175604,0.178854,0,0
20436,,16,2,0,2,2,0,2,0,0,0,0,0.5
11675,,0,0,1,1,0,1,1,9,0.205609,0.210924,0,0
11678,,8,0,1,1,0,1,1,1,1,1,0,0
11679,,6,0,1,1,0,1,1,9,0.202563,0.207588,0,0
11684,,5,1,5,6,1,5,6,8,0.245883,0.255109,18827,0.1
29390,,16,2,0,2,2,0,2,0,0,0,0,0
11687,,7,0,1,1,0,1,1,8,0.263278,0.27399,0,0
11688,,12,0,1,1,0,1,1,9,0.213606,0.219549,0,0
11690,,8,0,1,1,0,1,1,10,0.174837,0.178037,0,0
11692,,0,0,1,1,0,1,1,8,0.242388,0.250662,0,0
17428,,10,1,1,2,1,1,2,8,0.234262,0.242056,0,1
11695,,2,0,1,1,0,1,1,9,0.207286,0.212647,0,0
11696,,2,1,1,2,1,1,2,8,0.261475,0.272568,18827,0
11697,,1,0,1,1,0,1,1,8,0.232406,0.239626,0,0
11699,,11,0,2,2,0,2,2,9,0.230981,0.238309,0,0
11700,,10,0,2,2,0,2,2,8,0.238054,0.245689,0,1
11701,,16,0,1,1,0,1,1,8,0.257544,0.268689,0,0
11702,,24,0,1,1,0,1,1,9,0.215382,0.221492,0,0
29446,,8,1,1,2,1,1,2,10,0.176583,0.179966,0,0
11707,,0,0,2,2,0,2,2,9,0.211932,0.218601,0,0
11708,,11,0,1,1,0,1,1,9,0.225635,0.232826,0,0
11710,,116,0,1,1,0,1,1,1,1,1,0,0
11711,,116,2,0,2,2,0,2,0,0,0,0,0
11712,,15,1,2,3,1,2,3,9,0.230271,0.237287,53.475293,0.166667
11713,,8,0,1,1,0,1,1,8,0.2336,0.240852,0,0
11715,,0,0,1,1,0,1,1,9,0.223974,0.230994,0,0
11716,,16,0,1,1,0,1,1,9,0.203992,0.208642,0,0
11718,,11,0,1,1,0,1,1,9,0.209622,0.215251,0,0
11719,,7,0,1,1,0,1,1,9,0.207609,0.212853,0,0
11720,,12,0,2,2,0,2,2,9,0.213608,0.219575,0,1
11722,,8,0,3,3,0,3,3,9,0.206228,0.21181,0,0
11723,,8,2,0,2,2,0,2,0,0,0,0,0
11724,,15,0,2,2,0,2,2,9,0.226071,0.233896,0,0
11725,,8,0,1,1,0,1,1,8,0.242826,0.251829,0,0
11726,,7,0,1,1,0,1,1,9,0.199038,0.203888,0,0
11732,,15,0,1,1,0,1,1,9,0.220297,0.227161,0,0
11733,,10,0,24,24,0,24,24,8,0.270775,0.283761,0,0.030797
11735,,24,0,1,1,0,1,1,1,1,1,0,0
11738,,8,0,6,6,0,6,6,8,0.27013,0.282216,0,0.266667
11740,,10,0,1,1,0,1,1,9,0.206242,0.211786,0,0
11741,,8,0,2,2,0,2,2,9,0.223069,0.229895,0,0
11742,,11,0,1,1,0,1,1,8,0.237376,0.246856,0,0
22039,,8,1,1,2,1,1,2,9,0.215292,0.221419,0,1
15759,,24,1,3,4,1,3,4,9,0.232799,0.240891,65.906101,0.166667
34050,,24,2,0,2,2,0,2,0,0,0,0,1
11751,,11,0,1,1,0,1,1,8,0.234514,0.24306,0,0
11753,,8,0,3,3,0,3,3,9,0.22041,0.226612,0,0
11755,,0,0,1,1,0,1,1,9,0.222216,0.229086,0,0
11756,,21,0,1,1,0,1,1,1,1,1,0,0
11758,,8,0,1,1,0,1,1,1,1,1,0,0
11760,,8,0,2,2,0,2,2,8,0.262954,0.27374,0,0.5
11761,,0,0,1,1,0,1,1,9,0.214952,0.221358,0,0
11762,,5,0,2,2,0,2,2,8,0.243996,0.253058,0,0.5
11763,,11,0,1,1,0,1,1,9,0.231783,0.240091,0,0
11765,,12,0,1,1,0,1,1,8,0.236841,0.24458,0,0
11766,,10,0,1,1,0,1,1,9,0.217091,0.223468,0,0
11771,,0,0,1,1,0,1,1,8,0.22747,0.234557,0,0
11772,,7,2,8,10,2,8,10,8,0.280679,0.293653,5627.666357,0.177778
11774,,21,1,1,2,1,1,2,8,0.240354,0.248397,545.368801,0
11776,,7,0,1,1,0,1,1,8,0.248387,0.257168,0,0
11777,,8,1,3,4,1,3,4,9,0.232517,0.240196,64.316268,0.166667
11778,,11,0,1,1,0,1,1,9,0.199733,0.205084,0,0
11779,,5,0,1,1,0,1,1,9,0.229028,0.236621,0,0
11783,,2,0,1,1,0,1,1,8,0.261475,0.272568,0,0
11785,,2,0,1,1,0,1,1,8,0.261475,0.272568,0,0
11791,,8,0,1,1,0,1,1,8,0.262756,0.273466,0,0
24705,,11,1,1,2,1,1,2,8,0.238524,0.246403,0,1
11795,,8,0,2,2,0,2,2,8,0.267414,0.278767,0,0.5
16326,,16,1,1,2,1,1,2,9,0.196143,0.201096,0,0
23263,,16,1,0,1,1,0,1,0,0,0,0,0
11799,,8,0,1,1,0,1,1,8,0.262756,0.273466,0,0
11801,,16,0,1,1,0,1,1,9,0.223048,0.230398,0,0
31085,,0,1,0,1,1,0,1,0,0,0,0,0
31086,,0,1,0,1,1,0,1,0,0,0,0,0
31087,,0,1,0,1,1,0,1,0,0,0,0,0
31088,,0,1,0,1,1,0,1,0,0,0,0,0
31090,,0,1,0,1,1,0,1,0,0,0,0,0
31091,,0,1,0,1,1,0,1,0,0,0,0,0
31093,,0,1,0,1,1,0,1,0,0,0,0,0
31094,,0,1,0,1,1,0,1,0,0,0,0,0
31095,,0,1,0,1,1,0,1,0,0,0,0,0
11803,,16,1,2,3,1,2,3,9,0.231777,0.239981,6.843613,0
11804,,11,0,1,1,0,1,1,8,0.23949,0.247366,0,0
11805,,11,0,3,3,0,3,3,8,0.248952,0.25921,0,0.333333
21480,,11,1,0,1,1,0,1,0,0,0,0,0
11806,,10,0,4,4,0,4,4,9,0.236043,0.244182,0,0.25
11807,,11,0,2,2,0,2,2,8,0.240955,0.249298,0,0.5
11810,,8,0,1,1,0,1,1,9,0.217981,0.22396,0,0
11814,,16,0,1,1,0,1,1,8,0.257544,0.268689,0,0
32340,,8,1,0,1,1,0,1,0,0,0,0,0
11816,,2,0,1,1,0,1,1,9,0.238286,0.246733,0,0
11817,,15,0,1,1,0,1,1,9,0.220297,0.227161,0,0
11819,,237,0,1,1,0,1,1,9,0.189051,0.193382,0,0
11822,,12,0,1,1,0,1,1,9,0.208155,0.213697,0,0
16610,,6,4,7,11,4,7,11,8,0.265881,0.27776,1686.174152,0.209091
18064,,6,1,1,2,1,1,2,8,0.247392,0.256732,0,1
30855,,6,1,0,1,1,0,1,0,0,0,0,0
34472,,6,1,0,1,1,0,1,0,0,0,0,0
11828,,15,0,1,1,0,1,1,8,0.23999,0.247696,0,0
13752,,16,3,3,6,3,3,6,9,0.214568,0.220923,19667.196532,0
30156,,5,1,1,2,1,1,2,9,0.190585,0.19498,12.398513,0
11831,,2,0,1,1,0,1,1,8,0.261475,0.272568,0,0
11832,,11,0,1,1,0,1,1,8,0.251382,0.261452,0,0
11834,,3,0,3,3,0,3,3,8,0.250113,0.259264,0,0.166667
11835,,15,0,2,2,0,2,2,8,0.248404,0.257272,0,0
11836,,7,0,6,6,0,6,6,8,0.273345,0.28608,0,0.166667
17864,,7,1,0,1,1,0,1,0,0,0,0,0
11837,,11,0,1,1,0,1,1,8,0.23949,0.247366,0,0
11840,,7,0,1,1,0,1,1,9,0.214766,0.220717,0,0
11841,,10,0,4,4,0,4,4,8,0.262661,0.273217,0,0
11843,,7,0,1,1,0,1,1,8,0.246941,0.255908,0,0
11844,,24,0,2,2,0,2,2,9,0.232297,0.240521,0,0
11845,,117,0,1,1,0,1,1,1,1,1,0,0
11846,,117,1,0,1,1,0,1,0,0,0,0,0
11847,,7,0,1,1,0,1,1,9,0.226164,0.233246,0,0
11849,,8,0,1,1,0,1,1,8,0.262756,0.273466,0,0
11850,,7,0,5,5,0,5,5,7,0.301865,0.31697,0,0.7
11851,,8,0,1,1,0,1,1,9,0.219898,0.226413,0,0
11857,,8,0,1,1,0,1,1,1,1,1,0,0
11861,,19,0,1,1,0,1,1,11,0.156779,0.159209,0,0
19499,,19,1,0,1,1,0,1,0,0,0,0,0
11863,,11,0,1,1,0,1,1,9,0.219685,0.226136,0,0
11868,,8,0,3,3,0,3,3,9,0.195872,0.200291,0,0
11869,,11,0,1,1,0,1,1,9,0.217716,0.223687,0,0
11871,,2,1,0,1,1,0,1,0,0,0,0,0
11875,,18,1,3,4,1,3,4,9,0.212909,0.219062,1.73359,0.333333
12216,,18,2,1,3,2,1,3,1,1,1,2,0.166667
11876,,0,0,1,1,0,1,1,9,0.185017,0.189215,0,0
11877,,8,0,1,1,0,1,1,9,0.211575,0.217218,0,0
11878,,8,0,1,1,0,1,1,3,0.5,0.611111,0,0
23648,,8,1,1,2,1,1,2,1,1,1,2,0
11881,,24,0,1,1,0,1,1,9,0.21389,0.220139,0,0
35242,,11,1,0,1,1,0,1,0,0,0,0,0
11883,,16,0,7,7,0,7,7,8,0.272677,0.285103,0,0.261905
11886,,5,0,1,1,0,1,1,9,0.214474,0.220598,0,0
11890,,8,0,3,3,0,3,3,8,0.244246,0.253512,0,0.833333
11891,,11,0,1,1,0,1,1,8,0.236167,0.244733,0,0
24682,,15,2,0,2,2,0,2,0,0,0,0,0
11894,,21,0,2,2,0,2,2,1,1,1,0,0
15032,,0,1,0,1,1,0,1,0,0,0,0,0
21711,,0,1,1,2,1,1,2,10,0.165372,0.168383,0,0
11902,,8,0,1,1,0,1,1,9,0.209089,0.214662,0,0
11904,,15,0,2,2,0,2,2,1,1,1,0,0
11905,,15,1,0,1,1,0,1,0,0,0,0,0
11906,,19,1,1,2,1,1,2,9,0.22243,0.229646,4336.493877,0
11909,,7,0,6,6,0,6,6,8,0.237562,0.245079,0,0.033333
11910,,7,0,1,1,0,1,1,9,0.226164,0.233246,0,0
11918,,11,0,1,1,0,1,1,8,0.234514,0.24306,0,0
14752,,11,1,0,1,1,0,1,0,0,0,0,0
11922,,12,0,2,2,0,2,2,9,0.195022,0.200175,0,0
11923,,12,1,0,1,1,0,1,0,0,0,0,0
11925,,8,1,3,4,1,3,4,9,0.220864,0.227778,18827,0.25
24814,,8,3,0,3,3,0,3,0,0,0,0,0.166667
15020,,9,1,0,1,1,0,1,0,0,0,0,0
18325,,9,2,0,2,2,0,2,0,0,0,0,0
21696,,9,3,9,12,3,9,12,9,0.200843,0.206394,101440.631986,0.136364
22551,,9,3,0,3,3,0,3,0,0,0,0,0
28870,,9,1,2,3,1,2,3,10,0.169337,0.172632,26650.818969,0
28276,,9,3,2,5,3,2,5,10,0.178019,0.181443,44878.870798,0
29106,,9,1,1,2,1,1,2,10,0.1775,0.180747,0,0
11929,,8,0,1,1,0,1,1,8,0.262756,0.273466,0,0
11930,,8,0,1,1,0,1,1,8,0.243014,0.252183,0,0
11931,,18,0,12,12,0,12,12,9,0.21294,0.219347,0,0.090909
11932,,24,1,4,5,1,4,5,8,0.242276,0.250757,18829,0
26004,,24,1,0,1,1,0,1,0,0,0,0,0
29534,,24,1,0,1,1,0,1,0,0,0,0,0
11933,,8,0,1,1,0,1,1,8,0.262756,0.273466,0,0
11936,,8,1,0,1,1,0,1,0,0,0,0,0
32503,,8,1,1,2,1,1,2,1,1,1,25976,0
11939,,7,0,1,1,0,1,1,8,0.248325,0.257194,0,0
11940,,8,0,1,1,0,1,1,2,0.6,0.666667,0,0
11943,,7,0,1,1,0,1,1,8,0.244345,0.253397,0,0
11946,,10,0,1,1,0,1,1,9,0.234856,0.243135,0,0
11949,,8,0,1,1,0,1,1,8,0.220256,0.226693,0,0
21621,,11,1,2,3,1,2,3,8,0.229482,0.236926,364.832339,0.166667
11955,,1,0,1,1,0,1,1,9,0.216392,0.222482,0,0
11957,,15,0,2,2,0,2,2,9,0.242729,0.251761,0,1
11959,,16,0,1,1,0,1,1,9,0.226185,0.233312,0,0
11962,,24,0,1,1,0,1,1,9,0.231745,0.239907,0,0
34806,,11,2,0,2,2,0,2,0,0,0,0,0
11968,,7,0,1,1,0,1,1,10,0.183194,0.18703,0,0
11970,,8,0,2,2,0,2,2,9,0.222279,0.228834,0,0
11972,,5,0,1,1,0,1,1,9,0.210097,0.215625,0,0
11975,,10,0,1,1,0,1,1,9,0.194574,0.199133,0,0
11976,,9,0,3,3,0,3,3,9,0.189286,0.193701,0,0.5
11977,,15,0,1,1,0,1,1,9,0.227687,0.23488,0,0
11979,,11,0,1,1,0,1,1,9,0.224921,0.232154,0,0
11981,,10,0,2,2,0,2,2,8,0.244164,0.253393,0,0.5
11983,,15,0,1,1,0,1,1,9,0.220297,0.227161,0,0
11986,,3,0,1,1,0,1,1,1,1,1,0,0
11987,,3,2,0,2,2,0,2,0,0,0,0,0
11988,,11,0,2,2,0,2,2,9,0.206661,0.212215,0,1
11989,,15,0,1,1,0,1,1,10,0.179156,0.182314,0,0
11990,,9,0,4,4,0,4,4,9,0.224728,0.231907,0,0.25
22756,,15,1,0,1,1,0,1,0,0,0,0,0
11992,,9,0,2,2,0,2,2,10,0.17803,0.181468,0,0.5
11994,,15,0,1,1,0,1,1,9,0.220297,0.227161,0,0
11997,,9,0,2,2,0,2,2,10,0.17803,0.181468,0,0.5
11998,,18,0,2,2,0,2,2,10,0.175594,0.179076,0,0
28170,,1,2,0,2,2,0,2,0,0,0,0,0
12002,,118,0,1,1,0,1,1,1,1,1,0,0
12003,,118,1,0,1,1,0,1,0,0,0,0,0
12004,,11,0,1,1,0,1,1,8,0.251382,0.261452,0,0
12005,,7,0,1,1,0,1,1,8,0.244345,0.253397,0,0
12007,,8,0,1,1,0,1,1,8,0.262756,0.273466,0,0
12008,,12,0,3,3,0,3,3,8,0.235688,0.242961,0,0.166667
12009,,11,0,1,1,0,1,1,8,0.251382,0.261452,0,0
12010,,237,0,1,1,0,1,1,9,0.18906,0.193422,0,0
12011,,11,1,2,3,1,2,3,8,0.247825,0.258529,18823,0
22020,,11,1,2,3,1,2,3,9,0.198624,0.203968,4,0
12014,,10,0,1,1,0,1,1,9,0.218596,0.22517,0,0
12015,,12,0,1,1,0,1,1,9,0.195014,0.200132,0,0
12017,,8,0,1,1,0,1,1,8,0.262756,0.273466,0,0
12020,,10,0,3,3,0,3,3,8,0.243394,0.252102,0,0
12021,,8,0,1,1,0,1,1,8,0.237667,0.245207,0,0
12023,,11,0,2,2,0,2,2,8,0.232579,0.240046,0,0
12024,,116,0,1,1,0,1,1,1,1,1,0,0
12026,,7,0,4,4,0,4,4,8,0.279208,0.291833,0,0.583333
12027,,8,0,3,3,0,3,3,9,0.195402,0.199811,0,0.166667
12034,,5,0,2,2,0,2,2,8,0.245745,0.254338,0,0.5
12037,,11,0,1,1,0,1,1,8,0.240389,0.248209,0,0
12039,,6,0,1,1,0,1,1,9,0.226458,0.233655,0,0
12045,,2,0,1,1,0,1,1,8,0.261475,0.272568,0,0
12046,,119,0,1,1,0,1,1,1,1,1,0,0
12047,,119,1,0,1,1,0,1,0,0,0,0,0
12049,,0,0,1,1,0,1,1,9,0.191664,0.195747,0,0
12050,,7,0,12,12,0,12,12,8,0.271772,0.284319,0,0.242424
12051,,5,0,1,1,0,1,1,9,0.197061,0.201698,0,0
12052,,7,0,1,1,0,1,1,9,0.224695,0.230994,0,0
12053,,7,0,5,5,0,5,5,8,0.247558,0.256984,0,0.3
12054,,7,2,7,9,2,7,9,8,0.253463,0.264034,192.632412,0.25
32939,,10,1,0,1,1,0,1,0,0,0,0,0
18204,,9,2,0,2,2,0,2,0,0,0,0,0
12810,,9,2,5,7,2,5,7,9,0.227189,0.235044,45003.180581,0.133333
12060,,1,0,1,1,0,1,1,9,0.216779,0.223052,0,0
12063,,15,0,1,1,0,1,1,9,0.209669,0.21504,0,0
12065,,8,0,1,1,0,1,1,9,0.209608,0.214994,0,0
12066,,11,0,2,2,0,2,2,8,0.225319,0.23224,0,0.5
12068,,11,1,0,1,1,0,1,0,0,0,0,0
16831,,15,1,2,3,1,2,3,9,0.220947,0.2277,63.241688,0
17409,,11,1,1,2,1,1,2,9,0.214158,0.220527,0,0
12070,,8,0,1,1,0,1,1,9,0.216871,0.222917,0,0
12075,,24,0,2,2,0,2,2,9,0.231757,0.23996,0,0.5
12077,,8,1,0,1,1,0,1,0,0,0,0,0
12078,,16,0,15,15,0,15,15,8,0.252711,0.263508,0,0.095238
14776,,16,1,2,3,1,2,3,9,0.212099,0.217833,1.5,0
16999,,16,1,0,1,1,0,1,0,0,0,0,0
12083,,0,1,1,2,1,1,2,9,0.215304,0.221313,0,0
12084,,10,1,1,2,1,1,2,9,0.209599,0.215923,18827,0
12085,,11,0,1,1,0,1,1,8,0.244275,0.253708,0,0
12087,,11,0,1,1,0,1,1,8,0.236167,0.244733,0,0
12090,,15,0,1,1,0,1,1,9,0.220297,0.227161,0,0
18408,,10,1,0,1,1,0,1,0,0,0,0,0
12094,,1,0,3,3,0,3,3,8,0.245434,0.253977,0,0.333333
12096,,8,0,1,1,0,1,1,9,0.234452,0.242464,0,0
12097,,8,0,1,1,0,1,1,9,0.200798,0.205195,0,0
20896,,2,1,1,2,1,1,2,9,0.210245,0.215763,79.135529,0
12101,,11,0,1,1,0,1,1,1,1,1,0,0
12103,,8,0,1,1,0,1,1,1,1,1,0,0
12104,,24,0,1,1,0,1,1,9,0.211904,0.218058,0,0
12105,,15,0,1,1,0,1,1,8,0.236262,0.244204,0,0
12106,,11,0,1,1,0,1,1,8,0.246114,0.255055,0,0
12107,,5,0,1,1,0,1,1,9,0.188223,0.191808,0,0
12108,,8,0,1,1,0,1,1,9,0.209259,0.214889,0,0
12109,,8,0,1,1,0,1,1,9,0.209259,0.214889,0,0
12110,,8,0,1,1,0,1,1,8,0.244564,0.253553,0,0
12114,,11,0,1,1,0,1,1,8,0.236167,0.244733,0,0
12116,,8,0,1,1,0,1,1,8,0.262756,0.273466,0,0
12119,,16,0,1,1,0,1,1,9,0.229791,0.237541,0,0
12121,,12,0,1,1,0,1,1,8,0.235576,0.242737,0,0
12125,,8,0,1,1,0,1,1,9,0.218122,0.224516,0,0
12130,,16,1,0,1,1,0,1,0,0,0,0,0
15527,,16,1,0,1,1,0,1,0,0,0,0,0
12133,,120,0,1,1,0,1,1,1,1,1,0,0
12134,,120,1,0,1,1,0,1,0,0,0,0,0
12135,,10,0,2,2,0,2,2,8,0.240693,0.249028,0,0
12139,,8,0,3,3,0,3,3,9,0.239429,0.248554,0,0
33091,,15,1,0,1,1,0,1,0,0,0,0,0
12143,,121,1,2,3,1,2,3,10,0.178472,0.182132,18827,0.166667
12145,,7,0,1,1,0,1,1,1,1,1,0,0
12146,,7,0,1,1,0,1,1,9,0.226389,0.233867,0,0
12150,,10,0,3,3,0,3,3,8,0.244611,0.253995,0,0.5
12151,,16,0,3,3,0,3,3,8,0.22801,0.23576,0,0.333333
12153,,1,0,1,1,0,1,1,9,0.234953,0.24388,0,0
12155,,16,0,1,1,0,1,1,8,0.236961,0.24442,0,0
12156,,9,0,1,1,0,1,1,10,0.177506,0.180764,0,0
12158,,7,0,1,1,0,1,1,8,0.253935,0.263546,0,0
12160,,0,0,1,1,0,1,1,10,0.166844,0.16995,0,0
30088,,0,1,0,1,1,0,1,0,0,0,0,0
12162,,13,0,1,1,0,1,1,8,0.235883,0.243933,0,0
12163,,5,1,1,2,1,1,2,9,0.2008,0.205197,0.840484,0
18041,,8,2,0,2,2,0,2,0,0,0,0,0
12165,,8,0,2,2,0,2,2,9,0.22048,0.227116,0,0.5
12166,,16,0,1,1,0,1,1,8,0.234155,0.242097,0,0
12168,,8,0,1,1,0,1,1,9,0.233264,0.241028,0,0
12169,,6,0,1,1,0,1,1,9,0.194532,0.19877,0,0
12171,,13,0,3,3,0,3,3,9,0.195476,0.199889,0,0.166667
12172,,13,1,1,2,1,1,2,9,0.190875,0.195045,338.069125,0
12912,,13,1,1,2,1,1,2,9,0.195066,0.199384,0,0.5
12176,,11,0,1,1,0,1,1,8,0.251382,0.261452,0,0
12180,,15,1,1,2,1,1,2,1,1,1,0,0
12181,,15,0,5,5,0,5,5,9,0.221988,0.229204,0,0.25
12182,,10,0,1,1,0,1,1,9,0.221928,0.228393,0,0
12183,,8,0,1,1,0,1,1,8,0.233056,0.241283,0,0
12186,,8,0,1,1,0,1,1,1,1,1,0,0
12189,,11,0,2,2,0,2,2,8,0.230669,0.237737,0,0.5
12196,,11,0,1,1,0,1,1,9,0.202356,0.207619,0,0
12200,,11,0,2,2,0,2,2,9,0.217445,0.223599,0,0.5
12203,,15,0,1,1,0,1,1,9,0.210252,0.215802,0,0
12204,,0,0,1,1,0,1,1,1,1,1,0,0
12206,,2,0,1,1,0,1,1,8,0.261475,0.272568,0,0
12207,,15,0,6,6,0,6,6,8,0.262411,0.273669,0,0.166667
13702,,15,1,0,1,1,0,1,0,0,0,0,0
12209,,8,0,1,1,0,1,1,8,0.248761,0.257751,0,0
12211,,7,0,1,1,0,1,1,8,0.272188,0.283721,0,0
12212,,24,0,1,1,0,1,1,9,0.208263,0.213764,0,0
12213,,16,0,1,1,0,1,1,8,0.257544,0.268689,0,0
12214,,7,0,1,1,0,1,1,9,0.207609,0.212853,0,0
12218,,11,0,1,1,0,1,1,8,0.244433,0.254493,0,0
12220,,1,0,1,1,0,1,1,9,0.234953,0.24388,0,0
12221,,8,0,1,1,0,1,1,8,0.262756,0.273466,0,0
12222,,9,0,3,3,0,3,3,9,0.199856,0.205158,0,0.5
12223,,9,1,1,2,1,1,2,9,0.185524,0.189879,0,0.5
12226,,21,0,3,3,0,3,3,8,0.261058,0.272572,0,0
12227,,16,0,1,1,0,1,1,9,0.202054,0.207081,0,0
12229,,11,0,1,1,0,1,1,8,0.236167,0.244733,0,0
12230,,9,0,6,6,0,6,6,8,0.262256,0.273677,0,0.2
15944,,9,2,3,5,2,3,5,9,0.185548,0.189983,6,0.15
15943,,9,1,5,6,1,5,6,9,0.19041,0.195158,2.95,0.233333
12234,,8,0,1,1,0,1,1,8,0.262756,0.273466,0,0
12236,,8,0,1,1,0,1,1,9,0.220186,0.226735,0,0
12237,,11,0,1,1,0,1,1,8,0.238528,0.246408,0,0
12238,,7,0,1,1,0,1,1,8,0.242407,0.250861,0,0
12240,,7,0,1,1,0,1,1,8,0.219703,0.226184,0,0
12242,,7,0,1,1,0,1,1,9,0.200066,0.204368,0,0
18606,,7,1,0,1,1,0,1,0,0,0,0,0
18491,,7,1,8,9,1,8,9,8,0.278582,0.291699,26031.913191,0.125
19565,,10,2,0,2,2,0,2,0,0,0,0,0
20298,,7,1,0,1,1,0,1,0,0,0,0,0
20954,,7,1,0,1,1,0,1,0,0,0,0,0
21213,,1,2,1,3,2,1,3,9,0.209702,0.21503,18826.202615,0
20389,,1,2,1,3,2,1,3,8,0.244344,0.253397,0,0.333333
23380,,7,1,0,1,1,0,1,0,0,0,0,0
23757,,7,1,0,1,1,0,1,0,0,0,0,0
20163,,7,2,0,2,2,0,2,0,0,0,0,0
24677,,7,1,0,1,1,0,1,0,0,0,0,0
25598,,7,1,0,1,1,0,1,0,0,0,0,0
26591,,7,1,0,1,1,0,1,0,0,0,0,0
17799,,7,1,1,2,1,1,2,8,0.27219,0.283723,0,0.5
28951,,7,1,0,1,1,0,1,0,0,0,0,0
29257,,7,2,0,2,2,0,2,0,0,0,0,0
31804,,7,1,1,2,1,1,2,9,0.226165,0.233248,0,0.5
32474,,7,1,0,1,1,0,1,0,0,0,0,0
25344,,7,1,1,2,1,1,2,1,1,1,25976,0
34132,,7,2,0,2,2,0,2,0,0,0,0,0
12603,,8,1,3,4,1,3,4,8,0.239727,0.248889,4.462749,0.083333
12419,,11,1,0,1,1,0,1,0,0,0,0,0
26571,,0,1,2,3,1,2,3,9,0.224785,0.232423,18825,0.5
12248,,0,0,2,2,0,2,2,8,0.255552,0.266488,0,0
12249,,11,0,1,1,0,1,1,8,0.239554,0.247876,0,0
12255,,2,0,1,1,0,1,1,8,0.261475,0.272568,0,0
12256,,5,0,2,2,0,2,2,8,0.235638,0.243037,0,0.5
12259,,5,0,1,1,0,1,1,9,0.221413,0.227908,0,0
12262,,8,0,1,1,0,1,1,9,0.198884,0.203512,0,0
12263,,8,0,2,2,0,2,2,8,0.244704,0.253537,0,1
22725,,7,1,0,1,1,0,1,0,0,0,0,0
12266,,10,0,1,1,0,1,1,9,0.222352,0.229209,0,0
12267,,15,0,1,1,0,1,1,9,0.220312,0.226978,0,0
12268,,7,0,1,1,0,1,1,8,0.2284,0.235296,0,0
12270,,13,0,1,1,0,1,1,8,0.235883,0.243933,0,0
12271,,16,1,4,5,1,4,5,9,0.205304,0.210964,61574.571546,0
14937,,16,1,0,1,1,0,1,0,0,0,0,0
12987,,16,3,0,3,3,0,3,0,0,0,0,0
12272,,8,0,1,1,0,1,1,8,0.233126,0.241238,0,0
12273,,10,0,1,1,0,1,1,1,1,1,0,0
12276,,12,0,1,1,0,1,1,9,0.195014,0.200132,0,0
12277,,7,0,1,1,0,1,1,8,0.265449,0.276753,0,0
12279,,11,2,4,6,2,4,6,9,0.232704,0.241347,18900.286357,0.25
12281,,7,0,1,1,0,1,1,9,0.226406,0.233591,0,0
12282,,8,0,1,1,0,1,1,8,0.255022,0.264509,0,0
12283,,0,0,1,1,0,1,1,10,0.182136,0.185536,0,0
12285,,15,0,2,2,0,2,2,8,0.241044,0.248943,0,1
12288,,1,0,1,1,0,1,1,9,0.208945,0.21425,0,0
12289,,11,0,1,1,0,1,1,9,0.228167,0.235675,0,0
12290,,16,0,1,1,0,1,1,8,0.238712,0.2466,0,0
12291,,11,0,2,2,0,2,2,8,0.243914,0.252232,0,0
12293,,7,0,1,1,0,1,1,1,1,1,0,0
12294,,7,0,1,1,0,1,1,9,0.222934,0.229638,0,0
12299,,15,0,1,1,0,1,1,9,0.220297,0.227161,0,0
12302,,21,2,3,5,2,3,5,9,0.221989,0.22928,56214.369108,0
14271,,21,1,1,2,1,1,2,10,0.181664,0.185547,0,0
12303,,15,0,1,1,0,1,1,8,0.220725,0.227864,0,0
12308,,13,1,1,2,1,1,2,10,0.160285,0.162745,0,0
12312,,11,0,3,3,0,3,3,9,0.231375,0.239327,0,0.166667
20617,,12,1,1,2,1,1,2,9,0.195755,0.20003,0,0
12314,,5,0,3,3,0,3,3,8,0.238486,0.246663,0,0
26034,,3,1,2,3,1,2,3,8,0.258078,0.269384,0,0.5
14635,,3,1,2,3,1,2,3,8,0.242904,0.251217,218.833495,0.333333
28853,,3,2,2,4,2,2,4,9,0.219561,0.226356,0,1
22503,,3,1,2,3,1,2,3,9,0.219561,0.226356,0,1
31325,,3,1,0,1,1,0,1,0,0,0,0,0
22955,,3,1,2,3,1,2,3,10,0.180043,0.183766,25974,0.333333
14636,,3,2,2,4,2,2,4,9,0.222325,0.229746,217.130026,0.166667
14099,,3,1,1,2,1,1,2,10,0.166844,0.16995,22.860499,0
35034,,3,1,0,1,1,0,1,0,0,0,0,0
14249,,8,1,4,5,1,4,5,8,0.233744,0.242123,54543.669538,0.05
34558,,3,1,1,2,1,1,2,8,0.262757,0.273467,0,0.5
24555,,3,2,1,3,2,1,3,9,0.18783,0.192074,18847.322701,0
15176,,8,1,6,7,1,6,7,8,0.256887,0.267348,759.694116,0.266667
12317,,6,0,1,1,0,1,1,8,0.247395,0.256736,0,0
12318,,8,0,1,1,0,1,1,9,0.233264,0.241028,0,0
12319,,11,0,1,1,0,1,1,8,0.23949,0.247366,0,0
12320,,16,0,1,1,0,1,1,8,0.257544,0.268689,0,0
12321,,2,0,1,1,0,1,1,8,0.261475,0.272568,0,0
12322,,11,0,1,1,0,1,1,9,0.209751,0.215152,0,0
12324,,136,7,2,9,7,2,9,10,0.163295,0.166007,25103.333333,0.214286
13008,,136,1,0,1,1,0,1,0,0,0,0,0
13838,,136,1,0,1,1,0,1,0,0,0,0,0
13839,,136,3,3,6,3,3,6,11,0.140378,0.142139,25975.5,0.5
14023,,136,1,0,1,1,0,1,0,0,0,0,0
14530,,136,2,0,2,2,0,2,0,0,0,0,0.5
13512,,136,2,1,3,2,1,3,10,0.163293,0.165972,6274.333333,0.5
14531,,136,1,2,3,1,2,3,10,0.163294,0.165998,0,1
14697,,136,2,1,3,2,1,3,10,0.163293,0.165972,0,0.5
14901,,136,2,0,2,2,0,2,0,0,0,0,0.5
15015,,136,1,1,2,1,1,2,10,0.163293,0.165972,0,0
15695,,136,1,2,3,1,2,3,10,0.163294,0.165998,0,1
15600,,136,2,1,3,2,1,3,10,0.163293,0.165972,0,0.5
12325,,15,0,1,1,0,1,1,9,0.220297,0.227161,0,0
12326,,0,0,1,1,0,1,1,9,0.226488,0.233295,0,0
12328,,11,0,1,1,0,1,1,8,0.23949,0.247366,0,0
12330,,0,0,1,1,0,1,1,8,0.230853,0.23867,0,0
12334,,11,0,1,1,0,1,1,8,0.234514,0.24306,0,0
12336,,21,2,2,4,2,2,4,9,0.221989,0.229245,63704.427468,0
30235,,21,2,0,2,2,0,2,0,0,0,0,0
12339,,8,0,3,3,0,3,3,8,0.234417,0.241851,0,0.666667
12345,,16,0,1,1,0,1,1,8,0.257544,0.268689,0,0
12346,,10,0,1,1,0,1,1,8,0.233638,0.242002,0,0
12347,,11,0,1,1,0,1,1,8,0.247792,0.25846,0,0
12348,,6,0,1,1,0,1,1,9,0.203239,0.208464,0,0
27668,,15,1,0,1,1,0,1,0,0,0,0,0
12362,,8,0,11,11,0,11,11,8,0.270869,0.282867,0,0.163636
12363,,8,2,0,2,2,0,2,0,0,0,0,0
12365,,5,0,1,1,0,1,1,9,0.225524,0.231867,0,0
12366,,10,0,1,1,0,1,1,8,0.233638,0.242002,0,0
12367,,5,0,1,1,0,1,1,8,0.237164,0.244724,0,0
12369,,11,0,1,1,0,1,1,1,1,1,0,0
33682,,11,1,0,1,1,0,1,0,0,0,0,0
12375,,11,0,1,1,0,1,1,9,0.200358,0.205797,0,0
12377,,9,15,5,20,15,5,20,10,0.164935,0.168285,17112.522847,0.154412
19024,,9,16,7,23,16,7,23,10,0.164939,0.168347,65942.517379,0.144737
23014,,9,4,1,5,4,1,5,11,0.141574,0.143587,1171.801417,0.5
18475,,9,13,15,28,13,15,28,10,0.180745,0.185349,161466.10766,0.106667
23621,,9,20,1,21,20,1,21,10,0.16489,0.168005,93639.372831,0.131579
27539,,9,4,6,10,4,6,10,10,0.164903,0.168173,77924.42619,0.196429
27265,,9,7,4,11,7,4,11,10,0.1649,0.16812,34827.532939,0.222222
24676,,9,11,2,13,11,2,13,11,0.141555,0.143523,44828.404942,0.189394
20773,,9,24,3,27,24,3,27,11,0.141565,0.143597,142631.148803,0.059783
31306,,9,2,2,4,2,2,4,10,0.164926,0.168179,0,0.666667
35032,,9,2,0,2,2,0,2,0,0,0,0,1
34600,,9,2,0,2,2,0,2,0,0,0,0,0.5
23938,,9,2,1,3,2,1,3,10,0.16489,0.168005,0,1
24070,,9,1,1,2,1,1,2,10,0.16489,0.168005,0,0
27221,,9,1,1,2,1,1,2,10,0.16489,0.168005,0,0
12379,,11,0,1,1,0,1,1,8,0.227034,0.234934,0,0
18995,,15,2,0,2,2,0,2,0,0,0,0,0
12382,,8,0,4,4,0,4,4,8,0.251907,0.262462,0,0.5
15918,,24,1,1,2,1,1,2,8,0.223751,0.230858,0,0.5
17017,,15,1,1,2,1,1,2,9,0.191448,0.195588,86.900138,0
18515,,7,1,0,1,1,0,1,0,0,0,0,0
22889,,7,1,0,1,1,0,1,0,0,0,0,0
21867,,7,1,2,3,1,2,3,8,0.24226,0.250836,139.94327,0.166667
23554,,7,1,0,1,1,0,1,0,0,0,0,0
24832,,7,1,0,1,1,0,1,0,0,0,0,0
30501,,7,1,0,1,1,0,1,0,0,0,0,0
32372,,7,1,0,1,1,0,1,0,0,0,0,0
32688,,7,1,0,1,1,0,1,0,0,0,0,0
32717,,7,1,0,1,1,0,1,0,0,0,0,0
31370,,7,2,1,3,2,1,3,9,0.222495,0.229436,0,0.666667
28817,,16,1,1,2,1,1,2,9,0.199367,0.204463,1844.425949,0
29721,,7,1,3,4,1,3,4,8,0.265476,0.276839,467.08955,0.25
35327,,15,1,1,2,1,1,2,8,0.244107,0.25274,731.329144,0
35512,,7,1,0,1,1,0,1,0,0,0,0,0
35626,,7,1,0,1,1,0,1,0,0,0,0,0
12386,,15,0,2,2,0,2,2,8,0.231205,0.239011,0,0
12389,,7,0,1,1,0,1,1,9,0.23059,0.238105,0,0
12392,,11,0,1,1,0,1,1,8,0.232418,0.240737,0,0
24526,,8,1,3,4,1,3,4,8,0.247652,0.257028,64.838771,0.583333
12395,,10,0,1,1,0,1,1,9,0.190916,0.19482,0,0
12398,,1,0,1,1,0,1,1,8,0.229128,0.236488,0,0
12401,,5,0,1,1,0,1,1,9,0.23711,0.245258,0,0
12404,,10,0,22,22,0,22,22,8,0.266776,0.27924,0,0.056277
31498,,7,1,2,3,1,2,3,9,0.227522,0.23499,15.99069,0.166667
26692,,16,2,2,4,2,2,4,9,0.227411,0.235338,26332.170423,0
12405,,8,0,2,2,0,2,2,9,0.225045,0.232602,0,0.5
12406,,8,0,1,1,0,1,1,8,0.262756,0.273466,0,0
12411,,15,1,1,2,1,1,2,9,0.208855,0.214733,621.684296,0
12414,,10,0,3,3,0,3,3,8,0.246401,0.255044,0,1
12415,,7,0,1,1,0,1,1,10,0.183194,0.18703,0,0
35263,,11,1,0,1,1,0,1,0,0,0,0,0
12424,,10,0,1,1,0,1,1,9,0.223394,0.230421,0,0
26304,,8,1,0,1,1,0,1,0,0,0,0,0
12428,,21,0,1,1,0,1,1,1,1,1,0,0
23239,,7,2,0,2,2,0,2,0,0,0,0,0
28803,,7,1,0,1,1,0,1,0,0,0,0,0
12434,,8,0,1,1,0,1,1,8,0.262756,0.273466,0,0
29133,,0,1,0,1,1,0,1,0,0,0,0,0
12439,,8,0,2,2,0,2,2,9,0.213453,0.2194,0,1
12442,,1,0,1,1,0,1,1,8,0.229128,0.236488,0,0
12450,,15,0,1,1,0,1,1,8,0.225373,0.231994,0,0
12454,,7,0,1,1,0,1,1,8,0.224717,0.231687,0,0
12456,,19,0,1,1,0,1,1,9,0.224454,0.231835,0,0
12458,,8,0,1,1,0,1,1,8,0.24587,0.25403,0,0
12459,,7,0,1,1,0,1,1,9,0.200066,0.204368,0,0
12461,,7,0,1,1,0,1,1,9,0.214766,0.220717,0,0
12464,,5,0,1,1,0,1,1,8,0.235656,0.242713,0,0
12465,,9,0,2,2,0,2,2,9,0.185528,0.189914,0,0
12466,,7,2,6,8,2,6,8,8,0.268785,0.280869,27990.154754,0.196429
12468,,15,0,2,2,0,2,2,9,0.22319,0.23058,0,0
17705,,7,1,0,1,1,0,1,0,0,0,0,0
19641,,1,1,4,5,1,4,5,8,0.239176,0.248113,194.164578,0.05
24586,,21,1,0,1,1,0,1,0,0,0,0,0
27855,,21,1,0,1,1,0,1,0,0,0,0,0
27933,,21,1,0,1,1,0,1,0,0,0,0,0
30273,,21,3,0,3,3,0,3,0,0,0,0,0
31284,,21,1,0,1,1,0,1,0,0,0,0,0
31832,,21,1,0,1,1,0,1,0,0,0,0,0
33344,,21,1,0,1,1,0,1,0,0,0,0,0
33949,,21,1,0,1,1,0,1,0,0,0,0,0
34021,,21,1,0,1,1,0,1,0,0,0,0,0
15867,,21,1,1,2,1,1,2,1,1,1,6.167532,0
35262,,21,1,0,1,1,0,1,0,0,0,0,0
12473,,8,0,1,1,0,1,1,9,0.228129,0.235344,0,0
29952,,15,1,2,3,1,2,3,9,0.223457,0.229962,37.29917,0
12477,,5,0,1,1,0,1,1,9,0.197061,0.201698,0,0
12478,,10,0,1,1,0,1,1,9,0.222352,0.229209,0,0
12479,,0,0,2,2,0,2,2,8,0.230689,0.237879,0,1
12480,,1,0,1,1,0,1,1,9,0.219196,0.225231,0,0
12482,,12,0,4,4,0,4,4,8,0.26163,0.272808,0,0.166667
29556,,12,1,2,3,1,2,3,8,0.261522,0.272645,1,0.166667
12483,,18,0,1,1,0,1,1,9,0.21286,0.218905,0,0
12484,,1,0,2,2,0,2,2,9,0.238924,0.248233,0,0
12485,,0,0,1,1,0,1,1,1,1,1,0,0
12486,,0,0,4,4,0,4,4,8,0.23074,0.238797,0,0.166667
16948,,11,2,1,3,2,1,3,9,0.214346,0.219865,445.872977,0
12489,,7,0,1,1,0,1,1,9,0.229589,0.236925,0,0
17456,,15,2,1,3,2,1,3,9,0.214507,0.221384,19007.006197,0
29774,,6,1,0,1,1,0,1,0,0,0,0,0
12495,,15,0,2,2,0,2,2,10,0.179164,0.182357,0,0
12829,,15,1,0,1,1,0,1,0,0,0,0,0
12496,,15,0,1,1,0,1,1,10,0.179156,0.182314,0,0
12497,,0,0,1,1,0,1,1,9,0.211958,0.217896,0,0
12500,,16,0,1,1,0,1,1,8,0.230955,0.238384,0,0
12502,,8,1,2,3,1,2,3,8,0.265701,0.277052,47.267264,0.333333
12503,,6,0,2,2,0,2,2,8,0.245191,0.254302,0,1
12505,,11,0,1,1,0,1,1,9,0.213579,0.219742,0,0
12507,,24,0,2,2,0,2,2,9,0.216911,0.223295,0,0
12509,,8,0,1,1,0,1,1,1,1,1,0,0
12512,,2,0,1,1,0,1,1,8,0.261475,0.272568,0,0
12513,,5,0,1,1,0,1,1,9,0.23711,0.245258,0,0
12516,,122,0,1,1,0,1,1,1,1,1,0,0
12517,,122,1,0,1,1,0,1,0,0,0,0,0
12519,,7,0,12,12,0,12,12,8,0.276011,0.289309,0,0.318182
12524,,7,1,9,10,1,9,10,8,0.280788,0.294893,6279.299781,0.311111
13166,,16,1,1,2,1,1,2,8,0.234151,0.242093,0,1
12526,,8,0,1,1,0,1,1,8,0.262756,0.273466,0,0
12528,,5,1,5,6,1,5,6,8,0.249288,0.259134,18827,0.066667
12530,,11,1,0,1,1,0,1,0,0,0,0,0
13242,,11,1,1,2,1,1,2,10,0.171055,0.174281,0,0
24656,,11,2,3,5,2,3,5,8,0.237837,0.247385,117252.440184,0.05
12801,,8,1,0,1,1,0,1,0,0,0,0,0
24887,,8,1,0,1,1,0,1,0,0,0,0,0
25401,,8,1,0,1,1,0,1,0,0,0,0,0
26246,,8,1,0,1,1,0,1,0,0,0,0,0
26624,,8,1,0,1,1,0,1,0,0,0,0,0
27119,,8,1,0,1,1,0,1,0,0,0,0,0
27343,,8,1,0,1,1,0,1,0,0,0,0,0
27588,,8,1,0,1,1,0,1,0,0,0,0,0
28756,,8,1,0,1,1,0,1,0,0,0,0,0
22391,,8,1,1,2,1,1,2,9,0.202513,0.207277,0,0.5
30245,,8,1,0,1,1,0,1,0,0,0,0,0
30246,,8,1,0,1,1,0,1,0,0,0,0,0
30259,,8,1,0,1,1,0,1,0,0,0,0,0
21475,,8,1,2,3,1,2,3,8,0.266431,0.277845,11.349288,0.333333
30694,,8,1,0,1,1,0,1,0,0,0,0,0
30695,,8,1,0,1,1,0,1,0,0,0,0,0
30816,,8,1,0,1,1,0,1,0,0,0,0,0
30871,,8,1,0,1,1,0,1,0,0,0,0,0
30877,,8,1,0,1,1,0,1,0,0,0,0,0
30895,,8,1,0,1,1,0,1,0,0,0,0,0
30896,,8,1,0,1,1,0,1,0,0,0,0,0
30897,,8,1,0,1,1,0,1,0,0,0,0,0
30898,,8,1,0,1,1,0,1,0,0,0,0,0
30899,,8,1,0,1,1,0,1,0,0,0,0,0
30902,,8,1,0,1,1,0,1,0,0,0,0,0
30929,,8,1,0,1,1,0,1,0,0,0,0,0
31170,,8,1,0,1,1,0,1,0,0,0,0,0
31313,,8,2,0,2,2,0,2,0,0,0,0,0
31856,,8,1,0,1,1,0,1,0,0,0,0,0
25156,,1,1,1,2,1,1,2,1,1,1,25975,0
33365,,8,1,0,1,1,0,1,0,0,0,0,0
33726,,8,1,0,1,1,0,1,0,0,0,0,0
33727,,8,1,0,1,1,0,1,0,0,0,0,0
33910,,8,1,0,1,1,0,1,0,0,0,0,0
33911,,8,1,0,1,1,0,1,0,0,0,0,0
21548,,8,1,2,3,1,2,3,8,0.239944,0.247697,8.72437,0.333333
33912,,8,1,0,1,1,0,1,0,0,0,0,0
29707,,9,1,2,3,1,2,3,9,0.199849,0.205118,48.465363,0.333333
33913,,8,1,0,1,1,0,1,0,0,0,0,0
34167,,8,1,0,1,1,0,1,0,0,0,0,0
13406,,1,1,1,2,1,1,2,1,1,1,10.687006,0
33338,,7,4,2,6,4,2,6,9,0.226103,0.233804,24.584525,0.2
29480,,5,1,4,5,1,4,5,9,0.226609,0.234552,1234.247866,0.1
20469,,15,2,1,3,2,1,3,1,1,1,25976,0
12537,,12,0,1,1,0,1,1,8,0.234438,0.242011,0,0
12539,,16,0,1,1,0,1,1,8,0.231378,0.23929,0,0
12543,,8,0,1,1,0,1,1,10,0.163409,0.16644,0,0
25887,,5,1,1,2,1,1,2,9,0.20412,0.209624,945.55501,0.5
12546,,1,0,1,1,0,1,1,8,0.229128,0.236488,0,0
12548,,1,2,3,5,2,3,5,8,0.257777,0.268088,5638.864903,0.05
12550,,8,0,1,1,0,1,1,9,0.226897,0.234639,0,0
18912,,11,2,0,2,2,0,2,0,0,0,0,0
12557,,8,0,1,1,0,1,1,9,0.218178,0.224552,0,0
12559,,10,0,1,1,0,1,1,9,0.234856,0.243135,0,0
12564,,10,0,1,1,0,1,1,9,0.222689,0.230064,0,0
12566,,15,0,1,1,0,1,1,9,0.217359,0.223994,0,0
12567,,11,0,1,1,0,1,1,8,0.236535,0.24595,0,0
12569,,8,1,1,2,1,1,2,9,0.236556,0.244293,380.200834,0
12571,,11,0,2,2,0,2,2,8,0.247675,0.257308,0,0.5
19607,,5,1,2,3,1,2,3,9,0.201667,0.206899,26036.140161,0
12573,,7,0,4,4,0,4,4,8,0.24696,0.25601,0,0.25
19561,,7,1,0,1,1,0,1,0,0,0,0,0
12574,,7,0,1,1,0,1,1,9,0.210959,0.216513,0,0
12576,,0,1,3,4,1,3,4,9,0.225691,0.232228,44.972914,0.166667
28423,,0,1,0,1,1,0,1,0,0,0,0,0
12580,,12,0,1,1,0,1,1,9,0.195014,0.200132,0,0
12582,,8,0,1,1,0,1,1,8,0.240465,0.248606,0,0
12587,,8,0,1,1,0,1,1,1,1,1,0,0
12589,,0,0,1,1,0,1,1,9,0.209098,0.214435,0,0
12590,,7,0,1,1,0,1,1,8,0.251523,0.26155,0,0
12592,,7,0,1,1,0,1,1,9,0.235473,0.242933,0,0
12593,,8,0,2,2,0,2,2,9,0.230286,0.238219,0,0.5
12594,,7,0,3,3,0,3,3,8,0.250017,0.259359,0,0.5
12598,,16,0,1,1,0,1,1,9,0.234736,0.243231,0,0
23677,,8,1,1,2,1,1,2,9,0.191625,0.196366,0,0
12602,,16,0,3,3,0,3,3,9,0.210911,0.216994,0,0.833333
12604,,8,0,1,1,0,1,1,8,0.247064,0.255642,0,0
12605,,16,0,2,2,0,2,2,10,0.168791,0.171576,0,0
12606,,1,0,2,2,0,2,2,9,0.21754,0.224054,0,0
12608,,8,1,0,1,1,0,1,0,0,0,0,0
12609,,7,0,1,1,0,1,1,1,1,1,0,0
12610,,1,0,2,2,0,2,2,9,0.23557,0.244567,0,0.5
12611,,24,0,2,2,0,2,2,8,0.244669,0.253722,0,0
12615,,6,0,3,3,0,3,3,8,0.260621,0.272413,0,1
12617,,13,0,1,1,0,1,1,1,1,1,0,0
12618,,11,0,1,1,0,1,1,8,0.230091,0.237701,0,0
12620,,11,0,1,1,0,1,1,10,0.180643,0.184377,0,0
12622,,16,0,2,2,0,2,2,10,0.19085,0.195119,0,1
12627,,11,0,1,1,0,1,1,8,0.236535,0.24595,0,0
12628,,24,0,1,1,0,1,1,9,0.216278,0.22219,0,0
12629,,7,0,1,1,0,1,1,9,0.200066,0.204368,0,0
12630,,56,0,1,1,0,1,1,9,0.211205,0.216853,0,0
12631,,11,0,5,5,0,5,5,9,0.219921,0.226901,0,0
23832,,11,1,0,1,1,0,1,0,0,0,0,0
21990,,11,1,1,2,1,1,2,9,0.227448,0.235151,548.929933,0
12632,,123,0,1,1,0,1,1,1,1,1,0,0
12633,,123,1,0,1,1,0,1,0,0,0,0,0
12634,,6,0,2,2,0,2,2,10,0.192558,0.19697,0,0
12636,,11,0,1,1,0,1,1,9,0.226657,0.233753,0,0
12639,,8,0,1,1,0,1,1,8,0.262756,0.273466,0,0
12640,,16,0,1,1,0,1,1,8,0.257544,0.268689,0,0
12652,,10,0,1,1,0,1,1,9,0.197305,0.202165,0,0
12654,,8,0,3,3,0,3,3,8,0.232912,0.241007,0,0.333333
12655,,0,0,2,2,0,2,2,8,0.238909,0.246948,0,1
12657,,0,0,1,1,0,1,1,9,0.222605,0.230046,0,0
12658,,11,1,1,2,1,1,2,8,0.240389,0.248209,18827,0
12659,,7,0,1,1,0,1,1,10,0.184553,0.188803,0,0
23557,,7,1,1,2,1,1,2,10,0.184547,0.188786,0,0
12663,,8,0,1,1,0,1,1,9,0.198884,0.203512,0,0
12664,,8,0,11,11,0,11,11,8,0.281671,0.294671,0,0.190909
21439,,8,1,0,1,1,0,1,0,0,0,0,0
12666,,13,0,1,1,0,1,1,9,0.190881,0.195067,0,0
21554,,5,1,2,3,1,2,3,9,0.197896,0.20264,13.821227,0
12668,,7,0,1,1,0,1,1,8,0.251523,0.26155,0,0
12670,,16,0,1,1,0,1,1,1,1,1,0,0
16369,,2,1,0,1,1,0,1,0,0,0,0,0
12674,,2,0,1,1,0,1,1,8,0.261475,0.272568,0,0
12675,,6,0,3,3,0,3,3,8,0.249851,0.259576,0,0.5
12681,,8,0,1,1,0,1,1,8,0.244453,0.252822,0,0
12684,,11,0,1,1,0,1,1,9,0.193226,0.197302,0,0
12686,,2,0,1,1,0,1,1,8,0.261475,0.272568,0,0
12687,,18,0,1,1,0,1,1,10,0.175532,0.17889,0,0
12689,,8,0,2,2,0,2,2,8,0.265757,0.27693,0,0.5
33518,,7,1,0,1,1,0,1,0,0,0,0,0
12691,,0,0,1,1,0,1,1,8,0.230345,0.238007,0,0
12694,,7,0,1,1,0,1,1,1,1,1,0,0
28237,,7,1,0,1,1,0,1,0,0,0,0,0
12697,,19,0,1,1,0,1,1,9,0.222124,0.228778,0,0
12698,,15,0,2,2,0,2,2,9,0.20118,0.206122,0,0
12699,,6,0,1,1,0,1,1,1,1,1,0,0
12701,,11,1,4,5,1,4,5,8,0.24888,0.259799,3110.802348,0
12703,,9,0,7,7,0,7,7,8,0.237856,0.245789,0,0.047619
20938,,7,1,3,4,1,3,4,8,0.220169,0.226938,566.410356,0.083333
12706,,2,0,3,3,0,3,3,8,0.2541,0.264894,0,0.5
12712,,15,0,2,2,0,2,2,10,0.179164,0.182357,0,0
12713,,15,1,0,1,1,0,1,0,0,0,0,0
12714,,6,0,1,1,0,1,1,8,0.25615,0.266929,0,0
12715,,8,0,1,1,0,1,1,8,0.24587,0.25403,0,0
12716,,16,0,2,2,0,2,2,8,0.221296,0.228312,0,0
23922,,16,2,0,2,2,0,2,0,0,0,0,0
27694,,16,1,0,1,1,0,1,0,0,0,0,0
12719,,10,0,1,1,0,1,1,9,0.227605,0.234943,0,0
12720,,8,0,1,1,0,1,1,8,0.262756,0.273466,0,0
12725,,7,0,1,1,0,1,1,9,0.22391,0.230514,0,0
12726,,16,1,2,3,1,2,3,8,0.269956,0.282414,1694.301602,0.333333
12730,,124,0,1,1,0,1,1,1,1,1,0,0
12731,,124,1,0,1,1,0,1,0,0,0,0,0
12741,,8,0,1,1,0,1,1,8,0.262756,0.273466,0,0
12743,,10,1,1,2,1,1,2,8,0.239167,0.246988,18827,0
12745,,5,0,1,1,0,1,1,9,0.197061,0.201698,0,0
12748,,7,0,2,2,0,2,2,8,0.253945,0.263585,0,0
12749,,7,1,0,1,1,0,1,0,0,0,0,0
24320,,5,1,1,2,1,1,2,9,0.227896,0.235595,85.674378,0
35583,,10,1,0,1,1,0,1,0,0,0,0,0
12757,,18,0,2,2,0,2,2,9,0.212864,0.21894,0,0.5
12759,,8,0,4,4,0,4,4,9,0.236755,0.24479,0,0.333333
12760,,5,0,1,1,0,1,1,9,0.224867,0.231892,0,0
12762,,0,0,1,1,0,1,1,8,0.250023,0.260333,0,0
12765,,16,0,3,3,0,3,3,9,0.235682,0.244366,0,0.166667
12766,,12,0,2,2,0,2,2,8,0.237457,0.245656,0,1
29000,,5,1,0,1,1,0,1,0,0,0,0,0
12771,,2,0,1,1,0,1,1,8,0.261475,0.272568,0,0
12772,,16,0,1,1,0,1,1,9,0.234736,0.243231,0,0
12774,,12,0,1,1,0,1,1,9,0.195014,0.200132,0,0
12777,,11,0,4,4,0,4,4,8,0.239024,0.24777,0,0.166667
12778,,15,0,1,1,0,1,1,9,0.202978,0.208136,0,0
12779,,8,0,1,1,0,1,1,9,0.208309,0.213508,0,0
12780,,8,0,1,1,0,1,1,8,0.248761,0.257751,0,0
12781,,15,0,1,1,0,1,1,9,0.220297,0.227161,0,0
12783,,8,0,1,1,0,1,1,8,0.262756,0.273466,0,0
12872,,2,2,1,3,2,1,3,10,0.17196,0.174997,25974,0.5
14012,,2,1,2,3,1,2,3,9,0.207669,0.213086,0,0.5
12785,,2,0,1,1,0,1,1,9,0.207286,0.212648,0,0
12786,,10,0,2,2,0,2,2,9,0.234862,0.24317,0,0
14662,,0,1,0,1,1,0,1,0,0,0,0,0
29742,,0,1,0,1,1,0,1,0,0,0,0,0
33073,,0,2,0,2,2,0,2,0,0,0,0,0
12789,,8,0,1,1,0,1,1,9,0.2229,0.230213,0,0
12791,,7,0,1,1,0,1,1,9,0.209587,0.214961,0,0
12793,,2,0,1,1,0,1,1,9,0.211627,0.217622,0,0
12795,,1,0,3,3,0,3,3,8,0.2253,0.23219,0,0.166667
12796,,12,0,1,1,0,1,1,1,1,1,0,0
12797,,16,0,3,3,0,3,3,8,0.249559,0.259363,0,0.666667
12800,,11,0,4,4,0,4,4,8,0.267481,0.279149,0,0.25
23030,,11,1,1,2,1,1,2,9,0.226657,0.233753,0,0.5
12802,,24,0,2,2,0,2,2,9,0.231755,0.239947,0,0
12803,,24,1,0,1,1,0,1,0,0,0,0,0
12811,,9,1,0,1,1,0,1,0,0,0,0,0
12812,,15,0,2,2,0,2,2,8,0.239058,0.246358,0,1
12814,,10,0,1,1,0,1,1,8,0.234094,0.242348,0,0
12815,,15,0,3,3,0,3,3,8,0.240748,0.248708,0,0.166667
12816,,15,0,1,1,0,1,1,8,0.236262,0.244204,0,0
12817,,12,0,1,1,0,1,1,9,0.208155,0.213697,0,0
12818,,0,0,1,1,0,1,1,9,0.192206,0.196986,0,0
12820,,8,0,1,1,0,1,1,8,0.262756,0.273466,0,0
12823,,9,0,1,1,0,1,1,9,0.185524,0.189879,0,0
12825,,16,0,1,1,0,1,1,1,1,1,0,0
12827,,2,1,1,2,1,1,2,9,0.207666,0.21306,18825,0.5
16079,,9,13,4,17,13,4,17,10,0.164903,0.168133,194274.191705,0.119048
12830,,2,0,2,2,0,2,2,8,0.264305,0.275737,0,0.5
12831,,16,0,1,1,0,1,1,8,0.231378,0.23929,0,0
12832,,1,0,3,3,0,3,3,8,0.2193,0.22575,0,0
17183,,1,1,1,2,1,1,2,9,0.196729,0.201349,14.173862,0
12833,,16,0,1,1,0,1,1,8,0.235753,0.244207,0,0
12834,,11,0,1,1,0,1,1,8,0.231948,0.238988,0,0
12836,,18,0,1,1,0,1,1,9,0.21286,0.218905,0,0
12838,,6,0,1,1,0,1,1,8,0.247395,0.256736,0,0
33360,,9,1,0,1,1,0,1,0,0,0,0,0
12841,,11,1,1,2,1,1,2,9,0.209396,0.215479,0,0
14236,,11,1,0,1,1,0,1,0,0,0,0,0
23476,,11,1,1,2,1,1,2,9,0.209396,0.215479,0,0
24304,,11,1,0,1,1,0,1,0,0,0,0,0
22114,,11,1,1,2,1,1,2,9,0.209396,0.215479,0,0
29565,,11,1,1,2,1,1,2,9,0.209396,0.215479,0,0
12843,,8,0,1,1,0,1,1,8,0.230108,0.238119,0,0
12847,,8,0,1,1,0,1,1,9,0.216823,0.223028,0,0
12849,,10,0,1,1,0,1,1,11,0.153491,0.155642,0,0
12851,,7,0,1,1,0,1,1,9,0.216181,0.222565,0,0
12852,,9,0,1,1,0,1,1,10,0.168625,0.171488,0,0
26978,,9,1,0,1,1,0,1,0,0,0,0,0
12854,,11,0,2,2,0,2,2,8,0.245658,0.254914,0,0
12856,,15,0,2,2,0,2,2,10,0.175398,0.178593,0,0
12858,,12,0,3,3,0,3,3,8,0.237736,0.246014,0,0.666667
12859,,8,0,1,1,0,1,1,9,0.219577,0.226317,0,0
12860,,8,0,1,1,0,1,1,1,1,1,0,0
12862,,10,0,1,1,0,1,1,8,0.23897,0.247046,0,0
13167,,9,2,1,3,2,1,3,10,0.193117,0.197471,0,1
12867,,8,0,1,1,0,1,1,8,0.262756,0.273466,0,0
12869,,16,0,1,1,0,1,1,10,0.190844,0.195075,0,0
12871,,5,0,1,1,0,1,1,8,0.245108,0.253561,0,0
27426,,10,1,2,3,1,2,3,8,0.227241,0.234533,0,1
33082,,10,1,0,1,1,0,1,0,0,0,0,0
12877,,15,0,3,3,0,3,3,9,0.22319,0.230316,0,0.333333
12880,,8,0,1,1,0,1,1,9,0.224158,0.230723,0,0
12881,,3,1,1,2,1,1,2,9,0.232872,0.240708,205.848117,0
12884,,24,0,1,1,0,1,1,9,0.215483,0.221599,0,0
12886,,11,0,1,1,0,1,1,8,0.239859,0.247713,0,0
12887,,7,0,1,1,0,1,1,9,0.200066,0.204368,0,0
26227,,10,1,0,1,1,0,1,0,0,0,0,0
12889,,1,0,1,1,0,1,1,9,0.219196,0.225231,0,0
12890,,11,0,1,1,0,1,1,9,0.214269,0.220459,0,0
13680,,9,1,0,1,1,0,1,0,0,0,0,0
23617,,9,4,1,5,4,1,5,10,0.164658,0.167549,86.35922,0.083333
12892,,1,0,1,1,0,1,1,9,0.219196,0.225231,0,0
12894,,19,0,2,2,0,2,2,9,0.222843,0.230145,0,0
16970,,19,1,4,5,1,4,5,8,0.236615,0.244697,689.29344,0.05
12898,,24,0,3,3,0,3,3,9,0.235052,0.243684,0,0.333333
12900,,11,0,1,1,0,1,1,8,0.239554,0.247876,0,0
13170,,15,1,2,3,1,2,3,9,0.220295,0.227182,0.5,0.666667
12902,,8,0,7,7,0,7,7,8,0.26712,0.279217,0,0.119048
14468,,8,1,1,2,1,1,2,10,0.177709,0.181183,1,0
28351,,7,1,1,2,1,1,2,9,0.200066,0.204368,2.454193,0
12903,,7,0,5,5,0,5,5,8,0.253548,0.263472,0,0.1
13513,,7,1,1,2,1,1,2,9,0.220966,0.227679,0,0.5
12904,,10,0,1,1,0,1,1,8,0.23897,0.247046,0,0
12906,,15,0,1,1,0,1,1,9,0.210588,0.2161,0,0
12908,,8,0,2,2,0,2,2,8,0.270476,0.282133,0,1
12909,,10,0,1,1,0,1,1,8,0.236767,0.24412,0,0
12911,,8,0,1,1,0,1,1,8,0.236752,0.244747,0,0
15538,,16,1,0,1,1,0,1,0,0,0,0,0
12915,,10,0,2,2,0,2,2,9,0.207302,0.21271,0,0
12918,,125,1,1,2,1,1,2,1,1,1,0,0
12919,,125,2,1,3,2,1,3,1,1,1,1,0
12921,,7,0,2,2,0,2,2,8,0.263035,0.273819,0,1
12922,,7,0,1,1,0,1,1,9,0.200984,0.205964,0,0
12931,,8,0,1,1,0,1,1,9,0.226946,0.234172,0,0
18628,,16,2,1,3,2,1,3,1,1,1,25977,0.166667
28962,,16,1,1,2,1,1,2,10,0.193361,0.197915,0,0
12936,,15,0,5,5,0,5,5,9,0.240273,0.248459,0,0
12937,,15,1,0,1,1,0,1,0,0,0,0,0
35371,,15,1,0,1,1,0,1,0,0,0,0,0
12940,,7,0,1,1,0,1,1,8,0.248387,0.257168,0,0
12942,,7,0,3,3,0,3,3,8,0.241986,0.250264,0,0.666667
12944,,7,0,1,1,0,1,1,7,0.293553,0.307954,0,0
12946,,15,0,3,3,0,3,3,8,0.23743,0.244927,0,0
12949,,15,1,0,1,1,0,1,0,0,0,0,0
17603,,15,1,2,3,1,2,3,9,0.211804,0.217563,34.149289,0
12950,,0,0,1,1,0,1,1,9,0.223974,0.230994,0,0
12951,,15,0,1,1,0,1,1,9,0.222009,0.229646,0,0
23647,,8,2,0,2,2,0,2,0,0,0,0,0
12957,,16,0,2,2,0,2,2,8,0.257562,0.268737,0,1
12960,,10,0,2,2,0,2,2,9,0.235014,0.243805,0,1
12961,,16,0,1,1,0,1,1,9,0.214954,0.220677,0,0
12962,,11,0,1,1,0,1,1,9,0.215053,0.221273,0,0
12963,,6,0,1,1,0,1,1,8,0.234493,0.242444,0,0
12967,,15,0,1,1,0,1,1,9,0.223111,0.229961,0,0
12968,,15,0,1,1,0,1,1,9,0.223111,0.229961,0,0
12969,,11,0,1,1,0,1,1,8,0.251382,0.261452,0,0
32162,,11,1,1,2,1,1,2,10,0.164359,0.167126,5.911892,0
19145,,8,1,0,1,1,0,1,0,0,0,0,0
12976,,7,0,1,1,0,1,1,9,0.214189,0.219658,0,0
21629,,7,1,2,3,1,2,3,8,0.23389,0.241057,384.114333,0
12982,,10,0,1,1,0,1,1,9,0.218446,0.22478,0,0
12985,,6,0,1,1,0,1,1,10,0.180264,0.183827,0,0
12986,,16,0,2,2,0,2,2,9,0.205266,0.21084,0,0
12988,,24,0,4,4,0,4,4,8,0.23637,0.244014,0,0.083333
33128,,24,1,1,2,1,1,2,1,1,1,1,0
24230,,11,1,1,2,1,1,2,1,1,1,0,0
12991,,11,0,1,1,0,1,1,8,0.227034,0.234934,0,0
12992,,1,0,1,1,0,1,1,9,0.21491,0.22074,0,0
12993,,15,0,1,1,0,1,1,8,0.220725,0.227864,0,0
12994,,8,0,1,1,0,1,1,1,1,1,0,0
13000,,8,0,1,1,0,1,1,9,0.225039,0.232567,0,0
13001,,8,0,2,2,0,2,2,8,0.242829,0.251855,0,0.5
13002,,3,2,4,6,2,4,6,9,0.228605,0.235714,37654,0.2
13003,,8,0,1,1,0,1,1,9,0.250609,0.260973,0,0
13004,,7,0,1,1,0,1,1,9,0.207609,0.212853,0,0
29569,,8,1,1,2,1,1,2,9,0.219489,0.225913,18825,0
13007,,10,0,1,1,0,1,1,9,0.225592,0.232933,0,0
13009,,11,0,1,1,0,1,1,8,0.251382,0.261452,0,0
13011,,8,0,2,2,0,2,2,9,0.214165,0.220301,0,0
13016,,12,0,1,1,0,1,1,9,0.208155,0.213697,0,0
13021,,11,0,1,1,0,1,1,8,0.246659,0.25616,0,0
13022,,8,0,1,1,0,1,1,9,0.224765,0.231975,0,0
13028,,24,0,1,1,0,1,1,9,0.21834,0.225148,0,0
13030,,10,0,9,9,0,9,9,9,0.240321,0.250269,0,0.041667
13032,,8,0,1,1,0,1,1,8,0.248761,0.257751,0,0
13033,,16,0,2,2,0,2,2,8,0.257548,0.268715,0,0.5
13034,,10,0,2,2,0,2,2,8,0.263197,0.274094,0,1
13036,,11,0,2,2,0,2,2,9,0.218208,0.224586,0,1
14216,,7,1,2,3,1,2,3,9,0.200142,0.204722,18825,0
13040,,11,0,1,1,0,1,1,9,0.212123,0.218423,0,0
13041,,7,0,1,1,0,1,1,10,0.184553,0.188803,0,0
13042,,11,0,1,1,0,1,1,9,0.231783,0.240091,0,0
13045,,7,0,1,1,0,1,1,8,0.226935,0.234515,0,0
13046,,15,0,1,1,0,1,1,9,0.190765,0.195338,0,0
13048,,126,0,1,1,0,1,1,1,1,1,0,0
13049,,126,1,0,1,1,0,1,0,0,0,0,0
33572,,24,1,0,1,1,0,1,0,0,0,0,0
13051,,21,0,3,3,0,3,3,8,0.267973,0.279554,0,0.333333
13053,,2,0,1,1,0,1,1,9,0.226463,0.234215,0,0
13059,,7,0,2,2,0,2,2,8,0.253129,0.262444,0,0
13061,,11,0,1,1,0,1,1,9,0.225635,0.232826,0,0
13062,,8,0,6,6,0,6,6,8,0.277906,0.290946,0,0.466667
13063,,0,0,1,1,0,1,1,8,0.230686,0.237852,0,0
13064,,5,0,1,1,0,1,1,9,0.229028,0.236621,0,0
13070,,16,0,1,1,0,1,1,9,0.234736,0.243231,0,0
13075,,5,0,1,1,0,1,1,8,0.230249,0.237146,0,0
13079,,7,0,3,3,0,3,3,8,0.241208,0.249423,0,0.333333
13080,,10,0,2,2,0,2,2,9,0.228087,0.235713,0,0.5
13081,,2,0,1,1,0,1,1,8,0.261475,0.272568,0,0
13085,,5,1,1,2,1,1,2,9,0.220082,0.227061,133.468825,0
13089,,11,0,2,2,0,2,2,8,0.220829,0.227638,0,0
13091,,8,0,1,1,0,1,1,9,0.211653,0.217282,0,0
13095,,12,0,1,1,0,1,1,9,0.200697,0.205965,0,0
13100,,16,0,1,1,0,1,1,8,0.257544,0.268689,0,0
13102,,7,0,7,7,0,7,7,8,0.238519,0.247155,0,0.119048
13103,,8,0,2,2,0,2,2,8,0.248571,0.258018,0,0.5
13108,,0,0,1,1,0,1,1,9,0.212176,0.218108,0,0
13109,,10,0,1,1,0,1,1,9,0.229337,0.237191,0,0
13112,,11,0,2,2,0,2,2,8,0.229123,0.236852,0,0
13114,,8,0,4,4,0,4,4,8,0.235177,0.243403,0,0.083333
22857,,8,1,0,1,1,0,1,0,0,0,0,0
13115,,5,0,3,3,0,3,3,8,0.252288,0.261516,0,0.166667
13116,,5,0,1,1,0,1,1,8,0.251664,0.260845,0,0
13118,,7,1,0,1,1,0,1,0,0,0,0,0
13122,,8,0,3,3,0,3,3,8,0.242923,0.251327,0,0
13123,,15,0,1,1,0,1,1,10,0.179156,0.182314,0,0
13125,,8,0,2,2,0,2,2,8,0.262943,0.273709,0,0.5
13127,,8,0,1,1,0,1,1,9,0.206294,0.211443,0,0
13128,,8,0,1,1,0,1,1,9,0.216305,0.222488,0,0
13130,,11,0,2,2,0,2,2,8,0.221286,0.227858,0,0
13131,,8,0,1,1,0,1,1,8,0.262756,0.273466,0,0
13132,,8,0,1,1,0,1,1,8,0.262756,0.273466,0,0
13133,,7,0,1,1,0,1,1,8,0.226935,0.234515,0,0
13134,,7,0,1,1,0,1,1,9,0.200066,0.204368,0,0
13135,,11,0,2,2,0,2,2,8,0.225884,0.232875,0,0
26388,,6,1,2,3,1,2,3,9,0.198553,0.203059,11.390337,0
13140,,11,0,1,1,0,1,1,9,0.213224,0.219265,0,0
13141,,12,0,1,1,0,1,1,9,0.217956,0.224292,0,0
13143,,15,0,1,1,0,1,1,9,0.202037,0.206891,0,0
13144,,15,0,1,1,0,1,1,9,0.224977,0.231842,0,0
13146,,127,0,1,1,0,1,1,1,1,1,0,0
13147,,127,1,0,1,1,0,1,0,0,0,0,0
32513,,11,1,1,2,1,1,2,9,0.224801,0.232224,0,1
13154,,24,1,0,1,1,0,1,0,0,0,0,0
19695,,24,1,0,1,1,0,1,0,0,0,0,0
24080,,24,1,0,1,1,0,1,0,0,0,0,0
13156,,7,0,1,1,0,1,1,1,1,1,0,0
13158,,128,0,1,1,0,1,1,1,1,1,0,0
13159,,128,1,0,1,1,0,1,0,0,0,0,0
13161,,6,0,1,1,0,1,1,9,0.22031,0.227442,0,0
13168,,7,0,2,2,0,2,2,8,0.262976,0.273811,0,1
13333,,15,1,0,1,1,0,1,0,0,0,0,0
13174,,11,0,1,1,0,1,1,8,0.236167,0.244733,0,0
13175,,9,0,3,3,0,3,3,9,0.213144,0.219722,0,0.333333
13178,,8,0,1,1,0,1,1,9,0.234452,0.242464,0,0
13183,,6,0,1,1,0,1,1,8,0.249084,0.258104,0,0
13185,,129,0,1,1,0,1,1,1,1,1,0,0
13186,,129,1,0,1,1,0,1,0,0,0,0,0
13188,,7,0,1,1,0,1,1,9,0.239538,0.247501,0,0
13191,,0,0,3,3,0,3,3,1,1,1,0,0
29724,,0,1,0,1,1,0,1,0,0,0,0,0
13195,,8,0,1,1,0,1,1,8,0.262756,0.273466,0,0
13196,,9,1,7,8,1,7,8,9,0.231842,0.240153,70.76697,0.303571
13197,,11,0,1,1,0,1,1,9,0.225635,0.232826,0,0
13199,,15,0,1,1,0,1,1,9,0.217359,0.223994,0,0
13200,,7,2,7,9,2,7,9,8,0.267178,0.27903,18847.356154,0.222222
13202,,8,1,11,12,1,11,12,8,0.26833,0.280417,26564.768261,0.106061
13203,,8,1,0,1,1,0,1,0,0,0,0,0
13204,,0,0,1,1,0,1,1,8,0.228936,0.236648,0,0
13208,,10,0,1,1,0,1,1,9,0.199428,0.204336,0,0
13209,,8,0,6,6,0,6,6,8,0.235267,0.24384,0,0.033333
13212,,1,0,1,1,0,1,1,9,0.216392,0.222482,0,0
13214,,11,0,1,1,0,1,1,9,0.192124,0.196403,0,0
13215,,9,0,1,1,0,1,1,9,0.185524,0.189879,0,0
13218,,8,0,1,1,0,1,1,8,0.262756,0.273466,0,0
13219,,11,0,3,3,0,3,3,8,0.228889,0.236461,0,0
13221,,8,0,1,1,0,1,1,1,1,1,0,0
13226,,7,0,1,1,0,1,1,11,0.161015,0.163674,0,0
13227,,7,0,1,1,0,1,1,9,0.197998,0.202451,0,0
13229,,21,0,1,1,0,1,1,8,0.240355,0.248397,0,0
13230,,18,0,1,1,0,1,1,9,0.21286,0.218905,0,0
13231,,11,0,1,1,0,1,1,8,0.244433,0.254493,0,0
13232,,10,0,3,3,0,3,3,8,0.246869,0.25578,0,0.166667
22715,,11,1,1,2,1,1,2,9,0.192155,0.196736,0,0
20653,,11,1,2,3,1,2,3,8,0.236187,0.244795,0,1
35746,,11,1,0,1,1,0,1,0,0,0,0,0
13234,,5,0,2,2,0,2,2,8,0.23959,0.247432,0,0
13236,,24,0,1,1,0,1,1,9,0.218312,0.224902,0,0
13237,,12,0,1,1,0,1,1,8,0.234438,0.242011,0,0
13239,,11,0,5,5,0,5,5,9,0.227311,0.234921,0,0.25
18586,,7,1,0,1,1,0,1,0,0,0,0,0
20996,,7,1,2,3,1,2,3,8,0.266118,0.277607,18.677869,0.5
13243,,2,0,1,1,0,1,1,8,0.261475,0.272568,0,0
19831,,11,1,4,5,1,4,5,8,0.254722,0.265676,84.943751,0.333333
29234,,16,1,0,1,1,0,1,0,0,0,0,0
13254,,7,0,4,4,0,4,4,8,0.249851,0.25886,0,0.083333
13256,,11,0,1,1,0,1,1,8,0.251382,0.261452,0,0
13257,,11,0,1,1,0,1,1,8,0.23949,0.247366,0,0
13261,,11,0,1,1,0,1,1,9,0.186196,0.190551,0,0
13262,,8,0,3,3,0,3,3,7,0.293846,0.30836,0,0.5
23087,,24,2,0,2,2,0,2,0,0,0,0,0
13266,,8,0,106,106,0,106,106,7,0.304822,0.325019,0,0.054627
14261,,7,1,1,2,1,1,2,1,1,1,0.034483,0
19838,,8,1,0,1,1,0,1,0,0,0,0,0
24770,,8,1,0,1,1,0,1,0,0,0,0,0
20208,,8,1,1,2,1,1,2,8,0.236752,0.244747,0,0.5
16482,,8,1,2,3,1,2,3,8,0.263842,0.274589,22.569646,0.333333
30007,,8,1,0,1,1,0,1,0,0,0,0,0
30008,,8,1,0,1,1,0,1,0,0,0,0,0
30872,,0,1,7,8,1,7,8,8,0.269685,0.282478,25.592179,0.303571
13268,,8,0,1,1,0,1,1,9,0.230193,0.238549,0,0
13269,,21,0,1,1,0,1,1,9,0.208091,0.213257,0,0
13272,,8,0,1,1,0,1,1,9,0.188594,0.192926,0,0
13273,,11,0,1,1,0,1,1,9,0.224977,0.23191,0,0
13274,,15,0,1,1,0,1,1,9,0.20994,0.215431,0,0
13275,,8,0,2,2,0,2,2,9,0.23226,0.239702,0,1
13276,,16,0,1,1,0,1,1,8,0.226534,0.233342,0,0
13277,,11,0,3,3,0,3,3,8,0.246153,0.25517,0,1
13280,,5,1,2,3,1,2,3,9,0.206493,0.211916,63625.615581,0
14875,,5,1,0,1,1,0,1,0,0,0,0,0
13283,,10,0,1,1,0,1,1,9,0.220001,0.226414,0,0
13286,,24,0,1,1,0,1,1,9,0.216278,0.22219,0,0
20367,,11,2,0,2,2,0,2,0,0,0,0,0.5
13294,,7,0,5,5,0,5,5,9,0.237056,0.245469,0,0
13295,,11,0,1,1,0,1,1,9,0.224355,0.231354,0,0
13296,,2,0,2,2,0,2,2,8,0.266921,0.27899,0,1
13298,,11,0,1,1,0,1,1,8,0.239859,0.247713,0,0
13299,,12,0,1,1,0,1,1,8,0.234438,0.242011,0,0
13300,,11,0,1,1,0,1,1,1,1,1,0,0
13304,,11,0,1,1,0,1,1,8,0.244433,0.254493,0,0
13305,,11,0,2,2,0,2,2,8,0.236621,0.245287,0,1
13308,,7,0,1,1,0,1,1,9,0.200066,0.204368,0,0
13309,,1,1,1,2,1,1,2,10,0.173357,0.176348,18828,0
13310,,1,1,1,2,1,1,2,9,0.209701,0.215029,37654,0
13312,,12,0,1,1,0,1,1,8,0.236841,0.24458,0,0
13313,,0,0,1,1,0,1,1,9,0.224787,0.232402,0,0
13314,,7,0,3,3,0,3,3,8,0.25496,0.265305,0,0.5
13315,,8,0,2,2,0,2,2,8,0.26448,0.275475,0,1
13318,,5,0,1,1,0,1,1,9,0.197061,0.201698,0,0
13319,,8,0,1,1,0,1,1,8,0.262756,0.273466,0,0
13320,,0,0,1,1,0,1,1,9,0.223974,0.230994,0,0
13322,,18,0,1,1,0,1,1,9,0.21286,0.218905,0,0
13323,,1,0,3,3,0,3,3,8,0.232524,0.239879,0,0.666667
28807,,15,1,5,6,1,5,6,8,0.234361,0.243146,26412.826638,0.1
13325,,11,0,2,2,0,2,2,9,0.212305,0.218257,0,0
15083,,10,1,9,10,1,9,10,8,0.263326,0.275071,52018.725143,0.236111
13327,,7,0,2,2,0,2,2,8,0.242625,0.251005,0,0
13329,,7,0,1,1,0,1,1,9,0.232863,0.240485,0,0
23811,,15,1,1,2,1,1,2,9,0.220293,0.227155,0,1
13334,,11,0,1,1,0,1,1,9,0.197937,0.202631,0,0
13336,,8,0,1,1,0,1,1,9,0.219316,0.225988,0,0
13340,,11,0,1,1,0,1,1,8,0.235824,0.242716,0,0
13341,,11,0,2,2,0,2,2,8,0.253942,0.264527,0,0
13342,,0,0,2,2,0,2,2,9,0.207243,0.212998,0,1
14975,,11,1,1,2,1,1,2,9,0.203412,0.208917,0,0
13345,,11,0,1,1,0,1,1,9,0.213579,0.219742,0,0
13347,,7,0,1,1,0,1,1,8,0.233233,0.240201,0,0
13348,,7,1,4,5,1,4,5,8,0.242531,0.25086,25977.184444,0.3
13350,,11,0,2,2,0,2,2,8,0.262767,0.273506,0,0
13353,,11,0,1,1,0,1,1,10,0.195678,0.200464,0,0
13355,,7,0,1,1,0,1,1,1,1,1,0,0
13356,,130,0,1,1,0,1,1,1,1,1,0,0
13357,,130,1,0,1,1,0,1,0,0,0,0,0
13358,,8,1,2,3,1,2,3,8,0.248161,0.256755,445.317148,0
13361,,24,0,1,1,0,1,1,9,0.21834,0.225148,0,0
13362,,3,0,6,6,0,6,6,8,0.27099,0.283451,0,0.266667
13363,,11,0,1,1,0,1,1,9,0.199515,0.204427,0,0
13365,,8,0,1,1,0,1,1,9,0.211285,0.217016,0,0
13367,,11,0,1,1,0,1,1,8,0.232829,0.239934,0,0
13369,,8,1,4,5,1,4,5,8,0.228194,0.236278,26041.818299,0.15
22352,,8,1,0,1,1,0,1,0,0,0,0,0
13371,,3,0,1,1,0,1,1,9,0.214123,0.219985,0,0
13376,,11,2,2,4,2,2,4,9,0.225639,0.232865,0.861111,0.666667
13379,,2,0,2,2,0,2,2,8,0.262951,0.274297,0,1
13385,,8,0,1,1,0,1,1,9,0.21791,0.224128,0,0
13386,,16,0,1,1,0,1,1,9,0.205253,0.210794,0,0
13389,,2,0,1,1,0,1,1,9,0.186995,0.191243,0,0
13393,,7,0,1,1,0,1,1,9,0.215254,0.221272,0,0
13395,,11,0,1,1,0,1,1,9,0.210874,0.217038,0,0
13399,,6,0,2,2,0,2,2,8,0.256715,0.267688,0,1
13400,,6,0,2,2,0,2,2,8,0.256715,0.267688,0,1
13401,,10,0,1,1,0,1,1,9,0.200588,0.206224,0,0
13402,,6,0,2,2,0,2,2,8,0.256715,0.267688,0,1
13403,,5,0,1,1,0,1,1,9,0.197061,0.201698,0,0
13405,,6,0,2,2,0,2,2,8,0.256715,0.267688,0,1
13408,,0,0,1,1,0,1,1,9,0.201604,0.206959,0,0
13409,,7,0,1,1,0,1,1,10,0.178867,0.182209,0,0
13410,,7,0,1,1,0,1,1,9,0.232863,0.240485,0,0
13412,,10,0,1,1,0,1,1,9,0.221424,0.228568,0,0
13414,,136,0,1,1,0,1,1,10,0.163298,0.165989,0,0
13415,,8,0,2,2,0,2,2,9,0.21968,0.226278,0,1
13417,,0,0,1,1,0,1,1,1,1,1,0,0
31522,,6,1,0,1,1,0,1,0,0,0,0,0
13421,,11,0,1,1,0,1,1,9,0.218439,0.22522,0,0
13739,,16,1,0,1,1,0,1,0,0,0,0,0
13428,,7,0,16,16,0,16,16,8,0.274033,0.287223,0,0.170833
14825,,7,1,0,1,1,0,1,0,0,0,0,0
13429,,16,0,5,5,0,5,5,8,0.221294,0.228374,0,0.2
13433,,6,0,2,2,0,2,2,8,0.256715,0.267688,0,1
13434,,6,0,2,2,0,2,2,8,0.256715,0.267688,0,1
13435,,6,0,2,2,0,2,2,8,0.256715,0.267688,0,1
13436,,7,0,3,3,0,3,3,10,0.178877,0.182289,0,0
13437,,6,0,2,2,0,2,2,8,0.256715,0.267688,0,1
13438,,10,0,1,1,0,1,1,9,0.213705,0.219854,0,0
13439,,6,0,2,2,0,2,2,8,0.256715,0.267688,0,1
13440,,15,0,1,1,0,1,1,9,0.20914,0.214807,0,0
14329,,0,1,0,1,1,0,1,0,0,0,0,0
13442,,16,0,1,1,0,1,1,8,0.236961,0.24442,0,0
13443,,7,0,3,3,0,3,3,8,0.232409,0.240573,0,0.5
13444,,11,0,2,2,0,2,2,8,0.240524,0.249928,0,1
13447,,8,0,14,14,0,14,14,8,0.273756,0.28644,0,0.17033
17165,,8,2,1,3,2,1,3,1,1,1,1,0
13448,,7,0,1,1,0,1,1,9,0.200066,0.204368,0,0
13449,,7,0,1,1,0,1,1,8,0.233233,0.240201,0,0
15356,,6,2,1,3,2,1,3,1,1,1,10.26129,0
13451,,16,1,3,4,1,3,4,9,0.210893,0.216935,0,0.666667
13452,,16,4,3,7,4,3,7,9,0.235814,0.243937,9742.289227,0.233333
13576,,16,2,1,3,2,1,3,9,0.209781,0.215658,0,1
13453,,12,0,1,1,0,1,1,9,0.217956,0.224292,0,0
15559,,16,1,4,5,1,4,5,9,0.205452,0.211131,30356.946255,0
13457,,10,0,1,1,0,1,1,9,0.198304,0.203062,0,0
13458,,7,0,1,1,0,1,1,1,1,1,0,0
14327,,16,4,1,5,4,1,5,9,0.209781,0.215658,0,0.333333
15490,,16,1,2,3,1,2,3,9,0.209791,0.215707,283.190794,0
15972,,16,1,2,3,1,2,3,9,0.210888,0.216899,0,1
15268,,16,1,1,2,1,1,2,9,0.209781,0.215658,0,0
16282,,16,2,2,4,2,2,4,9,0.209786,0.215694,1,0.666667
16814,,16,1,0,1,1,0,1,0,0,0,0,0
16998,,16,1,0,1,1,0,1,0,0,0,0,0
17115,,16,1,0,1,1,0,1,0,0,0,0,0
19434,,16,1,1,2,1,1,2,9,0.209781,0.215658,0,0
21445,,16,1,1,2,1,1,2,9,0.209781,0.215658,0,0
22667,,16,1,1,2,1,1,2,9,0.209781,0.215658,0,0
23319,,16,2,1,3,2,1,3,9,0.209781,0.215658,0,1
23527,,16,1,0,1,1,0,1,0,0,0,0,0
24128,,16,1,0,1,1,0,1,0,0,0,0,0
24359,,16,1,1,2,1,1,2,9,0.209781,0.215658,0,0
24479,,16,1,0,1,1,0,1,0,0,0,0,0
25178,,16,1,0,1,1,0,1,0,0,0,0,0
25220,,16,1,0,1,1,0,1,0,0,0,0,0
25311,,16,1,1,2,1,1,2,9,0.209781,0.215658,0,0
23185,,16,1,4,5,1,4,5,9,0.209788,0.215738,0,0.5
25780,,16,1,0,1,1,0,1,0,0,0,0,0
25801,,16,1,0,1,1,0,1,0,0,0,0,0
25848,,16,1,0,1,1,0,1,0,0,0,0,0
26074,,16,1,0,1,1,0,1,0,0,0,0,0
26152,,16,1,0,1,1,0,1,0,0,0,0,0
26421,,16,1,1,2,1,1,2,9,0.209781,0.215658,0,0
26650,,16,1,0,1,1,0,1,0,0,0,0,0
26718,,16,1,0,1,1,0,1,0,0,0,0,0
27022,,16,1,1,2,1,1,2,9,0.209781,0.215658,0,0
27031,,16,1,0,1,1,0,1,0,0,0,0,0
27148,,16,1,0,1,1,0,1,0,0,0,0,0
27864,,16,1,0,1,1,0,1,0,0,0,0,0
28141,,16,1,2,3,1,2,3,9,0.209784,0.215685,0,1
28556,,16,1,0,1,1,0,1,0,0,0,0,0
28864,,16,1,0,1,1,0,1,0,0,0,0,0
28877,,16,1,0,1,1,0,1,0,0,0,0,0
28039,,16,1,1,2,1,1,2,9,0.209781,0.215658,0,0
28175,,16,1,1,2,1,1,2,9,0.209781,0.215658,0,0
30421,,16,1,1,2,1,1,2,9,0.209781,0.215658,0,0
30803,,16,1,0,1,1,0,1,0,0,0,0,0
32951,,16,1,0,1,1,0,1,0,0,0,0,0
13818,,16,2,2,4,2,2,4,9,0.209786,0.215694,18826,0.333333
33648,,16,1,0,1,1,0,1,0,0,0,0,0
34296,,16,1,0,1,1,0,1,0,0,0,0,0
35246,,16,1,0,1,1,0,1,0,0,0,0,0
35732,,16,1,0,1,1,0,1,0,0,0,0,0
13461,,11,0,3,3,0,3,3,9,0.233972,0.242357,0,0
19875,,11,1,0,1,1,0,1,0,0,0,0,0
13463,,7,0,6,6,0,6,6,8,0.238728,0.246296,0,0.033333
13464,,7,1,0,1,1,0,1,0,0,0,0,0
13465,,10,0,1,1,0,1,1,10,0.191907,0.196436,0,0
13469,,18,0,1,1,0,1,1,9,0.21286,0.218905,0,0
13471,,8,1,3,4,1,3,4,8,0.236838,0.244844,26217.108281,0
13472,,11,0,1,1,0,1,1,8,0.234266,0.242061,0,0
13473,,11,0,1,1,0,1,1,8,0.23949,0.247366,0,0
13475,,6,0,2,2,0,2,2,8,0.256715,0.267688,0,1
15560,,11,1,0,1,1,0,1,0,0,0,0,0
15558,,11,1,1,2,1,1,2,8,0.229989,0.236804,0,0
27555,,16,2,3,5,2,3,5,9,0.221628,0.229244,18907.659324,0.1
13477,,131,0,1,1,0,1,1,1,1,1,0,0
13478,,131,1,0,1,1,0,1,0,0,0,0,0
13479,,7,0,2,2,0,2,2,8,0.277517,0.290179,0,0.5
13480,,6,0,2,2,0,2,2,8,0.256715,0.267688,0,1
13481,,11,0,1,1,0,1,1,10,0.171061,0.174299,0,0
13482,,6,0,2,2,0,2,2,8,0.256715,0.267688,0,1
17114,,11,1,2,3,1,2,3,9,0.225027,0.232208,123.244505,0
13485,,7,0,1,1,0,1,1,8,0.226935,0.234515,0,0
13486,,11,0,3,3,0,3,3,8,0.24202,0.250999,0,0
13488,,8,0,1,1,0,1,1,1,1,1,0,0
13489,,10,0,1,1,0,1,1,10,0.181187,0.184765,0,0
13490,,15,0,1,1,0,1,1,9,0.201062,0.205746,0,0
13491,,0,0,1,1,0,1,1,9,0.224787,0.232402,0,0
13493,,10,0,2,2,0,2,2,9,0.219539,0.225948,0,0.5
13494,,6,0,1,1,0,1,1,8,0.247395,0.256736,0,0
13495,,0,0,2,2,0,2,2,9,0.188918,0.193254,0,0
13496,,2,0,1,1,0,1,1,9,0.187706,0.19132,0,0
13498,,1,0,5,5,0,5,5,8,0.251214,0.261481,0,0.15
13500,,11,0,1,1,0,1,1,8,0.227718,0.235112,0,0
13501,,11,0,1,1,0,1,1,9,0.217041,0.222899,0,0
27156,,11,1,0,1,1,0,1,0,0,0,0,0
30188,,11,1,0,1,1,0,1,0,0,0,0,0
13508,,9,1,0,1,1,0,1,0,0,0,0,0
17274,,9,1,0,1,1,0,1,0,0,0,0,0
21671,,9,1,0,1,1,0,1,0,0,0,0,0
26999,,9,1,0,1,1,0,1,0,0,0,0,0
27996,,9,1,0,1,1,0,1,0,0,0,0,0
29788,,9,1,1,2,1,1,2,9,0.20235,0.207218,4162.408431,0
32486,,9,1,1,2,1,1,2,1,1,1,385.341274,0
33399,,9,1,0,1,1,0,1,0,0,0,0,0
33419,,9,1,0,1,1,0,1,0,0,0,0,0
33842,,9,1,0,1,1,0,1,0,0,0,0,0
13510,,11,0,1,1,0,1,1,8,0.23949,0.247366,0,0
13511,,8,0,2,2,0,2,2,8,0.263072,0.273902,0,0.5
13514,,13,0,1,1,0,1,1,8,0.234601,0.241751,0,0
13517,,6,0,2,2,0,2,2,8,0.256715,0.267688,0,1
31972,,11,2,4,6,2,4,6,9,0.226421,0.2339,202.910159,0.05
13520,,1,0,1,1,0,1,1,9,0.215686,0.221565,0,0
13521,,5,0,2,2,0,2,2,8,0.238265,0.245508,0,1
13523,,11,1,0,1,1,0,1,0,0,0,0,0
13524,,12,0,1,1,0,1,1,9,0.213606,0.219549,0,0
13525,,16,0,1,1,0,1,1,9,0.234736,0.243231,0,0
13526,,5,0,1,1,0,1,1,8,0.245108,0.253561,0,0
13527,,11,0,1,1,0,1,1,8,0.251382,0.261452,0,0
13528,,12,0,1,1,0,1,1,8,0.234438,0.242011,0,0
13530,,8,0,2,2,0,2,2,8,0.235839,0.243264,0,1
13531,,133,1,2,3,1,2,3,1,1,1,1,0.166667
13532,,133,2,0,2,2,0,2,0,0,0,0,0.5
18439,,133,1,0,1,1,0,1,0,0,0,0,0
13536,,1,0,1,1,0,1,1,9,0.204804,0.210198,0,0
13538,,7,0,1,1,0,1,1,1,1,1,0,0
14577,,16,1,1,2,1,1,2,9,0.221433,0.227975,0,0
30623,,16,1,0,1,1,0,1,0,0,0,0,0
13541,,5,0,1,1,0,1,1,9,0.229028,0.236621,0,0
13544,,15,0,7,7,0,7,7,8,0.252745,0.263288,0,0.047619
24536,,15,1,0,1,1,0,1,0,0,0,0,0
13545,,2,1,1,2,1,1,2,9,0.195108,0.199475,151.532056,0
13546,,2,0,2,2,0,2,2,8,0.271693,0.284063,0,1
13547,,9,0,6,6,0,6,6,9,0.223132,0.230384,0,0.266667
13549,,11,0,1,1,0,1,1,8,0.234514,0.24306,0,0
13550,,16,0,1,1,0,1,1,8,0.236961,0.24442,0,0
13552,,0,0,1,1,0,1,1,10,0.174253,0.177675,0,0
13554,,8,0,1,1,0,1,1,8,0.262756,0.273466,0,0
13556,,8,0,2,2,0,2,2,8,0.262995,0.273751,0,1
13557,,132,0,2,2,0,2,2,1,1,1,0,0
13558,,132,1,0,1,1,0,1,0,0,0,0,0
32831,,132,1,0,1,1,0,1,0,0,0,0,0
13561,,10,0,2,2,0,2,2,8,0.233319,0.241433,0,0
13562,,15,0,1,1,0,1,1,9,0.220297,0.227161,0,0
13567,,8,0,2,2,0,2,2,8,0.248696,0.258487,0,0
16800,,6,1,0,1,1,0,1,0,0,0,0,0
18879,,9,1,0,1,1,0,1,0,0,0,0,0
13571,,12,0,1,1,0,1,1,8,0.236841,0.24458,0,0
13573,,18,0,2,2,0,2,2,9,0.213666,0.22016,0,1
13579,,133,0,2,2,0,2,2,2,0.75,0.833333,0,0.5
13582,,10,0,1,1,0,1,1,9,0.216499,0.222589,0,0
13583,,5,0,1,1,0,1,1,8,0.234397,0.241643,0,0
13584,,5,0,1,1,0,1,1,8,0.234397,0.241643,0,0
13586,,12,0,1,1,0,1,1,10,0.172726,0.175872,0,0
13770,,7,1,0,1,1,0,1,0,0,0,0,0
21559,,7,1,0,1,1,0,1,0,0,0,0,0
22511,,7,1,0,1,1,0,1,0,0,0,0,0
29244,,7,1,0,1,1,0,1,0,0,0,0,0
26779,,7,1,3,4,1,3,4,8,0.27704,0.290079,0,0.833333
31140,,7,1,0,1,1,0,1,0,0,0,0,0
32301,,7,1,0,1,1,0,1,0,0,0,0,0
32977,,7,1,0,1,1,0,1,0,0,0,0,0
13590,,8,0,1,1,0,1,1,9,0.210266,0.216003,0,0
13592,,16,0,1,1,0,1,1,11,0.147794,0.149815,0,0
13593,,8,0,2,2,0,2,2,8,0.248771,0.25779,0,0
31583,,8,1,1,2,1,1,2,7,0.293553,0.307954,2698.855714,0
13597,,0,1,0,1,1,0,1,0,0,0,0,0
13598,,16,0,1,1,0,1,1,8,0.226534,0.233342,0,0
13600,,0,0,1,1,0,1,1,9,0.209249,0.214871,0,0
13601,,8,0,1,1,0,1,1,8,0.24587,0.25403,0,0
13604,,11,0,1,1,0,1,1,9,0.225635,0.232826,0,0
13605,,8,0,1,1,0,1,1,8,0.23941,0.248389,0,0
13606,,8,0,1,1,0,1,1,9,0.211292,0.217136,0,0
13607,,13,0,1,1,0,1,1,8,0.235883,0.243933,0,0
13609,,8,0,1,1,0,1,1,8,0.262756,0.273466,0,0
13610,,16,0,1,1,0,1,1,8,0.257544,0.268689,0,0
13611,,21,0,1,1,0,1,1,1,1,1,0,0
13612,,24,0,1,1,0,1,1,9,0.189768,0.194199,0,0
13613,,24,3,5,8,3,5,8,8,0.234202,0.24281,43573.010735,0
13614,,0,0,1,1,0,1,1,9,0.222605,0.230046,0,0
13615,,16,0,1,1,0,1,1,9,0.197236,0.201881,0,0
13617,,7,1,19,20,1,19,20,7,0.304889,0.321634,26046.499127,0.355263
14243,,7,1,0,1,1,0,1,0,0,0,0,0
13619,,16,0,3,3,0,3,3,8,0.240946,0.249119,0,0.333333
13620,,11,0,1,1,0,1,1,9,0.203855,0.209554,0,0
13621,,56,0,1,1,0,1,1,9,0.204987,0.210426,0,0
21293,,56,1,0,1,1,0,1,0,0,0,0,0
13624,,5,0,1,1,0,1,1,9,0.201412,0.206511,0,0
13628,,2,0,2,2,0,2,2,8,0.262028,0.273132,0,0.5
13631,,10,0,2,2,0,2,2,10,0.170915,0.174129,0,0
25650,,10,2,0,2,2,0,2,0,0,0,0,0
13632,,8,0,1,1,0,1,1,9,0.218107,0.224532,0,0
13633,,19,0,2,2,0,2,2,9,0.227352,0.234832,0,1
13634,,11,0,1,1,0,1,1,9,0.231783,0.240091,0,0
22433,,0,2,1,3,2,1,3,8,0.242384,0.250657,0,0.5
13636,,7,0,2,2,0,2,2,9,0.228333,0.235566,0,0.5
13637,,24,0,1,1,0,1,1,10,0.188152,0.192417,0,0
13638,,24,1,1,2,1,1,2,9,0.231745,0.239907,18827,0
13640,,16,0,2,2,0,2,2,9,0.239152,0.248044,0,1
13644,,11,0,1,1,0,1,1,8,0.247792,0.25846,0,0
13645,,19,0,1,1,0,1,1,9,0.222431,0.229647,0,0
13651,,11,0,1,1,0,1,1,9,0.224856,0.232784,0,0
13655,,8,0,1,1,0,1,1,8,0.242826,0.251829,0,0
13657,,12,0,1,1,0,1,1,9,0.195014,0.200132,0,0
13660,,8,0,1,1,0,1,1,9,0.211842,0.21746,0,0
13661,,2,0,1,1,0,1,1,9,0.207671,0.213066,0,0
14252,,7,1,2,3,1,2,3,9,0.223818,0.23043,772.421008,0.5
27602,,7,1,3,4,1,3,4,8,0.225826,0.232737,157.146503,0.166667
33611,,8,1,0,1,1,0,1,0,0,0,0,0
13671,,8,1,3,4,1,3,4,9,0.226593,0.233817,150.62718,0.083333
13672,,7,0,1,1,0,1,1,8,0.272188,0.283721,0,0
13674,,6,1,1,2,1,1,2,9,0.211291,0.216913,0,0
13675,,16,0,1,1,0,1,1,8,0.226534,0.233342,0,0
13676,,8,0,1,1,0,1,1,8,0.255022,0.264509,0,0
13678,,8,0,2,2,0,2,2,8,0.248771,0.25779,0,0
13679,,8,1,0,1,1,0,1,0,0,0,0,0
13681,,11,0,1,1,0,1,1,8,0.236167,0.244733,0,0
13683,,12,0,2,2,0,2,2,9,0.213608,0.219575,0,1
13684,,8,0,1,1,0,1,1,9,0.210437,0.216033,0,0
13685,,11,0,1,1,0,1,1,9,0.221831,0.228371,0,0
13686,,15,0,1,1,0,1,1,9,0.227687,0.23488,0,0
13688,,10,0,1,1,0,1,1,9,0.232941,0.240927,0,0
13690,,16,0,1,1,0,1,1,10,0.193004,0.197542,0,0
13692,,11,0,1,1,0,1,1,9,0.21182,0.218077,0,0
17639,,6,1,0,1,1,0,1,0,0,0,0,0
29363,,6,1,1,2,1,1,2,9,0.196487,0.201026,57.712598,0
27421,,6,2,0,2,2,0,2,0,0,0,0,0
13695,,134,1,1,2,1,1,2,1,1,1,1,0
13696,,134,1,0,1,1,0,1,0,0,0,0,0
13697,,16,0,4,4,0,4,4,8,0.265715,0.277452,0,0.083333
33804,,16,1,0,1,1,0,1,0,0,0,0,0
13698,,135,0,1,1,0,1,1,1,1,1,0,0
13699,,135,2,0,2,2,0,2,0,0,0,0,0
13701,,1,0,1,1,0,1,1,9,0.21491,0.22074,0,0
13704,,8,0,1,1,0,1,1,9,0.209387,0.215068,0,0
14780,,11,1,0,1,1,0,1,0,0,0,0,0
15108,,11,1,2,3,1,2,3,8,0.23252,0.239518,0,1
13715,,10,1,1,2,1,1,2,8,0.23897,0.247046,18827,0
13717,,11,0,1,1,0,1,1,9,0.213228,0.219825,0,0
13718,,16,0,2,2,0,2,2,9,0.202065,0.207125,0,0
13719,,21,0,1,1,0,1,1,9,0.189644,0.193772,0,0
13720,,21,1,3,4,1,3,4,8,0.234013,0.241958,18828,0
21734,,21,1,2,3,1,2,3,8,0.24037,0.248442,1114.61921,0
13722,,16,0,2,2,0,2,2,10,0.178872,0.182249,0,0
13728,,15,0,1,1,0,1,1,10,0.179156,0.182314,0,0
13731,,15,0,1,1,0,1,1,10,0.179156,0.182314,0,0
13732,,7,0,1,1,0,1,1,8,0.265449,0.276753,0,0
13737,,11,0,1,1,0,1,1,9,0.211758,0.218061,0,0
13738,,11,0,1,1,0,1,1,9,0.226657,0.233753,0,0
13743,,15,0,1,1,0,1,1,10,0.179156,0.182314,0,0
25067,,8,1,0,1,1,0,1,0,0,0,0,0
33583,,8,2,1,3,2,1,3,1,1,1,0,0.5
33584,,8,2,1,3,2,1,3,1,1,1,0,0.5
13747,,7,0,1,1,0,1,1,8,0.238404,0.246059,0,0
17925,,10,1,0,1,1,0,1,0,0,0,0,0
13751,,16,0,1,1,0,1,1,9,0.202973,0.207933,0,0
13753,,12,0,1,1,0,1,1,8,0.236841,0.24458,0,0
18793,,5,2,4,6,2,4,6,8,0.243731,0.252263,436.410972,0.1
13755,,8,0,3,3,0,3,3,8,0.23752,0.245055,0,0.333333
13756,,0,0,2,2,0,2,2,9,0.206552,0.211899,0,0
13757,,5,0,1,1,0,1,1,9,0.232771,0.240328,0,0
13759,,11,0,1,1,0,1,1,8,0.236167,0.244733,0,0
13760,,7,0,1,1,0,1,1,8,0.272188,0.283721,0,0
13761,,8,1,1,2,1,1,2,10,0.173495,0.17678,0,0
13762,,8,1,2,3,1,2,3,9,0.209911,0.215853,18827,0
13763,,7,0,1,1,0,1,1,8,0.226935,0.234515,0,0
13765,,15,0,1,1,0,1,1,9,0.220127,0.227165,0,0
13766,,7,0,2,2,0,2,2,8,0.265472,0.276811,0,0.5
13771,,11,0,1,1,0,1,1,9,0.22341,0.230056,0,0
13773,,15,0,2,2,0,2,2,9,0.220302,0.227196,0,1
13775,,16,0,2,2,0,2,2,9,0.201518,0.206608,0,0
13778,,8,0,1,1,0,1,1,9,0.208448,0.213756,0,0
13782,,10,0,1,1,0,1,1,8,0.231335,0.239437,0,0
13784,,5,0,1,1,0,1,1,9,0.229134,0.236663,0,0
13785,,11,0,5,5,0,5,5,8,0.268819,0.280726,0,0.55
13786,,16,0,1,1,0,1,1,9,0.234736,0.243231,0,0
13787,,2,0,1,1,0,1,1,8,0.261475,0.272568,0,0
13788,,0,0,1,1,0,1,1,9,0.222605,0.230046,0,0
13789,,5,0,4,4,0,4,4,9,0.235558,0.243754,0,0
13791,,18,0,5,5,0,5,5,9,0.213681,0.220261,0,0.2
13792,,16,0,1,1,0,1,1,8,0.257544,0.268689,0,0
13796,,11,1,1,2,1,1,2,11,0.155744,0.158025,25974,0.5
13797,,11,1,1,2,1,1,2,10,0.184471,0.188264,18825,0.5
13798,,10,0,1,1,0,1,1,9,0.219613,0.225769,0,0
13800,,12,0,1,1,0,1,1,9,0.194778,0.199187,0,0
13803,,8,0,1,1,0,1,1,8,0.247064,0.255642,0,0
13807,,2,0,2,2,0,2,2,8,0.261482,0.272603,0,0
13809,,10,0,1,1,0,1,1,9,0.222352,0.229209,0,0
19603,,5,1,0,1,1,0,1,0,0,0,0,0
13814,,13,0,1,1,0,1,1,8,0.235883,0.243933,0,0
13816,,8,0,1,1,0,1,1,8,0.262756,0.273466,0,0
13817,,8,0,1,1,0,1,1,8,0.263743,0.27463,0,0
13819,,8,0,1,1,0,1,1,10,0.173599,0.176592,0,0
13820,,8,2,1,3,2,1,3,9,0.210055,0.215398,18850.099688,0
13822,,16,0,2,2,0,2,2,8,0.269956,0.282414,0,1
13823,,1,0,2,2,0,2,2,8,0.23186,0.238791,0,0
19616,,11,1,0,1,1,0,1,0,0,0,0,0
13827,,7,0,2,2,0,2,2,9,0.22893,0.236292,0,0
22309,,11,1,2,3,1,2,3,9,0.219435,0.226093,0,1
13829,,10,0,1,1,0,1,1,9,0.227171,0.235195,0,0
13832,,8,0,1,1,0,1,1,9,0.217081,0.223378,0,0
14075,,11,1,5,6,1,5,6,8,0.245092,0.25566,580.861613,0.3
14306,,5,6,1,7,6,1,7,8,0.245844,0.255042,19361.160725,0.233333
14682,,5,1,0,1,1,0,1,0,0,0,0,0
14608,,5,8,37,45,8,37,45,7,0.306997,0.324531,139292.618369,0.115152
14630,,5,10,18,28,10,18,28,8,0.271268,0.284305,92316.041305,0.091667
14763,,5,1,1,2,1,1,2,8,0.245844,0.255042,0,0
13968,,5,1,1,2,1,1,2,8,0.245844,0.255042,0,0
14769,,5,2,0,2,2,0,2,0,0,0,0,0.5
14777,,5,1,0,1,1,0,1,0,0,0,0,0
14799,,5,3,8,11,3,8,11,8,0.262871,0.273962,3510.998417,0.211111
14836,,5,1,0,1,1,0,1,0,0,0,0,0
14948,,5,1,1,2,1,1,2,8,0.245844,0.255042,0,0
14275,,5,2,2,4,2,2,4,8,0.251281,0.260866,232.965652,0.666667
15016,,5,1,2,3,1,2,3,8,0.239328,0.247525,182.344236,0.333333
14978,,5,7,1,8,7,1,8,9,0.216276,0.222189,56582.270464,0.160714
15064,,5,1,0,1,1,0,1,0,0,0,0,0
15078,,5,1,0,1,1,0,1,0,0,0,0,0
15217,,5,1,0,1,1,0,1,0,0,0,0,0
15299,,5,1,0,1,1,0,1,0,0,0,0,0
15375,,5,2,0,2,2,0,2,0,0,0,0,1
15621,,5,4,9,13,4,9,13,8,0.249348,0.258966,16960.384121,0.212121
15791,,5,1,0,1,1,0,1,0,0,0,0,0
15769,,5,3,1,4,3,1,4,10,0.177825,0.181076,0,0.5
15825,,5,1,2,3,1,2,3,8,0.245847,0.255069,0,1
15913,,5,2,0,2,2,0,2,0,0,0,0,1
15942,,5,5,6,11,5,6,11,8,0.252163,0.261448,40020.166904,0.181818
15335,,5,1,1,2,1,1,2,8,0.245844,0.255042,0,0
16278,,7,1,2,3,1,2,3,9,0.202171,0.20714,411.232849,0.166667
16474,,5,2,0,2,2,0,2,0,0,0,0,0
16590,,5,3,3,6,3,3,6,8,0.246549,0.255994,18859.156428,0.25
17375,,5,4,1,5,4,1,5,8,0.245844,0.255042,0,0.666667
17708,,5,7,5,12,7,5,12,8,0.246365,0.255822,65217.30578,0.155556
17707,,5,1,3,4,1,3,4,9,0.197684,0.202485,0,0.5
16747,,5,4,3,7,4,3,7,8,0.245854,0.255104,12679.112346,0.3
17909,,5,1,0,1,1,0,1,0,0,0,0,0
17704,,5,5,1,6,5,1,6,8,0.245844,0.255042,6644.127885,0.3
18516,,5,1,2,3,1,2,3,8,0.267929,0.278846,0,0.5
18715,,5,3,0,3,3,0,3,0,0,0,0,0.5
18786,,5,2,0,2,2,0,2,0,0,0,0,0.5
18980,,5,4,2,6,4,2,6,8,0.245995,0.255296,4.163897,0.833333
14631,,5,4,1,5,4,1,5,8,0.245844,0.255042,0,0.75
18198,,5,2,1,3,2,1,3,8,0.245844,0.255042,8667.457011,0
18427,,5,2,5,7,2,5,7,8,0.24807,0.257139,10157.542989,0.3
19292,,5,1,0,1,1,0,1,0,0,0,0,0
19682,,5,1,0,1,1,0,1,0,0,0,0,0
19918,,5,1,1,2,1,1,2,8,0.245844,0.255042,0,0
19124,,5,4,1,5,4,1,5,8,0.245844,0.255042,421.814938,0.5
15374,,5,2,4,6,2,4,6,8,0.248679,0.257771,35.05972,0.583333
21721,,5,1,0,1,1,0,1,0,0,0,0,0
22064,,5,1,0,1,1,0,1,0,0,0,0,0
22293,,5,4,0,4,4,0,4,0,0,0,0,0.666667
19891,,6,1,2,3,1,2,3,8,0.247336,0.256717,87.270098,0
23051,,5,1,0,1,1,0,1,0,0,0,0,0
23209,,5,1,0,1,1,0,1,0,0,0,0,0
17586,,10,1,6,7,1,6,7,9,0.247489,0.25706,520.931425,0.238095
24140,,5,2,1,3,2,1,3,9,0.217147,0.223585,368.441309,0.333333
33373,,5,1,0,1,1,0,1,0,0,0,0,0
26995,,5,3,10,13,3,10,13,8,0.248161,0.257389,214572.411464,0.222222
17319,,9,1,0,1,1,0,1,0,0,0,0,0
18420,,9,1,0,1,1,0,1,0,0,0,0,0
14137,,136,1,3,4,1,3,4,10,0.163297,0.166034,6274.333333,0.833333
13840,,8,0,2,2,0,2,2,9,0.224742,0.231976,0,0
13844,,15,0,1,1,0,1,1,9,0.220297,0.227161,0,0
13845,,16,0,1,1,0,1,1,8,0.257544,0.268689,0,0
13847,,6,0,1,1,0,1,1,8,0.25615,0.266929,0,0
13849,,11,0,4,4,0,4,4,8,0.268084,0.28073,0,0.583333
13850,,7,0,3,3,0,3,3,7,0.297256,0.312085,0,0.333333
13851,,8,0,2,2,0,2,2,9,0.238039,0.246484,0,0.5
13852,,7,0,1,1,0,1,1,9,0.205742,0.211127,0,0
13854,,10,0,1,1,0,1,1,9,0.222352,0.229209,0,0
13855,,1,0,1,1,0,1,1,9,0.234953,0.24388,0,0
13856,,16,0,1,1,0,1,1,8,0.257544,0.268689,0,0
13857,,7,0,1,1,0,1,1,9,0.207609,0.212853,0,0
13858,,8,0,1,1,0,1,1,8,0.262756,0.273466,0,0
13860,,7,0,3,3,0,3,3,8,0.241251,0.250801,0,0
13862,,2,0,1,1,0,1,1,9,0.238286,0.246733,0,0
13864,,1,0,1,1,0,1,1,9,0.219196,0.225231,0,0
13865,,11,0,1,1,0,1,1,8,0.240389,0.248209,0,0
13869,,1,0,2,2,0,2,2,8,0.240131,0.247912,0,0
13870,,16,0,1,1,0,1,1,8,0.226676,0.234633,0,0
13872,,10,1,2,3,1,2,3,8,0.240339,0.248404,11704.473352,0
13873,,15,4,5,9,4,5,9,9,0.215564,0.222179,37943.100948,0.107143
22180,,15,1,1,2,1,1,2,10,0.177338,0.180913,0,0
13875,,16,0,1,1,0,1,1,8,0.231378,0.23929,0,0
13876,,2,0,1,1,0,1,1,8,0.261475,0.272568,0,0
13877,,8,0,1,1,0,1,1,1,1,1,0,0
19370,,0,1,1,2,1,1,2,9,0.218328,0.225051,0,0
19655,,0,1,1,2,1,1,2,9,0.218328,0.225051,0,0
21794,,0,1,1,2,1,1,2,10,0.179208,0.182849,370.339932,0.5
20777,,0,1,1,2,1,1,2,10,0.179213,0.182872,0,1
22022,,0,1,0,1,1,0,1,0,0,0,0,0
22023,,0,1,0,1,1,0,1,0,0,0,0,0
22519,,0,1,0,1,1,0,1,0,0,0,0,0
22520,,0,1,0,1,1,0,1,0,0,0,0,0
23936,,0,1,0,1,1,0,1,0,0,0,0,0
19309,,0,2,1,3,2,1,3,9,0.218328,0.225051,37652,0
15838,,0,1,3,4,1,3,4,8,0.223221,0.230409,0,0.666667
19424,,0,1,1,2,1,1,2,9,0.218328,0.225051,0,0
21338,,0,1,1,2,1,1,2,9,0.218328,0.225051,0,0
26820,,0,1,0,1,1,0,1,0,0,0,0,0
30689,,0,1,0,1,1,0,1,0,0,0,0,0
22138,,16,10,10,20,10,10,20,9,0.219213,0.226372,460434.764195,0.014706
13879,,8,0,2,2,0,2,2,8,0.262766,0.273505,0,0
13880,,8,1,0,1,1,0,1,0,0,0,0,0
13886,,15,0,1,1,0,1,1,10,0.179156,0.182314,0,0
13889,,0,0,1,1,0,1,1,9,0.222605,0.230046,0,0
13890,,0,0,1,1,0,1,1,9,0.222605,0.230046,0,0
13893,,10,0,1,1,0,1,1,1,1,1,0,0
13895,,24,0,1,1,0,1,1,9,0.216243,0.22247,0,0
13898,,7,0,1,1,0,1,1,9,0.226164,0.233246,0,0
13899,,2,0,1,1,0,1,1,8,0.261475,0.272568,0,0
13901,,12,0,1,1,0,1,1,9,0.213606,0.219549,0,0
13903,,1,0,2,2,0,2,2,9,0.217414,0.223949,0,1
13905,,0,0,1,1,0,1,1,9,0.192582,0.196913,0,0
13907,,3,0,3,3,0,3,3,9,0.231226,0.238699,0,0
33328,,3,1,1,2,1,1,2,9,0.232872,0.240708,304.714581,0
13909,,7,0,1,1,0,1,1,10,0.178867,0.182209,0,0
13910,,12,0,1,1,0,1,1,9,0.195014,0.200132,0,0
13913,,12,0,1,1,0,1,1,8,0.234438,0.242011,0,0
13914,,16,0,1,1,0,1,1,8,0.257544,0.268689,0,0
13915,,11,0,2,2,0,2,2,8,0.23452,0.242376,0,0
13916,,7,0,1,1,0,1,1,9,0.219593,0.226428,0,0
13925,,16,0,2,2,0,2,2,9,0.235538,0.243473,0,0
13928,,11,0,2,2,0,2,2,8,0.24458,0.253093,0,0
13929,,12,0,2,2,0,2,2,8,0.255209,0.264639,0,0
13930,,8,0,1,1,0,1,1,8,0.262756,0.273466,0,0
13932,,15,0,3,3,0,3,3,9,0.220191,0.227183,0,0.5
17751,,15,2,4,6,2,4,6,9,0.23219,0.239843,961.230976,0.15
13934,,10,0,1,1,0,1,1,9,0.217086,0.223212,0,0
13935,,10,0,3,3,0,3,3,8,0.244351,0.253611,0,0.666667
13936,,0,0,1,1,0,1,1,9,0.195105,0.199328,0,0
13937,,16,2,1,3,2,1,3,8,0.234937,0.243146,98.148242,0.333333
13938,,11,0,1,1,0,1,1,8,0.237376,0.246856,0,0
13939,,11,0,1,1,0,1,1,8,0.232418,0.240737,0,0
13940,,8,0,1,1,0,1,1,8,0.237667,0.245207,0,0
13941,,5,0,1,1,0,1,1,9,0.222271,0.229017,0,0
13943,,15,0,1,1,0,1,1,9,0.211887,0.217855,0,0
13944,,24,0,2,2,0,2,2,8,0.224131,0.230898,0,0
13945,,18,0,1,1,0,1,1,9,0.21286,0.218905,0,0
22489,,7,1,0,1,1,0,1,0,0,0,0,0
26471,,7,1,0,1,1,0,1,0,0,0,0,0
29524,,7,1,0,1,1,0,1,0,0,0,0,0
28912,,13,1,3,4,1,3,4,8,0.233004,0.24107,603.613202,0.583333
30078,,7,2,0,2,2,0,2,0,0,0,0,0.5
30709,,7,1,0,1,1,0,1,0,0,0,0,0
33279,,7,2,0,2,2,0,2,0,0,0,0,0.5
13948,,0,0,1,1,0,1,1,9,0.223974,0.230994,0,0
14487,,12,1,0,1,1,0,1,0,0,0,0,0
13952,,12,1,1,2,1,1,2,8,0.234434,0.242006,0,1
13960,,5,0,1,1,0,1,1,8,0.245851,0.255055,0,0
13962,,10,1,5,6,1,5,6,8,0.250813,0.260855,2546.502127,0.166667
13963,,8,0,1,1,0,1,1,8,0.263743,0.27463,0,0
13964,,13,0,1,1,0,1,1,9,0.195066,0.199384,0,0
14174,,24,1,0,1,1,0,1,0,0,0,0,0
15655,,24,1,0,1,1,0,1,0,0,0,0,0
16672,,24,1,0,1,1,0,1,0,0,0,0,0
16787,,24,1,0,1,1,0,1,0,0,0,0,0
13967,,8,0,1,1,0,1,1,8,0.229363,0.236176,0,0
13970,,15,0,1,1,0,1,1,10,0.179156,0.182314,0,0
13972,,11,0,1,1,0,1,1,8,0.230667,0.237711,0,0
13974,,11,0,1,1,0,1,1,8,0.244433,0.254493,0,0
13975,,10,3,3,6,3,3,6,9,0.227622,0.235226,37805.768008,0
14783,,10,1,2,3,1,2,3,9,0.229378,0.237278,959.178988,0
13976,,5,0,5,5,0,5,5,8,0.248011,0.257938,0,0.2
13977,,11,0,1,1,0,1,1,9,0.21914,0.22575,0,0
13979,,2,0,1,1,0,1,1,8,0.261475,0.272568,0,0
13981,,5,0,1,1,0,1,1,8,0.245851,0.255055,0,0
13984,,21,1,4,5,1,4,5,9,0.230505,0.238415,51960.578451,0.05
29381,,21,1,0,1,1,0,1,0,0,0,0,0
13985,,1,0,1,1,0,1,1,11,0.147751,0.149617,0,0
13986,,7,0,3,3,0,3,3,9,0.232327,0.239481,0,0
13987,,7,1,0,1,1,0,1,0,0,0,0,0
34190,,8,1,0,1,1,0,1,0,0,0,0,0
13990,,10,0,1,1,0,1,1,9,0.221424,0.228568,0,0
13994,,11,0,1,1,0,1,1,8,0.240389,0.248209,0,0
13995,,8,0,1,1,0,1,1,9,0.209259,0.214889,0,0
22478,,11,1,0,1,1,0,1,0,0,0,0,0
30784,,11,1,1,2,1,1,2,9,0.214105,0.219961,0,0
14001,,11,1,0,1,1,0,1,0,0,0,0,0
14002,,1,0,2,2,0,2,2,9,0.220909,0.227381,0,0
14003,,7,0,3,3,0,3,3,1,1,1,0,0
14163,,7,1,0,1,1,0,1,0,0,0,0,0
14004,,10,0,1,1,0,1,1,1,1,1,0,0
14005,,3,0,1,1,0,1,1,9,0.232872,0.240708,0,0
14006,,10,0,1,1,0,1,1,9,0.201777,0.206878,0,0
14014,,12,0,1,1,0,1,1,9,0.190665,0.194408,0,0
14015,,11,0,1,1,0,1,1,9,0.217121,0.223495,0,0
14017,,0,0,1,1,0,1,1,9,0.223974,0.230994,0,0
14018,,0,0,1,1,0,1,1,9,0.223974,0.230994,0,0
25442,,11,4,2,6,4,2,6,8,0.238379,0.246556,56607.302459,0
14025,,11,0,1,1,0,1,1,9,0.218588,0.22524,0,0
14027,,1,1,5,6,1,5,6,8,0.27034,0.282066,18827,0.066667
14029,,5,0,2,2,0,2,2,9,0.203335,0.208294,0,0
14030,,7,2,8,10,2,8,10,8,0.277698,0.291161,45974.927355,0.333333
19937,,7,1,1,2,1,1,2,9,0.217345,0.22355,0,0
14034,,2,0,1,1,0,1,1,8,0.261475,0.272568,0,0
14036,,11,0,1,1,0,1,1,9,0.216719,0.222904,0,0
14038,,8,0,1,1,0,1,1,9,0.230193,0.238549,0,0
14040,,15,0,1,1,0,1,1,10,0.180702,0.184462,0,0
19643,,7,1,0,1,1,0,1,0,0,0,0,0
14045,,5,1,0,1,1,0,1,0,0,0,0,0
29481,,1,1,1,2,1,1,2,9,0.209522,0.215131,54.670167,0
14047,,11,0,1,1,0,1,1,8,0.232418,0.240737,0,0
14048,,2,0,1,1,0,1,1,8,0.261475,0.272568,0,0
14050,,7,0,1,1,0,1,1,8,0.248387,0.257168,0,0
14051,,7,0,1,1,0,1,1,1,1,1,0,0
14052,,15,0,2,2,0,2,2,9,0.194201,0.198587,0,0
14053,,8,0,1,1,0,1,1,10,0.190547,0.19509,0,0
14055,,12,0,5,5,0,5,5,7,0.297797,0.312768,0,0.4
30752,,12,3,2,5,3,2,5,10,0.19327,0.197411,18826.5,0.25
14061,,0,0,1,1,0,1,1,1,1,1,0,0
14063,,10,0,1,1,0,1,1,8,0.23483,0.24222,0,0
27193,,11,1,0,1,1,0,1,0,0,0,0,0
28226,,11,1,0,1,1,0,1,0,0,0,0,0
29951,,11,1,0,1,1,0,1,0,0,0,0,0
14067,,11,0,1,1,0,1,1,11,0.151357,0.153342,0,0
14068,,11,1,1,2,1,1,2,10,0.178343,0.181569,18828,0
31652,,11,1,1,2,1,1,2,9,0.217041,0.222899,37654,0
14077,,16,3,1,4,3,1,4,10,0.178255,0.181534,111.550243,0.166667
17181,,11,4,9,13,4,9,13,9,0.225666,0.233073,2.224405,0.645455
17078,,11,9,15,24,9,15,24,9,0.225688,0.23325,320.863195,0.458333
14081,,11,0,1,1,0,1,1,8,0.23949,0.247366,0,0
14084,,16,0,4,4,0,4,4,9,0.214116,0.220157,0,0.416667
14086,,7,0,1,1,0,1,1,1,1,1,0,0
14087,,5,0,1,1,0,1,1,8,0.229192,0.23578,0,0
14088,,24,0,4,4,0,4,4,8,0.270018,0.282621,0,0.666667
14090,,3,0,1,1,0,1,1,9,0.232872,0.240708,0,0
14093,,11,0,1,1,0,1,1,8,0.23949,0.247366,0,0
14094,,8,0,1,1,0,1,1,9,0.215232,0.221161,0,0
14095,,0,0,1,1,0,1,1,8,0.242388,0.250662,0,0
14098,,0,0,1,1,0,1,1,1,1,1,0,0
14103,,7,0,1,1,0,1,1,9,0.200066,0.204368,0,0
14108,,7,0,1,1,0,1,1,8,0.229743,0.236549,0,0
14109,,8,0,1,1,0,1,1,9,0.197371,0.20178,0,0
14110,,8,0,1,1,0,1,1,9,0.187759,0.191968,0,0
14112,,137,0,1,1,0,1,1,1,1,1,0,0
14113,,137,1,0,1,1,0,1,0,0,0,0,0
14114,,11,0,1,1,0,1,1,9,0.229181,0.2372,0,0
14117,,11,0,1,1,0,1,1,9,0.195443,0.200038,0,0
14118,,9,1,2,3,1,2,3,1,1,1,25991.401354,0
14119,,9,1,0,1,1,0,1,0,0,0,0,0
14121,,16,1,1,2,1,1,2,2,0.6,0.666667,7.914557,0
14122,,16,0,1,1,0,1,1,9,0.220868,0.22796,0,0
14124,,8,0,1,1,0,1,1,9,0.231897,0.239409,0,0
14126,,15,0,2,2,0,2,2,9,0.248168,0.258052,0,1
14130,,1,0,1,1,0,1,1,9,0.234953,0.24388,0,0
14132,,8,1,0,1,1,0,1,0,0,0,0,0
25854,,21,2,0,2,2,0,2,0,0,0,0,0
14133,,15,0,2,2,0,2,2,9,0.216928,0.223545,0,1
14134,,11,0,1,1,0,1,1,8,0.230667,0.237711,0,0
31781,,6,1,0,1,1,0,1,0,0,0,0,0
14139,,21,1,1,2,1,1,2,1,1,1,3.808384,0
14142,,11,0,1,1,0,1,1,8,0.221512,0.22797,0,0
14145,,15,0,2,2,0,2,2,9,0.18844,0.192832,0,0
25406,,11,1,0,1,1,0,1,0,0,0,0,0
26239,,11,1,0,1,1,0,1,0,0,0,0,0
26294,,11,1,1,2,1,1,2,8,0.229004,0.236289,0,0
26433,,11,1,0,1,1,0,1,0,0,0,0,0
27240,,11,1,1,2,1,1,2,8,0.229004,0.236289,0,0
27261,,11,1,1,2,1,1,2,8,0.229004,0.236289,0,0
27890,,11,1,0,1,1,0,1,0,0,0,0,0
27897,,11,1,0,1,1,0,1,0,0,0,0,0
24692,,11,1,1,2,1,1,2,8,0.234262,0.242056,0,1
28152,,11,1,0,1,1,0,1,0,0,0,0,0
28896,,11,1,0,1,1,0,1,0,0,0,0,0
30496,,11,1,0,1,1,0,1,0,0,0,0,0
31070,,11,1,0,1,1,0,1,0,0,0,0,0
15066,,2,2,3,5,2,3,5,8,0.261781,0.27301,22520.995957,0.1
34318,,11,1,0,1,1,0,1,0,0,0,0,0
16933,,11,1,0,1,1,0,1,0,0,0,0,0
26339,,11,1,1,2,1,1,2,10,0.17825,0.182126,0,0
14152,,0,0,2,2,0,2,2,9,0.187834,0.192117,0,0
14154,,8,0,1,1,0,1,1,9,0.212987,0.218723,0,0
14155,,8,0,1,1,0,1,1,8,0.255022,0.264509,0,0
14157,,9,0,2,2,0,2,2,9,0.187475,0.191831,0,0.5
14162,,8,0,1,1,0,1,1,9,0.231868,0.240196,0,0
27185,,11,1,2,3,1,2,3,9,0.220703,0.227071,0,1
14167,,8,1,0,1,1,0,1,0,0,0,0,0
15928,,0,2,8,10,2,8,10,8,0.273197,0.285222,26565.103071,0.321429
14173,,2,0,3,3,0,3,3,8,0.240327,0.248407,0,0
14176,,8,0,1,1,0,1,1,9,0.198455,0.203518,0,0
31169,,10,2,0,2,2,0,2,0,0,0,0,0
14178,,8,0,2,2,0,2,2,9,0.227239,0.234041,0,1
14179,,5,1,1,2,1,1,2,8,0.245847,0.255051,0,1
14180,,11,0,2,2,0,2,2,8,0.239496,0.247401,0,0
14182,,138,0,1,1,0,1,1,1,1,1,0,0
14183,,138,2,0,2,2,0,2,0,0,0,0,0
14184,,2,0,4,4,0,4,4,8,0.272246,0.283879,0,0.083333
20859,,2,1,0,1,1,0,1,0,0,0,0,0
14186,,10,0,3,3,0,3,3,9,0.21559,0.221954,0,0.5
14187,,7,0,2,2,0,2,2,9,0.209354,0.215529,0,0
14188,,7,0,1,1,0,1,1,9,0.226389,0.233867,0,0
14189,,11,0,1,1,0,1,1,8,0.236167,0.244733,0,0
14190,,10,0,2,2,0,2,2,8,0.255022,0.266113,0,0.5
14191,,8,0,1,1,0,1,1,8,0.262756,0.273466,0,0
14192,,5,0,1,1,0,1,1,9,0.219288,0.225682,0,0
14194,,16,1,2,3,1,2,3,8,0.235758,0.244242,1,0.333333
14195,,8,0,1,1,0,1,1,8,0.230757,0.238159,0,0
14196,,18,0,1,1,0,1,1,10,0.17553,0.178882,0,0
14202,,16,0,2,2,0,2,2,9,0.234739,0.243257,0,0.5
14206,,8,0,1,1,0,1,1,9,0.203493,0.208445,0,0
14207,,24,0,1,1,0,1,1,9,0.201818,0.206641,0,0
14208,,24,0,1,1,0,1,1,9,0.201818,0.206641,0,0
14209,,2,0,1,1,0,1,1,8,0.261475,0.272568,0,0
14211,,24,0,2,2,0,2,2,8,0.255385,0.264962,0,0
14212,,8,0,1,1,0,1,1,9,0.183653,0.187066,0,0
14214,,5,0,1,1,0,1,1,8,0.229192,0.23578,0,0
14215,,8,0,1,1,0,1,1,9,0.197952,0.202767,0,0
14217,,15,0,1,1,0,1,1,1,1,1,0,0
14219,,15,2,5,7,2,5,7,8,0.242272,0.251253,18901.627016,0.142857
14220,,15,0,2,2,0,2,2,9,0.233649,0.242045,0,0.5
14221,,5,0,2,2,0,2,2,9,0.222077,0.228922,0,0
14223,,11,0,1,1,0,1,1,9,0.191056,0.195463,0,0
14224,,11,1,1,2,1,1,2,8,0.236167,0.244733,18827,0
14225,,11,0,1,1,0,1,1,8,0.236167,0.244733,0,0
14227,,2,0,2,2,0,2,2,8,0.262807,0.274155,0,1
14228,,8,0,1,1,0,1,1,8,0.225838,0.233103,0,0
14230,,0,0,2,2,0,2,2,9,0.194931,0.199762,0,0
14232,,7,0,1,1,0,1,1,10,0.175434,0.178494,0,0
14234,,5,0,1,1,0,1,1,9,0.229134,0.236663,0,0
14235,,12,0,1,1,0,1,1,9,0.217956,0.224292,0,0
14237,,16,0,2,2,0,2,2,8,0.257961,0.269243,0,1
14240,,11,0,1,1,0,1,1,8,0.232829,0.239934,0,0
14241,,9,0,2,2,0,2,2,8,0.257403,0.267999,0,0
14245,,11,0,1,1,0,1,1,8,0.234514,0.24306,0,0
14246,,16,0,1,1,0,1,1,8,0.257544,0.268689,0,0
14248,,8,0,2,2,0,2,2,8,0.263894,0.274975,0,1
22233,,7,2,3,5,2,3,5,8,0.271319,0.283761,13348.977124,0.3
14254,,0,0,3,3,0,3,3,8,0.228948,0.236715,0,0.166667
22483,,0,1,0,1,1,0,1,0,0,0,0,0
14255,,12,0,1,1,0,1,1,8,0.235576,0.242737,0,0
14256,,15,0,1,1,0,1,1,10,0.179156,0.182314,0,0
16654,,1,1,2,3,1,2,3,9,0.194211,0.198806,18824,0.5
14262,,7,0,2,2,0,2,2,9,0.218256,0.224372,0,0
14263,,0,2,2,4,2,2,4,2,0.75,0.833333,5,0
14264,,0,1,1,2,1,1,2,3,0.5,0.611111,0,0
14266,,8,0,1,1,0,1,1,8,0.224961,0.231312,0,0
14267,,8,0,1,1,0,1,1,8,0.263621,0.273995,0,0
14270,,8,0,3,3,0,3,3,8,0.266023,0.277177,0,0.5
14274,,11,0,1,1,0,1,1,9,0.209896,0.215456,0,0
14276,,0,0,1,1,0,1,1,9,0.218122,0.225376,0,0
14279,,1,0,1,1,0,1,1,9,0.219196,0.225231,0,0
14280,,16,0,1,1,0,1,1,9,0.21183,0.217537,0,0
14283,,0,0,1,1,0,1,1,9,0.19879,0.203639,0,0
14286,,0,0,1,1,0,1,1,8,0.242388,0.250662,0,0
14289,,2,1,1,2,1,1,2,9,0.226463,0.234215,18827,0
16020,,24,1,3,4,1,3,4,9,0.217002,0.22386,145.501477,0.166667
14293,,8,0,1,1,0,1,1,9,0.220186,0.226735,0,0
14295,,16,1,1,2,1,1,2,9,0.202054,0.207081,18827,0
14298,,12,0,1,1,0,1,1,8,0.234438,0.242011,0,0
14299,,16,0,1,1,0,1,1,8,0.257544,0.268689,0,0
14300,,11,0,1,1,0,1,1,9,0.220464,0.227385,0,0
14301,,11,0,1,1,0,1,1,9,0.220464,0.227385,0,0
14302,,8,0,2,2,0,2,2,8,0.231253,0.238996,0,0.5
25508,,15,1,0,1,1,0,1,0,0,0,0,0
14310,,7,0,4,4,0,4,4,8,0.254774,0.265488,0,0.25
14312,,11,0,1,1,0,1,1,8,0.236167,0.244733,0,0
14313,,16,0,1,1,0,1,1,8,0.257544,0.268689,0,0
14314,,17,0,1,1,0,1,1,10,0.177962,0.181938,0,0
14315,,10,0,1,1,0,1,1,9,0.225592,0.232933,0,0
14317,,7,0,1,1,0,1,1,9,0.220501,0.227103,0,0
14319,,139,0,1,1,0,1,1,1,1,1,0,0
14320,,139,1,0,1,1,0,1,0,0,0,0,0
14321,,8,0,2,2,0,2,2,9,0.19796,0.202809,0,0.5
18471,,8,1,1,2,1,1,2,9,0.197952,0.202767,0,0.5
14323,,11,0,1,1,0,1,1,8,0.232418,0.240737,0,0
14324,,16,0,1,1,0,1,1,8,0.226534,0.233342,0,0
14328,,7,0,1,1,0,1,1,9,0.211801,0.217413,0,0
14330,,8,0,5,5,0,5,5,8,0.244665,0.252892,0,0.05
19624,,5,1,0,1,1,0,1,0,0,0,0,0
19942,,5,1,0,1,1,0,1,0,0,0,0,0
20606,,5,1,0,1,1,0,1,0,0,0,0,0
14600,,5,4,16,20,4,16,20,8,0.2705,0.282747,83630.699373,0.105263
22976,,11,1,2,3,1,2,3,9,0.227309,0.235051,240.254842,0
21392,,5,3,1,4,3,1,4,9,0.209394,0.215103,18832.776372,0.166667
29624,,7,1,0,1,1,0,1,0,0,0,0,0
14340,,16,0,1,1,0,1,1,9,0.234736,0.243231,0,0
14341,,8,0,1,1,0,1,1,10,0.173055,0.17621,0,0
14342,,8,1,1,2,1,1,2,9,0.209259,0.214889,18827,0
14344,,8,0,1,1,0,1,1,9,0.224027,0.230383,0,0
14346,,5,0,1,1,0,1,1,8,0.235656,0.242713,0,0
22354,,7,1,0,1,1,0,1,0,0,0,0,0
14349,,0,0,1,1,0,1,1,9,0.195782,0.200839,0,0
14351,,8,0,1,1,0,1,1,2,0.666667,0.75,0,0
14356,,7,0,1,1,0,1,1,9,0.203725,0.20865,0,0
14357,,140,0,1,1,0,1,1,1,1,1,0,0
14358,,140,1,0,1,1,0,1,0,0,0,0,0
14359,,2,0,1,1,0,1,1,8,0.261475,0.272568,0,0
14360,,0,0,1,1,0,1,1,9,0.218335,0.225066,0,0
14362,,15,0,1,1,0,1,1,10,0.179156,0.182314,0,0
14363,,10,0,1,1,0,1,1,9,0.210292,0.215724,0,0
14364,,5,0,1,1,0,1,1,9,0.208139,0.213726,0,0
15092,,11,1,1,2,1,1,2,9,0.193454,0.197753,51950.927515,0
14366,,16,0,1,1,0,1,1,9,0.195086,0.199858,0,0
16165,,8,2,3,5,2,3,5,8,0.26279,0.273567,44980.050968,0.05
14368,,16,0,1,1,0,1,1,9,0.195086,0.199858,0,0
14369,,8,0,1,1,0,1,1,9,0.199945,0.204782,0,0
14371,,16,0,1,1,0,1,1,9,0.210713,0.216558,0,0
14372,,15,1,4,5,1,4,5,9,0.224906,0.232111,18828,0
14373,,15,1,0,1,1,0,1,0,0,0,0,0
14374,,8,0,2,2,0,2,2,8,0.26422,0.275461,0,0
14375,,8,0,2,2,0,2,2,9,0.225738,0.233429,0,1
14377,,0,0,2,2,0,2,2,8,0.238241,0.246415,0,0
14379,,7,0,1,1,0,1,1,9,0.234601,0.242743,0,0
14380,,7,0,1,1,0,1,1,9,0.193115,0.197265,0,0
14382,,8,0,1,1,0,1,1,9,0.210437,0.216033,0,0
14383,,8,0,1,1,0,1,1,1,1,1,0,0
14384,,5,0,1,1,0,1,1,9,0.208704,0.214219,0,0
14385,,16,0,1,1,0,1,1,8,0.257544,0.268689,0,0
14386,,10,1,18,19,1,18,19,8,0.290964,0.305861,5885.902605,0.175439
18566,,10,2,6,8,2,6,8,8,0.247424,0.257549,3066.634638,0.107143
14388,,8,0,3,3,0,3,3,9,0.200287,0.205045,0,0
14389,,1,0,1,1,0,1,1,8,0.229128,0.236488,0,0
14391,,11,1,0,1,1,0,1,0,0,0,0,0
14393,,11,0,1,1,0,1,1,8,0.232524,0.239505,0,0
15779,,3,2,2,4,2,2,4,8,0.234154,0.241041,37088.804246,0.166667
25105,,3,1,0,1,1,0,1,0,0,0,0,0
14812,,8,1,1,2,1,1,2,8,0.235102,0.24328,0,1
14399,,15,1,0,1,1,0,1,0,0,0,0,0
14401,,2,1,2,3,1,2,3,9,0.21559,0.221944,37651.677778,0
14403,,11,0,1,1,0,1,1,9,0.219952,0.2264,0,0
14404,,11,0,1,1,0,1,1,9,0.219952,0.2264,0,0
14405,,6,1,4,5,1,4,5,8,0.23573,0.244053,18828,0.25
28299,,6,1,0,1,1,0,1,0,0,0,0,0
14406,,5,0,2,2,0,2,2,8,0.243098,0.251784,0,0
14408,,5,0,1,1,0,1,1,9,0.188223,0.191808,0,0
22605,,11,1,1,2,1,1,2,9,0.220264,0.226494,0,1
14415,,6,1,0,1,1,0,1,0,0,0,0,0
14416,,8,0,1,1,0,1,1,8,0.242744,0.250975,0,0
14418,,7,0,1,1,0,1,1,8,0.226935,0.234515,0,0
18238,,15,1,0,1,1,0,1,0,0,0,0,0
14422,,15,0,2,2,0,2,2,9,0.210322,0.216289,0,0.5
14423,,7,0,4,4,0,4,4,8,0.269546,0.281181,0,0.333333
14425,,15,1,0,1,1,0,1,0,0,0,0,0
26715,,15,2,0,2,2,0,2,0,0,0,0,0
14428,,15,1,2,3,1,2,3,8,0.236277,0.244256,18827,0
14429,,8,0,10,10,0,10,10,10,0.192661,0.197772,0,0
14430,,8,1,0,1,1,0,1,0,0,0,0,0
14431,,8,1,0,1,1,0,1,0,0,0,0,0
14433,,8,1,0,1,1,0,1,0,0,0,0,0
14434,,8,1,0,1,1,0,1,0,0,0,0,0
14435,,8,1,0,1,1,0,1,0,0,0,0,0
14436,,8,1,0,1,1,0,1,0,0,0,0,0
14437,,15,0,1,1,0,1,1,9,0.215518,0.221826,0,0
14439,,2,0,2,2,0,2,2,9,0.200115,0.205103,0,1
14440,,11,0,1,1,0,1,1,9,0.23129,0.238425,0,0
14443,,7,0,1,1,0,1,1,8,0.244345,0.253397,0,0
14444,,7,0,1,1,0,1,1,8,0.251523,0.26155,0,0
14446,,1,0,2,2,0,2,2,9,0.226063,0.232827,0,0
14447,,5,0,1,1,0,1,1,8,0.245851,0.255055,0,0
14449,,19,0,1,1,0,1,1,9,0.224454,0.231835,0,0
14450,,12,0,1,1,0,1,1,8,0.234438,0.242011,0,0
14453,,8,0,4,4,0,4,4,9,0.227748,0.235019,0,0
14456,,6,0,2,2,0,2,2,9,0.208538,0.214078,0,0.5
14457,,8,0,1,1,0,1,1,9,0.218125,0.224182,0,0
14458,,8,0,2,2,0,2,2,8,0.26276,0.273493,0,0.5
14467,,1,0,2,2,0,2,2,8,0.229463,0.236997,0,1
27831,,8,5,1,6,5,1,6,9,0.216103,0.222458,94130,0.066667
29974,,11,1,0,1,1,0,1,0,0,0,0,0
14472,,16,0,1,1,0,1,1,8,0.257544,0.268689,0,0
14473,,11,0,1,1,0,1,1,9,0.212123,0.218423,0,0
14474,,5,0,1,1,0,1,1,8,0.245851,0.255055,0,0
17022,,10,1,0,1,1,0,1,0,0,0,0,0
19721,,10,1,0,1,1,0,1,0,0,0,0,0
22404,,10,2,3,5,2,3,5,9,0.210553,0.216308,2064.616255,0.666667
14477,,11,0,1,1,0,1,1,8,0.246659,0.25616,0,0
14478,,11,0,1,1,0,1,1,9,0.219952,0.2264,0,0
14485,,7,0,1,1,0,1,1,1,1,1,0,0
14489,,141,0,1,1,0,1,1,1,1,1,0,0
14490,,141,1,0,1,1,0,1,0,0,0,0,0
20752,,7,1,0,1,1,0,1,0,0,0,0,0
20753,,7,1,0,1,1,0,1,0,0,0,0,0
21528,,7,2,12,14,2,12,14,8,0.261996,0.273133,3977.540034,0.242424
22106,,7,2,4,6,2,4,6,8,0.241967,0.250422,50.031909,0.633333
20874,,9,1,2,3,1,2,3,9,0.215415,0.221675,65.98211,0.166667
28024,,7,1,0,1,1,0,1,0,0,0,0,0
28212,,7,1,0,1,1,0,1,0,0,0,0,0
28690,,7,2,10,12,2,10,12,8,0.27928,0.292895,619.759487,0.281818
31163,,7,1,0,1,1,0,1,0,0,0,0,0
33026,,7,1,0,1,1,0,1,0,0,0,0,0
33746,,7,1,2,3,1,2,3,8,0.257721,0.267987,2305.250658,0.166667
33620,,7,1,1,2,1,1,2,9,0.2293,0.236718,0,1
14492,,16,0,1,1,0,1,1,8,0.257544,0.268689,0,0
14495,,16,0,1,1,0,1,1,9,0.219278,0.22586,0,0
14497,,11,0,3,3,0,3,3,9,0.253126,0.263458,0,0.166667
14499,,142,0,1,1,0,1,1,1,1,1,0,0
14500,,142,1,0,1,1,0,1,0,0,0,0,0
14502,,2,0,1,1,0,1,1,8,0.261475,0.272568,0,0
14505,,7,0,1,1,0,1,1,10,0.166718,0.169204,0,0
14506,,8,0,2,2,0,2,2,8,0.262767,0.27351,0,0.5
14507,,18,0,1,1,0,1,1,9,0.21286,0.218905,0,0
14508,,5,1,2,3,1,2,3,9,0.22078,0.227746,18827,0.333333
14512,,18,0,1,1,0,1,1,9,0.21286,0.218905,0,0
14514,,11,0,1,1,0,1,1,9,0.219952,0.2264,0,0
14516,,2,1,1,2,1,1,2,8,0.261475,0.272568,18827,0
14517,,18,0,1,1,0,1,1,9,0.21286,0.218905,0,0
14518,,11,0,1,1,0,1,1,9,0.2263,0.234284,0,0
21737,,5,1,0,1,1,0,1,0,0,0,0,0
14522,,143,0,1,1,0,1,1,1,1,1,0,0
14523,,143,2,0,2,2,0,2,0,0,0,0,0
14526,,7,0,1,1,0,1,1,8,0.235023,0.242331,0,0
14527,,5,0,1,1,0,1,1,9,0.214474,0.220598,0,0
28003,,2,1,1,2,1,1,2,9,0.187551,0.191641,0,0
14533,,11,0,2,2,0,2,2,9,0.231931,0.239661,0,0
14535,,7,0,1,1,0,1,1,8,0.248325,0.257194,0,0
14537,,9,0,2,2,0,2,2,9,0.199847,0.205116,0,1
14538,,7,0,1,1,0,1,1,1,1,1,0,0
14541,,7,0,1,1,0,1,1,1,1,1,0,0
14542,,7,0,1,1,0,1,1,1,1,1,0,0
17686,,11,1,2,3,1,2,3,9,0.221856,0.228638,317.264444,0
14545,,16,0,1,1,0,1,1,8,0.257544,0.268689,0,0
14546,,10,0,1,1,0,1,1,9,0.206242,0.211786,0,0
14547,,11,0,1,1,0,1,1,9,0.219952,0.2264,0,0
14548,,10,0,2,2,0,2,2,9,0.20751,0.213032,0,0
14549,,11,1,2,3,1,2,3,9,0.221105,0.227939,454.490157,0
14550,,7,0,2,2,0,2,2,8,0.243189,0.251851,0,0.5
14551,,11,1,4,5,1,4,5,8,0.253334,0.263584,9758.780154,0.1
14558,,144,0,1,1,0,1,1,1,1,1,0,0
14559,,144,1,0,1,1,0,1,0,0,0,0,0
14561,,8,0,8,8,0,8,8,8,0.255475,0.265519,0,0.357143
14562,,11,0,1,1,0,1,1,9,0.225635,0.232826,0,0
14564,,18,0,1,1,0,1,1,10,0.175519,0.178878,0,0
14567,,8,0,2,2,0,2,2,8,0.26276,0.273493,0,0.5
14568,,8,0,1,1,0,1,1,9,0.214655,0.22045,0,0
14570,,8,0,2,2,0,2,2,9,0.198735,0.203043,0,0
26179,,8,1,0,1,1,0,1,0,0,0,0,0
14571,,8,0,1,1,0,1,1,8,0.241251,0.248887,0,0
14572,,10,0,1,1,0,1,1,8,0.23897,0.247046,0,0
14573,,136,0,2,2,0,2,2,10,0.1633,0.166016,0,1
14574,,145,0,1,1,0,1,1,1,1,1,0,0
14575,,145,1,0,1,1,0,1,0,0,0,0,0
14576,,16,0,4,4,0,4,4,8,0.257678,0.268932,0,0.166667
26847,,16,2,3,5,2,3,5,8,0.263318,0.274984,18985.565806,0.15
24775,,0,1,0,1,1,0,1,0,0,0,0,0
29279,,0,1,1,2,1,1,2,9,0.218331,0.22506,0,1
29399,,0,1,0,1,1,0,1,0,0,0,0,0
14584,,5,0,1,1,0,1,1,9,0.232771,0.240328,0,0
14585,,12,0,1,1,0,1,1,8,0.234438,0.242011,0,0
14589,,9,0,1,1,0,1,1,9,0.185524,0.189879,0,0
14590,,0,0,1,1,0,1,1,10,0.165378,0.168401,0,0
14592,,9,0,3,3,0,3,3,9,0.206009,0.211343,0,0.666667
14593,,0,0,1,1,0,1,1,9,0.200249,0.205725,0,0
14594,,11,0,1,1,0,1,1,9,0.199196,0.203985,0,0
24828,,15,1,0,1,1,0,1,0,0,0,0,0
14596,,11,0,1,1,0,1,1,8,0.234266,0.242061,0,0
14598,,11,0,1,1,0,1,1,8,0.232829,0.239934,0,0
14599,,8,0,1,1,0,1,1,8,0.248761,0.257751,0,0
16343,,5,1,0,1,1,0,1,0,0,0,0,0
22321,,5,1,0,1,1,0,1,0,0,0,0,0
26696,,5,1,0,1,1,0,1,0,0,0,0,0
14601,,1,3,3,6,3,3,6,9,0.224255,0.231274,38312.507347,0.05
14604,,0,0,2,2,0,2,2,9,0.234307,0.242275,0,0
14605,,16,0,1,1,0,1,1,9,0.220464,0.227059,0,0
14606,,5,0,1,1,0,1,1,10,0.182053,0.185935,0,0
14607,,5,0,2,2,0,2,2,8,0.236907,0.244671,0,0
15431,,5,1,0,1,1,0,1,0,0,0,0,0
17306,,5,1,0,1,1,0,1,0,0,0,0,0
28413,,5,1,0,1,1,0,1,0,0,0,0,0
14609,,11,0,1,1,0,1,1,8,0.246659,0.25616,0,0
14611,,10,0,2,2,0,2,2,8,0.232863,0.240311,0,0
14612,,0,0,1,1,0,1,1,9,0.200249,0.205725,0,0
14613,,11,0,1,1,0,1,1,9,0.200888,0.205871,0,0
14614,,8,0,2,2,0,2,2,8,0.247737,0.256921,0,0
14616,,11,1,6,7,1,6,7,8,0.256202,0.266711,1196.614064,0.366667
14618,,9,0,1,1,0,1,1,9,0.185524,0.189879,0,0
14619,,7,0,1,1,0,1,1,10,0.175434,0.178494,0,0
15313,,1,1,2,3,1,2,3,10,0.178315,0.18191,297.353559,0.166667
14622,,8,0,3,3,0,3,3,8,0.244351,0.25345,0,0.333333
14623,,24,0,2,2,0,2,2,9,0.218345,0.225184,0,1
14625,,0,0,1,1,0,1,1,3,0.5,0.583333,0,0
34959,,16,2,4,6,2,4,6,9,0.226377,0.233996,13861.413278,0
14627,,11,0,1,1,0,1,1,9,0.218748,0.225076,0,0
14628,,15,0,2,2,0,2,2,9,0.224438,0.232214,0,0
14629,,5,0,2,2,0,2,2,8,0.255673,0.265625,0,0.5
23727,,5,1,0,1,1,0,1,0,0,0,0,0
24808,,5,1,0,1,1,0,1,0,0,0,0,0
14632,,7,0,1,1,0,1,1,1,1,1,0,0
14633,,7,2,0,2,2,0,2,0,0,0,0,0
14634,,16,0,1,1,0,1,1,9,0.211309,0.216875,0,0
14637,,11,0,1,1,0,1,1,8,0.234514,0.24306,0,0
14638,,8,0,1,1,0,1,1,9,0.219675,0.226242,0,0
14641,,0,0,1,1,0,1,1,8,0.234181,0.241693,0,0
14642,,5,0,9,9,0,9,9,8,0.254433,0.264801,0,0.027778
14645,,2,0,1,1,0,1,1,10,0.176789,0.180292,0,0
14646,,16,0,1,1,0,1,1,9,0.234736,0.243231,0,0
14647,,16,0,1,1,0,1,1,9,0.234736,0.243231,0,0
14649,,12,0,1,1,0,1,1,10,0.163197,0.1661,0,0
14650,,12,1,1,2,1,1,2,9,0.195014,0.200132,18827,0
14652,,2,0,1,1,0,1,1,9,0.226463,0.234215,0,0
14653,,15,0,2,2,0,2,2,9,0.208247,0.213483,0,0
25314,,11,1,1,2,1,1,2,9,0.226424,0.233471,0,0
14656,,18,0,1,1,0,1,1,9,0.21286,0.218905,0,0
14657,,13,0,1,1,0,1,1,8,0.235883,0.243933,0,0
14659,,8,0,3,3,0,3,3,9,0.235614,0.243464,0,0
14661,,3,0,1,1,0,1,1,9,0.232872,0.240708,0,0
14663,,7,0,1,1,0,1,1,9,0.221836,0.22815,0,0
14665,,6,0,2,2,0,2,2,7,0.295312,0.310031,0,1
14669,,15,0,1,1,0,1,1,9,0.220297,0.227161,0,0
14670,,5,0,1,1,0,1,1,9,0.217772,0.224194,0,0
14671,,1,0,1,1,0,1,1,8,0.229128,0.236488,0,0
14672,,8,0,1,1,0,1,1,8,0.251452,0.260347,0,0
14673,,15,0,1,1,0,1,1,9,0.220858,0.227933,0,0
14674,,5,0,1,1,0,1,1,9,0.217772,0.224194,0,0
14676,,24,1,2,3,1,2,3,9,0.250709,0.261126,26942.974867,0
14680,,9,0,4,4,0,4,4,9,0.216034,0.222468,0,0.083333
14681,,9,1,0,1,1,0,1,0,0,0,0,0
14684,,6,0,1,1,0,1,1,9,0.222258,0.229364,0,0
14685,,1,0,1,1,0,1,1,9,0.209697,0.215059,0,0
14686,,12,0,1,1,0,1,1,11,0.1473,0.149265,0,0
14690,,11,0,2,2,0,2,2,9,0.207485,0.212602,0,0
14691,,11,1,0,1,1,0,1,0,0,0,0,0
27165,,11,1,1,2,1,1,2,9,0.210248,0.215805,7.035714,0
32751,,11,1,0,1,1,0,1,0,0,0,0,0
14701,,11,0,1,1,0,1,1,8,0.23949,0.247366,0,0
14706,,8,0,9,9,0,9,9,8,0.27034,0.282513,0,0.125
14708,,16,0,1,1,0,1,1,8,0.257544,0.268689,0,0
14709,,18,0,1,1,0,1,1,9,0.21286,0.218905,0,0
14710,,12,0,1,1,0,1,1,9,0.213606,0.219549,0,0
14712,,9,0,3,3,0,3,3,8,0.250549,0.259841,0,0
14716,,16,0,1,1,0,1,1,8,0.257544,0.268689,0,0
22562,,11,1,0,1,1,0,1,0,0,0,0,0
16176,,11,1,2,3,1,2,3,9,0.226418,0.233912,0,1
35659,,11,1,0,1,1,0,1,0,0,0,0,0
14719,,11,0,1,1,0,1,1,9,0.221831,0.228371,0,0
14721,,8,0,1,1,0,1,1,9,0.209259,0.214889,0,0
14724,,10,0,1,1,0,1,1,9,0.209599,0.215923,0,0
15094,,11,1,2,3,1,2,3,8,0.229711,0.236914,1521.019793,0
34326,,5,1,0,1,1,0,1,0,0,0,0,0
14727,,5,0,1,1,0,1,1,8,0.245851,0.255055,0,0
14728,,16,1,4,5,1,4,5,8,0.26189,0.273121,1935.410296,0.3
14729,,16,0,5,5,0,5,5,9,0.227101,0.234436,0,0.3
14732,,7,0,1,1,0,1,1,8,0.228852,0.235477,0,0
14733,,7,0,1,1,0,1,1,8,0.228852,0.235477,0,0
14734,,24,0,1,1,0,1,1,10,0.178036,0.181496,0,0
14735,,24,1,1,2,1,1,2,9,0.216587,0.222886,18827,0
14736,,7,0,1,1,0,1,1,8,0.265449,0.276753,0,0
14737,,8,0,1,1,0,1,1,9,0.218122,0.224516,0,0
14738,,7,0,3,3,0,3,3,8,0.275172,0.287903,0,0.666667
14740,,12,0,1,1,0,1,1,8,0.236841,0.24458,0,0
16809,,11,1,0,1,1,0,1,0,0,0,0,0
18379,,11,1,0,1,1,0,1,0,0,0,0,0
14744,,10,0,1,1,0,1,1,9,0.229752,0.236924,0,0
14745,,8,0,1,1,0,1,1,9,0.217626,0.22351,0,0
26515,,24,1,1,2,1,1,2,9,0.218343,0.225151,28.845991,0
14748,,5,0,1,1,0,1,1,8,0.245851,0.255055,0,0
14750,,11,0,1,1,0,1,1,8,0.244433,0.254493,0,0
14751,,19,0,1,1,0,1,1,9,0.224454,0.231835,0,0
14755,,18,0,1,1,0,1,1,9,0.21286,0.218905,0,0
14758,,7,0,2,2,0,2,2,8,0.257143,0.267683,0,0.5
14759,,17,0,1,1,0,1,1,11,0.152043,0.154586,0,0
14760,,16,0,1,1,0,1,1,9,0.209788,0.215674,0,0
14762,,8,0,1,1,0,1,1,9,0.211292,0.217136,0,0
14765,,10,0,1,1,0,1,1,10,0.195695,0.200332,0,0
14767,,11,0,1,1,0,1,1,8,0.232829,0.239934,0,0
22681,,11,2,3,5,2,3,5,8,0.245485,0.254276,19053.496686,0.05
14771,,11,0,1,1,0,1,1,8,0.246114,0.255055,0,0
14779,,15,0,2,2,0,2,2,9,0.209403,0.215104,0,0
14782,,10,0,1,1,0,1,1,8,0.232987,0.241273,0,0
14785,,8,0,1,1,0,1,1,8,0.244564,0.253553,0,0
14786,,11,0,1,1,0,1,1,11,0.144807,0.146536,0,0
14787,,11,0,1,1,0,1,1,8,0.237376,0.246856,0,0
14788,,12,0,1,1,0,1,1,9,0.195014,0.200132,0,0
14790,,7,0,10,10,0,10,10,8,0.274718,0.2877,0,0.344444
21224,,8,1,0,1,1,0,1,0,0,0,0,0
14792,,8,0,3,3,0,3,3,9,0.204517,0.209713,0,0
14793,,11,0,1,1,0,1,1,9,0.229659,0.236946,0,0
14797,,5,0,3,3,0,3,3,8,0.246066,0.255418,0,0.333333
14798,,7,0,1,1,0,1,1,9,0.194484,0.198664,0,0
14800,,11,0,1,1,0,1,1,1,1,1,0,0
14801,,12,0,1,1,0,1,1,8,0.234438,0.242011,0,0
14802,,1,0,1,1,0,1,1,9,0.216779,0.223052,0,0
14804,,13,0,1,1,0,1,1,8,0.234601,0.241751,0,0
14805,,10,0,1,1,0,1,1,10,0.17064,0.173793,0,0
14807,,10,0,2,2,0,2,2,8,0.233204,0.241589,0,1
14809,,7,0,1,1,0,1,1,8,0.244345,0.253397,0,0
14810,,0,0,1,1,0,1,1,8,0.242388,0.250662,0,0
14811,,6,0,1,1,0,1,1,8,0.234493,0.242444,0,0
14814,,7,0,1,1,0,1,1,8,0.251523,0.26155,0,0
14815,,10,0,1,1,0,1,1,9,0.205479,0.211207,0,0
14816,,11,0,1,1,0,1,1,8,0.246659,0.25616,0,0
14817,,11,0,1,1,0,1,1,9,0.223681,0.230334,0,0
14820,,10,0,4,4,0,4,4,8,0.24405,0.252385,0,0.083333
14821,,10,1,0,1,1,0,1,0,0,0,0,0
14823,,0,0,1,1,0,1,1,9,0.222605,0.230046,0,0
14824,,19,0,1,1,0,1,1,9,0.224454,0.231835,0,0
14826,,10,0,1,1,0,1,1,9,0.207296,0.21267,0,0
30590,,7,1,0,1,1,0,1,0,0,0,0,0
21037,,7,2,0,2,2,0,2,0,0,0,0,0.5
23031,,7,2,3,5,2,3,5,9,0.208559,0.21388,18855.012259,0.333333
24611,,7,1,0,1,1,0,1,0,0,0,0,0
27891,,7,2,1,3,2,1,3,10,0.17257,0.175538,0,1
14829,,15,0,1,1,0,1,1,9,0.220297,0.227161,0,0
14833,,8,0,1,1,0,1,1,9,0.223726,0.230675,0,0
14837,,16,0,1,1,0,1,1,8,0.238712,0.2466,0,0
14838,,16,0,1,1,0,1,1,8,0.257544,0.268689,0,0
14840,,18,0,1,1,0,1,1,10,0.175532,0.17889,0,0
22912,,21,1,0,1,1,0,1,0,0,0,0,0
33122,,21,1,2,3,1,2,3,8,0.267476,0.278321,72251.912828,0
14845,,11,0,1,1,0,1,1,8,0.232418,0.240737,0,0
14847,,12,0,1,1,0,1,1,9,0.191614,0.195503,0,0
24946,,11,1,0,1,1,0,1,0,0,0,0,0
14855,,9,0,2,2,0,2,2,9,0.200731,0.206234,0,0.5
14857,,9,0,3,3,0,3,3,9,0.217119,0.223756,0,0.666667
14859,,9,0,3,3,0,3,3,10,0.164908,0.168114,0,0
14862,,2,0,3,3,0,3,3,8,0.263285,0.274712,0,0.5
14863,,8,0,1,1,0,1,1,8,0.262756,0.273466,0,0
14864,,11,0,1,1,0,1,1,8,0.239859,0.247713,0,0
14865,,11,0,1,1,0,1,1,9,0.212123,0.218423,0,0
14866,,8,0,5,5,0,5,5,9,0.22407,0.230865,0,0
14867,,9,1,6,7,1,6,7,9,0.187701,0.192378,26025.0148,0.166667
22074,,9,2,0,2,2,0,2,0,0,0,0,0
14868,,9,0,1,1,0,1,1,1,1,1,0,0
14869,,1,0,1,1,0,1,1,9,0.217487,0.223937,0,0
14870,,9,0,2,2,0,2,2,9,0.185526,0.189906,0,0.5
14871,,9,0,5,5,0,5,5,9,0.189405,0.19392,0,0.25
14872,,7,0,1,1,0,1,1,9,0.216509,0.222584,0,0
14873,,24,0,2,2,0,2,2,8,0.234985,0.243694,0,1
14877,,11,0,3,3,0,3,3,9,0.228107,0.235691,0,0.333333
14878,,7,0,3,3,0,3,3,8,0.261621,0.272799,0,0.5
14880,,8,0,1,1,0,1,1,9,0.206028,0.211464,0,0
14886,,15,0,1,1,0,1,1,9,0.195684,0.200028,0,0
14890,,11,0,1,1,0,1,1,9,0.206296,0.211252,0,0
14944,,10,1,1,2,1,1,2,9,0.200993,0.206095,0,0
14893,,15,0,3,3,0,3,3,9,0.217374,0.224072,0,0
14895,,8,0,1,1,0,1,1,9,0.196368,0.201154,0,0
14896,,1,0,1,1,0,1,1,9,0.217487,0.223937,0,0
14897,,9,0,4,4,0,4,4,9,0.199858,0.205191,0,0.25
14898,,7,0,2,2,0,2,2,9,0.200821,0.205238,0,0
14899,,16,0,1,1,0,1,1,9,0.218901,0.225233,0,0
14900,,5,0,1,1,0,1,1,9,0.19734,0.201969,0,0
14902,,11,0,1,1,0,1,1,8,0.236167,0.244733,0,0
14906,,5,0,1,1,0,1,1,9,0.20576,0.210875,0,0
14908,,5,0,1,1,0,1,1,9,0.223511,0.230581,0,0
14909,,5,0,2,2,0,2,2,8,0.22475,0.231428,0,0
14910,,10,0,1,1,0,1,1,9,0.215262,0.221613,0,0
14913,,5,0,1,1,0,1,1,9,0.227897,0.235595,0,0
14914,,16,0,4,4,0,4,4,8,0.26524,0.277574,0,0.333333
14915,,7,0,2,2,0,2,2,8,0.249302,0.258319,0,1
14916,,0,0,1,1,0,1,1,9,0.186809,0.190952,0,0
14921,,5,0,1,1,0,1,1,8,0.245851,0.255055,0,0
24967,,7,1,0,1,1,0,1,0,0,0,0,0
14926,,5,0,1,1,0,1,1,9,0.186678,0.190458,0,0
29669,,7,1,0,1,1,0,1,0,0,0,0,0
14929,,7,0,1,1,0,1,1,9,0.214817,0.221092,0,0
14931,,6,0,1,1,0,1,1,8,0.247395,0.256736,0,0
14933,,18,0,2,2,0,2,2,9,0.213666,0.22016,0,1
14934,,10,0,1,1,0,1,1,9,0.218487,0.22468,0,0
14935,,12,0,1,1,0,1,1,8,0.234438,0.242011,0,0
14942,,9,0,1,1,0,1,1,1,1,1,0,0
14949,,8,0,1,1,0,1,1,8,0.230108,0.238119,0,0
14951,,9,0,4,4,0,4,4,9,0.199941,0.205409,0,0.5
14952,,6,0,2,2,0,2,2,8,0.256715,0.267688,0,1
14953,,11,0,1,1,0,1,1,8,0.232829,0.239934,0,0
14954,,6,0,2,2,0,2,2,8,0.256715,0.267688,0,1
14955,,5,0,1,1,0,1,1,8,0.245108,0.253561,0,0
14956,,6,0,2,2,0,2,2,8,0.256715,0.267688,0,1
14957,,11,0,1,1,0,1,1,9,0.213768,0.219857,0,0
14959,,6,0,2,2,0,2,2,8,0.256715,0.267688,0,1
14960,,6,0,2,2,0,2,2,8,0.256715,0.267688,0,1
14962,,5,0,1,1,0,1,1,10,0.164626,0.167309,0,0
14963,,7,0,3,3,0,3,3,9,0.231737,0.239633,0,0
14967,,8,0,1,1,0,1,1,9,0.213579,0.219508,0,0
14973,,11,0,1,1,0,1,1,8,0.230091,0.237701,0,0
14974,,7,0,3,3,0,3,3,8,0.238359,0.247464,0,0.5
14976,,8,0,2,2,0,2,2,9,0.199084,0.20379,0,0
19071,,11,1,1,2,1,1,2,9,0.219948,0.226394,0,1
29319,,11,1,0,1,1,0,1,0,0,0,0,0
14981,,8,0,2,2,0,2,2,8,0.26276,0.273493,0,0.5
14982,,0,0,1,1,0,1,1,10,0.166844,0.16995,0,0
14983,,0,0,2,2,0,2,2,8,0.264736,0.276019,0,1
14986,,11,0,1,1,0,1,1,9,0.229181,0.2372,0,0
14987,,8,0,1,1,0,1,1,8,0.251452,0.260347,0,0
14989,,11,0,1,1,0,1,1,8,0.251382,0.261452,0,0
14992,,15,0,1,1,0,1,1,9,0.201518,0.206466,0,0
14997,,19,0,1,1,0,1,1,9,0.224454,0.231835,0,0
14999,,16,0,1,1,0,1,1,8,0.257544,0.268689,0,0
15000,,5,0,1,1,0,1,1,8,0.245851,0.255055,0,0
15002,,16,0,1,1,0,1,1,8,0.257544,0.268689,0,0
15003,,8,0,1,1,0,1,1,8,0.231137,0.237861,0,0
15004,,16,0,1,1,0,1,1,9,0.21183,0.217537,0,0
15005,,8,0,2,2,0,2,2,8,0.263245,0.273615,0,0
15008,,5,0,2,2,0,2,2,10,0.177834,0.181121,0,0
15009,,5,1,0,1,1,0,1,0,0,0,0,0
15010,,8,0,1,1,0,1,1,9,0.210191,0.215595,0,0
15011,,2,0,1,1,0,1,1,9,0.217276,0.223895,0,0
15013,,11,0,3,3,0,3,3,8,0.257816,0.268855,0,0.333333
15017,,8,0,1,1,0,1,1,9,0.213451,0.219373,0,0
15019,,7,0,1,1,0,1,1,8,0.251523,0.26155,0,0
15021,,11,0,2,2,0,2,2,8,0.255292,0.266011,0,0.5
15023,,11,0,1,1,0,1,1,9,0.199527,0.204729,0,0
23820,,11,1,1,2,1,1,2,1,1,1,25976,0
15027,,8,0,18,18,0,18,18,7,0.278317,0.292514,0,0.277778
15029,,16,0,1,1,0,1,1,9,0.215387,0.221856,0,0
15033,,0,0,1,1,0,1,1,9,0.224741,0.232186,0,0
15035,,8,0,3,3,0,3,3,8,0.255909,0.265507,0,0.333333
15036,,6,0,2,2,0,2,2,8,0.256715,0.267688,0,1
15037,,6,0,2,2,0,2,2,8,0.256715,0.267688,0,1
15038,,15,0,1,1,0,1,1,8,0.217234,0.223577,0,0
15039,,10,0,1,1,0,1,1,1,1,1,0,0
15040,,7,0,4,4,0,4,4,8,0.263024,0.273925,0,0.416667
15041,,19,0,1,1,0,1,1,9,0.224454,0.231835,0,0
15043,,12,0,2,2,0,2,2,9,0.189945,0.193937,0,0
15046,,16,0,2,2,0,2,2,8,0.257554,0.268727,0,0
27342,,16,1,0,1,1,0,1,0,0,0,0,0
15048,,16,0,1,1,0,1,1,11,0.160269,0.162784,0,0
15049,,15,0,1,1,0,1,1,9,0.215151,0.221458,0,0
15051,,8,0,1,1,0,1,1,8,0.262756,0.273466,0,0
15052,,13,0,1,1,0,1,1,10,0.162858,0.165488,0,0
15054,,11,0,1,1,0,1,1,9,0.23666,0.245195,0,0
15058,,8,0,1,1,0,1,1,8,0.233287,0.240487,0,0
15059,,16,0,1,1,0,1,1,8,0.257544,0.268689,0,0
15060,,11,0,1,1,0,1,1,9,0.217802,0.223808,0,0
15065,,2,0,1,1,0,1,1,9,0.207478,0.212887,0,0
15069,,16,0,1,1,0,1,1,8,0.257544,0.268689,0,0
15071,,11,0,1,1,0,1,1,9,0.2263,0.234284,0,0
15073,,15,0,1,1,0,1,1,9,0.220297,0.227161,0,0
15077,,18,0,1,1,0,1,1,9,0.21286,0.218905,0,0
15079,,7,0,1,1,0,1,1,8,0.265449,0.276753,0,0
15122,,10,1,0,1,1,0,1,0,0,0,0,0
15125,,10,3,4,7,3,4,7,8,0.234402,0.241297,12208.463917,0.233333
15151,,10,2,5,7,2,5,7,9,0.228399,0.235737,1,0.380952
15340,,10,1,0,1,1,0,1,0,0,0,0,0
15344,,10,5,5,10,5,5,10,8,0.23335,0.240258,8460.685683,0.428571
15218,,10,6,3,9,6,3,9,8,0.234154,0.24107,280.249907,0.375
15452,,10,1,0,1,1,0,1,0,0,0,0,0
15196,,10,2,5,7,2,5,7,8,0.233359,0.240284,24425.403353,0.366667
15525,,10,1,0,1,1,0,1,0,0,0,0,0
15413,,10,8,10,18,8,10,18,8,0.24084,0.248278,94901.541245,0.2625
15407,,10,2,2,4,2,2,4,9,0.194098,0.197893,0.424242,0.75
15104,,10,14,6,20,14,6,20,8,0.234207,0.241258,91313.727913,0.20915
15208,,10,1,1,2,1,1,2,8,0.233295,0.24005,0,0
16201,,10,1,0,1,1,0,1,0,0,0,0,0
16409,,11,1,1,2,1,1,2,2,0.666667,0.75,148.851398,0
15206,,10,14,8,22,14,8,22,8,0.240831,0.248216,63671.555605,0.169935
16843,,10,1,0,1,1,0,1,0,0,0,0,0
15081,,10,0,1,1,0,1,1,8,0.233302,0.240064,0,0
15082,,8,0,1,1,0,1,1,8,0.262756,0.273466,0,0
15163,,10,1,0,1,1,0,1,0,0,0,0,0
15164,,10,1,3,4,1,3,4,8,0.233333,0.240161,1.416667,0.5
15084,,11,0,1,1,0,1,1,8,0.232524,0.239505,0,0
24161,,3,2,0,2,2,0,2,0,0,0,0,0
28359,,3,2,3,5,2,3,5,11,0.150516,0.152837,1700.526315,0.3
15087,,8,0,2,2,0,2,2,9,0.206305,0.211494,0,0
15234,,10,4,20,24,4,20,24,8,0.264425,0.275853,77789.021228,0.149351
16315,,10,12,7,19,12,7,19,8,0.23428,0.241335,33768.012412,0.285714
15177,,10,4,3,7,4,3,7,8,0.240782,0.248005,194.130096,0.6
16263,,10,1,0,1,1,0,1,0,0,0,0,0
15106,,5,0,1,1,0,1,1,10,0.179803,0.183122,0,0
15111,,10,2,2,4,2,2,4,8,0.234145,0.241025,18826,0.333333
15156,,10,2,1,3,2,1,3,8,0.233298,0.240059,0,1
15174,,10,1,0,1,1,0,1,0,0,0,0,0
15175,,10,1,1,2,1,1,2,9,0.201557,0.206329,0,0
15113,,2,0,1,1,0,1,1,9,0.217276,0.223895,0,0
15114,,10,0,1,1,0,1,1,8,0.233302,0.240064,0,0
15115,,10,0,1,1,0,1,1,8,0.233302,0.240064,0,0
15116,,11,0,1,1,0,1,1,1,1,1,0,0
15117,,10,0,1,1,0,1,1,8,0.233638,0.242002,0,0
15120,,11,0,1,1,0,1,1,9,0.230024,0.237286,0,0
15121,,16,0,1,1,0,1,1,9,0.234736,0.243231,0,0
15123,,10,0,1,1,0,1,1,9,0.189771,0.193432,0,0
15124,,16,0,1,1,0,1,1,1,1,1,0,0
15384,,10,1,1,2,1,1,2,8,0.233298,0.240059,0,1
15596,,10,4,0,4,4,0,4,0,0,0,0,0.083333
15968,,10,2,2,4,2,2,4,8,0.227546,0.234138,1.65,0.333333
16039,,10,2,0,2,2,0,2,0,0,0,0,1
25163,,10,1,0,1,1,0,1,0,0,0,0,0
15128,,15,0,1,1,0,1,1,9,0.214189,0.220211,0,0
15133,,11,0,1,1,0,1,1,9,0.218196,0.224517,0,0
15134,,8,0,1,1,0,1,1,9,0.214866,0.220904,0,0
15137,,6,1,1,2,1,1,2,9,0.199417,0.203935,0,0
15139,,18,0,1,1,0,1,1,9,0.21286,0.218905,0,0
15142,,8,1,2,3,1,2,3,9,0.211616,0.217384,60.111136,0
15143,,8,0,1,1,0,1,1,8,0.24685,0.256506,0,0
15145,,16,0,1,1,0,1,1,1,1,1,0,0
23511,,6,1,1,2,1,1,2,9,0.204257,0.209487,36.116176,0
15147,,8,1,1,2,1,1,2,9,0.208093,0.213258,18827,0
15148,,7,0,4,4,0,4,4,8,0.256143,0.266083,0,0.25
15149,,0,0,1,1,0,1,1,8,0.238232,0.246371,0,0
15150,,7,0,2,2,0,2,2,9,0.210843,0.216231,0,0
15152,,16,0,1,1,0,1,1,8,0.234155,0.242097,0,0
15155,,7,0,1,1,0,1,1,9,0.221081,0.227768,0,0
15158,,10,0,1,1,0,1,1,9,0.189731,0.193331,0,0
15159,,16,0,1,1,0,1,1,8,0.236961,0.24442,0,0
15160,,0,0,4,4,0,4,4,8,0.226818,0.234502,0,0.666667
15167,,15,0,1,1,0,1,1,10,0.179156,0.182314,0,0
15170,,146,0,1,1,0,1,1,1,1,1,0,0
15171,,146,1,0,1,1,0,1,0,0,0,0,0
15178,,147,0,1,1,0,1,1,1,1,1,0,0
15179,,147,1,0,1,1,0,1,0,0,0,0,0
15183,,2,0,4,4,0,4,4,8,0.265108,0.27688,0,0.083333
29818,,2,1,0,1,1,0,1,0,0,0,0,0
15185,,5,0,1,1,0,1,1,8,0.230249,0.237146,0,0
33737,,8,1,0,1,1,0,1,0,0,0,0,0
15188,,10,0,3,3,0,3,3,9,0.214277,0.220603,0,0.166667
30540,,10,1,0,1,1,0,1,0,0,0,0,0
15190,,0,0,1,1,0,1,1,9,0.222605,0.230046,0,0
15193,,8,0,2,2,0,2,2,8,0.236821,0.244797,0,1
15198,,1,0,3,3,0,3,3,9,0.210369,0.215972,0,0
15199,,8,0,1,1,0,1,1,9,0.226507,0.233208,0,0
15200,,10,0,3,3,0,3,3,8,0.234162,0.241079,0,0.333333
15202,,10,2,0,2,2,0,2,0,0,0,0,0
15201,,10,0,1,1,0,1,1,1,1,1,0,0
15266,,10,3,3,6,3,3,6,8,0.233336,0.240178,678.549068,0.3
15210,,10,0,1,1,0,1,1,9,0.229752,0.236924,0,0
15211,,19,0,1,1,0,1,1,10,0.182261,0.186183,0,0
15215,,16,0,1,1,0,1,1,9,0.234736,0.243231,0,0
15216,,5,0,1,1,0,1,1,9,0.208139,0.213726,0,0
15219,,3,0,1,1,0,1,1,9,0.232872,0.240708,0,0
15220,,7,0,1,1,0,1,1,9,0.200526,0.205124,0,0
15221,,16,0,1,1,0,1,1,8,0.257544,0.268689,0,0
15223,,10,0,1,1,0,1,1,9,0.218809,0.225404,0,0
15228,,7,0,1,1,0,1,1,8,0.251523,0.26155,0,0
15230,,11,0,1,1,0,1,1,8,0.244433,0.254493,0,0
15232,,8,0,1,1,0,1,1,8,0.24685,0.256506,0,0
15233,,16,0,1,1,0,1,1,9,0.19589,0.201064,0,0
15235,,10,1,0,1,1,0,1,0,0,0,0,0
15249,,10,1,1,2,1,1,2,8,0.233301,0.240063,0,0.5
15414,,10,4,6,10,4,6,10,8,0.23418,0.241187,2416.294596,0.347222
15236,,10,0,1,1,0,1,1,8,0.233302,0.240064,0,0
15239,,11,0,1,1,0,1,1,8,0.221512,0.22797,0,0
15240,,11,0,1,1,0,1,1,8,0.23949,0.247366,0,0
15241,,8,0,1,1,0,1,1,9,0.211853,0.217672,0,0
15242,,8,1,5,6,1,5,6,8,0.268784,0.281113,18827,0.266667
15246,,15,1,2,3,1,2,3,9,0.216351,0.222646,155.045087,0
15252,,19,0,1,1,0,1,1,9,0.224454,0.231835,0,0
15253,,10,0,1,1,0,1,1,8,0.233302,0.240064,0,0
15254,,10,0,1,1,0,1,1,8,0.233302,0.240064,0,0
15255,,11,0,1,1,0,1,1,8,0.232524,0.239505,0,0
15256,,11,0,2,2,0,2,2,9,0.216586,0.223363,0,0.5
31626,,11,2,2,4,2,2,4,9,0.216584,0.223366,18828.5,0.25
15259,,24,1,0,1,1,0,1,0,0,0,0,0
15261,,8,0,1,1,0,1,1,8,0.235818,0.243199,0,0
15264,,11,0,1,1,0,1,1,8,0.237376,0.246856,0,0
15265,,7,0,1,1,0,1,1,8,0.251523,0.26155,0,0
17330,,11,1,1,2,1,1,2,9,0.203806,0.209506,0,0
18066,,11,1,1,2,1,1,2,9,0.203806,0.209506,0,0
23143,,11,1,1,2,1,1,2,8,0.236163,0.244728,0,1
15269,,8,0,1,1,0,1,1,8,0.262756,0.273466,0,0
15270,,7,0,1,1,0,1,1,9,0.195147,0.199853,0,0
15271,,11,0,1,1,0,1,1,9,0.208508,0.213738,0,0
15275,,8,0,1,1,0,1,1,8,0.262756,0.273466,0,0
15276,,16,0,1,1,0,1,1,8,0.257544,0.268689,0,0
15277,,10,0,1,1,0,1,1,8,0.233302,0.240064,0,0
15278,,11,0,3,3,0,3,3,8,0.239978,0.249361,0,0.333333
15280,,24,0,1,1,0,1,1,9,0.231745,0.239907,0,0
15282,,8,0,1,1,0,1,1,9,0.227237,0.234014,0,0
15283,,10,0,1,1,0,1,1,9,0.194097,0.19786,0,0
15285,,8,0,4,4,0,4,4,9,0.227352,0.23468,0,0.083333
15286,,10,0,1,1,0,1,1,8,0.233302,0.240064,0,0
15289,,8,0,3,3,0,3,3,9,0.246249,0.255969,0,0.5
15291,,13,0,2,2,0,2,2,1,1,1,0,0
15293,,16,0,1,1,0,1,1,9,0.208855,0.214732,0,0
15296,,10,0,1,1,0,1,1,8,0.233302,0.240064,0,0
15297,,0,0,1,1,0,1,1,9,0.222216,0.229086,0,0
15298,,7,0,1,1,0,1,1,8,0.244345,0.253397,0,0
15300,,11,0,2,2,0,2,2,8,0.235152,0.243932,0,0.5
15301,,7,0,9,9,0,9,9,9,0.232467,0.239913,0,0.041667
15303,,12,0,1,1,0,1,1,10,0.176014,0.179288,0,0
15304,,18,0,1,1,0,1,1,9,0.21286,0.218905,0,0
15305,,10,0,1,1,0,1,1,9,0.227599,0.235178,0,0
15308,,0,0,1,1,0,1,1,9,0.215311,0.221328,0,0
15310,,16,0,1,1,0,1,1,8,0.257544,0.268689,0,0
15311,,5,0,3,3,0,3,3,9,0.229405,0.237053,0,1
24142,,11,1,1,2,1,1,2,9,0.20799,0.214066,0,0
15315,,7,0,2,2,0,2,2,8,0.24807,0.25717,0,0.5
15316,,8,0,1,1,0,1,1,1,1,1,0,0
25364,,11,1,0,1,1,0,1,0,0,0,0,0
15321,,18,0,1,1,0,1,1,9,0.21286,0.218905,0,0
19154,,7,1,3,4,1,3,4,8,0.260412,0.271454,341.907903,0.333333
15325,,11,0,1,1,0,1,1,9,0.200898,0.2059,0,0
15327,,11,0,1,1,0,1,1,8,0.221512,0.22797,0,0
15330,,8,0,1,1,0,1,1,9,0.219675,0.226242,0,0
15334,,2,0,1,1,0,1,1,8,0.261475,0.272568,0,0
15336,,21,0,1,1,0,1,1,9,0.233244,0.243883,0,0
15338,,16,0,1,1,0,1,1,9,0.234736,0.243231,0,0
15339,,10,0,1,1,0,1,1,9,0.234856,0.243135,0,0
26644,,7,2,8,10,2,8,10,8,0.278718,0.292295,1764.026758,0.388889
26900,,7,1,0,1,1,0,1,0,0,0,0,0
27877,,7,1,0,1,1,0,1,0,0,0,0,0
28083,,7,1,0,1,1,0,1,0,0,0,0,0
29142,,7,1,0,1,1,0,1,0,0,0,0,0
34188,,7,2,2,4,2,2,4,8,0.270613,0.282905,0,1
15343,,16,0,3,3,0,3,3,8,0.274726,0.286722,0,0.166667
15345,,15,0,1,1,0,1,1,9,0.212691,0.218392,0,0
15346,,15,0,1,1,0,1,1,9,0.212691,0.218392,0,0
15348,,11,0,1,1,0,1,1,1,1,1,0,0
20907,,1,1,0,1,1,0,1,0,0,0,0,0
15350,,10,0,1,1,0,1,1,9,0.201563,0.206344,0,0
15351,,21,0,1,1,0,1,1,1,1,1,0,0
15352,,12,0,1,1,0,1,1,9,0.195014,0.200132,0,0
15353,,0,0,2,2,0,2,2,8,0.221544,0.228537,0,0
15354,,8,0,3,3,0,3,3,8,0.241524,0.249382,0,0.166667
15355,,8,1,0,1,1,0,1,0,0,0,0,0
15359,,21,0,1,1,0,1,1,1,1,1,0,0
15364,,10,0,2,2,0,2,2,9,0.19046,0.194135,0,0
15366,,11,0,4,4,0,4,4,8,0.234894,0.242723,0,0.166667
15367,,21,0,1,1,0,1,1,1,1,1,0,0
15368,,11,0,1,1,0,1,1,9,0.219064,0.224899,0,0
15370,,7,0,1,1,0,1,1,10,0.172126,0.175123,0,0
15371,,7,1,1,2,1,1,2,9,0.207902,0.213248,18827,0
15372,,10,0,1,1,0,1,1,8,0.233302,0.240064,0,0
15373,,0,0,1,1,0,1,1,8,0.228936,0.236648,0,0
15376,,7,0,1,1,0,1,1,10,0.167597,0.170775,0,0
15377,,5,0,1,1,0,1,1,8,0.235656,0.242713,0,0
15382,,8,0,1,1,0,1,1,8,0.251452,0.260347,0,0
15383,,11,0,1,1,0,1,1,9,0.197044,0.201378,0,0
15386,,7,0,2,2,0,2,2,8,0.238733,0.246459,0,0
21306,,21,2,1,3,2,1,3,9,0.239541,0.247504,2179.339182,0
15391,,7,0,1,1,0,1,1,8,0.244345,0.253397,0,0
15392,,5,0,3,3,0,3,3,8,0.251684,0.260929,0,0
15394,,10,0,1,1,0,1,1,8,0.233302,0.240064,0,0
15397,,8,0,1,1,0,1,1,9,0.207063,0.212635,0,0
15398,,12,1,2,3,1,2,3,8,0.236871,0.244647,0,1
15401,,10,0,1,1,0,1,1,1,1,1,0,0
15402,,10,0,3,3,0,3,3,9,0.218135,0.224782,0,0.333333
19882,,5,3,1,4,3,1,4,11,0.136358,0.138008,0.5,0.166667
15405,,0,0,1,1,0,1,1,8,0.226147,0.233528,0,0
15408,,16,0,1,1,0,1,1,9,0.205784,0.211327,0,0
15410,,16,0,1,1,0,1,1,8,0.257544,0.268689,0,0
15639,,10,2,2,4,2,2,4,8,0.227554,0.234164,3578.405688,0.5
15416,,16,0,1,1,0,1,1,9,0.234736,0.243231,0,0
15417,,5,0,2,2,0,2,2,8,0.247213,0.255868,0,1
15418,,11,0,1,1,0,1,1,8,0.222226,0.228739,0,0
15419,,11,0,1,1,0,1,1,9,0.224977,0.23191,0,0
15420,,12,0,1,1,0,1,1,8,0.236841,0.24458,0,0
15421,,8,1,1,2,1,1,2,8,0.23941,0.248389,0,0.5
15423,,11,0,1,1,0,1,1,8,0.251382,0.261452,0,0
20878,,11,1,1,2,1,1,2,10,0.178251,0.182135,0,1
15425,,15,0,1,1,0,1,1,8,0.235664,0.243096,0,0
15430,,8,0,3,3,0,3,3,8,0.264498,0.275547,0,0.333333
15432,,12,0,1,1,0,1,1,1,1,1,0,0
15434,,15,0,1,1,0,1,1,9,0.219926,0.226711,0,0
15435,,8,0,1,1,0,1,1,8,0.262756,0.273466,0,0
15436,,7,0,1,1,0,1,1,9,0.226389,0.233867,0,0
15437,,7,0,1,1,0,1,1,10,0.178867,0.182209,0,0
15439,,9,0,3,3,0,3,3,9,0.201837,0.207374,0,0.333333
15440,,15,1,3,4,1,3,4,9,0.224588,0.232144,2527.172045,0.166667
15441,,8,0,1,1,0,1,1,1,1,1,0,0
15443,,8,1,6,7,1,6,7,8,0.274961,0.287775,1393.92263,0.214286
15444,,2,0,2,2,0,2,2,9,0.2221,0.228711,0,0
18211,,2,2,1,3,2,1,3,8,0.261479,0.272571,5727.612556,0
21502,,21,1,0,1,1,0,1,0,0,0,0,0
25017,,21,1,0,1,1,0,1,0,0,0,0,0
32047,,21,1,0,1,1,0,1,0,0,0,0,0
32048,,21,1,0,1,1,0,1,0,0,0,0,0
32049,,21,1,0,1,1,0,1,0,0,0,0,0
34091,,21,1,0,1,1,0,1,0,0,0,0,0
15447,,16,0,2,2,0,2,2,9,0.235818,0.243924,0,0
15449,,0,0,4,4,0,4,4,8,0.229022,0.236824,0,0.5
15450,,12,0,2,2,0,2,2,9,0.196834,0.201549,0,0
15453,,15,0,1,1,0,1,1,9,0.203544,0.209057,0,0
15454,,10,0,1,1,0,1,1,8,0.233302,0.240064,0,0
15456,,11,0,1,1,0,1,1,9,0.207693,0.213086,0,0
15457,,7,0,3,3,0,3,3,8,0.263307,0.27414,0,0.5
15458,,7,0,1,1,0,1,1,1,1,1,0,0
15460,,2,0,1,1,0,1,1,9,0.238286,0.246733,0,0
15461,,8,0,1,1,0,1,1,8,0.262756,0.273466,0,0
15462,,7,0,3,3,0,3,3,9,0.238507,0.247704,0,0.5
33990,,16,2,1,3,2,1,3,9,0.193103,0.197781,84.462486,0
15465,,12,0,1,1,0,1,1,8,0.234438,0.242011,0,0
15468,,5,0,1,1,0,1,1,8,0.245851,0.255055,0,0
15472,,19,0,2,2,0,2,2,9,0.222436,0.229682,0,1
15473,,16,0,2,2,0,2,2,8,0.231387,0.239334,0,0.5
15474,,9,0,2,2,0,2,2,10,0.1649,0.168063,0,0
15476,,9,0,2,2,0,2,2,10,0.166727,0.16925,0,0
15477,,8,0,1,1,0,1,1,8,0.234991,0.243288,0,0
15478,,13,0,1,1,0,1,1,9,0.195066,0.199384,0,0
15480,,5,0,5,5,0,5,5,9,0.238737,0.247461,0,0.05
15482,,7,0,2,2,0,2,2,8,0.25496,0.265133,0,0
24384,,7,1,0,1,1,0,1,0,0,0,0,0
15483,,148,0,1,1,0,1,1,1,1,1,0,0
15484,,148,1,0,1,1,0,1,0,0,0,0,0
15485,,7,0,1,1,0,1,1,8,0.227894,0.234369,0,0
15487,,12,0,1,1,0,1,1,9,0.213606,0.219549,0,0
15488,,149,0,1,1,0,1,1,1,1,1,0,0
15489,,149,1,0,1,1,0,1,0,0,0,0,0
15491,,16,0,2,2,0,2,2,8,0.269956,0.282414,0,1
15492,,16,0,1,1,0,1,1,8,0.257544,0.268689,0,0
15493,,11,0,1,1,0,1,1,9,0.190837,0.194458,0,0
15494,,11,0,3,3,0,3,3,9,0.228673,0.236496,0,0.333333
22324,,11,1,1,2,1,1,2,8,0.234266,0.242061,394.688732,0
15495,,12,0,1,1,0,1,1,9,0.195014,0.200132,0,0
15496,,8,0,1,1,0,1,1,8,0.216823,0.222993,0,0
15497,,8,0,2,2,0,2,2,8,0.24606,0.255322,0,0
32998,,7,1,0,1,1,0,1,0,0,0,0,0
15501,,7,0,1,1,0,1,1,1,1,1,0,0
15503,,7,0,2,2,0,2,2,8,0.244437,0.25452,0,0.5
15504,,15,0,1,1,0,1,1,1,1,1,0,0
27722,,11,1,0,1,1,0,1,0,0,0,0,0
31893,,11,1,0,1,1,0,1,0,0,0,0,0
15507,,7,0,1,1,0,1,1,9,0.226164,0.233246,0,0
15508,,11,0,2,2,0,2,2,9,0.229674,0.237,0,0.5
20192,,11,1,2,3,1,2,3,9,0.230311,0.237716,12.089243,0.333333
15509,,8,0,2,2,0,2,2,8,0.244278,0.253055,0,1
15511,,11,0,2,2,0,2,2,9,0.216728,0.222946,0,0
15512,,11,1,0,1,1,0,1,0,0,0,0,0
15513,,150,0,1,1,0,1,1,1,1,1,0,0
15514,,150,1,0,1,1,0,1,0,0,0,0,0
15515,,18,0,2,2,0,2,2,9,0.212896,0.219007,0,1
15516,,16,0,2,2,0,2,2,9,0.237086,0.24603,0,0
15517,,10,0,1,1,0,1,1,9,0.227723,0.235174,0,0
15518,,0,0,1,1,0,1,1,9,0.21102,0.217224,0,0
15520,,24,0,1,1,0,1,1,1,1,1,0,0
15521,,10,0,1,1,0,1,1,8,0.233302,0.240064,0,0
15522,,12,0,2,2,0,2,2,8,0.234786,0.242465,0,1
15523,,10,0,8,8,0,8,8,8,0.273601,0.285515,0,0.196429
15524,,7,0,1,1,0,1,1,9,0.226164,0.233246,0,0
15526,,15,0,1,1,0,1,1,9,0.204915,0.210351,0,0
15528,,11,0,1,1,0,1,1,9,0.195412,0.200132,0,0
15530,,11,0,6,6,0,6,6,8,0.22769,0.235693,0,0.166667
15531,,2,0,1,1,0,1,1,9,0.207671,0.213066,0,0
15533,,24,0,8,8,0,8,8,8,0.265141,0.276682,0,0.178571
16186,,24,1,0,1,1,0,1,0,0,0,0,0
15536,,5,0,1,1,0,1,1,9,0.206357,0.211863,0,0
15539,,12,0,1,1,0,1,1,10,0.172394,0.175591,0,0
15540,,16,0,1,1,0,1,1,9,0.230483,0.238015,0,0
15542,,7,0,1,1,0,1,1,9,0.226164,0.233246,0,0
15543,,7,0,1,1,0,1,1,9,0.193032,0.196903,0,0
15544,,12,0,1,1,0,1,1,8,0.236841,0.24458,0,0
15546,,0,0,1,1,0,1,1,9,0.212535,0.218041,0,0
15549,,7,0,1,1,0,1,1,9,0.188945,0.192768,0,0
15550,,11,0,1,1,0,1,1,9,0.221523,0.228343,0,0
15551,,12,0,1,1,0,1,1,8,0.236841,0.24458,0,0
15552,,11,0,1,1,0,1,1,9,0.225449,0.232754,0,0
15553,,8,0,3,3,0,3,3,8,0.245514,0.254075,0,0.166667
15555,,2,0,1,1,0,1,1,8,0.261475,0.272568,0,0
15557,,5,0,2,2,0,2,2,8,0.227525,0.234391,0,0
15562,,11,0,1,1,0,1,1,8,0.239859,0.247713,0,0
15564,,5,0,1,1,0,1,1,8,0.251664,0.260845,0,0
15570,,15,0,1,1,0,1,1,9,0.187134,0.191324,0,0
15573,,10,1,1,2,1,1,2,8,0.233302,0.240064,18827,0
15574,,8,0,1,1,0,1,1,9,0.21957,0.226123,0,0
15576,,12,0,2,2,0,2,2,9,0.195022,0.200175,0,0
15577,,12,1,0,1,1,0,1,0,0,0,0,0
15581,,10,1,1,2,1,1,2,9,0.214602,0.220514,3.089877,0
15582,,8,0,1,1,0,1,1,9,0.213511,0.219556,0,0
15583,,7,0,1,1,0,1,1,1,1,1,0,0
15584,,8,0,3,3,0,3,3,9,0.226916,0.234732,0,0.666667
15585,,9,0,1,1,0,1,1,10,0.164896,0.168023,0,0
15586,,16,0,1,1,0,1,1,8,0.257544,0.268689,0,0
15588,,10,0,8,8,0,8,8,7,0.289312,0.303396,0,0.214286
15591,,10,0,2,2,0,2,2,8,0.234152,0.241039,0,1
15594,,11,0,1,1,0,1,1,9,0.204014,0.209706,0,0
15598,,8,0,1,1,0,1,1,8,0.223971,0.231195,0,0
15599,,0,0,1,1,0,1,1,9,0.199523,0.20442,0,0
15602,,7,0,1,1,0,1,1,8,0.251523,0.26155,0,0
15603,,5,0,1,1,0,1,1,1,1,1,0,0
15605,,7,0,1,1,0,1,1,7,0.293553,0.307954,0,0
15606,,11,0,1,1,0,1,1,9,0.220464,0.227385,0,0
15610,,151,0,1,1,0,1,1,1,1,1,0,0
15611,,151,1,0,1,1,0,1,0,0,0,0,0
15613,,0,0,4,4,0,4,4,8,0.267729,0.279249,0,0.416667
25994,,1,1,2,3,1,2,3,8,0.233858,0.240857,0,0.833333
31960,,1,1,0,1,1,0,1,0,0,0,0,0
15615,,12,0,1,1,0,1,1,10,0.172726,0.175872,0,0
15616,,15,0,2,2,0,2,2,8,0.237982,0.247024,0,0
15619,,12,0,1,1,0,1,1,8,0.235576,0.242737,0,0
23414,,5,4,4,8,4,4,8,8,0.245867,0.255157,8.2,0.238095
15622,,15,0,1,1,0,1,1,1,1,1,0,0
15625,,5,0,43,43,0,43,43,8,0.282964,0.298303,0,0.250831
15626,,5,0,1,1,0,1,1,9,0.20504,0.210236,0,0
15627,,8,0,1,1,0,1,1,8,0.262756,0.273466,0,0
15628,,11,0,1,1,0,1,1,9,0.214352,0.21988,0,0
15631,,11,0,1,1,0,1,1,9,0.225635,0.232826,0,0
15632,,8,0,1,1,0,1,1,9,0.230193,0.238549,0,0
15633,,7,0,2,2,0,2,2,8,0.243334,0.25173,0,1
15635,,10,0,3,3,0,3,3,8,0.233627,0.240481,0,0
15636,,10,1,1,2,1,1,2,8,0.251238,0.260024,750.620974,0
15637,,15,0,1,1,0,1,1,9,0.189936,0.194248,0,0
24661,,0,1,0,1,1,0,1,0,0,0,0,0
15640,,8,0,1,1,0,1,1,8,0.244453,0.252822,0,0
25751,,8,1,0,1,1,0,1,0,0,0,0,0
26141,,8,1,0,1,1,0,1,0,0,0,0,0
32533,,8,1,0,1,1,0,1,0,0,0,0,0
15642,,7,0,4,4,0,4,4,8,0.273553,0.285992,0,0.5
15646,,8,0,2,2,0,2,2,8,0.249387,0.258626,0,0
20160,,152,1,0,1,1,0,1,0,0,0,0,0
20239,,152,1,0,1,1,0,1,0,0,0,0,0
26486,,152,2,1,3,2,1,3,1,1,1,25976,0.333333
32468,,152,1,3,4,1,3,4,10,0.180243,0.183981,25975,0.166667
15649,,16,1,5,6,1,5,6,9,0.214686,0.221027,18828,0
22676,,16,1,0,1,1,0,1,0,0,0,0,0
26405,,16,1,1,2,1,1,2,10,0.176743,0.18019,0,0
15650,,15,0,1,1,0,1,1,8,0.236262,0.244204,0,0
15651,,10,0,1,1,0,1,1,8,0.22755,0.234125,0,0
15652,,10,0,1,1,0,1,1,9,0.225592,0.232933,0,0
15653,,10,0,2,2,0,2,2,9,0.244155,0.253195,0,0.5
15656,,8,0,1,1,0,1,1,9,0.222426,0.22905,0,0
15663,,10,0,1,1,0,1,1,8,0.233302,0.240064,0,0
15664,,8,0,1,1,0,1,1,8,0.241251,0.248887,0,0
15665,,16,0,1,1,0,1,1,8,0.257544,0.268689,0,0
15667,,0,0,1,1,0,1,1,9,0.19166,0.19573,0,0
15671,,7,0,1,1,0,1,1,9,0.193032,0.196903,0,0
15672,,2,0,1,1,0,1,1,8,0.261475,0.272568,0,0
15673,,16,0,5,5,0,5,5,8,0.242672,0.251352,0,0.3
15676,,10,0,1,1,0,1,1,8,0.233302,0.240064,0,0
15677,,8,0,1,1,0,1,1,8,0.237667,0.245207,0,0
15679,,5,0,1,1,0,1,1,10,0.16913,0.172257,0,0
15682,,16,0,1,1,0,1,1,8,0.234941,0.243151,0,0
15683,,153,0,1,1,0,1,1,1,1,1,0,0
15684,,153,1,0,1,1,0,1,0,0,0,0,0
15685,,7,0,3,3,0,3,3,9,0.227864,0.235335,0,0.333333
15686,,8,0,1,1,0,1,1,9,0.226025,0.232676,0,0
15687,,11,0,1,1,0,1,1,9,0.193181,0.197406,0,0
15688,,9,0,3,3,0,3,3,9,0.201775,0.207292,0,1
15689,,21,0,1,1,0,1,1,1,1,1,0,0
15690,,9,0,5,5,0,5,5,8,0.273979,0.285761,0,0.1
15691,,7,0,1,1,0,1,1,7,0.293553,0.307954,0,0
15692,,237,0,2,2,0,2,2,9,0.199769,0.205017,0,1
15694,,9,0,1,1,0,1,1,10,0.164896,0.168023,0,0
15696,,10,0,1,1,0,1,1,8,0.233302,0.240064,0,0
15697,,15,0,1,1,0,1,1,9,0.220297,0.227161,0,0
15699,,8,0,1,1,0,1,1,9,0.216107,0.222464,0,0
16874,,8,1,3,4,1,3,4,8,0.265323,0.276799,0,0.666667
15701,,121,0,6,6,0,6,6,9,0.2149,0.221066,0,0.2
15704,,10,0,4,4,0,4,4,8,0.229544,0.236372,0,0.666667
15705,,0,0,1,1,0,1,1,1,1,1,0,0
15707,,8,0,1,1,0,1,1,2,0.666667,0.75,0,0
15717,,11,0,1,1,0,1,1,9,0.221572,0.228332,0,0
25402,,24,1,1,2,1,1,2,9,0.215852,0.222065,0,0
29089,,24,1,0,1,1,0,1,0,0,0,0,0
15720,,11,0,1,1,0,1,1,8,0.222226,0.228739,0,0
15721,,10,0,1,1,0,1,1,9,0.229752,0.236924,0,0
15726,,8,0,1,1,0,1,1,9,0.236556,0.244293,0,0
15729,,10,0,1,1,0,1,1,9,0.228722,0.23573,0,0
15731,,15,0,3,3,0,3,3,9,0.210412,0.216087,0,0
15732,,7,0,1,1,0,1,1,9,0.212064,0.218043,0,0
15733,,11,0,1,1,0,1,1,9,0.210572,0.215915,0,0
15737,,0,0,1,1,0,1,1,9,0.21103,0.21669,0,0
15739,,15,0,1,1,0,1,1,8,0.225373,0.231994,0,0
15742,,15,0,1,1,0,1,1,8,0.231948,0.238855,0,0
15745,,7,0,1,1,0,1,1,8,0.23758,0.245223,0,0
25305,,0,1,2,3,1,2,3,9,0.188511,0.192449,0.333333,0.166667
17434,,15,1,1,2,1,1,2,9,0.192698,0.197188,2168.037776,0
28028,,2,2,2,4,2,2,4,8,0.261483,0.272604,18877.433464,0.083333
15748,,7,0,1,1,0,1,1,8,0.244345,0.253397,0,0
15749,,11,0,1,1,0,1,1,9,0.212123,0.218423,0,0
15751,,16,0,1,1,0,1,1,9,0.234736,0.243231,0,0
15752,,9,0,1,1,0,1,1,10,0.177506,0.180764,0,0
15753,,5,0,9,9,0,9,9,8,0.262987,0.274442,0,0.277778
18303,,5,1,0,1,1,0,1,0,0,0,0,0
15754,,13,0,1,1,0,1,1,9,0.195066,0.199384,0,0
15755,,13,0,1,1,0,1,1,9,0.195066,0.199384,0,0
15756,,13,0,1,1,0,1,1,9,0.195066,0.199384,0,0
15757,,13,0,1,1,0,1,1,9,0.195066,0.199384,0,0
15758,,1,0,4,4,0,4,4,8,0.273971,0.286021,0,0.5
15766,,7,0,1,1,0,1,1,8,0.233088,0.240199,0,0
15767,,11,0,2,2,0,2,2,8,0.261334,0.272167,0,0.5
15770,,5,0,1,1,0,1,1,8,0.245851,0.255055,0,0
15771,,7,1,1,2,1,1,2,8,0.244345,0.253397,106.436619,0
15773,,11,0,1,1,0,1,1,9,0.217041,0.222899,0,0
15774,,7,0,8,8,0,8,8,8,0.260225,0.27156,0,0.428571
15777,,7,0,1,1,0,1,1,9,0.207826,0.213634,0,0
15778,,11,0,1,1,0,1,1,8,0.240389,0.248209,0,0
15783,,154,0,1,1,0,1,1,1,1,1,0,0
15784,,154,1,0,1,1,0,1,0,0,0,0,0
15785,,19,0,1,1,0,1,1,9,0.222431,0.229647,0,0
15786,,16,0,1,1,0,1,1,9,0.219293,0.225533,0,0
15789,,1,0,1,1,0,1,1,8,0.227256,0.233759,0,0
15792,,21,1,5,6,1,5,6,8,0.252048,0.262318,1800.098988,0.066667
15794,,16,0,1,1,0,1,1,9,0.182557,0.186068,0,0
15795,,16,1,1,2,1,1,2,8,0.223315,0.229822,18827,0
15796,,11,0,1,1,0,1,1,9,0.19358,0.197675,0,0
15797,,15,0,1,1,0,1,1,9,0.213511,0.219459,0,0
15800,,6,0,2,2,0,2,2,8,0.2491,0.258162,0,1
15801,,7,1,1,2,1,1,2,9,0.207609,0.212853,18827,0
15802,,11,0,1,1,0,1,1,9,0.18178,0.185595,0,0
15803,,15,0,1,1,0,1,1,8,0.247825,0.256545,0,0
15804,,8,0,1,1,0,1,1,9,0.211885,0.217619,0,0
15807,,7,1,16,17,1,16,17,8,0.281161,0.29548,166736.304934,0.147059
21553,,7,3,44,47,3,44,47,8,0.294432,0.311258,131540.07855,0.085569
15808,,11,0,1,1,0,1,1,9,0.203824,0.20864,0,0
15811,,1,0,1,1,0,1,1,9,0.212212,0.218255,0,0
15812,,2,0,1,1,0,1,1,8,0.261475,0.272568,0,0
15813,,11,0,1,1,0,1,1,8,0.232829,0.239934,0,0
15814,,8,0,2,2,0,2,2,8,0.248765,0.257777,0,0.5
15815,,11,0,1,1,0,1,1,9,0.199877,0.204193,0,0
28011,,16,1,0,1,1,0,1,0,0,0,0,0
25131,,2,1,1,2,1,1,2,9,0.238283,0.246728,0,1
15817,,11,0,2,2,0,2,2,8,0.242932,0.251307,0,0.5
15818,,7,0,3,3,0,3,3,8,0.24613,0.255254,0,0.5
15819,,155,0,1,1,0,1,1,1,1,1,0,0
15820,,155,1,0,1,1,0,1,0,0,0,0,0
15821,,8,0,1,1,0,1,1,9,0.226025,0.232676,0,0
15822,,2,0,1,1,0,1,1,1,1,1,0,0
15823,,8,0,2,2,0,2,2,8,0.269161,0.280737,0,0
15824,,11,4,5,9,4,5,9,8,0.265825,0.278264,8916.241631,0.089286
15826,,8,0,1,1,0,1,1,8,0.236815,0.244762,0,0
15827,,8,0,1,1,0,1,1,8,0.236815,0.244762,0,0
15828,,8,0,1,1,0,1,1,8,0.236815,0.244762,0,0
15829,,8,0,1,1,0,1,1,8,0.236815,0.244762,0,0
15830,,8,0,1,1,0,1,1,8,0.236815,0.244762,0,0
15831,,8,0,1,1,0,1,1,8,0.236815,0.244762,0,0
15832,,8,0,1,1,0,1,1,8,0.236815,0.244762,0,0
15834,,10,0,1,1,0,1,1,8,0.233302,0.240064,0,0
15836,,8,0,1,1,0,1,1,9,0.21209,0.217792,0,0
15840,,16,0,1,1,0,1,1,8,0.257544,0.268689,0,0
15841,,5,0,1,1,0,1,1,9,0.214533,0.220561,0,0
15842,,2,0,1,1,0,1,1,9,0.208767,0.214577,0,0
15843,,10,0,1,1,0,1,1,9,0.220762,0.22725,0,0
15844,,16,0,1,1,0,1,1,9,0.211371,0.217148,0,0
15846,,5,0,1,1,0,1,1,9,0.204666,0.209899,0,0
15847,,24,0,2,2,0,2,2,9,0.214272,0.220644,0,1
15849,,12,0,1,1,0,1,1,8,0.236841,0.24458,0,0
16846,,9,2,4,6,2,4,6,9,0.208301,0.213988,7473.658045,0.35
16920,,9,4,2,6,4,2,6,10,0.172086,0.175216,12230.42018,0.35
16919,,9,7,3,10,7,3,10,9,0.20785,0.213413,87633.293496,0.107143
15851,,5,0,1,1,0,1,1,8,0.235026,0.242987,0,0
15852,,10,1,2,3,1,2,3,9,0.219219,0.225689,18827,0
16757,,13,1,1,2,1,1,2,9,0.214914,0.221494,0,0
15856,,16,0,1,1,0,1,1,9,0.211371,0.217148,0,0
15857,,16,0,1,1,0,1,1,9,0.211371,0.217148,0,0
15858,,11,0,2,2,0,2,2,8,0.25215,0.262311,0,1
15859,,10,0,1,1,0,1,1,9,0.203888,0.209367,0,0
15860,,16,0,1,1,0,1,1,9,0.234736,0.243231,0,0
15861,,8,0,1,1,0,1,1,9,0.215676,0.221699,0,0
15865,,7,0,3,3,0,3,3,8,0.260106,0.27067,0,0.666667
15866,,11,0,2,2,0,2,2,9,0.230641,0.238321,0,0
15870,,10,0,1,1,0,1,1,8,0.233302,0.240064,0,0
15872,,21,1,2,3,1,2,3,9,0.224122,0.231655,0,1
15874,,6,0,1,1,0,1,1,9,0.212917,0.219103,0,0
15876,,16,0,1,1,0,1,1,9,0.186402,0.190307,0,0
15878,,11,0,1,1,0,1,1,8,0.230667,0.237711,0,0
15879,,11,0,1,1,0,1,1,8,0.244433,0.254493,0,0
15880,,10,0,1,1,0,1,1,9,0.232386,0.240329,0,0
15881,,16,0,1,1,0,1,1,9,0.209788,0.215674,0,0
15887,,0,0,2,2,0,2,2,9,0.225605,0.23288,0,0
15888,,19,0,1,1,0,1,1,9,0.193733,0.198249,0,0
15889,,7,0,1,1,0,1,1,1,1,1,0,0
17844,,11,1,0,1,1,0,1,0,0,0,0,0
15894,,15,0,1,1,0,1,1,10,0.179156,0.182314,0,0
15897,,11,1,0,1,1,0,1,0,0,0,0,0
15898,,5,1,1,2,1,1,2,9,0.222738,0.229686,0,0.5
15901,,11,0,1,1,0,1,1,8,0.227034,0.234934,0,0
15904,,2,0,3,3,0,3,3,8,0.273263,0.285902,0,0.833333
15905,,24,0,2,2,0,2,2,9,0.215908,0.222187,0,0
15906,,7,0,1,1,0,1,1,8,0.244345,0.253397,0,0
15908,,3,0,1,1,0,1,1,9,0.214123,0.219985,0,0
15909,,8,0,1,1,0,1,1,8,0.242826,0.251829,0,0
15910,,11,0,1,1,0,1,1,9,0.208086,0.213633,0,0
15911,,237,0,1,1,0,1,1,10,0.166502,0.169471,0,0
15912,,8,0,2,2,0,2,2,8,0.253634,0.262824,0,0.5
15915,,6,0,1,1,0,1,1,8,0.249084,0.258104,0,0
15916,,0,0,1,1,0,1,1,9,0.224787,0.232402,0,0
15921,,10,0,3,3,0,3,3,8,0.273226,0.284971,0,0.166667
15922,,10,1,0,1,1,0,1,0,0,0,0,0
15926,,10,0,1,1,0,1,1,8,0.239167,0.246988,0,0
31892,,0,1,0,1,1,0,1,0,0,0,0,0
15931,,15,0,3,3,0,3,3,9,0.215102,0.220812,0,0
15932,,11,0,1,1,0,1,1,9,0.208086,0.213633,0,0
15935,,11,1,0,1,1,0,1,0,0,0,0,0
15936,,1,0,1,1,0,1,1,8,0.232117,0.239041,0,0
15938,,15,0,3,3,0,3,3,9,0.227173,0.234678,0,0.333333
15939,,8,0,1,1,0,1,1,8,0.263743,0.27463,0,0
17649,,9,2,1,3,2,1,3,9,0.223272,0.230182,11648.465565,0
16136,,7,1,2,3,1,2,3,9,0.246391,0.25603,555.173942,0.333333
21063,,2,1,1,2,1,1,2,9,0.209324,0.214642,0,0
15949,,0,0,2,2,0,2,2,9,0.211037,0.217295,0,0
15950,,6,0,2,2,0,2,2,8,0.249153,0.258898,0,1
15951,,8,0,2,2,0,2,2,8,0.244316,0.253651,0,0.5
15952,,8,0,3,3,0,3,3,8,0.246743,0.256689,0,0.333333
15954,,11,0,1,1,0,1,1,8,0.236167,0.244733,0,0
15957,,7,0,1,1,0,1,1,1,1,1,0,0
15959,,8,0,1,1,0,1,1,8,0.262756,0.273466,0,0
15960,,8,0,1,1,0,1,1,9,0.216107,0.222464,0,0
15963,,7,1,1,2,1,1,2,9,0.235472,0.242933,0,0.5
15965,,15,0,2,2,0,2,2,10,0.179163,0.182356,0,0
15971,,19,0,1,1,0,1,1,10,0.181963,0.185829,0,0
15974,,9,0,3,3,0,3,3,9,0.212348,0.218709,0,0.333333
15975,,11,0,1,1,0,1,1,9,0.225635,0.232826,0,0
15976,,11,0,1,1,0,1,1,9,0.217442,0.223573,0,0
15978,,7,0,31,31,0,31,31,8,0.287545,0.303589,0,0.211828
15979,,2,0,1,1,0,1,1,8,0.261475,0.272568,0,0
15983,,156,0,1,1,0,1,1,1,1,1,0,0
15984,,156,1,0,1,1,0,1,0,0,0,0,0
15985,,7,1,2,3,1,2,3,10,0.176382,0.17986,9.558428,0.166667
15987,,24,0,4,4,0,4,4,9,0.239447,0.248748,0,0.083333
15990,,15,0,1,1,0,1,1,9,0.191462,0.195622,0,0
17947,,12,1,1,2,1,1,2,9,0.194026,0.198245,18825,0
15992,,7,0,3,3,0,3,3,8,0.228588,0.23557,0,0.666667
15995,,8,0,1,1,0,1,1,9,0.225096,0.232329,0,0
15997,,5,0,2,2,0,2,2,8,0.252346,0.26159,0,0.5
16001,,9,0,1,1,0,1,1,11,0.151942,0.153881,0,0
16003,,16,0,1,1,0,1,1,9,0.21354,0.21931,0,0
16004,,12,0,1,1,0,1,1,1,1,1,0,0
16006,,10,0,3,3,0,3,3,9,0.219265,0.225661,0,0
31553,,11,1,0,1,1,0,1,0,0,0,0,0
16008,,12,0,2,2,0,2,2,9,0.208203,0.213887,0,1
16011,,19,0,1,1,0,1,1,10,0.182409,0.186321,0,0
16012,,7,1,2,3,1,2,3,8,0.267039,0.278485,4013.356226,0.166667
16013,,0,0,1,1,0,1,1,9,0.190877,0.195259,0,0
22425,,8,1,0,1,1,0,1,0,0,0,0,0
17877,,0,1,1,2,1,1,2,9,0.200518,0.205176,0,0
22892,,0,1,0,1,1,0,1,0,0,0,0,0
35335,,0,4,0,4,4,0,4,0,0,0,0,0
16022,,11,2,1,3,2,1,3,1,1,1,3,0
16023,,11,1,0,1,1,0,1,0,0,0,0,0
32249,,0,2,0,2,2,0,2,0,0,0,0,0
16027,,11,0,2,2,0,2,2,8,0.239493,0.247392,0,1
16028,,8,0,2,2,0,2,2,8,0.274662,0.287266,0,1
16030,,11,0,1,1,0,1,1,9,0.23666,0.245195,0,0
16031,,5,0,1,1,0,1,1,8,0.245108,0.253561,0,0
16033,,7,0,2,2,0,2,2,8,0.261602,0.272737,0,0.5
16035,,0,0,1,1,0,1,1,9,0.205967,0.21162,0,0
16036,,11,0,1,1,0,1,1,9,0.216318,0.222799,0,0
19625,,7,1,0,1,1,0,1,0,0,0,0,0
16332,,8,1,2,3,1,2,3,9,0.221363,0.227744,74.468081,0.166667
16046,,10,0,2,2,0,2,2,8,0.227558,0.234169,0,0
16047,,5,0,1,1,0,1,1,9,0.206357,0.211863,0,0
31627,,16,1,1,2,1,1,2,9,0.214158,0.219636,0,0
16049,,8,0,1,1,0,1,1,9,0.220475,0.226978,0,0
16050,,16,0,6,6,0,6,6,9,0.206074,0.211955,0,0
16051,,16,1,1,2,1,1,2,1,1,1,1,0
16187,,16,1,0,1,1,0,1,0,0,0,0,0
16054,,6,0,1,1,0,1,1,9,0.203239,0.208464,0,0
16058,,8,0,7,7,0,7,7,8,0.265285,0.276768,0,0.190476
16059,,7,0,1,1,0,1,1,10,0.170184,0.172997,0,0
16060,,7,1,1,2,1,1,2,9,0.205076,0.210026,18827,0
16062,,7,0,1,1,0,1,1,9,0.203361,0.208734,0,0
16063,,10,0,1,1,0,1,1,9,0.194103,0.197882,0,0
16064,,8,0,1,1,0,1,1,8,0.235105,0.243285,0,0
16067,,16,0,1,1,0,1,1,8,0.257544,0.268689,0,0
16069,,12,1,1,2,1,1,2,9,0.1979,0.202725,0,0
19985,,12,1,2,3,1,2,3,8,0.235284,0.243039,310.241542,0.5
25710,,12,1,1,2,1,1,2,9,0.1979,0.202725,0,0
16072,,15,0,1,1,0,1,1,9,0.225524,0.232475,0,0
16075,,7,0,1,1,0,1,1,9,0.214323,0.220605,0,0
32783,,9,1,1,2,1,1,2,11,0.141561,0.143526,0,0
16081,,15,0,1,1,0,1,1,9,0.197245,0.201816,0,0
16082,,16,0,1,1,0,1,1,8,0.235753,0.244207,0,0
16085,,11,1,1,2,1,1,2,9,0.189821,0.193881,3,0
16086,,5,0,1,1,0,1,1,9,0.206357,0.211863,0,0
16087,,2,0,2,2,0,2,2,8,0.268386,0.280274,0,0.5
16090,,2,0,1,1,0,1,1,8,0.261475,0.272568,0,0
16091,,12,0,3,3,0,3,3,8,0.237051,0.244868,0,0
17103,,12,1,0,1,1,0,1,0,0,0,0,0
16093,,21,0,14,14,0,14,14,8,0.266592,0.278573,0,0.082418
16094,,10,0,1,1,0,1,1,8,0.233302,0.240064,0,0
16095,,10,0,2,2,0,2,2,8,0.245316,0.254988,0,0
16096,,16,0,1,1,0,1,1,8,0.209429,0.215629,0,0
16097,,5,0,3,3,0,3,3,8,0.250362,0.259419,0,0.333333
16098,,7,0,1,1,0,1,1,9,0.246124,0.25571,0,0
16100,,10,0,1,1,0,1,1,8,0.23483,0.24222,0,0
22058,,11,9,1,10,9,1,10,10,0.184126,0.188026,0,0.722222
16105,,9,0,1,1,0,1,1,10,0.164896,0.168023,0,0
16106,,19,0,1,1,0,1,1,9,0.224454,0.231835,0,0
21177,,3,2,0,2,2,0,2,0,0,0,0,0
24940,,3,1,0,1,1,0,1,0,0,0,0,0
30556,,3,1,0,1,1,0,1,0,0,0,0,0
33104,,3,2,0,2,2,0,2,0,0,0,0,0
16109,,11,0,1,1,0,1,1,9,0.199733,0.205084,0,0
16110,,15,0,3,3,0,3,3,9,0.227448,0.235096,0,0.166667
16112,,8,0,1,1,0,1,1,9,0.209156,0.214457,0,0
16113,,8,0,1,1,0,1,1,9,0.201898,0.206624,0,0
16114,,5,0,1,1,0,1,1,9,0.217772,0.224194,0,0
16115,,10,0,1,1,0,1,1,9,0.19698,0.201473,0,0
16116,,12,0,1,1,0,1,1,10,0.172726,0.175872,0,0
16118,,11,0,2,2,0,2,2,8,0.240555,0.249896,0,1
16120,,15,0,2,2,0,2,2,7,0.294711,0.309081,0,1
16122,,157,1,1,2,1,1,2,1,1,1,0,0
16123,,157,1,1,2,1,1,2,1,1,1,0,0
16124,,2,0,1,1,0,1,1,8,0.261475,0.272568,0,0
16125,,6,0,1,1,0,1,1,8,0.234493,0.242444,0,0
16127,,0,0,2,2,0,2,2,8,0.232961,0.241265,0,0
16128,,15,0,3,3,0,3,3,9,0.223194,0.230322,0,0.166667
16129,,15,1,0,1,1,0,1,0,0,0,0,0
16130,,11,1,7,8,1,7,8,8,0.253504,0.263734,18827,0.428571
18370,,11,1,1,2,1,1,2,9,0.202239,0.207232,0,0
16140,,7,0,1,1,0,1,1,9,0.200066,0.204368,0,0
16142,,158,0,1,1,0,1,1,1,1,1,0,0
16143,,158,1,0,1,1,0,1,0,0,0,0,0
16144,,9,0,1,1,0,1,1,10,0.164896,0.168023,0,0
16145,,5,0,4,4,0,4,4,9,0.246401,0.256172,0,0.5
16146,,8,0,1,1,0,1,1,9,0.198131,0.202472,0,0
16148,,159,0,1,1,0,1,1,1,1,1,0,0
16149,,159,1,0,1,1,0,1,0,0,0,0,0
16150,,2,0,1,1,0,1,1,9,0.238286,0.246733,0,0
16151,,8,0,1,1,0,1,1,8,0.231851,0.238751,0,0
16152,,5,0,1,1,0,1,1,9,0.206357,0.211863,0,0
16153,,5,0,1,1,0,1,1,9,0.206357,0.211863,0,0
16154,,11,0,1,1,0,1,1,8,0.251382,0.261452,0,0
16156,,5,0,1,1,0,1,1,9,0.206357,0.211863,0,0
16157,,6,0,2,2,0,2,2,8,0.241753,0.249883,0,1
16158,,5,0,1,1,0,1,1,9,0.206357,0.211863,0,0
16160,,5,0,1,1,0,1,1,9,0.206357,0.211863,0,0
16162,,15,2,1,3,2,1,3,9,0.222815,0.230116,37654,0
16166,,8,1,0,1,1,0,1,0,0,0,0,0
16169,,8,0,2,2,0,2,2,8,0.239526,0.247222,0,0
16170,,6,0,1,1,0,1,1,8,0.247395,0.256736,0,0
16172,,6,0,1,1,0,1,1,9,0.218454,0.225285,0,0
16173,,10,0,1,1,0,1,1,8,0.231335,0.239437,0,0
16177,,7,0,1,1,0,1,1,9,0.220501,0.227103,0,0
16178,,7,0,2,2,0,2,2,8,0.228586,0.235544,0,1
16180,,8,0,1,1,0,1,1,9,0.223196,0.229761,0,0
16182,,1,0,1,1,0,1,1,8,0.229128,0.236488,0,0
16189,,12,0,1,1,0,1,1,9,0.195014,0.200132,0,0
16190,,0,0,1,1,0,1,1,8,0.238232,0.246371,0,0
16191,,5,1,1,2,1,1,2,9,0.232685,0.240463,18827,0
16194,,7,0,1,1,0,1,1,8,0.240779,0.248938,0,0
16195,,16,0,1,1,0,1,1,9,0.214045,0.219989,0,0
16198,,15,0,1,1,0,1,1,9,0.202576,0.207455,0,0
16199,,7,0,3,3,0,3,3,8,0.240278,0.248141,0,0.5
16200,,18,0,1,1,0,1,1,9,0.21286,0.218905,0,0
16202,,11,0,1,1,0,1,1,9,0.212011,0.21781,0,0
16203,,9,0,2,2,0,2,2,9,0.210454,0.216607,0,0
16208,,11,0,1,1,0,1,1,8,0.227034,0.234934,0,0
16209,,18,0,1,1,0,1,1,9,0.21286,0.218905,0,0
16210,,7,0,1,1,0,1,1,10,0.171925,0.174876,0,0
16212,,7,0,1,1,0,1,1,9,0.246124,0.25571,0,0
16214,,10,0,1,1,0,1,1,8,0.233302,0.240064,0,0
16215,,16,0,2,2,0,2,2,9,0.220201,0.226695,0,0
16223,,8,1,0,1,1,0,1,0,0,0,0,0
16224,,8,1,0,1,1,0,1,0,0,0,0,0
16225,,8,1,0,1,1,0,1,0,0,0,0,0
16226,,8,1,0,1,1,0,1,0,0,0,0,0
16227,,8,1,0,1,1,0,1,0,0,0,0,0
18703,,8,1,0,1,1,0,1,0,0,0,0,0
16228,,11,0,1,1,0,1,1,8,0.231948,0.238988,0,0
29101,,21,1,0,1,1,0,1,0,0,0,0,0
16234,,11,1,0,1,1,0,1,0,0,0,0,0
16235,,12,0,1,1,0,1,1,9,0.217956,0.224292,0,0
16238,,121,0,1,1,0,1,1,10,0.178452,0.182062,0,0
16240,,16,0,2,2,0,2,2,11,0.160276,0.162828,0,0.5
17381,,16,1,2,3,1,2,3,10,0.19085,0.195119,9411.5,0.5
16241,,9,0,4,4,0,4,4,8,0.233995,0.2412,0,0.083333
16242,,8,1,36,37,1,36,37,8,0.294444,0.309793,390.777268,0.121622
25377,,8,1,0,1,1,0,1,0,0,0,0,0
19577,,8,1,1,2,1,1,2,8,0.263006,0.273325,0,0.5
16243,,5,0,1,1,0,1,1,9,0.232771,0.240328,0,0
16244,,6,0,1,1,0,1,1,8,0.247395,0.256736,0,0
16245,,12,0,3,3,0,3,3,9,0.218692,0.225233,0,0
16246,,0,0,1,1,0,1,1,8,0.228936,0.236648,0,0
16247,,0,0,2,2,0,2,2,8,0.233025,0.240543,0,0
16249,,6,0,1,1,0,1,1,9,0.189955,0.194065,0,0
16253,,0,0,4,4,0,4,4,8,0.255112,0.26711,0,0.166667
16254,,160,0,1,1,0,1,1,1,1,1,0,0
16255,,160,1,0,1,1,0,1,0,0,0,0,0
16257,,5,0,1,1,0,1,1,9,0.206357,0.211863,0,0
16258,,5,0,1,1,0,1,1,9,0.206357,0.211863,0,0
16259,,11,0,1,1,0,1,1,8,0.251382,0.261452,0,0
16261,,5,0,1,1,0,1,1,9,0.206357,0.211863,0,0
16262,,5,0,1,1,0,1,1,9,0.206357,0.211863,0,0
16264,,5,0,1,1,0,1,1,9,0.206357,0.211863,0,0
16266,,7,1,3,4,1,3,4,9,0.227004,0.234361,18827,0
16268,,0,0,1,1,0,1,1,9,0.21102,0.217224,0,0
16269,,21,0,1,1,0,1,1,9,0.214724,0.220911,0,0
16272,,10,0,1,1,0,1,1,8,0.233302,0.240064,0,0
16273,,11,0,1,1,0,1,1,9,0.19358,0.197675,0,0
16276,,6,0,2,2,0,2,2,9,0.203245,0.208503,0,1
16279,,1,0,1,1,0,1,1,9,0.22624,0.233068,0,0
16280,,8,0,1,1,0,1,1,10,0.190978,0.195329,0,0
16281,,7,0,4,4,0,4,4,7,0.29986,0.315034,0,0.75
16283,,9,0,3,3,0,3,3,8,0.249563,0.258732,0,0.333333
16284,,10,2,2,4,2,2,4,8,0.23898,0.247086,37656,0
25253,,10,1,0,1,1,0,1,0,0,0,0,0
16285,,11,0,1,1,0,1,1,9,0.222234,0.228625,0,0
16287,,10,0,7,7,0,7,7,9,0.195102,0.199235,0,0.333333
16951,,10,5,8,13,5,8,13,8,0.236475,0.243849,82297.073115,0.143939
16288,,8,0,1,1,0,1,1,9,0.210191,0.215595,0,0
16289,,10,0,2,2,0,2,2,8,0.237409,0.24577,0,0
19500,,16,1,1,2,1,1,2,10,0.181426,0.18549,42.466218,0
16294,,2,0,1,1,0,1,1,10,0.176789,0.180292,0,0
18844,,11,1,1,2,1,1,2,8,0.234108,0.241442,0,0.5
26193,,11,1,0,1,1,0,1,0,0,0,0,0
17669,,16,1,2,3,1,2,3,9,0.235357,0.244092,82.282576,0
16297,,10,1,3,4,1,3,4,8,0.233336,0.240172,0.4,0.5
16299,,8,0,1,1,0,1,1,10,0.186859,0.190925,0,0
16300,,8,0,1,1,0,1,1,10,0.167226,0.169765,0,0
16301,,2,0,1,1,0,1,1,9,0.219598,0.226206,0,0
16302,,11,0,1,1,0,1,1,8,0.232418,0.240737,0,0
16304,,15,0,2,2,0,2,2,9,0.219341,0.226192,0,0
32087,,15,1,0,1,1,0,1,0,0,0,0,0
16305,,11,0,1,1,0,1,1,8,0.251382,0.261452,0,0
16306,,11,0,1,1,0,1,1,8,0.244433,0.254493,0,0
16307,,15,0,1,1,0,1,1,9,0.222815,0.230116,0,0
16308,,8,0,4,4,0,4,4,8,0.246698,0.25656,0,0.083333
16309,,5,0,1,1,0,1,1,9,0.206357,0.211863,0,0
16310,,5,0,1,1,0,1,1,9,0.206357,0.211863,0,0
16311,,5,0,1,1,0,1,1,9,0.206357,0.211863,0,0
16312,,2,0,1,1,0,1,1,9,0.238286,0.246733,0,0
22506,,11,2,1,3,2,1,3,1,1,1,0,0.5
16314,,5,0,1,1,0,1,1,9,0.206357,0.211863,0,0
16316,,2,0,1,1,0,1,1,9,0.238286,0.246733,0,0
16317,,8,0,1,1,0,1,1,1,1,1,0,0
16320,,15,0,1,1,0,1,1,9,0.220178,0.227274,0,0
16322,,8,0,1,1,0,1,1,8,0.229363,0.236176,0,0
22075,,16,1,0,1,1,0,1,0,0,0,0,0
16324,,10,0,1,1,0,1,1,9,0.218596,0.22517,0,0
26610,,16,1,0,1,1,0,1,0,0,0,0,0
27967,,16,1,0,1,1,0,1,0,0,0,0,0
18585,,7,1,0,1,1,0,1,0,0,0,0,0
16331,,2,0,1,1,0,1,1,8,0.261475,0.272568,0,0
16333,,5,0,1,1,0,1,1,9,0.206357,0.211863,0,0
16335,,6,0,1,1,0,1,1,8,0.247395,0.256736,0,0
16336,,8,0,1,1,0,1,1,9,0.250609,0.260973,0,0
16338,,8,0,3,3,0,3,3,7,0.293632,0.308106,0,0
19967,,8,1,0,1,1,0,1,0,0,0,0,0
16339,,16,0,2,2,0,2,2,8,0.228569,0.236021,0,0
16340,,7,0,1,1,0,1,1,1,1,1,0,0
16342,,2,0,1,1,0,1,1,8,0.261475,0.272568,0,0
16346,,10,0,2,2,0,2,2,9,0.194105,0.197909,0,0.5
16347,,8,0,1,1,0,1,1,8,0.235978,0.24347,0,0
18577,,11,1,0,1,1,0,1,0,0,0,0,0
16350,,0,0,4,4,0,4,4,9,0.203559,0.209488,0,0.083333
22496,,16,1,6,7,1,6,7,8,0.254781,0.265571,905.507349,0.666667
16356,,2,0,1,1,0,1,1,8,0.261475,0.272568,0,0
16358,,7,1,3,4,1,3,4,8,0.243186,0.252105,4.064533,0.25
16362,,16,0,1,1,0,1,1,9,0.209788,0.215674,0,0
16364,,8,0,1,1,0,1,1,9,0.214457,0.220627,0,0
20255,,11,1,0,1,1,0,1,0,0,0,0,0
22886,,11,9,5,14,9,5,14,9,0.209868,0.215952,164946.771898,0.045455
17126,,11,1,1,2,1,1,2,9,0.20608,0.211828,0,0
16376,,8,0,1,1,0,1,1,1,1,1,0,0
16377,,7,0,1,1,0,1,1,8,0.233233,0.240201,0,0
16379,,9,0,1,1,0,1,1,9,0.203206,0.207901,0,0
16381,,16,0,1,1,0,1,1,8,0.257544,0.268689,0,0
16384,,11,0,1,1,0,1,1,9,0.211758,0.218061,0,0
16385,,10,0,1,1,0,1,1,9,0.193015,0.197058,0,0
16390,,15,0,2,2,0,2,2,9,0.212914,0.218857,0,0
24035,,15,1,0,1,1,0,1,0,0,0,0,0
29505,,0,1,0,1,1,0,1,0,0,0,0,0
16392,,7,0,1,1,0,1,1,1,1,1,0,0
16393,,16,0,1,1,0,1,1,8,0.235753,0.244207,0,0
16397,,16,2,3,5,2,3,5,1,1,1,6,0
16398,,16,1,0,1,1,0,1,0,0,0,0,0
19293,,16,1,0,1,1,0,1,0,0,0,0,0
21209,,12,1,0,1,1,0,1,0,0,0,0,0
23650,,12,1,1,2,1,1,2,8,0.240659,0.249161,444.129355,0
16401,,15,1,1,2,1,1,2,9,0.207287,0.212647,87.709148,0
25979,,6,1,0,1,1,0,1,0,0,0,0,0
19587,,6,3,3,6,3,3,6,8,0.249104,0.258193,18831,0.366667
16407,,11,0,2,2,0,2,2,8,0.239529,0.247473,0,1
16411,,8,0,1,1,0,1,1,8,0.262756,0.273466,0,0
16412,,7,0,2,2,0,2,2,7,0.293901,0.30838,0,0.5
16414,,12,0,5,5,0,5,5,9,0.217853,0.224097,0,0
23492,,12,1,0,1,1,0,1,0,0,0,0,0
27645,,12,1,0,1,1,0,1,0,0,0,0,0
16415,,11,0,1,1,0,1,1,9,0.193056,0.197937,0,0
16416,,8,0,1,1,0,1,1,1,1,1,0,0
16419,,8,0,1,1,0,1,1,8,0.262756,0.273466,0,0
16421,,16,1,0,1,1,0,1,0,0,0,0,0
24736,,8,1,0,1,1,0,1,0,0,0,0,0
28325,,8,1,0,1,1,0,1,0,0,0,0,0
16424,,0,0,1,1,0,1,1,8,0.228936,0.236648,0,0
16427,,9,0,5,5,0,5,5,8,0.24425,0.253852,0,0.4
17073,,7,1,0,1,1,0,1,0,0,0,0,0
30811,,7,1,1,2,1,1,2,9,0.206879,0.212473,0,0
24685,,12,1,1,2,1,1,2,1,1,1,25976,0
16432,,11,0,1,1,0,1,1,10,0.185066,0.189089,0,0
16433,,7,0,1,1,0,1,1,7,0.293553,0.307954,0,0
16713,,9,1,1,2,1,1,2,11,0.151418,0.153552,25974,0.5
18032,,9,1,0,1,1,0,1,0,0,0,0,0
16436,,7,0,3,3,0,3,3,9,0.230232,0.238011,0,0.5
16437,,8,0,1,1,0,1,1,9,0.21093,0.216501,0,0
16438,,10,0,1,1,0,1,1,8,0.233302,0.240064,0,0
16443,,8,0,1,1,0,1,1,8,0.262756,0.273466,0,0
16444,,9,0,1,1,0,1,1,1,1,1,0,0
16445,,9,3,0,3,3,0,3,0,0,0,0,0
16446,,1,0,2,2,0,2,2,8,0.232889,0.240134,0,0
16447,,11,0,1,1,0,1,1,8,0.251382,0.261452,0,0
16448,,11,0,1,1,0,1,1,8,0.251382,0.261452,0,0
16450,,15,0,2,2,0,2,2,9,0.189473,0.194235,0,0.5
16451,,12,0,2,2,0,2,2,9,0.213829,0.219976,0,0
16453,,8,0,6,6,0,6,6,8,0.254601,0.264282,0,0.166667
16454,,7,0,1,1,0,1,1,9,0.200066,0.204368,0,0
16456,,161,0,1,1,0,1,1,1,1,1,0,0
16457,,161,1,0,1,1,0,1,0,0,0,0,0
22967,,7,1,0,1,1,0,1,0,0,0,0,0
16462,,9,0,2,2,0,2,2,10,0.186294,0.190379,0,0
16463,,9,1,0,1,1,0,1,0,0,0,0,0
16465,,11,0,1,1,0,1,1,9,0.216656,0.222492,0,0
24732,,11,1,0,1,1,0,1,0,0,0,0,0
30554,,11,1,0,1,1,0,1,0,0,0,0,0
16468,,11,0,1,1,0,1,1,8,0.239554,0.247876,0,0
16469,,11,0,2,2,0,2,2,9,0.23557,0.244397,0,0
16471,,15,0,1,1,0,1,1,9,0.220297,0.227161,0,0
16472,,11,0,1,1,0,1,1,8,0.251382,0.261452,0,0
16475,,24,0,1,1,0,1,1,9,0.231745,0.239907,0,0
28545,,11,1,1,2,1,1,2,8,0.247795,0.258463,156.310705,0
16477,,5,1,3,4,1,3,4,9,0.238106,0.246429,5.279235,0.5
16622,,5,1,4,5,1,4,5,8,0.255399,0.265511,721.509253,0.25
16478,,11,0,2,2,0,2,2,9,0.221928,0.229041,0,1
16479,,8,0,1,1,0,1,1,9,0.195862,0.200216,0,0
16481,,10,0,2,2,0,2,2,8,0.227467,0.23495,0,0.5
16483,,2,0,1,1,0,1,1,8,0.261475,0.272568,0,0
24251,,7,1,0,1,1,0,1,0,0,0,0,0
22970,,7,2,6,8,2,6,8,8,0.262442,0.273625,38.856088,0.285714
24643,,7,1,0,1,1,0,1,0,0,0,0,0
25774,,7,1,0,1,1,0,1,0,0,0,0,0
16486,,16,0,1,1,0,1,1,11,0.150028,0.152161,0,0
16494,,16,0,1,1,0,1,1,8,0.257544,0.268689,0,0
16495,,13,0,1,1,0,1,1,9,0.190876,0.195054,0,0
16496,,13,1,4,5,1,4,5,8,0.235892,0.244013,18827,0.15
16499,,5,0,1,1,0,1,1,10,0.177826,0.181077,0,0
16501,,5,0,1,1,0,1,1,8,0.236001,0.244609,0,0
16504,,15,0,2,2,0,2,2,2,0.75,0.833333,0,0
16505,,15,1,0,1,1,0,1,0,0,0,0,0
16507,,285,0,1,1,0,1,1,3,0.470588,0.520833,0,0
21536,,285,1,1,2,1,1,2,3,0.466667,0.52381,0,0
21552,,285,1,0,1,1,0,1,0,0,0,0,0
17269,,285,1,3,4,1,3,4,2,0.636364,0.714286,51968,0.333333
26826,,285,1,1,2,1,1,2,3,0.466667,0.52381,0,0
32664,,285,1,0,1,1,0,1,0,0,0,0,0
16509,,8,0,3,3,0,3,3,8,0.268761,0.280525,0,0.5
16511,,2,0,1,1,0,1,1,8,0.261475,0.272568,0,0
16513,,11,0,1,1,0,1,1,8,0.236535,0.24595,0,0
16515,,2,0,1,1,0,1,1,8,0.261475,0.272568,0,0
16517,,24,0,1,1,0,1,1,8,0.22375,0.230857,0,0
21608,,8,1,1,2,1,1,2,9,0.250619,0.260979,307.05911,0
16521,,24,0,1,1,0,1,1,9,0.20779,0.213223,0,0
16522,,16,0,1,1,0,1,1,9,0.211309,0.216875,0,0
16523,,15,0,1,1,0,1,1,10,0.179156,0.182314,0,0
16524,,11,0,1,1,0,1,1,9,0.216318,0.222799,0,0
16525,,10,0,1,1,0,1,1,9,0.204175,0.209329,0,0
16526,,3,0,14,14,0,14,14,8,0.27189,0.284744,0,0.368132
35477,,7,1,0,1,1,0,1,0,0,0,0,0
16532,,11,0,1,1,0,1,1,9,0.194979,0.199216,0,0
16536,,11,0,1,1,0,1,1,11,0.151293,0.153664,0,0
16537,,10,0,1,1,0,1,1,8,0.236767,0.24412,0,0
16538,,16,0,3,3,0,3,3,8,0.248965,0.258235,0,0
16539,,11,0,1,1,0,1,1,8,0.221512,0.22797,0,0
16540,,16,0,1,1,0,1,1,9,0.186402,0.190307,0,0
16541,,9,0,1,1,0,1,1,11,0.1443,0.146104,0,0
16542,,9,1,1,2,1,1,2,10,0.168625,0.171488,18827,0
16544,,16,1,1,2,1,1,2,2,0.545455,0.583333,0,0
16564,,16,1,0,1,1,0,1,0,0,0,0,0
16582,,16,1,0,1,1,0,1,0,0,0,0,0
16547,,16,1,1,2,1,1,2,2,0.545455,0.583333,0,0
16583,,16,1,0,1,1,0,1,0,0,0,0,0
16584,,16,1,0,1,1,0,1,0,0,0,0,0
16557,,16,0,1,1,0,1,1,9,0.220643,0.227509,0,0
22576,,0,1,2,3,1,2,3,9,0.187318,0.191516,2272.560841,0
16560,,15,0,1,1,0,1,1,9,0.210572,0.216011,0,0
16563,,11,0,3,3,0,3,3,8,0.239572,0.248215,0,0
32014,,11,1,0,1,1,0,1,0,0,0,0,0
16569,,162,0,1,1,0,1,1,1,1,1,0,0
16570,,162,1,0,1,1,0,1,0,0,0,0,0
16571,,10,0,1,1,0,1,1,10,0.187935,0.19206,0,0
16572,,8,0,1,1,0,1,1,9,0.187759,0.191968,0,0
16573,,11,0,1,1,0,1,1,8,0.236167,0.244733,0,0
16574,,21,0,1,1,0,1,1,9,0.221969,0.229196,0,0
16575,,12,0,1,1,0,1,1,9,0.213606,0.219549,0,0
16577,,10,0,1,1,0,1,1,9,0.229752,0.236924,0,0
16586,,15,0,1,1,0,1,1,9,0.214648,0.220517,0,0
16587,,12,0,1,1,0,1,1,9,0.208155,0.213697,0,0
16588,,7,0,3,3,0,3,3,9,0.226332,0.233499,0,0.333333
17008,,11,1,0,1,1,0,1,0,0,0,0,0
16595,,6,1,1,2,1,1,2,8,0.247395,0.256736,18827,0
16596,,16,0,1,1,0,1,1,8,0.236961,0.24442,0,0
16601,,8,0,1,1,0,1,1,9,0.225166,0.232311,0,0
16603,,7,0,1,1,0,1,1,9,0.246124,0.25571,0,0
16604,,8,0,1,1,0,1,1,1,1,1,0,0
16609,,9,0,2,2,0,2,2,9,0.22832,0.235711,0,0.5
16611,,0,0,1,1,0,1,1,9,0.19166,0.19573,0,0
16613,,7,0,1,1,0,1,1,9,0.199312,0.203988,0,0
16614,,12,0,1,1,0,1,1,11,0.147301,0.149269,0,0
16615,,10,0,1,1,0,1,1,8,0.239167,0.246988,0,0
16616,,8,0,3,3,0,3,3,8,0.267,0.278331,0,0.5
16618,,7,0,6,6,0,6,6,8,0.285695,0.299916,0,0.566667
16621,,10,0,5,5,0,5,5,8,0.250549,0.259951,0,0.45
31241,,10,2,0,2,2,0,2,0,0,0,0,0
16626,,15,0,7,7,0,7,7,8,0.24208,0.250188,0,0
16627,,15,1,0,1,1,0,1,0,0,0,0,0
16630,,7,0,2,2,0,2,2,8,0.26276,0.273493,0,0.5
16914,,8,1,1,2,1,1,2,9,0.226901,0.234643,187.526881,0
16633,,7,0,2,2,0,2,2,8,0.236618,0.244224,0,0
19893,,8,1,2,3,1,2,3,8,0.248331,0.258258,3743.474381,0
16635,,7,0,1,1,0,1,1,8,0.234569,0.242416,0,0
16639,,21,0,1,1,0,1,1,1,1,1,0,0
16642,,16,0,1,1,0,1,1,1,1,1,0,0
16643,,5,0,1,1,0,1,1,8,0.236001,0.244609,0,0
16644,,11,0,1,1,0,1,1,9,0.187821,0.191829,0,0
16645,,10,0,1,1,0,1,1,9,0.221716,0.228438,0,0
16646,,5,0,1,1,0,1,1,9,0.220459,0.227318,0,0
16648,,9,1,2,3,1,2,3,10,0.164661,0.167585,0,0.5
16661,,9,1,2,3,1,2,3,10,0.16474,0.167777,17.061896,0.5
23253,,9,1,3,4,1,3,4,10,0.164664,0.16762,57.548724,0
22755,,9,1,3,4,1,3,4,9,0.185538,0.189973,26.547593,0.25
16650,,11,0,1,1,0,1,1,8,0.251382,0.261452,0,0
16651,,0,0,1,1,0,1,1,9,0.218852,0.224864,0,0
16652,,16,0,1,1,0,1,1,9,0.188027,0.192185,0,0
16656,,2,0,2,2,0,2,2,8,0.26409,0.274598,0,0
16658,,8,0,2,2,0,2,2,9,0.227173,0.23458,0,0
16659,,8,0,1,1,0,1,1,9,0.219675,0.226242,0,0
16660,,24,0,4,4,0,4,4,8,0.263621,0.275312,0,0.25
16662,,15,0,1,1,0,1,1,10,0.180531,0.184248,0,0
16666,,0,0,1,1,0,1,1,9,0.199217,0.203911,0,0
16669,,8,0,1,1,0,1,1,9,0.224094,0.230626,0,0
16671,,11,0,1,1,0,1,1,9,0.22198,0.22912,0,0
16675,,24,0,1,1,0,1,1,9,0.21389,0.220139,0,0
16676,,8,0,3,3,0,3,3,8,0.263927,0.274849,0,0
16677,,8,1,0,1,1,0,1,0,0,0,0,0
28635,,11,1,2,3,1,2,3,8,0.252146,0.262307,0,0.833333
16680,,8,0,1,1,0,1,1,9,0.209226,0.214674,0,0
16682,,15,0,3,3,0,3,3,8,0.23628,0.244293,0,0.166667
16684,,10,0,1,1,0,1,1,8,0.233302,0.240064,0,0
16687,,8,0,1,1,0,1,1,9,0.226946,0.234172,0,0
16690,,10,0,1,1,0,1,1,9,0.225849,0.233205,0,0
16691,,5,0,2,2,0,2,2,9,0.238537,0.246734,0,1
16692,,24,0,1,1,0,1,1,9,0.231745,0.239907,0,0
16694,,11,0,1,1,0,1,1,8,0.251382,0.261452,0,0
16695,,2,0,3,3,0,3,3,8,0.263436,0.275102,0,0.833333
16696,,11,0,1,1,0,1,1,8,0.251382,0.261452,0,0
16697,,11,0,1,1,0,1,1,8,0.232829,0.239934,0,0
16698,,7,0,1,1,0,1,1,8,0.240036,0.247689,0,0
34627,,10,1,0,1,1,0,1,0,0,0,0,0
35343,,1,1,0,1,1,0,1,0,0,0,0,0
23666,,10,1,1,2,1,1,2,8,0.233637,0.242001,365.981979,0
16702,,8,0,1,1,0,1,1,8,0.262756,0.273466,0,0
16703,,5,0,1,1,0,1,1,9,0.206357,0.211863,0,0
16704,,1,0,1,1,0,1,1,8,0.232117,0.239041,0,0
16705,,5,0,2,2,0,2,2,9,0.216786,0.223245,0,0
16706,,5,0,1,1,0,1,1,9,0.206357,0.211863,0,0
16707,,5,0,1,1,0,1,1,9,0.206357,0.211863,0,0
16708,,11,0,1,1,0,1,1,9,0.218439,0.22522,0,0
16709,,1,0,3,3,0,3,3,8,0.23232,0.239807,0,0
31295,,1,3,0,3,3,0,3,0,0,0,0,0
16712,,11,0,1,1,0,1,1,8,0.244275,0.253708,0,0
16883,,9,1,1,2,1,1,2,10,0.178434,0.181933,18825,0.5
16717,,5,0,1,1,0,1,1,8,0.251664,0.260845,0,0
16719,,5,0,1,1,0,1,1,9,0.206357,0.211863,0,0
16720,,5,0,2,2,0,2,2,9,0.236743,0.245051,0,0.5
16721,,8,0,2,2,0,2,2,8,0.23722,0.245805,0,1
16723,,8,0,1,1,0,1,1,8,0.262756,0.273466,0,0
16724,,15,0,1,1,0,1,1,9,0.220297,0.227161,0,0
16728,,16,0,1,1,0,1,1,9,0.208088,0.213254,0,0
16731,,2,0,1,1,0,1,1,8,0.261475,0.272568,0,0
29188,,24,1,0,1,1,0,1,0,0,0,0,0
16735,,16,0,2,2,0,2,2,8,0.236425,0.244432,0,1
16736,,0,0,1,1,0,1,1,9,0.197236,0.20195,0,0
16737,,11,0,1,1,0,1,1,8,0.23674,0.244313,0,0
16738,,8,0,1,1,0,1,1,8,0.2336,0.240852,0,0
16740,,10,0,1,1,0,1,1,8,0.233638,0.242002,0,0
16741,,15,0,1,1,0,1,1,8,0.232907,0.239721,0,0
16743,,12,0,1,1,0,1,1,8,0.236841,0.24458,0,0
16744,,16,0,3,3,0,3,3,8,0.236247,0.245014,0,0.333333
16748,,8,1,6,7,1,6,7,8,0.276599,0.289919,431.554082,0.357143
16749,,5,0,2,2,0,2,2,8,0.218634,0.225029,0,0
16750,,163,0,1,1,0,1,1,1,1,1,0,0
16751,,163,1,0,1,1,0,1,0,0,0,0,0
16755,,12,0,1,1,0,1,1,9,0.213606,0.219549,0,0
16756,,15,0,1,1,0,1,1,10,0.179156,0.182314,0,0
16758,,8,0,1,1,0,1,1,8,0.262756,0.273466,0,0
16759,,164,0,1,1,0,1,1,1,1,1,0,0
16760,,164,1,0,1,1,0,1,0,0,0,0,0
16761,,8,0,3,3,0,3,3,8,0.255344,0.265567,0,1
16762,,10,0,1,1,0,1,1,10,0.195695,0.200332,0,0
16763,,459,2,1,3,2,1,3,1,1,1,3,0
16764,,459,1,0,1,1,0,1,0,0,0,0,0
16765,,11,0,1,1,0,1,1,8,0.251382,0.261452,0,0
16766,,11,0,1,1,0,1,1,9,0.212123,0.218423,0,0
16767,,10,0,2,2,0,2,2,9,0.235729,0.243691,0,0
16770,,11,0,1,1,0,1,1,8,0.251382,0.261452,0,0
16772,,2,0,5,5,0,5,5,8,0.264265,0.275351,0,0.25
16774,,11,0,1,1,0,1,1,8,0.251382,0.261452,0,0
16776,,5,0,1,1,0,1,1,9,0.197794,0.202523,0,0
25836,,10,1,1,2,1,1,2,9,0.22717,0.235194,3062.398129,0
16783,,7,0,1,1,0,1,1,9,0.226164,0.233246,0,0
16785,,8,0,3,3,0,3,3,8,0.235238,0.242611,0,0.5
25356,,5,1,2,3,1,2,3,9,0.210102,0.215931,32.328923,0
16788,,16,0,2,2,0,2,2,8,0.231273,0.239121,0,0.5
16790,,15,0,1,1,0,1,1,9,0.21553,0.22114,0,0
16791,,12,0,1,1,0,1,1,9,0.217956,0.224292,0,0
16794,,8,0,2,2,0,2,2,8,0.242945,0.251275,0,0
16796,,7,0,1,1,0,1,1,9,0.220384,0.227251,0,0
16799,,21,0,1,1,0,1,1,1,1,1,0,0
16801,,9,0,1,1,0,1,1,9,0.185524,0.189879,0,0
16802,,8,0,1,1,0,1,1,9,0.226946,0.234172,0,0
16803,,18,0,1,1,0,1,1,9,0.21286,0.218905,0,0
16804,,11,0,1,1,0,1,1,8,0.232829,0.239934,0,0
16805,,8,0,1,1,0,1,1,9,0.207284,0.212645,0,0
16807,,8,0,1,1,0,1,1,8,0.262756,0.273466,0,0
16808,,11,0,1,1,0,1,1,8,0.236167,0.244733,0,0
16811,,12,0,1,1,0,1,1,9,0.213606,0.219549,0,0
18848,,11,1,0,1,1,0,1,0,0,0,0,0
23950,,11,1,0,1,1,0,1,0,0,0,0,0
16817,,10,0,1,1,0,1,1,9,0.211911,0.217841,0,0
16818,,16,0,1,1,0,1,1,9,0.203992,0.208642,0,0
16821,,7,0,1,1,0,1,1,7,0.293553,0.307954,0,0
16823,,6,0,1,1,0,1,1,9,0.180132,0.183494,0,0
16826,,16,0,1,1,0,1,1,8,0.235753,0.244207,0,0
16827,,21,0,4,4,0,4,4,8,0.246691,0.25628,0,0.083333
16829,,19,0,3,3,0,3,3,9,0.191862,0.196323,0,0
16833,,10,0,3,3,0,3,3,8,0.239065,0.247475,0,0
16834,,8,0,1,1,0,1,1,8,0.253959,0.263295,0,0
16835,,16,0,1,1,0,1,1,9,0.227396,0.235291,0,0
16837,,11,0,1,1,0,1,1,9,0.222226,0.228905,0,0
16840,,165,0,1,1,0,1,1,1,1,1,0,0
16841,,165,1,0,1,1,0,1,0,0,0,0,0
16842,,18,0,1,1,0,1,1,9,0.21286,0.218905,0,0
23285,,9,11,7,18,11,7,18,9,0.218138,0.225067,253586.53204,0.040441
16848,,8,0,1,1,0,1,1,9,0.196072,0.200677,0,0
16849,,10,0,1,1,0,1,1,9,0.232941,0.240927,0,0
16850,,8,0,1,1,0,1,1,8,0.242744,0.250975,0,0
16851,,11,0,2,2,0,2,2,9,0.226305,0.23432,0,0
16852,,8,0,1,1,0,1,1,8,0.236815,0.244762,0,0
16853,,16,0,1,1,0,1,1,8,0.238712,0.2466,0,0
16854,,11,0,1,1,0,1,1,8,0.251382,0.261452,0,0
16856,,10,0,2,2,0,2,2,9,0.211613,0.217357,0,0
16857,,2,0,2,2,0,2,2,9,0.217643,0.223907,0,0
23102,,8,1,0,1,1,0,1,0,0,0,0,0
16859,,7,0,1,1,0,1,1,9,0.207609,0.212853,0,0
16860,,8,0,5,5,0,5,5,8,0.253624,0.263563,0,0.6
19907,,11,1,1,2,1,1,2,8,0.251379,0.261448,0,1
16862,,8,0,1,1,0,1,1,9,0.231387,0.239068,0,0
16863,,11,0,1,1,0,1,1,8,0.234514,0.24306,0,0
16865,,8,0,1,1,0,1,1,9,0.224027,0.230383,0,0
16867,,0,0,1,1,0,1,1,2,0.666667,0.75,0,0
16869,,18,0,1,1,0,1,1,9,0.183805,0.188435,0,0
16870,,10,0,2,2,0,2,2,9,0.22573,0.233571,0,0
16872,,11,0,1,1,0,1,1,8,0.236167,0.244733,0,0
16876,,11,0,1,1,0,1,1,8,0.240389,0.248209,0,0
16878,,11,0,1,1,0,1,1,9,0.238773,0.247361,0,0
16879,,11,0,4,4,0,4,4,9,0.221419,0.228927,0,0.416667
16882,,11,0,1,1,0,1,1,9,0.221572,0.228332,0,0
16884,,5,0,1,1,0,1,1,9,0.206357,0.211863,0,0
16885,,5,0,1,1,0,1,1,9,0.206357,0.211863,0,0
16886,,0,0,1,1,0,1,1,9,0.186297,0.190341,0,0
16887,,5,0,1,1,0,1,1,9,0.206357,0.211863,0,0
16888,,11,0,1,1,0,1,1,8,0.232249,0.239663,0,0
16889,,7,0,1,1,0,1,1,9,0.200066,0.204368,0,0
16890,,6,0,1,1,0,1,1,9,0.198315,0.203192,0,0
16891,,11,0,1,1,0,1,1,9,0.203489,0.208664,0,0
16895,,7,0,1,1,0,1,1,9,0.200066,0.204368,0,0
16896,,8,0,1,1,0,1,1,9,0.191475,0.195574,0,0
16897,,11,0,1,1,0,1,1,8,0.236167,0.244733,0,0
16898,,8,0,1,1,0,1,1,9,0.211608,0.217302,0,0
16902,,15,0,3,3,0,3,3,8,0.23008,0.237408,0,0.666667
16903,,8,0,1,1,0,1,1,9,0.209259,0.214889,0,0
16904,,7,0,1,1,0,1,1,8,0.234569,0.242416,0,0
16906,,0,0,1,1,0,1,1,8,0.225592,0.232946,0,0
16910,,0,0,1,1,0,1,1,8,0.225592,0.232946,0,0
16911,,0,0,1,1,0,1,1,8,0.225592,0.232946,0,0
16912,,166,0,1,1,0,1,1,1,1,1,0,0
16913,,166,1,0,1,1,0,1,0,0,0,0,0
16915,,5,0,1,1,0,1,1,9,0.206357,0.211863,0,0
16917,,8,0,1,1,0,1,1,8,0.247064,0.255642,0,0
19845,,9,4,0,4,4,0,4,0,0,0,0,0.166667
16921,,6,0,1,1,0,1,1,8,0.234493,0.242444,0,0
16923,,69,0,1,1,0,1,1,2,0.571429,0.625,0,0
30118,,7,3,1,4,3,1,4,8,0.247782,0.256719,19744.969914,0
16926,,2,0,1,1,0,1,1,9,0.226463,0.234215,0,0
16927,,10,0,1,1,0,1,1,9,0.19303,0.197219,0,0
16928,,10,1,2,3,1,2,3,8,0.239191,0.247344,18827,0.333333
16929,,7,0,1,1,0,1,1,10,0.184656,0.188771,0,0
16931,,16,0,1,1,0,1,1,9,0.214128,0.220297,0,0
16932,,5,0,1,1,0,1,1,9,0.22138,0.227546,0,0
16935,,167,0,1,1,0,1,1,1,1,1,0,0
16936,,167,1,0,1,1,0,1,0,0,0,0,0
16937,,11,0,1,1,0,1,1,9,0.217271,0.223468,0,0
16938,,15,0,1,1,0,1,1,9,0.201062,0.205746,0,0
16939,,11,0,1,1,0,1,1,8,0.251382,0.261452,0,0
16940,,8,0,1,1,0,1,1,8,0.248761,0.257751,0,0
16945,,16,0,1,1,0,1,1,9,0.210713,0.216558,0,0
16949,,8,0,1,1,0,1,1,9,0.224027,0.230383,0,0
16950,,7,0,1,1,0,1,1,9,0.200066,0.204368,0,0
26647,,10,1,4,5,1,4,5,8,0.245255,0.253113,26376.523562,0.25
16952,,13,0,13,13,0,13,13,8,0.258825,0.269524,0,0.019231
29572,,13,2,0,2,2,0,2,0,0,0,0,0
17885,,16,1,2,3,1,2,3,9,0.192574,0.196603,0,1
27222,,16,4,4,8,4,4,8,8,0.238494,0.246266,112998.667077,0.1
16954,,10,0,1,1,0,1,1,8,0.233302,0.240064,0,0
16955,,15,2,3,5,2,3,5,9,0.188921,0.193002,349.594541,0
16962,,13,0,1,1,0,1,1,9,0.195066,0.199384,0,0
16964,,12,0,1,1,0,1,1,9,0.213606,0.219549,0,0
16966,,11,0,1,1,0,1,1,8,0.222226,0.228739,0,0
29894,,11,1,1,2,1,1,2,10,0.184134,0.188062,0,1
16969,,15,0,5,5,0,5,5,9,0.24081,0.250502,0,0.5
16975,,7,0,5,5,0,5,5,8,0.268447,0.280465,0,0.25
16976,,6,0,2,2,0,2,2,8,0.234496,0.24196,0,1
16977,,8,0,1,1,0,1,1,8,0.262756,0.273466,0,0
16978,,11,0,2,2,0,2,2,8,0.239529,0.247473,0,1
16979,,16,0,1,1,0,1,1,9,0.20187,0.207074,0,0
16981,,11,0,1,1,0,1,1,8,0.227034,0.234934,0,0
16984,,16,0,1,1,0,1,1,9,0.223048,0.230398,0,0
16985,,12,0,4,4,0,4,4,8,0.241072,0.24953,0,0.5
16987,,10,0,1,1,0,1,1,9,0.201563,0.206344,0,0
28029,,7,1,1,2,1,1,2,9,0.211037,0.216616,0,0
29151,,10,1,1,2,1,1,2,9,0.186271,0.190277,0,0
30835,,8,1,0,1,1,0,1,0,0,0,0,0
24995,,7,1,7,8,1,7,8,8,0.260958,0.272021,24.011362,0.321429
16992,,7,0,1,1,0,1,1,9,0.193032,0.196903,0,0
16994,,8,0,1,1,0,1,1,8,0.262756,0.273466,0,0
16995,,18,0,1,1,0,1,1,10,0.175507,0.178836,0,0
16996,,6,0,1,1,0,1,1,9,0.198315,0.203192,0,0
33392,,11,2,0,2,2,0,2,0,0,0,0,0
17005,,5,0,2,2,0,2,2,8,0.251389,0.261148,0,0
17007,,11,0,2,2,0,2,2,9,0.192767,0.196909,0,1
17010,,11,0,1,1,0,1,1,9,0.224977,0.23191,0,0
23937,,7,1,0,1,1,0,1,0,0,0,0,0
17014,,15,0,2,2,0,2,2,8,0.242779,0.250936,0,0
17015,,5,0,1,1,0,1,1,8,0.227308,0.234453,0,0
17016,,10,0,3,3,0,3,3,8,0.233346,0.240191,0,0.166667
17243,,10,1,0,1,1,0,1,0,0,0,0,0
17018,,16,0,1,1,0,1,1,8,0.257544,0.268689,0,0
17023,,7,0,1,1,0,1,1,8,0.23992,0.247233,0,0
17025,,8,0,1,1,0,1,1,9,0.210829,0.216341,0,0
17026,,0,0,1,1,0,1,1,9,0.195351,0.199935,0,0
17029,,16,0,2,2,0,2,2,10,0.173423,0.176719,0,0
18340,,16,1,0,1,1,0,1,0,0,0,0,0
25813,,5,2,2,4,2,2,4,8,0.251695,0.260912,35398.486413,0.166667
17036,,7,0,1,1,0,1,1,8,0.248387,0.257168,0,0
33374,,8,2,0,2,2,0,2,0,0,0,0,0
17039,,8,0,1,1,0,1,1,9,0.224765,0.231975,0,0
17040,,18,0,1,1,0,1,1,9,0.21286,0.218905,0,0
17041,,15,0,1,1,0,1,1,9,0.220297,0.227161,0,0
17042,,7,0,1,1,0,1,1,8,0.251523,0.26155,0,0
17043,,11,0,1,1,0,1,1,8,0.236167,0.244733,0,0
17044,,11,0,1,1,0,1,1,9,0.215775,0.22222,0,0
17045,,8,0,4,4,0,4,4,8,0.244522,0.252765,0,0.333333
17046,,11,0,1,1,0,1,1,9,0.199733,0.205084,0,0
17047,,11,0,1,1,0,1,1,9,0.215775,0.22222,0,0
17050,,5,0,1,1,0,1,1,9,0.217507,0.223845,0,0
17054,,8,0,1,1,0,1,1,9,0.220516,0.227424,0,0
17055,,7,0,3,3,0,3,3,9,0.2348,0.242918,0,0.333333
17057,,12,0,1,1,0,1,1,9,0.190495,0.194507,0,0
17058,,7,0,1,1,0,1,1,9,0.200066,0.204368,0,0
17060,,8,0,3,3,0,3,3,8,0.263861,0.274814,0,0.333333
17061,,2,0,1,1,0,1,1,8,0.261475,0.272568,0,0
17062,,11,0,1,1,0,1,1,9,0.220377,0.226523,0,0
17064,,15,0,2,2,0,2,2,9,0.212319,0.218375,0,0
17066,,8,0,1,1,0,1,1,9,0.210829,0.216341,0,0
17069,,8,0,1,1,0,1,1,9,0.209903,0.215811,0,0
17070,,8,0,1,1,0,1,1,9,0.209259,0.214889,0,0
17072,,11,0,1,1,0,1,1,8,0.251382,0.261452,0,0
17075,,16,0,1,1,0,1,1,9,0.226185,0.233312,0,0
17076,,8,0,1,1,0,1,1,8,0.229363,0.236176,0,0
17077,,7,0,1,1,0,1,1,9,0.232863,0.240485,0,0
17079,,7,0,1,1,0,1,1,9,0.221081,0.227768,0,0
17082,,0,0,1,1,0,1,1,9,0.186297,0.190341,0,0
17084,,11,0,1,1,0,1,1,9,0.210242,0.21576,0,0
17085,,7,0,1,1,0,1,1,8,0.23758,0.245223,0,0
17086,,5,0,1,1,0,1,1,9,0.206357,0.211863,0,0
17087,,5,0,1,1,0,1,1,9,0.206357,0.211863,0,0
29300,,11,3,4,7,3,4,7,8,0.262076,0.273346,29195.88788,0.3
30112,,11,1,0,1,1,0,1,0,0,0,0,0
30703,,11,1,1,2,1,1,2,9,0.221454,0.227949,0,0
30502,,11,1,4,5,1,4,5,8,0.262076,0.273346,53.240597,0.416667
17089,,5,0,1,1,0,1,1,9,0.206357,0.211863,0,0
17090,,5,0,1,1,0,1,1,9,0.206357,0.211863,0,0
17091,,168,0,1,1,0,1,1,1,1,1,0,0
17092,,168,1,0,1,1,0,1,0,0,0,0,0
17093,,5,0,2,2,0,2,2,9,0.221411,0.228172,0,0.5
17094,,16,0,1,1,0,1,1,8,0.238712,0.2466,0,0
17095,,7,0,1,1,0,1,1,8,0.248325,0.257194,0,0
17096,,7,0,13,13,0,13,13,8,0.295692,0.310632,0,0.410256
17101,,16,0,3,3,0,3,3,9,0.20818,0.214049,0,0.333333
17102,,7,0,1,1,0,1,1,9,0.246124,0.25571,0,0
17105,,7,0,2,2,0,2,2,8,0.251533,0.26159,0,0
17106,,7,0,1,1,0,1,1,8,0.233233,0.240201,0,0
17107,,8,0,4,4,0,4,4,8,0.253798,0.263638,0,0.166667
19245,,8,1,0,1,1,0,1,0,0,0,0,0
17108,,11,0,1,1,0,1,1,9,0.225635,0.232826,0,0
17110,,7,0,1,1,0,1,1,8,0.270888,0.28334,0,0
17113,,1,0,1,1,0,1,1,9,0.234953,0.24388,0,0
17116,,7,0,2,2,0,2,2,7,0.297176,0.311976,0,1
17120,,11,0,1,1,0,1,1,9,0.225957,0.2335,0,0
17122,,16,0,1,1,0,1,1,9,0.234736,0.243231,0,0
17123,,21,0,1,1,0,1,1,2,0.6,0.666667,0,0
17127,,11,0,1,1,0,1,1,9,0.2263,0.234284,0,0
17128,,7,0,1,1,0,1,1,9,0.226164,0.233246,0,0
17129,,8,0,2,2,0,2,2,8,0.24839,0.257194,0,0.5
17130,,0,1,1,2,1,1,2,9,0.192927,0.197242,18825,0.5
17136,,18,0,1,1,0,1,1,9,0.21286,0.218905,0,0
17139,,6,0,1,1,0,1,1,8,0.25615,0.266929,0,0
17140,,15,0,1,1,0,1,1,9,0.206055,0.211476,0,0
17141,,11,0,1,1,0,1,1,1,1,1,0,0
17144,,5,0,1,1,0,1,1,8,0.248302,0.257867,0,0
23038,,15,1,0,1,1,0,1,0,0,0,0,0
17146,,11,0,1,1,0,1,1,8,0.251382,0.261452,0,0
17148,,7,0,3,3,0,3,3,9,0.235936,0.24352,0,0
17150,,21,0,1,1,0,1,1,1,1,1,0,0
17152,,11,0,1,1,0,1,1,9,0.216318,0.222799,0,0
17154,,1,0,2,2,0,2,2,9,0.222839,0.23019,0,1
17158,,7,0,1,1,0,1,1,9,0.200066,0.204368,0,0
17161,,24,0,1,1,0,1,1,9,0.218761,0.22523,0,0
29192,,21,1,0,1,1,0,1,0,0,0,0,0
29330,,21,1,0,1,1,0,1,0,0,0,0,0
32363,,21,1,0,1,1,0,1,0,0,0,0,0
32073,,21,1,2,3,1,2,3,8,0.240819,0.249009,0,1
34758,,21,1,0,1,1,0,1,0,0,0,0,0
35436,,21,1,0,1,1,0,1,0,0,0,0,0
21586,,15,2,1,3,2,1,3,10,0.158061,0.160596,44798,0
17168,,16,0,2,2,0,2,2,8,0.269956,0.282414,0,1
17169,,8,0,3,3,0,3,3,7,0.260675,0.270829,0,0.166667
17170,,7,0,1,1,0,1,1,8,0.272188,0.283721,0,0
17171,,8,0,1,1,0,1,1,8,0.255022,0.264509,0,0
17172,,8,0,1,1,0,1,1,8,0.235818,0.243199,0,0
17174,,12,0,1,1,0,1,1,9,0.213606,0.219549,0,0
17176,,6,0,1,1,0,1,1,8,0.234493,0.242444,0,0
17178,,16,0,1,1,0,1,1,8,0.214587,0.220453,0,0
17182,,5,0,1,1,0,1,1,8,0.245851,0.255055,0,0
17184,,7,0,1,1,0,1,1,8,0.2284,0.235296,0,0
17185,,7,0,1,1,0,1,1,8,0.2284,0.235296,0,0
17187,,11,0,1,1,0,1,1,8,0.251238,0.260024,0,0
17189,,21,0,1,1,0,1,1,1,1,1,0,0
17190,,169,0,1,1,0,1,1,1,1,1,0,0
17191,,169,1,0,1,1,0,1,0,0,0,0,0
17192,,8,0,1,1,0,1,1,1,1,1,0,0
17198,,2,0,2,2,0,2,2,9,0.207627,0.213066,0,0
17200,,21,0,1,1,0,1,1,1,1,1,0,0
17201,,7,0,1,1,0,1,1,9,0.214494,0.22018,0,0
17202,,11,0,1,1,0,1,1,9,0.220464,0.227385,0,0
17205,,11,0,1,1,0,1,1,8,0.230091,0.237701,0,0
17207,,7,0,1,1,0,1,1,8,0.2284,0.235296,0,0
17208,,12,0,1,1,0,1,1,9,0.196125,0.200716,0,0
17209,,8,0,2,2,0,2,2,8,0.234165,0.242069,0,0
17211,,16,0,1,1,0,1,1,8,0.257544,0.268689,0,0
17212,,7,0,1,1,0,1,1,8,0.242475,0.25106,0,0
17214,,16,0,2,2,0,2,2,8,0.264681,0.276393,0,0
17216,,5,0,1,1,0,1,1,9,0.219288,0.225682,0,0
35738,,16,1,0,1,1,0,1,0,0,0,0,0
25084,,7,1,0,1,1,0,1,0,0,0,0,0
29544,,7,1,1,2,1,1,2,1,1,1,0.863312,0
32500,,7,1,0,1,1,0,1,0,0,0,0,0
32851,,7,1,0,1,1,0,1,0,0,0,0,0
33960,,7,3,15,18,3,15,18,8,0.276086,0.289397,2681.434682,0.137255
17220,,7,0,4,4,0,4,4,8,0.274803,0.286833,0,0.416667
17221,,11,0,1,1,0,1,1,9,0.224856,0.232784,0,0
17222,,6,0,1,1,0,1,1,8,0.234493,0.242444,0,0
17225,,8,0,1,1,0,1,1,9,0.214697,0.220825,0,0
17226,,1,0,1,1,0,1,1,1,1,1,0,0
17229,,8,0,1,1,0,1,1,2,0.666667,0.75,0,0
17230,,7,0,1,1,0,1,1,9,0.221836,0.22815,0,0
18798,,8,1,0,1,1,0,1,0,0,0,0,0
17236,,8,0,1,1,0,1,1,9,0.239963,0.248532,0,0
17237,,6,0,1,1,0,1,1,8,0.249084,0.258104,0,0
17241,,10,0,1,1,0,1,1,9,0.225592,0.232933,0,0
17242,,11,0,1,1,0,1,1,8,0.232829,0.239934,0,0
17244,,11,0,2,2,0,2,2,9,0.224983,0.231945,0,1
17245,,8,0,2,2,0,2,2,9,0.21824,0.224603,0,0
17246,,8,1,0,1,1,0,1,0,0,0,0,0
17247,,0,0,1,1,0,1,1,9,0.224787,0.232402,0,0
17248,,10,0,1,1,0,1,1,9,0.222352,0.229209,0,0
17250,,2,0,1,1,0,1,1,9,0.226463,0.234215,0,0
17254,,8,0,1,1,0,1,1,9,0.196674,0.20147,0,0
17525,,16,1,0,1,1,0,1,0,0,0,0,0
23572,,16,1,0,1,1,0,1,0,0,0,0,0
21090,,16,1,1,2,1,1,2,9,0.195762,0.200046,43.038776,0
17259,,10,1,1,2,1,1,2,9,0.214179,0.220404,18827,0
17260,,16,0,1,1,0,1,1,9,0.210713,0.216558,0,0
26977,,11,1,2,3,1,2,3,8,0.235081,0.243808,0,1
28073,,11,1,2,3,1,2,3,9,0.232382,0.24039,0,1
30826,,11,1,4,5,1,4,5,8,0.244646,0.253525,181.866546,0.25
32127,,11,2,2,4,2,2,4,9,0.232382,0.24039,0.5,0.666667
32812,,11,1,0,1,1,0,1,0,0,0,0,0
17265,,11,0,1,1,0,1,1,8,0.239859,0.247713,0,0
17267,,16,0,3,3,0,3,3,8,0.226694,0.234714,0,0
23710,,16,1,0,1,1,0,1,0,0,0,0,0
27870,,16,1,0,1,1,0,1,0,0,0,0,0
17268,,7,0,4,4,0,4,4,8,0.260419,0.271244,0,0.25
17270,,285,1,1,2,1,1,2,3,0.5,0.547619,0,1
19297,,285,1,1,2,1,1,2,3,0.5,0.547619,0,1
20923,,7,1,14,15,1,14,15,8,0.28032,0.293776,356.561288,0.285714
17273,,7,0,1,1,0,1,1,1,1,1,0,0
17282,,9,0,1,1,0,1,1,9,0.217144,0.223521,0,0
17283,,11,0,1,1,0,1,1,8,0.244433,0.254493,0,0
17285,,8,0,2,2,0,2,2,9,0.235606,0.243853,0,0.5
17287,,1,0,1,1,0,1,1,8,0.232406,0.239626,0,0
17289,,11,0,1,1,0,1,1,8,0.251382,0.261452,0,0
17290,,16,0,1,1,0,1,1,9,0.21183,0.217537,0,0
17295,,1,0,1,1,0,1,1,9,0.22624,0.233068,0,0
17298,,10,0,2,2,0,2,2,9,0.225668,0.233063,0,0
17303,,7,0,1,1,0,1,1,1,1,1,0,0
17304,,7,0,1,1,0,1,1,9,0.219524,0.226001,0,0
17305,,8,0,1,1,0,1,1,10,0.174129,0.177276,0,0
17309,,5,0,2,2,0,2,2,8,0.239368,0.247311,0,0
17310,,5,0,4,4,0,4,4,8,0.264658,0.275747,0,0.25
17326,,5,1,0,1,1,0,1,0,0,0,0,0
17312,,10,0,1,1,0,1,1,8,0.240567,0.248665,0,0
17314,,16,1,1,2,1,1,2,1,1,1,58.8762,0
17315,,13,0,3,3,0,3,3,9,0.196538,0.201206,0,0
17318,,10,0,1,1,0,1,1,8,0.240567,0.248665,0,0
17328,,11,0,1,1,0,1,1,10,0.158031,0.160403,0,0
17332,,11,0,1,1,0,1,1,8,0.232829,0.239934,0,0
17333,,8,0,1,1,0,1,1,8,0.228134,0.235523,0,0
17335,,16,0,1,1,0,1,1,8,0.257544,0.268689,0,0
17336,,9,1,6,7,1,6,7,10,0.186504,0.191001,31.120117,0.238095
17337,,7,0,1,1,0,1,1,9,0.232863,0.240485,0,0
17340,,16,1,3,4,1,3,4,8,0.242415,0.251346,76.345877,0.5
18851,,16,1,20,21,1,20,21,8,0.241081,0.250087,65.345071,0.047368
17341,,3,0,1,1,0,1,1,9,0.214123,0.219985,0,0
17346,,5,0,1,1,0,1,1,9,0.212622,0.218545,0,0
17349,,7,0,2,2,0,2,2,8,0.273819,0.285786,0,0.5
17351,,16,0,1,1,0,1,1,8,0.257544,0.268689,0,0
17352,,8,0,2,2,0,2,2,8,0.262793,0.273553,0,0.5
17353,,8,0,1,1,0,1,1,1,1,1,0,0
33083,,8,1,0,1,1,0,1,0,0,0,0,0
17356,,8,0,3,3,0,3,3,8,0.263517,0.274416,0,0.166667
26836,,8,2,1,3,2,1,3,9,0.209166,0.214476,18826,0
17360,,8,0,3,3,0,3,3,8,0.243284,0.251821,0,0.5
17361,,0,0,5,5,0,5,5,9,0.206133,0.21208,0,0.15
18038,,0,4,2,6,4,2,6,9,0.20612,0.211996,2.333333,0.6
24915,,0,1,0,1,1,0,1,0,0,0,0,0
20212,,0,2,0,2,2,0,2,0,0,0,0,0
17362,,16,0,1,1,0,1,1,8,0.230955,0.238384,0,0
17363,,5,0,8,8,0,8,8,8,0.246018,0.254838,0,0.142857
21663,,5,1,2,3,1,2,3,10,0.156503,0.159115,0.333333,0.333333
17364,,6,0,2,2,0,2,2,8,0.26582,0.277792,0,1
17365,,7,0,6,6,0,6,6,7,0.3003,0.315438,0,0.466667
17372,,19,0,1,1,0,1,1,9,0.2223,0.228831,0,0
17374,,16,0,3,3,0,3,3,8,0.258053,0.269352,0,0
17376,,24,0,4,4,0,4,4,8,0.235261,0.243834,0,0.25
17377,,15,0,1,1,0,1,1,9,0.214152,0.220013,0,0
17378,,5,0,1,1,0,1,1,8,0.230249,0.237146,0,0
17379,,5,0,2,2,0,2,2,8,0.236907,0.244671,0,0
17385,,15,0,1,1,0,1,1,9,0.220297,0.227161,0,0
17387,,11,0,1,1,0,1,1,9,0.21182,0.218077,0,0
17391,,7,0,1,1,0,1,1,9,0.214766,0.220717,0,0
17392,,170,0,1,1,0,1,1,1,1,1,0,0
17393,,170,1,0,1,1,0,1,0,0,0,0,0
17396,,2,0,2,2,0,2,2,8,0.261857,0.273042,0,0.5
17397,,10,0,1,1,0,1,1,8,0.231335,0.239437,0,0
17398,,2,0,1,1,0,1,1,8,0.261475,0.272568,0,0
17401,,16,0,1,1,0,1,1,8,0.234155,0.242097,0,0
17402,,5,0,1,1,0,1,1,11,0.136363,0.138027,0,0
18440,,11,1,2,3,1,2,3,9,0.225642,0.232874,3.594885,0.666667
17404,,11,0,1,1,0,1,1,8,0.240389,0.248209,0,0
17405,,8,0,1,1,0,1,1,9,0.227844,0.235164,0,0
17406,,2,1,1,2,1,1,2,8,0.232249,0.239663,2544.001995,0
17407,,7,0,1,1,0,1,1,9,0.226164,0.233246,0,0
17408,,7,0,1,1,0,1,1,9,0.226164,0.233246,0,0
17411,,7,1,7,8,1,7,8,8,0.252008,0.261962,44815.724545,0.089286
29602,,7,1,0,1,1,0,1,0,0,0,0,0
17412,,9,0,1,1,0,1,1,9,0.185524,0.189879,0,0
17415,,11,0,1,1,0,1,1,8,0.23674,0.244313,0,0
17416,,9,0,3,3,0,3,3,8,0.241233,0.249322,0,0.5
17417,,8,0,1,1,0,1,1,9,0.224964,0.231449,0,0
17419,,8,0,1,1,0,1,1,8,0.263006,0.273325,0,0
17420,,171,0,1,1,0,1,1,1,1,1,0,0
17421,,171,1,0,1,1,0,1,0,0,0,0,0
17422,,8,0,1,1,0,1,1,9,0.201695,0.206636,0,0
17424,,6,0,1,1,0,1,1,8,0.247395,0.256736,0,0
17426,,12,0,1,1,0,1,1,9,0.217956,0.224292,0,0
17427,,6,0,1,1,0,1,1,8,0.247395,0.256736,0,0
25840,,8,1,5,6,1,5,6,8,0.247427,0.257604,1000.574505,0.266667
17430,,9,0,2,2,0,2,2,9,0.185532,0.189928,0,0
17433,,8,0,1,1,0,1,1,8,0.262756,0.273466,0,0
17436,,8,0,1,1,0,1,1,8,0.251452,0.260347,0,0
17438,,11,0,3,3,0,3,3,9,0.225827,0.232855,0,0.333333
17439,,3,0,1,1,0,1,1,9,0.214123,0.219985,0,0
17445,,21,0,2,2,0,2,2,8,0.240371,0.248451,0,0
17447,,10,0,1,1,0,1,1,9,0.224337,0.231339,0,0
17448,,13,0,1,1,0,1,1,8,0.235883,0.243933,0,0
17452,,6,1,0,1,1,0,1,0,0,0,0,0
17453,,15,0,4,4,0,4,4,9,0.223636,0.23088,0,0.333333
17454,,11,0,1,1,0,1,1,9,0.218439,0.22522,0,0
17455,,11,0,1,1,0,1,1,8,0.236167,0.244733,0,0
17457,,3,0,1,1,0,1,1,9,0.214123,0.219985,0,0
17458,,0,0,2,2,0,2,2,9,0.226501,0.233701,0,0.5
17460,,8,0,1,1,0,1,1,8,0.262756,0.273466,0,0
17464,,11,0,1,1,0,1,1,9,0.205551,0.211204,0,0
20560,,11,1,0,1,1,0,1,0,0,0,0,0
17466,,8,0,1,1,0,1,1,8,0.234991,0.243288,0,0
17467,,11,0,2,2,0,2,2,8,0.234953,0.242352,0,0
17469,,172,0,1,1,0,1,1,1,1,1,0,0
17470,,172,1,0,1,1,0,1,0,0,0,0,0
17471,,10,0,2,2,0,2,2,9,0.230797,0.23872,0,1
17472,,7,0,1,1,0,1,1,9,0.226681,0.233517,0,0
17473,,11,0,2,2,0,2,2,8,0.239493,0.247392,0,1
28691,,8,1,0,1,1,0,1,0,0,0,0,0
17475,,7,0,1,1,0,1,1,8,0.246941,0.255908,0,0
17476,,21,0,1,1,0,1,1,1,1,1,0,0
26762,,9,2,2,4,2,2,4,11,0.141577,0.143623,25974,0.5
17478,,0,0,1,1,0,1,1,9,0.220733,0.22707,0,0
17479,,0,0,1,1,0,1,1,10,0.183581,0.187692,0,0
17481,,10,0,1,1,0,1,1,10,0.176406,0.179842,0,0
17483,,11,0,1,1,0,1,1,8,0.239554,0.247876,0,0
17484,,12,0,1,1,0,1,1,10,0.176016,0.179292,0,0
17485,,11,0,1,1,0,1,1,9,0.197561,0.202745,0,0
17486,,8,0,1,1,0,1,1,9,0.218122,0.224516,0,0
17487,,11,0,5,5,0,5,5,8,0.262419,0.27329,0,0.4
17488,,11,0,3,3,0,3,3,8,0.254674,0.265162,0,0.333333
17489,,16,0,1,1,0,1,1,9,0.229791,0.237541,0,0
17490,,11,0,1,1,0,1,1,8,0.230667,0.237711,0,0
17493,,24,0,1,1,0,1,1,9,0.218761,0.22523,0,0
17494,,15,0,1,1,0,1,1,9,0.227108,0.234002,0,0
17496,,15,0,1,1,0,1,1,9,0.227108,0.234002,0,0
17497,,15,0,1,1,0,1,1,9,0.227108,0.234002,0,0
17499,,24,0,2,2,0,2,2,8,0.25162,0.262013,0,0
17500,,15,0,1,1,0,1,1,10,0.179156,0.182314,0,0
17501,,24,0,1,1,0,1,1,9,0.218761,0.22523,0,0
17502,,11,0,1,1,0,1,1,9,0.197667,0.202287,0,0
17503,,2,0,4,4,0,4,4,8,0.260906,0.271791,0,0
17504,,7,0,1,1,0,1,1,8,0.244345,0.253397,0,0
17516,,9,0,1,1,0,1,1,9,0.208199,0.213456,0,0
17517,,6,0,1,1,0,1,1,9,0.198338,0.20302,0,0
18461,,11,1,0,1,1,0,1,0,0,0,0,0
18266,,11,1,1,2,1,1,2,9,0.204277,0.209644,0,0
34256,,5,1,2,3,1,2,3,8,0.235661,0.242748,3.839304,0.333333
17521,,24,0,1,1,0,1,1,9,0.218761,0.22523,0,0
17522,,7,0,3,3,0,3,3,8,0.269983,0.282086,0,0.5
17523,,12,0,1,1,0,1,1,10,0.172877,0.176024,0,0
17526,,2,0,1,1,0,1,1,8,0.261475,0.272568,0,0
17527,,6,0,1,1,0,1,1,8,0.234493,0.242444,0,0
17529,,7,0,2,2,0,2,2,9,0.226883,0.234004,0,0.5
17530,,6,0,5,5,0,5,5,8,0.252427,0.263047,0,0.1
17531,,18,0,1,1,0,1,1,9,0.21286,0.218905,0,0
17532,,10,0,1,1,0,1,1,8,0.233638,0.242002,0,0
17533,,7,0,2,2,0,2,2,9,0.210482,0.21608,0,0
17535,,11,0,1,1,0,1,1,8,0.267429,0.278245,0,0
17536,,8,0,1,1,0,1,1,9,0.218122,0.224516,0,0
17537,,11,0,1,1,0,1,1,9,0.216656,0.222492,0,0
17538,,9,2,3,5,2,3,5,8,0.243158,0.252122,19081.651635,0
17540,,10,0,1,1,0,1,1,9,0.20412,0.209816,0,0
17541,,8,0,1,1,0,1,1,9,0.19961,0.204116,0,0
17542,,15,0,1,1,0,1,1,9,0.219332,0.226151,0,0
20906,,7,1,0,1,1,0,1,0,0,0,0,0
17692,,7,1,0,1,1,0,1,0,0,0,0,0
28624,,7,2,0,2,2,0,2,0,0,0,0,0
17564,,11,0,1,1,0,1,1,9,0.212231,0.218251,0,0
17565,,173,0,1,1,0,1,1,1,1,1,0,0
17566,,173,1,0,1,1,0,1,0,0,0,0,0
17568,,2,0,1,1,0,1,1,9,0.238286,0.246733,0,0
17570,,8,0,1,1,0,1,1,9,0.231387,0.239068,0,0
17571,,6,0,1,1,0,1,1,9,0.202812,0.207666,0,0
17572,,15,0,6,6,0,6,6,9,0.215572,0.222079,0,0.033333
17573,,11,0,1,1,0,1,1,8,0.239859,0.247713,0,0
17575,,7,0,3,3,0,3,3,9,0.242404,0.250802,0,0.666667
17576,,7,0,1,1,0,1,1,8,0.248791,0.258416,0,0
17578,,7,0,1,1,0,1,1,8,0.236919,0.244375,0,0
17579,,7,0,1,1,0,1,1,9,0.195147,0.199853,0,0
17580,,1,0,1,1,0,1,1,8,0.232406,0.239626,0,0
17584,,9,1,2,3,1,2,3,8,0.239389,0.247861,65.366128,0
17585,,9,0,1,1,0,1,1,10,0.164896,0.168023,0,0
17587,,11,0,1,1,0,1,1,9,0.193568,0.198168,0,0
17589,,7,0,1,1,0,1,1,8,0.251523,0.26155,0,0
17590,,9,0,2,2,0,2,2,8,0.23907,0.247475,0,0
17591,,9,0,2,2,0,2,2,8,0.23907,0.247475,0,0
17594,,16,0,1,1,0,1,1,8,0.257544,0.268689,0,0
17596,,11,0,1,1,0,1,1,9,0.225635,0.232826,0,0
17597,,3,0,1,1,0,1,1,10,0.180682,0.184254,0,0
17598,,3,1,2,3,1,2,3,9,0.220516,0.227086,18827,0
17601,,21,0,1,1,0,1,1,9,0.221969,0.229196,0,0
17602,,24,0,1,1,0,1,1,10,0.190562,0.194838,0,0
17610,,8,1,0,1,1,0,1,0,0,0,0,0
17605,,6,0,1,1,0,1,1,9,0.213582,0.219922,0,0
17606,,5,0,1,1,0,1,1,8,0.228875,0.236469,0,0
17608,,7,0,1,1,0,1,1,9,0.215254,0.221272,0,0
17612,,11,0,1,1,0,1,1,9,0.23666,0.245195,0,0
17613,,16,0,1,1,0,1,1,9,0.208855,0.214732,0,0
17614,,174,0,1,1,0,1,1,1,1,1,0,0
17615,,174,1,0,1,1,0,1,0,0,0,0,0
17617,,7,0,1,1,0,1,1,8,0.227061,0.233506,0,0
17618,,7,0,1,1,0,1,1,9,0.20921,0.214873,0,0
17620,,16,0,1,1,0,1,1,8,0.257544,0.268689,0,0
28418,,24,1,0,1,1,0,1,0,0,0,0,0
17627,,16,0,1,1,0,1,1,8,0.257544,0.268689,0,0
17628,,10,0,1,1,0,1,1,9,0.225849,0.233205,0,0
17629,,2,0,2,2,0,2,2,9,0.217013,0.223474,0,0
17630,,10,0,4,4,0,4,4,8,0.238286,0.246069,0,0.75
17631,,12,0,1,1,0,1,1,9,0.191696,0.19574,0,0
24201,,5,1,2,3,1,2,3,9,0.216366,0.222422,0.424242,0.333333
18172,,2,1,0,1,1,0,1,0,0,0,0,0
17638,,11,0,3,3,0,3,3,9,0.233702,0.242289,0,0.333333
17643,,7,0,1,1,0,1,1,1,1,1,0,0
17644,,11,0,1,1,0,1,1,9,0.189119,0.192925,0,0
17645,,8,0,1,1,0,1,1,8,0.24685,0.256506,0,0
17647,,11,0,1,1,0,1,1,8,0.236167,0.244733,0,0
17648,,8,0,1,1,0,1,1,9,0.211442,0.216796,0,0
17651,,15,0,1,1,0,1,1,9,0.227108,0.234002,0,0
17652,,15,0,2,2,0,2,2,9,0.229937,0.237015,0,0
17653,,7,0,4,4,0,4,4,8,0.265697,0.276888,0,0.583333
17658,,16,0,2,2,0,2,2,9,0.239152,0.248044,0,1
17661,,16,0,1,1,0,1,1,8,0.236961,0.24442,0,0
17663,,12,0,1,1,0,1,1,9,0.217956,0.224292,0,0
25146,,16,1,0,1,1,0,1,0,0,0,0,0
17665,,10,0,2,2,0,2,2,8,0.244307,0.252994,0,0.5
17666,,8,0,1,1,0,1,1,9,0.198884,0.203512,0,0
17670,,11,0,2,2,0,2,2,8,0.234517,0.243086,0,1
17672,,11,0,1,1,0,1,1,9,0.212432,0.218293,0,0
17674,,21,0,2,2,0,2,2,9,0.221977,0.229236,0,0
17675,,7,0,1,1,0,1,1,9,0.214646,0.220168,0,0
17677,,7,0,1,1,0,1,1,10,0.166718,0.169204,0,0
17680,,13,0,1,1,0,1,1,8,0.235883,0.243933,0,0
29911,,8,1,0,1,1,0,1,0,0,0,0,0
24667,,8,1,1,2,1,1,2,10,0.182219,0.186001,0,0
17684,,15,0,1,1,0,1,1,9,0.204946,0.210039,0,0
19666,,16,1,1,2,1,1,2,8,0.236963,0.244423,22.740281,0
28765,,8,1,0,1,1,0,1,0,0,0,0,0
17687,,7,0,1,1,0,1,1,8,0.2284,0.235296,0,0
17688,,8,0,1,1,0,1,1,9,0.231387,0.239068,0,0
17689,,11,0,1,1,0,1,1,8,0.239554,0.247876,0,0
33046,,11,1,0,1,1,0,1,0,0,0,0,0
17691,,18,0,1,1,0,1,1,9,0.21286,0.218905,0,0
17694,,15,0,1,1,0,1,1,9,0.220297,0.227161,0,0
17695,,11,0,1,1,0,1,1,9,0.199877,0.204193,0,0
17696,,5,0,2,2,0,2,2,9,0.240232,0.248884,0,0.5
17699,,15,0,1,1,0,1,1,10,0.181719,0.185858,0,0
17700,,11,0,1,1,0,1,1,9,0.206007,0.211877,0,0
17702,,15,0,3,3,0,3,3,9,0.223198,0.230338,0,0.333333
17703,,11,0,5,5,0,5,5,8,0.255586,0.265572,0,0.1
18470,,5,1,0,1,1,0,1,0,0,0,0,0
17709,,8,0,1,1,0,1,1,8,0.262756,0.273466,0,0
17710,,11,0,1,1,0,1,1,8,0.240389,0.248209,0,0
17712,,11,0,1,1,0,1,1,9,0.22883,0.235861,0,0
17716,,7,0,1,1,0,1,1,9,0.210848,0.216275,0,0
17719,,8,1,2,3,1,2,3,8,0.241387,0.25024,586.592266,0.166667
17720,,16,0,1,1,0,1,1,8,0.257544,0.268689,0,0
17721,,15,0,1,1,0,1,1,9,0.224977,0.231842,0,0
17723,,0,0,1,1,0,1,1,9,0.208088,0.213254,0,0
17727,,175,0,1,1,0,1,1,1,1,1,0,0
17728,,175,1,0,1,1,0,1,0,0,0,0,0
17729,,10,0,1,1,0,1,1,9,0.216228,0.222285,0,0
17730,,7,0,3,3,0,3,3,8,0.222931,0.229766,0,0
17733,,12,0,1,1,0,1,1,10,0.188104,0.191839,0,0
17735,,16,1,1,2,1,1,2,9,0.217903,0.22441,18827,0
17736,,15,0,1,1,0,1,1,8,0.224983,0.23254,0,0
17737,,8,0,2,2,0,2,2,9,0.223686,0.230668,0,0
17959,,7,1,0,1,1,0,1,0,0,0,0,0
21743,,7,1,3,4,1,3,4,8,0.235269,0.243945,83.640054,0
27484,,7,1,0,1,1,0,1,0,0,0,0,0
17739,,2,0,1,1,0,1,1,9,0.223294,0.230462,0,0
19896,,0,4,3,7,4,3,7,9,0.209889,0.215987,11120.386374,0.5
31332,,0,1,0,1,1,0,1,0,0,0,0,0
20282,,0,4,5,9,4,5,9,9,0.209898,0.216058,25070.123904,0.357143
32076,,0,3,0,3,3,0,3,0,0,0,0,0.833333
35527,,0,1,0,1,1,0,1,0,0,0,0,0
17742,,6,0,1,1,0,1,1,10,0.163345,0.165825,0,0
17744,,15,0,1,1,0,1,1,8,0.23999,0.247696,0,0
17746,,7,0,1,1,0,1,1,8,0.242475,0.25106,0,0
19969,,8,1,0,1,1,0,1,0,0,0,0,0
17750,,7,0,1,1,0,1,1,8,0.272188,0.283721,0,0
17752,,6,0,2,2,0,2,2,8,0.235252,0.243362,0,1
17754,,7,0,4,4,0,4,4,7,0.298283,0.313322,0,0.666667
17755,,7,0,4,4,0,4,4,7,0.294416,0.308944,0,0.25
17756,,7,0,2,2,0,2,2,8,0.2722,0.283761,0,0
17757,,10,0,1,1,0,1,1,9,0.197765,0.202148,0,0
25634,,0,1,0,1,1,0,1,0,0,0,0,0
17760,,7,0,1,1,0,1,1,8,0.272188,0.283721,0,0
17761,,7,0,1,1,0,1,1,8,0.272188,0.283721,0,0
17763,,7,0,1,1,0,1,1,8,0.272188,0.283721,0,0
17764,,7,0,1,1,0,1,1,8,0.272188,0.283721,0,0
17766,,7,0,1,1,0,1,1,7,0.293553,0.307954,0,0
17768,,8,0,1,1,0,1,1,9,0.226946,0.234172,0,0
17770,,7,0,1,1,0,1,1,8,0.272188,0.283721,0,0
17771,,7,0,1,1,0,1,1,9,0.207609,0.212853,0,0
17772,,7,0,1,1,0,1,1,8,0.272188,0.283721,0,0
17773,,7,0,1,1,0,1,1,8,0.272188,0.283721,0,0
17774,,7,0,1,1,0,1,1,8,0.272188,0.283721,0,0
17775,,7,0,2,2,0,2,2,8,0.272326,0.283907,0,0
17776,,7,0,2,2,0,2,2,8,0.272638,0.284261,0,0
17777,,7,0,1,1,0,1,1,8,0.272188,0.283721,0,0
17778,,16,0,4,4,0,4,4,8,0.280014,0.292979,0,0.583333
17783,,7,0,1,1,0,1,1,8,0.272188,0.283721,0,0
17784,,10,0,1,1,0,1,1,9,0.195125,0.200176,0,0
17785,,7,0,1,1,0,1,1,8,0.272188,0.283721,0,0
17787,,7,0,2,2,0,2,2,7,0.297176,0.311976,0,1
18528,,7,2,2,4,2,2,4,9,0.210469,0.216471,18872.157005,0
17790,,5,0,1,1,0,1,1,9,0.217847,0.22412,0,0
17791,,7,0,2,2,0,2,2,8,0.272721,0.284432,0,0
17793,,11,0,1,1,0,1,1,9,0.225449,0.232111,0,0
17794,,13,0,1,1,0,1,1,1,1,1,0,0
17795,,7,0,1,1,0,1,1,8,0.272188,0.283721,0,0
17796,,7,0,2,2,0,2,2,8,0.274047,0.285871,0,1
17797,,11,0,2,2,0,2,2,8,0.24707,0.256814,0,0
17798,,7,0,1,1,0,1,1,8,0.272188,0.283721,0,0
17800,,7,0,1,1,0,1,1,8,0.272188,0.283721,0,0
17802,,7,0,3,3,0,3,3,7,0.294135,0.308607,0,0.333333
17803,,7,0,3,3,0,3,3,8,0.272427,0.284107,0,0
20293,,7,1,0,1,1,0,1,0,0,0,0,0
17804,,7,0,1,1,0,1,1,8,0.272188,0.283721,0,0
17805,,8,0,4,4,0,4,4,8,0.267019,0.278274,0,0.333333
17806,,10,0,1,1,0,1,1,8,0.233638,0.242002,0,0
17808,,10,0,1,1,0,1,1,9,0.229752,0.236924,0,0
17809,,7,0,3,3,0,3,3,8,0.273247,0.285174,0,0.5
19652,,11,1,1,2,1,1,2,9,0.238769,0.247357,0,1
17811,,5,0,3,3,0,3,3,8,0.274434,0.286153,0,0.5
17812,,7,0,1,1,0,1,1,8,0.272188,0.283721,0,0
17814,,7,0,1,1,0,1,1,8,0.272188,0.283721,0,0
17815,,7,0,3,3,0,3,3,8,0.27449,0.286319,0,0.333333
17817,,16,2,3,5,2,3,5,8,0.240724,0.248773,22562.709148,0
35231,,16,1,0,1,1,0,1,0,0,0,0,0
17818,,5,0,1,1,0,1,1,9,0.224639,0.231408,0,0
17820,,11,0,1,1,0,1,1,9,0.228167,0.235675,0,0
17821,,8,0,1,1,0,1,1,8,0.262756,0.273466,0,0
17822,,11,0,1,1,0,1,1,8,0.238528,0.246408,0,0
17823,,7,0,1,1,0,1,1,8,0.244386,0.252463,0,0
17824,,7,0,2,2,0,2,2,8,0.256031,0.265925,0,1
17826,,6,0,1,1,0,1,1,8,0.247395,0.256736,0,0
17827,,7,0,1,1,0,1,1,8,0.251523,0.26155,0,0
17828,,8,0,1,1,0,1,1,9,0.21396,0.220365,0,0
17829,,5,0,2,2,0,2,2,8,0.245861,0.255095,0,0
18201,,5,1,1,2,1,1,2,1,1,1,0.5,0
17830,,7,0,2,2,0,2,2,9,0.232817,0.240896,0,0
17831,,0,0,1,1,0,1,1,8,0.238232,0.246371,0,0
17832,,8,0,1,1,0,1,1,9,0.196397,0.200516,0,0
24171,,8,1,0,1,1,0,1,0,0,0,0,0
17837,,7,2,2,4,2,2,4,9,0.22097,0.227713,19.029791,0.25
17838,,5,0,1,1,0,1,1,9,0.20714,0.212495,0,0
17842,,12,1,2,3,1,2,3,8,0.237757,0.245699,18827,0.333333
17843,,7,0,2,2,0,2,2,8,0.245508,0.253815,0,0
17845,,16,0,1,1,0,1,1,9,0.229791,0.237541,0,0
17846,,16,0,1,1,0,1,1,11,0.160269,0.162784,0,0
17847,,8,0,1,1,0,1,1,9,0.224158,0.230723,0,0
17848,,11,0,1,1,0,1,1,9,0.214111,0.219976,0,0
17850,,1,0,2,2,0,2,2,8,0.232183,0.240346,0,0
17852,,21,1,0,1,1,0,1,0,0,0,0,0
17853,,8,0,2,2,0,2,2,8,0.263828,0.274754,0,0.5
17854,,7,0,1,1,0,1,1,8,0.272188,0.283721,0,0
17855,,7,0,3,3,0,3,3,8,0.25497,0.265172,0,0
17856,,7,1,0,1,1,0,1,0,0,0,0,0
34173,,7,1,0,1,1,0,1,0,0,0,0,0
17857,,11,0,1,1,0,1,1,9,0.202277,0.20748,0,0
17858,,18,0,1,1,0,1,1,10,0.175692,0.179231,0,0
17859,,7,0,1,1,0,1,1,9,0.207609,0.212853,0,0
17863,,16,0,1,1,0,1,1,8,0.214587,0.220453,0,0
17865,,10,0,1,1,0,1,1,8,0.233638,0.242002,0,0
17871,,12,0,1,1,0,1,1,8,0.236841,0.24458,0,0
17872,,21,0,1,1,0,1,1,1,1,1,0,0
17873,,21,0,1,1,0,1,1,1,1,1,0,0
17874,,7,0,1,1,0,1,1,8,0.2284,0.235296,0,0
17875,,11,0,1,1,0,1,1,8,0.234514,0.24306,0,0
17876,,8,0,1,1,0,1,1,9,0.231387,0.239068,0,0
17881,,1,0,1,1,0,1,1,10,0.178303,0.181862,0,0
17882,,24,0,1,1,0,1,1,9,0.216278,0.22219,0,0
20279,,0,1,0,1,1,0,1,0,0,0,0,0
17886,,176,0,1,1,0,1,1,1,1,1,0,0
17887,,176,1,0,1,1,0,1,0,0,0,0,0
17888,,0,0,1,1,0,1,1,8,0.228936,0.236648,0,0
17889,,11,0,1,1,0,1,1,8,0.239859,0.247713,0,0
17891,,10,0,1,1,0,1,1,8,0.233302,0.240064,0,0
17893,,7,0,4,4,0,4,4,8,0.255725,0.265865,0,0.166667
17895,,0,0,1,1,0,1,1,9,0.21102,0.217224,0,0
17896,,2,0,1,1,0,1,1,9,0.238286,0.246733,0,0
17898,,8,0,6,6,0,6,6,8,0.274258,0.287041,0,0.333333
17899,,11,0,1,1,0,1,1,10,0.188783,0.193244,0,0
17900,,10,0,1,1,0,1,1,9,0.226507,0.233975,0,0
17901,,15,0,1,1,0,1,1,1,1,1,0,0
17908,,7,0,1,1,0,1,1,9,0.235473,0.242933,0,0
17910,,7,0,2,2,0,2,2,9,0.222174,0.22902,0,0
17911,,24,0,3,3,0,3,3,9,0.231764,0.239987,0,0
24955,,24,1,0,1,1,0,1,0,0,0,0,0
33566,,24,1,0,1,1,0,1,0,0,0,0,0
17912,,16,0,1,1,0,1,1,8,0.234155,0.242097,0,0
17913,,8,0,3,3,0,3,3,8,0.256254,0.266017,0,0.5
17915,,7,0,2,2,0,2,2,8,0.247116,0.256156,0,1
17918,,8,0,2,2,0,2,2,8,0.252935,0.262941,0,0.5
17919,,11,0,3,3,0,3,3,8,0.252156,0.262347,0,1
23632,,15,1,0,1,1,0,1,0,0,0,0,0
33047,,15,1,0,1,1,0,1,0,0,0,0,0
33048,,15,1,0,1,1,0,1,0,0,0,0,0
33049,,15,1,0,1,1,0,1,0,0,0,0,0
17927,,5,0,1,1,0,1,1,9,0.206357,0.211863,0,0
17931,,0,0,1,1,0,1,1,9,0.186297,0.190341,0,0
17932,,0,0,1,1,0,1,1,10,0.172422,0.175639,0,0
17933,,0,1,1,2,1,1,2,9,0.208335,0.21406,18827,0
17934,,5,0,1,1,0,1,1,9,0.206357,0.211863,0,0
17935,,11,0,1,1,0,1,1,8,0.227034,0.234934,0,0
17936,,0,0,1,1,0,1,1,9,0.186297,0.190341,0,0
17937,,8,0,1,1,0,1,1,9,0.221489,0.228136,0,0
17938,,11,0,1,1,0,1,1,9,0.217651,0.224244,0,0
17939,,5,0,1,1,0,1,1,9,0.206357,0.211863,0,0
17940,,7,0,3,3,0,3,3,8,0.2427,0.251418,0,0.666667
17942,,15,0,3,3,0,3,3,9,0.220132,0.227218,0,0.666667
17944,,11,0,2,2,0,2,2,9,0.220258,0.227343,0,0
22006,,0,1,0,1,1,0,1,0,0,0,0,0
26951,,0,2,0,2,2,0,2,0,0,0,0,1
26981,,0,1,0,1,1,0,1,0,0,0,0,0
27312,,0,2,0,2,2,0,2,0,0,0,0,1
27322,,0,2,3,5,2,3,5,9,0.206116,0.211996,7704.613626,0.4
27597,,0,1,2,3,1,2,3,9,0.196639,0.201965,0,1
30137,,0,1,0,1,1,0,1,0,0,0,0,0
30981,,0,2,0,2,2,0,2,0,0,0,0,1
31053,,0,2,0,2,2,0,2,0,0,0,0,1
34026,,0,2,0,2,2,0,2,0,0,0,0,1
35323,,0,2,1,3,2,1,3,10,0.173507,0.176966,0,0.666667
17946,,3,0,1,1,0,1,1,10,0.173284,0.176362,0,0
17950,,177,0,1,1,0,1,1,1,1,1,0,0
17951,,177,1,0,1,1,0,1,0,0,0,0,0
17952,,7,1,5,6,1,5,6,8,0.243133,0.25222,284.327872,0.3
26305,,11,4,4,8,4,4,8,8,0.254299,0.264999,20031.897219,0.232143
17954,,8,0,1,1,0,1,1,9,0.217618,0.22396,0,0
17955,,8,0,1,1,0,1,1,9,0.217618,0.22396,0,0
17956,,15,0,1,1,0,1,1,9,0.225524,0.232475,0,0
17957,,10,1,1,2,1,1,2,10,0.18454,0.188564,2.630033,0
17961,,16,0,1,1,0,1,1,9,0.234736,0.243231,0,0
17962,,0,0,1,1,0,1,1,9,0.195351,0.199935,0,0
17965,,11,1,4,5,1,4,5,8,0.235588,0.24464,18827,0.1
17966,,15,0,1,1,0,1,1,9,0.189936,0.194248,0,0
17967,,11,0,1,1,0,1,1,9,0.214866,0.221492,0,0
26194,,0,1,0,1,1,0,1,0,0,0,0,0
26195,,0,1,0,1,1,0,1,0,0,0,0,0
26196,,0,1,0,1,1,0,1,0,0,0,0,0
26197,,0,1,0,1,1,0,1,0,0,0,0,0
17970,,11,1,3,4,1,3,4,9,0.214921,0.221287,71.403372,0.416667
18532,,7,1,1,2,1,1,2,9,0.194912,0.199176,0,0
19358,,7,1,0,1,1,0,1,0,0,0,0,0
17972,,8,0,1,1,0,1,1,8,0.23941,0.248389,0,0
17973,,8,0,1,1,0,1,1,8,0.241381,0.249677,0,0
17974,,10,0,1,1,0,1,1,9,0.216003,0.222144,0,0
17976,,8,0,1,1,0,1,1,9,0.218107,0.224532,0,0
17979,,11,0,2,2,0,2,2,8,0.230675,0.237755,0,1
17980,,7,0,2,2,0,2,2,9,0.223864,0.231032,0,0.5
17983,,11,0,1,1,0,1,1,9,0.201615,0.207145,0,0
17986,,16,1,2,3,1,2,3,8,0.257933,0.269139,6044.014852,0
17987,,11,0,1,1,0,1,1,9,0.208121,0.214176,0,0
17989,,16,0,1,1,0,1,1,8,0.257544,0.268689,0,0
17991,,11,0,1,1,0,1,1,8,0.246659,0.25616,0,0
17992,,7,1,4,5,1,4,5,8,0.254343,0.264308,4.443206,0.4
17995,,8,0,1,1,0,1,1,10,0.168888,0.171629,0,0
17996,,15,0,1,1,0,1,1,8,0.252481,0.263502,0,0
17997,,11,0,2,2,0,2,2,8,0.246182,0.25514,0,1
30537,,11,1,0,1,1,0,1,0,0,0,0,0
18000,,0,0,2,2,0,2,2,9,0.226172,0.233654,0,0.5
18003,,10,0,3,3,0,3,3,8,0.250679,0.262077,0,1
18004,,11,0,1,1,0,1,1,8,0.239554,0.247876,0,0
18008,,16,0,1,1,0,1,1,9,0.213043,0.219048,0,0
18009,,15,0,1,1,0,1,1,9,0.202978,0.208136,0,0
18010,,8,0,1,1,0,1,1,8,0.244564,0.253553,0,0
21301,,7,1,1,2,1,1,2,8,0.242475,0.25106,0,0.5
18014,,7,0,2,2,0,2,2,8,0.242478,0.251087,0,1
18015,,15,0,1,1,0,1,1,9,0.220297,0.227161,0,0
18016,,5,0,2,2,0,2,2,8,0.251668,0.260871,0,1
18018,,10,0,3,3,0,3,3,8,0.238746,0.247694,0,0.166667
18022,,11,0,1,1,0,1,1,9,0.189262,0.193629,0,0
18023,,8,0,1,1,0,1,1,8,0.234059,0.241902,0,0
18024,,178,0,1,1,0,1,1,1,1,1,0,0
18025,,178,1,0,1,1,0,1,0,0,0,0,0
18026,,8,0,1,1,0,1,1,8,0.263621,0.273995,0,0
18028,,11,0,2,2,0,2,2,9,0.226137,0.233783,0,1
18031,,7,0,1,1,0,1,1,9,0.207609,0.212853,0,0
18033,,8,0,1,1,0,1,1,9,0.233264,0.241028,0,0
18034,,16,0,1,1,0,1,1,9,0.234736,0.243231,0,0
18035,,12,0,2,2,0,2,2,10,0.17273,0.175908,0,0
18036,,8,0,1,1,0,1,1,9,0.219675,0.226242,0,0
18040,,0,0,1,1,0,1,1,9,0.196029,0.200809,0,0
18043,,7,0,1,1,0,1,1,8,0.233681,0.240561,0,0
18044,,11,0,2,2,0,2,2,9,0.221585,0.228389,0,0.5
26657,,11,7,4,11,7,4,11,8,0.252167,0.262392,1765.148299,0.190909
18045,,5,0,4,4,0,4,4,1,1,1,0,0.083333
18046,,5,1,0,1,1,0,1,0,0,0,0,0
18048,,5,1,0,1,1,0,1,0,0,0,0,0
18049,,5,1,1,2,1,1,2,1,1,1,0,0.5
18050,,16,0,1,1,0,1,1,8,0.209429,0.215629,0,0
18052,,15,0,1,1,0,1,1,1,1,1,0,0
18053,,15,0,1,1,0,1,1,9,0.220297,0.227161,0,0
18054,,11,0,1,1,0,1,1,8,0.251382,0.261452,0,0
18055,,7,0,2,2,0,2,2,8,0.228586,0.235544,0,1
18056,,16,0,1,1,0,1,1,8,0.257544,0.268689,0,0
18058,,15,1,1,2,1,1,2,9,0.219926,0.226711,0,0.5
18059,,5,0,1,1,0,1,1,1,1,1,0,0
29385,,0,1,0,1,1,0,1,0,0,0,0,0
18061,,8,0,1,1,0,1,1,9,0.234452,0.242464,0,0
18062,,8,0,1,1,0,1,1,8,0.255022,0.264509,0,0
18065,,16,0,1,1,0,1,1,1,1,1,0,0
18068,,11,0,1,1,0,1,1,8,0.246114,0.255055,0,0
18070,,11,0,1,1,0,1,1,8,0.244275,0.253708,0,0
18071,,7,0,2,2,0,2,2,8,0.251567,0.261702,0,0
18072,,7,0,1,1,0,1,1,9,0.200066,0.204368,0,0
18073,,121,0,1,1,0,1,1,10,0.178452,0.182062,0,0
18075,,8,0,2,2,0,2,2,8,0.262766,0.273505,0,0
21563,,8,1,0,1,1,0,1,0,0,0,0,0
18077,,11,0,1,1,0,1,1,9,0.204597,0.209988,0,0
18079,,15,1,3,4,1,3,4,9,0.216051,0.222651,35.372209,0.166667
25781,,15,2,2,4,2,2,4,9,0.231761,0.23996,762.619988,0
18080,,7,0,1,1,0,1,1,1,1,1,0,0
18081,,8,0,1,1,0,1,1,9,0.21791,0.224128,0,0
18083,,7,0,1,1,0,1,1,8,0.267661,0.278922,0,0
18085,,11,0,1,1,0,1,1,10,0.186679,0.190783,0,0
18086,,6,0,1,1,0,1,1,9,0.220426,0.227127,0,0
18087,,15,0,1,1,0,1,1,10,0.179156,0.182314,0,0
28785,,8,1,0,1,1,0,1,0,0,0,0,0
18090,,8,0,2,2,0,2,2,8,0.263429,0.274218,0,1
18092,,15,0,1,1,0,1,1,9,0.215151,0.221458,0,0
18094,,11,0,1,1,0,1,1,1,1,1,0,0
18095,,8,0,1,1,0,1,1,9,0.220369,0.226491,0,0
18096,,5,0,1,1,0,1,1,9,0.219288,0.225682,0,0
18098,,1,0,2,2,0,2,2,9,0.234962,0.24392,0,0
18099,,1,1,0,1,1,0,1,0,0,0,0,0
18100,,15,0,1,1,0,1,1,9,0.220297,0.227161,0,0
18104,,7,0,1,1,0,1,1,1,1,1,0,0
18105,,15,0,1,1,0,1,1,9,0.192698,0.197189,0,0
18106,,11,0,1,1,0,1,1,9,0.19358,0.197675,0,0
18107,,7,0,1,1,0,1,1,9,0.194919,0.199192,0,0
18108,,10,0,1,1,0,1,1,9,0.229337,0.237191,0,0
18111,,5,0,1,1,0,1,1,8,0.237164,0.244724,0,0
18113,,8,0,1,1,0,1,1,8,0.262756,0.273466,0,0
18115,,7,0,2,2,0,2,2,8,0.270892,0.283366,0,0.5
18117,,11,0,1,1,0,1,1,9,0.18744,0.191163,0,0
18118,,11,1,1,2,1,1,2,8,0.230667,0.237711,18827,0
18120,,7,0,1,1,0,1,1,9,0.226406,0.233591,0,0
18122,,0,0,1,1,0,1,1,10,0.184464,0.188483,0,0
31062,,11,1,0,1,1,0,1,0,0,0,0,0
18128,,7,0,1,1,0,1,1,8,0.242475,0.25106,0,0
18129,,11,0,2,2,0,2,2,9,0.221899,0.228526,0,1
18130,,15,0,1,1,0,1,1,8,0.224983,0.23254,0,0
18133,,7,1,2,3,1,2,3,9,0.211309,0.217119,58.999576,0
18134,,8,0,1,1,0,1,1,9,0.218575,0.224995,0,0
18135,,0,0,1,1,0,1,1,8,0.228936,0.236648,0,0
18137,,7,0,3,3,0,3,3,8,0.266118,0.27746,0,0.166667
18138,,5,0,1,1,0,1,1,9,0.209961,0.215408,0,0
18140,,179,0,1,1,0,1,1,1,1,1,0,0
18141,,179,1,0,1,1,0,1,0,0,0,0,0
18142,,9,0,2,2,0,2,2,10,0.179109,0.182842,0,0
18144,,21,0,2,2,0,2,2,1,1,1,0,0
27020,,21,1,0,1,1,0,1,0,0,0,0,0
18145,,21,1,1,2,1,1,2,1,1,1,1,0
18146,,21,0,1,1,0,1,1,1,1,1,0,0
18147,,21,1,2,3,1,2,3,1,1,1,14,0.166667
18148,,2,0,1,1,0,1,1,8,0.261475,0.272568,0,0
18149,,7,0,1,1,0,1,1,9,0.20921,0.214873,0,0
22442,,8,1,2,3,1,2,3,8,0.226239,0.233415,109.915381,0.5
18152,,16,0,1,1,0,1,1,8,0.232025,0.239654,0,0
18153,,15,1,2,3,1,2,3,9,0.188819,0.193238,18827,0
18156,,18,0,2,2,0,2,2,9,0.212867,0.218949,0,0.5
18157,,16,1,1,2,1,1,2,8,0.234941,0.243151,0,0.5
18158,,7,0,1,1,0,1,1,1,1,1,0,0
18159,,8,0,1,1,0,1,1,9,0.209226,0.214674,0,0
29201,,8,1,0,1,1,0,1,0,0,0,0,0
18163,,16,0,2,2,0,2,2,8,0.234165,0.242138,0,0
18164,,16,1,0,1,1,0,1,0,0,0,0,0
18165,,8,0,1,1,0,1,1,8,0.262756,0.273466,0,0
18167,,11,0,1,1,0,1,1,8,0.229134,0.236292,0,0
18168,,5,0,1,1,0,1,1,9,0.209961,0.215408,0,0
18169,,21,0,1,1,0,1,1,1,1,1,0,0
18170,,15,0,1,1,0,1,1,9,0.195032,0.199555,0,0
19001,,11,1,0,1,1,0,1,0,0,0,0,0
19207,,11,1,0,1,1,0,1,0,0,0,0,0
18292,,10,1,1,2,1,1,2,9,0.204633,0.210098,64.053875,0
22796,,11,1,1,2,1,1,2,9,0.22995,0.23792,0,0
22326,,11,1,2,3,1,2,3,9,0.229956,0.237955,25974,0.5
27207,,11,1,1,2,1,1,2,9,0.22995,0.23792,0,0
26498,,11,1,1,2,1,1,2,9,0.22995,0.23792,0,0
28063,,11,1,0,1,1,0,1,0,0,0,0,0
28716,,11,1,1,2,1,1,2,9,0.22995,0.23792,0,0
32132,,11,1,2,3,1,2,3,9,0.229953,0.237946,0,0.5
29934,,11,1,2,3,1,2,3,9,0.229953,0.237946,0,0.5
18180,,11,0,1,1,0,1,1,9,0.206086,0.211843,0,0
18181,,8,0,1,1,0,1,1,9,0.194421,0.198388,0,0
18184,,5,1,2,3,1,2,3,8,0.252028,0.261292,0,0.5
18185,,12,0,2,2,0,2,2,10,0.172734,0.175916,0,0
22229,,12,1,0,1,1,0,1,0,0,0,0,0
18187,,11,0,1,1,0,1,1,8,0.246659,0.25616,0,0
18190,,15,0,1,1,0,1,1,9,0.212691,0.218392,0,0
18194,,21,0,1,1,0,1,1,1,1,1,0,0
18196,,8,0,1,1,0,1,1,8,0.251452,0.260347,0,0
18197,,21,0,1,1,0,1,1,1,1,1,0,0
18200,,11,0,1,1,0,1,1,8,0.242301,0.250673,0,0
18203,,12,2,3,5,2,3,5,9,0.239565,0.247588,82444,0.166667
18206,,16,0,1,1,0,1,1,8,0.257544,0.268689,0,0
18207,,6,0,1,1,0,1,1,8,0.234493,0.242444,0,0
18209,,7,0,1,1,0,1,1,8,0.251523,0.26155,0,0
18216,,8,0,5,5,0,5,5,8,0.268577,0.280379,0,0.3
18217,,21,0,1,1,0,1,1,1,1,1,0,0
18218,,10,0,1,1,0,1,1,9,0.228024,0.235474,0,0
18220,,7,0,2,2,0,2,2,8,0.258684,0.269814,0,0.5
18221,,11,0,2,2,0,2,2,9,0.224874,0.232841,0,0
21372,,11,1,1,2,1,1,2,9,0.186998,0.19063,1,0
18222,,7,0,1,1,0,1,1,8,0.230856,0.238125,0,0
18223,,5,0,1,1,0,1,1,9,0.225524,0.231867,0,0
18224,,7,0,1,1,0,1,1,7,0.293553,0.307954,0,0
18225,,2,0,1,1,0,1,1,10,0.176789,0.180292,0,0
18226,,7,0,2,2,0,2,2,8,0.279502,0.292268,0,0.5
18227,,0,0,1,1,0,1,1,8,0.242388,0.250662,0,0
18232,,16,0,2,2,0,2,2,8,0.246717,0.255592,0,1
18233,,16,0,1,1,0,1,1,9,0.234736,0.243231,0,0
18234,,11,0,2,2,0,2,2,9,0.21679,0.223036,0,0
18236,,7,0,1,1,0,1,1,8,0.242475,0.25106,0,0
18237,,21,0,1,1,0,1,1,1,1,1,0,0
27580,,10,1,1,2,1,1,2,9,0.215951,0.221598,66.380202,0
18245,,9,0,4,4,0,4,4,9,0.187574,0.192165,0,0.25
18246,,9,0,2,2,0,2,2,9,0.185614,0.190164,0,1
18248,,7,0,1,1,0,1,1,8,0.256649,0.267075,0,0
18249,,138,0,1,1,0,1,1,1,1,1,0,0
19121,,11,1,0,1,1,0,1,0,0,0,0,0
18251,,8,0,4,4,0,4,4,8,0.257841,0.268449,0,0.25
18252,,5,0,1,1,0,1,1,8,0.233484,0.240547,0,0
18253,,8,0,1,1,0,1,1,9,0.226897,0.234639,0,0
18255,,21,0,1,1,0,1,1,1,1,1,0,0
18944,,5,1,0,1,1,0,1,0,0,0,0,0
18258,,21,0,2,2,0,2,2,1,1,1,0,0.5
18259,,7,0,1,1,0,1,1,9,0.226164,0.233246,0,0
18260,,11,0,1,1,0,1,1,9,0.192663,0.196777,0,0
18261,,9,0,4,4,0,4,4,9,0.187694,0.192312,0,0.333333
18262,,9,0,4,4,0,4,4,9,0.199941,0.205409,0,0.5
18263,,8,0,1,1,0,1,1,8,0.251452,0.260347,0,0
18264,,9,0,3,3,0,3,3,9,0.185616,0.190191,0,0.5
18265,,9,0,3,3,0,3,3,9,0.185616,0.190191,0,0.5
18267,,9,0,3,3,0,3,3,9,0.185616,0.190191,0,0.5
18268,,10,0,1,1,0,1,1,9,0.221424,0.228568,0,0
18270,,12,0,1,1,0,1,1,10,0.172726,0.175872,0,0
18271,,16,0,3,3,0,3,3,9,0.219339,0.225607,0,0
18272,,8,0,2,2,0,2,2,8,0.254028,0.263398,0,0
18273,,0,0,1,1,0,1,1,9,0.208088,0.213254,0,0
18274,,7,0,2,2,0,2,2,9,0.226428,0.233834,0,0.5
18276,,21,0,1,1,0,1,1,1,1,1,0,0
18277,,10,0,3,3,0,3,3,9,0.216818,0.223151,0,0
18278,,7,0,5,5,0,5,5,8,0.252976,0.262725,0,0.7
32171,,10,1,0,1,1,0,1,0,0,0,0,0
18283,,9,0,2,2,0,2,2,10,0.164897,0.168049,0,0.5
18286,,5,0,3,3,0,3,3,9,0.201408,0.206055,0,0
18287,,5,1,0,1,1,0,1,0,0,0,0,0
23347,,5,1,0,1,1,0,1,0,0,0,0,0
18289,,16,0,1,1,0,1,1,9,0.209788,0.215674,0,0
18290,,7,0,1,1,0,1,1,9,0.218751,0.224866,0,0
18291,,16,0,4,4,0,4,4,9,0.222801,0.229878,0,0
18593,,16,1,0,1,1,0,1,0,0,0,0,0
18295,,9,0,6,6,0,6,6,9,0.203425,0.209332,0,0.433333
18296,,21,0,1,1,0,1,1,1,1,1,0,0
18298,,0,0,1,1,0,1,1,9,0.199289,0.20436,0,0
18300,,21,0,1,1,0,1,1,1,1,1,0,0
18301,,5,0,1,1,0,1,1,8,0.251664,0.260845,0,0
18302,,9,0,2,2,0,2,2,9,0.185614,0.190164,0,1
18305,,7,0,1,1,0,1,1,9,0.226164,0.233246,0,0
18308,,11,0,1,1,0,1,1,9,0.23666,0.245195,0,0
18309,,10,0,1,1,0,1,1,9,0.227723,0.235174,0,0
18310,,8,0,1,1,0,1,1,9,0.198884,0.203512,0,0
18314,,8,0,1,1,0,1,1,9,0.223726,0.230675,0,0
18315,,16,0,1,1,0,1,1,8,0.257544,0.268689,0,0
18318,,11,0,1,1,0,1,1,9,0.225635,0.232826,0,0
18320,,16,0,1,1,0,1,1,9,0.205163,0.210721,0,0
18321,,10,0,1,1,0,1,1,9,0.20908,0.214243,0,0
18323,,11,0,1,1,0,1,1,8,0.240389,0.248209,0,0
18326,,0,0,1,1,0,1,1,8,0.230853,0.23867,0,0
18327,,9,0,2,2,0,2,2,10,0.164897,0.168049,0,0.5
18328,,9,0,2,2,0,2,2,10,0.164897,0.168049,0,0.5
18329,,11,0,1,1,0,1,1,9,0.231783,0.240091,0,0
18330,,9,0,2,2,0,2,2,10,0.164897,0.168049,0,0.5
18333,,0,0,1,1,0,1,1,8,0.230717,0.238683,0,0
18334,,16,0,3,3,0,3,3,8,0.238036,0.246517,0,0.5
18336,,7,0,2,2,0,2,2,8,0.25008,0.25945,0,1
18337,,21,0,1,1,0,1,1,1,1,1,0,0
18338,,21,0,1,1,0,1,1,1,1,1,0,0
18339,,11,0,1,1,0,1,1,8,0.236167,0.244733,0,0
18341,,8,0,1,1,0,1,1,9,0.226507,0.233208,0,0
18343,,15,0,2,2,0,2,2,8,0.234838,0.243325,0,0.5
18344,,16,0,1,1,0,1,1,8,0.230955,0.238384,0,0
24877,,11,1,4,5,1,4,5,8,0.252231,0.262437,2.916133,0.6
29497,,11,2,1,3,2,1,3,8,0.251379,0.261448,0,0.5
18347,,7,0,1,1,0,1,1,8,0.229363,0.236015,0,0
18349,,11,0,6,6,0,6,6,8,0.250439,0.261621,0,0.166667
18351,,180,0,1,1,0,1,1,1,1,1,0,0
18352,,180,1,0,1,1,0,1,0,0,0,0,0
18355,,11,1,1,2,1,1,2,10,0.173356,0.176347,18827,0
18356,,16,0,1,1,0,1,1,10,0.184988,0.188951,0,0
18832,,12,1,1,2,1,1,2,1,1,1,0,0
18363,,21,0,1,1,0,1,1,1,1,1,0,0
18364,,10,0,1,1,0,1,1,9,0.209471,0.215102,0,0
18366,,10,0,2,2,0,2,2,9,0.224409,0.231547,0,0
18369,,16,0,1,1,0,1,1,9,0.186402,0.190307,0,0
18371,,7,0,1,1,0,1,1,9,0.209629,0.215018,0,0
27086,,7,1,3,4,1,3,4,8,0.233692,0.241733,341.251206,0.25
18550,,7,1,0,1,1,0,1,0,0,0,0,0
18686,,7,1,0,1,1,0,1,0,0,0,0,0
23778,,7,1,0,1,1,0,1,0,0,0,0,0
18374,,13,0,1,1,0,1,1,1,1,1,0,0
18380,,121,0,1,1,0,1,1,10,0.178452,0.182062,0,0
18381,,11,0,5,5,0,5,5,9,0.232038,0.239875,0,0.35
23418,,11,1,1,2,1,1,2,9,0.219125,0.225325,0,0.5
18385,,8,0,1,1,0,1,1,1,1,1,0,0
18387,,7,0,1,1,0,1,1,10,0.178816,0.182115,0,0
18389,,1,0,1,1,0,1,1,8,0.229128,0.236488,0,0
18391,,2,1,0,1,1,0,1,0,0,0,0,0
18393,,16,0,1,1,0,1,1,9,0.195191,0.199446,0,0
18395,,7,0,1,1,0,1,1,9,0.201952,0.206841,0,0
18397,,2,0,1,1,0,1,1,1,1,1,0,0
18398,,8,0,1,1,0,1,1,9,0.224577,0.231594,0,0
18399,,7,0,1,1,0,1,1,9,0.206708,0.212248,0,0
18404,,7,1,0,1,1,0,1,0,0,0,0,0
22953,,7,1,0,1,1,0,1,0,0,0,0,0
18406,,9,0,4,4,0,4,4,9,0.223254,0.230888,0,0.5
18407,,18,0,1,1,0,1,1,2,0.545455,0.583333,0,0
18410,,7,0,2,2,0,2,2,1,1,1,0,0
18411,,7,0,1,1,0,1,1,9,0.224355,0.231466,0,0
18416,,181,0,1,1,0,1,1,1,1,1,0,0
18417,,181,1,0,1,1,0,1,0,0,0,0,0
18418,,5,3,3,6,3,3,6,9,0.234061,0.242525,1629.066276,0.133333
18419,,1,0,1,1,0,1,1,10,0.178303,0.181862,0,0
18421,,7,0,1,1,0,1,1,9,0.217945,0.223743,0,0
18423,,182,0,1,1,0,1,1,1,1,1,0,0
18424,,182,1,0,1,1,0,1,0,0,0,0,0
18426,,2,0,1,1,0,1,1,8,0.261475,0.272568,0,0
18428,,5,1,2,3,1,2,3,8,0.263681,0.274464,18825,0
18430,,16,0,1,1,0,1,1,9,0.195827,0.200589,0,0
18432,,56,0,2,2,0,2,2,9,0.202043,0.206758,0,0
18434,,24,1,1,2,1,1,2,9,0.209938,0.21553,107.419323,0
18435,,10,0,1,1,0,1,1,9,0.199678,0.204613,0,0
18436,,8,0,1,1,0,1,1,9,0.226946,0.234172,0,0
18441,,13,0,1,1,0,1,1,9,0.195066,0.199384,0,0
18443,,7,0,1,1,0,1,1,1,1,1,0,0
18445,,5,0,1,1,0,1,1,10,0.19364,0.198159,0,0
18446,,7,0,1,1,0,1,1,9,0.207609,0.212853,0,0
18447,,9,0,2,2,0,2,2,9,0.209224,0.214928,0,0
23436,,11,1,0,1,1,0,1,0,0,0,0,0
18450,,11,0,1,1,0,1,1,9,0.201636,0.206639,0,0
18451,,8,0,1,1,0,1,1,8,0.242744,0.250975,0,0
18452,,16,0,2,2,0,2,2,8,0.243246,0.251543,0,0.5
18453,,10,0,13,13,0,13,13,7,0.300738,0.316441,0,0.237179
18454,,10,1,0,1,1,0,1,0,0,0,0,0
18455,,16,0,2,2,0,2,2,9,0.210715,0.216584,0,0.5
18456,,0,0,1,1,0,1,1,8,0.242388,0.250662,0,0
18457,,10,0,1,1,0,1,1,9,0.229337,0.237191,0,0
21713,,6,1,0,1,1,0,1,0,0,0,0,0
18463,,12,0,1,1,0,1,1,8,0.236841,0.24458,0,0
18464,,16,0,1,1,0,1,1,1,1,1,0,0
18465,,11,0,1,1,0,1,1,9,0.193809,0.197837,0,0
18467,,7,0,1,1,0,1,1,7,0.293553,0.307954,0,0
18468,,8,0,1,1,0,1,1,10,0.187138,0.191103,0,0
18469,,16,0,1,1,0,1,1,8,0.236961,0.24442,0,0
18472,,183,0,1,1,0,1,1,1,1,1,0,0
18473,,183,1,0,1,1,0,1,0,0,0,0,0
18474,,7,0,1,1,0,1,1,8,0.235023,0.242331,0,0
25175,,9,3,1,4,3,1,4,10,0.179077,0.182771,0,0.5
24885,,9,12,2,14,12,2,14,10,0.164893,0.168041,84143.366273,0.120879
31101,,9,1,0,1,1,0,1,0,0,0,0,0
18478,,11,0,1,1,0,1,1,8,0.251382,0.261452,0,0
18479,,16,0,1,1,0,1,1,8,0.257544,0.268689,0,0
18480,,0,0,2,2,0,2,2,8,0.23072,0.23871,0,1
18482,,7,0,1,1,0,1,1,10,0.175434,0.178494,0,0
24260,,7,1,0,1,1,0,1,0,0,0,0,0
28179,,7,2,3,5,2,3,5,8,0.24437,0.252747,110.620536,0.666667
35238,,7,1,0,1,1,0,1,0,0,0,0,0
18485,,11,0,1,1,0,1,1,9,0.206138,0.21144,0,0
18486,,11,0,1,1,0,1,1,9,0.22454,0.231184,0,0
18487,,11,0,1,1,0,1,1,9,0.228697,0.235899,0,0
18488,,8,0,1,1,0,1,1,9,0.226025,0.232676,0,0
18490,,6,0,1,1,0,1,1,8,0.234493,0.241933,0,0
21771,,7,1,0,1,1,0,1,0,0,0,0,0
18492,,5,0,1,1,0,1,1,8,0.245108,0.253561,0,0
18495,,15,0,1,1,0,1,1,8,0.224983,0.23254,0,0
18496,,11,0,1,1,0,1,1,8,0.207072,0.212175,0,0
18497,,11,0,1,1,0,1,1,1,1,1,0,0
18498,,16,0,4,4,0,4,4,8,0.241824,0.250959,0,0.083333
18500,,16,0,1,1,0,1,1,1,1,1,0,0
18502,,7,0,1,1,0,1,1,9,0.192003,0.195864,0,0
18503,,11,0,1,1,0,1,1,9,0.225635,0.232826,0,0
18504,,15,0,1,1,0,1,1,8,0.23999,0.247696,0,0
18506,,2,0,1,1,0,1,1,8,0.261475,0.272568,0,0
18507,,16,0,1,1,0,1,1,10,0.19202,0.196623,0,0
18510,,11,0,1,1,0,1,1,9,0.238773,0.247361,0,0
18512,,15,0,1,1,0,1,1,8,0.23485,0.242175,0,0
18513,,8,0,2,2,0,2,2,9,0.236565,0.244333,0,0
33742,,8,1,0,1,1,0,1,0,0,0,0,0
18517,,8,0,1,1,0,1,1,8,0.24685,0.256506,0,0
18519,,11,0,1,1,0,1,1,9,0.219685,0.226136,0,0
18520,,2,0,1,1,0,1,1,8,0.261475,0.272568,0,0
18522,,7,0,1,1,0,1,1,9,0.20921,0.214873,0,0
18526,,8,0,1,1,0,1,1,9,0.21093,0.216501,0,0
18529,,12,0,1,1,0,1,1,8,0.234438,0.242011,0,0
18536,,10,0,4,4,0,4,4,8,0.264383,0.275581,0,0.25
18539,,8,0,1,1,0,1,1,8,0.262756,0.273466,0,0
18542,,21,0,1,1,0,1,1,8,0.240355,0.248397,0,0
18543,,10,0,3,3,0,3,3,9,0.233062,0.241343,0,0
18545,,8,0,1,1,0,1,1,8,0.244564,0.253553,0,0
18546,,7,0,1,1,0,1,1,8,0.247779,0.256716,0,0
18547,,10,0,1,1,0,1,1,10,0.193208,0.197972,0,0
18549,,8,0,1,1,0,1,1,9,0.221666,0.227874,0,0
18552,,8,0,1,1,0,1,1,9,0.218206,0.224461,0,0
18553,,184,0,1,1,0,1,1,1,1,1,0,0
18554,,184,1,0,1,1,0,1,0,0,0,0,0
18555,,15,0,2,2,0,2,2,9,0.19829,0.203529,0,0
18556,,11,0,1,1,0,1,1,8,0.251382,0.261452,0,0
18559,,6,0,1,1,0,1,1,8,0.247395,0.256736,0,0
18560,,0,0,2,2,0,2,2,8,0.231262,0.239418,0,1
18562,,8,0,1,1,0,1,1,1,1,1,0,0
18563,,6,0,3,3,0,3,3,8,0.247665,0.257174,0,0.333333
18565,,0,0,3,3,0,3,3,8,0.232783,0.241142,0,0.333333
18569,,11,0,1,1,0,1,1,8,0.251382,0.261452,0,0
18571,,11,0,1,1,0,1,1,8,0.234514,0.24306,0,0
18573,,1,1,1,2,1,1,2,9,0.21837,0.224876,18827,0
18574,,7,0,1,1,0,1,1,8,0.251523,0.26155,0,0
18576,,24,0,1,1,0,1,1,10,0.188374,0.192412,0,0
18578,,24,0,1,1,0,1,1,8,0.22375,0.230857,0,0
18582,,11,0,1,1,0,1,1,9,0.206461,0.211854,0,0
18590,,16,0,1,1,0,1,1,9,0.234736,0.243231,0,0
18591,,15,0,1,1,0,1,1,9,0.197375,0.20148,0,0
18592,,15,1,1,2,1,1,2,8,0.245899,0.253968,18827,0
18596,,2,0,1,1,0,1,1,8,0.261475,0.272568,0,0
18598,,8,0,1,1,0,1,1,9,0.226957,0.234476,0,0
18601,,16,0,1,1,0,1,1,8,0.226534,0.233342,0,0
18607,,11,0,1,1,0,1,1,10,0.173356,0.176347,0,0
18611,,11,0,4,4,0,4,4,8,0.232429,0.240825,0,0.583333
18615,,8,0,1,1,0,1,1,9,0.224765,0.231975,0,0
19140,,11,1,0,1,1,0,1,0,0,0,0,0
27938,,11,1,0,1,1,0,1,0,0,0,0,0
18620,,5,0,1,1,0,1,1,9,0.23711,0.245258,0,0
18621,,8,0,1,1,0,1,1,9,0.181017,0.184512,0,0
18623,,13,0,1,1,0,1,1,8,0.235883,0.243933,0,0
18627,,7,0,1,1,0,1,1,1,1,1,0,0
18629,,16,1,0,1,1,0,1,0,0,0,0,0
18630,,11,0,2,2,0,2,2,8,0.232427,0.240777,0,0
19452,,11,1,1,2,1,1,2,9,0.188905,0.193288,0.5,0
18633,,16,0,2,2,0,2,2,9,0.220055,0.226882,0,0
18634,,2,0,1,1,0,1,1,9,0.208767,0.214577,0,0
18635,,8,0,1,1,0,1,1,9,0.216427,0.222015,0,0
18636,,10,0,2,2,0,2,2,9,0.220735,0.227062,0,0
18637,,19,0,1,1,0,1,1,9,0.224454,0.231835,0,0
18638,,16,0,9,9,0,9,9,9,0.229341,0.236986,0,0.083333
34233,,16,1,0,1,1,0,1,0,0,0,0,0
18639,,15,0,1,1,0,1,1,9,0.210369,0.216199,0,0
18640,,18,0,1,1,0,1,1,9,0.21286,0.218905,0,0
18642,,7,0,1,1,0,1,1,9,0.213284,0.219286,0,0
18645,,318,0,1,1,0,1,1,1,1,1,0,0
23533,,11,1,0,1,1,0,1,0,0,0,0,0
18648,,9,0,1,1,0,1,1,10,0.164896,0.168023,0,0
18649,,8,0,1,1,0,1,1,9,0.225042,0.231898,0,0
18650,,10,0,2,2,0,2,2,9,0.198708,0.2034,0,0
18651,,7,0,1,1,0,1,1,9,0.207609,0.212853,0,0
18652,,185,0,1,1,0,1,1,1,1,1,0,0
18653,,185,1,0,1,1,0,1,0,0,0,0,0
18658,,15,0,1,1,0,1,1,9,0.199896,0.204999,0,0
18659,,7,0,3,3,0,3,3,8,0.25842,0.268759,0,0.333333
18660,,7,1,0,1,1,0,1,0,0,0,0,0
18663,,16,0,1,1,0,1,1,9,0.210713,0.216558,0,0
18665,,11,0,4,4,0,4,4,9,0.190786,0.195228,0,0.166667
18668,,15,0,3,3,0,3,3,9,0.22283,0.230193,0,0
18669,,15,1,0,1,1,0,1,0,0,0,0,0
18675,,186,0,1,1,0,1,1,1,1,1,0,0
18676,,186,1,0,1,1,0,1,0,0,0,0,0
18677,,5,0,1,1,0,1,1,9,0.229028,0.236621,0,0
18678,,15,0,1,1,0,1,1,9,0.220297,0.227161,0,0
18680,,12,1,1,2,1,1,2,1,1,1,25977,0
30099,,12,1,0,1,1,0,1,0,0,0,0,0
18684,,10,0,1,1,0,1,1,9,0.229704,0.237714,0,0
18685,,7,0,1,1,0,1,1,9,0.220744,0.227032,0,0
18687,,9,0,2,2,0,2,2,9,0.185614,0.190164,0,1
18688,,8,0,2,2,0,2,2,9,0.222968,0.23034,0,1
18689,,11,0,1,1,0,1,1,9,0.193226,0.197302,0,0
18691,,19,0,1,1,0,1,1,9,0.222431,0.229647,0,0
18693,,7,0,1,1,0,1,1,8,0.235023,0.242331,0,0
18694,,16,0,2,2,0,2,2,8,0.236434,0.245117,0,1
18696,,11,0,3,3,0,3,3,8,0.232426,0.240799,0,0.666667
18698,,11,0,1,1,0,1,1,8,0.232829,0.239934,0,0
18699,,11,0,2,2,0,2,2,8,0.232427,0.240777,0,0
19356,,11,1,1,2,1,1,2,9,0.188905,0.193288,0.5,0
18700,,11,0,2,2,0,2,2,8,0.232421,0.240763,0,1
18701,,11,0,1,1,0,1,1,9,0.23085,0.239151,0,0
18702,,12,0,1,1,0,1,1,8,0.234438,0.242011,0,0
18704,,7,0,6,6,0,6,6,7,0.300032,0.315658,0,0.366667
18705,,11,0,3,3,0,3,3,8,0.232426,0.240799,0,0.666667
18706,,2,0,1,1,0,1,1,8,0.261475,0.272568,0,0
18707,,7,0,1,1,0,1,1,8,0.272188,0.283721,0,0
18712,,11,0,2,2,0,2,2,8,0.232423,0.240772,0,0
27003,,11,7,0,7,7,0,7,0,0,0,0,0
18713,,11,0,1,1,0,1,1,8,0.232418,0.240737,0,0
18714,,8,0,1,1,0,1,1,8,0.262756,0.273466,0,0
18716,,16,0,1,1,0,1,1,9,0.214851,0.22109,0,0
18718,,18,0,1,1,0,1,1,2,0.666667,0.75,0,0
18720,,16,1,3,4,1,3,4,8,0.241118,0.250136,18825,0.333333
18721,,10,0,3,3,0,3,3,8,0.233612,0.240496,0,0.333333
18723,,16,0,3,3,0,3,3,9,0.206332,0.212102,0,0.333333
18726,,3,0,1,1,0,1,1,1,1,1,0,0
18727,,3,0,1,1,0,1,1,10,0.177528,0.180938,0,0
18729,,12,0,1,1,0,1,1,9,0.195014,0.200132,0,0
18730,,11,0,3,3,0,3,3,8,0.232426,0.240799,0,0.333333
18731,,16,0,1,1,0,1,1,11,0.160269,0.162784,0,0
18732,,2,0,3,3,0,3,3,8,0.266554,0.278523,0,0.5
18734,,187,0,1,1,0,1,1,1,1,1,0,0
18735,,187,1,0,1,1,0,1,0,0,0,0,0
18737,,11,0,1,1,0,1,1,9,0.215775,0.22222,0,0
18738,,7,0,2,2,0,2,2,8,0.248893,0.258579,0,0.5
18739,,11,0,1,1,0,1,1,8,0.244275,0.253708,0,0
18744,,16,0,1,1,0,1,1,9,0.234736,0.243231,0,0
18745,,136,0,5,5,0,5,5,10,0.163304,0.166096,0,0.3
18881,,11,1,1,2,1,1,2,9,0.22046,0.227379,0,1
33359,,15,1,1,2,1,1,2,10,0.173358,0.176349,3.059524,0
18749,,7,0,1,1,0,1,1,9,0.226389,0.233867,0,0
18752,,8,0,1,1,0,1,1,9,0.19551,0.200141,0,0
18755,,12,2,1,3,2,1,3,8,0.236841,0.24458,24162.626969,0
18756,,8,0,1,1,0,1,1,9,0.198884,0.203512,0,0
18769,,11,1,2,3,1,2,3,9,0.191094,0.195518,1,0.166667
27908,,0,1,0,1,1,0,1,0,0,0,0,0
18772,,11,0,1,1,0,1,1,9,0.189119,0.192925,0,0
18773,,11,0,1,1,0,1,1,9,0.2263,0.234284,0,0
18774,,11,0,3,3,0,3,3,9,0.237194,0.24498,0,0.166667
21119,,11,1,0,1,1,0,1,0,0,0,0,0
25741,,11,2,0,2,2,0,2,0,0,0,0,0
30675,,11,1,1,2,1,1,2,9,0.217122,0.223496,0,0.5
18778,,0,0,1,1,0,1,1,9,0.19349,0.197761,0,0
18779,,15,0,2,2,0,2,2,10,0.179164,0.182357,0,0
18780,,15,1,0,1,1,0,1,0,0,0,0,0
18784,,7,0,3,3,0,3,3,8,0.263252,0.274849,0,0.5
20647,,6,2,4,6,2,4,6,9,0.203661,0.208958,205461.046326,0
25907,,11,2,1,3,2,1,3,12,0.12643,0.127694,26340.46675,0
18787,,11,0,1,1,0,1,1,9,0.219598,0.226231,0,0
31656,,7,1,0,1,1,0,1,0,0,0,0,0
18792,,7,0,1,1,0,1,1,9,0.226389,0.233867,0,0
18794,,11,0,1,1,0,1,1,8,0.234514,0.24306,0,0
18799,,8,0,1,1,0,1,1,9,0.211842,0.21746,0,0
18800,,7,0,2,2,0,2,2,9,0.227495,0.234389,0,0.5
18804,,8,0,1,1,0,1,1,9,0.209793,0.215257,0,0
18805,,6,0,1,1,0,1,1,1,1,1,0,0
18808,,8,0,2,2,0,2,2,9,0.209642,0.215306,0,0.5
29245,,8,1,2,3,1,2,3,9,0.209636,0.215291,1,0.333333
18811,,15,0,1,1,0,1,1,9,0.216799,0.222974,0,0
18814,,121,0,1,1,0,1,1,10,0.178452,0.182062,0,0
18815,,11,0,1,1,0,1,1,8,0.251382,0.261452,0,0
18816,,16,0,1,1,0,1,1,8,0.226676,0.234633,0,0
18817,,19,0,1,1,0,1,1,1,1,1,0,0
18818,,7,0,1,1,0,1,1,9,0.212064,0.218043,0,0
18819,,19,0,1,1,0,1,1,1,1,1,0,0
18820,,15,0,2,2,0,2,2,9,0.222647,0.230258,0,0
18821,,2,0,1,1,0,1,1,9,0.207618,0.213023,0,0
18822,,8,0,1,1,0,1,1,8,0.233287,0.240487,0,0
30210,,8,1,1,2,1,1,2,8,0.230003,0.23674,0,0
18824,,7,0,1,1,0,1,1,9,0.226164,0.233246,0,0
18827,,7,0,1,1,0,1,1,9,0.226164,0.233246,0,0
18829,,8,0,1,1,0,1,1,9,0.230193,0.238549,0,0
18830,,9,0,4,4,0,4,4,10,0.186345,0.190555,0,0.25
18847,,9,1,2,3,1,2,3,10,0.186447,0.190721,10.067339,0.333333
18831,,0,0,5,5,0,5,5,8,0.231842,0.240181,0,0.45
21496,,121,5,2,7,5,2,7,11,0.151444,0.15368,176570,0
18904,,8,1,0,1,1,0,1,0,0,0,0,0
18838,,16,0,1,1,0,1,1,8,0.257544,0.268689,0,0
18842,,8,0,1,1,0,1,1,8,0.262756,0.273466,0,0
18845,,11,0,2,2,0,2,2,9,0.190251,0.194664,0,0.5
18850,,8,0,1,1,0,1,1,9,0.220062,0.226484,0,0
18852,,16,1,0,1,1,0,1,0,0,0,0,0
18853,,16,1,0,1,1,0,1,0,0,0,0,0
19576,,16,1,0,1,1,0,1,0,0,0,0,0
20577,,16,1,0,1,1,0,1,0,0,0,0,0
31369,,16,1,0,1,1,0,1,0,0,0,0,0
18855,,7,1,2,3,1,2,3,8,0.266186,0.277609,0,0.833333
18856,,8,0,3,3,0,3,3,9,0.227051,0.234654,0,0
20931,,56,2,1,3,2,1,3,9,0.211205,0.216853,18875.52957,0
18860,,0,0,62,62,0,62,62,7,0.293852,0.310919,0,0.075093
26804,,0,1,0,1,1,0,1,0,0,0,0,0
18861,,16,0,1,1,0,1,1,8,0.234941,0.243151,0,0
18862,,16,0,1,1,0,1,1,9,0.234736,0.243231,0,0
18863,,2,0,1,1,0,1,1,10,0.177482,0.181076,0,0
18864,,2,2,4,6,2,4,6,9,0.215768,0.222357,37657,0
29879,,2,1,0,1,1,0,1,0,0,0,0,0
32531,,2,1,1,2,1,1,2,10,0.177476,0.181059,0,0
18866,,0,0,2,2,0,2,2,8,0.223219,0.230379,0,1
18868,,2,0,2,2,0,2,2,8,0.261508,0.272652,0,0
18869,,1,0,1,1,0,1,1,9,0.196738,0.201165,0,0
34702,,8,1,1,2,1,1,2,9,0.196327,0.20122,0,0
18871,,8,0,1,1,0,1,1,9,0.232432,0.240139,0,0
18874,,8,0,1,1,0,1,1,8,0.235105,0.243285,0,0
18875,,11,0,1,1,0,1,1,8,0.251382,0.261452,0,0
18876,,188,0,1,1,0,1,1,1,1,1,0,0
18877,,188,1,0,1,1,0,1,0,0,0,0,0
18878,,1,0,2,2,0,2,2,9,0.21749,0.223963,0,0.5
27427,,7,1,0,1,1,0,1,0,0,0,0,0
18882,,12,0,1,1,0,1,1,9,0.208155,0.213697,0,0
18883,,0,0,1,1,0,1,1,9,0.190379,0.194756,0,0
18884,,189,0,1,1,0,1,1,1,1,1,0,0
18885,,189,1,0,1,1,0,1,0,0,0,0,0
18887,,7,0,1,1,0,1,1,9,0.219145,0.22531,0,0
18888,,7,0,1,1,0,1,1,9,0.219145,0.22531,0,0
18889,,2,0,2,2,0,2,2,8,0.261581,0.272724,0,0.5
18891,,7,0,1,1,0,1,1,9,0.219145,0.22531,0,0
18894,,8,0,1,1,0,1,1,9,0.225039,0.232567,0,0
18895,,190,0,1,1,0,1,1,1,1,1,0,0
18896,,190,1,0,1,1,0,1,0,0,0,0,0
18897,,11,0,1,1,0,1,1,9,0.212006,0.218284,0,0
18898,,15,0,1,1,0,1,1,1,1,1,0,0
18899,,11,0,1,1,0,1,1,8,0.232418,0.240737,0,0
18901,,11,0,1,1,0,1,1,9,0.215775,0.22222,0,0
18902,,18,0,1,1,0,1,1,2,0.545455,0.583333,0,0
18903,,7,0,3,3,0,3,3,9,0.229452,0.237029,0,0.166667
18906,,7,0,1,1,0,1,1,9,0.219145,0.22531,0,0
18907,,1,0,1,1,0,1,1,8,0.229128,0.236488,0,0
18909,,8,0,1,1,0,1,1,9,0.228964,0.236007,0,0
18910,,0,0,2,2,0,2,2,8,0.229704,0.237609,0,1
18911,,11,0,2,2,0,2,2,8,0.239031,0.246338,0,0
18913,,9,0,1,1,0,1,1,9,0.202417,0.207306,0,0
18915,,8,0,1,1,0,1,1,9,0.211885,0.217619,0,0
18916,,8,0,1,1,0,1,1,8,0.219895,0.226484,0,0
18922,,12,0,1,1,0,1,1,9,0.208155,0.213697,0,0
18926,,15,0,1,1,0,1,1,10,0.180531,0.184248,0,0
18928,,8,0,1,1,0,1,1,8,0.223971,0.231195,0,0
18930,,11,0,1,1,0,1,1,8,0.227034,0.234934,0,0
18931,,15,0,1,1,0,1,1,10,0.167821,0.170934,0,0
18932,,15,0,1,1,0,1,1,10,0.195014,0.199652,0,0
18933,,7,0,3,3,0,3,3,8,0.260275,0.271243,0,0.5
30788,,8,1,0,1,1,0,1,0,0,0,0,0
33004,,8,1,2,3,1,2,3,8,0.239666,0.248786,0,1
31338,,8,1,2,3,1,2,3,9,0.217654,0.224201,0,1
35074,,8,1,1,2,1,1,2,9,0.217569,0.224078,0,0
18937,,7,0,1,1,0,1,1,9,0.219145,0.22531,0,0
18938,,11,0,1,1,0,1,1,8,0.235824,0.242716,0,0
27724,,5,2,3,5,2,3,5,9,0.221071,0.227921,0.927273,0.583333
18942,,24,0,2,2,0,2,2,9,0.214002,0.220325,0,0
18948,,18,0,1,1,0,1,1,9,0.21286,0.218905,0,0
18949,,7,0,2,2,0,2,2,8,0.234248,0.242535,0,0
18951,,12,0,1,1,0,1,1,9,0.217956,0.224292,0,0
18952,,7,0,1,1,0,1,1,9,0.221081,0.227768,0,0
18954,,11,0,1,1,0,1,1,9,0.197937,0.202631,0,0
18959,,10,0,1,1,0,1,1,8,0.233638,0.242002,0,0
18960,,8,0,3,3,0,3,3,8,0.265547,0.277014,0,0.5
18963,,6,0,2,2,0,2,2,8,0.256715,0.267688,0,1
18964,,11,0,4,4,0,4,4,9,0.188916,0.193394,0,0.333333
18965,,6,0,2,2,0,2,2,8,0.256715,0.267688,0,1
18967,,6,0,2,2,0,2,2,8,0.256715,0.267688,0,1
18969,,11,0,1,1,0,1,1,9,0.198143,0.202964,0,0
18971,,7,0,1,1,0,1,1,8,0.242475,0.25106,0,0
18974,,8,0,1,1,0,1,1,1,1,1,0,0
18976,,15,0,1,1,0,1,1,9,0.219332,0.226151,0,0
18977,,11,0,1,1,0,1,1,9,0.229659,0.236946,0,0
18978,,16,0,2,2,0,2,2,8,0.230966,0.238438,0,1
18983,,7,0,1,1,0,1,1,9,0.210294,0.215825,0,0
25205,,11,1,1,2,1,1,2,9,0.205342,0.210857,0,1
26883,,11,1,1,2,1,1,2,9,0.212169,0.218003,0,0
18996,,11,0,1,1,0,1,1,10,0.186255,0.190506,0,0
18997,,11,0,1,1,0,1,1,9,0.221572,0.228332,0,0
18998,,24,0,1,1,0,1,1,9,0.212999,0.219178,0,0
18999,,12,0,2,2,0,2,2,10,0.172734,0.175916,0,0
19000,,12,1,0,1,1,0,1,0,0,0,0,0
19002,,5,0,1,1,0,1,1,8,0.225592,0.232523,0,0
19003,,3,0,1,1,0,1,1,1,1,1,0,0
19005,,5,0,2,2,0,2,2,9,0.201399,0.206013,0,0
19006,,5,1,0,1,1,0,1,0,0,0,0,0
19008,,1,0,2,2,0,2,2,9,0.232094,0.239669,0,0.5
19010,,2,1,1,2,1,1,2,10,0.173059,0.176214,0,0.5
19011,,0,0,2,2,0,2,2,8,0.229634,0.237468,0,1
19012,,10,0,1,1,0,1,1,9,0.227723,0.235174,0,0
19014,,8,0,1,1,0,1,1,9,0.226897,0.234639,0,0
19017,,15,0,3,3,0,3,3,8,0.247372,0.257071,0,0.333333
19019,,1,1,1,2,1,1,2,9,0.217147,0.223524,44.903204,0
19070,,11,1,0,1,1,0,1,0,0,0,0,0
19021,,8,0,1,1,0,1,1,1,1,1,0,0
19023,,5,0,1,1,0,1,1,9,0.199975,0.204555,0,0
29196,,9,1,2,3,1,2,3,11,0.141595,0.143692,0,0.5
19026,,11,0,2,2,0,2,2,9,0.225638,0.232853,0,1
19028,,0,0,1,1,0,1,1,9,0.222605,0.230046,0,0
19032,,0,0,1,1,0,1,1,8,0.228936,0.236648,0,0
19033,,7,0,1,1,0,1,1,8,0.2284,0.235296,0,0
19035,,191,0,1,1,0,1,1,1,1,1,0,0
19036,,191,1,0,1,1,0,1,0,0,0,0,0
19039,,8,0,3,3,0,3,3,8,0.266441,0.278329,0,0.333333
19531,,6,1,0,1,1,0,1,0,0,0,0,0
19042,,11,0,1,1,0,1,1,10,0.184129,0.187968,0,0
19043,,7,0,1,1,0,1,1,9,0.200066,0.204368,0,0
19045,,8,0,1,1,0,1,1,9,0.221406,0.228258,0,0
19046,,11,0,2,2,0,2,2,9,0.22498,0.231937,0,1
19047,,11,0,2,2,0,2,2,9,0.224983,0.231945,0,0
19048,,16,0,1,1,0,1,1,8,0.257544,0.268689,0,0
19050,,9,0,1,1,0,1,1,10,0.164896,0.168023,0,0
19051,,15,0,2,2,0,2,2,9,0.22554,0.23253,0,0
19055,,6,0,2,2,0,2,2,8,0.256715,0.267688,0,1
19056,,11,0,2,2,0,2,2,8,0.248955,0.258684,0,1
19057,,318,0,1,1,0,1,1,1,1,1,0,0
19059,,16,0,1,1,0,1,1,9,0.234736,0.243231,0,0
26268,,11,1,0,1,1,0,1,0,0,0,0,0
33876,,11,1,0,1,1,0,1,0,0,0,0,0
19064,,3,0,2,2,0,2,2,11,0.147775,0.149921,0,1
19066,,11,0,1,1,0,1,1,8,0.246659,0.25616,0,0
19068,,2,0,3,3,0,3,3,9,0.214677,0.221025,0,1
19072,,8,0,1,1,0,1,1,9,0.219388,0.22606,0,0
19075,,10,0,1,1,0,1,1,9,0.200149,0.205763,0,0
19076,,7,0,1,1,0,1,1,9,0.226164,0.233246,0,0
19077,,8,0,1,1,0,1,1,8,0.242826,0.251829,0,0
19543,,16,1,1,2,1,1,2,2,0.545455,0.583333,0,0
22196,,16,1,2,3,1,2,3,2,0.6,0.666667,0,1
22891,,16,1,0,1,1,0,1,0,0,0,0,0
24416,,16,1,0,1,1,0,1,0,0,0,0,0
31066,,16,1,0,1,1,0,1,0,0,0,0,0
19729,,8,1,0,1,1,0,1,0,0,0,0,0
19082,,5,0,1,1,0,1,1,9,0.227897,0.235595,0,0
19087,,8,0,1,1,0,1,1,8,0.224345,0.231026,0,0
19089,,8,0,1,1,0,1,1,8,0.23001,0.236754,0,0
19090,,8,0,1,1,0,1,1,8,0.23001,0.236754,0,0
19091,,16,0,3,3,0,3,3,8,0.232636,0.240922,0,0.666667
19092,,10,0,1,1,0,1,1,9,0.225592,0.232933,0,0
19097,,8,0,1,1,0,1,1,8,0.23001,0.236754,0,0
19098,,0,0,2,2,0,2,2,8,0.242394,0.250697,0,0.5
19099,,7,0,1,1,0,1,1,9,0.20921,0.214873,0,0
19100,,8,0,1,1,0,1,1,8,0.23001,0.236754,0,0
19101,,8,0,1,1,0,1,1,9,0.20809,0.213256,0,0
19102,,8,1,1,2,1,1,2,8,0.262756,0.273466,18827,0
19106,,0,0,1,1,0,1,1,8,0.230918,0.237946,0,0
19107,,1,0,1,1,0,1,1,10,0.173358,0.176349,0,0
19109,,0,0,1,1,0,1,1,9,0.218335,0.225066,0,0
19111,,11,0,1,1,0,1,1,9,0.197885,0.202269,0,0
19112,,8,0,1,1,0,1,1,9,0.214101,0.220082,0,0
19118,,12,0,2,2,0,2,2,9,0.213615,0.21959,0,0
19119,,12,1,0,1,1,0,1,0,0,0,0,0
19122,,11,0,1,1,0,1,1,9,0.212123,0.218423,0,0
27721,,13,1,0,1,1,0,1,0,0,0,0,0
19126,,8,0,1,1,0,1,1,8,0.242744,0.250975,0,0
19128,,11,0,1,1,0,1,1,8,0.230811,0.237501,0,0
19130,,15,0,1,1,0,1,1,9,0.195506,0.200323,0,0
19131,,8,0,1,1,0,1,1,8,0.262756,0.273466,0,0
19138,,8,0,2,2,0,2,2,10,0.187089,0.191415,0,0
19139,,11,0,1,1,0,1,1,8,0.232418,0.240737,0,0
23500,,6,1,1,2,1,1,2,9,0.220306,0.227437,0,1
25229,,6,1,1,2,1,1,2,1,1,1,25976,0
25273,,6,2,2,4,2,2,4,8,0.231959,0.238928,16572.023089,0
31460,,6,2,1,3,2,1,3,9,0.220306,0.227437,0,1
32158,,6,1,1,2,1,1,2,10,0.181629,0.185569,25973,0
19144,,8,0,1,1,0,1,1,9,0.212528,0.218441,0,0
19148,,0,1,1,2,1,1,2,11,0.151982,0.154199,0,0
19149,,0,1,2,3,1,2,3,10,0.179219,0.182896,18827,0
19152,,7,0,1,1,0,1,1,8,0.226935,0.234515,0,0
19153,,7,0,1,1,0,1,1,9,0.20921,0.214873,0,0
19155,,0,0,2,2,0,2,2,9,0.218342,0.22511,0,1
19159,,8,0,1,1,0,1,1,10,0.180044,0.183614,0,0
19160,,5,0,2,2,0,2,2,9,0.198775,0.203328,0,0
19162,,15,1,1,2,1,1,2,9,0.188353,0.192456,18827,0
19163,,7,0,1,1,0,1,1,8,0.237622,0.245065,0,0
19165,,7,0,1,1,0,1,1,8,0.252153,0.261614,0,0
19168,,5,0,3,3,0,3,3,8,0.255621,0.265827,0,0.166667
19647,,5,1,0,1,1,0,1,0,0,0,0,0
19169,,7,0,1,1,0,1,1,9,0.21363,0.2196,0,0
19174,,11,0,1,1,0,1,1,8,0.246114,0.255055,0,0
19175,,11,0,1,1,0,1,1,9,0.218439,0.22522,0,0
19176,,8,0,1,1,0,1,1,9,0.198884,0.203512,0,0
19177,,5,0,1,1,0,1,1,9,0.210104,0.215708,0,0
19178,,8,0,1,1,0,1,1,9,0.225039,0.232567,0,0
19180,,11,0,1,1,0,1,1,8,0.236167,0.244733,0,0
19182,,11,0,1,1,0,1,1,9,0.220464,0.227385,0,0
19183,,11,0,1,1,0,1,1,9,0.220464,0.227385,0,0
19184,,8,0,1,1,0,1,1,9,0.233264,0.241028,0,0
19187,,0,1,5,6,1,5,6,8,0.250199,0.260215,18827,0.1
29490,,0,1,1,2,1,1,2,9,0.20013,0.205079,0,0
19188,,7,0,1,1,0,1,1,9,0.225654,0.232938,0,0
19190,,11,0,1,1,0,1,1,9,0.220464,0.227385,0,0
19191,,11,0,1,1,0,1,1,9,0.220464,0.227385,0,0
19192,,11,0,1,1,0,1,1,9,0.220464,0.227385,0,0
19194,,11,0,1,1,0,1,1,8,0.239554,0.247876,0,0
19197,,8,0,1,1,0,1,1,1,1,1,0,0
19198,,11,0,1,1,0,1,1,9,0.210572,0.215915,0,0
19203,,12,0,1,1,0,1,1,1,1,1,0,0
33792,,5,1,1,2,1,1,2,9,0.213466,0.219305,0,0
19205,,10,0,1,1,0,1,1,9,0.21024,0.215629,0,0
19208,,8,0,1,1,0,1,1,8,0.262756,0.273466,0,0
19209,,8,0,1,1,0,1,1,9,0.218657,0.224963,0,0
19210,,1,0,2,2,0,2,2,9,0.225968,0.233621,0,0
19212,,24,1,0,1,1,0,1,0,0,0,0,0
19214,,16,0,1,1,0,1,1,9,0.214878,0.220568,0,0
19215,,0,0,1,1,0,1,1,9,0.224787,0.232402,0,0
19217,,24,0,1,1,0,1,1,9,0.207815,0.213246,0,0
19221,,0,0,1,1,0,1,1,9,0.218335,0.225066,0,0
19222,,0,0,2,2,0,2,2,9,0.218342,0.22511,0,1
21064,,0,2,1,3,2,1,3,9,0.218331,0.22506,18825,0.5
19797,,0,1,1,2,1,1,2,9,0.218331,0.22506,0,1
19224,,0,0,2,2,0,2,2,9,0.218342,0.22511,0,1
19225,,0,0,1,1,0,1,1,9,0.218335,0.225066,0,0
19373,,11,1,0,1,1,0,1,0,0,0,0,0
19229,,11,0,1,1,0,1,1,9,0.23085,0.239151,0,0
19231,,5,0,3,3,0,3,3,9,0.230754,0.238422,0,0.666667
19232,,0,0,2,2,0,2,2,9,0.226995,0.233973,0,0.5
19234,,5,0,2,2,0,2,2,9,0.230342,0.237804,0,0.5
19236,,11,0,1,1,0,1,1,8,0.251382,0.261452,0,0
19237,,15,0,1,1,0,1,1,1,1,1,0,0
19239,,5,0,1,1,0,1,1,9,0.235541,0.243648,0,0
19240,,11,0,1,1,0,1,1,9,0.224977,0.23191,0,0
19241,,15,0,1,1,0,1,1,10,0.179156,0.182314,0,0
19242,,192,0,1,1,0,1,1,1,1,1,0,0
19243,,192,1,0,1,1,0,1,0,0,0,0,0
19244,,0,0,1,1,0,1,1,9,0.187223,0.191256,0,0
19249,,7,0,1,1,0,1,1,8,0.242475,0.25106,0,0
19250,,7,0,1,1,0,1,1,8,0.242475,0.25106,0,0
19251,,7,0,1,1,0,1,1,9,0.200066,0.204368,0,0
19252,,7,0,1,1,0,1,1,8,0.242475,0.25106,0,0
19254,,193,0,1,1,0,1,1,1,1,1,0,0
19255,,193,1,0,1,1,0,1,0,0,0,0,0
19258,,15,0,1,1,0,1,1,9,0.213511,0.219459,0,0
19259,,7,0,1,1,0,1,1,8,0.242475,0.25106,0,0
19260,,8,0,1,1,0,1,1,9,0.226957,0.234476,0,0
19261,,8,0,1,1,0,1,1,8,0.262756,0.273466,0,0
19262,,11,0,2,2,0,2,2,9,0.206043,0.211765,0,0
19263,,7,0,1,1,0,1,1,9,0.222499,0.229441,0,0
19264,,194,0,1,1,0,1,1,1,1,1,0,0
19265,,194,1,0,1,1,0,1,0,0,0,0,0
19266,,7,0,1,1,0,1,1,8,0.242475,0.25106,0,0
19267,,11,0,1,1,0,1,1,9,0.216318,0.222799,0,0
19268,,18,0,1,1,0,1,1,9,0.183805,0.188435,0,0
19271,,0,0,2,2,0,2,2,9,0.223976,0.231021,0,1
19272,,9,0,2,2,0,2,2,8,0.242763,0.251522,0,0.5
19274,,7,0,1,1,0,1,1,8,0.242475,0.25106,0,0
19278,,8,0,1,1,0,1,1,9,0.218107,0.224532,0,0
19279,,0,1,1,2,1,1,2,9,0.214269,0.220459,120.020635,0
19281,,0,0,2,2,0,2,2,9,0.22375,0.231141,0,0
19282,,195,0,1,1,0,1,1,1,1,1,0,0
19283,,195,1,0,1,1,0,1,0,0,0,0,0
19284,,7,0,21,21,0,21,21,7,0.293244,0.309025,0,0.161905
26910,,10,4,1,5,4,1,5,8,0.23897,0.247046,56493.150114,0
19285,,8,0,1,1,0,1,1,9,0.223963,0.231201,0,0
34539,,7,2,2,4,2,2,4,8,0.234105,0.242096,7141.986944,0.333333
19289,,196,0,1,1,0,1,1,1,1,1,0,0
19290,,196,1,0,1,1,0,1,0,0,0,0,0
19295,,7,0,1,1,0,1,1,8,0.239639,0.247488,0,0
35285,,11,1,0,1,1,0,1,0,0,0,0,0
19299,,11,0,1,1,0,1,1,11,0.166952,0.169918,0,0
19303,,11,0,1,1,0,1,1,8,0.216811,0.22311,0,0
19304,,15,0,1,1,0,1,1,10,0.188052,0.192177,0,0
19306,,16,0,1,1,0,1,1,8,0.257544,0.268689,0,0
19307,,7,0,1,1,0,1,1,9,0.235473,0.242933,0,0
19311,,2,0,3,3,0,3,3,9,0.239168,0.247588,0,0.166667
25287,,2,1,0,1,1,0,1,0,0,0,0,0
19312,,8,0,1,1,0,1,1,8,0.239474,0.246961,0,0
19313,,8,0,1,1,0,1,1,8,0.262756,0.273466,0,0
19317,,0,0,1,1,0,1,1,8,0.238232,0.246371,0,0
19318,,8,0,1,1,0,1,1,8,0.223971,0.231195,0,0
19320,,1,0,1,1,0,1,1,10,0.178303,0.181862,0,0
19322,,11,3,1,4,3,1,4,9,0.238286,0.246157,19600.591429,0
19323,,11,0,1,1,0,1,1,9,0.220826,0.22761,0,0
19328,,1,0,1,1,0,1,1,8,0.224644,0.231298,0,0
19329,,11,0,1,1,0,1,1,11,0.166952,0.169918,0,0
31165,,2,1,0,1,1,0,1,0,0,0,0,0
19331,,7,0,2,2,0,2,2,8,0.263599,0.274947,0,0.5
19332,,9,0,2,2,0,2,2,9,0.251432,0.262011,0,0
19334,,7,0,2,2,0,2,2,8,0.258329,0.268941,0,1
19337,,16,0,1,1,0,1,1,9,0.204934,0.210394,0,0
19339,,6,0,1,1,0,1,1,8,0.247395,0.256736,0,0
19340,,0,0,1,1,0,1,1,9,0.212451,0.217997,0,0
19342,,7,0,1,1,0,1,1,8,0.252153,0.261614,0,0
24091,,11,1,1,2,1,1,2,9,0.210884,0.216423,0,0
19345,,16,0,1,1,0,1,1,9,0.234736,0.243231,0,0
19346,,12,0,1,1,0,1,1,9,0.213606,0.219549,0,0
19348,,11,0,1,1,0,1,1,9,0.203813,0.209522,0,0
19349,,5,0,2,2,0,2,2,8,0.238178,0.24577,0,0
19352,,11,0,1,1,0,1,1,9,0.213887,0.219963,0,0
19354,,15,0,3,3,0,3,3,8,0.236559,0.244192,0,0.5
19355,,3,0,1,1,0,1,1,9,0.214123,0.219985,0,0
19360,,8,0,1,1,0,1,1,9,0.214465,0.220649,0,0
19361,,8,0,3,3,0,3,3,8,0.242566,0.250443,0,0.333333
19362,,15,0,1,1,0,1,1,10,0.179156,0.182314,0,0
19363,,0,0,3,3,0,3,3,8,0.228983,0.236771,0,0.666667
19364,,11,0,1,1,0,1,1,9,0.206156,0.211609,0,0
33747,,11,1,0,1,1,0,1,0,0,0,0,0
19366,,16,0,1,1,0,1,1,11,0.145633,0.147634,0,0
19372,,11,0,1,1,0,1,1,9,0.22643,0.233486,0,0
19374,,16,1,1,2,1,1,2,8,0.236961,0.24442,18827,0
19377,,15,0,1,1,0,1,1,9,0.220297,0.227161,0,0
19378,,8,0,1,1,0,1,1,9,0.21396,0.220365,0,0
19379,,0,0,1,1,0,1,1,8,0.230717,0.238683,0,0
19380,,15,0,1,1,0,1,1,9,0.209867,0.215638,0,0
19382,,8,0,1,1,0,1,1,8,0.262756,0.273466,0,0
26434,,16,1,0,1,1,0,1,0,0,0,0,0
19384,,0,0,1,1,0,1,1,9,0.216809,0.223201,0,0
19386,,8,0,1,1,0,1,1,8,0.262756,0.273466,0,0
19388,,0,0,1,1,0,1,1,9,0.218335,0.225066,0,0
19394,,8,0,1,1,0,1,1,9,0.223341,0.230313,0,0
19395,,11,0,1,1,0,1,1,9,0.238773,0.247361,0,0
19396,,5,0,1,1,0,1,1,9,0.198461,0.20316,0,0
19398,,197,0,1,1,0,1,1,1,1,1,0,0
19399,,197,1,0,1,1,0,1,0,0,0,0,0
19401,,11,0,1,1,0,1,1,8,0.229134,0.236292,0,0
19403,,0,0,1,1,0,1,1,8,0.230918,0.237946,0,0
19404,,24,0,1,1,0,1,1,9,0.198696,0.203203,0,0
19406,,9,0,2,2,0,2,2,9,0.225104,0.232253,0,0
19408,,16,0,2,2,0,2,2,9,0.234754,0.243297,0,1
19409,,7,0,2,2,0,2,2,8,0.266125,0.277619,0,0.5
19410,,15,0,1,1,0,1,1,8,0.232682,0.239494,0,0
19411,,8,0,2,2,0,2,2,9,0.215706,0.221898,0,0.5
19412,,7,0,3,3,0,3,3,7,0.296586,0.311155,0,0.833333
19415,,6,0,1,1,0,1,1,8,0.247395,0.256736,0,0
19419,,7,0,1,1,0,1,1,8,0.251523,0.26155,0,0
19420,,11,0,1,1,0,1,1,8,0.251382,0.261452,0,0
19422,,7,0,5,5,0,5,5,8,0.269743,0.2823,0,0.5
19425,,0,0,1,1,0,1,1,9,0.218335,0.225066,0,0
19426,,8,0,1,1,0,1,1,8,0.262756,0.273466,0,0
19427,,16,0,1,1,0,1,1,3,0.388889,0.452381,0,0
19428,,11,0,2,2,0,2,2,9,0.238558,0.24761,0,1
19430,,0,0,1,1,0,1,1,9,0.218335,0.225066,0,0
19432,,7,0,3,3,0,3,3,8,0.263665,0.27446,0,0.166667
19433,,12,0,2,2,0,2,2,9,0.195022,0.200175,0,0
20441,,12,1,0,1,1,0,1,0,0,0,0,0
19437,,198,0,1,1,0,1,1,1,1,1,0,0
19438,,198,1,0,1,1,0,1,0,0,0,0,0
19441,,8,0,2,2,0,2,2,9,0.220572,0.227283,0,0
19442,,8,1,0,1,1,0,1,0,0,0,0,0
19443,,0,0,1,1,0,1,1,10,0.179218,0.18288,0,0
19445,,8,1,1,2,1,1,2,10,0.180957,0.184466,0,0
19448,,199,0,1,1,0,1,1,1,1,1,0,0
19449,,199,1,0,1,1,0,1,0,0,0,0,0
19450,,7,0,1,1,0,1,1,1,1,1,0,0
19451,,7,0,1,1,0,1,1,8,0.256747,0.266706,0,0
19453,,10,0,1,1,0,1,1,9,0.208764,0.214543,0,0
19454,,11,0,1,1,0,1,1,9,0.217442,0.223573,0,0
19457,,11,0,2,2,0,2,2,8,0.242578,0.251309,0,1
19458,,8,0,1,1,0,1,1,8,0.263743,0.27463,0,0
19462,,15,0,1,1,0,1,1,9,0.220297,0.227161,0,0
19465,,200,0,1,1,0,1,1,1,1,1,0,0
19466,,200,1,0,1,1,0,1,0,0,0,0,0
19467,,10,0,1,1,0,1,1,8,0.233832,0.241441,0,0
19468,,11,0,1,1,0,1,1,8,0.236535,0.24595,0,0
19470,,6,0,1,1,0,1,1,8,0.247395,0.256736,0,0
19471,,10,0,3,3,0,3,3,9,0.21761,0.224625,0,0.666667
19472,,7,0,1,1,0,1,1,9,0.229217,0.236769,0,0
19473,,7,1,3,4,1,3,4,8,0.266182,0.277728,3.596013,0.25
19476,,11,0,1,1,0,1,1,9,0.218588,0.22524,0,0
19477,,8,0,1,1,0,1,1,9,0.213255,0.219289,0,0
19478,,16,0,1,1,0,1,1,8,0.257544,0.268689,0,0
19479,,8,0,1,1,0,1,1,9,0.233264,0.241028,0,0
19480,,9,0,1,1,0,1,1,9,0.202417,0.207306,0,0
19481,,15,0,1,1,0,1,1,10,0.179156,0.182314,0,0
19484,,9,0,1,1,0,1,1,1,1,1,0,0
19485,,201,0,1,1,0,1,1,1,1,1,0,0
19486,,201,1,0,1,1,0,1,0,0,0,0,0
19487,,8,0,2,2,0,2,2,9,0.227541,0.23541,0,1
19489,,11,0,1,1,0,1,1,9,0.221831,0.228371,0,0
19490,,11,0,1,1,0,1,1,9,0.23666,0.245195,0,0
19492,,11,1,0,1,1,0,1,0,0,0,0,0
19493,,121,0,1,1,0,1,1,10,0.178452,0.182062,0,0
19494,,18,0,1,1,0,1,1,10,0.176055,0.179583,0,0
19495,,0,0,1,1,0,1,1,9,0.218335,0.225066,0,0
19496,,11,0,1,1,0,1,1,8,0.242301,0.250673,0,0
19498,,8,0,1,1,0,1,1,8,0.263743,0.27463,0,0
19501,,10,0,1,1,0,1,1,2,0.666667,0.75,0,0
19502,,11,0,1,1,0,1,1,8,0.246659,0.25616,0,0
19503,,8,0,1,1,0,1,1,9,0.209627,0.215249,0,0
19504,,11,0,1,1,0,1,1,9,0.206761,0.212802,0,0
19505,,11,0,2,2,0,2,2,10,0.192766,0.197214,0,0
19506,,11,1,0,1,1,0,1,0,0,0,0,0
21118,,11,1,1,2,1,1,2,9,0.238773,0.247361,18827,0
19508,,7,0,1,1,0,1,1,9,0.205353,0.21069,0,0
19509,,6,0,2,2,0,2,2,8,0.247877,0.2573,0,1
19510,,8,0,2,2,0,2,2,8,0.24909,0.25814,0,0
19511,,2,0,2,2,0,2,2,8,0.267501,0.279538,0,1
19512,,7,1,1,2,1,1,2,10,0.177698,0.181202,0,0
19513,,7,1,2,3,1,2,3,9,0.216096,0.222503,18827,0
26164,,9,3,27,30,3,27,30,8,0.237076,0.245914,135871.827273,0.089901
31177,,9,2,0,2,2,0,2,0,0,0,0,0.5
31212,,9,1,0,1,1,0,1,0,0,0,0,0
19516,,6,0,1,1,0,1,1,9,0.202026,0.207543,0,0
19517,,16,0,1,1,0,1,1,9,0.209788,0.215674,0,0
19521,,0,0,1,1,0,1,1,10,0.179218,0.18288,0,0
19524,,16,0,1,1,0,1,1,10,0.181187,0.184801,0,0
19529,,21,0,2,2,0,2,2,9,0.227385,0.234465,0,0
19532,,11,0,1,1,0,1,1,9,0.217802,0.223808,0,0
19533,,7,0,2,2,0,2,2,8,0.26546,0.276792,0,0
19534,,7,1,0,1,1,0,1,0,0,0,0,0
19535,,3,0,1,1,0,1,1,9,0.209788,0.215256,0,0
26103,,9,1,1,2,1,1,2,9,0.185524,0.189878,299.116234,0
26530,,7,1,0,1,1,0,1,0,0,0,0,0
27083,,7,1,0,1,1,0,1,0,0,0,0,0
25590,,7,2,3,5,2,3,5,8,0.258507,0.269004,319.434721,0.25
27887,,7,1,0,1,1,0,1,0,0,0,0,0
28146,,7,1,0,1,1,0,1,0,0,0,0,0
28746,,7,2,9,11,2,9,11,8,0.272521,0.285755,128.065405,0.5
29355,,7,1,1,2,1,1,2,8,0.2577,0.267931,0,0
30879,,8,1,11,12,1,11,12,8,0.275375,0.288546,5021.688142,0.287879
31330,,7,2,4,6,2,4,6,8,0.25644,0.266995,1410.940249,0.233333
31509,,7,1,0,1,1,0,1,0,0,0,0,0
31524,,7,1,2,3,1,2,3,8,0.258057,0.2684,0,1
31648,,7,4,3,7,4,3,7,8,0.257841,0.268191,7948.279405,0.133333
31817,,7,1,0,1,1,0,1,0,0,0,0,0
30801,,7,1,1,2,1,1,2,8,0.2577,0.267931,0,0
31978,,7,1,0,1,1,0,1,0,0,0,0,0
26736,,15,1,1,2,1,1,2,8,0.245895,0.253964,0,1
32488,,7,1,0,1,1,0,1,0,0,0,0,0
33084,,7,1,0,1,1,0,1,0,0,0,0,0
33631,,7,1,0,1,1,0,1,0,0,0,0,0
34090,,7,1,1,2,1,1,2,8,0.2577,0.267931,0,0
34146,,11,1,2,3,1,2,3,8,0.258496,0.268893,321.786033,0
31244,,7,2,0,2,2,0,2,0,0,0,0,0.5
34786,,7,1,0,1,1,0,1,0,0,0,0,0
34560,,7,1,9,10,1,9,10,8,0.271722,0.284493,238.821556,0.305556
33671,,7,2,1,3,2,1,3,8,0.2577,0.267931,18826,0
35586,,7,1,0,1,1,0,1,0,0,0,0,0
31300,,7,1,1,2,1,1,2,8,0.2577,0.267931,0,0
31552,,7,1,3,4,1,3,4,8,0.25883,0.269258,0,0.5
19538,,6,0,1,1,0,1,1,2,0.666667,0.75,0,0
19539,,3,0,1,1,0,1,1,9,0.219562,0.226336,0,0
19540,,10,0,1,1,0,1,1,9,0.225849,0.233205,0,0
19541,,8,0,1,1,0,1,1,2,0.666667,0.75,0,0
19542,,10,0,1,1,0,1,1,11,0.153491,0.155642,0,0
19544,,10,0,1,1,0,1,1,9,0.22543,0.232572,0,0
19545,,7,0,1,1,0,1,1,9,0.194919,0.199192,0,0
19546,,11,0,1,1,0,1,1,9,0.185488,0.189415,0,0
19547,,11,1,1,2,1,1,2,8,0.227718,0.235112,18827,0
19548,,202,0,1,1,0,1,1,1,1,1,0,0
19549,,202,1,0,1,1,0,1,0,0,0,0,0
19550,,8,0,1,1,0,1,1,10,0.183556,0.187608,0,0
19551,,7,0,1,1,0,1,1,8,0.247779,0.256716,0,0
19552,,7,0,3,3,0,3,3,7,0.293672,0.308169,0,0.166667
19553,,16,0,2,2,0,2,2,8,0.231392,0.239347,0,0
23783,,6,1,0,1,1,0,1,0,0,0,0,0
34149,,6,1,0,1,1,0,1,0,0,0,0,0
19555,,10,0,1,1,0,1,1,9,0.20986,0.215817,0,0
19556,,7,0,1,1,0,1,1,8,0.240779,0.248938,0,0
19557,,10,0,4,4,0,4,4,9,0.20677,0.212283,0,0.166667
19558,,10,0,1,1,0,1,1,8,0.232564,0.240768,0,0
19560,,12,0,1,1,0,1,1,9,0.213606,0.219549,0,0
19562,,0,0,1,1,0,1,1,8,0.242388,0.250662,0,0
19563,,15,0,1,1,0,1,1,9,0.214668,0.220968,0,0
19564,,11,0,1,1,0,1,1,8,0.232418,0.240737,0,0
19566,,0,0,1,1,0,1,1,9,0.218335,0.225066,0,0
19568,,15,0,1,1,0,1,1,9,0.220297,0.227161,0,0
19569,,8,0,1,1,0,1,1,1,1,1,0,0
19570,,8,2,0,2,2,0,2,0,0,0,0,0
19571,,8,0,1,1,0,1,1,8,0.262756,0.273466,0,0
19572,,5,1,3,4,1,3,4,8,0.251674,0.260901,0.583333,0.25
19574,,11,0,1,1,0,1,1,8,0.229134,0.236292,0,0
19575,,9,0,3,3,0,3,3,10,0.17493,0.17854,0,0.166667
28939,,6,1,1,2,1,1,2,9,0.20348,0.20863,0,0
19583,,24,0,4,4,0,4,4,9,0.239213,0.248098,0,0.083333
19584,,11,0,1,1,0,1,1,9,0.229659,0.236946,0,0
19585,,11,0,1,1,0,1,1,8,0.240389,0.248209,0,0
19586,,6,0,2,2,0,2,2,9,0.199439,0.204007,0,0
19590,,7,0,1,1,0,1,1,8,0.271138,0.283493,0,0
19593,,7,0,1,1,0,1,1,9,0.208559,0.213833,0,0
19594,,7,0,1,1,0,1,1,8,0.251523,0.26155,0,0
19597,,5,0,1,1,0,1,1,8,0.251664,0.260845,0,0
19598,,5,0,2,2,0,2,2,8,0.246688,0.255385,0,0
19601,,15,0,3,3,0,3,3,9,0.226621,0.234038,0,0
19602,,15,0,1,1,0,1,1,10,0.180534,0.184261,0,0
19605,,9,1,0,1,1,0,1,0,0,0,0,0
19606,,11,0,1,1,0,1,1,8,0.217663,0.224097,0,0
19608,,5,2,0,2,2,0,2,0,0,0,0,0
19609,,11,0,1,1,0,1,1,9,0.229957,0.237934,0,0
19610,,0,0,1,1,0,1,1,9,0.216437,0.222646,0,0
19613,,8,0,1,1,0,1,1,9,0.216199,0.222536,0,0
29694,,11,9,2,11,9,2,11,8,0.252146,0.262307,34647.73767,0.145455
19623,,16,0,1,1,0,1,1,9,0.19589,0.201064,0,0
22025,,5,2,0,2,2,0,2,0,0,0,0,0
26971,,5,1,1,2,1,1,2,9,0.207287,0.212647,1.422619,0
33927,,0,2,0,2,2,0,2,0,0,0,0,0
19628,,21,0,2,2,0,2,2,8,0.24673,0.255833,0,0
19630,,121,0,4,4,0,4,4,10,0.178468,0.182175,0,0.25
21438,,121,1,5,6,1,5,6,9,0.214896,0.221031,4800.665676,0.233333
19634,,2,0,2,2,0,2,2,8,0.261908,0.273107,0,0.5
19635,,6,0,1,1,0,1,1,8,0.249084,0.258104,0,0
19636,,6,0,1,1,0,1,1,8,0.249084,0.258104,0,0
19637,,7,0,1,1,0,1,1,9,0.209774,0.215188,0,0
19638,,9,0,1,1,0,1,1,10,0.168625,0.171488,0,0
21741,,0,1,0,1,1,0,1,0,0,0,0,0
19640,,8,0,1,1,0,1,1,9,0.231387,0.239068,0,0
19642,,10,0,2,2,0,2,2,8,0.239941,0.248536,0,0
19644,,11,0,1,1,0,1,1,9,0.21182,0.218077,0,0
19648,,7,0,1,1,0,1,1,8,0.226935,0.234515,0,0
19649,,6,0,1,1,0,1,1,8,0.247395,0.256736,0,0
19650,,9,0,2,2,0,2,2,9,0.186567,0.19117,0,0
19651,,9,1,4,5,1,4,5,9,0.229753,0.23761,1256.276828,0.2
19653,,15,0,1,1,0,1,1,10,0.179156,0.182314,0,0
19656,,11,0,1,1,0,1,1,9,0.221831,0.228371,0,0
19657,,11,0,4,4,0,4,4,8,0.253935,0.264372,0,0.5
19658,,2,0,1,1,0,1,1,8,0.261475,0.272568,0,0
19660,,13,0,1,1,0,1,1,9,0.195066,0.199384,0,0
19662,,11,0,1,1,0,1,1,9,0.206461,0.211854,0,0
19663,,1,0,2,2,0,2,2,8,0.230322,0.238048,0,0
19665,,9,0,1,1,0,1,1,9,0.185524,0.189879,0,0
19667,,1,0,1,1,0,1,1,9,0.234953,0.24388,0,0
19669,,7,0,1,1,0,1,1,8,0.242475,0.25106,0,0
19670,,11,0,1,1,0,1,1,8,0.246659,0.25616,0,0
19671,,15,0,1,1,0,1,1,10,0.179156,0.182314,0,0
19672,,8,0,1,1,0,1,1,8,0.235818,0.243199,0,0
19674,,11,0,1,1,0,1,1,9,0.22146,0.227964,0,0
19678,,6,0,1,1,0,1,1,8,0.249084,0.258104,0,0
19680,,7,0,1,1,0,1,1,9,0.227075,0.233815,0,0
19683,,8,0,2,2,0,2,2,8,0.26474,0.276,0,0
19686,,1,0,1,1,0,1,1,9,0.217487,0.223937,0,0
19687,,7,0,1,1,0,1,1,9,0.232014,0.240012,0,0
19689,,15,0,1,1,0,1,1,9,0.209015,0.214697,0,0
19691,,15,0,1,1,0,1,1,10,0.179156,0.182314,0,0
19692,,24,1,2,3,1,2,3,9,0.233738,0.242201,35.704641,0
19696,,8,0,2,2,0,2,2,9,0.206647,0.211561,0,0
19698,,8,0,1,1,0,1,1,9,0.194131,0.1984,0,0
19699,,203,0,1,1,0,1,1,1,1,1,0,0
19700,,203,1,0,1,1,0,1,0,0,0,0,0
19702,,9,0,3,3,0,3,3,9,0.199938,0.205383,0,0.833333
19703,,5,0,1,1,0,1,1,8,0.224682,0.231308,0,0
26783,,11,1,0,1,1,0,1,0,0,0,0,0
19705,,11,0,2,2,0,2,2,8,0.251678,0.261787,0,1
19706,,0,0,1,1,0,1,1,8,0.230853,0.23867,0,0
19708,,16,0,3,3,0,3,3,8,0.243697,0.251975,0,0.166667
19709,,16,1,0,1,1,0,1,0,0,0,0,0
19711,,24,0,1,1,0,1,1,9,0.213965,0.219422,0,0
19712,,5,1,2,3,1,2,3,9,0.223613,0.230122,26205.740452,0
19714,,11,0,1,1,0,1,1,8,0.232418,0.240737,0,0
30506,,24,1,3,4,1,3,4,1,1,1,21294.362527,0.166667
19719,,11,0,4,4,0,4,4,8,0.269165,0.281548,0,0.833333
19720,,16,0,1,1,0,1,1,9,0.220868,0.22796,0,0
19723,,8,0,1,1,0,1,1,9,0.2229,0.230213,0,0
19724,,16,0,1,1,0,1,1,10,0.174198,0.17752,0,0
22594,,16,2,7,9,2,7,9,10,0.18204,0.186053,130959.816506,0.166667
28193,,16,1,2,3,1,2,3,9,0.202128,0.207641,4615.836145,0
22595,,16,2,2,4,2,2,4,10,0.174258,0.177657,0,1
28699,,16,1,2,3,1,2,3,9,0.205881,0.211466,2861.051609,0
19726,,11,0,1,1,0,1,1,8,0.239859,0.247713,0,0
19734,,8,0,1,1,0,1,1,8,0.247064,0.255642,0,0
19737,,8,0,1,1,0,1,1,9,0.221309,0.227843,0,0
19738,,7,0,1,1,0,1,1,9,0.200066,0.204368,0,0
19741,,8,0,1,1,0,1,1,9,0.231387,0.239068,0,0
19742,,9,0,2,2,0,2,2,9,0.209776,0.215468,0,0
19743,,16,0,2,2,0,2,2,8,0.242244,0.251142,0,0
19744,,8,0,1,1,0,1,1,9,0.218746,0.224803,0,0
19745,,8,0,1,1,0,1,1,9,0.226957,0.234476,0,0
19746,,7,0,1,1,0,1,1,9,0.228104,0.235296,0,0
19748,,11,0,1,1,0,1,1,9,0.22341,0.230056,0,0
22543,,11,1,2,3,1,2,3,8,0.229392,0.237374,22.740024,0
19752,,8,1,3,4,1,3,4,8,0.239822,0.247669,2826.739119,0.25
19753,,7,0,5,5,0,5,5,8,0.244186,0.252674,0,0.1
19757,,1,0,1,1,0,1,1,11,0.165113,0.167927,0,0
19758,,8,0,1,1,0,1,1,9,0.228126,0.235319,0,0
19765,,11,0,1,1,0,1,1,8,0.246114,0.255055,0,0
19766,,6,1,1,2,1,1,2,10,0.18371,0.187729,28.236971,0
19767,,11,0,1,1,0,1,1,8,0.234514,0.24306,0,0
19825,,8,1,0,1,1,0,1,0,0,0,0,0
19770,,8,0,2,2,0,2,2,8,0.263828,0.274872,0,0.5
19771,,12,0,1,1,0,1,1,8,0.236841,0.24458,0,0
19772,,204,0,1,1,0,1,1,1,1,1,0,0
19773,,204,1,0,1,1,0,1,0,0,0,0,0
19774,,7,0,2,2,0,2,2,9,0.221839,0.228177,0,1
19776,,8,0,2,2,0,2,2,8,0.263407,0.274332,0,0
19778,,205,0,1,1,0,1,1,1,1,1,0,0
19779,,205,1,0,1,1,0,1,0,0,0,0,0
19780,,16,0,1,1,0,1,1,9,0.234736,0.243231,0,0
19783,,11,0,1,1,0,1,1,9,0.221831,0.228371,0,0
19784,,11,0,1,1,0,1,1,9,0.206761,0.212802,0,0
19785,,11,0,1,1,0,1,1,8,0.246659,0.25616,0,0
19788,,11,0,1,1,0,1,1,9,0.219952,0.2264,0,0
19789,,121,2,7,9,2,7,9,9,0.214907,0.221099,18845.591317,0.125
24776,,121,1,1,2,1,1,2,10,0.176893,0.180266,0,0
19791,,15,0,1,1,0,1,1,9,0.218893,0.225422,0,0
19792,,0,0,2,2,0,2,2,8,0.223219,0.230379,0,1
19793,,5,0,5,5,0,5,5,7,0.294761,0.309404,0,0.4
19795,,10,0,1,1,0,1,1,9,0.225592,0.232933,0,0
19796,,0,0,1,1,0,1,1,9,0.219393,0.226056,0,0
19799,,320,1,1,2,1,1,2,8,0.229614,0.236445,900.534506,0
19800,,7,0,4,4,0,4,4,8,0.240067,0.248559,0,0.166667
19802,,0,0,1,1,0,1,1,8,0.230918,0.237946,0,0
19803,,11,0,1,1,0,1,1,8,0.234514,0.24306,0,0
19805,,10,0,1,1,0,1,1,9,0.216171,0.222636,0,0
19807,,11,0,1,1,0,1,1,9,0.224856,0.232784,0,0
19808,,7,0,1,1,0,1,1,9,0.221836,0.22815,0,0
27217,,11,1,4,5,1,4,5,8,0.252227,0.262428,0,0.833333
19811,,8,0,1,1,0,1,1,9,0.250609,0.260973,0,0
19812,,21,0,1,1,0,1,1,11,0.157306,0.159494,0,0
19813,,11,0,1,1,0,1,1,9,0.214802,0.221012,0,0
19816,,11,0,1,1,0,1,1,8,0.207072,0.212175,0,0
19818,,9,0,1,1,0,1,1,10,0.17209,0.175207,0,0
19819,,16,0,1,1,0,1,1,8,0.231378,0.23929,0,0
19820,,7,0,1,1,0,1,1,8,0.272188,0.283721,0,0
19822,,8,0,1,1,0,1,1,8,0.236996,0.244474,0,0
19827,,12,0,1,1,0,1,1,9,0.217956,0.224292,0,0
19829,,206,1,1,2,1,1,2,1,1,1,0,0
19830,,206,1,1,2,1,1,2,1,1,1,0,0
19832,,8,0,1,1,0,1,1,8,0.240465,0.248606,0,0
19834,,10,0,2,2,0,2,2,8,0.231697,0.240132,0,0
19836,,7,0,3,3,0,3,3,8,0.252515,0.262516,0,0
19837,,7,1,0,1,1,0,1,0,0,0,0,0
19839,,11,1,1,2,1,1,2,8,0.251379,0.261448,0,1
19840,,8,0,2,2,0,2,2,9,0.19729,0.201753,0,0
19841,,7,0,1,1,0,1,1,7,0.293553,0.307954,0,0
19842,,8,0,1,1,0,1,1,9,0.226264,0.233982,0,0
19844,,9,0,3,3,0,3,3,9,0.207863,0.213446,0,0.333333
19846,,8,0,1,1,0,1,1,8,0.262756,0.273466,0,0
19850,,5,0,1,1,0,1,1,8,0.236001,0.244609,0,0
19857,,2,0,2,2,0,2,2,9,0.251238,0.261738,0,0
19858,,8,0,1,1,0,1,1,9,0.193891,0.198045,0,0
19859,,8,0,1,1,0,1,1,9,0.231387,0.239068,0,0
19861,,12,0,1,1,0,1,1,8,0.236841,0.24458,0,0
19862,,8,0,1,1,0,1,1,10,0.189349,0.193603,0,0
19863,,24,0,3,3,0,3,3,9,0.213921,0.220219,0,0.333333
19864,,7,0,1,1,0,1,1,1,1,1,0,0
19865,,16,0,1,1,0,1,1,8,0.233279,0.241109,0,0
19866,,0,0,1,1,0,1,1,8,0.228936,0.236648,0,0
30022,,21,1,0,1,1,0,1,0,0,0,0,0
19870,,11,0,1,1,0,1,1,8,0.232249,0.239663,0,0
19871,,9,0,1,1,0,1,1,10,0.186341,0.190589,0,0
19872,,5,0,1,1,0,1,1,8,0.245108,0.253561,0,0
19876,,10,0,1,1,0,1,1,9,0.234856,0.243135,0,0
19879,,7,0,5,5,0,5,5,8,0.248742,0.257876,0,0.25
19880,,207,0,1,1,0,1,1,1,1,1,0,0
19881,,207,1,0,1,1,0,1,0,0,0,0,0
19886,,0,0,1,1,0,1,1,8,0.242388,0.250662,0,0
22192,,11,1,2,3,1,2,3,9,0.200672,0.206046,27.087557,0
22721,,11,1,1,2,1,1,2,9,0.200462,0.205785,0,0
23777,,11,2,1,3,2,1,3,9,0.200462,0.205785,0,0.5
26747,,11,1,3,4,1,3,4,9,0.220636,0.227297,98.531675,0.166667
19889,,5,0,1,1,0,1,1,8,0.251664,0.260845,0,0
19890,,8,0,1,1,0,1,1,8,0.262756,0.273466,0,0
19894,,11,0,4,4,0,4,4,8,0.265553,0.276284,0,0
19895,,11,1,0,1,1,0,1,0,0,0,0,0
19897,,24,0,1,1,0,1,1,9,0.231745,0.239907,0,0
19899,,0,0,1,1,0,1,1,8,0.230918,0.237946,0,0
19900,,0,0,2,2,0,2,2,8,0.231262,0.239418,0,1
19902,,8,0,1,1,0,1,1,9,0.220868,0.227403,0,0
19903,,8,0,1,1,0,1,1,9,0.220868,0.227403,0,0
19905,,7,0,1,1,0,1,1,8,0.242475,0.25106,0,0
19906,,8,0,1,1,0,1,1,9,0.220868,0.227403,0,0
19909,,11,0,1,1,0,1,1,9,0.224449,0.231468,0,0
19911,,7,0,1,1,0,1,1,10,0.179339,0.182912,0,0
19913,,5,0,1,1,0,1,1,9,0.199553,0.204432,0,0
19916,,11,0,1,1,0,1,1,8,0.239859,0.247713,0,0
19920,,5,0,1,1,0,1,1,8,0.23956,0.24711,0,0
19922,,16,0,1,1,0,1,1,9,0.234736,0.243231,0,0
19923,,21,0,1,1,0,1,1,9,0.213332,0.219326,0,0
19924,,7,0,1,1,0,1,1,9,0.212499,0.218256,0,0
19925,,15,0,1,1,0,1,1,1,1,1,0,0
19926,,7,0,1,1,0,1,1,9,0.246124,0.25571,0,0
19929,,16,0,1,1,0,1,1,9,0.234736,0.243231,0,0
24210,,24,1,0,1,1,0,1,0,0,0,0,0
19931,,16,0,1,1,0,1,1,9,0.197611,0.202148,0,0
19933,,15,1,1,2,1,1,2,10,0.177975,0.181591,27.953249,0
19934,,0,0,1,1,0,1,1,9,0.19166,0.19573,0,0
19936,,12,0,2,2,0,2,2,8,0.237457,0.245656,0,1
19938,,7,0,1,1,0,1,1,9,0.226164,0.233246,0,0
19940,,16,0,1,1,0,1,1,9,0.234736,0.243231,0,0
19944,,21,0,1,1,0,1,1,9,0.185023,0.188496,0,0
19945,,15,0,1,1,0,1,1,9,0.220297,0.227161,0,0
19946,,5,0,1,1,0,1,1,9,0.189323,0.19339,0,0
19947,,8,0,1,1,0,1,1,8,0.262756,0.273466,0,0
19949,,12,1,1,2,1,1,2,8,0.236841,0.24458,18827,0
19952,,21,0,1,1,0,1,1,10,0.181658,0.18553,0,0
19954,,16,0,1,1,0,1,1,9,0.205253,0.210794,0,0
19958,,21,0,1,1,0,1,1,9,0.185023,0.188496,0,0
19959,,21,0,1,1,0,1,1,9,0.185023,0.188496,0,0
19960,,21,0,1,1,0,1,1,9,0.185023,0.188496,0,0
19961,,1,0,1,1,0,1,1,9,0.18673,0.190667,0,0
19962,,1,1,2,3,1,2,3,8,0.229592,0.237084,18827,0
19963,,15,0,1,1,0,1,1,10,0.169608,0.172501,0,0
19965,,11,0,3,3,0,3,3,8,0.238326,0.246761,0,0.333333
19968,,15,0,1,1,0,1,1,10,0.179156,0.182314,0,0
19970,,16,0,1,1,0,1,1,9,0.211371,0.217148,0,0
19971,,8,0,1,1,0,1,1,1,1,1,0,0
35624,,5,1,0,1,1,0,1,0,0,0,0,0
19973,,208,0,1,1,0,1,1,1,1,1,0,0
19974,,208,1,0,1,1,0,1,0,0,0,0,0
19976,,18,0,1,1,0,1,1,9,0.183805,0.188435,0,0
19977,,8,0,1,1,0,1,1,8,0.225838,0.233103,0,0
19978,,8,0,2,2,0,2,2,8,0.250923,0.2603,0,0.5
19979,,0,0,1,1,0,1,1,8,0.242388,0.250662,0,0
19980,,2,0,1,1,0,1,1,9,0.219598,0.226206,0,0
19981,,10,0,6,6,0,6,6,8,0.266189,0.277802,0,0.3
19983,,16,0,1,1,0,1,1,10,0.199053,0.204327,0,0
19984,,7,0,1,1,0,1,1,9,0.226164,0.233246,0,0
19986,,8,0,1,1,0,1,1,8,0.262756,0.273466,0,0
19987,,15,0,1,1,0,1,1,9,0.201829,0.206936,0,0
19988,,5,0,1,1,0,1,1,9,0.213761,0.219764,0,0
19990,,7,0,2,2,0,2,2,8,0.237901,0.24623,0,0.5
19991,,1,0,3,3,0,3,3,8,0.262851,0.273665,0,0.333333
19992,,16,0,1,1,0,1,1,8,0.236961,0.24442,0,0
19993,,11,0,2,2,0,2,2,8,0.250356,0.259241,0,0
19994,,5,0,1,1,0,1,1,9,0.229134,0.236663,0,0
19995,,209,0,1,1,0,1,1,1,1,1,0,0
19996,,209,1,0,1,1,0,1,0,0,0,0,0
19997,,11,0,1,1,0,1,1,8,0.230667,0.237711,0,0
19999,,11,0,1,1,0,1,1,9,0.225635,0.232826,0,0
20000,,0,0,1,1,0,1,1,8,0.230853,0.23867,0,0
20001,,8,0,1,1,0,1,1,8,0.262756,0.273466,0,0
20003,,11,0,1,1,0,1,1,8,0.227253,0.234761,0,0
20005,,11,0,2,2,0,2,2,8,0.235,0.242996,0,1
20008,,1,0,2,2,0,2,2,8,0.224647,0.231324,0,0.5
20009,,6,0,1,1,0,1,1,9,0.191083,0.195386,0,0
20010,,7,0,1,1,0,1,1,9,0.223304,0.229864,0,0
20011,,2,0,1,1,0,1,1,8,0.261475,0.272568,0,0
20013,,210,0,1,1,0,1,1,1,1,1,0,0
20014,,210,1,0,1,1,0,1,0,0,0,0,0
20016,,11,0,2,2,0,2,2,8,0.238721,0.247531,0,0
20018,,7,0,1,1,0,1,1,9,0.223304,0.229864,0,0
20019,,3,2,4,6,2,4,6,12,0.128771,0.130326,96748,0
20020,,3,1,0,1,1,0,1,0,0,0,0,0
20294,,3,1,0,1,1,0,1,0,0,0,0,0
21495,,3,1,0,1,1,0,1,0,0,0,0,0
20021,,11,2,1,3,2,1,3,9,0.218616,0.225169,18837.675704,0
20023,,6,0,3,3,0,3,3,7,0.300881,0.31549,0,0.5
20024,,11,0,1,1,0,1,1,8,0.222226,0.228739,0,0
20026,,16,0,1,1,0,1,1,9,0.202482,0.207484,0,0
20027,,11,0,1,1,0,1,1,9,0.225449,0.232754,0,0
33076,,11,1,0,1,1,0,1,0,0,0,0,0
28656,,11,1,2,3,1,2,3,8,0.251385,0.261483,3.066667,0.5
20030,,211,0,1,1,0,1,1,1,1,1,0,0
20031,,211,1,0,1,1,0,1,0,0,0,0,0
20032,,7,0,6,6,0,6,6,8,0.262697,0.273621,0,0.333333
20033,,8,0,1,1,0,1,1,8,0.239548,0.247677,0,0
20034,,10,0,1,1,0,1,1,9,0.216901,0.222733,0,0
20041,,11,0,2,2,0,2,2,9,0.200366,0.205439,0,0
20042,,7,0,1,1,0,1,1,9,0.200066,0.204368,0,0
20043,,7,0,2,2,0,2,2,8,0.261773,0.273481,0,1
20044,,5,0,1,1,0,1,1,1,1,1,0,0
20046,,6,0,1,1,0,1,1,1,1,1,0,0
20048,,15,0,1,1,0,1,1,10,0.182464,0.186505,0,0
20049,,7,0,2,2,0,2,2,8,0.265457,0.276524,0,1
20050,,7,0,1,1,0,1,1,9,0.22266,0.228771,0,0
20052,,8,0,1,1,0,1,1,9,0.198884,0.203512,0,0
20053,,15,0,1,1,0,1,1,9,0.21024,0.216158,0,0
20054,,11,0,3,3,0,3,3,8,0.254787,0.266273,0,0.333333
20055,,11,0,1,1,0,1,1,8,0.234514,0.24306,0,0
20056,,11,0,1,1,0,1,1,9,0.224977,0.23191,0,0
20058,,7,0,2,2,0,2,2,8,0.266174,0.277642,0,0.5
20059,,10,0,4,4,0,4,4,9,0.215879,0.222527,0,0.666667
20060,,8,0,3,3,0,3,3,8,0.264486,0.275471,0,0.333333
20137,,8,1,0,1,1,0,1,0,0,0,0,0
20061,,11,0,1,1,0,1,1,9,0.218439,0.22522,0,0
20062,,0,0,1,1,0,1,1,9,0.222605,0.230046,0,0
20064,,8,0,1,1,0,1,1,9,0.231387,0.239068,0,0
20066,,5,0,1,1,0,1,1,9,0.213586,0.219513,0,0
20068,,16,0,1,1,0,1,1,8,0.257544,0.268689,0,0
20069,,8,0,1,1,0,1,1,1,1,1,0,0
20070,,5,0,1,1,0,1,1,8,0.245851,0.255055,0,0
20071,,7,0,1,1,0,1,1,8,0.242475,0.25106,0,0
20072,,11,0,1,1,0,1,1,9,0.21914,0.22575,0,0
20073,,7,0,1,1,0,1,1,8,0.228561,0.235614,0,0
20074,,7,0,1,1,0,1,1,8,0.240656,0.249158,0,0
20075,,21,0,1,1,0,1,1,9,0.185023,0.188496,0,0
20076,,8,0,1,1,0,1,1,8,0.262756,0.273466,0,0
20077,,21,0,1,1,0,1,1,9,0.185023,0.188496,0,0
20080,,8,1,8,9,1,8,9,8,0.281203,0.295002,29.11729,0.333333
20081,,8,0,1,1,0,1,1,9,0.21396,0.220365,0,0
20082,,8,0,1,1,0,1,1,9,0.228173,0.235417,0,0
20086,,11,0,1,1,0,1,1,9,0.225635,0.232826,0,0
20087,,7,0,1,1,0,1,1,8,0.2284,0.235296,0,0
20090,,7,0,1,1,0,1,1,9,0.200066,0.204368,0,0
20091,,7,0,1,1,0,1,1,9,0.208614,0.214286,0,0
20093,,6,0,1,1,0,1,1,8,0.234493,0.242444,0,0
20094,,7,0,1,1,0,1,1,9,0.20749,0.212706,0,0
20095,,11,0,1,1,0,1,1,1,1,1,0,0
20096,,21,0,8,8,0,8,8,8,0.261919,0.27362,0,0.142857
20097,,8,0,1,1,0,1,1,9,0.224297,0.231274,0,0
20098,,16,0,1,1,0,1,1,8,0.257544,0.268689,0,0
20100,,0,0,3,3,0,3,3,8,0.223227,0.230423,0,0.666667
20101,,5,0,1,1,0,1,1,10,0.179803,0.183122,0,0
20102,,7,1,1,2,1,1,2,9,0.222606,0.229342,0,1
20103,,11,0,1,1,0,1,1,9,0.186196,0.190551,0,0
20105,,15,0,2,2,0,2,2,10,0.183845,0.187745,0,0
20106,,11,0,3,3,0,3,3,8,0.246153,0.25517,0,0.666667
20110,,8,0,1,1,0,1,1,9,0.198884,0.203512,0,0
20116,,10,0,1,1,0,1,1,9,0.218487,0.22468,0,0
20117,,8,0,1,1,0,1,1,8,0.262756,0.273466,0,0
32266,,10,1,0,1,1,0,1,0,0,0,0,0
20121,,0,0,1,1,0,1,1,9,0.222605,0.230046,0,0
20122,,21,0,1,1,0,1,1,9,0.185023,0.188496,0,0
20123,,7,0,1,1,0,1,1,1,1,1,0,0
20125,,10,0,2,2,0,2,2,8,0.247349,0.256902,0,1
20127,,8,0,1,1,0,1,1,8,0.243014,0.252183,0,0
20128,,8,0,1,1,0,1,1,9,0.222024,0.228515,0,0
20131,,11,1,1,2,1,1,2,8,0.23949,0.247366,0,0.5
20132,,15,0,1,1,0,1,1,9,0.220297,0.227161,0,0
20134,,16,1,1,2,1,1,2,8,0.214588,0.220454,646.688367,0
26600,,13,1,0,1,1,0,1,0,0,0,0,0
25739,,13,2,3,5,2,3,5,8,0.232984,0.241019,19185.345717,0.416667
28231,,13,1,0,1,1,0,1,0,0,0,0,0
28244,,13,1,0,1,1,0,1,0,0,0,0,0
28308,,13,1,3,4,1,3,4,8,0.244405,0.253735,0,1
28332,,13,11,4,15,11,4,15,8,0.232989,0.241054,63684.669614,0.128788
28372,,13,4,0,4,4,0,4,0,0,0,0,0.5
28407,,13,2,0,2,2,0,2,0,0,0,0,1
28416,,13,5,4,9,5,4,9,8,0.233007,0.241097,26081.737934,0.333333
28455,,13,1,0,1,1,0,1,0,0,0,0,0
28495,,13,1,0,1,1,0,1,0,0,0,0,0
28497,,13,2,2,4,2,2,4,8,0.232981,0.240993,109.342774,0.5
28431,,13,2,4,6,2,4,6,8,0.243999,0.252689,26206.932133,0.45
28764,,13,2,2,4,2,2,4,8,0.232981,0.240993,18826,0.333333
28335,,13,2,1,3,2,1,3,9,0.217833,0.224571,18826,0.333333
28382,,13,2,5,7,2,5,7,8,0.233596,0.241752,2022.99174,0.45
29033,,13,1,0,1,1,0,1,0,0,0,0,0
29242,,13,1,1,2,1,1,2,9,0.188967,0.193142,0,1
28904,,13,2,2,4,2,2,4,8,0.232981,0.240993,0,1
28392,,13,1,5,6,1,5,6,8,0.264965,0.276576,27092.448782,0.3
29008,,13,1,3,4,1,3,4,8,0.232984,0.241019,0,0.666667
29604,,13,1,0,1,1,0,1,0,0,0,0,0
28236,,13,3,2,5,3,2,5,8,0.232981,0.240993,109.342774,0.5
20135,,12,0,1,1,0,1,1,9,0.191497,0.195504,0,0
20136,,12,1,1,2,1,1,2,8,0.236841,0.24458,18827,0
20139,,8,0,1,1,0,1,1,1,1,1,0,0
20143,,13,0,1,1,0,1,1,9,0.195066,0.199384,0,0
20144,,16,0,3,3,0,3,3,9,0.196742,0.201694,0,0
20145,,16,1,0,1,1,0,1,0,0,0,0,0
20146,,16,1,1,2,1,1,2,9,0.222009,0.228904,3575.517607,0
20147,,8,0,1,1,0,1,1,8,0.263743,0.27463,0,0
20148,,7,0,1,1,0,1,1,9,0.218461,0.224529,0,0
20149,,6,0,1,1,0,1,1,8,0.249084,0.258104,0,0
20151,,0,0,2,2,0,2,2,9,0.224789,0.232429,0,1
20153,,10,0,1,1,0,1,1,8,0.23897,0.247046,0,0
20156,,16,0,1,1,0,1,1,9,0.192204,0.196531,0,0
20159,,10,0,1,1,0,1,1,9,0.221265,0.227889,0,0
20161,,24,0,1,1,0,1,1,9,0.231745,0.239907,0,0
20165,,11,0,1,1,0,1,1,8,0.247792,0.25846,0,0
35539,,11,1,1,2,1,1,2,9,0.21164,0.217687,0,0
20167,,8,0,1,1,0,1,1,9,0.209259,0.214889,0,0
20168,,24,0,1,1,0,1,1,9,0.209938,0.21553,0,0
20169,,8,0,1,1,0,1,1,8,0.262756,0.273466,0,0
20171,,16,0,1,1,0,1,1,10,0.174198,0.17752,0,0
20172,,0,0,1,1,0,1,1,9,0.222605,0.230046,0,0
20173,,121,0,2,2,0,2,2,8,0.26159,0.272745,0,0
20174,,8,0,1,1,0,1,1,9,0.217626,0.22351,0,0
20176,,7,0,1,1,0,1,1,9,0.213715,0.219746,0,0
20177,,7,0,1,1,0,1,1,9,0.226164,0.233246,0,0
20178,,7,0,2,2,0,2,2,9,0.200648,0.205084,0,0
20179,,7,1,1,2,1,1,2,9,0.216853,0.223281,1376.882922,0
20181,,11,0,1,1,0,1,1,9,0.217716,0.223687,0,0
20183,,8,0,1,1,0,1,1,8,0.234991,0.243288,0,0
20184,,15,0,2,2,0,2,2,9,0.227704,0.234927,0,1
20187,,2,0,1,1,0,1,1,8,0.261475,0.272568,0,0
20188,,16,0,1,1,0,1,1,9,0.205253,0.210794,0,0
20191,,7,0,1,1,0,1,1,9,0.210854,0.216472,0,0
24517,,11,1,0,1,1,0,1,0,0,0,0,0
20195,,5,0,2,2,0,2,2,8,0.245118,0.253601,0,0
20196,,5,1,0,1,1,0,1,0,0,0,0,0
20197,,8,0,3,3,0,3,3,9,0.22291,0.230279,0,0.333333
20200,,7,0,1,1,0,1,1,8,0.242475,0.25106,0,0
20201,,10,0,1,1,0,1,1,9,0.192892,0.197062,0,0
20202,,8,0,1,1,0,1,1,9,0.224297,0.231274,0,0
20204,,212,0,1,1,0,1,1,1,1,1,0,0
20205,,212,1,0,1,1,0,1,0,0,0,0,0
20207,,2,0,1,1,0,1,1,9,0.226463,0.234215,0,0
20211,,10,0,1,1,0,1,1,9,0.199255,0.204175,0,0
20214,,11,0,2,2,0,2,2,9,0.220029,0.227064,0,1
20319,,16,1,1,2,1,1,2,9,0.203366,0.208826,0,0
20219,,10,0,1,1,0,1,1,10,0.189888,0.194294,0,0
20220,,11,0,1,1,0,1,1,9,0.205005,0.210889,0,0
20221,,7,0,5,5,0,5,5,8,0.252359,0.262801,0,0.25
20223,,3,0,1,1,0,1,1,9,0.214123,0.219985,0,0
20225,,11,0,2,2,0,2,2,9,0.206109,0.212053,0,0
20226,,0,0,2,2,0,2,2,9,0.206088,0.211869,0,1
20228,,21,1,1,2,1,1,2,9,0.214182,0.22012,198.915642,0
20229,,8,0,1,1,0,1,1,9,0.236556,0.244293,0,0
20232,,11,0,1,1,0,1,1,9,0.229659,0.236946,0,0
20233,,7,0,1,1,0,1,1,9,0.215121,0.221624,0,0
20235,,1,0,1,1,0,1,1,9,0.216779,0.223052,0,0
20238,,11,0,1,1,0,1,1,9,0.19741,0.202675,0,0
20241,,7,0,1,1,0,1,1,9,0.199673,0.204232,0,0
20242,,11,0,1,1,0,1,1,9,0.199196,0.203985,0,0
20245,,16,0,1,1,0,1,1,9,0.234736,0.243231,0,0
20246,,24,1,2,3,1,2,3,8,0.231643,0.239467,18827,0
20247,,16,0,1,1,0,1,1,9,0.214128,0.220297,0,0
20249,,1,1,0,1,1,0,1,0,0,0,0,0
35078,,1,1,0,1,1,0,1,0,0,0,0,0
20251,,11,0,1,1,0,1,1,8,0.234514,0.24306,0,0
20253,,24,0,2,2,0,2,2,8,0.227311,0.23503,0,0
20256,,11,0,2,2,0,2,2,9,0.209654,0.215573,0,0
20257,,213,0,1,1,0,1,1,1,1,1,0,0
20258,,213,1,0,1,1,0,1,0,0,0,0,0
20260,,8,0,1,1,0,1,1,9,0.231387,0.239068,0,0
20262,,15,0,2,2,0,2,2,9,0.228538,0.236144,0,0
20265,,16,0,2,2,0,2,2,8,0.257562,0.268737,0,1
20266,,11,0,1,1,0,1,1,8,0.251382,0.261452,0,0
20273,,214,0,1,1,0,1,1,1,1,1,0,0
20274,,214,1,0,1,1,0,1,0,0,0,0,0
20278,,16,0,1,1,0,1,1,9,0.201509,0.206566,0,0
20283,,16,0,3,3,0,3,3,8,0.243807,0.251954,0,0.333333
20284,,11,0,1,1,0,1,1,9,0.232956,0.241234,0,0
20285,,15,0,2,2,0,2,2,9,0.220302,0.227196,0,1
20287,,7,0,2,2,0,2,2,8,0.23841,0.246094,0,0
20290,,10,0,2,2,0,2,2,9,0.20277,0.207825,0,0.5
20291,,16,0,1,1,0,1,1,9,0.209788,0.215674,0,0
20292,,6,0,1,1,0,1,1,8,0.249084,0.258104,0,0
20297,,10,0,1,1,0,1,1,9,0.214651,0.220859,0,0
20299,,24,0,1,1,0,1,1,9,0.21834,0.225148,0,0
20300,,15,0,1,1,0,1,1,9,0.214509,0.221386,0,0
20301,,13,0,3,3,0,3,3,8,0.213625,0.2203,0,0.166667
20302,,11,0,1,1,0,1,1,9,0.224417,0.232139,0,0
20303,,11,0,1,1,0,1,1,8,0.234514,0.24306,0,0
20305,,8,0,3,3,0,3,3,9,0.224596,0.231967,0,0.333333
20307,,11,0,1,1,0,1,1,8,0.234514,0.24306,0,0
20310,,215,0,1,1,0,1,1,1,1,1,0,0
20311,,215,1,0,1,1,0,1,0,0,0,0,0
20313,,2,0,1,1,0,1,1,9,0.223294,0.230462,0,0
20315,,11,0,1,1,0,1,1,8,0.246659,0.25616,0,0
20316,,8,0,1,1,0,1,1,10,0.179867,0.183178,0,0
20317,,8,0,1,1,0,1,1,8,0.234455,0.242731,0,0
20318,,9,0,2,2,0,2,2,8,0.235488,0.24405,0,0
20320,,8,0,1,1,0,1,1,9,0.223726,0.230675,0,0
20321,,10,0,1,1,0,1,1,8,0.233638,0.242002,0,0
23034,,1,1,2,3,1,2,3,9,0.228103,0.235851,0,0.5
26020,,11,1,1,2,1,1,2,9,0.208652,0.214728,90.59869,0
33684,,11,1,0,1,1,0,1,0,0,0,0,0
20326,,11,0,1,1,0,1,1,8,0.236167,0.244733,0,0
20331,,21,0,1,1,0,1,1,1,1,1,0,0
20332,,11,0,2,2,0,2,2,8,0.25215,0.262311,0,1
20333,,8,1,1,2,1,1,2,9,0.232014,0.240012,648.752662,0
20334,,10,0,1,1,0,1,1,9,0.222931,0.229752,0,0
20339,,0,0,1,1,0,1,1,9,0.224741,0.232186,0,0
20340,,8,0,2,2,0,2,2,8,0.239865,0.2478,0,0
20438,,11,1,1,2,1,1,2,9,0.215108,0.220904,0,0
21752,,11,1,1,2,1,1,2,9,0.215108,0.220904,0,0
27735,,11,1,3,4,1,3,4,9,0.229144,0.236264,182.047472,0.666667
26943,,10,1,0,1,1,0,1,0,0,0,0,0
20343,,16,0,1,1,0,1,1,9,0.21555,0.221855,0,0
20344,,12,0,1,1,0,1,1,8,0.236841,0.24458,0,0
20345,,15,0,2,2,0,2,2,9,0.220746,0.227225,0,1
20347,,0,0,1,1,0,1,1,8,0.230717,0.238683,0,0
20348,,7,1,1,2,1,1,2,8,0.252681,0.261932,18827,0
20349,,9,0,5,5,0,5,5,8,0.254488,0.264586,0,0.15
20350,,8,0,2,2,0,2,2,8,0.266471,0.277861,0,1
20351,,0,0,1,1,0,1,1,9,0.218335,0.225066,0,0
20352,,7,0,1,1,0,1,1,9,0.235473,0.242933,0,0
20353,,8,0,1,1,0,1,1,9,0.209259,0.214889,0,0
20355,,16,0,1,1,0,1,1,2,0.538462,0.571429,0,0
20356,,11,0,1,1,0,1,1,8,0.246659,0.25616,0,0
20357,,16,0,1,1,0,1,1,9,0.234736,0.243231,0,0
20360,,16,0,1,1,0,1,1,8,0.257544,0.268689,0,0
26012,,6,4,2,6,4,2,6,9,0.190466,0.194415,25976,0
20362,,10,0,1,1,0,1,1,9,0.227448,0.235151,0,0
20363,,7,0,2,2,0,2,2,8,0.250173,0.259475,0,1
20370,,15,0,1,1,0,1,1,9,0.220026,0.226909,0,0
20371,,15,0,1,1,0,1,1,9,0.220026,0.226909,0,0
20372,,15,0,1,1,0,1,1,9,0.220026,0.226909,0,0
20375,,16,0,1,1,0,1,1,9,0.186402,0.190307,0,0
20378,,11,0,3,3,0,3,3,9,0.230737,0.23899,0,0
20380,,8,0,1,1,0,1,1,10,0.17543,0.178481,0,0
20381,,5,0,1,1,0,1,1,8,0.230249,0.237146,0,0
20382,,11,0,1,1,0,1,1,9,0.21089,0.216438,0,0
20383,,11,0,1,1,0,1,1,10,0.172369,0.175589,0,0
20384,,11,1,1,2,1,1,2,9,0.208256,0.214,18827,0
20386,,10,0,1,1,0,1,1,9,0.208764,0.214543,0,0
20387,,7,0,1,1,0,1,1,9,0.214962,0.22092,0,0
20391,,10,0,1,1,0,1,1,9,0.226297,0.233852,0,0
20392,,8,0,1,1,0,1,1,8,0.240389,0.247695,0,0
20393,,16,0,1,1,0,1,1,8,0.209429,0.215629,0,0
20395,,8,0,1,1,0,1,1,10,0.189819,0.194165,0,0
28593,,5,1,0,1,1,0,1,0,0,0,0,0
20398,,5,0,1,1,0,1,1,8,0.23532,0.242676,0,0
20399,,5,0,2,2,0,2,2,9,0.228569,0.235823,0,0
20401,,5,0,1,1,0,1,1,8,0.245851,0.255055,0,0
20403,,2,0,2,2,0,2,2,9,0.208771,0.214612,0,1
20404,,2,0,2,2,0,2,2,8,0.267243,0.27926,0,0.5
20405,,8,0,1,1,0,1,1,8,0.262756,0.273466,0,0
20408,,21,0,2,2,0,2,2,1,1,1,0,0
22336,,21,1,0,1,1,0,1,0,0,0,0,0
20531,,8,1,1,2,1,1,2,9,0.204043,0.208795,0,0
20410,,0,0,2,2,0,2,2,8,0.239031,0.247645,0,1
27500,,2,1,0,1,1,0,1,0,0,0,0,0
20413,,16,0,2,2,0,2,2,8,0.227099,0.234782,0,0
20415,,15,1,1,2,1,1,2,9,0.220178,0.227274,18827,0
20416,,24,0,1,1,0,1,1,9,0.209301,0.214675,0,0
20417,,8,0,1,1,0,1,1,8,0.248761,0.257751,0,0
20420,,0,0,1,1,0,1,1,8,0.232191,0.239323,0,0
20421,,8,0,2,2,0,2,2,9,0.199678,0.204267,0,0
20423,,11,0,1,1,0,1,1,9,0.21089,0.216438,0,0
20425,,11,0,1,1,0,1,1,9,0.21089,0.216438,0,0
20426,,11,0,1,1,0,1,1,9,0.224736,0.231714,0,0
20427,,16,0,1,1,0,1,1,8,0.257544,0.268689,0,0
20429,,16,0,1,1,0,1,1,9,0.220868,0.22796,0,0
20431,,15,0,2,2,0,2,2,9,0.226175,0.233299,0,0.5
25383,,16,1,1,2,1,1,2,1,1,1,0,0
20434,,8,0,1,1,0,1,1,8,0.262756,0.273466,0,0
20435,,16,0,1,1,0,1,1,9,0.234736,0.243231,0,0
20437,,7,0,2,2,0,2,2,8,0.254106,0.263646,0,0.5
20439,,11,0,1,1,0,1,1,9,0.206086,0.211843,0,0
20440,,5,0,1,1,0,1,1,8,0.251664,0.260845,0,0
20443,,11,0,2,2,0,2,2,10,0.197313,0.201826,0,0
20444,,5,0,23,23,0,23,23,8,0.27589,0.289658,0,0.019763
20445,,5,3,1,4,3,1,4,8,0.245847,0.255051,0,0.5
20447,,5,0,2,2,0,2,2,8,0.260509,0.271278,0,1
20449,,1,1,0,1,1,0,1,0,0,0,0,0
20451,,11,0,1,1,0,1,1,9,0.212975,0.218717,0,0
20452,,5,0,1,1,0,1,1,1,1,1,0,0
20453,,7,0,4,4,0,4,4,8,0.24506,0.253227,0,0.5
20455,,7,0,1,1,0,1,1,8,0.237622,0.245065,0,0
20460,,216,0,1,1,0,1,1,1,1,1,0,0
20461,,216,1,0,1,1,0,1,0,0,0,0,0
20463,,7,0,1,1,0,1,1,1,1,1,0,0
20464,,5,0,1,1,0,1,1,8,0.251664,0.260845,0,0
20466,,11,0,1,1,0,1,1,8,0.244433,0.254493,0,0
20467,,0,0,1,1,0,1,1,9,0.202589,0.207926,0,0
20468,,15,1,1,2,1,1,2,1,1,1,0,0
20471,,11,0,1,1,0,1,1,8,0.247792,0.25846,0,0
20473,,3,0,1,1,0,1,1,1,1,1,0,0
20476,,217,0,1,1,0,1,1,1,1,1,0,0
20477,,217,1,0,1,1,0,1,0,0,0,0,0
20480,,11,0,1,1,0,1,1,9,0.209156,0.214711,0,0
20482,,0,0,1,1,0,1,1,8,0.242388,0.250662,0,0
20483,,15,0,1,1,0,1,1,9,0.220707,0.227135,0,0
20652,,7,1,0,1,1,0,1,0,0,0,0,0
20485,,11,0,2,2,0,2,2,9,0.218608,0.226263,0,0.5
20486,,21,0,1,1,0,1,1,11,0.161421,0.164033,0,0
20487,,21,5,4,9,5,4,9,10,0.192484,0.196963,75325.860812,0.013889
30729,,21,3,1,4,3,1,4,1,1,1,25970,0.083333
34493,,21,2,0,2,2,0,2,0,0,0,0,0.5
20492,,8,0,1,1,0,1,1,9,0.214655,0.22045,0,0
20494,,21,0,1,1,0,1,1,1,1,1,0,0
22977,,11,1,0,1,1,0,1,0,0,0,0,0
24003,,11,3,1,4,3,1,4,8,0.239012,0.246282,56476,0.166667
25998,,11,1,0,1,1,0,1,0,0,0,0,0
26787,,11,1,0,1,1,0,1,0,0,0,0,0
27849,,11,1,0,1,1,0,1,0,0,0,0,0
28557,,11,1,0,1,1,0,1,0,0,0,0,0
29638,,11,1,0,1,1,0,1,0,0,0,0,0
33371,,11,1,0,1,1,0,1,0,0,0,0,0
20499,,11,0,1,1,0,1,1,8,0.229134,0.236292,0,0
20500,,0,0,1,1,0,1,1,8,0.230918,0.237946,0,0
20501,,10,0,1,1,0,1,1,8,0.233638,0.242002,0,0
20502,,16,0,1,1,0,1,1,8,0.257544,0.268689,0,0
20505,,2,0,1,1,0,1,1,10,0.172717,0.175979,0,0
20506,,11,0,2,2,0,2,2,9,0.188649,0.192426,0,1
20509,,11,0,3,3,0,3,3,8,0.244665,0.25436,0,0.166667
20510,,3,0,2,2,0,2,2,9,0.187606,0.191459,0,0
20511,,3,0,1,1,0,1,1,1,1,1,0,0
20514,,7,2,8,10,2,8,10,8,0.250419,0.259825,41.437689,0.133333
20515,,6,0,2,2,0,2,2,8,0.256352,0.267252,0,1
20517,,8,0,1,1,0,1,1,10,0.174415,0.177466,0,0
20518,,11,0,1,1,0,1,1,8,0.236167,0.244733,0,0
20520,,7,0,1,1,0,1,1,9,0.225849,0.233192,0,0
20522,,7,0,1,1,0,1,1,8,0.233681,0.240561,0,0
20524,,16,0,1,1,0,1,1,9,0.210713,0.216558,0,0
20526,,8,0,1,1,0,1,1,8,0.233542,0.241585,0,0
20527,,12,0,1,1,0,1,1,1,1,1,0,0
20529,,16,1,0,1,1,0,1,0,0,0,0,0
20535,,7,1,2,3,1,2,3,9,0.220978,0.227729,6755.513008,0.333333
20537,,11,0,4,4,0,4,4,8,0.262229,0.274252,0,0.166667
20539,,0,0,1,1,0,1,1,10,0.184311,0.187914,0,0
20540,,21,0,2,2,0,2,2,10,0.181776,0.185712,0,0
25194,,21,1,0,1,1,0,1,0,0,0,0,0
20541,,218,0,1,1,0,1,1,1,1,1,0,0
20542,,218,1,0,1,1,0,1,0,0,0,0,0
20543,,24,0,1,1,0,1,1,9,0.231745,0.239907,0,0
20549,,11,0,2,2,0,2,2,8,0.23636,0.245053,0,0
32234,,10,1,0,1,1,0,1,0,0,0,0,0
20551,,0,0,2,2,0,2,2,9,0.187834,0.192117,0,0
20552,,5,0,1,1,0,1,1,9,0.202622,0.207498,0,0
20554,,6,1,1,2,1,1,2,9,0.204067,0.209223,0,0.5
20555,,8,0,1,1,0,1,1,9,0.223341,0.230313,0,0
20556,,16,0,1,1,0,1,1,10,0.174198,0.17752,0,0
20557,,1,0,1,1,0,1,1,10,0.190293,0.194931,0,0
20561,,10,1,1,2,1,1,2,9,0.177132,0.180771,0,0.5
20562,,7,0,1,1,0,1,1,9,0.217943,0.224069,0,0
20564,,12,0,2,2,0,2,2,8,0.23057,0.238588,0,0
20566,,13,0,1,1,0,1,1,9,0.195066,0.199384,0,0
20568,,21,0,1,1,0,1,1,1,1,1,0,0
20570,,16,0,1,1,0,1,1,1,1,1,0,0
20572,,11,0,1,1,0,1,1,8,0.251382,0.261452,0,0
20576,,6,0,1,1,0,1,1,2,0.666667,0.75,0,0
20578,,56,0,1,1,0,1,1,9,0.186668,0.190611,0,0
27206,,0,1,0,1,1,0,1,0,0,0,0,0
20583,,2,0,3,3,0,3,3,8,0.246578,0.257013,0,0
20585,,1,0,3,3,0,3,3,9,0.219408,0.225883,0,0
20587,,16,0,1,1,0,1,1,8,0.257544,0.268689,0,0
20592,,24,0,1,1,0,1,1,9,0.208263,0.213764,0,0
20594,,16,0,1,1,0,1,1,9,0.214045,0.219989,0,0
20595,,11,0,1,1,0,1,1,8,0.244275,0.253708,0,0
20597,,16,0,1,1,0,1,1,8,0.257544,0.268689,0,0
20603,,1,0,1,1,0,1,1,9,0.217256,0.223145,0,0
20604,,1,0,1,1,0,1,1,9,0.219196,0.225231,0,0
20608,,2,0,1,1,0,1,1,10,0.179203,0.182673,0,0
20609,,2,1,1,2,1,1,2,9,0.218317,0.224658,18827,0
20610,,11,0,1,1,0,1,1,8,0.207072,0.212175,0,0
20611,,10,0,1,1,0,1,1,9,0.226507,0.233975,0,0
20614,,0,0,2,2,0,2,2,8,0.232941,0.240741,0,0
20616,,16,0,1,1,0,1,1,8,0.257544,0.268689,0,0
20619,,11,0,3,3,0,3,3,8,0.232423,0.24079,0,0.833333
20624,,8,0,1,1,0,1,1,9,0.225042,0.231898,0,0
20627,,7,0,1,1,0,1,1,8,0.265449,0.276753,0,0
20628,,7,0,1,1,0,1,1,9,0.200066,0.204368,0,0
20630,,5,0,3,3,0,3,3,8,0.260921,0.271783,0,0.166667
20631,,8,0,1,1,0,1,1,8,0.262756,0.273466,0,0
20632,,10,0,2,2,0,2,2,9,0.229757,0.236959,0,0
20633,,10,1,1,2,1,1,2,9,0.232941,0.240927,18827,0
20635,,7,0,1,1,0,1,1,8,0.232953,0.240316,0,0
20636,,8,0,1,1,0,1,1,9,0.184053,0.188045,0,0
20637,,11,0,3,3,0,3,3,8,0.240435,0.248573,0,0
20639,,0,0,1,1,0,1,1,10,0.179218,0.18288,0,0
20640,,16,0,1,1,0,1,1,9,0.234736,0.243231,0,0
20641,,11,0,1,1,0,1,1,9,0.209627,0.215242,0,0
20642,,8,0,5,5,0,5,5,8,0.251285,0.260567,0,0.1
29835,,8,1,0,1,1,0,1,0,0,0,0,0
20643,,9,0,1,1,0,1,1,9,0.185524,0.189879,0,0
20644,,9,0,1,1,0,1,1,9,0.185524,0.189879,0,0
20645,,9,0,2,2,0,2,2,9,0.199847,0.205116,0,1
22010,,7,1,0,1,1,0,1,0,0,0,0,0
26148,,6,4,4,8,4,4,8,10,0.169212,0.172273,146065.340741,0.083333
20648,,13,0,1,1,0,1,1,9,0.195066,0.199384,0,0
20649,,11,0,1,1,0,1,1,8,0.236167,0.244733,0,0
20651,,7,0,1,1,0,1,1,9,0.232014,0.240012,0,0
20654,,12,0,1,1,0,1,1,1,1,1,0,0
20655,,9,0,2,2,0,2,2,9,0.187479,0.191849,0,1
20656,,9,0,1,1,0,1,1,9,0.185524,0.189879,0,0
20657,,9,0,1,1,0,1,1,9,0.185524,0.189879,0,0
20658,,9,0,1,1,0,1,1,9,0.185524,0.189879,0,0
20660,,9,0,3,3,0,3,3,9,0.223106,0.230255,0,0.5
20661,,9,0,1,1,0,1,1,9,0.185524,0.189879,0,0
20662,,9,0,1,1,0,1,1,9,0.185524,0.189879,0,0
20666,,9,0,3,3,0,3,3,9,0.199938,0.205383,0,0.833333
20667,,10,0,1,1,0,1,1,8,0.23897,0.247046,0,0
20668,,9,0,1,1,0,1,1,9,0.185524,0.189879,0,0
20669,,9,0,6,6,0,6,6,8,0.238994,0.247205,0,0.266667
22144,,9,3,8,11,3,8,11,10,0.164945,0.168385,52035.425157,0.218182
20670,,9,0,4,4,0,4,4,9,0.200338,0.205662,0,0.75
20671,,9,0,1,1,0,1,1,9,0.185524,0.189879,0,0
20672,,5,0,1,1,0,1,1,9,0.197365,0.202008,0,0
20674,,9,0,1,1,0,1,1,9,0.185524,0.189879,0,0
20675,,9,0,1,1,0,1,1,9,0.185524,0.189879,0,0
20676,,5,0,4,4,0,4,4,9,0.235856,0.244168,0,0.25
20677,,2,0,2,2,0,2,2,9,0.228339,0.23633,0,0
20678,,9,0,2,2,0,2,2,9,0.199847,0.205116,0,1
20679,,9,0,1,1,0,1,1,9,0.185524,0.189879,0,0
20680,,9,0,2,2,0,2,2,9,0.199847,0.205116,0,1
20681,,9,0,1,1,0,1,1,9,0.185524,0.189879,0,0
20682,,9,0,2,2,0,2,2,9,0.199847,0.205116,0,1
20683,,9,0,2,2,0,2,2,9,0.199847,0.205116,0,1
20684,,9,0,1,1,0,1,1,9,0.185524,0.189879,0,0
20685,,9,0,2,2,0,2,2,9,0.187479,0.191849,0,1
20686,,9,0,1,1,0,1,1,9,0.185524,0.189879,0,0
20687,,9,0,1,1,0,1,1,9,0.185524,0.189879,0,0
20688,,9,0,1,1,0,1,1,9,0.185524,0.189879,0,0
20689,,11,0,1,1,0,1,1,8,0.232829,0.239934,0,0
20690,,9,0,1,1,0,1,1,9,0.185524,0.189879,0,0
20691,,9,0,1,1,0,1,1,9,0.185524,0.189879,0,0
20693,,9,0,2,2,0,2,2,9,0.215414,0.221674,0,0.5
20694,,9,0,3,3,0,3,3,9,0.215535,0.221959,0,0.5
20695,,7,0,3,3,0,3,3,9,0.2234,0.230694,0,0.833333
20696,,9,0,3,3,0,3,3,8,0.227957,0.235047,0,0.5
34496,,10,2,0,2,2,0,2,0,0,0,0,1
20699,,9,0,2,2,0,2,2,9,0.199847,0.205116,0,1
20700,,9,0,2,2,0,2,2,9,0.215414,0.221674,0,0.5
20701,,9,0,1,1,0,1,1,9,0.185524,0.189879,0,0
20702,,9,0,1,1,0,1,1,9,0.185524,0.189879,0,0
20703,,9,0,3,3,0,3,3,9,0.187567,0.192117,0,0.5
20704,,9,0,2,2,0,2,2,9,0.199847,0.205116,0,1
20705,,9,0,1,1,0,1,1,9,0.185524,0.189879,0,0
20706,,10,0,1,1,0,1,1,9,0.221265,0.227889,0,0
20707,,9,0,1,1,0,1,1,9,0.185524,0.189879,0,0
20708,,9,0,1,1,0,1,1,9,0.185524,0.189879,0,0
20709,,15,0,1,1,0,1,1,9,0.220297,0.227161,0,0
20710,,9,0,2,2,0,2,2,9,0.199847,0.205116,0,1
20711,,9,0,1,1,0,1,1,9,0.185524,0.189879,0,0
20712,,8,0,1,1,0,1,1,9,0.233264,0.241028,0,0
20713,,9,0,1,1,0,1,1,9,0.185524,0.189879,0,0
20715,,9,0,1,1,0,1,1,9,0.185524,0.189879,0,0
20716,,9,0,1,1,0,1,1,9,0.185524,0.189879,0,0
20717,,9,0,1,1,0,1,1,9,0.185524,0.189879,0,0
20718,,9,0,1,1,0,1,1,9,0.185524,0.189879,0,0
20719,,7,0,1,1,0,1,1,9,0.220578,0.22706,0,0
20721,,16,0,1,1,0,1,1,9,0.210713,0.216558,0,0
20724,,9,0,1,1,0,1,1,10,0.164896,0.168023,0,0
20725,,11,0,1,1,0,1,1,8,0.232829,0.239934,0,0
20726,,15,0,1,1,0,1,1,9,0.214345,0.220682,0,0
20727,,8,0,1,1,0,1,1,9,0.215946,0.221647,0,0
20728,,11,0,1,1,0,1,1,8,0.236167,0.244733,0,0
20729,,9,0,2,2,0,2,2,9,0.199847,0.205116,0,1
20730,,9,1,5,6,1,5,6,9,0.213944,0.220618,18830.774549,0.066667
20731,,9,0,1,1,0,1,1,9,0.185524,0.189879,0,0
20732,,9,0,1,1,0,1,1,9,0.185524,0.189879,0,0
20733,,9,0,1,1,0,1,1,10,0.164896,0.168023,0,0
20734,,9,0,1,1,0,1,1,10,0.164896,0.168023,0,0
20735,,9,0,1,1,0,1,1,9,0.185524,0.189879,0,0
20736,,9,0,1,1,0,1,1,10,0.164896,0.168023,0,0
20737,,2,0,1,1,0,1,1,9,0.182969,0.186816,0,0
20738,,9,0,1,1,0,1,1,9,0.185524,0.189879,0,0
20739,,9,0,1,1,0,1,1,9,0.185524,0.189879,0,0
20740,,9,0,1,1,0,1,1,9,0.185524,0.189879,0,0
20741,,9,0,1,1,0,1,1,9,0.185524,0.189879,0,0
20742,,0,0,2,2,0,2,2,9,0.210181,0.215663,0,0.5
20743,,9,0,3,3,0,3,3,9,0.200336,0.205636,0,1
20744,,9,0,1,1,0,1,1,9,0.185524,0.189879,0,0
20745,,9,0,2,2,0,2,2,9,0.199847,0.205116,0,1
20746,,9,0,1,1,0,1,1,9,0.185524,0.189879,0,0
20747,,11,0,1,1,0,1,1,8,0.232829,0.239934,0,0
20751,,9,0,2,2,0,2,2,9,0.199847,0.205116,0,1
20755,,6,0,1,1,0,1,1,8,0.229909,0.23654,0,0
20756,,9,0,2,2,0,2,2,9,0.199847,0.205116,0,1
20758,,9,0,1,1,0,1,1,10,0.164896,0.168023,0,0
20759,,9,0,1,1,0,1,1,10,0.164896,0.168023,0,0
20761,,8,0,1,1,0,1,1,8,0.248761,0.257751,0,0
20762,,9,0,1,1,0,1,1,9,0.185524,0.189879,0,0
20763,,11,0,1,1,0,1,1,8,0.251382,0.261452,0,0
20764,,9,0,1,1,0,1,1,9,0.185524,0.189879,0,0
20765,,0,0,1,1,0,1,1,8,0.230853,0.23867,0,0
20766,,9,0,3,3,0,3,3,9,0.199938,0.205383,0,0.833333
20767,,9,0,2,2,0,2,2,9,0.199847,0.205116,0,1
20768,,7,0,1,1,0,1,1,9,0.20573,0.211439,0,0
20769,,9,0,3,3,0,3,3,9,0.199854,0.205156,0,0.333333
20770,,11,0,1,1,0,1,1,1,1,1,0,0
20771,,9,0,2,2,0,2,2,9,0.199847,0.205116,0,1
20772,,9,0,2,2,0,2,2,9,0.199847,0.205116,0,1
30268,,9,1,1,2,1,1,2,12,0.12401,0.125339,0,0
34320,,9,1,1,2,1,1,2,12,0.12401,0.125339,0,0
20774,,9,0,2,2,0,2,2,9,0.215414,0.221674,0,0.5
20778,,219,0,1,1,0,1,1,1,1,1,0,0
20779,,219,1,0,1,1,0,1,0,0,0,0,0
20780,,8,0,1,1,0,1,1,9,0.210829,0.216341,0,0
20781,,9,0,2,2,0,2,2,9,0.199847,0.205116,0,1
20782,,9,0,2,2,0,2,2,9,0.199847,0.205116,0,1
20783,,9,0,2,2,0,2,2,9,0.199847,0.205116,0,1
20784,,10,0,1,1,0,1,1,9,0.224254,0.231328,0,0
20786,,7,0,1,1,0,1,1,9,0.210076,0.21568,0,0
20787,,15,0,1,1,0,1,1,9,0.220312,0.226978,0,0
20788,,9,0,2,2,0,2,2,9,0.199847,0.205116,0,1
20791,,9,0,1,1,0,1,1,9,0.185524,0.189879,0,0
20792,,9,0,1,1,0,1,1,9,0.185524,0.189879,0,0
20793,,11,0,1,1,0,1,1,9,0.220024,0.226951,0,0
20794,,9,0,2,2,0,2,2,9,0.199847,0.205116,0,1
20795,,9,0,3,3,0,3,3,9,0.200336,0.205636,0,1
20796,,9,0,2,2,0,2,2,9,0.199847,0.205116,0,1
20798,,8,0,1,1,0,1,1,9,0.227168,0.234544,0,0
20799,,10,0,1,1,0,1,1,9,0.203888,0.209367,0,0
20800,,9,0,1,1,0,1,1,9,0.185524,0.189879,0,0
20801,,9,0,3,3,0,3,3,11,0.141605,0.143768,0,0.333333
20802,,7,1,2,3,1,2,3,9,0.207592,0.21304,18827,0
25373,,7,1,1,2,1,1,2,10,0.171908,0.174946,0,0
23566,,7,1,0,1,1,0,1,0,0,0,0,0
23826,,7,1,0,1,1,0,1,0,0,0,0,0
23827,,7,1,0,1,1,0,1,0,0,0,0,0
24724,,7,2,0,2,2,0,2,0,0,0,0,1
25705,,7,1,0,1,1,0,1,0,0,0,0,0
34552,,7,1,0,1,1,0,1,0,0,0,0,0
35456,,7,1,0,1,1,0,1,0,0,0,0,0
20804,,3,0,1,1,0,1,1,9,0.232872,0.240708,0,0
20805,,9,0,3,3,0,3,3,9,0.200336,0.205636,0,1
20807,,13,0,1,1,0,1,1,8,0.234601,0.241751,0,0
20808,,9,0,1,1,0,1,1,9,0.185524,0.189879,0,0
20809,,9,0,1,1,0,1,1,9,0.185524,0.189879,0,0
20810,,16,0,1,1,0,1,1,8,0.226676,0.234633,0,0
20812,,24,0,1,1,0,1,1,8,0.22375,0.230857,0,0
20813,,11,0,1,1,0,1,1,8,0.239859,0.247713,0,0
20814,,11,0,1,1,0,1,1,9,0.213504,0.219764,0,0
20815,,8,0,1,1,0,1,1,8,0.243999,0.252847,0,0
20817,,5,0,3,3,0,3,3,8,0.250562,0.259943,0,0.333333
20818,,9,0,1,1,0,1,1,9,0.185524,0.189879,0,0
20819,,9,0,1,1,0,1,1,9,0.185524,0.189879,0,0
20820,,0,0,2,2,0,2,2,10,0.166848,0.16999,0,0
20822,,8,0,2,2,0,2,2,8,0.243073,0.251046,0,0
20823,,220,0,1,1,0,1,1,1,1,1,0,0
20824,,220,1,0,1,1,0,1,0,0,0,0,0
20825,,7,0,2,2,0,2,2,9,0.222966,0.229725,0,0
20826,,9,0,2,2,0,2,2,9,0.215414,0.221674,0,0.5
20828,,9,0,2,2,0,2,2,9,0.199847,0.205116,0,1
20829,,9,0,3,3,0,3,3,9,0.200336,0.205636,0,1
20830,,11,0,1,1,0,1,1,9,0.201915,0.206674,0,0
20831,,16,0,1,1,0,1,1,9,0.232711,0.240726,0,0
20833,,9,0,2,2,0,2,2,9,0.199847,0.205116,0,1
20835,,7,0,1,1,0,1,1,9,0.193869,0.197904,0,0
20836,,15,0,1,1,0,1,1,9,0.197245,0.201816,0,0
20838,,9,0,1,1,0,1,1,9,0.185524,0.189879,0,0
20839,,9,0,1,1,0,1,1,9,0.217144,0.223521,0,0
20843,,121,0,5,5,0,5,5,9,0.214896,0.221031,0,0.3
20844,,9,0,2,2,0,2,2,9,0.215414,0.221674,0,0.5
20845,,9,0,2,2,0,2,2,9,0.215414,0.221674,0,0.5
20846,,0,0,2,2,0,2,2,8,0.23087,0.238728,0,1
20848,,7,0,1,1,0,1,1,9,0.200066,0.204368,0,0
20849,,9,0,1,1,0,1,1,9,0.185524,0.189879,0,0
20850,,21,0,3,3,0,3,3,9,0.221989,0.229286,0,0.166667
20851,,21,1,0,1,1,0,1,0,0,0,0,0
20854,,16,0,1,1,0,1,1,10,0.174198,0.17752,0,0
20855,,9,0,2,2,0,2,2,9,0.199847,0.205116,0,1
20856,,9,0,2,2,0,2,2,9,0.216015,0.222378,0,0
20858,,9,0,1,1,0,1,1,9,0.185524,0.189879,0,0
20860,,9,0,1,1,0,1,1,9,0.185524,0.189879,0,0
20863,,0,0,1,1,0,1,1,9,0.212176,0.218108,0,0
20864,,21,0,1,1,0,1,1,1,1,1,0,0
20868,,16,0,1,1,0,1,1,9,0.192204,0.196531,0,0
20869,,0,0,1,1,0,1,1,10,0.170875,0.174107,0,0
20871,,11,0,1,1,0,1,1,9,0.2263,0.234284,0,0
20872,,7,0,1,1,0,1,1,1,1,1,0,0
20873,,9,0,2,2,0,2,2,9,0.199847,0.205116,0,1
20875,,5,0,3,3,0,3,3,8,0.242591,0.251811,0,0.5
20876,,9,0,2,2,0,2,2,9,0.215414,0.221674,0,0.5
20877,,9,0,2,2,0,2,2,9,0.199847,0.205116,0,1
28013,,2,1,1,2,1,1,2,9,0.226465,0.234217,18.142471,0
35141,,7,1,0,1,1,0,1,0,0,0,0,0
20880,,0,0,1,1,0,1,1,8,0.230853,0.23867,0,0
20881,,24,0,1,1,0,1,1,9,0.183623,0.18749,0,0
20882,,24,1,2,3,1,2,3,8,0.224913,0.232172,18827,0
20883,,8,0,1,1,0,1,1,8,0.244564,0.253553,0,0
20886,,8,0,1,1,0,1,1,8,0.262756,0.273466,0,0
20887,,11,0,1,1,0,1,1,9,0.23172,0.239817,0,0
20889,,9,0,1,1,0,1,1,9,0.185524,0.189879,0,0
20890,,9,0,2,2,0,2,2,9,0.199847,0.205116,0,1
20891,,9,0,1,1,0,1,1,9,0.185524,0.189879,0,0
20892,,15,0,1,1,0,1,1,9,0.209851,0.215662,0,0
20893,,5,0,1,1,0,1,1,9,0.224639,0.231408,0,0
20894,,221,0,1,1,0,1,1,1,1,1,0,0
20895,,221,1,0,1,1,0,1,0,0,0,0,0
20897,,222,0,1,1,0,1,1,1,1,1,0,0
20898,,222,2,0,2,2,0,2,0,0,0,0,0
20899,,222,0,1,1,0,1,1,1,1,1,0,0
20903,,10,0,1,1,0,1,1,9,0.225849,0.233205,0,0
20904,,16,0,2,2,0,2,2,9,0.196205,0.200538,0,1
20905,,10,0,5,5,0,5,5,8,0.258801,0.270297,0,0.4
20909,,11,0,1,1,0,1,1,9,0.210874,0.217038,0,0
20910,,7,0,1,1,0,1,1,8,0.265449,0.276753,0,0
20915,,121,0,5,5,0,5,5,9,0.214896,0.221031,0,0.3
20916,,223,0,1,1,0,1,1,1,1,1,0,0
20917,,223,1,0,1,1,0,1,0,0,0,0,0
20918,,16,0,2,2,0,2,2,10,0.174206,0.177564,0,0
20919,,16,1,0,1,1,0,1,0,0,0,0,0
21941,,7,1,0,1,1,0,1,0,0,0,0,0
20924,,10,0,1,1,0,1,1,9,0.210268,0.215748,0,0
20926,,15,0,1,1,0,1,1,9,0.224977,0.231842,0,0
20927,,0,1,1,2,1,1,2,10,0.181455,0.185354,0,0.5
20929,,0,0,1,1,0,1,1,9,0.218335,0.225066,0,0
23475,,11,1,1,2,1,1,2,8,0.239015,0.246291,0,1
28516,,11,1,0,1,1,0,1,0,0,0,0,0
20933,,7,0,1,1,0,1,1,9,0.207584,0.212998,0,0
20935,,5,0,2,2,0,2,2,9,0.224428,0.231586,0,0
20936,,19,0,1,1,0,1,1,1,1,1,0,0
20942,,5,0,1,1,0,1,1,8,0.245108,0.253561,0,0
20943,,7,0,2,2,0,2,2,9,0.19247,0.196725,0,0
20944,,7,1,0,1,1,0,1,0,0,0,0,0
20945,,0,0,1,1,0,1,1,10,0.184311,0.187914,0,0
20946,,5,0,2,2,0,2,2,8,0.234585,0.24247,0,0.5
20947,,0,0,2,2,0,2,2,9,0.187834,0.192117,0,0
20949,,8,0,1,1,0,1,1,8,0.262756,0.273466,0,0
20950,,0,0,2,2,0,2,2,10,0.181462,0.185397,0,0.5
20951,,224,0,1,1,0,1,1,1,1,1,0,0
20952,,224,1,0,1,1,0,1,0,0,0,0,0
20956,,11,0,3,3,0,3,3,8,0.23243,0.240804,0,0.666667
20957,,11,1,2,3,1,2,3,8,0.232421,0.240763,0,0.666667
20959,,11,0,1,1,0,1,1,9,0.189698,0.193969,0,0
20960,,6,0,1,1,0,1,1,9,0.220586,0.226784,0,0
20962,,16,0,1,1,0,1,1,10,0.174198,0.17752,0,0
20963,,2,0,1,1,0,1,1,9,0.238286,0.246733,0,0
20965,,11,0,1,1,0,1,1,8,0.246659,0.25616,0,0
20971,,11,0,1,1,0,1,1,8,0.235179,0.242605,0,0
20972,,11,0,1,1,0,1,1,9,0.223331,0.229923,0,0
21179,,3,1,0,1,1,0,1,0,0,0,0,0
20974,,7,0,2,2,0,2,2,8,0.265476,0.276809,0,1
20975,,3,0,1,1,0,1,1,9,0.232872,0.240708,0,0
20977,,11,1,0,1,1,0,1,0,0,0,0,0
20978,,8,0,1,1,0,1,1,1,1,1,0,0
20979,,7,0,1,1,0,1,1,1,1,1,0,0
20980,,11,0,1,1,0,1,1,8,0.224596,0.231783,0,0
20981,,15,0,1,1,0,1,1,9,0.192763,0.197168,0,0
20983,,15,1,0,1,1,0,1,0,0,0,0,0
27360,,16,1,1,2,1,1,2,9,0.227392,0.235286,0,1
23221,,11,2,3,5,2,3,5,8,0.244005,0.252811,0,0.916667
20986,,12,1,1,2,1,1,2,9,0.189918,0.193848,0,0.5
20988,,0,1,0,1,1,0,1,0,0,0,0,0
31339,,0,1,0,1,1,0,1,0,0,0,0,0
20989,,8,0,2,2,0,2,2,9,0.218142,0.22449,0,0
26349,,12,1,0,1,1,0,1,0,0,0,0,0
28564,,12,1,0,1,1,0,1,0,0,0,0,0
30455,,12,1,0,1,1,0,1,0,0,0,0,0
30553,,12,1,1,2,1,1,2,8,0.234434,0.242006,0,1
31026,,12,3,3,6,3,3,6,9,0.217878,0.224,45301.116514,0.15
20993,,8,0,1,1,0,1,1,8,0.262756,0.273466,0,0
20994,,8,0,1,1,0,1,1,9,0.198884,0.203512,0,0
20997,,1,0,1,1,0,1,1,9,0.196738,0.201165,0,0
20998,,11,0,1,1,0,1,1,9,0.218439,0.22522,0,0
21000,,7,0,1,1,0,1,1,8,0.238229,0.245889,0,0
21003,,8,0,1,1,0,1,1,9,0.233264,0.241028,0,0
25232,,11,1,3,4,1,3,4,8,0.252153,0.262343,1.083333,0.666667
26545,,11,1,3,4,1,3,4,8,0.252153,0.262343,1.083333,0.666667
21008,,11,0,2,2,0,2,2,9,0.213705,0.220109,0,0.5
21009,,5,0,1,1,0,1,1,9,0.223511,0.230581,0,0
21016,,16,0,1,1,0,1,1,9,0.220868,0.22796,0,0
21018,,8,0,1,1,0,1,1,9,0.216226,0.222221,0,0
21020,,2,0,1,1,0,1,1,9,0.218317,0.224658,0,0
21021,,8,0,1,1,0,1,1,8,0.244453,0.252822,0,0
21022,,18,0,1,1,0,1,1,9,0.21286,0.218905,0,0
21023,,8,0,2,2,0,2,2,8,0.241372,0.24934,0,0
21024,,11,0,1,1,0,1,1,9,0.206086,0.211843,0,0
21026,,11,0,1,1,0,1,1,8,0.244433,0.254493,0,0
21027,,11,0,1,1,0,1,1,9,0.211758,0.218061,0,0
21029,,2,0,2,2,0,2,2,9,0.238292,0.246768,0,0
21031,,16,0,1,1,0,1,1,8,0.257544,0.268689,0,0
21032,,11,0,1,1,0,1,1,8,0.239859,0.247713,0,0
21033,,7,0,2,2,0,2,2,10,0.175609,0.178894,0,0
21034,,7,0,2,2,0,2,2,8,0.24993,0.259355,0,0.5
21035,,8,0,1,1,0,1,1,9,0.193163,0.198082,0,0
21036,,7,0,2,2,0,2,2,9,0.208561,0.21386,0,0.5
21039,,11,0,1,1,0,1,1,8,0.235088,0.242513,0,0
21043,,10,0,2,2,0,2,2,9,0.213761,0.219936,0,0
21044,,8,0,1,1,0,1,1,9,0.218122,0.224516,0,0
21048,,1,0,1,1,0,1,1,9,0.21491,0.22074,0,0
21049,,7,0,1,1,0,1,1,9,0.221711,0.228654,0,0
21051,,10,0,2,2,0,2,2,9,0.231017,0.239409,0,0
21052,,10,0,2,2,0,2,2,8,0.239447,0.247365,0,0.5
21053,,15,0,1,1,0,1,1,9,0.220127,0.227165,0,0
21054,,15,0,1,1,0,1,1,9,0.215533,0.221823,0,0
21055,,16,0,1,1,0,1,1,8,0.257544,0.268689,0,0
21056,,8,0,1,1,0,1,1,1,1,1,0,0
21058,,16,0,1,1,0,1,1,8,0.238712,0.2466,0,0
21059,,11,0,1,1,0,1,1,9,0.186347,0.190202,0,0
21060,,7,0,1,1,0,1,1,9,0.216509,0.222584,0,0
21062,,11,0,1,1,0,1,1,8,0.235088,0.242513,0,0
21065,,1,0,1,1,0,1,1,1,1,1,0,0
21067,,21,0,1,1,0,1,1,3,0.5,0.583333,0,0
21070,,11,0,1,1,0,1,1,9,0.228869,0.236881,0,0
21072,,11,1,2,3,1,2,3,9,0.20062,0.20609,95.629655,0
21073,,11,0,3,3,0,3,3,8,0.232423,0.24079,0,0.833333
21075,,2,0,1,1,0,1,1,10,0.176789,0.180292,0,0
21076,,15,0,1,1,0,1,1,8,0.219148,0.22575,0,0
21077,,0,0,1,1,0,1,1,9,0.208335,0.21406,0,0
21080,,11,0,1,1,0,1,1,9,0.211236,0.217155,0,0
21081,,16,0,1,1,0,1,1,10,0.161485,0.163854,0,0
21083,,0,0,1,1,0,1,1,8,0.228936,0.236648,0,0
21086,,11,0,2,2,0,2,2,8,0.23104,0.239115,0,0.5
21089,,16,0,1,1,0,1,1,9,0.216998,0.223279,0,0
21091,,11,0,2,2,0,2,2,8,0.243677,0.252251,0,0.5
21092,,7,0,1,1,0,1,1,9,0.218185,0.224605,0,0
21094,,8,0,2,2,0,2,2,9,0.212647,0.218547,0,0
21096,,2,0,3,3,0,3,3,8,0.262848,0.274125,0,0.333333
21097,,2,0,2,2,0,2,2,9,0.219608,0.226248,0,0.5
21098,,8,0,1,1,0,1,1,8,0.240389,0.247695,0,0
21099,,8,0,3,3,0,3,3,8,0.266136,0.277638,0,0.333333
21102,,11,0,1,1,0,1,1,8,0.235088,0.242513,0,0
21951,,16,1,0,1,1,0,1,0,0,0,0,0
21952,,16,1,0,1,1,0,1,0,0,0,0,0
21953,,16,3,1,4,3,1,4,9,0.199358,0.204445,18824,0.333333
21954,,16,1,0,1,1,0,1,0,0,0,0,0
22315,,16,2,2,4,2,2,4,10,0.166228,0.169168,25975.5,0.333333
21680,,16,1,2,3,1,2,3,9,0.199362,0.204481,0,0.5
23991,,16,1,1,2,1,1,2,9,0.199358,0.204445,0,0
27001,,16,1,0,1,1,0,1,0,0,0,0,0
27002,,16,1,0,1,1,0,1,0,0,0,0,0
28973,,16,1,0,1,1,0,1,0,0,0,0,0
33735,,16,1,0,1,1,0,1,0,0,0,0,0
33977,,16,1,0,1,1,0,1,0,0,0,0,0
33988,,16,1,0,1,1,0,1,0,0,0,0,0
21107,,8,0,2,2,0,2,2,9,0.206314,0.211668,0,0
21110,,24,0,1,1,0,1,1,10,0.179305,0.182808,0,0
21112,,10,0,2,2,0,2,2,9,0.224594,0.232106,0,0
21113,,11,0,1,1,0,1,1,8,0.235824,0.242716,0,0
21114,,11,0,1,1,0,1,1,8,0.234266,0.242061,0,0
21121,,8,0,1,1,0,1,1,9,0.228844,0.235796,0,0
21124,,16,0,1,1,0,1,1,8,0.257544,0.268689,0,0
21126,,7,0,6,6,0,6,6,7,0.294149,0.308749,0,0.333333
21130,,11,0,1,1,0,1,1,9,0.225635,0.232826,0,0
21131,,7,0,1,1,0,1,1,2,0.666667,0.75,0,0
21132,,7,1,1,2,1,1,2,1,1,1,1,0
21133,,2,0,1,1,0,1,1,8,0.261475,0.272568,0,0
21134,,8,0,1,1,0,1,1,8,0.262756,0.273466,0,0
21135,,11,0,1,1,0,1,1,8,0.227034,0.234934,0,0
21136,,16,0,1,1,0,1,1,8,0.257544,0.268689,0,0
21137,,24,0,3,3,0,3,3,9,0.238052,0.246289,0,0
29260,,24,1,0,1,1,0,1,0,0,0,0,0
21140,,7,0,1,1,0,1,1,1,1,1,0,0
21144,,7,0,1,1,0,1,1,9,0.226164,0.233246,0,0
21145,,0,0,3,3,0,3,3,8,0.265982,0.277322,0,0.5
21146,,10,0,1,1,0,1,1,9,0.209599,0.215923,0,0
21147,,11,0,1,1,0,1,1,9,0.187821,0.191829,0,0
21148,,11,0,2,2,0,2,2,8,0.238166,0.247485,0,1
21150,,5,0,1,1,0,1,1,10,0.180648,0.184386,0,0
21151,,11,0,2,2,0,2,2,8,0.276331,0.289272,0,0
21152,,8,0,1,1,0,1,1,9,0.193431,0.198111,0,0
21153,,8,0,1,1,0,1,1,8,0.263743,0.27463,0,0
21154,,10,0,1,1,0,1,1,9,0.214299,0.220211,0,0
21155,,7,0,1,1,0,1,1,8,0.242475,0.25106,0,0
21156,,11,0,1,1,0,1,1,9,0.19741,0.202675,0,0
21157,,8,0,1,1,0,1,1,1,1,1,0,0
21159,,225,0,1,1,0,1,1,1,1,1,0,0
21160,,225,1,0,1,1,0,1,0,0,0,0,0
21163,,1,0,9,9,0,9,9,8,0.268876,0.280783,0,0.375
21165,,0,0,2,2,0,2,2,9,0.187834,0.192117,0,0
21166,,226,0,1,1,0,1,1,1,1,1,0,0
21167,,226,1,0,1,1,0,1,0,0,0,0,0
21168,,10,0,1,1,0,1,1,9,0.198052,0.202701,0,0
21169,,15,0,2,2,0,2,2,8,0.224757,0.232567,0,0.5
21172,,5,0,1,1,0,1,1,8,0.245108,0.253561,0,0
21173,,0,0,1,1,0,1,1,8,0.230918,0.237946,0,0
21174,,11,0,1,1,0,1,1,8,0.236167,0.244733,0,0
21176,,3,0,1,1,0,1,1,1,1,1,0,0
21178,,16,0,1,1,0,1,1,9,0.215313,0.221009,0,0
21180,,1,0,1,1,0,1,1,9,0.21491,0.22074,0,0
21181,,5,0,1,1,0,1,1,8,0.245108,0.253561,0,0
21183,,12,0,1,1,0,1,1,8,0.234438,0.242011,0,0
21184,,15,0,1,1,0,1,1,8,0.224983,0.23254,0,0
21185,,12,0,1,1,0,1,1,8,0.234438,0.242011,0,0
21186,,15,0,1,1,0,1,1,10,0.177974,0.18159,0,0
21191,,5,0,1,1,0,1,1,9,0.188103,0.192508,0,0
21192,,8,0,5,5,0,5,5,8,0.258003,0.268645,0,0.3
21193,,0,0,1,1,0,1,1,9,0.188504,0.192408,0,0
21197,,1,0,2,2,0,2,2,9,0.226249,0.233109,0,0
35275,,1,1,1,2,1,1,2,11,0.165113,0.167927,1.023234,0
21198,,9,0,1,1,0,1,1,10,0.164896,0.168023,0,0
21199,,8,0,1,1,0,1,1,8,0.244564,0.253553,0,0
21200,,16,0,1,1,0,1,1,9,0.234736,0.243231,0,0
21201,,0,0,1,1,0,1,1,8,0.242388,0.250662,0,0
21203,,227,0,1,1,0,1,1,1,1,1,0,0
21204,,227,1,0,1,1,0,1,0,0,0,0,0
21205,,11,0,1,1,0,1,1,9,0.192594,0.197317,0,0
21207,,0,0,1,1,0,1,1,9,0.224787,0.232402,0,0
21210,,6,0,3,3,0,3,3,8,0.252092,0.262618,0,0.333333
21214,,8,0,1,1,0,1,1,8,0.262756,0.273466,0,0
21216,,8,0,2,2,0,2,2,8,0.240336,0.249402,0,0.5
21220,,7,0,1,1,0,1,1,9,0.207609,0.212853,0,0
21221,,6,0,1,1,0,1,1,8,0.239334,0.24682,0,0
21222,,7,0,2,2,0,2,2,8,0.242635,0.251327,0,1
21223,,8,0,1,1,0,1,1,8,0.255022,0.264509,0,0
21225,,1,1,1,2,1,1,2,9,0.21491,0.22074,18827,0
21226,,7,0,1,1,0,1,1,8,0.265449,0.276753,0,0
21227,,228,0,1,1,0,1,1,1,1,1,0,0
21228,,228,1,0,1,1,0,1,0,0,0,0,0
21229,,16,0,1,1,0,1,1,8,0.238712,0.2466,0,0
21230,,7,0,1,1,0,1,1,9,0.207609,0.212853,0,0
21231,,5,0,2,2,0,2,2,9,0.232964,0.240983,0,0
21232,,11,0,1,1,0,1,1,9,0.206416,0.212345,0,0
21235,,7,0,1,1,0,1,1,8,0.231854,0.238737,0,0
21238,,7,0,1,1,0,1,1,8,0.252153,0.261614,0,0
21239,,10,0,1,1,0,1,1,9,0.209851,0.215904,0,0
21241,,15,0,1,1,0,1,1,8,0.225373,0.231994,0,0
21242,,7,0,2,2,0,2,2,8,0.239374,0.247185,0,0
21243,,8,0,1,1,0,1,1,9,0.231387,0.239068,0,0
21245,,16,0,2,2,0,2,2,8,0.257554,0.268727,0,0
21247,,16,1,0,1,1,0,1,0,0,0,0,0
21248,,11,0,6,6,0,6,6,8,0.250903,0.262637,0,0.433333
22335,,11,1,0,1,1,0,1,0,0,0,0,0
21249,,7,0,1,1,0,1,1,8,0.242475,0.25106,0,0
21252,,12,0,1,1,0,1,1,8,0.236841,0.24458,0,0
21254,,8,0,1,1,0,1,1,8,0.243014,0.252183,0,0
21255,,5,0,2,2,0,2,2,9,0.232781,0.240368,0,0
31363,,5,1,0,1,1,0,1,0,0,0,0,0
22292,,11,1,1,2,1,1,2,9,0.209027,0.21526,0,0
21257,,11,0,1,1,0,1,1,9,0.23567,0.243316,0,0
21258,,8,0,1,1,0,1,1,1,1,1,0,0
21261,,10,0,1,1,0,1,1,1,1,1,0,0
21262,,8,0,1,1,0,1,1,8,0.262756,0.273466,0,0
21264,,9,0,1,1,0,1,1,10,0.164896,0.168023,0,0
27976,,11,1,1,2,1,1,2,9,0.224568,0.231932,275.149664,0
21268,,11,0,1,1,0,1,1,8,0.234514,0.24306,0,0
21271,,11,0,1,1,0,1,1,8,0.251382,0.261452,0,0
21273,,19,0,1,1,0,1,1,9,0.224454,0.231835,0,0
21275,,1,0,1,1,0,1,1,10,0.176902,0.180121,0,0
21276,,16,0,2,2,0,2,2,8,0.2207,0.227763,0,0.5
21278,,16,0,2,2,0,2,2,9,0.235818,0.243924,0,0
21279,,8,2,4,6,2,4,6,8,0.249298,0.25894,37747.636191,0.1
21282,,0,0,1,1,0,1,1,10,0.184311,0.187914,0,0
21283,,19,0,2,2,0,2,2,9,0.227979,0.235482,0,1
21284,,5,0,1,1,0,1,1,9,0.213084,0.219122,0,0
26237,,7,2,0,2,2,0,2,0,0,0,0,0
21286,,9,0,1,1,0,1,1,10,0.164664,0.167567,0,0
21289,,7,0,2,2,0,2,2,8,0.253566,0.263861,0,0.5
21290,,16,0,1,1,0,1,1,8,0.257544,0.268689,0,0
26859,,11,1,1,2,1,1,2,9,0.236659,0.245195,0,0.5
21294,,16,0,1,1,0,1,1,8,0.238712,0.2466,0,0
21295,,11,0,1,1,0,1,1,8,0.232829,0.239934,0,0
21296,,12,0,1,1,0,1,1,9,0.203687,0.209161,0,0
21297,,15,0,1,1,0,1,1,9,0.223336,0.230404,0,0
21298,,7,0,1,1,0,1,1,9,0.225654,0.232938,0,0
21300,,8,0,2,2,0,2,2,8,0.23981,0.247728,0,0
21303,,0,0,1,1,0,1,1,9,0.188129,0.192402,0,0
21307,,7,0,3,3,0,3,3,8,0.253562,0.2636,0,0.166667
21308,,7,1,0,1,1,0,1,0,0,0,0,0
21309,,8,0,1,1,0,1,1,9,0.226897,0.234639,0,0
21311,,7,0,3,3,0,3,3,8,0.248014,0.25687,0,0.333333
21312,,2,0,1,1,0,1,1,2,0.666667,0.75,0,0
21313,,2,1,1,2,1,1,2,1,1,1,1,0
24859,,2,5,0,5,5,0,5,0,0,0,0,0
21316,,15,0,2,2,0,2,2,9,0.220449,0.227488,0,0.5
21317,,7,0,5,5,0,5,5,8,0.26034,0.271863,0,0.4
21321,,11,1,1,2,1,1,2,9,0.236656,0.245191,0,1
21323,,11,0,1,1,0,1,1,8,0.235088,0.242513,0,0
35721,,8,1,0,1,1,0,1,0,0,0,0,0
21326,,8,0,1,1,0,1,1,8,0.262756,0.273466,0,0
21327,,8,0,5,5,0,5,5,8,0.25317,0.263512,0,0.4
21328,,5,0,2,2,0,2,2,8,0.247213,0.255868,0,1
21330,,10,0,1,1,0,1,1,9,0.218746,0.225273,0,0
21331,,16,0,1,1,0,1,1,8,0.238712,0.2466,0,0
21332,,15,0,1,1,0,1,1,9,0.220297,0.227161,0,0
21333,,0,0,1,1,0,1,1,9,0.218335,0.225066,0,0
21334,,16,0,1,1,0,1,1,8,0.238712,0.2466,0,0
21335,,0,0,1,1,0,1,1,9,0.218335,0.225066,0,0
21336,,7,0,2,2,0,2,2,8,0.251944,0.262092,0,0
24497,,5,1,0,1,1,0,1,0,0,0,0,0
27447,,5,1,0,1,1,0,1,0,0,0,0,0
27448,,5,1,0,1,1,0,1,0,0,0,0,0
21339,,8,0,1,1,0,1,1,8,0.235818,0.243199,0,0
21340,,7,1,1,2,1,1,2,8,0.2284,0.235296,18827,0
21341,,10,0,2,2,0,2,2,9,0.214318,0.220253,0,0
21342,,8,0,3,3,0,3,3,8,0.256583,0.266709,0,0.333333
21343,,12,0,1,1,0,1,1,9,0.208155,0.213697,0,0
21344,,9,0,13,13,0,13,13,9,0.19433,0.199565,0,0.173077
23816,,9,1,0,1,1,0,1,0,0,0,0,0
27344,,9,1,5,6,1,5,6,11,0.141613,0.143831,1.5,0.133333
31926,,9,1,8,9,1,8,9,9,0.198866,0.204332,203.233164,0.305556
21347,,10,0,1,1,0,1,1,8,0.233638,0.242002,0,0
21348,,0,0,1,1,0,1,1,9,0.218335,0.225066,0,0
21349,,0,0,1,1,0,1,1,9,0.218335,0.225066,0,0
21350,,7,0,3,3,0,3,3,7,0.299126,0.31462,0,0.5
21352,,7,0,4,4,0,4,4,8,0.236058,0.244427,0,0
21353,,11,0,1,1,0,1,1,8,0.239859,0.247713,0,0
21354,,5,0,1,1,0,1,1,9,0.206357,0.211863,0,0
21355,,11,0,1,1,0,1,1,8,0.239365,0.2474,0,0
21356,,11,0,1,1,0,1,1,8,0.239365,0.2474,0,0
21364,,16,0,1,1,0,1,1,8,0.231378,0.23929,0,0
21365,,8,0,18,18,0,18,18,8,0.284998,0.299396,0,0.186275
21366,,7,0,1,1,0,1,1,8,0.247779,0.256716,0,0
28082,,10,1,3,4,1,3,4,8,0.242132,0.250116,43.493317,0.666667
30047,,10,1,2,3,1,2,3,9,0.223401,0.230464,612.603729,0
21368,,5,0,1,1,0,1,1,9,0.224527,0.231924,0,0
21369,,5,0,1,1,0,1,1,9,0.224527,0.231924,0,0
21370,,5,0,1,1,0,1,1,9,0.224527,0.231924,0,0
21371,,5,0,1,1,0,1,1,9,0.224527,0.231924,0,0
32780,,11,1,2,3,1,2,3,9,0.205204,0.211052,0,0.5
30097,,10,1,0,1,1,0,1,0,0,0,0,0
21377,,6,0,1,1,0,1,1,1,1,1,0,0
21378,,8,0,1,1,0,1,1,9,0.231199,0.238812,0,0
21379,,8,0,1,1,0,1,1,10,0.188274,0.192503,0,0
21382,,11,0,1,1,0,1,1,9,0.212696,0.2189,0,0
21383,,11,0,1,1,0,1,1,9,0.199175,0.203587,0,0
21386,,8,0,1,1,0,1,1,8,0.262756,0.273466,0,0
21387,,11,0,1,1,0,1,1,8,0.234514,0.24306,0,0
21388,,21,0,1,1,0,1,1,2,0.666667,0.75,0,0
21390,,11,1,2,3,1,2,3,9,0.210899,0.21648,0,0.5
21391,,11,1,2,3,1,2,3,9,0.210899,0.21648,0,0.5
21395,,16,0,1,1,0,1,1,11,0.160352,0.163035,0,0
21396,,6,0,1,1,0,1,1,9,0.202628,0.207532,0,0
21397,,7,0,1,1,0,1,1,7,0.293553,0.307954,0,0
21398,,10,0,1,1,0,1,1,9,0.209851,0.215904,0,0
21399,,12,0,1,1,0,1,1,9,0.208155,0.213697,0,0
21400,,11,0,1,1,0,1,1,9,0.22883,0.235861,0,0
21403,,10,1,2,3,1,2,3,9,0.234289,0.24279,18827,0
21405,,7,0,1,1,0,1,1,8,0.240656,0.249158,0,0
21407,,7,0,1,1,0,1,1,9,0.222499,0.229441,0,0
21408,,16,0,1,1,0,1,1,8,0.257544,0.268689,0,0
21410,,16,0,2,2,0,2,2,9,0.219296,0.22556,0,0.5
21414,,16,0,1,1,0,1,1,10,0.171114,0.174393,0,0
21543,,16,1,1,2,1,1,2,10,0.171108,0.174375,0,0
24066,,16,1,0,1,1,0,1,0,0,0,0,0
30432,,16,1,1,2,1,1,2,10,0.174562,0.17797,108.007245,0
21418,,16,0,1,1,0,1,1,8,0.257544,0.268689,0,0
21423,,15,0,1,1,0,1,1,9,0.227687,0.23488,0,0
21425,,11,0,1,1,0,1,1,9,0.223681,0.230334,0,0
21426,,5,0,1,1,0,1,1,9,0.217772,0.224194,0,0
27103,,11,1,1,2,1,1,2,9,0.21588,0.222155,0,0
21428,,8,0,1,1,0,1,1,8,0.229363,0.236176,0,0
21430,,10,0,2,2,0,2,2,9,0.236514,0.245144,0,1
21433,,9,0,1,1,0,1,1,10,0.17209,0.175207,0,0
21434,,7,0,1,1,0,1,1,8,0.242475,0.25106,0,0
21435,,16,0,2,2,0,2,2,8,0.257961,0.269243,0,1
21436,,11,0,1,1,0,1,1,9,0.20086,0.206192,0,0
21440,,16,0,2,2,0,2,2,10,0.188787,0.193014,0,0
21444,,0,0,1,1,0,1,1,9,0.223974,0.230994,0,0
21446,,16,0,2,2,0,2,2,8,0.242307,0.251132,0,1
21448,,10,0,1,1,0,1,1,9,0.221716,0.228438,0,0
21449,,8,0,1,1,0,1,1,9,0.226025,0.232676,0,0
21451,,0,0,1,1,0,1,1,9,0.209622,0.215035,0,0
21454,,11,0,2,2,0,2,2,9,0.230898,0.239198,0,1
21455,,11,0,2,2,0,2,2,8,0.25194,0.262161,0,0.5
25869,,11,1,1,2,1,1,2,9,0.221271,0.228096,0,0
21458,,10,0,1,1,0,1,1,1,1,1,0,0
21460,,16,0,2,2,0,2,2,2,0.583333,0.642857,0,1
21461,,11,0,1,1,0,1,1,9,0.226657,0.233753,0,0
21462,,121,0,5,5,0,5,5,9,0.214896,0.221031,0,0.3
21464,,229,0,1,1,0,1,1,1,1,1,0,0
21465,,229,1,0,1,1,0,1,0,0,0,0,0
21468,,8,0,1,1,0,1,1,8,0.233056,0.241283,0,0
21469,,16,0,1,1,0,1,1,9,0.219293,0.225533,0,0
21470,,7,0,1,1,0,1,1,9,0.200939,0.205413,0,0
21471,,16,0,2,2,0,2,2,9,0.234742,0.243266,0,0
21472,,11,0,2,2,0,2,2,8,0.246127,0.255097,0,0.5
21473,,8,0,1,1,0,1,1,1,1,1,0,0
21476,,8,0,1,1,0,1,1,8,0.251452,0.260347,0,0
21479,,16,0,1,1,0,1,1,10,0.161485,0.163854,0,0
21482,,16,0,1,1,0,1,1,8,0.257544,0.268689,0,0
21483,,11,0,1,1,0,1,1,9,0.193181,0.197406,0,0
21484,,230,0,1,1,0,1,1,1,1,1,0,0
21485,,230,1,0,1,1,0,1,0,0,0,0,0
21486,,16,0,1,1,0,1,1,9,0.234736,0.243231,0,0
21487,,16,0,1,1,0,1,1,8,0.257544,0.268689,0,0
21488,,5,0,1,1,0,1,1,10,0.181361,0.18505,0,0
21489,,11,0,1,1,0,1,1,9,0.205347,0.210863,0,0
21491,,11,0,1,1,0,1,1,8,0.236167,0.244733,0,0
21492,,11,0,2,2,0,2,2,8,0.24166,0.249657,0,0
21493,,8,0,1,1,0,1,1,1,1,1,0,0
21497,,121,5,1,6,5,1,6,12,0.131526,0.132981,75304,0
21498,,7,0,1,1,0,1,1,8,0.268673,0.280312,0,0
21499,,8,0,1,1,0,1,1,8,0.229363,0.236176,0,0
22635,,1,2,0,2,2,0,2,0,0,0,0,0.5
21501,,7,0,1,1,0,1,1,9,0.226164,0.233246,0,0
21504,,0,0,1,1,0,1,1,10,0.191764,0.196581,0,0
21506,,7,0,1,1,0,1,1,8,0.251523,0.26155,0,0
21507,,15,0,1,1,0,1,1,10,0.177766,0.181329,0,0
21508,,0,0,1,1,0,1,1,8,0.229903,0.23657,0,0
21510,,10,0,1,1,0,1,1,9,0.218446,0.22478,0,0
21512,,15,0,1,1,0,1,1,10,0.180455,0.184289,0,0
21513,,12,0,1,1,0,1,1,9,0.213606,0.219549,0,0
21515,,16,0,1,1,0,1,1,9,0.232711,0.240726,0,0
21516,,8,0,3,3,0,3,3,9,0.227028,0.234641,0,0.333333
21517,,9,0,2,2,0,2,2,10,0.172092,0.175233,0,1
21518,,16,0,2,2,0,2,2,9,0.210718,0.216593,0,0
21521,,7,0,1,1,0,1,1,9,0.195516,0.200039,0,0
21523,,8,0,1,1,0,1,1,9,0.211205,0.216871,0,0
21524,,6,0,1,1,0,1,1,8,0.25615,0.266929,0,0
21525,,11,0,1,1,0,1,1,9,0.238773,0.247361,0,0
21526,,2,0,1,1,0,1,1,8,0.261475,0.272568,0,0
22683,,7,2,0,2,2,0,2,0,0,0,0,0.5
21529,,11,0,1,1,0,1,1,8,0.227034,0.234934,0,0
21530,,11,0,1,1,0,1,1,9,0.216719,0.222904,0,0
21531,,0,0,1,1,0,1,1,9,0.222605,0.230046,0,0
21533,,11,0,1,1,0,1,1,8,0.230811,0.237501,0,0
21534,,5,0,1,1,0,1,1,10,0.180859,0.184612,0,0
21540,,7,0,2,2,0,2,2,8,0.217701,0.223647,0,0
21542,,7,0,1,1,0,1,1,9,0.193032,0.196903,0,0
21544,,11,0,1,1,0,1,1,9,0.202683,0.207746,0,0
21545,,2,0,1,1,0,1,1,8,0.261475,0.272568,0,0
21546,,3,0,1,1,0,1,1,9,0.214123,0.219985,0,0
21547,,2,0,2,2,0,2,2,8,0.262437,0.273775,0,0.5
21550,,10,0,1,1,0,1,1,8,0.23897,0.247046,0,0
21929,,7,2,3,5,2,3,5,8,0.270248,0.282112,40.946791,0.25
22890,,10,1,1,2,1,1,2,8,0.23384,0.241446,70.594617,0
24100,,16,1,1,2,1,1,2,9,0.210643,0.216003,3.204855,0
23571,,7,3,11,14,3,11,14,8,0.275081,0.288352,34743.102287,0.087912
24175,,7,1,0,1,1,0,1,0,0,0,0,0
21556,,15,0,1,1,0,1,1,10,0.179156,0.182314,0,0
21560,,0,0,1,1,0,1,1,8,0.230918,0.237946,0,0
21561,,7,0,1,1,0,1,1,9,0.216611,0.2225,0,0
21562,,11,0,1,1,0,1,1,9,0.238304,0.246341,0,0
21564,,8,0,1,1,0,1,1,9,0.216199,0.222536,0,0
21566,,2,0,1,1,0,1,1,8,0.261475,0.272568,0,0
21567,,6,0,1,1,0,1,1,9,0.221481,0.227789,0,0
21568,,8,0,1,1,0,1,1,8,0.234991,0.243288,0,0
21569,,7,0,1,1,0,1,1,9,0.228104,0.235296,0,0
21571,,16,0,1,1,0,1,1,9,0.232711,0.240726,0,0
21575,,10,0,1,1,0,1,1,8,0.233638,0.242002,0,0
21576,,8,1,1,2,1,1,2,1,1,1,0,0
21577,,8,2,1,3,2,1,3,1,1,1,25976,0
21580,,11,0,1,1,0,1,1,1,1,1,0,0
21581,,8,1,1,2,1,1,2,9,0.231387,0.239068,5894.004861,0
21583,,11,0,1,1,0,1,1,8,0.238151,0.247423,0,0
21585,,15,1,2,3,1,2,3,9,0.187732,0.192035,37649,0
24711,,3,1,1,2,1,1,2,12,0.128766,0.130219,0,0
30813,,3,1,0,1,1,0,1,0,0,0,0,0
30914,,3,1,0,1,1,0,1,0,0,0,0,0
21588,,11,0,1,1,0,1,1,9,0.217802,0.223808,0,0
21590,,7,0,1,1,0,1,1,8,0.267661,0.278922,0,0
21591,,11,0,1,1,0,1,1,8,0.251382,0.261452,0,0
21592,,0,0,1,1,0,1,1,9,0.196029,0.200809,0,0
21593,,7,0,2,2,0,2,2,9,0.233065,0.240634,0,0.5
21594,,11,0,1,1,0,1,1,8,0.239018,0.246295,0,0
21595,,11,0,1,1,0,1,1,9,0.213504,0.219764,0,0
21596,,11,0,1,1,0,1,1,9,0.218439,0.22522,0,0
21597,,5,0,1,1,0,1,1,9,0.215082,0.221433,0,0
21599,,11,0,1,1,0,1,1,8,0.227034,0.234934,0,0
21601,,8,0,1,1,0,1,1,9,0.224744,0.232057,0,0
21602,,2,0,2,2,0,2,2,8,0.263994,0.275455,0,1
21604,,1,0,1,1,0,1,1,10,0.178303,0.181862,0,0
21605,,11,0,1,1,0,1,1,8,0.244433,0.254493,0,0
21607,,0,0,1,1,0,1,1,10,0.165648,0.168424,0,0
21610,,231,0,1,1,0,1,1,1,1,1,0,0
21611,,231,1,0,1,1,0,1,0,0,0,0,0
21612,,232,0,1,1,0,1,1,1,1,1,0,0
21613,,232,2,0,2,2,0,2,0,0,0,0,0
21614,,232,0,1,1,0,1,1,1,1,1,0,0
21616,,10,0,1,1,0,1,1,9,0.224337,0.231339,0,0
21617,,8,0,1,1,0,1,1,9,0.211575,0.217218,0,0
21618,,8,0,1,1,0,1,1,8,0.222815,0.22996,0,0
21619,,5,0,1,1,0,1,1,8,0.223508,0.229876,0,0
21620,,15,0,1,1,0,1,1,8,0.230339,0.23724,0,0
21622,,8,0,2,2,0,2,2,9,0.223787,0.230774,0,1
21623,,10,0,2,2,0,2,2,9,0.212295,0.218214,0,0
21624,,10,1,2,3,1,2,3,8,0.253853,0.263843,7072.090922,0
21625,,233,0,1,1,0,1,1,1,1,1,0,0
21626,,233,1,0,1,1,0,1,0,0,0,0,0
21627,,5,0,2,2,0,2,2,9,0.218851,0.22509,0,0
21628,,5,1,0,1,1,0,1,0,0,0,0,0
21630,,8,0,1,1,0,1,1,8,0.248761,0.257751,0,0
21633,,16,1,3,4,1,3,4,9,0.218412,0.224726,12310.491027,0.166667
21634,,5,0,1,1,0,1,1,8,0.236001,0.244609,0,0
21638,,234,1,1,2,1,1,2,1,1,1,0,0.5
21639,,234,2,0,2,2,0,2,0,0,0,0,0.5
21640,,11,0,1,1,0,1,1,8,0.229134,0.236292,0,0
21644,,16,0,1,1,0,1,1,9,0.227396,0.235291,0,0
21645,,0,0,1,1,0,1,1,9,0.191723,0.19603,0,0
21646,,11,0,1,1,0,1,1,8,0.232418,0.240737,0,0
21647,,21,0,1,1,0,1,1,8,0.240355,0.248397,0,0
21649,,234,0,2,2,0,2,2,1,1,1,0,0.5
21650,,11,0,1,1,0,1,1,10,0.19248,0.197046,0,0
21651,,237,1,2,3,1,2,3,9,0.19976,0.204996,0.5,0.5
21653,,270,0,3,3,0,3,3,7,0.294473,0.30892,0,0.166667
24020,,270,2,1,3,2,1,3,9,0.209259,0.214889,118.012619,0
21654,,235,0,1,1,0,1,1,1,1,1,0,0
21655,,235,1,0,1,1,0,1,0,0,0,0,0
21660,,7,0,1,1,0,1,1,8,0.251523,0.26155,0,0
21665,,11,0,1,1,0,1,1,9,0.216577,0.223322,0,0
21667,,24,0,1,1,0,1,1,9,0.185544,0.189571,0,0
21670,,15,0,1,1,0,1,1,9,0.220178,0.227274,0,0
21672,,16,0,2,2,0,2,2,8,0.257548,0.268715,0,1
24844,,7,1,0,1,1,0,1,0,0,0,0,0
24845,,7,1,0,1,1,0,1,0,0,0,0,0
24846,,7,1,0,1,1,0,1,0,0,0,0,0
25208,,7,1,0,1,1,0,1,0,0,0,0,0
31636,,7,1,3,4,1,3,4,8,0.257253,0.267714,50.602252,0.083333
21676,,8,0,1,1,0,1,1,8,0.262756,0.273466,0,0
21682,,16,0,2,2,0,2,2,8,0.264287,0.275779,0,0.5
21685,,7,0,1,1,0,1,1,8,0.244494,0.252927,0,0
21686,,13,0,1,1,0,1,1,9,0.195066,0.199384,0,0
21688,,7,0,1,1,0,1,1,7,0.293553,0.307954,0,0
21690,,8,0,3,3,0,3,3,8,0.265206,0.276383,0,0.5
21692,,15,1,1,2,1,1,2,9,0.226165,0.233248,52.961613,0
25098,,15,1,1,2,1,1,2,9,0.209971,0.215412,0,0
21693,,11,0,1,1,0,1,1,9,0.22643,0.233486,0,0
21695,,15,0,2,2,0,2,2,9,0.220612,0.227375,0,1
22639,,9,1,3,4,1,3,4,10,0.164909,0.168118,26166.202791,0.166667
28482,,9,2,0,2,2,0,2,0,0,0,0,0.5
32329,,9,1,1,2,1,1,2,10,0.177502,0.180756,0,1
21697,,16,0,1,1,0,1,1,8,0.234941,0.243151,0,0
21699,,11,1,0,1,1,0,1,0,0,0,0,0
30223,,11,1,0,1,1,0,1,0,0,0,0,0
31912,,15,1,0,1,1,0,1,0,0,0,0,0
21702,,10,0,1,1,0,1,1,9,0.214048,0.220095,0,0
21704,,7,0,1,1,0,1,1,10,0.174373,0.177609,0,0
21705,,6,0,1,1,0,1,1,8,0.234493,0.242444,0,0
21706,,16,0,1,1,0,1,1,9,0.204917,0.210355,0,0
21707,,16,0,2,2,0,2,2,9,0.215792,0.222409,0,0
21709,,8,1,0,1,1,0,1,0,0,0,0,0
21710,,6,0,1,1,0,1,1,9,0.194532,0.19877,0,0
21712,,7,0,1,1,0,1,1,8,0.251523,0.26155,0,0
21714,,8,0,1,1,0,1,1,9,0.231387,0.239068,0,0
21715,,2,0,2,2,0,2,2,8,0.263994,0.275455,0,1
21716,,11,0,1,1,0,1,1,8,0.227034,0.234934,0,0
21718,,8,0,1,1,0,1,1,8,0.248761,0.257751,0,0
21719,,7,0,1,1,0,1,1,8,0.242475,0.25106,0,0
21723,,8,0,2,2,0,2,2,10,0.191909,0.196496,0,0
21726,,7,0,1,1,0,1,1,8,0.240785,0.248809,0,0
21728,,8,0,1,1,0,1,1,8,0.225838,0.233103,0,0
21729,,21,0,3,3,0,3,3,8,0.240371,0.248473,0,0.166667
21730,,21,1,1,2,1,1,2,8,0.240355,0.248397,0,0.5
21735,,236,0,1,1,0,1,1,1,1,1,0,0
21736,,236,1,0,1,1,0,1,0,0,0,0,0
21738,,11,0,1,1,0,1,1,1,1,1,0,0
21740,,11,0,1,1,0,1,1,9,0.199733,0.205084,0,0
21745,,6,0,3,3,0,3,3,8,0.247288,0.25596,0,0
21747,,16,0,2,2,0,2,2,1,1,1,0,0
21748,,16,1,0,1,1,0,1,0,0,0,0,0
21749,,16,0,1,1,0,1,1,8,0.235753,0.244207,0,0
21750,,8,0,1,1,0,1,1,9,0.231387,0.239068,0,0
21753,,21,0,2,2,0,2,2,9,0.203945,0.209224,0,0
21754,,11,0,1,1,0,1,1,10,0.171061,0.174299,0,0
21755,,7,0,1,1,0,1,1,8,0.252153,0.261614,0,0
21756,,8,0,4,4,0,4,4,9,0.234877,0.243036,0,0.5
21757,,237,1,5,6,1,5,6,8,0.23311,0.241521,2679.013411,0.55
21761,,121,0,1,1,0,1,1,13,0.116243,0.117269,0,0
21763,,11,0,1,1,0,1,1,8,0.239859,0.247713,0,0
21769,,8,0,3,3,0,3,3,8,0.263237,0.274111,0,0.333333
21770,,11,0,4,4,0,4,4,8,0.243224,0.252075,0,1
21772,,0,0,1,1,0,1,1,8,0.230345,0.238007,0,0
21773,,15,0,1,1,0,1,1,9,0.21447,0.220499,0,0
21776,,8,0,1,1,0,1,1,9,0.208927,0.214735,0,0
21777,,9,0,6,6,0,6,6,10,0.186506,0.190994,0,0.4
21778,,15,0,2,2,0,2,2,8,0.23512,0.2424,0,0.5
21780,,13,0,1,1,0,1,1,9,0.192836,0.197295,0,0
21781,,11,0,1,1,0,1,1,9,0.22643,0.233486,0,0
21782,,6,0,2,2,0,2,2,8,0.24909,0.25814,0,1
21785,,11,0,2,2,0,2,2,9,0.219227,0.225819,0,0
21786,,8,0,1,1,0,1,1,9,0.212509,0.218257,0,0
21787,,7,0,1,1,0,1,1,9,0.196522,0.201122,0,0
21789,,8,0,1,1,0,1,1,9,0.231387,0.239068,0,0
21791,,2,0,2,2,0,2,2,8,0.261613,0.272769,0,0.5
21792,,11,0,2,2,0,2,2,8,0.23617,0.244759,0,0.5
21793,,2,0,1,1,0,1,1,8,0.261475,0.272568,0,0
21796,,11,0,1,1,0,1,1,1,1,1,0,0
21800,,8,0,4,4,0,4,4,8,0.245376,0.255493,0,0.166667
21801,,6,0,1,1,0,1,1,9,0.204253,0.209483,0,0
21802,,237,2,11,13,2,11,13,8,0.230454,0.238758,4200.008573,0.141026
21804,,0,0,1,1,0,1,1,9,0.19289,0.197529,0,0
21805,,8,0,2,2,0,2,2,8,0.224363,0.231666,0,0
21807,,11,0,1,1,0,1,1,10,0.179405,0.182979,0,0
21809,,238,0,1,1,0,1,1,1,1,1,0,0
21810,,238,1,0,1,1,0,1,0,0,0,0,0
21812,,7,0,1,1,0,1,1,9,0.20921,0.214873,0,0
21815,,7,0,6,6,0,6,6,8,0.270472,0.282733,0,0.266667
21816,,8,0,1,1,0,1,1,9,0.226897,0.234639,0,0
21818,,16,0,1,1,0,1,1,8,0.257544,0.268689,0,0
21823,,2,0,1,1,0,1,1,8,0.261475,0.272568,0,0
21824,,2,0,1,1,0,1,1,9,0.238286,0.246733,0,0
21826,,11,0,1,1,0,1,1,9,0.204597,0.209988,0,0
21827,,11,0,1,1,0,1,1,9,0.204597,0.209988,0,0
21829,,7,0,1,1,0,1,1,1,1,1,0,0
21832,,11,0,1,1,0,1,1,9,0.199904,0.205446,0,0
21837,,10,0,1,1,0,1,1,8,0.232987,0.241273,0,0
21838,,9,0,2,2,0,2,2,9,0.229528,0.237141,0,0.5
21839,,15,0,1,1,0,1,1,8,0.247825,0.256545,0,0
21840,,8,0,1,1,0,1,1,1,1,1,0,0
21841,,7,0,1,1,0,1,1,10,0.166718,0.169204,0,0
21843,,16,0,1,1,0,1,1,9,0.214084,0.219917,0,0
21844,,5,0,1,1,0,1,1,9,0.203762,0.208979,0,0
21851,,5,0,3,3,0,3,3,8,0.24578,0.255229,0,0.166667
21852,,2,0,1,1,0,1,1,8,0.261475,0.272568,0,0
21855,,5,0,1,1,0,1,1,8,0.248302,0.257867,0,0
21856,,5,3,4,7,3,4,7,8,0.265301,0.277224,17011.90924,0.166667
25117,,9,1,0,1,1,0,1,0,0,0,0,0
31462,,9,1,12,13,1,12,13,10,0.164958,0.168535,137753.845362,0.189394
33700,,9,1,0,1,1,0,1,0,0,0,0,0
35537,,9,1,0,1,1,0,1,0,0,0,0,0
21858,,16,0,1,1,0,1,1,10,0.188116,0.19232,0,0
21859,,11,0,1,1,0,1,1,9,0.22643,0.233486,0,0
21860,,11,0,1,1,0,1,1,9,0.223325,0.230342,0,0
21861,,239,0,1,1,0,1,1,1,1,1,0,0
21862,,239,1,0,1,1,0,1,0,0,0,0,0
21863,,11,0,4,4,0,4,4,8,0.255223,0.266254,0,0.916667
21865,,11,0,1,1,0,1,1,9,0.215114,0.220919,0,0
21868,,11,0,1,1,0,1,1,8,0.242301,0.250673,0,0
21869,,0,0,2,2,0,2,2,8,0.231262,0.239418,0,1
21870,,15,0,1,1,0,1,1,9,0.206899,0.21256,0,0
21871,,13,1,4,5,1,4,5,8,0.260422,0.271275,18827,0.25
28079,,13,1,1,2,1,1,2,9,0.206617,0.211843,0,0
21877,,7,0,1,1,0,1,1,8,0.237622,0.245065,0,0
21878,,5,0,2,2,0,2,2,8,0.262826,0.273579,0,0
21879,,15,0,1,1,0,1,1,9,0.209963,0.21572,0,0
21881,,11,0,1,1,0,1,1,8,0.236167,0.244733,0,0
21883,,15,0,1,1,0,1,1,8,0.247825,0.256545,0,0
21884,,15,0,2,2,0,2,2,9,0.225511,0.233376,0,1
21886,,11,0,2,2,0,2,2,8,0.246124,0.255094,0,0
21887,,10,0,1,1,0,1,1,9,0.20937,0.214924,0,0
21890,,240,0,1,1,0,1,1,1,1,1,0,0
21891,,240,1,0,1,1,0,1,0,0,0,0,0
21893,,11,0,3,3,0,3,3,8,0.240783,0.25034,0,0.333333
21896,,15,0,1,1,0,1,1,10,0.179156,0.182314,0,0
21898,,5,0,1,1,0,1,1,8,0.231928,0.239836,0,0
21899,,6,0,1,1,0,1,1,8,0.249084,0.258104,0,0
21900,,5,0,1,1,0,1,1,8,0.245851,0.255055,0,0
21901,,11,0,1,1,0,1,1,8,0.240389,0.248209,0,0
21904,,5,0,1,1,0,1,1,8,0.227308,0.234453,0,0
21905,,7,0,1,1,0,1,1,9,0.216594,0.222821,0,0
21907,,16,0,1,1,0,1,1,9,0.218246,0.224658,0,0
21909,,241,0,1,1,0,1,1,1,1,1,0,0
21910,,241,1,0,1,1,0,1,0,0,0,0,0
21911,,9,0,2,2,0,2,2,9,0.205996,0.211277,0,0.5
21912,,0,0,1,1,0,1,1,8,0.238232,0.246371,0,0
21915,,11,0,1,1,0,1,1,8,0.251382,0.261452,0,0
21916,,24,0,1,1,0,1,1,9,0.231745,0.239907,0,0
21920,,16,0,1,1,0,1,1,8,0.235753,0.244207,0,0
21921,,5,0,1,1,0,1,1,9,0.220014,0.226627,0,0
21924,,15,0,1,1,0,1,1,9,0.220312,0.226978,0,0
21925,,7,0,1,1,0,1,1,8,0.226935,0.234515,0,0
21927,,16,0,2,2,0,2,2,9,0.220524,0.226815,0,0.5
21928,,5,0,1,1,0,1,1,8,0.251664,0.260845,0,0
21930,,7,0,36,36,0,36,36,8,0.287832,0.303702,0,0.083333
24191,,7,1,0,1,1,0,1,0,0,0,0,0
21931,,16,0,2,2,0,2,2,8,0.236025,0.244593,0,1
21932,,16,1,2,3,1,2,3,8,0.239569,0.24848,18827,0
21935,,8,0,1,1,0,1,1,8,0.234991,0.243288,0,0
21936,,15,0,1,1,0,1,1,9,0.219332,0.226151,0,0
21937,,11,0,1,1,0,1,1,9,0.197885,0.202269,0,0
27867,,7,1,0,1,1,0,1,0,0,0,0,0
21939,,10,0,1,1,0,1,1,10,0.187905,0.192311,0,0
21940,,16,0,1,1,0,1,1,1,1,1,0,0
21943,,10,0,1,1,0,1,1,9,0.215951,0.221597,0,0
21944,,2,0,1,1,0,1,1,8,0.261475,0.272568,0,0
21945,,8,0,1,1,0,1,1,8,0.237667,0.245207,0,0
21946,,10,0,1,1,0,1,1,8,0.23897,0.247046,0,0
21947,,0,0,2,2,0,2,2,8,0.229017,0.236771,0,1
21949,,15,0,1,1,0,1,1,1,1,1,0,0
21955,,8,0,1,1,0,1,1,9,0.195853,0.200442,0,0
21956,,11,0,1,1,0,1,1,8,0.251382,0.261452,0,0
21957,,8,0,1,1,0,1,1,8,0.262756,0.273466,0,0
21959,,8,1,1,2,1,1,2,1,1,1,0,0
21960,,15,0,2,2,0,2,2,8,0.241927,0.249731,0,0.5
21961,,8,2,2,4,2,2,4,8,0.272255,0.283832,11751.811183,0.333333
21962,,8,4,5,9,4,5,9,8,0.2636,0.274623,27006.659376,0.047619
30075,,8,1,0,1,1,0,1,0,0,0,0,0
25762,,8,1,2,3,1,2,3,9,0.218357,0.224212,0,1
21963,,242,0,1,1,0,1,1,1,1,1,0,0
21964,,242,1,0,1,1,0,1,0,0,0,0,0
21965,,11,0,1,1,0,1,1,9,0.194353,0.199288,0,0
21967,,7,0,1,1,0,1,1,9,0.235473,0.242933,0,0
21968,,10,0,1,1,0,1,1,10,0.187905,0.192311,0,0
21969,,0,0,4,4,0,4,4,9,0.206138,0.212091,0,0.666667
21971,,11,0,1,1,0,1,1,9,0.190478,0.194965,0,0
21972,,5,0,1,1,0,1,1,8,0.231928,0.239836,0,0
21973,,11,0,1,1,0,1,1,1,1,1,0,0
21975,,8,0,1,1,0,1,1,1,1,1,0,0
21977,,8,0,1,1,0,1,1,1,1,1,0,0
21978,,8,0,1,1,0,1,1,1,1,1,0,0
21979,,16,0,1,1,0,1,1,1,1,1,0,0
21980,,8,0,1,1,0,1,1,1,1,1,0,0
21981,,0,0,1,1,0,1,1,8,0.230717,0.238683,0,0
21983,,16,0,1,1,0,1,1,8,0.257544,0.268689,0,0
21985,,11,0,1,1,0,1,1,9,0.194353,0.199288,0,0
21986,,8,0,1,1,0,1,1,9,0.217978,0.224605,0,0
28436,,10,1,0,1,1,0,1,0,0,0,0,0
21988,,7,0,1,1,0,1,1,10,0.178867,0.182209,0,0
21989,,3,0,2,2,0,2,2,9,0.233264,0.241162,0,0.5
21991,,16,0,2,2,0,2,2,10,0.1742,0.177547,0,0.5
21992,,6,0,1,1,0,1,1,9,0.202698,0.207584,0,0
21993,,11,0,1,1,0,1,1,10,0.170055,0.173135,0,0
21994,,11,1,2,3,1,2,3,9,0.204889,0.210356,18827,0
21996,,237,0,2,2,0,2,2,9,0.199767,0.205012,0,0.5
21997,,6,0,1,1,0,1,1,9,0.202628,0.207713,0,0
21998,,12,0,1,1,0,1,1,1,1,1,0,0
21999,,15,0,1,1,0,1,1,9,0.203544,0.209057,0,0
22007,,10,0,1,1,0,1,1,9,0.202365,0.207581,0,0
22009,,15,0,1,1,0,1,1,1,1,1,0,0
22011,,9,0,3,3,0,3,3,9,0.20346,0.209022,0,0.5
22012,,1,0,1,1,0,1,1,10,0.173799,0.177207,0,0
22013,,1,2,3,5,2,3,5,9,0.210348,0.216507,37656,0
29568,,1,1,0,1,1,0,1,0,0,0,0,0
22014,,16,1,1,2,1,1,2,10,0.174194,0.177512,0,1
22015,,1,0,1,1,0,1,1,10,0.178303,0.181862,0,0
22016,,13,0,4,4,0,4,4,9,0.194097,0.198506,0,0.083333
22017,,8,0,1,1,0,1,1,9,0.231783,0.239322,0,0
22018,,11,0,1,1,0,1,1,9,0.181429,0.184846,0,0
22019,,11,1,1,2,1,1,2,8,0.22163,0.227921,18827,0
22024,,8,0,1,1,0,1,1,8,0.24685,0.256506,0,0
22026,,11,0,2,2,0,2,2,9,0.188914,0.193346,0,0
22027,,21,0,1,1,0,1,1,1,1,1,0,0
22030,,11,0,1,1,0,1,1,9,0.238773,0.247361,0,0
22031,,9,0,1,1,0,1,1,10,0.168625,0.171488,0,0
22032,,18,0,1,1,0,1,1,9,0.21286,0.218905,0,0
22034,,8,0,2,2,0,2,2,8,0.265341,0.276665,0,0.5
22035,,7,0,1,1,0,1,1,8,0.238404,0.246059,0,0
22036,,2,1,1,2,1,1,2,8,0.261475,0.272568,18827,0
22037,,8,0,2,2,0,2,2,9,0.221403,0.228388,0,0.5
22038,,8,0,4,4,0,4,4,9,0.2286,0.236079,0,0.416667
22041,,21,0,2,2,0,2,2,9,0.233247,0.24391,0,0.5
22042,,18,0,1,1,0,1,1,9,0.21286,0.218905,0,0
22045,,7,0,1,1,0,1,1,9,0.201066,0.206074,0,0
22046,,11,0,1,1,0,1,1,9,0.221416,0.228332,0,0
22047,,16,0,1,1,0,1,1,8,0.236961,0.24442,0,0
22049,,8,0,1,1,0,1,1,9,0.221406,0.228258,0,0
22050,,11,0,1,1,0,1,1,9,0.217769,0.22458,0,0
33461,,10,1,2,3,1,2,3,10,0.185308,0.189398,18825,0
22056,,11,0,1,1,0,1,1,8,0.246114,0.255055,0,0
22059,,10,0,1,1,0,1,1,10,0.179811,0.183338,0,0
22060,,9,0,1,1,0,1,1,9,0.19871,0.20374,0,0
22061,,1,0,1,1,0,1,1,9,0.219196,0.225231,0,0
22062,,12,0,1,1,0,1,1,8,0.234438,0.242011,0,0
22065,,3,1,7,8,1,7,8,8,0.24463,0.253386,16866.23867,0.035714
22066,,8,0,1,1,0,1,1,8,0.262756,0.273466,0,0
22068,,5,0,1,1,0,1,1,8,0.230249,0.237146,0,0
22070,,11,1,0,1,1,0,1,0,0,0,0,0
22072,,8,0,2,2,0,2,2,9,0.224521,0.23149,0,0
22073,,9,0,3,3,0,3,3,9,0.199856,0.205158,0,0.333333
22081,,7,0,1,1,0,1,1,8,0.230856,0.238125,0,0
22086,,11,0,1,1,0,1,1,9,0.219952,0.2264,0,0
22087,,16,0,1,1,0,1,1,9,0.211371,0.217148,0,0
22088,,11,0,1,1,0,1,1,8,0.232829,0.239934,0,0
29103,,0,1,1,2,1,1,2,9,0.230852,0.239153,33.987463,0
22092,,0,0,1,1,0,1,1,9,0.214245,0.219845,0,0
22093,,0,0,1,1,0,1,1,1,1,1,0,0
22095,,7,0,1,1,0,1,1,1,1,1,0,0
22096,,8,0,2,2,0,2,2,8,0.251816,0.261002,0,0
22097,,11,0,1,1,0,1,1,8,0.237376,0.246856,0,0
22100,,243,0,1,1,0,1,1,1,1,1,0,0
22101,,243,1,0,1,1,0,1,0,0,0,0,0
22102,,11,0,1,1,0,1,1,9,0.225957,0.2335,0,0
22103,,5,0,1,1,0,1,1,1,1,1,0,0
22104,,11,0,1,1,0,1,1,8,0.234514,0.24306,0,0
24796,,11,1,0,1,1,0,1,0,0,0,0,0
22108,,11,0,1,1,0,1,1,8,0.244433,0.254493,0,0
22109,,15,0,1,1,0,1,1,10,0.184729,0.18856,0,0
22110,,7,0,1,1,0,1,1,9,0.246124,0.25571,0,0
22111,,8,0,1,1,0,1,1,8,0.262756,0.273466,0,0
22113,,16,0,2,2,0,2,2,8,0.238718,0.246636,0,0.5
22115,,9,0,2,2,0,2,2,9,0.209156,0.214949,0,0
22117,,5,0,1,1,0,1,1,8,0.251664,0.260845,0,0
22119,,8,0,1,1,0,1,1,9,0.215852,0.221765,0,0
22120,,11,0,3,3,0,3,3,9,0.204344,0.209818,0,0
22122,,7,0,1,1,0,1,1,1,1,1,0,0
22125,,8,0,1,1,0,1,1,8,0.262756,0.273466,0,0
22126,,8,0,1,1,0,1,1,10,0.187709,0.191672,0,0
22128,,5,0,4,4,0,4,4,7,0.293608,0.3081,0,0.25
22129,,244,0,1,1,0,1,1,1,1,1,0,0
22130,,244,1,0,1,1,0,1,0,0,0,0,0
22133,,8,0,4,4,0,4,4,8,0.262782,0.273577,0,0.083333
22134,,11,0,6,6,0,6,6,8,0.252295,0.262153,0,0.233333
22135,,7,0,1,1,0,1,1,9,0.227327,0.234472,0,0
22136,,8,0,1,1,0,1,1,8,0.262756,0.273466,0,0
22137,,16,1,1,2,1,1,2,10,0.1798,0.183593,0,0
23035,,16,3,1,4,3,1,4,11,0.152401,0.154689,18826.5,0.25
23392,,16,1,0,1,1,0,1,0,0,0,0,0
23393,,16,1,0,1,1,0,1,0,0,0,0,0
23394,,16,1,0,1,1,0,1,0,0,0,0,0
23395,,16,2,1,3,2,1,3,10,0.1798,0.183593,37650,0.5
23153,,16,1,1,2,1,1,2,12,0.132252,0.13376,51947,0
22140,,7,0,1,1,0,1,1,10,0.178867,0.182209,0,0
22142,,8,0,1,1,0,1,1,9,0.222426,0.22905,0,0
22143,,16,0,1,1,0,1,1,8,0.232025,0.239654,0,0
34395,,9,2,1,3,2,1,3,1,1,1,25975,0.166667
22146,,5,0,1,1,0,1,1,9,0.229134,0.236663,0,0
22149,,16,0,1,1,0,1,1,8,0.226534,0.233342,0,0
22150,,7,0,1,1,0,1,1,8,0.236919,0.244375,0,0
31182,,7,1,0,1,1,0,1,0,0,0,0,0
33381,,16,1,0,1,1,0,1,0,0,0,0,0
22155,,7,0,1,1,0,1,1,8,0.248325,0.257194,0,0
22157,,7,0,1,1,0,1,1,9,0.20921,0.214873,0,0
22158,,8,0,1,1,0,1,1,9,0.214457,0.220627,0,0
22159,,16,0,1,1,0,1,1,10,0.179807,0.18361,0,0
22160,,11,0,1,1,0,1,1,8,0.230667,0.237711,0,0
22161,,8,0,3,3,0,3,3,8,0.266577,0.277769,0,0.666667
22162,,12,0,1,1,0,1,1,9,0.190495,0.194507,0,0
22163,,7,0,1,1,0,1,1,9,0.20921,0.214873,0,0
33339,,3,1,0,1,1,0,1,0,0,0,0,0
22170,,7,0,1,1,0,1,1,9,0.226164,0.233246,0,0
22176,,0,0,2,2,0,2,2,9,0.209154,0.214772,0,0
22177,,0,1,0,1,1,0,1,0,0,0,0,0
22178,,7,0,1,1,0,1,1,9,0.235473,0.242933,0,0
22181,,24,0,1,1,0,1,1,10,0.178035,0.181501,0,0
22182,,16,0,1,1,0,1,1,8,0.257544,0.268689,0,0
22185,,5,0,1,1,0,1,1,9,0.224867,0.231892,0,0
22187,,7,0,1,1,0,1,1,9,0.206708,0.212248,0,0
22188,,7,0,2,2,0,2,2,8,0.241128,0.249214,0,0
22189,,12,0,2,2,0,2,2,9,0.213608,0.219575,0,0.5
29416,,11,1,1,2,1,1,2,9,0.238772,0.247361,0,0.5
22194,,12,0,1,1,0,1,1,10,0.176014,0.179288,0,0
22198,,7,0,1,1,0,1,1,8,0.270888,0.28334,0,0
22199,,11,0,1,1,0,1,1,8,0.247792,0.25846,0,0
22202,,8,0,1,1,0,1,1,1,1,1,0,0
22204,,3,0,4,4,0,4,4,8,0.264331,0.275321,0,0.5
26797,,3,1,0,1,1,0,1,0,0,0,0,0
22206,,7,0,1,1,0,1,1,8,0.242475,0.25106,0,0
22207,,16,0,2,2,0,2,2,9,0.199367,0.204488,0,1
22208,,16,0,1,1,0,1,1,9,0.199365,0.204461,0,0
22210,,16,0,1,1,0,1,1,9,0.219293,0.225533,0,0
22211,,7,0,1,1,0,1,1,8,0.244345,0.253397,0,0
22214,,245,0,1,1,0,1,1,1,1,1,0,0
22215,,245,1,0,1,1,0,1,0,0,0,0,0
22216,,7,0,1,1,0,1,1,9,0.208116,0.213297,0,0
22217,,16,5,2,7,5,2,7,1,1,1,10,0.02381
22218,,16,2,0,2,2,0,2,0,0,0,0,0.5
22220,,11,0,1,1,0,1,1,9,0.23666,0.245195,0,0
22221,,24,0,1,1,0,1,1,9,0.212999,0.219178,0,0
22224,,11,0,1,1,0,1,1,8,0.234514,0.24306,0,0
22227,,8,0,1,1,0,1,1,9,0.212293,0.218053,0,0
22228,,0,0,1,1,0,1,1,9,0.222605,0.230046,0,0
22230,,9,1,3,4,1,3,4,9,0.212382,0.218938,22.080418,0.25
22231,,8,0,2,2,0,2,2,9,0.217393,0.223725,0,0
22232,,8,1,0,1,1,0,1,0,0,0,0,0
22235,,7,1,5,6,1,5,6,8,0.272249,0.284426,89.09132,0.133333
22236,,1,0,2,2,0,2,2,8,0.257608,0.268803,0,0.5
22238,,12,0,1,1,0,1,1,9,0.195762,0.200046,0,0
22239,,0,0,1,1,0,1,1,11,0.147223,0.149306,0,0
22240,,9,0,5,5,0,5,5,10,0.164939,0.168294,0,0.5
22241,,11,0,1,1,0,1,1,8,0.246114,0.255055,0,0
22242,,21,0,1,1,0,1,1,1,1,1,0,0
22243,,11,0,1,1,0,1,1,9,0.224977,0.23191,0,0
22245,,2,0,1,1,0,1,1,8,0.261475,0.272568,0,0
22246,,5,0,2,2,0,2,2,8,0.244611,0.253645,0,0.5
22247,,11,1,5,6,1,5,6,8,0.23657,0.244322,1660.317469,0.133333
22249,,8,0,1,1,0,1,1,8,0.262756,0.273466,0,0
22250,,8,0,3,3,0,3,3,8,0.257989,0.268134,0,0.166667
22251,,15,0,3,3,0,3,3,8,0.235564,0.242629,0,0.833333
22252,,21,0,1,1,0,1,1,1,1,1,0,0
26884,,11,1,0,1,1,0,1,0,0,0,0,0
22255,,10,0,1,1,0,1,1,10,0.186922,0.190757,0,0
22256,,16,0,1,1,0,1,1,10,0.179807,0.18361,0,0
22261,,15,0,1,1,0,1,1,10,0.179156,0.182314,0,0
22262,,16,0,1,1,0,1,1,8,0.257544,0.268689,0,0
35310,,24,1,0,1,1,0,1,0,0,0,0,0
22269,,9,3,1,4,3,1,4,11,0.141564,0.143542,0,0.25
22270,,7,0,1,1,0,1,1,9,0.201055,0.206219,0,0
30523,,11,1,0,1,1,0,1,0,0,0,0,0
22275,,11,0,2,2,0,2,2,8,0.251385,0.261478,0,0.5
22276,,7,0,1,1,0,1,1,10,0.156097,0.158508,0,0
22278,,8,0,1,1,0,1,1,8,0.247064,0.255642,0,0
22281,,11,0,1,1,0,1,1,8,0.246114,0.255055,0,0
22282,,24,0,1,1,0,1,1,9,0.231745,0.239907,0,0
22283,,5,0,1,1,0,1,1,9,0.212622,0.218545,0,0
22285,,8,0,1,1,0,1,1,8,0.262756,0.273466,0,0
22288,,16,0,1,1,0,1,1,2,0.6,0.666667,0,0
22291,,11,0,1,1,0,1,1,9,0.22883,0.235861,0,0
22294,,3,0,1,1,0,1,1,11,0.147723,0.149659,0,0
22295,,3,1,2,3,1,2,3,10,0.173318,0.176479,18827,0
22296,,10,0,1,1,0,1,1,9,0.203083,0.208247,0,0
22297,,8,1,1,2,1,1,2,8,0.237954,0.246959,0,1
22298,,8,0,2,2,0,2,2,9,0.212537,0.218482,0,0
31248,,8,1,0,1,1,0,1,0,0,0,0,0
22299,,7,0,1,1,0,1,1,1,1,1,0,0
22302,,8,0,1,1,0,1,1,1,1,1,0,0
22303,,11,0,1,1,0,1,1,9,0.187443,0.191182,0,0
22304,,6,1,1,2,1,1,2,8,0.249084,0.258105,394.603837,0
22306,,11,0,10,10,0,10,10,8,0.255715,0.266531,0,0.388889
22307,,11,0,1,1,0,1,1,9,0.21089,0.216438,0,0
22308,,21,0,1,1,0,1,1,1,1,1,0,0
33899,,16,2,0,2,2,0,2,0,0,0,0,0
22311,,11,0,3,3,0,3,3,8,0.232904,0.241388,0,0.333333
22312,,7,0,1,1,0,1,1,9,0.226164,0.233246,0,0
22313,,16,0,1,1,0,1,1,9,0.199365,0.204461,0,0
32599,,8,1,0,1,1,0,1,0,0,0,0,0
22861,,16,1,0,1,1,0,1,0,0,0,0,0
22316,,7,0,1,1,0,1,1,9,0.246124,0.25571,0,0
22317,,1,0,3,3,0,3,3,8,0.252525,0.262777,0,0.333333
22318,,16,1,1,2,1,1,2,11,0.152405,0.1547,44798,0
22319,,16,1,1,2,1,1,2,10,0.179804,0.183607,37649,0
22323,,16,0,1,1,0,1,1,8,0.232025,0.239654,0,0
22325,,8,0,4,4,0,4,4,8,0.262782,0.273577,0,0.083333
30379,,11,1,1,2,1,1,2,9,0.229953,0.237929,0,1
22328,,135,0,1,1,0,1,1,1,1,1,0,0
22329,,8,0,1,1,0,1,1,9,0.209877,0.215183,0,0
22330,,16,0,1,1,0,1,1,8,0.257544,0.268689,0,0
22331,,8,0,1,1,0,1,1,8,0.262756,0.273466,0,0
22332,,9,0,6,6,0,6,6,10,0.164919,0.16824,0,0.3
24155,,9,2,2,4,2,2,4,10,0.164928,0.168187,15.507937,0.5
22333,,8,0,1,1,0,1,1,9,0.211205,0.216871,0,0
22533,,11,1,1,2,1,1,2,10,0.188982,0.193317,0,0
22339,,11,0,2,2,0,2,2,8,0.239499,0.247406,0,0.5
22340,,16,1,1,2,1,1,2,10,0.174194,0.177512,0,1
22342,,16,0,1,1,0,1,1,8,0.257544,0.268689,0,0
22343,,8,0,1,1,0,1,1,8,0.255022,0.264509,0,0
24307,,11,2,3,5,2,3,5,9,0.213442,0.219695,18962.298362,0.083333
24895,,11,2,0,2,2,0,2,0,0,0,0,1
22345,,7,0,1,1,0,1,1,1,1,1,0,0
22347,,2,0,1,1,0,1,1,8,0.261475,0.272568,0,0
22351,,0,0,2,2,0,2,2,9,0.219666,0.225882,0,0
22353,,0,0,1,1,0,1,1,9,0.226488,0.233295,0,0
31015,,11,1,0,1,1,0,1,0,0,0,0,0
22358,,1,0,1,1,0,1,1,8,0.237205,0.244512,0,0
22360,,7,0,1,1,0,1,1,8,0.2284,0.235296,0,0
22362,,11,0,4,4,0,4,4,8,0.267034,0.278982,0,0.416667
22363,,16,0,2,2,0,2,2,10,0.179808,0.183637,0,0.5
22367,,11,0,1,1,0,1,1,8,0.251382,0.261452,0,0
22368,,7,0,1,1,0,1,1,9,0.207609,0.212853,0,0
22369,,7,0,1,1,0,1,1,1,1,1,0,0
22370,,11,0,2,2,0,2,2,8,0.239892,0.247802,0,0
22373,,11,0,3,3,0,3,3,8,0.25216,0.26235,0,0.333333
32022,,11,1,0,1,1,0,1,0,0,0,0,0
22375,,8,0,1,1,0,1,1,8,0.233056,0.241283,0,0
22376,,7,0,2,2,0,2,2,1,1,1,0,0
22377,,11,0,1,1,0,1,1,9,0.23567,0.243316,0,0
22379,,1,0,2,2,0,2,2,8,0.242857,0.251152,0,0
22381,,11,0,2,2,0,2,2,9,0.222802,0.229776,0,0
24717,,16,2,0,2,2,0,2,0,0,0,0,0
22385,,21,0,1,1,0,1,1,1,1,1,0,0
22388,,16,0,2,2,0,2,2,9,0.229603,0.237451,0,1
22389,,8,0,2,2,0,2,2,9,0.225244,0.232257,0,0
22393,,9,0,1,1,0,1,1,9,0.207849,0.213367,0,0
22394,,12,0,1,1,0,1,1,8,0.236841,0.24458,0,0
22395,,8,0,11,11,0,11,11,8,0.28188,0.296139,0,0.163636
22631,,2,1,2,3,1,2,3,8,0.261485,0.272606,1,0.166667
22398,,16,0,2,2,0,2,2,8,0.257548,0.268715,0,1
22400,,6,0,2,2,0,2,2,9,0.2131,0.219349,0,0
22401,,8,0,2,2,0,2,2,8,0.249784,0.258835,0,0.5
22403,,8,0,1,1,0,1,1,1,1,1,0,0
22407,,0,0,1,1,0,1,1,9,0.22285,0.229108,0,0
22408,,15,0,2,2,0,2,2,8,0.263293,0.274043,0,0.5
22412,,246,0,1,1,0,1,1,1,1,1,0,0
22413,,246,1,0,1,1,0,1,0,0,0,0,0
22414,,11,0,1,1,0,1,1,9,0.220826,0.22761,0,0
22415,,5,0,1,1,0,1,1,9,0.214474,0.220598,0,0
22416,,11,0,1,1,0,1,1,8,0.230091,0.237701,0,0
22417,,5,0,1,1,0,1,1,9,0.209538,0.215141,0,0
22418,,5,0,1,1,0,1,1,9,0.198461,0.20316,0,0
22419,,16,0,1,1,0,1,1,8,0.257544,0.268689,0,0
22422,,24,2,6,8,2,6,8,9,0.218688,0.225704,37661,0.071429
22739,,24,2,5,7,2,5,7,9,0.220457,0.227477,19015.031046,0.214286
29225,,24,1,0,1,1,0,1,0,0,0,0,0
24620,,24,1,1,2,1,1,2,10,0.179447,0.183209,0,0
31314,,24,1,0,1,1,0,1,0,0,0,0,0
22424,,121,0,1,1,0,1,1,13,0.116243,0.117269,0,0
22427,,11,0,4,4,0,4,4,8,0.252231,0.262432,0,0.5
22430,,0,0,1,1,0,1,1,9,0.210978,0.216065,0,0
27944,,10,1,1,2,1,1,2,8,0.232563,0.240767,46.104139,0
22436,,16,0,1,1,0,1,1,9,0.193276,0.197822,0,0
22437,,0,0,1,1,0,1,1,9,0.223974,0.230994,0,0
22438,,11,0,1,1,0,1,1,8,0.234514,0.24306,0,0
22440,,16,0,1,1,0,1,1,8,0.257544,0.268689,0,0
22443,,8,0,1,1,0,1,1,9,0.235349,0.243061,0,0
22452,,7,0,1,1,0,1,1,8,0.265449,0.276753,0,0
22453,,11,0,1,1,0,1,1,9,0.223681,0.230334,0,0
22454,,2,1,2,3,1,2,3,8,0.262112,0.273311,18827,0
22455,,8,0,1,1,0,1,1,1,1,1,0,0
24369,,8,1,0,1,1,0,1,0,0,0,0,0
22457,,2,0,1,1,0,1,1,9,0.219598,0.226206,0,0
22459,,15,0,1,1,0,1,1,1,1,1,0,0
22461,,11,0,1,1,0,1,1,9,0.201617,0.207255,0,0
22462,,9,0,2,2,0,2,2,9,0.187479,0.191849,0,1
22464,,11,0,1,1,0,1,1,9,0.225449,0.232111,0,0
22465,,11,0,1,1,0,1,1,8,0.251382,0.261452,0,0
22471,,2,0,1,1,0,1,1,10,0.172717,0.175979,0,0
22472,,10,0,1,1,0,1,1,1,1,1,0,0
22473,,247,0,2,2,0,2,2,1,1,1,0,1
22474,,247,4,1,5,4,1,5,1,1,1,0,0.25
22475,,247,4,1,5,4,1,5,1,1,1,0,0.25
22476,,247,0,2,2,0,2,2,1,1,1,0,1
22477,,247,0,2,2,0,2,2,1,1,1,0,1
22479,,0,0,1,1,0,1,1,8,0.238232,0.246371,0,0
22482,,11,0,1,1,0,1,1,8,0.23949,0.247366,0,0
22485,,8,0,1,1,0,1,1,10,0.182226,0.186017,0,0
22486,,16,0,1,1,0,1,1,8,0.257544,0.268689,0,0
22487,,16,0,1,1,0,1,1,8,0.257544,0.268689,0,0
22488,,2,0,3,3,0,3,3,9,0.226652,0.234471,0,0
22490,,7,0,2,2,0,2,2,8,0.26546,0.276792,0,0
22491,,7,2,0,2,2,0,2,0,0,0,0,0
22492,,7,0,1,1,0,1,1,1,1,1,0,0
22494,,248,0,1,1,0,1,1,1,1,1,0,0
22495,,248,1,0,1,1,0,1,0,0,0,0,0
22497,,16,1,2,3,1,2,3,10,0.174262,0.177675,124.566017,0.333333
22499,,16,0,2,2,0,2,2,9,0.19662,0.201501,0,0
22501,,5,0,1,1,0,1,1,1,1,1,0,0
22504,,8,0,1,1,0,1,1,9,0.234452,0.242464,0,0
22507,,5,0,4,4,0,4,4,8,0.251795,0.261107,0,0.416667
22509,,16,0,1,1,0,1,1,10,0.174198,0.17752,0,0
22510,,7,0,1,1,0,1,1,8,0.233681,0.240561,0,0
22516,,16,0,1,1,0,1,1,8,0.234155,0.242097,0,0
22517,,15,0,1,1,0,1,1,10,0.179156,0.182314,0,0
22518,,7,0,1,1,0,1,1,8,0.242982,0.251576,0,0
22522,,16,0,1,1,0,1,1,10,0.174198,0.17752,0,0
22523,,7,0,1,1,0,1,1,8,0.265449,0.276753,0,0
22524,,249,0,1,1,0,1,1,1,1,1,0,0
22525,,249,1,0,1,1,0,1,0,0,0,0,0
22530,,8,0,1,1,0,1,1,9,0.217001,0.22352,0,0
22531,,7,0,12,12,0,12,12,8,0.267916,0.28036,0,0.143939
22532,,8,0,1,1,0,1,1,8,0.225838,0.233103,0,0
22534,,2,0,2,2,0,2,2,9,0.225384,0.232744,0,1
22535,,18,0,1,1,0,1,1,9,0.21286,0.218905,0,0
22536,,5,0,1,1,0,1,1,8,0.251664,0.260845,0,0
22537,,0,0,1,1,0,1,1,8,0.230686,0.237852,0,0
22538,,5,0,1,1,0,1,1,8,0.251664,0.260845,0,0
22541,,15,0,6,6,0,6,6,7,0.27034,0.2821,0,0.366667
22542,,11,0,1,1,0,1,1,9,0.196857,0.201227,0,0
22545,,8,0,2,2,0,2,2,8,0.265367,0.276488,0,0
22546,,7,0,1,1,0,1,1,9,0.246124,0.25571,0,0
22547,,16,0,1,1,0,1,1,9,0.205253,0.210794,0,0
26879,,10,1,0,1,1,0,1,0,0,0,0,0
22550,,18,0,1,1,0,1,1,9,0.183805,0.188435,0,0
22553,,8,0,1,1,0,1,1,1,1,1,0,0
22555,,11,0,1,1,0,1,1,8,0.251382,0.261452,0,0
22557,,11,0,1,1,0,1,1,9,0.198666,0.203124,0,0
22558,,11,0,2,2,0,2,2,9,0.206095,0.211885,0,0
22559,,11,1,0,1,1,0,1,0,0,0,0,0
22561,,11,0,1,1,0,1,1,8,0.244433,0.254493,0,0
22563,,1,0,1,1,0,1,1,9,0.209701,0.215029,0,0
22564,,8,0,1,1,0,1,1,9,0.239963,0.248532,0,0
22565,,8,0,1,1,0,1,1,8,0.230108,0.238119,0,0
22566,,1,0,1,1,0,1,1,9,0.209701,0.215029,0,0
22569,,15,0,4,4,0,4,4,9,0.224223,0.231401,0,0.083333
26310,,15,1,0,1,1,0,1,0,0,0,0,0
22570,,11,0,2,2,0,2,2,8,0.233948,0.242419,0,1
22571,,8,1,4,5,1,4,5,8,0.266787,0.278381,18829,0.15
22572,,8,1,4,5,1,4,5,8,0.241283,0.249616,316.075245,0.05
30093,,8,1,1,2,1,1,2,9,0.215276,0.221125,0,0.5
22578,,21,1,1,2,1,1,2,11,0.161421,0.164033,7,0
22580,,8,0,1,1,0,1,1,9,0.195469,0.200515,0,0
22581,,11,0,1,1,0,1,1,8,0.230091,0.237701,0,0
22582,,15,0,4,4,0,4,4,8,0.265697,0.27751,0,0.333333
22584,,15,0,1,1,0,1,1,9,0.201098,0.206211,0,0
22585,,24,0,5,5,0,5,5,8,0.265464,0.277312,0,0.45
22589,,8,0,1,1,0,1,1,9,0.22032,0.227177,0,0
22591,,11,0,1,1,0,1,1,8,0.251382,0.261452,0,0
22596,,16,1,1,2,1,1,2,10,0.174194,0.177512,0,1
22598,,3,0,3,3,0,3,3,8,0.265472,0.276567,0,0.333333
22602,,15,0,1,1,0,1,1,10,0.179156,0.182314,0,0
22604,,5,0,2,2,0,2,2,9,0.231783,0.239268,0,0
22607,,10,0,1,1,0,1,1,9,0.192888,0.196904,0,0
22608,,2,0,1,1,0,1,1,8,0.261475,0.272568,0,0
23039,,7,1,0,1,1,0,1,0,0,0,0,0
22612,,1,0,1,1,0,1,1,9,0.209701,0.215029,0,0
22614,,11,0,1,1,0,1,1,8,0.234514,0.24306,0,0
22615,,16,0,1,1,0,1,1,10,0.185275,0.189448,0,0
22616,,16,1,1,2,1,1,2,9,0.227396,0.235291,18827,0
22618,,11,0,1,1,0,1,1,9,0.229181,0.2372,0,0
22619,,8,0,1,1,0,1,1,9,0.212135,0.217777,0,0
22620,,11,0,1,1,0,1,1,8,0.221512,0.22797,0,0
22622,,11,0,3,3,0,3,3,8,0.251395,0.261523,0,0.166667
23498,,7,2,0,2,2,0,2,0,0,0,0,0
22624,,7,0,1,1,0,1,1,9,0.207609,0.212853,0,0
22625,,12,0,1,1,0,1,1,9,0.195014,0.200132,0,0
22626,,8,0,1,1,0,1,1,1,1,1,0,0
22627,,11,1,1,2,1,1,2,9,0.229957,0.237934,18827,0
22630,,8,0,1,1,0,1,1,9,0.204426,0.209527,0,0
23462,,2,1,0,1,1,0,1,0,0,0,0,0
22633,,21,0,1,1,0,1,1,1,1,1,0,0
22636,,7,0,2,2,0,2,2,8,0.230899,0.237785,0,0
25894,,7,1,0,1,1,0,1,0,0,0,0,0
22637,,121,0,1,1,0,1,1,11,0.151436,0.153651,0,0
22638,,2,0,2,2,0,2,2,8,0.262028,0.273132,0,0.5
22640,,9,1,0,1,1,0,1,0,0,0,0,0
22641,,9,0,1,1,0,1,1,1,1,1,0,0
22642,,8,1,1,2,1,1,2,9,0.199559,0.204349,18827,0
22643,,16,0,1,1,0,1,1,9,0.229791,0.237541,0,0
22644,,11,0,1,1,0,1,1,9,0.231783,0.240091,0,0
22645,,16,0,1,1,0,1,1,8,0.257544,0.268689,0,0
22646,,15,1,1,2,1,1,2,9,0.211507,0.217098,18825,0.5
22647,,8,0,1,1,0,1,1,9,0.198884,0.203512,0,0
22648,,5,0,1,1,0,1,1,10,0.191285,0.195691,0,0
22649,,6,0,1,1,0,1,1,9,0.213528,0.219815,0,0
22650,,0,0,1,1,0,1,1,9,0.214614,0.220847,0,0
22651,,3,0,2,2,0,2,2,9,0.232915,0.240808,0,0.5
22655,,15,0,1,1,0,1,1,10,0.179156,0.182314,0,0
22657,,11,0,4,4,0,4,4,9,0.210477,0.215923,0,0
22658,,136,0,1,1,0,1,1,11,0.14038,0.142087,0,0
22659,,8,0,4,4,0,4,4,9,0.233789,0.241721,0,0.083333
22660,,1,1,1,2,1,1,2,8,0.232405,0.239626,0,0.5
22662,,7,0,2,2,0,2,2,8,0.270899,0.283378,0,0
22663,,7,1,0,1,1,0,1,0,0,0,0,0
22664,,11,0,1,1,0,1,1,9,0.192161,0.196752,0,0
22665,,16,0,2,2,0,2,2,8,0.257565,0.26875,0,0
22666,,11,0,5,5,0,5,5,8,0.247408,0.256096,0,0.25
22668,,1,0,1,1,0,1,1,10,0.178303,0.181862,0,0
22671,,11,0,1,1,0,1,1,9,0.217913,0.224695,0,0
22742,,1,1,0,1,1,0,1,0,0,0,0,0
22673,,8,0,1,1,0,1,1,8,0.248761,0.257751,0,0
22675,,11,0,2,2,0,2,2,8,0.251385,0.261478,0,0.5
22680,,7,0,2,2,0,2,2,10,0.184561,0.188846,0,0
27012,,7,1,0,1,1,0,1,0,0,0,0,0
22684,,16,0,1,1,0,1,1,9,0.214084,0.219917,0,0
22685,,8,0,1,1,0,1,1,8,0.262756,0.273466,0,0
22686,,3,0,2,2,0,2,2,9,0.234149,0.242143,0,0
22688,,8,0,6,6,0,6,6,8,0.267642,0.27933,0,0.233333
22689,,9,0,6,6,0,6,6,9,0.212756,0.21947,0,0.333333
22691,,2,0,1,1,0,1,1,9,0.238286,0.246733,0,0
22693,,0,0,1,1,0,1,1,10,0.173513,0.176997,0,0
22694,,11,0,1,1,0,1,1,9,0.217121,0.223495,0,0
22701,,0,5,6,11,5,6,11,8,0.273296,0.286045,110033.195509,0.018182
28806,,0,1,0,1,1,0,1,0,0,0,0,0
35103,,0,1,0,1,1,0,1,0,0,0,0,0
22702,,8,0,1,1,0,1,1,8,0.262756,0.273466,0,0
34308,,5,1,0,1,1,0,1,0,0,0,0,0
22706,,11,0,1,1,0,1,1,8,0.217651,0.224048,0,0
22708,,18,0,1,1,0,1,1,9,0.21286,0.218905,0,0
22709,,16,0,1,1,0,1,1,8,0.257544,0.268689,0,0
22710,,6,0,1,1,0,1,1,9,0.226458,0.233655,0,0
22711,,8,0,1,1,0,1,1,9,0.218682,0.225135,0,0
22712,,16,0,3,3,0,3,3,9,0.209799,0.215742,0,0.333333
22849,,16,1,0,1,1,0,1,0,0,0,0,0
22716,,16,0,1,1,0,1,1,8,0.235753,0.244207,0,0
23155,,16,1,0,1,1,0,1,0,0,0,0,0
22718,,18,0,1,1,0,1,1,10,0.175587,0.179028,0,0
22722,,11,0,1,1,0,1,1,9,0.22825,0.235531,0,0
22723,,16,0,3,3,0,3,3,8,0.259883,0.271609,0,0.833333
22726,,11,0,1,1,0,1,1,8,0.251382,0.261452,0,0
22727,,8,1,2,3,1,2,3,9,0.217207,0.223497,0,1
22728,,8,0,1,1,0,1,1,9,0.216107,0.222464,0,0
22730,,5,0,1,1,0,1,1,8,0.245851,0.255055,0,0
22731,,11,0,1,1,0,1,1,8,0.234514,0.24306,0,0
22732,,11,0,1,1,0,1,1,8,0.222226,0.228739,0,0
22733,,11,0,1,1,0,1,1,1,1,1,0,0
22735,,250,0,1,1,0,1,1,1,1,1,0,0
22736,,250,1,0,1,1,0,1,0,0,0,0,0
22737,,8,0,1,1,0,1,1,8,0.262756,0.273466,0,0
22740,,6,0,1,1,0,1,1,8,0.234493,0.241933,0,0
22747,,8,0,1,1,0,1,1,9,0.219921,0.22604,0,0
22748,,0,0,1,1,0,1,1,8,0.238232,0.246371,0,0
22751,,2,0,1,1,0,1,1,8,0.261475,0.272568,0,0
22753,,8,0,1,1,0,1,1,9,0.220186,0.226735,0,0
22757,,11,0,1,1,0,1,1,8,0.238528,0.246408,0,0
22759,,5,0,1,1,0,1,1,9,0.229028,0.236621,0,0
22762,,24,0,1,1,0,1,1,9,0.212999,0.219178,0,0
22763,,8,0,1,1,0,1,1,8,0.262756,0.273466,0,0
22764,,16,0,1,1,0,1,1,9,0.226185,0.233312,0,0
22766,,0,0,1,1,0,1,1,8,0.230686,0.237852,0,0
22768,,11,0,1,1,0,1,1,9,0.22643,0.233486,0,0
22770,,5,0,2,2,0,2,2,10,0.187331,0.19158,0,0
22771,,8,0,1,1,0,1,1,9,0.230193,0.238549,0,0
22773,,21,0,1,1,0,1,1,9,0.193805,0.197952,0,0
22776,,10,0,1,1,0,1,1,9,0.21888,0.225484,0,0
22777,,5,0,1,1,0,1,1,8,0.248302,0.257867,0,0
22778,,15,0,1,1,0,1,1,9,0.211264,0.216823,0,0
22780,,7,0,1,1,0,1,1,9,0.210826,0.216165,0,0
22781,,16,0,2,2,0,2,2,9,0.210715,0.216584,0,0.5
22787,,1,0,1,1,0,1,1,9,0.209701,0.215029,0,0
23847,,1,2,4,6,2,4,6,7,0.293665,0.308153,9856.107728,0.5
27106,,1,8,19,27,8,19,27,7,0.307128,0.324175,172087.893138,0.192857
22790,,7,0,1,1,0,1,1,8,0.244503,0.252663,0,0
22791,,12,0,1,1,0,1,1,1,1,1,0,0
22792,,7,0,1,1,0,1,1,8,0.240791,0.248555,0,0
22793,,0,0,2,2,0,2,2,9,0.227311,0.234919,0,1
22797,,7,0,1,1,0,1,1,8,0.2344,0.241502,0,0
22798,,1,1,1,2,1,1,2,2,0.6,0.666667,3,0
22799,,8,0,3,3,0,3,3,8,0.245137,0.253295,0,0.166667
22800,,11,0,2,2,0,2,2,9,0.213912,0.220031,0,0
22801,,11,0,1,1,0,1,1,9,0.232956,0.241234,0,0
22805,,11,0,1,1,0,1,1,8,0.230667,0.237711,0,0
22806,,11,0,1,1,0,1,1,9,0.232956,0.241234,0,0
22812,,16,0,1,1,0,1,1,8,0.257544,0.268689,0,0
22813,,6,0,1,1,0,1,1,8,0.247395,0.256736,0,0
22816,,15,0,1,1,0,1,1,9,0.223336,0.230404,0,0
22818,,9,0,6,6,0,6,6,9,0.199945,0.205462,0,0.466667
22820,,7,0,1,1,0,1,1,9,0.239538,0.247501,0,0
22822,,11,0,1,1,0,1,1,8,0.239859,0.247713,0,0
22823,,7,1,2,3,1,2,3,8,0.278586,0.291031,2317.416274,0.333333
22824,,7,0,2,2,0,2,2,8,0.245896,0.255266,0,0
22825,,2,0,3,3,0,3,3,8,0.266264,0.278382,0,0.166667
22827,,11,0,1,1,0,1,1,9,0.203824,0.20864,0,0
22828,,6,0,2,2,0,2,2,9,0.199434,0.203998,0,1
22829,,7,0,1,1,0,1,1,8,0.244345,0.253397,0,0
22830,,11,0,1,1,0,1,1,9,0.207501,0.213249,0,0
22831,,7,0,1,1,0,1,1,8,0.253935,0.263546,0,0
22833,,7,0,1,1,0,1,1,8,0.230692,0.237485,0,0
22835,,8,0,1,1,0,1,1,9,0.216107,0.222464,0,0
22836,,21,0,2,2,0,2,2,9,0.224126,0.231661,0,1
22837,,8,0,5,5,0,5,5,8,0.27131,0.283201,0,0.4
22839,,8,0,1,1,0,1,1,1,1,1,0,0
22840,,12,0,1,1,0,1,1,9,0.191553,0.195654,0,0
22841,,251,0,1,1,0,1,1,1,1,1,0,0
22842,,251,1,0,1,1,0,1,0,0,0,0,0
22843,,7,0,1,1,0,1,1,9,0.235473,0.242933,0,0
22850,,16,0,1,1,0,1,1,9,0.232711,0.240726,0,0
22853,,0,0,1,1,0,1,1,9,0.216809,0.223201,0,0
22855,,8,0,1,1,0,1,1,9,0.21957,0.226123,0,0
22856,,15,0,1,1,0,1,1,9,0.220178,0.227274,0,0
22858,,11,0,2,2,0,2,2,9,0.224011,0.231024,0,1
22862,,8,0,1,1,0,1,1,8,0.262756,0.273466,0,0
22869,,8,0,5,5,0,5,5,9,0.233033,0.2417,0,0.4
22870,,0,2,3,5,2,3,5,10,0.172645,0.176085,37654,0.083333
29247,,0,2,1,3,2,1,3,11,0.147228,0.14932,0,0.5
22871,,7,0,1,1,0,1,1,10,0.173356,0.176347,0,0
22872,,16,0,3,3,0,3,3,9,0.217868,0.223987,0,0
28823,,16,2,0,2,2,0,2,0,0,0,0,0
30327,,16,1,1,2,1,1,2,9,0.219278,0.22586,335.933311,0
22873,,7,1,3,4,1,3,4,9,0.22671,0.233907,143.942471,0.083333
31598,,7,1,1,2,1,1,2,8,0.22917,0.236725,539.764985,0
22876,,1,0,1,1,0,1,1,3,0.444444,0.541667,0,0
22877,,10,0,1,1,0,1,1,8,0.233638,0.242002,0,0
22878,,16,0,1,1,0,1,1,9,0.205253,0.210794,0,0
22882,,8,0,1,1,0,1,1,9,0.225042,0.231898,0,0
22885,,8,0,2,2,0,2,2,8,0.235026,0.242121,0,0
25227,,11,1,1,2,1,1,2,10,0.173465,0.176811,0,0
33775,,11,1,1,2,1,1,2,9,0.206082,0.211836,0,1
22888,,8,0,1,1,0,1,1,8,0.262756,0.273466,0,0
22893,,13,0,1,1,0,1,1,9,0.190945,0.195169,0,0
22896,,7,0,20,20,0,20,20,8,0.250292,0.260536,0,0.065789
22900,,21,0,1,1,0,1,1,10,0.183581,0.18774,0,0
22901,,8,0,1,1,0,1,1,10,0.176872,0.180264,0,0
22902,,8,0,4,4,0,4,4,8,0.255119,0.265913,0,0.416667
22903,,8,0,2,2,0,2,2,8,0.23255,0.23983,0,0
22904,,11,0,2,2,0,2,2,8,0.25215,0.262311,0,1
22905,,16,0,1,1,0,1,1,1,1,1,0,0
22906,,16,2,6,8,2,6,8,8,0.230849,0.238762,15831.214701,0.071429
31608,,10,1,0,1,1,0,1,0,0,0,0,0
22910,,8,0,1,1,0,1,1,8,0.251449,0.261106,0,0
22913,,11,0,5,5,0,5,5,8,0.27686,0.290664,0,0.65
22916,,8,0,1,1,0,1,1,10,0.178365,0.181733,0,0
22917,,252,0,1,1,0,1,1,1,1,1,0,0
22918,,252,1,0,1,1,0,1,0,0,0,0,0
22919,,9,0,7,7,0,7,7,10,0.164926,0.168287,0,0.333333
22920,,0,0,1,1,0,1,1,9,0.215819,0.221875,0,0
22921,,21,0,1,1,0,1,1,9,0.221969,0.229196,0,0
22924,,11,0,1,1,0,1,1,9,0.221572,0.228332,0,0
22925,,0,0,1,1,0,1,1,8,0.230717,0.238683,0,0
22927,,11,0,1,1,0,1,1,9,0.197885,0.202269,0,0
22928,,21,0,1,1,0,1,1,1,1,1,0,0
22932,,16,0,3,3,0,3,3,8,0.232918,0.241612,0,0.333333
22933,,16,0,1,1,0,1,1,9,0.19576,0.200829,0,0
22935,,16,0,1,1,0,1,1,9,0.19576,0.200829,0,0
22937,,1,0,3,3,0,3,3,9,0.227839,0.23533,0,0
22938,,6,0,2,2,0,2,2,8,0.249153,0.258898,0,1
22939,,5,0,2,2,0,2,2,9,0.231697,0.239325,0,0.5
22941,,0,0,2,2,0,2,2,9,0.22855,0.236209,0,1
22942,,8,0,1,1,0,1,1,8,0.253959,0.263295,0,0
22945,,16,0,2,2,0,2,2,8,0.258901,0.270312,0,1
22946,,8,0,1,1,0,1,1,9,0.250609,0.260973,0,0
22950,,8,0,1,1,0,1,1,1,1,1,0,0
22951,,8,0,2,2,0,2,2,8,0.262984,0.273762,0,0
22954,,7,0,1,1,0,1,1,2,0.666667,0.75,0,0
28487,,3,6,0,6,6,0,6,0,0,0,0,0
22956,,10,0,1,1,0,1,1,9,0.20908,0.214243,0,0
22957,,7,0,8,8,0,8,8,8,0.270386,0.282538,0,0.285714
22958,,7,0,8,8,0,8,8,8,0.270386,0.282538,0,0.285714
22959,,5,0,1,1,0,1,1,9,0.229134,0.236663,0,0
22962,,15,0,1,1,0,1,1,9,0.215533,0.221823,0,0
22963,,11,0,2,2,0,2,2,8,0.243315,0.253334,0,0
22965,,11,1,1,2,1,1,2,2,0.666667,0.75,0,0
30781,,11,1,0,1,1,0,1,0,0,0,0,0
22966,,11,0,4,4,0,4,4,9,0.223178,0.229944,0,0.083333
26080,,11,1,0,1,1,0,1,0,0,0,0,0
22968,,15,0,2,2,0,2,2,8,0.262778,0.273528,0,0
22972,,6,0,1,1,0,1,1,9,0.226458,0.233655,0,0
22974,,16,0,1,1,0,1,1,8,0.238712,0.2466,0,0
22975,,11,0,1,1,0,1,1,9,0.192517,0.197085,0,0
22978,,11,0,1,1,0,1,1,8,0.230811,0.237501,0,0
22981,,15,0,1,1,0,1,1,8,0.235664,0.243096,0,0
22985,,10,0,1,1,0,1,1,9,0.201777,0.206878,0,0
22987,,15,0,1,1,0,1,1,9,0.213606,0.219753,0,0
22989,,1,0,1,1,0,1,1,9,0.212818,0.218366,0,0
22990,,16,0,1,1,0,1,1,8,0.257544,0.268689,0,0
22991,,11,0,2,2,0,2,2,9,0.223378,0.230274,0,1
35170,,11,1,0,1,1,0,1,0,0,0,0,0
22993,,12,0,2,2,0,2,2,9,0.196151,0.200782,0,1
22994,,11,0,1,1,0,1,1,9,0.191491,0.195968,0,0
22995,,8,0,1,1,0,1,1,8,0.262756,0.273466,0,0
22996,,121,0,1,1,0,1,1,10,0.178452,0.182062,0,0
22997,,1,0,1,1,0,1,1,10,0.178303,0.181862,0,0
23000,,7,0,2,2,0,2,2,8,0.24885,0.25824,0,1
23002,,11,0,1,1,0,1,1,9,0.207996,0.214081,0,0
23003,,253,0,1,1,0,1,1,1,1,1,0,0
23004,,253,1,0,1,1,0,1,0,0,0,0,0
23008,,7,0,11,11,0,11,11,8,0.278485,0.292198,0,0.145455
23009,,10,0,1,1,0,1,1,9,0.209484,0.215083,0,0
23012,,16,0,1,1,0,1,1,8,0.257544,0.268689,0,0
23015,,8,0,1,1,0,1,1,9,0.250609,0.260973,0,0
23024,,15,0,1,1,0,1,1,9,0.214345,0.220682,0,0
23025,,15,0,3,3,0,3,3,9,0.184097,0.188283,0,0
23028,,15,0,1,1,0,1,1,10,0.179156,0.182314,0,0
23029,,16,0,1,1,0,1,1,8,0.257544,0.268689,0,0
23033,,7,0,2,2,0,2,2,9,0.197812,0.2025,0,0
23036,,11,0,1,1,0,1,1,8,0.239018,0.246295,0,0
23037,,11,0,1,1,0,1,1,1,1,1,0,0
23040,,16,0,5,5,0,5,5,8,0.25759,0.268866,0,0.25
23041,,15,0,1,1,0,1,1,9,0.240079,0.248614,0,0
23042,,6,0,1,1,0,1,1,8,0.249084,0.258104,0,0
23043,,1,1,4,5,1,4,5,9,0.204875,0.210087,50.955812,0
23045,,0,0,1,1,0,1,1,8,0.228936,0.236648,0,0
23048,,8,0,2,2,0,2,2,9,0.233517,0.241368,0,0
24016,,16,2,1,3,2,1,3,1,1,1,25976,0
28703,,16,1,0,1,1,0,1,0,0,0,0,0
23053,,5,0,1,1,0,1,1,8,0.245108,0.253561,0,0
30462,,24,1,0,1,1,0,1,0,0,0,0,0
23056,,7,0,1,1,0,1,1,8,0.244345,0.253397,0,0
23057,,15,0,3,3,0,3,3,9,0.223194,0.230322,0,0.166667
23058,,15,1,0,1,1,0,1,0,0,0,0,0
23059,,16,0,1,1,0,1,1,8,0.257544,0.268689,0,0
23062,,7,0,1,1,0,1,1,8,0.226935,0.234515,0,0
23063,,11,0,1,1,0,1,1,9,0.216886,0.223977,0,0
23064,,15,0,1,1,0,1,1,9,0.212691,0.218392,0,0
23065,,16,0,1,1,0,1,1,8,0.234155,0.242097,0,0
23066,,24,0,1,1,0,1,1,9,0.231745,0.239907,0,0
23067,,0,0,1,1,0,1,1,8,0.242388,0.250662,0,0
23068,,11,1,1,2,1,1,2,9,0.210572,0.215915,18827,0
23071,,7,0,2,2,0,2,2,8,0.230733,0.238738,0,0
23072,,2,0,2,2,0,2,2,9,0.212734,0.218666,0,0
23074,,5,0,1,1,0,1,1,1,1,1,0,0
23075,,5,0,1,1,0,1,1,1,1,1,0,0
23076,,5,0,4,4,0,4,4,9,0.230173,0.23818,0,0.5
23078,,7,0,1,1,0,1,1,10,0.166718,0.169204,0,0
23079,,16,0,3,3,0,3,3,8,0.270095,0.282629,0,0.666667
23081,,10,0,1,1,0,1,1,10,0.17527,0.178457,0,0
23082,,10,2,2,4,2,2,4,9,0.212507,0.218244,37651.255556,0
23085,,7,0,4,4,0,4,4,9,0.239859,0.247946,0,0
23086,,16,0,1,1,0,1,1,9,0.221439,0.22799,0,0
23089,,0,0,1,1,0,1,1,8,0.228936,0.236648,0,0
23092,,10,0,1,1,0,1,1,9,0.204016,0.209071,0,0
23095,,16,0,1,1,0,1,1,8,0.257544,0.268689,0,0
23098,,16,0,1,1,0,1,1,10,0.174198,0.17752,0,0
23099,,7,0,1,1,0,1,1,1,1,1,0,0
23100,,16,0,2,2,0,2,2,9,0.219776,0.226614,0,0
23101,,0,0,1,1,0,1,1,8,0.230686,0.237852,0,0
23104,,8,0,1,1,0,1,1,8,0.24685,0.256506,0,0
23106,,7,0,1,1,0,1,1,9,0.215121,0.221624,0,0
23107,,12,0,1,1,0,1,1,9,0.213606,0.219549,0,0
23108,,8,0,1,1,0,1,1,9,0.21949,0.225915,0,0
23109,,16,0,1,1,0,1,1,10,0.193367,0.197932,0,0
23110,,8,0,1,1,0,1,1,8,0.262756,0.273466,0,0
23111,,11,0,1,1,0,1,1,9,0.194237,0.198746,0,0
23113,,0,0,1,1,0,1,1,9,0.217357,0.223374,0,0
23115,,7,0,5,5,0,5,5,8,0.274887,0.28741,0,0.6
23116,,16,0,1,1,0,1,1,8,0.257544,0.268689,0,0
23118,,9,1,3,4,1,3,4,9,0.217166,0.223616,18827,0
27245,,7,1,3,4,1,3,4,9,0.218348,0.224709,25974,0.333333
30728,,7,2,2,4,2,2,4,9,0.231839,0.239232,18825,0.333333
31958,,7,1,0,1,1,0,1,0,0,0,0,0
31186,,7,1,1,2,1,1,2,10,0.188211,0.192093,0,0.5
23124,,12,0,1,1,0,1,1,9,0.217956,0.224292,0,0
23125,,15,0,1,1,0,1,1,1,1,1,0,0
23127,,10,0,1,1,0,1,1,9,0.225592,0.232933,0,0
23128,,8,0,1,1,0,1,1,9,0.215296,0.221424,0,0
23130,,15,0,2,2,0,2,2,8,0.24823,0.258933,0,0
23132,,7,0,2,2,0,2,2,9,0.22764,0.234987,0,0
23137,,0,0,1,1,0,1,1,1,1,1,0,0
23139,,16,0,1,1,0,1,1,11,0.160269,0.162784,0,0
23140,,7,0,4,4,0,4,4,8,0.247284,0.256469,0,0.083333
23141,,7,0,1,1,0,1,1,9,0.226406,0.233591,0,0
23142,,11,0,1,1,0,1,1,9,0.205031,0.210549,0,0
23146,,12,0,1,1,0,1,1,10,0.176164,0.17942,0,0
23149,,8,0,1,1,0,1,1,9,0.230193,0.238549,0,0
23152,,11,0,1,1,0,1,1,9,0.219952,0.2264,0,0
23156,,15,0,1,1,0,1,1,9,0.187731,0.192248,0,0
23157,,7,0,2,2,0,2,2,8,0.265453,0.27678,0,0.5
23160,,1,0,1,1,0,1,1,9,0.21491,0.22074,0,0
23165,,8,0,1,1,0,1,1,1,1,1,0,0
23172,,10,0,1,1,0,1,1,1,1,1,0,0
23174,,11,0,2,2,0,2,2,8,0.246311,0.25532,0,0
23175,,2,0,1,1,0,1,1,8,0.261475,0.272568,0,0
23176,,11,0,1,1,0,1,1,9,0.2263,0.234284,0,0
23177,,0,0,1,1,0,1,1,9,0.226488,0.233295,0,0
23178,,8,0,4,4,0,4,4,8,0.26468,0.27586,0,0.25
34664,,8,1,0,1,1,0,1,0,0,0,0,0
23179,,7,0,2,2,0,2,2,9,0.224795,0.231525,0,0
23181,,10,0,1,1,0,1,1,9,0.220733,0.227408,0,0
23182,,11,0,1,1,0,1,1,9,0.221572,0.228332,0,0
23188,,16,0,4,4,0,4,4,10,0.17307,0.176399,0,0
27510,,16,1,0,1,1,0,1,0,0,0,0,0
27511,,16,1,0,1,1,0,1,0,0,0,0,0
23189,,16,0,1,1,0,1,1,8,0.257544,0.268689,0,0
23190,,12,0,1,1,0,1,1,8,0.234438,0.242011,0,0
23192,,16,0,2,2,0,2,2,8,0.231043,0.238005,0,0
23196,,7,0,1,1,0,1,1,9,0.195159,0.199512,0,0
23200,,7,0,1,1,0,1,1,9,0.230212,0.237592,0,0
23202,,7,0,1,1,0,1,1,10,0.173356,0.176347,0,0
23204,,11,0,1,1,0,1,1,8,0.236535,0.24595,0,0
23205,,11,0,1,1,0,1,1,9,0.206461,0.211854,0,0
23206,,15,0,1,1,0,1,1,10,0.196307,0.201066,0,0
23210,,11,0,1,1,0,1,1,9,0.218439,0.22522,0,0
23212,,0,0,1,1,0,1,1,9,0.205528,0.210774,0,0
23213,,12,0,1,1,0,1,1,10,0.188104,0.191839,0,0
23214,,8,0,1,1,0,1,1,8,0.262756,0.273466,0,0
23216,,5,0,1,1,0,1,1,8,0.225592,0.232523,0,0
23217,,16,0,1,1,0,1,1,10,0.174198,0.17752,0,0
23223,,8,0,1,1,0,1,1,8,0.238709,0.246069,0,0
23224,,5,0,1,1,0,1,1,9,0.235541,0.243648,0,0
23225,,7,0,7,7,0,7,7,8,0.279138,0.292404,0,0.619048
23226,,24,0,2,2,0,2,2,9,0.231768,0.239971,0,0
23227,,11,0,1,1,0,1,1,9,0.202345,0.207606,0,0
23228,,7,0,1,1,0,1,1,9,0.200432,0.205412,0,0
23230,,11,0,1,1,0,1,1,8,0.236167,0.244733,0,0
23233,,21,0,2,2,0,2,2,9,0.224126,0.231661,0,1
24137,,11,1,1,2,1,1,2,8,0.251382,0.261452,0,0.5
23238,,8,0,1,1,0,1,1,8,0.262756,0.273466,0,0
23244,,15,0,1,1,0,1,1,10,0.180328,0.183952,0,0
23251,,1,0,3,3,0,3,3,9,0.229928,0.237323,0,0.666667
23255,,0,0,1,1,0,1,1,10,0.168065,0.1709,0,0
23256,,7,0,1,1,0,1,1,1,1,1,0,0
23258,,15,0,1,1,0,1,1,1,1,1,0,0
23261,,7,0,1,1,0,1,1,1,1,1,0,0
23264,,8,0,1,1,0,1,1,8,0.242744,0.250975,0,0
23267,,8,0,1,1,0,1,1,1,1,1,0,0
23269,,16,0,1,1,0,1,1,8,0.257544,0.268689,0,0
23273,,8,0,1,1,0,1,1,9,0.216853,0.223281,0,0
23274,,7,0,1,1,0,1,1,8,0.242475,0.25106,0,0
23276,,11,0,24,24,0,24,24,8,0.288897,0.303529,0,0.057971
28563,,11,1,0,1,1,0,1,0,0,0,0,0
23277,,11,0,2,2,0,2,2,9,0.218603,0.225012,0,0
23279,,16,0,2,2,0,2,2,9,0.210715,0.216584,0,0.5
23280,,16,0,2,2,0,2,2,9,0.210715,0.216584,0,0.5
23282,,0,0,1,1,0,1,1,9,0.194925,0.199722,0,0
23283,,11,0,1,1,0,1,1,8,0.247792,0.25846,0,0
31863,,11,2,2,4,2,2,4,8,0.227027,0.233512,44799,0
33832,,9,1,0,1,1,0,1,0,0,0,0,0
24839,,8,1,2,3,1,2,3,8,0.238009,0.245256,3.340614,0
23288,,254,0,1,1,0,1,1,1,1,1,0,0
23289,,254,1,0,1,1,0,1,0,0,0,0,0
23290,,16,0,1,1,0,1,1,8,0.257544,0.268689,0,0
23291,,11,0,2,2,0,2,2,8,0.253402,0.263944,0,1
23294,,8,0,1,1,0,1,1,9,0.230193,0.238549,0,0
29922,,21,1,0,1,1,0,1,0,0,0,0,0
34742,,21,1,2,3,1,2,3,8,0.240357,0.248428,0,1
23297,,255,0,1,1,0,1,1,1,1,1,0,0
23298,,255,1,0,1,1,0,1,0,0,0,0,0
23299,,16,0,1,1,0,1,1,8,0.257544,0.268689,0,0
23300,,8,1,2,3,1,2,3,9,0.231396,0.239109,0,0.5
23505,,8,1,2,3,1,2,3,9,0.231396,0.239109,0,0.5
23302,,8,0,1,1,0,1,1,9,0.231387,0.239068,0,0
23304,,2,0,1,1,0,1,1,8,0.261475,0.272568,0,0
23307,,5,0,1,1,0,1,1,9,0.196475,0.200387,0,0
23310,,11,1,1,2,1,1,2,10,0.197661,0.202485,0,0
23312,,8,0,1,1,0,1,1,9,0.209627,0.215249,0,0
23313,,8,0,1,1,0,1,1,9,0.208171,0.213362,0,0
23314,,16,0,1,1,0,1,1,8,0.257544,0.268689,0,0
23316,,15,0,1,1,0,1,1,9,0.192348,0.196907,0,0
23317,,7,0,1,1,0,1,1,9,0.226164,0.233246,0,0
23318,,18,0,1,1,0,1,1,9,0.21286,0.218905,0,0
23322,,5,1,1,2,1,1,2,10,0.179803,0.183122,18827,0
27040,,1,1,0,1,1,0,1,0,0,0,0,0
28728,,1,2,4,6,2,4,6,8,0.237026,0.244481,91.369257,0.5
23324,,5,0,1,1,0,1,1,9,0.224975,0.231937,0,0
23325,,11,0,1,1,0,1,1,8,0.234266,0.242061,0,0
23326,,12,0,1,1,0,1,1,9,0.213606,0.219549,0,0
23327,,11,0,1,1,0,1,1,9,0.215775,0.22222,0,0
23329,,3,1,2,3,1,2,3,12,0.128773,0.130274,1,0.166667
23330,,9,0,1,1,0,1,1,9,0.19871,0.20374,0,0
23333,,16,0,4,4,0,4,4,9,0.209354,0.215458,0,0.166667
23337,,11,1,2,3,1,2,3,8,0.224605,0.231824,1,0.333333
23338,,11,1,1,2,1,1,2,8,0.224596,0.231783,0,0.5
23339,,10,0,1,1,0,1,1,9,0.204541,0.20984,0,0
23340,,16,0,1,1,0,1,1,8,0.257544,0.268689,0,0
23343,,8,0,1,1,0,1,1,9,0.225166,0.232311,0,0
23346,,15,0,3,3,0,3,3,9,0.191327,0.196087,0,0.166667
23349,,16,0,1,1,0,1,1,9,0.211371,0.217148,0,0
23350,,16,0,1,1,0,1,1,9,0.211371,0.217148,0,0
23351,,16,0,1,1,0,1,1,9,0.211371,0.217148,0,0
23352,,16,0,1,1,0,1,1,9,0.211371,0.217148,0,0
23353,,16,0,1,1,0,1,1,9,0.211371,0.217148,0,0
23354,,16,0,1,1,0,1,1,9,0.211371,0.217148,0,0
23355,,16,0,1,1,0,1,1,9,0.211371,0.217148,0,0
23356,,16,0,1,1,0,1,1,9,0.211371,0.217148,0,0
23357,,16,0,1,1,0,1,1,9,0.211371,0.217148,0,0
23358,,7,0,1,1,0,1,1,9,0.200066,0.204368,0,0
23359,,15,0,1,1,0,1,1,9,0.211727,0.217557,0,0
23360,,10,0,1,1,0,1,1,10,0.188939,0.193124,0,0
23361,,8,0,1,1,0,1,1,8,0.262756,0.273466,0,0
23362,,9,0,1,1,0,1,1,9,0.217144,0.223521,0,0
23364,,11,0,3,3,0,3,3,8,0.251624,0.261768,0,0.166667
23367,,0,0,1,1,0,1,1,8,0.227539,0.234069,0,0
23368,,11,0,3,3,0,3,3,8,0.25217,0.262369,0,0.666667
23372,,10,0,2,2,0,2,2,9,0.210609,0.217128,0,0
26794,,5,1,0,1,1,0,1,0,0,0,0,0
23375,,8,0,2,2,0,2,2,8,0.245889,0.254091,0,0.5
23377,,6,0,1,1,0,1,1,8,0.247395,0.256736,0,0
23382,,2,0,1,1,0,1,1,8,0.261475,0.272568,0,0
23383,,1,0,1,1,0,1,1,9,0.219196,0.225231,0,0
23385,,2,0,1,1,0,1,1,8,0.261475,0.272568,0,0
23387,,15,0,2,2,0,2,2,10,0.182237,0.186189,0,0
23388,,16,0,1,1,0,1,1,8,0.234155,0.242097,0,0
23389,,10,0,1,1,0,1,1,9,0.191257,0.195049,0,0
23396,,2,0,1,1,0,1,1,8,0.261475,0.272568,0,0
23397,,11,0,1,1,0,1,1,8,0.239018,0.246295,0,0
23398,,2,0,1,1,0,1,1,8,0.261475,0.272568,0,0
23399,,9,0,3,3,0,3,3,9,0.210569,0.216892,0,0.333333
23401,,7,0,1,1,0,1,1,8,0.237931,0.245428,0,0
23402,,2,0,1,1,0,1,1,8,0.261475,0.272568,0,0
23404,,9,0,1,1,0,1,1,10,0.164896,0.168023,0,0
23405,,9,0,1,1,0,1,1,10,0.164896,0.168023,0,0
23406,,16,0,2,2,0,2,2,11,0.149135,0.151261,0,0
23407,,13,0,1,1,0,1,1,9,0.195066,0.199384,0,0
23410,,16,0,1,1,0,1,1,9,0.234736,0.243231,0,0
23411,,11,0,1,1,0,1,1,9,0.22643,0.233486,0,0
23413,,5,3,4,7,3,4,7,8,0.247926,0.256912,29.497663,0.4
23415,,256,0,1,1,0,1,1,1,1,1,0,0
23416,,256,1,0,1,1,0,1,0,0,0,0,0
23419,,21,0,2,2,0,2,2,10,0.192448,0.19684,0,0
23420,,11,0,1,1,0,1,1,8,0.251382,0.261452,0,0
23423,,7,0,9,9,0,9,9,8,0.249861,0.259348,0,0.041667
23424,,11,0,1,1,0,1,1,10,0.184133,0.188043,0,0
23426,,257,0,1,1,0,1,1,1,1,1,0,0
23427,,257,1,0,1,1,0,1,0,0,0,0,0
23428,,7,0,1,1,0,1,1,8,0.226935,0.234515,0,0
23429,,16,0,1,1,0,1,1,9,0.213921,0.219948,0,0
23430,,10,0,1,1,0,1,1,9,0.213453,0.219651,0,0
23431,,11,0,1,1,0,1,1,9,0.215114,0.220919,0,0
23432,,1,0,1,1,0,1,1,9,0.210238,0.215702,0,0
23433,,1,0,1,1,0,1,1,9,0.210238,0.215702,0,0
23434,,1,0,2,2,0,2,2,9,0.210247,0.215743,0,0
32005,,1,1,0,1,1,0,1,0,0,0,0,0
23435,,5,0,4,4,0,4,4,8,0.261504,0.272456,0,0.666667
23438,,1,0,1,1,0,1,1,9,0.196729,0.201349,0,0
23440,,7,0,1,1,0,1,1,9,0.226164,0.233246,0,0
23441,,16,0,1,1,0,1,1,9,0.210713,0.216558,0,0
23442,,21,0,1,1,0,1,1,1,1,1,0,0
23444,,11,0,1,1,0,1,1,9,0.197937,0.202631,0,0
23445,,8,0,1,1,0,1,1,9,0.199921,0.204514,0,0
23446,,0,0,1,1,0,1,1,9,0.188504,0.192408,0,0
23447,,10,0,1,1,0,1,1,9,0.207847,0.213712,0,0
23448,,8,0,1,1,0,1,1,8,0.262756,0.273466,0,0
23449,,16,1,2,3,1,2,3,8,0.234956,0.243204,1087.049785,0
23451,,11,0,1,1,0,1,1,8,0.253484,0.263352,0,0
23452,,10,0,2,2,0,2,2,9,0.233279,0.24137,0,0.5
23453,,5,0,2,2,0,2,2,8,0.227311,0.23448,0,1
23457,,2,0,1,1,0,1,1,9,0.223294,0.230462,0,0
23458,,2,0,1,1,0,1,1,8,0.261475,0.272568,0,0
23459,,6,0,1,1,0,1,1,10,0.186041,0.189992,0,0
23463,,12,0,1,1,0,1,1,10,0.188104,0.191839,0,0
23464,,8,0,2,2,0,2,2,8,0.262774,0.273524,0,0.5
23465,,8,0,1,1,0,1,1,8,0.234991,0.243288,0,0
23467,,11,0,1,1,0,1,1,8,0.246659,0.25616,0,0
23468,,8,0,2,2,0,2,2,8,0.268669,0.280161,0,0.5
23471,,11,0,1,1,0,1,1,8,0.234514,0.24306,0,0
23472,,11,0,1,1,0,1,1,8,0.247792,0.25846,0,0
23473,,10,0,1,1,0,1,1,9,0.218178,0.22459,0,0
23477,,11,0,2,2,0,2,2,8,0.246124,0.255094,0,0
23478,,11,1,0,1,1,0,1,0,0,0,0,0
23480,,2,0,1,1,0,1,1,8,0.261475,0.272568,0,0
23481,,2,0,2,2,0,2,2,8,0.261485,0.272606,0,0
23482,,2,1,0,1,1,0,1,0,0,0,0,0
23484,,7,0,1,1,0,1,1,9,0.207826,0.213634,0,0
23486,,16,0,1,1,0,1,1,10,0.174198,0.17752,0,0
23487,,7,0,3,3,0,3,3,8,0.263909,0.274762,0,0.166667
23488,,5,0,1,1,0,1,1,9,0.2022,0.207376,0,0
23490,,7,0,1,1,0,1,1,9,0.206708,0.212248,0,0
23491,,5,0,1,1,0,1,1,9,0.2022,0.207376,0,0
23494,,258,0,1,1,0,1,1,2,0.666667,0.75,0,0
23495,,258,1,1,2,1,1,2,1,1,1,1,0
24664,,258,1,0,1,1,0,1,0,0,0,0,0
23496,,15,0,1,1,0,1,1,1,1,1,0,0
23497,,7,1,2,3,1,2,3,1,1,1,2,0
23499,,9,0,1,1,0,1,1,10,0.164896,0.168023,0,0
23501,,12,0,1,1,0,1,1,9,0.191553,0.195654,0,0
23502,,21,0,5,5,0,5,5,8,0.263942,0.275129,0,0.4
23503,,8,0,1,1,0,1,1,9,0.229906,0.237162,0,0
23506,,7,0,1,1,0,1,1,9,0.246124,0.25571,0,0
23507,,8,0,1,1,0,1,1,9,0.231387,0.239068,0,0
23513,,8,0,1,1,0,1,1,9,0.188691,0.192981,0,0
23515,,11,0,1,1,0,1,1,8,0.251382,0.261452,0,0
23517,,16,0,2,2,0,2,2,9,0.215149,0.220984,0,1
23518,,2,0,1,1,0,1,1,8,0.261475,0.272568,0,0
23519,,2,0,1,1,0,1,1,8,0.261475,0.272568,0,0
23520,,16,0,1,1,0,1,1,8,0.235753,0.244207,0,0
23521,,0,0,1,1,0,1,1,8,0.242388,0.250662,0,0
23523,,2,0,2,2,0,2,2,8,0.262463,0.273725,0,0.5
23526,,121,0,1,1,0,1,1,10,0.178452,0.182062,0,0
23528,,16,0,1,1,0,1,1,10,0.179807,0.18361,0,0
23529,,121,0,1,1,0,1,1,10,0.178452,0.182062,0,0
24157,,5,1,0,1,1,0,1,0,0,0,0,0
23531,,11,0,1,1,0,1,1,1,1,1,0,0
23534,,0,0,2,2,0,2,2,9,0.221313,0.228429,0,0
23535,,0,1,0,1,1,0,1,0,0,0,0,0
23536,,11,0,2,2,0,2,2,8,0.234569,0.24317,0,0
23539,,7,0,1,1,0,1,1,9,0.212064,0.218043,0,0
23540,,11,0,2,2,0,2,2,8,0.231648,0.239227,0,0
23543,,12,0,1,1,0,1,1,9,0.195014,0.200132,0,0
23544,,8,0,1,1,0,1,1,9,0.20851,0.213918,0,0
23548,,259,0,1,1,0,1,1,1,1,1,0,0
23549,,259,1,0,1,1,0,1,0,0,0,0,0
23551,,1,0,1,1,0,1,1,9,0.212011,0.2181,0,0
23553,,19,0,1,1,0,1,1,9,0.224454,0.231835,0,0
23560,,16,0,1,1,0,1,1,12,0.132253,0.133759,0,0
23563,,0,0,3,3,0,3,3,8,0.231566,0.239199,0,0.5
23567,,7,0,1,1,0,1,1,9,0.208619,0.214261,0,0
23573,,8,0,9,9,0,9,9,8,0.272137,0.284358,0,0.180556
23574,,16,0,3,3,0,3,3,8,0.265734,0.277125,0,0.166667
23575,,0,0,1,1,0,1,1,9,0.194229,0.199337,0,0
23577,,6,0,1,1,0,1,1,8,0.234493,0.242444,0,0
23579,,7,0,2,2,0,2,2,9,0.232515,0.240037,0,0
23581,,11,0,1,1,0,1,1,8,0.251382,0.261452,0,0
23582,,15,0,1,1,0,1,1,9,0.213262,0.219061,0,0
23584,,15,0,1,1,0,1,1,9,0.213262,0.219061,0,0
23585,,11,0,2,2,0,2,2,10,0.188144,0.192473,0,0
23586,,11,0,1,1,0,1,1,8,0.23949,0.247366,0,0
23593,,11,0,1,1,0,1,1,1,1,1,0,0
23597,,7,0,1,1,0,1,1,10,0.178867,0.182209,0,0
23598,,11,0,1,1,0,1,1,8,0.235824,0.242716,0,0
23599,,15,0,1,1,0,1,1,9,0.192348,0.196907,0,0
23600,,11,0,3,3,0,3,3,9,0.190783,0.195193,0,0.333333
23601,,16,0,1,1,0,1,1,11,0.148625,0.15072,0,0
23602,,16,2,1,3,2,1,3,10,0.174562,0.177969,18827,0.166667
23952,,11,1,0,1,1,0,1,0,0,0,0,0
24739,,11,1,1,2,1,1,2,1,1,1,0,0.5
27851,,8,1,1,2,1,1,2,8,0.262757,0.273467,213.280042,0
29172,,11,1,2,3,1,2,3,8,0.239306,0.248948,0,1
31915,,11,1,0,1,1,0,1,0,0,0,0,0
27324,,11,2,2,4,2,2,4,8,0.240874,0.249044,29.100158,0.333333
23605,,10,0,1,1,0,1,1,8,0.234094,0.242348,0,0
23606,,8,0,2,2,0,2,2,9,0.236672,0.244711,0,1
23608,,16,0,1,1,0,1,1,8,0.232025,0.239654,0,0
23611,,11,0,1,1,0,1,1,9,0.18178,0.185595,0,0
23613,,8,0,1,1,0,1,1,8,0.234991,0.243288,0,0
23615,,8,0,1,1,0,1,1,1,1,1,0,0
23618,,8,0,1,1,0,1,1,1,1,1,0,0
23619,,0,0,1,1,0,1,1,9,0.210916,0.217293,0,0
23620,,24,0,1,1,0,1,1,9,0.189768,0.194199,0,0
23622,,11,0,1,1,0,1,1,9,0.219513,0.225942,0,0
23623,,8,0,1,1,0,1,1,8,0.262756,0.273466,0,0
23624,,12,0,1,1,0,1,1,8,0.234438,0.242011,0,0
23625,,12,0,1,1,0,1,1,10,0.188104,0.191839,0,0
23626,,8,0,2,2,0,2,2,8,0.239969,0.247926,0,0
23627,,15,0,1,1,0,1,1,10,0.180202,0.183631,0,0
23628,,16,0,2,2,0,2,2,8,0.24171,0.249877,0,0
23629,,11,0,1,1,0,1,1,9,0.218586,0.224778,0,0
23630,,11,0,4,4,0,4,4,8,0.24623,0.256825,0,0.5
23631,,7,0,3,3,0,3,3,8,0.243271,0.252785,0,0.333333
23634,,16,0,1,1,0,1,1,8,0.257544,0.268689,0,0
23635,,15,0,1,1,0,1,1,9,0.215533,0.221823,0,0
23636,,7,0,4,4,0,4,4,8,0.244224,0.252906,0,0
23638,,21,0,1,1,0,1,1,1,1,1,0,0
23640,,6,0,2,2,0,2,2,9,0.231706,0.23907,0,0.5
23641,,260,0,1,1,0,1,1,1,1,1,0,0
23642,,260,1,0,1,1,0,1,0,0,0,0,0
23643,,8,0,1,1,0,1,1,1,1,1,0,0
23644,,8,0,1,1,0,1,1,10,0.180963,0.184482,0,0
23645,,15,0,1,1,0,1,1,9,0.227687,0.23488,0,0
23646,,8,0,1,1,0,1,1,1,1,1,0,0
23652,,15,0,1,1,0,1,1,10,0.179156,0.182314,0,0
23653,,16,0,1,1,0,1,1,8,0.257544,0.268689,0,0
23654,,8,0,1,1,0,1,1,1,1,1,0,0
23655,,7,0,1,1,0,1,1,10,0.169558,0.172331,0,0
23656,,8,0,1,1,0,1,1,1,1,1,0,0
23657,,11,0,2,2,0,2,2,8,0.24615,0.255143,0,1
23658,,15,0,1,1,0,1,1,9,0.220178,0.227274,0,0
23659,,8,0,1,1,0,1,1,1,1,1,0,0
23660,,1,0,1,1,0,1,1,9,0.196738,0.201165,0,0
23661,,7,0,1,1,0,1,1,1,1,1,0,0
23663,,11,0,1,1,0,1,1,9,0.21089,0.216438,0,0
23664,,11,0,1,1,0,1,1,10,0.18579,0.19008,0,0
23668,,1,0,3,3,0,3,3,8,0.23655,0.244148,0,0.166667
30655,,11,1,0,1,1,0,1,0,0,0,0,0
23671,,8,0,1,1,0,1,1,1,1,1,0,0
23672,,8,0,1,1,0,1,1,1,1,1,0,0
23673,,8,0,1,1,0,1,1,9,0.194371,0.198311,0,0
23674,,5,0,1,1,0,1,1,8,0.251664,0.260845,0,0
23675,,1,0,2,2,0,2,2,8,0.22596,0.232875,0,0
23676,,11,0,1,1,0,1,1,9,0.222226,0.228905,0,0
23678,,5,0,1,1,0,1,1,9,0.219299,0.22534,0,0
23681,,2,0,1,1,0,1,1,8,0.261475,0.272568,0,0
23682,,11,0,1,1,0,1,1,10,0.173471,0.176828,0,0
23684,,8,0,1,1,0,1,1,1,1,1,0,0
23688,,7,0,1,1,0,1,1,11,0.149128,0.151216,0,0
23689,,16,0,1,1,0,1,1,9,0.186402,0.190307,0,0
23690,,10,0,1,1,0,1,1,8,0.232987,0.241273,0,0
23693,,7,0,1,1,0,1,1,8,0.251523,0.26155,0,0
23697,,7,0,2,2,0,2,2,8,0.247116,0.256156,0,1
23699,,16,0,2,2,0,2,2,10,0.174569,0.178013,0,0.5
24638,,11,7,5,12,7,5,12,8,0.251422,0.261625,31806.59057,0.188889
23701,,11,0,2,2,0,2,2,8,0.244739,0.253503,0,1
23702,,16,0,1,1,0,1,1,9,0.204804,0.210198,0,0
23704,,11,0,1,1,0,1,1,9,0.224032,0.231579,0,0
23705,,11,0,1,1,0,1,1,10,0.177857,0.181197,0,0
23706,,261,0,1,1,0,1,1,1,1,1,0,0
23707,,261,1,0,1,1,0,1,0,0,0,0,0
23708,,6,0,1,1,0,1,1,9,0.202563,0.207588,0,0
23709,,8,0,1,1,0,1,1,9,0.187975,0.192022,0,0
23713,,11,0,4,4,0,4,4,9,0.231103,0.238764,0,0.166667
23715,,262,0,1,1,0,1,1,1,1,1,0,0
23716,,262,1,0,1,1,0,1,0,0,0,0,0
23717,,12,0,1,1,0,1,1,9,0.217956,0.224292,0,0
23718,,9,0,1,1,0,1,1,9,0.185524,0.189879,0,0
23719,,7,0,4,4,0,4,4,8,0.250987,0.260598,0,0.083333
23720,,1,0,2,2,0,2,2,8,0.232421,0.239675,0,1
23721,,11,0,1,1,0,1,1,9,0.188905,0.193288,0,0
23723,,11,0,1,1,0,1,1,8,0.229134,0.236292,0,0
23724,,11,0,1,1,0,1,1,9,0.217908,0.22531,0,0
23725,,8,0,2,2,0,2,2,8,0.244456,0.253096,0,1
23726,,7,0,1,1,0,1,1,1,1,1,0,0
23728,,11,0,1,1,0,1,1,9,0.228655,0.236493,0,0
23729,,16,0,1,1,0,1,1,8,0.232025,0.239654,0,0
23732,,8,0,1,1,0,1,1,9,0.227844,0.235164,0,0
23734,,8,0,1,1,0,1,1,9,0.226897,0.234639,0,0
23735,,10,0,2,2,0,2,2,9,0.229878,0.23724,0,1
23737,,15,0,1,1,0,1,1,10,0.179156,0.182314,0,0
23738,,24,0,1,1,0,1,1,10,0.179305,0.182808,0,0
23740,,16,0,1,1,0,1,1,9,0.211834,0.217468,0,0
23742,,8,0,1,1,0,1,1,8,0.263006,0.273325,0,0
23743,,11,0,1,1,0,1,1,10,0.177858,0.181572,0,0
23744,,11,1,3,4,1,3,4,8,0.234525,0.243131,2,0.416667
23746,,8,0,1,1,0,1,1,9,0.230193,0.238549,0,0
23747,,8,0,1,1,0,1,1,1,1,1,0,0
23748,,8,0,1,1,0,1,1,1,1,1,0,0
23749,,8,0,1,1,0,1,1,8,0.229797,0.237062,0,0
23750,,8,0,2,2,0,2,2,8,0.25216,0.261649,0,0
23751,,7,0,1,1,0,1,1,8,0.238404,0.246059,0,0
23754,,6,0,1,1,0,1,1,1,1,1,0,0
23755,,263,0,1,1,0,1,1,1,1,1,0,0
23756,,263,1,0,1,1,0,1,0,0,0,0,0
23758,,8,0,1,1,0,1,1,1,1,1,0,0
23759,,7,0,1,1,0,1,1,8,0.248325,0.257194,0,0
23760,,7,0,1,1,0,1,1,9,0.210235,0.215854,0,0
23761,,10,0,1,1,0,1,1,8,0.232987,0.241273,0,0
23763,,8,0,1,1,0,1,1,1,1,1,0,0
23766,,8,0,1,1,0,1,1,8,0.262756,0.273466,0,0
23767,,15,0,2,2,0,2,2,9,0.216552,0.22303,0,0
23768,,264,0,1,1,0,1,1,1,1,1,0,0
23769,,264,2,0,2,2,0,2,0,0,0,0,0
23771,,10,0,6,6,0,6,6,8,0.252925,0.264559,0,0.133333
23773,,6,0,1,1,0,1,1,9,0.212083,0.218052,0,0
23774,,8,0,1,1,0,1,1,1,1,1,0,0
25063,,11,1,1,2,1,1,2,9,0.211523,0.217076,0,0
34523,,11,1,0,1,1,0,1,0,0,0,0,0
23776,,7,0,4,4,0,4,4,8,0.26169,0.272889,0,0.333333
23779,,5,0,1,1,0,1,1,9,0.210104,0.215708,0,0
23781,,10,0,1,1,0,1,1,9,0.21024,0.215629,0,0
28627,,13,1,2,3,1,2,3,9,0.217836,0.224598,25974,0.5
26146,,13,7,3,10,7,3,10,9,0.217846,0.224647,190854,0
28838,,13,2,3,5,2,3,5,8,0.233001,0.241062,0,1
28623,,13,1,3,4,1,3,4,8,0.233001,0.241062,0,1
30676,,13,2,2,4,2,2,4,8,0.232981,0.240993,0,0.666667
28820,,13,1,3,4,1,3,4,8,0.233001,0.241062,0,1
29026,,13,1,2,3,1,2,3,8,0.232981,0.240993,0,1
28596,,13,2,3,5,2,3,5,8,0.233001,0.241062,462.597978,0.666667
28795,,13,3,2,5,3,2,5,8,0.232981,0.240993,0,0.666667
32887,,13,1,2,3,1,2,3,9,0.217836,0.224598,58.709242,0
23785,,8,0,1,1,0,1,1,1,1,1,0,0
23786,,5,0,1,1,0,1,1,8,0.245108,0.253561,0,0
23787,,0,0,1,1,0,1,1,10,0.179218,0.18288,0,0
23788,,8,0,1,1,0,1,1,1,1,1,0,0
23789,,8,0,1,1,0,1,1,9,0.227844,0.235164,0,0
23790,,8,0,1,1,0,1,1,8,0.234059,0.241902,0,0
23792,,8,0,1,1,0,1,1,9,0.216146,0.222184,0,0
23793,,15,0,1,1,0,1,1,10,0.179156,0.182314,0,0
23794,,5,0,1,1,0,1,1,1,1,1,0,0
23795,,24,0,6,6,0,6,6,8,0.26512,0.276589,0,0.433333
23797,,10,0,1,1,0,1,1,9,0.229337,0.237191,0,0
23798,,8,0,1,1,0,1,1,1,1,1,0,0
23799,,11,0,1,1,0,1,1,8,0.251382,0.261452,0,0
23800,,8,0,1,1,0,1,1,1,1,1,0,0
23801,,11,0,2,2,0,2,2,9,0.188596,0.192963,0,0.5
23802,,21,0,5,5,0,5,5,8,0.264253,0.275501,0,0.2
26997,,8,1,0,1,1,0,1,0,0,0,0,0
23806,,0,0,1,1,0,1,1,8,0.228936,0.236648,0,0
23808,,6,0,1,1,0,1,1,9,0.199422,0.203947,0,0
23810,,11,0,1,1,0,1,1,9,0.232956,0.241234,0,0
23812,,21,0,4,4,0,4,4,8,0.242232,0.251002,0,0.166667
28971,,21,2,1,3,2,1,3,1,1,1,25976,0
30845,,6,1,0,1,1,0,1,0,0,0,0,0
23818,,0,0,1,1,0,1,1,8,0.230853,0.23867,0,0
23819,,6,0,2,2,0,2,2,9,0.199439,0.204016,0,0
26014,,11,1,0,1,1,0,1,0,0,0,0,0
23823,,16,0,1,1,0,1,1,9,0.234736,0.243231,0,0
23828,,11,0,2,2,0,2,2,8,0.250296,0.260255,0,0.5
23829,,16,0,2,2,0,2,2,9,0.210715,0.216584,0,0.5
23830,,8,0,3,3,0,3,3,9,0.218957,0.225566,0,0
23833,,8,0,1,1,0,1,1,9,0.224027,0.230383,0,0
23835,,11,0,1,1,0,1,1,9,0.23172,0.239817,0,0
23839,,7,0,1,1,0,1,1,8,0.249401,0.258769,0,0
23840,,16,0,1,1,0,1,1,1,1,1,0,0
23843,,9,0,1,1,0,1,1,10,0.179083,0.182788,0,0
23844,,13,0,2,2,0,2,2,8,0.237667,0.24587,0,0.5
31872,,1,2,2,4,2,2,4,8,0.235096,0.242449,0,1
23850,,8,0,1,1,0,1,1,9,0.224821,0.231852,0,0
23851,,9,0,1,1,0,1,1,10,0.164896,0.168023,0,0
23852,,9,0,1,1,0,1,1,10,0.164896,0.168023,0,0
23853,,9,0,1,1,0,1,1,10,0.164896,0.168023,0,0
23854,,265,0,5,5,0,5,5,1,1,1,0,0
23855,,265,25,0,25,25,0,25,0,0,0,0,0
23856,,265,25,0,25,25,0,25,0,0,0,0,0
23857,,265,25,0,25,25,0,25,0,0,0,0,0
23858,,265,25,0,25,25,0,25,0,0,0,0,0
23859,,265,25,0,25,25,0,25,0,0,0,0,0
23860,,265,0,5,5,0,5,5,1,1,1,0,0
23861,,265,0,5,5,0,5,5,1,1,1,0,0
23862,,5,0,1,1,0,1,1,8,0.245108,0.253561,0,0
23863,,265,0,1,1,0,1,1,1,1,1,0,0
23864,,265,9,0,9,9,0,9,0,0,0,0,0
23866,,265,0,6,6,0,6,6,1,1,1,0,0
23867,,265,8,0,8,8,0,8,0,0,0,0,0
23868,,265,8,0,8,8,0,8,0,0,0,0,0
23869,,265,8,0,8,8,0,8,0,0,0,0,0
23870,,265,8,0,8,8,0,8,0,0,0,0,0
23871,,265,8,0,8,8,0,8,0,0,0,0,0
23872,,265,0,6,6,0,6,6,1,1,1,0,0
23873,,265,0,6,6,0,6,6,1,1,1,0,0
23874,,265,0,6,6,0,6,6,1,1,1,0,0
23875,,265,0,5,5,0,5,5,1,1,1,0,0
23876,,265,0,5,5,0,5,5,1,1,1,0,0
23877,,265,0,5,5,0,5,5,1,1,1,0,0
23878,,265,0,5,5,0,5,5,1,1,1,0,0
23880,,11,0,1,1,0,1,1,9,0.225957,0.2335,0,0
23881,,265,0,5,5,0,5,5,1,1,1,0,0
23882,,265,0,5,5,0,5,5,1,1,1,0,0
23883,,265,0,5,5,0,5,5,1,1,1,0,0
23884,,265,0,5,5,0,5,5,1,1,1,0,0
23885,,265,0,5,5,0,5,5,1,1,1,0,0
23886,,265,0,5,5,0,5,5,1,1,1,0,0
23887,,265,0,11,11,0,11,11,1,1,1,0,0
23888,,265,0,11,11,0,11,11,1,1,1,0,0
23889,,265,0,11,11,0,11,11,1,1,1,0,0
23890,,0,0,1,1,0,1,1,9,0.222605,0.230046,0,0
23892,,11,0,4,4,0,4,4,9,0.215805,0.222364,0,0.25
28619,,11,1,0,1,1,0,1,0,0,0,0,0
23893,,265,0,11,11,0,11,11,1,1,1,0,0
23894,,8,0,1,1,0,1,1,8,0.237667,0.245207,0,0
23895,,265,0,6,6,0,6,6,1,1,1,0,0
23896,,265,8,0,8,8,0,8,0,0,0,0,0
23897,,265,0,6,6,0,6,6,1,1,1,0,0
23898,,265,0,6,6,0,6,6,1,1,1,0,0
23899,,0,0,1,1,0,1,1,8,0.230853,0.23867,0,0
23900,,265,0,6,6,0,6,6,1,1,1,0,0
23901,,15,0,1,1,0,1,1,9,0.214913,0.220648,0,0
23903,,0,0,2,2,0,2,2,9,0.224744,0.232213,0,0.5
23910,,265,0,6,6,0,6,6,1,1,1,0,0
23911,,265,0,6,6,0,6,6,1,1,1,0,0
23912,,265,0,6,6,0,6,6,1,1,1,0,0
23913,,265,0,6,6,0,6,6,1,1,1,0,0
23914,,16,0,1,1,0,1,1,9,0.214077,0.219575,0,0
23917,,16,0,1,1,0,1,1,8,0.232025,0.239654,0,0
23920,,11,0,1,1,0,1,1,9,0.218624,0.225127,0,0
23921,,5,0,1,1,0,1,1,9,0.23711,0.245258,0,0
23923,,11,0,1,1,0,1,1,8,0.21785,0.224416,0,0
23925,,7,0,1,1,0,1,1,9,0.20573,0.211439,0,0
23927,,266,0,1,1,0,1,1,1,1,1,0,0
23928,,266,1,0,1,1,0,1,0,0,0,0,0
23929,,8,0,1,1,0,1,1,9,0.20215,0.206814,0,0
23930,,10,0,1,1,0,1,1,9,0.22543,0.232572,0,0
23931,,8,0,6,6,0,6,6,9,0.211872,0.217775,0,0.233333
23932,,8,1,0,1,1,0,1,0,0,0,0,0
23934,,8,0,2,2,0,2,2,9,0.216298,0.222793,0,1
23940,,7,0,1,1,0,1,1,1,1,1,0,0
23941,,9,0,3,3,0,3,3,11,0.141565,0.143585,0,0.166667
23943,,19,0,1,1,0,1,1,9,0.224454,0.231835,0,0
23944,,5,0,1,1,0,1,1,8,0.251664,0.260845,0,0
23945,,16,0,1,1,0,1,1,9,0.210713,0.216558,0,0
23949,,16,0,1,1,0,1,1,9,0.197236,0.201881,0,0
23955,,8,0,1,1,0,1,1,8,0.24685,0.256506,0,0
23956,,7,0,2,2,0,2,2,8,0.237313,0.245018,0,0
23960,,7,0,1,1,0,1,1,8,0.252153,0.261614,0,0
23961,,12,0,1,1,0,1,1,8,0.234438,0.242011,0,0
23962,,267,0,1,1,0,1,1,1,1,1,0,0
23963,,267,1,0,1,1,0,1,0,0,0,0,0
23964,,10,0,2,2,0,2,2,9,0.196258,0.200926,0,0
23968,,8,0,1,1,0,1,1,8,0.262756,0.273466,0,0
23972,,0,0,1,1,0,1,1,1,1,1,0,0
23974,,7,0,5,5,0,5,5,8,0.272483,0.28502,0,0
31567,,7,1,1,2,1,1,2,9,0.209536,0.215068,1,0
23976,,8,0,1,1,0,1,1,9,0.224094,0.230626,0,0
23977,,10,0,1,1,0,1,1,8,0.23897,0.247046,0,0
23980,,7,0,1,1,0,1,1,1,1,1,0,0
33701,,11,1,1,2,1,1,2,9,0.202113,0.207303,0,0
35269,,11,1,0,1,1,0,1,0,0,0,0,0
23983,,8,0,1,1,0,1,1,9,0.212939,0.218795,0,0
23984,,7,0,1,1,0,1,1,9,0.207609,0.212853,0,0
23986,,268,0,1,1,0,1,1,1,1,1,0,0
23987,,268,1,0,1,1,0,1,0,0,0,0,0
23988,,8,0,1,1,0,1,1,8,0.231137,0.237861,0,0
23990,,11,0,1,1,0,1,1,8,0.239859,0.247713,0,0
23994,,11,0,3,3,0,3,3,8,0.236988,0.244972,0,0.333333
23996,,5,0,1,1,0,1,1,8,0.230995,0.238519,0,0
23997,,5,0,1,1,0,1,1,9,0.235167,0.243063,0,0
23999,,9,0,1,1,0,1,1,9,0.185524,0.189879,0,0
24000,,11,0,1,1,0,1,1,9,0.202777,0.207926,0,0
24001,,15,0,2,2,0,2,2,9,0.222523,0.229779,0,0.5
24002,,11,0,1,1,0,1,1,8,0.239859,0.247713,0,0
24004,,8,0,1,1,0,1,1,8,0.262756,0.273466,0,0
24005,,269,0,1,1,0,1,1,1,1,1,0,0
24006,,269,1,0,1,1,0,1,0,0,0,0,0
24009,,8,0,2,2,0,2,2,8,0.22458,0.231576,0,0
24010,,8,0,1,1,0,1,1,8,0.262756,0.273466,0,0
24012,,7,0,3,3,0,3,3,8,0.2427,0.251418,0,0.666667
24013,,11,0,2,2,0,2,2,8,0.269975,0.280999,0,1
28924,,16,1,1,2,1,1,2,1,1,1,0,0
24017,,9,2,1,3,2,1,3,10,0.164892,0.168014,0,0.5
24019,,270,0,2,2,0,2,2,8,0.226978,0.233452,0,0
31572,,270,1,1,2,1,1,2,7,0.293553,0.307954,18712.111441,0
24022,,7,0,1,1,0,1,1,2,0.666667,0.75,0,0
32003,,7,1,0,1,1,0,1,0,0,0,0,0
24026,,6,0,1,1,0,1,1,9,0.199422,0.203947,0,0
24027,,9,0,1,1,0,1,1,9,0.195406,0.200061,0,0
24030,,11,0,3,3,0,3,3,8,0.232423,0.24079,0,0.833333
25365,,0,1,0,1,1,0,1,0,0,0,0,0
32997,,0,1,3,4,1,3,4,10,0.173521,0.177082,14.105022,0.666667
24032,,7,0,3,3,0,3,3,8,0.259175,0.269806,0,0.166667
24033,,8,0,1,1,0,1,1,8,0.262756,0.273466,0,0
24034,,7,1,1,2,1,1,2,9,0.209846,0.215282,0,0.5
24036,,11,0,1,1,0,1,1,9,0.210874,0.217038,0,0
24037,,8,0,1,1,0,1,1,9,0.234452,0.242464,0,0
24038,,10,0,2,2,0,2,2,9,0.230035,0.238306,0,0.5
24040,,16,0,1,1,0,1,1,8,0.234941,0.243151,0,0
24041,,7,0,1,1,0,1,1,9,0.200066,0.204368,0,0
24042,,21,8,4,12,8,4,12,8,0.241016,0.249356,221847.66347,0.081818
32300,,21,4,2,6,4,2,6,9,0.194215,0.198475,25971,0.333333
24044,,7,0,1,1,0,1,1,9,0.222499,0.229441,0,0
24046,,5,0,2,2,0,2,2,8,0.252359,0.261702,0,1
24048,,13,0,1,1,0,1,1,8,0.235883,0.243933,0,0
24049,,11,0,1,1,0,1,1,8,0.236167,0.244733,0,0
24053,,5,0,1,1,0,1,1,9,0.215082,0.221433,0,0
24054,,8,0,1,1,0,1,1,8,0.247064,0.255642,0,0
24055,,8,0,2,2,0,2,2,8,0.264938,0.276061,0,1
34128,,2,1,0,1,1,0,1,0,0,0,0,0
24059,,16,0,1,1,0,1,1,8,0.234941,0.243151,0,0
24061,,10,0,1,1,0,1,1,9,0.227723,0.235174,0,0
24063,,11,0,1,1,0,1,1,9,0.217121,0.223495,0,0
24064,,5,0,1,1,0,1,1,8,0.230249,0.237146,0,0
24065,,11,0,1,1,0,1,1,8,0.251382,0.261452,0,0
24067,,10,0,1,1,0,1,1,9,0.210447,0.215988,0,0
24068,,11,0,2,2,0,2,2,9,0.220274,0.226535,0,1
24069,,8,0,1,1,0,1,1,9,0.228844,0.235796,0,0
24073,,11,0,2,2,0,2,2,8,0.236841,0.245555,0,1
24074,,7,0,1,1,0,1,1,9,0.195147,0.199853,0,0
24075,,16,0,1,1,0,1,1,8,0.257544,0.268689,0,0
24076,,10,0,1,1,0,1,1,9,0.192892,0.197062,0,0
25020,,16,1,1,2,1,1,2,9,0.209788,0.215674,0,0.5
24084,,7,0,1,1,0,1,1,1,1,1,0,0
24085,,2,0,1,1,0,1,1,8,0.261475,0.272568,0,0
24086,,15,1,2,3,1,2,3,9,0.206793,0.212228,119.116389,0.166667
24088,,11,0,1,1,0,1,1,10,0.189138,0.193076,0,0
24089,,11,1,1,2,1,1,2,8,0.251382,0.261452,0,0.5
24090,,8,0,1,1,0,1,1,8,0.234991,0.243288,0,0
24092,,7,0,1,1,0,1,1,8,0.265449,0.276753,0,0
24093,,11,0,1,1,0,1,1,11,0.166952,0.169918,0,0
24095,,8,0,2,2,0,2,2,9,0.213929,0.219877,0,1
24101,,11,0,1,1,0,1,1,8,0.238151,0.247423,0,0
24103,,8,0,2,2,0,2,2,8,0.26294,0.27372,0,0.5
24108,,10,0,1,1,0,1,1,10,0.194816,0.199579,0,0
24110,,11,0,35,35,0,35,35,7,0.295513,0.31184,0,0.14958
33698,,11,1,0,1,1,0,1,0,0,0,0,0
24111,,10,0,3,3,0,3,3,9,0.226403,0.233872,0,0.333333
24112,,16,0,1,1,0,1,1,9,0.214954,0.220677,0,0
24113,,8,1,2,3,1,2,3,8,0.247509,0.256031,18827,0.333333
24114,,271,0,1,1,0,1,1,1,1,1,0,0
24115,,271,1,0,1,1,0,1,0,0,0,0,0
24117,,16,0,1,1,0,1,1,8,0.257544,0.268689,0,0
24119,,8,0,2,2,0,2,2,9,0.206647,0.211561,0,0
24120,,272,0,1,1,0,1,1,1,1,1,0,0
24121,,272,1,0,1,1,0,1,0,0,0,0,0
24125,,12,0,1,1,0,1,1,9,0.191501,0.195507,0,0
24127,,7,0,1,1,0,1,1,9,0.218751,0.224866,0,0
24130,,16,0,2,2,0,2,2,8,0.257961,0.269243,0,1
24133,,11,0,1,1,0,1,1,9,0.219171,0.225745,0,0
24134,,8,0,1,1,0,1,1,9,0.212528,0.218441,0,0
24135,,8,0,1,1,0,1,1,9,0.213686,0.219908,0,0
24143,,8,0,1,1,0,1,1,9,0.220868,0.227403,0,0
24144,,8,0,1,1,0,1,1,9,0.220868,0.227403,0,0
24145,,7,0,1,1,0,1,1,8,0.242475,0.25106,0,0
24146,,15,0,1,1,0,1,1,9,0.215847,0.221963,0,0
24147,,15,0,1,1,0,1,1,10,0.179156,0.182314,0,0
24148,,8,0,1,1,0,1,1,8,0.263743,0.27463,0,0
24151,,285,0,1,1,0,1,1,3,0.470588,0.520833,0,0
24152,,12,0,1,1,0,1,1,9,0.217956,0.224292,0,0
24153,,12,0,1,1,0,1,1,9,0.213606,0.219549,0,0
24156,,11,0,1,1,0,1,1,9,0.221669,0.228885,0,0
24159,,15,0,1,1,0,1,1,10,0.174826,0.178144,0,0
24165,,12,0,3,3,0,3,3,9,0.195151,0.200338,0,0.333333
24166,,12,0,1,1,0,1,1,9,0.208155,0.213697,0,0
24167,,16,0,1,1,0,1,1,2,0.666667,0.75,0,0
24168,,11,0,1,1,0,1,1,9,0.219125,0.225325,0,0
24169,,10,0,1,1,0,1,1,9,0.226507,0.233975,0,0
24173,,11,0,2,2,0,2,2,9,0.18891,0.193328,0,0
24174,,16,0,1,1,0,1,1,8,0.232025,0.239654,0,0
24180,,21,0,3,3,0,3,3,8,0.227034,0.233558,0,0.166667
24182,,16,0,1,1,0,1,1,9,0.215102,0.221742,0,0
24183,,8,0,1,1,0,1,1,2,0.666667,0.75,0,0
24184,,8,1,1,2,1,1,2,1,1,1,1,0
32772,,6,1,0,1,1,0,1,0,0,0,0,0
24205,,5,1,0,1,1,0,1,0,0,0,0,0
24241,,5,1,0,1,1,0,1,0,0,0,0,0
25766,,5,1,0,1,1,0,1,0,0,0,0,0
26617,,5,1,2,3,1,2,3,8,0.244471,0.25287,25986.99671,0
29344,,5,1,0,1,1,0,1,0,0,0,0,0
30632,,5,1,0,1,1,0,1,0,0,0,0,0
30634,,5,1,0,1,1,0,1,0,0,0,0,0
30636,,5,1,0,1,1,0,1,0,0,0,0,0
30637,,5,1,0,1,1,0,1,0,0,0,0,0
30638,,5,1,0,1,1,0,1,0,0,0,0,0
24189,,16,0,1,1,0,1,1,9,0.217166,0.223047,0,0
24192,,16,0,1,1,0,1,1,9,0.186402,0.190307,0,0
24193,,11,0,1,1,0,1,1,8,0.251382,0.261452,0,0
24194,,2,0,1,1,0,1,1,8,0.261475,0.272568,0,0
24195,,16,0,1,1,0,1,1,8,0.257544,0.268689,0,0
24196,,15,0,1,1,0,1,1,10,0.179156,0.182314,0,0
24197,,7,0,1,1,0,1,1,8,0.244345,0.253397,0,0
24198,,11,0,1,1,0,1,1,8,0.234514,0.24306,0,0
24199,,16,0,1,1,0,1,1,9,0.223048,0.230398,0,0
24200,,6,0,1,1,0,1,1,1,1,1,0,0
24202,,11,0,1,1,0,1,1,9,0.224032,0.231579,0,0
24203,,7,0,1,1,0,1,1,11,0.149128,0.151216,0,0
24204,,16,0,1,1,0,1,1,9,0.234736,0.243231,0,0
24206,,11,0,1,1,0,1,1,8,0.232418,0.240737,0,0
24207,,8,0,1,1,0,1,1,11,0.1509,0.153029,0,0
24208,,8,1,1,2,1,1,2,10,0.177709,0.181183,18827,0
24212,,10,0,1,1,0,1,1,9,0.22543,0.232572,0,0
24215,,11,0,3,3,0,3,3,8,0.232426,0.240799,0,0.333333
24216,,11,0,2,2,0,2,2,9,0.188596,0.192963,0,0.5
24219,,11,0,1,1,0,1,1,8,0.216966,0.223325,0,0
24220,,15,0,2,2,0,2,2,8,0.275995,0.287634,0,1
24221,,12,0,1,1,0,1,1,9,0.190665,0.194408,0,0
24222,,8,0,1,1,0,1,1,9,0.239963,0.248532,0,0
24226,,7,0,1,1,0,1,1,9,0.214323,0.220605,0,0
24228,,24,0,1,1,0,1,1,9,0.222158,0.229183,0,0
24231,,7,1,1,2,1,1,2,1,1,1,1,0
24232,,8,0,2,2,0,2,2,9,0.232642,0.241335,0,1
24234,,5,0,1,1,0,1,1,8,0.240484,0.248319,0,0
24236,,16,0,1,1,0,1,1,9,0.205571,0.211059,0,0
24237,,8,0,2,2,0,2,2,8,0.236401,0.244766,0,1
24238,,11,0,1,1,0,1,1,9,0.217121,0.223495,0,0
24239,,11,0,1,1,0,1,1,9,0.217769,0.22458,0,0
24240,,11,0,1,1,0,1,1,9,0.217121,0.223495,0,0
24242,,16,0,2,2,0,2,2,9,0.234806,0.243344,0,0
24244,,11,0,2,2,0,2,2,9,0.18891,0.193332,0,0.5
24246,,16,0,2,2,0,2,2,8,0.269956,0.282414,0,1
24248,,273,0,1,1,0,1,1,1,1,1,0,0
24249,,273,1,0,1,1,0,1,0,0,0,0,0
24250,,8,0,1,1,0,1,1,9,0.20851,0.213918,0,0
33790,,0,1,0,1,1,0,1,0,0,0,0,0
24254,,7,0,2,2,0,2,2,9,0.219031,0.225758,0,0
24255,,7,1,2,3,1,2,3,9,0.246368,0.256022,1774.283348,0
24257,,7,0,1,1,0,1,1,9,0.200066,0.204368,0,0
24259,,7,0,1,1,0,1,1,8,0.226935,0.234515,0,0
24261,,16,0,1,1,0,1,1,8,0.238712,0.2466,0,0
24262,,8,0,1,1,0,1,1,9,0.216377,0.222353,0,0
24263,,8,0,1,1,0,1,1,8,0.262756,0.273466,0,0
24264,,12,0,1,1,0,1,1,9,0.208155,0.213697,0,0
24267,,12,0,1,1,0,1,1,8,0.234438,0.242011,0,0
24268,,5,0,2,2,0,2,2,8,0.246533,0.255761,0,1
24272,,11,0,1,1,0,1,1,10,0.177857,0.181197,0,0
24273,,11,0,1,1,0,1,1,9,0.215114,0.220919,0,0
24275,,1,0,2,2,0,2,2,8,0.262767,0.273506,0,0
24277,,7,0,1,1,0,1,1,9,0.226164,0.233246,0,0
24280,,0,0,2,2,0,2,2,8,0.230947,0.238818,0,1
24282,,16,0,1,1,0,1,1,10,0.174198,0.17752,0,0
24283,,16,0,1,1,0,1,1,9,0.210713,0.216558,0,0
24284,,21,0,1,1,0,1,1,1,1,1,0,0
24286,,10,0,17,17,0,17,17,8,0.263975,0.276498,0,0.095588
32182,,10,1,0,1,1,0,1,0,0,0,0,0
24287,,6,0,1,1,0,1,1,9,0.22031,0.227442,0,0
24288,,11,0,1,1,0,1,1,8,0.246114,0.255055,0,0
24289,,11,0,1,1,0,1,1,8,0.230667,0.237711,0,0
24290,,11,0,1,1,0,1,1,9,0.226251,0.232829,0,0
24291,,8,0,1,1,0,1,1,8,0.228134,0.235523,0,0
24292,,11,0,1,1,0,1,1,8,0.236535,0.24595,0,0
24293,,8,0,2,2,0,2,2,8,0.262763,0.273502,0,0
24295,,11,0,1,1,0,1,1,8,0.239554,0.247876,0,0
24297,,10,0,2,2,0,2,2,9,0.22934,0.237218,0,1
24298,,2,0,2,2,0,2,2,8,0.261508,0.272645,0,1
24299,,16,0,1,1,0,1,1,8,0.257544,0.268689,0,0
24301,,16,0,2,2,0,2,2,9,0.210819,0.21673,0,0.5
24303,,7,0,1,1,0,1,1,8,0.242475,0.25106,0,0
24306,,5,0,1,1,0,1,1,9,0.224867,0.231892,0,0
24308,,8,0,1,1,0,1,1,9,0.20253,0.207165,0,0
24309,,10,0,1,1,0,1,1,10,0.17064,0.173793,0,0
24312,,0,0,1,1,0,1,1,9,0.21215,0.217904,0,0
24315,,6,0,1,1,0,1,1,9,0.203445,0.208515,0,0
24316,,7,0,1,1,0,1,1,9,0.207609,0.212853,0,0
24317,,6,0,1,1,0,1,1,9,0.194532,0.19877,0,0
24318,,12,0,1,1,0,1,1,10,0.172726,0.175872,0,0
24319,,7,0,1,1,0,1,1,10,0.200283,0.205389,0,0
24321,,274,0,1,1,0,1,1,1,1,1,0,0
24322,,274,1,0,1,1,0,1,0,0,0,0,0
24323,,16,0,1,1,0,1,1,8,0.257544,0.268689,0,0
24324,,275,1,1,2,1,1,2,1,1,1,0,0
24325,,275,1,1,2,1,1,2,1,1,1,0,0
24326,,11,0,3,3,0,3,3,9,0.188912,0.193359,0,0.5
24327,,16,0,1,1,0,1,1,8,0.234155,0.242097,0,0
30624,,3,1,0,1,1,0,1,0,0,0,0,0
24330,,11,0,1,1,0,1,1,9,0.214724,0.220774,0,0
24331,,11,0,1,1,0,1,1,8,0.246659,0.25616,0,0
24333,,8,0,1,1,0,1,1,1,1,1,0,0
24335,,16,3,6,9,3,6,9,8,0.249536,0.258682,38003.769102,0.142857
24924,,16,1,1,2,1,1,2,9,0.199705,0.204227,0,0
24339,,5,0,2,2,0,2,2,8,0.241806,0.250056,0,0
24340,,16,0,1,1,0,1,1,8,0.257544,0.268689,0,0
24343,,15,0,1,1,0,1,1,9,0.227108,0.234002,0,0
24344,,10,0,1,1,0,1,1,8,0.232564,0.240768,0,0
24345,,276,0,1,1,0,1,1,1,1,1,0,0
24346,,276,1,0,1,1,0,1,0,0,0,0,0
25658,,11,1,4,5,1,4,5,8,0.244107,0.253615,63.242573,0.5
26338,,11,1,0,1,1,0,1,0,0,0,0,0
29665,,11,1,0,1,1,0,1,0,0,0,0,0
29479,,11,1,1,2,1,1,2,8,0.22913,0.236287,0,1
24352,,7,0,1,1,0,1,1,1,1,1,0,0
24353,,16,0,2,2,0,2,2,8,0.25879,0.270213,0,0.5
24354,,21,0,2,2,0,2,2,9,0.224126,0.231661,0,1
24355,,2,0,2,2,0,2,2,8,0.269616,0.281903,0,1
24357,,7,0,2,2,0,2,2,8,0.238187,0.245538,0,0.5
24360,,11,0,1,1,0,1,1,10,0.192757,0.197171,0,0
24362,,16,0,1,1,0,1,1,9,0.208695,0.214351,0,0
24363,,16,0,1,1,0,1,1,9,0.213456,0.219826,0,0
24366,,0,0,1,1,0,1,1,9,0.207241,0.212972,0,0
24367,,11,0,2,2,0,2,2,9,0.224985,0.231954,0,1
24368,,7,0,2,2,0,2,2,8,0.26276,0.273493,0,0.5
24371,,7,0,1,1,0,1,1,9,0.220384,0.227251,0,0
24373,,1,0,1,1,0,1,1,1,1,1,0,0
24374,,16,0,1,1,0,1,1,9,0.219293,0.225533,0,0
24375,,11,0,1,1,0,1,1,9,0.196123,0.200768,0,0
24377,,11,0,1,1,0,1,1,9,0.212975,0.218717,0,0
24378,,11,0,1,1,0,1,1,8,0.236167,0.244733,0,0
24379,,11,0,1,1,0,1,1,9,0.221572,0.228332,0,0
24382,,7,0,1,1,0,1,1,8,0.226935,0.234515,0,0
24383,,10,0,1,1,0,1,1,8,0.239167,0.246988,0,0
24385,,277,0,1,1,0,1,1,1,1,1,0,0
24386,,277,1,0,1,1,0,1,0,0,0,0,0
24387,,11,0,1,1,0,1,1,9,0.192663,0.196777,0,0
24390,,11,0,1,1,0,1,1,8,0.246659,0.25616,0,0
24391,,5,0,1,1,0,1,1,8,0.230249,0.237146,0,0
24392,,7,0,1,1,0,1,1,1,1,1,0,0
24393,,6,0,1,1,0,1,1,1,1,1,0,0
24394,,0,0,2,2,0,2,2,10,0.173495,0.176917,0,0
24395,,8,0,1,1,0,1,1,9,0.227844,0.235164,0,0
24396,,10,0,1,1,0,1,1,10,0.161995,0.164801,0,0
24398,,0,0,1,1,0,1,1,10,0.166936,0.170062,0,0
24400,,7,0,1,1,0,1,1,10,0.179015,0.182688,0,0
24403,,311,4,1,5,4,1,5,1,1,1,4,0.05
24404,,311,1,0,1,1,0,1,0,0,0,0,0
24406,,11,0,1,1,0,1,1,8,0.239859,0.247713,0,0
24408,,9,0,2,2,0,2,2,9,0.199847,0.205116,0,1
24409,,9,0,2,2,0,2,2,9,0.199847,0.205116,0,1
24410,,16,0,1,1,0,1,1,9,0.209788,0.215674,0,0
24411,,9,0,2,2,0,2,2,9,0.199847,0.205116,0,1
24413,,9,0,2,2,0,2,2,9,0.199847,0.205116,0,1
24414,,9,0,1,1,0,1,1,9,0.185524,0.189879,0,0
24415,,6,0,2,2,0,2,2,9,0.225045,0.232602,0,1
24417,,11,0,1,1,0,1,1,8,0.251382,0.261452,0,0
24418,,0,0,1,1,0,1,1,8,0.246427,0.25517,0,0
24419,,9,0,1,1,0,1,1,9,0.185524,0.189879,0,0
24420,,16,0,1,1,0,1,1,8,0.257544,0.268689,0,0
24421,,9,0,2,2,0,2,2,9,0.199847,0.205116,0,1
24422,,9,0,2,2,0,2,2,9,0.199847,0.205116,0,1
24424,,9,0,1,1,0,1,1,9,0.185524,0.189879,0,0
24425,,9,0,1,1,0,1,1,9,0.185524,0.189879,0,0
24426,,9,0,2,2,0,2,2,9,0.199847,0.205116,0,1
24427,,9,0,1,1,0,1,1,9,0.185524,0.189879,0,0
24428,,7,0,3,3,0,3,3,8,0.239859,0.24783,0,0
24429,,9,0,1,1,0,1,1,9,0.185524,0.189879,0,0
24430,,16,0,1,1,0,1,1,2,0.6,0.666667,0,0
30959,,7,1,0,1,1,0,1,0,0,0,0,0
24432,,9,0,1,1,0,1,1,9,0.185524,0.189879,0,0
24433,,7,0,1,1,0,1,1,9,0.214954,0.220899,0,0
24434,,6,1,1,2,1,1,2,9,0.201481,0.206675,18827,0
24435,,6,0,1,1,0,1,1,9,0.201481,0.206675,0,0
24436,,278,0,1,1,0,1,1,1,1,1,0,0
24437,,278,1,0,1,1,0,1,0,0,0,0,0
24438,,9,0,1,1,0,1,1,9,0.185524,0.189879,0,0
24439,,9,0,1,1,0,1,1,9,0.185524,0.189879,0,0
24442,,9,0,2,2,0,2,2,9,0.187479,0.191849,0,1
24443,,9,0,2,2,0,2,2,9,0.187479,0.191849,0,1
24444,,9,0,2,2,0,2,2,9,0.187479,0.191849,0,1
24445,,9,0,2,2,0,2,2,9,0.187479,0.191849,0,1
24446,,9,0,2,2,0,2,2,9,0.185568,0.190027,0,0
24447,,9,0,2,2,0,2,2,9,0.187479,0.191849,0,1
24448,,8,0,2,2,0,2,2,8,0.237793,0.244982,0,0
24449,,16,0,1,1,0,1,1,9,0.220643,0.227509,0,0
24450,,9,0,1,1,0,1,1,9,0.185524,0.189879,0,0
24451,,3,0,1,1,0,1,1,12,0.132335,0.133992,0,0
28937,,7,1,4,5,1,4,5,8,0.263485,0.27503,17221.53752,0.3
24453,,9,0,1,1,0,1,1,9,0.185524,0.189879,0,0
24455,,9,0,1,1,0,1,1,9,0.185524,0.189879,0,0
24456,,9,0,2,2,0,2,2,9,0.205996,0.211277,0,0.5
24458,,9,0,1,1,0,1,1,9,0.185524,0.189879,0,0
24460,,9,0,1,1,0,1,1,9,0.185524,0.189879,0,0
24461,,9,0,1,1,0,1,1,9,0.185524,0.189879,0,0
24462,,9,0,1,1,0,1,1,9,0.185524,0.189879,0,0
24463,,9,0,1,1,0,1,1,9,0.185524,0.189879,0,0
24464,,9,0,2,2,0,2,2,9,0.189277,0.193656,0,0.5
24465,,9,0,1,1,0,1,1,9,0.185524,0.189879,0,0
24466,,9,0,1,1,0,1,1,9,0.185524,0.189879,0,0
24467,,9,0,1,1,0,1,1,9,0.185524,0.189879,0,0
24468,,9,0,1,1,0,1,1,9,0.19871,0.20374,0,0
24471,,9,0,1,1,0,1,1,9,0.19871,0.20374,0,0
24472,,9,0,2,2,0,2,2,9,0.199847,0.205116,0,1
24473,,9,0,1,1,0,1,1,9,0.185524,0.189879,0,0
24474,,9,0,1,1,0,1,1,9,0.185524,0.189879,0,0
24475,,9,0,1,1,0,1,1,9,0.185524,0.189879,0,0
24477,,9,0,1,1,0,1,1,9,0.185524,0.189879,0,0
24478,,9,0,1,1,0,1,1,9,0.185524,0.189879,0,0
24481,,10,0,1,1,0,1,1,9,0.215274,0.221176,0,0
24482,,24,0,1,1,0,1,1,9,0.21389,0.220139,0,0
24483,,9,0,1,1,0,1,1,9,0.185524,0.189879,0,0
24484,,9,0,1,1,0,1,1,9,0.185524,0.189879,0,0
24486,,9,0,1,1,0,1,1,9,0.185524,0.189879,0,0
24487,,11,0,1,1,0,1,1,9,0.211539,0.217068,0,0
24488,,9,0,2,2,0,2,2,9,0.199847,0.205116,0,1
24489,,10,0,3,3,0,3,3,9,0.238224,0.247052,0,0.333333
26006,,10,1,0,1,1,0,1,0,0,0,0,0
24490,,16,0,1,1,0,1,1,8,0.257544,0.268689,0,0
24491,,10,0,3,3,0,3,3,9,0.206285,0.211902,0,0
24492,,9,0,1,1,0,1,1,9,0.185524,0.189879,0,0
24493,,9,0,1,1,0,1,1,9,0.185524,0.189879,0,0
24494,,9,0,3,3,0,3,3,9,0.194882,0.199916,0,0.333333
24495,,9,0,1,1,0,1,1,9,0.185524,0.189879,0,0
24496,,9,0,3,3,0,3,3,9,0.200808,0.206161,0,0.666667
28598,,15,1,0,1,1,0,1,0,0,0,0,0
24501,,2,0,1,1,0,1,1,8,0.261475,0.272568,0,0
24502,,9,0,2,2,0,2,2,9,0.199847,0.205116,0,1
24504,,11,0,1,1,0,1,1,8,0.239018,0.246295,0,0
24505,,9,0,1,1,0,1,1,9,0.185524,0.189879,0,0
24507,,9,0,2,2,0,2,2,9,0.187479,0.191849,0,1
24509,,9,0,2,2,0,2,2,9,0.187479,0.191849,0,1
24510,,9,0,2,2,0,2,2,9,0.187479,0.191849,0,1
24511,,9,0,2,2,0,2,2,9,0.187479,0.191849,0,1
24512,,9,0,2,2,0,2,2,9,0.187479,0.191849,0,1
24513,,9,0,1,1,0,1,1,9,0.185524,0.189879,0,0
25943,,10,1,0,1,1,0,1,0,0,0,0,0
25662,,8,1,4,5,1,4,5,9,0.202899,0.208148,25975.055556,0.05
24591,,7,1,33,34,1,33,34,8,0.288013,0.303654,451.894737,0.107843
29632,,10,1,0,1,1,0,1,0,0,0,0,0
24515,,9,0,2,2,0,2,2,9,0.187479,0.191849,0,1
24516,,9,0,2,2,0,2,2,9,0.187479,0.191849,0,1
24518,,9,0,2,2,0,2,2,9,0.187479,0.191849,0,1
24520,,11,0,3,3,0,3,3,8,0.232423,0.24079,0,0.833333
24521,,9,0,1,1,0,1,1,9,0.185524,0.189879,0,0
24522,,9,0,1,1,0,1,1,9,0.185524,0.189879,0,0
24523,,9,0,2,2,0,2,2,9,0.187479,0.191849,0,1
24524,,9,0,2,2,0,2,2,9,0.187479,0.191849,0,1
24527,,9,0,2,2,0,2,2,9,0.187479,0.191849,0,1
24529,,8,0,1,1,0,1,1,9,0.198884,0.203512,0,0
24530,,8,0,1,1,0,1,1,9,0.208111,0.213299,0,0
24531,,9,0,1,1,0,1,1,9,0.185524,0.189879,0,0
24532,,9,0,2,2,0,2,2,9,0.187479,0.191849,0,1
24533,,9,0,2,2,0,2,2,9,0.187479,0.191849,0,1
24534,,56,0,1,1,0,1,1,9,0.186668,0.190611,0,0
24535,,15,0,2,2,0,2,2,10,0.187699,0.191752,0,0
24537,,12,0,2,2,0,2,2,9,0.196151,0.200782,0,1
24538,,11,0,2,2,0,2,2,9,0.188909,0.193324,0,0.5
24540,,7,0,2,2,0,2,2,8,0.245412,0.254861,0,0
24541,,8,0,1,1,0,1,1,9,0.235349,0.243061,0,0
24543,,5,0,3,3,0,3,3,9,0.21856,0.224884,0,0
24544,,0,0,1,1,0,1,1,9,0.207241,0.212972,0,0
24545,,9,0,2,2,0,2,2,9,0.199847,0.205116,0,1
24546,,5,0,3,3,0,3,3,8,0.238326,0.245729,0,0.666667
24548,,5,0,1,1,0,1,1,9,0.222736,0.229684,0,0
24549,,8,0,2,2,0,2,2,8,0.258028,0.26783,0,0
24550,,10,0,1,1,0,1,1,8,0.23897,0.247046,0,0
24551,,7,0,1,1,0,1,1,8,0.228126,0.235578,0,0
24556,,0,0,1,1,0,1,1,9,0.187829,0.192073,0,0
24557,,9,0,2,2,0,2,2,9,0.187479,0.191849,0,1
24558,,9,0,2,2,0,2,2,9,0.187479,0.191849,0,1
24559,,9,0,2,2,0,2,2,9,0.187479,0.191849,0,1
24560,,9,0,2,2,0,2,2,9,0.187479,0.191849,0,1
24561,,7,0,2,2,0,2,2,9,0.226169,0.233282,0,0
24562,,7,0,1,1,0,1,1,9,0.214494,0.22018,0,0
24565,,8,0,3,3,0,3,3,8,0.249318,0.259598,0,0
24566,,279,0,1,1,0,1,1,1,1,1,0,0
24567,,279,2,0,2,2,0,2,0,0,0,0,0
24568,,279,0,1,1,0,1,1,1,1,1,0,0
24569,,9,1,7,8,1,7,8,10,0.179163,0.183148,131.866448,0.160714
24570,,15,0,1,1,0,1,1,8,0.247825,0.256545,0,0
24571,,11,0,1,1,0,1,1,9,0.229957,0.237934,0,0
24572,,11,0,1,1,0,1,1,8,0.238528,0.246408,0,0
24573,,11,0,1,1,0,1,1,9,0.214724,0.220774,0,0
24574,,11,1,2,3,1,2,3,7,0.293562,0.30799,18827,0
24575,,11,0,1,1,0,1,1,10,0.179706,0.182908,0,0
24576,,11,1,1,2,1,1,2,9,0.219064,0.224899,18827,0
24577,,0,0,3,3,0,3,3,8,0.249424,0.258703,0,0
24578,,0,0,1,1,0,1,1,1,1,1,0,0
24581,,9,0,1,1,0,1,1,10,0.178427,0.181932,0,0
24583,,11,0,1,1,0,1,1,8,0.251382,0.261452,0,0
25957,,7,1,1,2,1,1,2,9,0.22448,0.231704,0,0.5
30303,,7,1,0,1,1,0,1,0,0,0,0,0
24587,,7,0,1,1,0,1,1,9,0.235473,0.242933,0,0
24588,,10,0,1,1,0,1,1,10,0.177132,0.180657,0,0
24589,,5,0,3,3,0,3,3,8,0.250566,0.26012,0,0.666667
24590,,8,0,1,1,0,1,1,1,1,1,0,0
24592,,7,0,3,3,0,3,3,9,0.239976,0.248598,0,0.166667
31122,,7,1,0,1,1,0,1,0,0,0,0,0
24593,,9,0,2,2,0,2,2,9,0.187479,0.191849,0,1
24595,,12,0,2,2,0,2,2,9,0.234129,0.241818,0,0
24596,,280,0,1,1,0,1,1,1,1,1,0,0
24597,,280,1,0,1,1,0,1,0,0,0,0,0
24598,,7,0,3,3,0,3,3,8,0.255063,0.265459,0,0.5
24601,,11,0,1,1,0,1,1,9,0.231783,0.240091,0,0
24602,,7,0,1,1,0,1,1,10,0.173881,0.177204,0,0
24603,,18,2,1,3,2,1,3,8,0.216592,0.222822,18826,0.333333
26469,,11,1,1,2,1,1,2,8,0.21659,0.222813,0,0
27768,,11,1,1,2,1,1,2,8,0.21659,0.222813,0,0
28131,,11,1,1,2,1,1,2,8,0.21659,0.222813,0,0
29499,,11,1,1,2,1,1,2,8,0.21659,0.222813,0,0
30677,,11,1,1,2,1,1,2,8,0.21659,0.222813,0,0
33580,,11,1,0,1,1,0,1,0,0,0,0,0
24605,,1,0,2,2,0,2,2,8,0.241428,0.24923,0,0
24606,,9,0,5,5,0,5,5,9,0.203331,0.209065,0,0.5
24607,,9,0,1,1,0,1,1,9,0.185524,0.189879,0,0
24608,,9,0,1,1,0,1,1,9,0.217144,0.223521,0,0
24609,,11,0,1,1,0,1,1,9,0.217121,0.223495,0,0
32181,,10,2,0,2,2,0,2,0,0,0,0,0
24612,,11,0,1,1,0,1,1,1,1,1,0,0
24613,,21,0,1,1,0,1,1,9,0.214724,0.220911,0,0
24615,,9,0,2,2,0,2,2,8,0.241276,0.249704,0,0
24617,,9,0,1,1,0,1,1,9,0.185524,0.189879,0,0
24618,,9,0,1,1,0,1,1,9,0.185524,0.189879,0,0
24619,,9,0,1,1,0,1,1,9,0.185524,0.189879,0,0
24621,,16,0,1,1,0,1,1,8,0.257544,0.268689,0,0
24622,,2,0,1,1,0,1,1,8,0.261475,0.272568,0,0
24623,,11,0,1,1,0,1,1,9,0.217716,0.223687,0,0
24624,,11,0,1,1,0,1,1,8,0.246114,0.255055,0,0
24625,,9,0,1,1,0,1,1,9,0.185524,0.189879,0,0
24626,,10,0,2,2,0,2,2,9,0.229399,0.236719,0,0
24630,,8,0,1,1,0,1,1,9,0.198884,0.203512,0,0
24631,,0,0,1,1,0,1,1,9,0.188504,0.192408,0,0
33320,,13,1,0,1,1,0,1,0,0,0,0,0
24636,,19,0,2,2,0,2,2,9,0.229371,0.23701,0,1
24639,,11,1,4,5,1,4,5,8,0.251406,0.261567,2.562261,0.333333
24640,,7,1,2,3,1,2,3,9,0.226987,0.234193,18814.957593,0
24641,,7,0,1,1,0,1,1,9,0.200066,0.204368,0,0
24642,,12,1,1,2,1,1,2,8,0.234434,0.242006,0,1
24646,,11,0,1,1,0,1,1,8,0.246659,0.25616,0,0
24648,,7,0,1,1,0,1,1,9,0.19285,0.197104,0,0
24651,,11,0,1,1,0,1,1,9,0.231783,0.240091,0,0
24653,,5,0,1,1,0,1,1,8,0.228875,0.236469,0,0
24657,,7,0,1,1,0,1,1,9,0.22266,0.228771,0,0
24658,,15,0,1,1,0,1,1,8,0.224983,0.23254,0,0
24659,,15,1,3,4,1,3,4,9,0.220855,0.227725,18827,0
24660,,8,0,3,3,0,3,3,9,0.222053,0.229062,0,0.833333
24662,,10,0,1,1,0,1,1,9,0.225592,0.232933,0,0
24668,,8,0,1,1,0,1,1,9,0.204938,0.209902,0,0
24669,,16,1,1,2,1,1,2,8,0.242301,0.250673,568.834684,0
24671,,16,0,1,1,0,1,1,8,0.257544,0.268689,0,0
24672,,8,0,1,1,0,1,1,9,0.213511,0.219556,0,0
24675,,0,0,1,1,0,1,1,9,0.226488,0.233295,0,0
27264,,9,1,1,2,1,1,2,12,0.124003,0.125305,0,0
24678,,16,0,1,1,0,1,1,8,0.257544,0.268689,0,0
24680,,13,0,1,1,0,1,1,11,0.143819,0.145684,0,0
24683,,1,0,1,1,0,1,1,9,0.216392,0.222482,0,0
24684,,10,0,1,1,0,1,1,9,0.214364,0.220495,0,0
24686,,12,1,0,1,1,0,1,0,0,0,0,0
24688,,11,0,1,1,0,1,1,9,0.208653,0.21473,0,0
24693,,12,0,1,1,0,1,1,9,0.192095,0.196184,0,0
24696,,8,0,1,1,0,1,1,8,0.234455,0.242731,0,0
24697,,11,0,1,1,0,1,1,8,0.239554,0.247876,0,0
24698,,10,0,1,1,0,1,1,9,0.214179,0.220404,0,0
24703,,9,0,1,1,0,1,1,10,0.164896,0.168023,0,0
24704,,2,0,1,1,0,1,1,8,0.261475,0.272568,0,0
24706,,16,0,1,1,0,1,1,8,0.257544,0.268689,0,0
24707,,11,0,1,1,0,1,1,9,0.203824,0.20864,0,0
24709,,21,0,1,1,0,1,1,1,1,1,0,0
24710,,11,0,2,2,0,2,2,8,0.239529,0.247473,0,1
24712,,7,0,2,2,0,2,2,8,0.245166,0.254143,0,0.5
24713,,8,0,1,1,0,1,1,8,0.262756,0.273466,0,0
24716,,7,0,1,1,0,1,1,8,0.244386,0.252463,0,0
24718,,0,0,2,2,0,2,2,8,0.23072,0.23871,0,1
24719,,8,0,1,1,0,1,1,9,0.224382,0.231103,0,0
24818,,12,1,0,1,1,0,1,0,0,0,0,0
29356,,12,1,0,1,1,0,1,0,0,0,0,0
24725,,2,0,1,1,0,1,1,10,0.172717,0.175979,0,0
24726,,11,0,3,3,0,3,3,8,0.247353,0.256126,0,0
24728,,11,1,1,2,1,1,2,8,0.239018,0.246295,3.04809,0
24729,,16,0,1,1,0,1,1,8,0.257544,0.268689,0,0
24730,,6,0,1,1,0,1,1,9,0.220426,0.227127,0,0
24738,,5,0,1,1,0,1,1,8,0.244933,0.25344,0,0
24743,,13,0,7,7,0,7,7,8,0.265534,0.276939,0,0.047619
24744,,13,1,0,1,1,0,1,0,0,0,0,0
25324,,13,1,0,1,1,0,1,0,0,0,0,0
24746,,11,0,1,1,0,1,1,8,0.251238,0.260024,0,0
24747,,281,0,1,1,0,1,1,1,1,1,0,0
24748,,281,1,0,1,1,0,1,0,0,0,0,0
24749,,11,0,1,1,0,1,1,8,0.22695,0.233387,0,0
24751,,282,0,1,1,0,1,1,1,1,1,0,0
24752,,282,1,0,1,1,0,1,0,0,0,0,0
24753,,8,0,1,1,0,1,1,9,0.196438,0.200686,0,0
24754,,8,0,1,1,0,1,1,9,0.217626,0.22351,0,0
24755,,16,0,1,1,0,1,1,9,0.192204,0.196531,0,0
24757,,15,0,1,1,0,1,1,9,0.209977,0.215427,0,0
24759,,11,0,1,1,0,1,1,8,0.246659,0.25616,0,0
34244,,10,1,0,1,1,0,1,0,0,0,0,0
24765,,8,0,1,1,0,1,1,9,0.195862,0.200216,0,0
24766,,0,0,1,1,0,1,1,8,0.228936,0.236648,0,0
24767,,8,0,1,1,0,1,1,8,0.230757,0.238159,0,0
24768,,8,0,1,1,0,1,1,8,0.230757,0.238159,0,0
24771,,10,0,1,1,0,1,1,9,0.218555,0.224687,0,0
24774,,7,0,1,1,0,1,1,8,0.257706,0.267944,0,0
24777,,11,0,1,1,0,1,1,8,0.211022,0.216747,0,0
24778,,7,0,1,1,0,1,1,8,0.23867,0.246586,0,0
24779,,10,0,1,1,0,1,1,9,0.227723,0.235174,0,0
24780,,0,0,1,1,0,1,1,8,0.228936,0.236648,0,0
24781,,1,0,1,1,0,1,1,9,0.234953,0.24388,0,0
24785,,15,0,2,2,0,2,2,8,0.226768,0.23449,0,0
24786,,7,0,1,1,0,1,1,8,0.240656,0.249158,0,0
29303,,6,2,2,4,2,2,4,9,0.220319,0.227484,44799,0.166667
24799,,11,0,1,1,0,1,1,9,0.188905,0.193288,0,0
24800,,11,0,1,1,0,1,1,9,0.188905,0.193288,0,0
24801,,10,1,2,3,1,2,3,9,0.215932,0.222582,63.101906,0.166667
24803,,16,0,1,1,0,1,1,10,0.179807,0.18361,0,0
24804,,16,0,3,3,0,3,3,8,0.255195,0.264955,0,0
24805,,0,0,1,1,0,1,1,9,0.222605,0.230046,0,0
24806,,0,0,1,1,0,1,1,9,0.222605,0.230046,0,0
24810,,8,0,1,1,0,1,1,9,0.213255,0.219289,0,0
27541,,11,1,1,2,1,1,2,2,0.666667,0.75,0,0
29426,,11,1,0,1,1,0,1,0,0,0,0,0
24813,,8,0,1,1,0,1,1,1,1,1,0,0
24816,,11,0,1,1,0,1,1,9,0.226517,0.234006,0,0
24817,,11,1,3,4,1,3,4,8,0.252153,0.262338,34.378177,0.416667
24822,,7,0,1,1,0,1,1,8,0.242475,0.25106,0,0
24823,,0,0,1,1,0,1,1,1,1,1,0,0
24825,,11,0,2,2,0,2,2,8,0.25092,0.26233,0,1
24830,,0,0,1,1,0,1,1,9,0.210708,0.216529,0,0
28287,,11,1,5,6,1,5,6,8,0.265402,0.27705,8234.412408,0.35
24834,,10,0,1,1,0,1,1,9,0.225141,0.232003,0,0
24837,,8,0,1,1,0,1,1,9,0.203493,0.208445,0,0
24838,,15,0,1,1,0,1,1,10,0.179156,0.182314,0,0
24840,,21,0,2,2,0,2,2,9,0.208901,0.214772,0,0.5
24841,,7,0,6,6,0,6,6,8,0.259032,0.269963,0,0.033333
25623,,7,1,1,2,1,1,2,9,0.195913,0.200113,6.35746,0
24843,,21,0,1,1,0,1,1,10,0.156957,0.159284,0,0
24847,,11,0,1,1,0,1,1,9,0.207996,0.214081,0,0
24851,,8,0,1,1,0,1,1,9,0.227374,0.234422,0,0
24852,,10,0,2,2,0,2,2,10,0.181955,0.185834,0,0
30602,,10,1,0,1,1,0,1,0,0,0,0,0
24853,,16,0,1,1,0,1,1,8,0.236961,0.24442,0,0
24855,,8,0,1,1,0,1,1,8,0.239474,0.246961,0,0
24856,,8,0,1,1,0,1,1,1,1,1,0,0
24858,,2,0,1,1,0,1,1,1,1,1,0,0
24860,,18,0,1,1,0,1,1,2,0.545455,0.583333,0,0
24861,,2,0,1,1,0,1,1,1,1,1,0,0
24862,,11,0,1,1,0,1,1,8,0.239018,0.246295,0,0
24863,,8,0,1,1,0,1,1,10,0.176011,0.179237,0,0
24864,,16,0,1,1,0,1,1,9,0.190472,0.194929,0,0
24865,,8,0,2,2,0,2,2,9,0.213965,0.2204,0,0
24868,,7,0,1,1,0,1,1,8,0.242475,0.25106,0,0
30313,,8,1,0,1,1,0,1,0,0,0,0,0
30989,,11,1,0,1,1,0,1,0,0,0,0,0
31301,,11,1,4,5,1,4,5,8,0.211113,0.21745,8.053947,0.333333
32692,,11,1,0,1,1,0,1,0,0,0,0,0
30999,,11,1,1,2,1,1,2,9,0.196041,0.201108,0,0
32168,,11,1,1,2,1,1,2,9,0.196041,0.201108,0,0
24873,,7,0,1,1,0,1,1,8,0.248325,0.257194,0,0
24874,,8,0,3,3,0,3,3,8,0.249351,0.258465,0,0.5
24875,,6,0,1,1,0,1,1,9,0.226458,0.233655,0,0
24876,,8,0,1,1,0,1,1,8,0.262756,0.273466,0,0
24878,,7,0,1,1,0,1,1,8,0.237622,0.245065,0,0
24880,,11,0,1,1,0,1,1,9,0.229659,0.236946,0,0
24881,,283,0,1,1,0,1,1,1,1,1,0,0
24882,,283,1,0,1,1,0,1,0,0,0,0,0
24883,,10,0,3,3,0,3,3,9,0.216908,0.2239,0,0.333333
24884,,16,0,1,1,0,1,1,9,0.234736,0.243231,0,0
24886,,11,0,1,1,0,1,1,8,0.234514,0.24306,0,0
24888,,7,0,1,1,0,1,1,9,0.226164,0.233246,0,0
24889,,7,0,1,1,0,1,1,9,0.210064,0.215398,0,0
24890,,24,0,2,2,0,2,2,8,0.240588,0.248697,0,0
24891,,8,0,1,1,0,1,1,8,0.248761,0.257751,0,0
24892,,5,0,1,1,0,1,1,1,1,1,0,0
24893,,16,0,1,1,0,1,1,9,0.209788,0.215674,0,0
24896,,8,0,1,1,0,1,1,1,1,1,0,0
24897,,1,0,1,1,0,1,1,9,0.217487,0.223937,0,0
24898,,11,0,1,1,0,1,1,9,0.201382,0.206397,0,0
24900,,1,0,1,1,0,1,1,9,0.217487,0.223937,0,0
24901,,6,0,1,1,0,1,1,2,0.666667,0.75,0,0
24902,,10,0,1,1,0,1,1,9,0.177132,0.180771,0,0
24906,,10,0,1,1,0,1,1,8,0.23897,0.247046,0,0
24908,,5,0,1,1,0,1,1,9,0.188268,0.192397,0,0
24910,,10,0,1,1,0,1,1,9,0.216156,0.222356,0,0
24912,,11,0,1,1,0,1,1,9,0.215498,0.222153,0,0
24914,,10,0,3,3,0,3,3,9,0.230893,0.238266,0,0.333333
24917,,5,0,1,1,0,1,1,8,0.230249,0.237146,0,0
29299,,2,2,1,3,2,1,3,10,0.177364,0.180856,44800.677778,0
24920,,16,0,3,3,0,3,3,9,0.211813,0.218024,0,0
25677,,11,1,4,5,1,4,5,9,0.212462,0.218904,738.981684,0
24925,,8,0,1,1,0,1,1,1,1,1,0,0
24926,,6,0,1,1,0,1,1,2,0.666667,0.75,0,0
24927,,7,0,1,1,0,1,1,9,0.20573,0.211439,0,0
24929,,16,0,1,1,0,1,1,9,0.209788,0.215674,0,0
24930,,15,0,2,2,0,2,2,9,0.209935,0.215412,0,0
24931,,0,0,1,1,0,1,1,8,0.226147,0.233528,0,0
24932,,8,0,4,4,0,4,4,8,0.266324,0.278031,0,0.416667
24934,,7,0,1,1,0,1,1,9,0.226673,0.233625,0,0
24936,,15,0,1,1,0,1,1,9,0.219926,0.226711,0,0
24937,,11,1,2,3,1,2,3,8,0.251392,0.261497,0,1
26860,,11,1,1,2,1,1,2,1,1,1,0,0
24941,,8,0,6,6,0,6,6,8,0.267543,0.279328,0,0.466667
24943,,5,0,2,2,0,2,2,9,0.238537,0.246734,0,1
24944,,16,0,2,2,0,2,2,9,0.210727,0.216735,0,0
24945,,11,0,1,1,0,1,1,8,0.230667,0.237711,0,0
24947,,7,0,1,1,0,1,1,9,0.246124,0.25571,0,0
24948,,7,0,1,1,0,1,1,9,0.232863,0.240485,0,0
24949,,7,0,2,2,0,2,2,8,0.260268,0.271207,0,1
24950,,0,0,1,1,0,1,1,9,0.186303,0.19036,0,0
24951,,10,0,1,1,0,1,1,9,0.232941,0.240927,0,0
24953,,1,0,1,1,0,1,1,9,0.212011,0.2181,0,0
24954,,10,0,1,1,0,1,1,9,0.197661,0.202007,0,0
24956,,5,0,1,1,0,1,1,8,0.237164,0.244724,0,0
24957,,11,0,3,3,0,3,3,9,0.225198,0.232234,0,1
24960,,8,0,1,1,0,1,1,8,0.262756,0.273466,0,0
24963,,8,0,1,1,0,1,1,1,1,1,0,0
24964,,11,0,1,1,0,1,1,8,0.239859,0.247713,0,0
24966,,11,0,2,2,0,2,2,8,0.25215,0.262311,0,1
24969,,7,0,1,1,0,1,1,9,0.214766,0.220717,0,0
25343,,5,1,0,1,1,0,1,0,0,0,0,0
29655,,5,1,0,1,1,0,1,0,0,0,0,0
24972,,8,0,1,1,0,1,1,10,0.167226,0.169765,0,0
24973,,12,0,1,1,0,1,1,9,0.200697,0.205965,0,0
24974,,11,0,1,1,0,1,1,8,0.216596,0.222828,0,0
24976,,5,0,1,1,0,1,1,9,0.19826,0.202613,0,0
24977,,16,0,2,2,0,2,2,8,0.269956,0.282414,0,1
24978,,12,0,1,1,0,1,1,9,0.217956,0.224292,0,0
24979,,8,0,1,1,0,1,1,9,0.222889,0.229835,0,0
24982,,11,0,1,1,0,1,1,9,0.197516,0.201911,0,0
24985,,8,1,2,3,1,2,3,8,0.250779,0.260176,57.325445,0.166667
24986,,11,0,2,2,0,2,2,9,0.225638,0.232853,0,1
24989,,8,0,1,1,0,1,1,8,0.231851,0.238751,0,0
24990,,15,0,1,1,0,1,1,10,0.168988,0.172157,0,0
24992,,11,0,1,1,0,1,1,9,0.215775,0.22222,0,0
24993,,15,0,1,1,0,1,1,9,0.227108,0.234002,0,0
24996,,24,0,2,2,0,2,2,8,0.233803,0.240827,0,0
24998,,11,0,1,1,0,1,1,9,0.213504,0.219764,0,0
24999,,11,0,1,1,0,1,1,9,0.224032,0.231579,0,0
25002,,8,0,1,1,0,1,1,8,0.262756,0.273466,0,0
25003,,7,0,1,1,0,1,1,8,0.257706,0.267944,0,0
25005,,15,0,1,1,0,1,1,10,0.168988,0.172157,0,0
25006,,11,0,1,1,0,1,1,8,0.23674,0.244313,0,0
25007,,8,0,1,1,0,1,1,9,0.231387,0.239068,0,0
25009,,7,0,1,1,0,1,1,8,0.257706,0.267944,0,0
25010,,7,0,1,1,0,1,1,9,0.200066,0.204368,0,0
25011,,15,0,1,1,0,1,1,9,0.198482,0.202781,0,0
25014,,1,0,1,1,0,1,1,9,0.21491,0.22074,0,0
25015,,11,0,1,1,0,1,1,8,0.234514,0.24306,0,0
25016,,15,0,1,1,0,1,1,8,0.23999,0.247696,0,0
25018,,12,0,1,1,0,1,1,9,0.195014,0.200132,0,0
25019,,8,0,1,1,0,1,1,9,0.184734,0.188841,0,0
25022,,7,0,1,1,0,1,1,8,0.242475,0.25106,0,0
25023,,7,0,1,1,0,1,1,8,0.242475,0.25106,0,0
25024,,7,0,1,1,0,1,1,8,0.249305,0.258082,0,0
25026,,5,0,1,1,0,1,1,9,0.222258,0.229099,0,0
25027,,0,0,1,1,0,1,1,8,0.238232,0.246371,0,0
25028,,15,0,1,1,0,1,1,9,0.21407,0.220284,0,0
25033,,16,0,1,1,0,1,1,10,0.199053,0.204327,0,0
25034,,7,0,1,1,0,1,1,9,0.208614,0.214286,0,0
25035,,5,0,2,2,0,2,2,9,0.203892,0.209425,0,0
25036,,0,0,23,23,0,23,23,9,0.226946,0.235299,0,0.252964
25037,,0,0,1,1,0,1,1,9,0.188129,0.192402,0,0
25038,,9,0,1,1,0,1,1,10,0.168625,0.171488,0,0
25040,,11,0,1,1,0,1,1,8,0.239018,0.246295,0,0
25041,,10,0,1,1,0,1,1,9,0.206242,0.211786,0,0
25042,,11,0,1,1,0,1,1,8,0.239859,0.247713,0,0
25043,,2,0,1,1,0,1,1,9,0.207286,0.212647,0,0
25044,,9,0,1,1,0,1,1,10,0.168625,0.171488,0,0
25046,,11,0,1,1,0,1,1,9,0.224856,0.232784,0,0
33219,,18,1,0,1,1,0,1,0,0,0,0,0
25048,,0,0,24,24,0,24,24,8,0.231452,0.239945,0,0.217391
25049,,2,0,1,1,0,1,1,8,0.261475,0.272568,0,0
25050,,10,0,1,1,0,1,1,9,0.215274,0.221176,0,0
25051,,11,0,1,1,0,1,1,8,0.235179,0.242605,0,0
25052,,0,0,1,1,0,1,1,9,0.210888,0.216577,0,0
25053,,2,0,1,1,0,1,1,8,0.261475,0.272568,0,0
25054,,6,0,1,1,0,1,1,8,0.249084,0.258104,0,0
25055,,8,0,1,1,0,1,1,2,0.666667,0.75,0,0
25058,,19,0,1,1,0,1,1,9,0.222431,0.229647,0,0
25061,,13,1,2,3,1,2,3,8,0.232987,0.241006,632.446512,0.5
25062,,0,0,1,1,0,1,1,8,0.230717,0.238683,0,0
25064,,10,0,2,2,0,2,2,8,0.244234,0.253487,0,1
25065,,8,0,1,1,0,1,1,9,0.216871,0.222917,0,0
25066,,5,0,1,1,0,1,1,9,0.22971,0.237607,0,0
25068,,11,0,1,1,0,1,1,9,0.222226,0.228905,0,0
25069,,13,0,1,1,0,1,1,9,0.217837,0.224577,0,0
25070,,11,0,1,1,0,1,1,8,0.234514,0.24306,0,0
25071,,10,0,1,1,0,1,1,10,0.159833,0.162513,0,0
25072,,10,1,1,2,1,1,2,9,0.190229,0.194779,18827,0
25074,,7,0,1,1,0,1,1,9,0.20138,0.206092,0,0
25075,,8,0,1,1,0,1,1,8,0.262756,0.273466,0,0
25076,,11,0,2,2,0,2,2,9,0.238099,0.24719,0,0
25077,,10,0,1,1,0,1,1,10,0.172902,0.176107,0,0
25078,,15,0,1,1,0,1,1,9,0.185597,0.189521,0,0
25081,,8,0,1,1,0,1,1,10,0.167226,0.169765,0,0
25082,,0,0,1,1,0,1,1,8,0.250023,0.260333,0,0
25083,,2,0,1,1,0,1,1,1,1,1,0,0
25087,,8,0,1,1,0,1,1,9,0.224717,0.23191,0,0
25088,,5,0,1,1,0,1,1,9,0.215102,0.22067,0,0
25089,,15,0,2,2,0,2,2,9,0.224051,0.23165,0,0
25091,,7,0,1,1,0,1,1,1,1,1,0,0
25092,,11,0,1,1,0,1,1,9,0.202489,0.207724,0,0
25093,,13,0,1,1,0,1,1,9,0.217837,0.224577,0,0
25094,,11,1,1,2,1,1,2,8,0.234514,0.24306,0,0.5
25095,,5,0,2,2,0,2,2,11,0.14387,0.145972,0,0.5
25099,,311,0,1,1,0,1,1,2,0.666667,0.75,0,0
25100,,134,0,1,1,0,1,1,2,0.666667,0.75,0,0
25103,,0,0,1,1,0,1,1,9,0.207241,0.212972,0,0
25106,,8,0,1,1,0,1,1,8,0.263621,0.273995,0,0
25107,,11,0,7,7,0,7,7,8,0.274114,0.28667,0,0.166667
25108,,11,0,1,1,0,1,1,9,0.22341,0.230056,0,0
25109,,7,0,1,1,0,1,1,9,0.223156,0.230196,0,0
25110,,5,0,1,1,0,1,1,11,0.152408,0.154436,0,0
25115,,6,0,1,1,0,1,1,8,0.219698,0.225869,0,0
25116,,16,0,1,1,0,1,1,9,0.186402,0.190307,0,0
25118,,2,0,1,1,0,1,1,8,0.261475,0.272568,0,0
25124,,11,1,2,3,1,2,3,8,0.236745,0.244348,25974,0.333333
28919,,11,2,0,2,2,0,2,0,0,0,0,0
25125,,7,0,2,2,0,2,2,8,0.265468,0.276815,0,0.5
25126,,8,0,1,1,0,1,1,9,0.227374,0.234422,0,0
25127,,284,0,1,1,0,1,1,1,1,1,0,0
25128,,284,1,0,1,1,0,1,0,0,0,0,0
25129,,7,0,5,5,0,5,5,8,0.252677,0.262092,0,0.2
25130,,15,0,1,1,0,1,1,9,0.224977,0.231842,0,0
25132,,285,0,1,1,0,1,1,3,0.470588,0.520833,0,0
25133,,5,0,1,1,0,1,1,8,0.251664,0.260845,0,0
25135,,7,1,0,1,1,0,1,0,0,0,0,0
25137,,11,0,1,1,0,1,1,8,0.216596,0.222828,0,0
25143,,8,0,1,1,0,1,1,9,0.226957,0.234476,0,0
25147,,8,0,1,1,0,1,1,9,0.219316,0.225988,0,0
25148,,13,0,1,1,0,1,1,9,0.217837,0.224577,0,0
25150,,11,0,1,1,0,1,1,8,0.246114,0.255055,0,0
25151,,0,0,1,1,0,1,1,9,0.210708,0.216529,0,0
35562,,6,2,0,2,2,0,2,0,0,0,0,0.5
25154,,16,0,1,1,0,1,1,8,0.257544,0.268689,0,0
34641,,10,1,0,1,1,0,1,0,0,0,0,0
34907,,10,1,0,1,1,0,1,0,0,0,0,0
25157,,1,2,0,2,2,0,2,0,0,0,0,0
25158,,2,0,3,3,0,3,3,9,0.239538,0.248065,0,0.666667
25160,,1,0,3,3,0,3,3,9,0.235164,0.244177,0,0
28035,,7,1,0,1,1,0,1,0,0,0,0,0
25164,,7,0,3,3,0,3,3,8,0.261923,0.272752,0,0.666667
25165,,16,0,3,3,0,3,3,9,0.213301,0.219645,0,0.666667
25167,,8,0,1,1,0,1,1,8,0.229797,0.237062,0,0
29070,,11,2,2,4,2,2,4,8,0.251382,0.261475,0.5,0.666667
25169,,8,0,1,1,0,1,1,8,0.231137,0.237861,0,0
25170,,16,0,2,2,0,2,2,9,0.21958,0.226633,0,0
25171,,8,0,1,1,0,1,1,8,0.244564,0.253553,0,0
25174,,5,0,1,1,0,1,1,8,0.251664,0.260845,0,0
31292,,16,1,0,1,1,0,1,0,0,0,0,0
25177,,13,0,1,1,0,1,1,9,0.217837,0.224577,0,0
25179,,11,0,1,1,0,1,1,9,0.217651,0.224244,0,0
25180,,7,0,1,1,0,1,1,8,0.257706,0.267944,0,0
25181,,10,0,1,1,0,1,1,9,0.222689,0.230064,0,0
25183,,18,0,1,1,0,1,1,9,0.183805,0.188435,0,0
25184,,11,0,1,1,0,1,1,8,0.234266,0.242061,0,0
25185,,8,0,1,1,0,1,1,9,0.230193,0.238549,0,0
25186,,11,0,1,1,0,1,1,8,0.247792,0.25846,0,0
25187,,11,2,1,3,2,1,3,1,1,1,1,0
25189,,11,0,1,1,0,1,1,8,0.235824,0.242716,0,0
25190,,7,0,1,1,0,1,1,9,0.20921,0.214873,0,0
25859,,6,1,1,2,1,1,2,8,0.23449,0.241928,0,1
25193,,8,0,1,1,0,1,1,9,0.195853,0.200442,0,0
25196,,286,0,1,1,0,1,1,1,1,1,0,0
25197,,286,1,0,1,1,0,1,0,0,0,0,0
25198,,5,0,1,1,0,1,1,8,0.231928,0.239836,0,0
25200,,11,0,1,1,0,1,1,9,0.217121,0.223495,0,0
25202,,12,0,1,1,0,1,1,9,0.211784,0.217425,0,0
25203,,16,0,1,1,0,1,1,8,0.257544,0.268689,0,0
25204,,11,0,4,4,0,4,4,8,0.262408,0.273023,0,0.75
25206,,15,0,1,1,0,1,1,9,0.195684,0.200028,0,0
25213,,8,0,1,1,0,1,1,8,0.255022,0.264509,0,0
25214,,15,0,1,1,0,1,1,10,0.201544,0.206705,0,0
25215,,2,0,1,1,0,1,1,8,0.261475,0.272568,0,0
25218,,11,0,1,1,0,1,1,1,1,1,0,0
25219,,7,0,1,1,0,1,1,1,1,1,0,0
25222,,11,0,1,1,0,1,1,8,0.234514,0.24306,0,0
25223,,121,0,1,1,0,1,1,11,0.15145,0.153668,0,0
25224,,15,0,1,1,0,1,1,9,0.211665,0.217249,0,0
25225,,15,0,1,1,0,1,1,10,0.179156,0.182314,0,0
27128,,6,1,0,1,1,0,1,0,0,0,0,0
25230,,11,0,1,1,0,1,1,9,0.224032,0.231579,0,0
25235,,11,0,1,1,0,1,1,9,0.221572,0.228332,0,0
25237,,7,0,6,6,0,6,6,8,0.253925,0.263918,0,0.2
25240,,5,0,1,1,0,1,1,8,0.228875,0.236469,0,0
25243,,16,0,1,1,0,1,1,9,0.219293,0.225533,0,0
25244,,8,0,1,1,0,1,1,9,0.216176,0.222636,0,0
25246,,287,0,1,1,0,1,1,1,1,1,0,0
25247,,287,1,0,1,1,0,1,0,0,0,0,0
25249,,6,0,1,1,0,1,1,8,0.236758,0.244748,0,0
25250,,7,0,7,7,0,7,7,8,0.236464,0.244671,0,0.095238
25251,,1,0,2,2,0,2,2,8,0.264265,0.275522,0,0.5
25252,,15,0,1,1,0,1,1,9,0.209977,0.215427,0,0
25254,,0,0,2,2,0,2,2,8,0.228944,0.236687,0,0
25255,,11,0,1,1,0,1,1,9,0.216577,0.223322,0,0
25256,,2,0,1,1,0,1,1,8,0.261475,0.272568,0,0
25257,,288,0,1,1,0,1,1,1,1,1,0,0
25258,,288,1,0,1,1,0,1,0,0,0,0,0
25259,,11,0,1,1,0,1,1,2,0.666667,0.75,0,0
25264,,10,0,1,1,0,1,1,10,0.187935,0.19206,0,0
25265,,15,0,1,1,0,1,1,10,0.177227,0.18066,0,0
25266,,11,0,1,1,0,1,1,9,0.23129,0.238425,0,0
25267,,15,0,1,1,0,1,1,8,0.225373,0.231994,0,0
25268,,16,0,4,4,0,4,4,8,0.241416,0.249721,0,0.416667
26670,,2,1,0,1,1,0,1,0,0,0,0,0
25270,,15,0,1,1,0,1,1,8,0.225373,0.231994,0,0
25274,,10,0,1,1,0,1,1,8,0.234094,0.242348,0,0
30164,,16,1,1,2,1,1,2,10,0.174564,0.177971,95.75787,0
30724,,9,1,2,3,1,2,3,9,0.224242,0.231778,137.701233,0
25277,,11,0,1,1,0,1,1,8,0.216596,0.222828,0,0
25279,,13,0,3,3,0,3,3,9,0.217851,0.224654,0,0.333333
28762,,13,3,2,5,3,2,5,9,0.217836,0.224598,3311.322834,0.416667
29722,,13,1,2,3,1,2,3,9,0.188973,0.193176,0.333333,0.5
25281,,15,0,3,3,0,3,3,8,0.250199,0.259447,0,0.166667
25282,,11,0,1,1,0,1,1,9,0.224032,0.231579,0,0
25283,,8,0,1,1,0,1,1,9,0.233264,0.241028,0,0
25284,,8,0,1,1,0,1,1,9,0.217001,0.22352,0,0
25289,,10,0,1,1,0,1,1,9,0.227654,0.235503,0,0
25290,,311,1,1,2,1,1,2,2,0.666667,0.75,0,0.5
25291,,16,0,2,2,0,2,2,8,0.247148,0.257088,0,0.5
25293,,8,0,4,4,0,4,4,8,0.262991,0.273864,0,0.166667
25295,,1,0,1,1,0,1,1,9,0.217487,0.223937,0,0
30446,,24,2,0,2,2,0,2,0,0,0,0,0.5
30447,,24,2,0,2,2,0,2,0,0,0,0,0.5
25298,,11,0,1,1,0,1,1,8,0.246114,0.255055,0,0
25300,,21,0,1,1,0,1,1,9,0.221969,0.229196,0,0
25301,,11,0,5,5,0,5,5,8,0.271666,0.283952,0,0.15
25304,,10,0,1,1,0,1,1,9,0.225592,0.232933,0,0
25307,,7,0,1,1,0,1,1,9,0.185941,0.189599,0,0
25308,,7,0,1,1,0,1,1,9,0.211854,0.217545,0,0
25310,,11,0,1,1,0,1,1,9,0.203824,0.20864,0,0
25312,,10,0,1,1,0,1,1,9,0.200149,0.205763,0,0
25313,,11,0,1,1,0,1,1,10,0.166332,0.169155,0,0
25315,,11,0,1,1,0,1,1,9,0.207661,0.213494,0,0
25318,,16,0,1,1,0,1,1,8,0.257544,0.268689,0,0
25319,,16,0,1,1,0,1,1,1,1,1,0,0
25320,,8,0,1,1,0,1,1,9,0.239963,0.248532,0,0
25321,,2,0,1,1,0,1,1,10,0.172717,0.175979,0,0
25322,,15,0,1,1,0,1,1,9,0.215099,0.221134,0,0
25323,,8,0,1,1,0,1,1,9,0.224744,0.232057,0,0
25325,,289,0,1,1,0,1,1,1,1,1,0,0
25326,,289,1,0,1,1,0,1,0,0,0,0,0
25327,,16,0,1,1,0,1,1,8,0.257544,0.268689,0,0
25329,,19,0,1,1,0,1,1,9,0.224454,0.231835,0,0
25332,,12,0,1,1,0,1,1,9,0.195014,0.200132,0,0
25335,,16,0,1,1,0,1,1,8,0.257544,0.268689,0,0
25336,,10,0,1,1,0,1,1,8,0.233638,0.242002,0,0
25337,,11,0,1,1,0,1,1,8,0.230091,0.237701,0,0
25338,,8,0,1,1,0,1,1,9,0.224027,0.230383,0,0
25339,,8,0,1,1,0,1,1,8,0.242744,0.250975,0,0
25340,,6,0,1,1,0,1,1,8,0.247395,0.256736,0,0
25341,,0,0,1,1,0,1,1,9,0.188504,0.192408,0,0
25345,,7,1,0,1,1,0,1,0,0,0,0,0
25347,,0,0,1,1,0,1,1,8,0.230853,0.23867,0,0
25351,,12,0,1,1,0,1,1,9,0.208155,0.213697,0,0
25352,,7,0,2,2,0,2,2,8,0.242482,0.251096,0,0
25353,,8,0,2,2,0,2,2,8,0.263902,0.274974,0,0
25355,,16,0,1,1,0,1,1,8,0.257544,0.268689,0,0
25357,,8,0,1,1,0,1,1,9,0.201734,0.206697,0,0
25358,,8,0,1,1,0,1,1,9,0.201734,0.206697,0,0
25359,,1,0,1,1,0,1,1,10,0.183185,0.186947,0,0
25360,,8,0,1,1,0,1,1,9,0.201734,0.206697,0,0
25361,,11,0,1,1,0,1,1,9,0.218269,0.224871,0,0
25362,,16,0,2,2,0,2,2,8,0.269956,0.282414,0,1
25366,,8,0,1,1,0,1,1,9,0.227489,0.234622,0,0
25367,,11,0,1,1,0,1,1,8,0.227034,0.234934,0,0
25368,,10,0,1,1,0,1,1,9,0.229337,0.237191,0,0
25369,,11,2,2,4,2,2,4,8,0.251389,0.261488,1.25,0.416667
25370,,8,0,1,1,0,1,1,8,0.230108,0.238119,0,0
25371,,18,0,1,1,0,1,1,9,0.21286,0.218905,0,0
25379,,7,0,3,3,0,3,3,8,0.259072,0.269698,0,0.833333
25380,,18,0,1,1,0,1,1,9,0.17804,0.181451,0,0
25381,,11,0,1,1,0,1,1,9,0.202777,0.207926,0,0
25382,,7,0,1,1,0,1,1,9,0.214954,0.220899,0,0
25384,,16,0,1,1,0,1,1,9,0.199712,0.204243,0,0
25385,,1,0,1,1,0,1,1,8,0.224644,0.231298,0,0
25386,,290,0,1,1,0,1,1,1,1,1,0,0
25387,,290,1,0,1,1,0,1,0,0,0,0,0
25388,,21,1,2,3,1,2,3,9,0.217654,0.224278,18823,0.5
25390,,8,0,1,1,0,1,1,9,0.209075,0.214595,0,0
25392,,291,0,1,1,0,1,1,2,0.666667,0.75,0,0
25393,,291,1,1,2,1,1,2,1,1,1,1,0
27414,,291,1,0,1,1,0,1,0,0,0,0,0
25394,,0,0,1,1,0,1,1,9,0.207241,0.212972,0,0
25395,,11,0,1,1,0,1,1,9,0.202777,0.207926,0,0
25396,,16,0,1,1,0,1,1,8,0.257544,0.268689,0,0
25399,,11,0,1,1,0,1,1,9,0.218616,0.225169,0,0
25403,,11,0,1,1,0,1,1,9,0.192148,0.197031,0,0
25404,,11,0,2,2,0,2,2,9,0.237613,0.246349,0,0.5
25407,,15,0,2,2,0,2,2,9,0.20231,0.207312,0,0
25408,,11,0,2,2,0,2,2,9,0.188596,0.192963,0,0.5
25409,,6,0,1,1,0,1,1,8,0.234493,0.241933,0,0
25410,,8,0,1,1,0,1,1,9,0.222889,0.229835,0,0
25412,,8,0,2,2,0,2,2,9,0.211394,0.21767,0,0
25413,,16,0,1,1,0,1,1,1,1,1,0,0
25415,,3,0,3,3,0,3,3,8,0.262881,0.273677,0,0
25416,,11,0,1,1,0,1,1,9,0.216582,0.22242,0,0
25418,,11,0,2,2,0,2,2,8,0.232495,0.239603,0,1
25419,,11,0,1,1,0,1,1,9,0.223681,0.230334,0,0
25420,,6,0,1,1,0,1,1,8,0.230972,0.237602,0,0
25421,,11,0,1,1,0,1,1,9,0.202652,0.208363,0,0
25425,,7,0,1,1,0,1,1,9,0.207609,0.212853,0,0
25426,,11,0,1,1,0,1,1,9,0.224032,0.231579,0,0
25430,,8,0,1,1,0,1,1,8,0.262756,0.273466,0,0
25431,,11,0,1,1,0,1,1,1,1,1,0,0
25433,,11,0,2,2,0,2,2,8,0.25215,0.262311,0,1
25434,,13,0,3,3,0,3,3,9,0.217862,0.224674,0,0.333333
28544,,13,1,2,3,1,2,3,9,0.217846,0.224618,1,0.333333
25435,,6,0,1,1,0,1,1,9,0.203239,0.208464,0,0
25436,,10,0,1,1,0,1,1,9,0.194556,0.198958,0,0
25438,,0,0,1,1,0,1,1,9,0.21102,0.217224,0,0
25440,,7,0,1,1,0,1,1,1,1,1,0,0
25441,,11,0,1,1,0,1,1,9,0.192501,0.19669,0,0
25443,,2,0,1,1,0,1,1,8,0.261475,0.272568,0,0
25444,,7,0,1,1,0,1,1,8,0.239368,0.247149,0,0
25446,,8,0,2,2,0,2,2,9,0.213965,0.2204,0,1
25447,,11,0,1,1,0,1,1,9,0.213579,0.219742,0,0
25448,,10,0,1,1,0,1,1,8,0.233302,0.240064,0,0
25452,,7,0,1,1,0,1,1,8,0.244345,0.253397,0,0
25455,,8,0,1,1,0,1,1,9,0.225042,0.231898,0,0
25457,,8,0,1,1,0,1,1,8,0.240465,0.248606,0,0
25459,,8,0,1,1,0,1,1,1,1,1,0,0
25460,,7,0,1,1,0,1,1,1,1,1,0,0
25461,,5,0,1,1,0,1,1,9,0.190586,0.19498,0,0
25462,,2,0,2,2,0,2,2,8,0.243334,0.252332,0,0
25469,,7,0,2,2,0,2,2,8,0.244275,0.253078,0,1
25470,,0,0,1,1,0,1,1,8,0.242388,0.250662,0,0
25471,,15,0,3,3,0,3,3,9,0.219365,0.226145,0,0.666667
25472,,2,0,1,1,0,1,1,10,0.192793,0.197229,0,0
25474,,11,0,1,1,0,1,1,9,0.23666,0.245195,0,0
25475,,0,0,1,1,0,1,1,9,0.203252,0.208399,0,0
29456,,10,1,1,2,1,1,2,10,0.191292,0.195752,18825,0
25477,,7,0,8,8,0,8,8,7,0.302383,0.318718,0,0.428571
25479,,11,0,1,1,0,1,1,8,0.246659,0.25616,0,0
25481,,15,0,1,1,0,1,1,9,0.211763,0.217801,0,0
25484,,11,0,1,1,0,1,1,9,0.19741,0.202675,0,0
25486,,15,0,1,1,0,1,1,9,0.187724,0.191991,0,0
25489,,0,1,1,2,1,1,2,9,0.206983,0.21211,18827,0
25490,,24,2,2,4,2,2,4,9,0.217655,0.223786,37656,0
25492,,11,0,3,3,0,3,3,9,0.212745,0.218643,0,0.333333
33068,,11,2,2,4,2,2,4,9,0.192415,0.197412,18828,0.166667
25494,,21,0,1,1,0,1,1,9,0.214724,0.220911,0,0
25495,,11,0,1,1,0,1,1,8,0.234514,0.24306,0,0
25496,,292,0,1,1,0,1,1,1,1,1,0,0
25497,,292,1,0,1,1,0,1,0,0,0,0,0
25499,,16,0,1,1,0,1,1,9,0.215102,0.221742,0,0
30359,,21,1,0,1,1,0,1,0,0,0,0,0
25504,,6,0,1,1,0,1,1,2,0.666667,0.75,0,0
25505,,15,0,1,1,0,1,1,8,0.217991,0.224027,0,0
25506,,24,0,1,1,0,1,1,8,0.22375,0.230857,0,0
25532,,56,1,0,1,1,0,1,0,0,0,0,0
25550,,56,2,0,2,2,0,2,0,0,0,0,0
25566,,56,1,0,1,1,0,1,0,0,0,0,0
25510,,8,0,1,1,0,1,1,9,0.196861,0.201292,0,0
25511,,3,0,1,1,0,1,1,9,0.214123,0.219985,0,0
25514,,16,0,1,1,0,1,1,9,0.214878,0.220568,0,0
25515,,8,0,1,1,0,1,1,9,0.198884,0.203512,0,0
25516,,56,0,1,1,0,1,1,9,0.201255,0.205792,0,0
25517,,56,0,1,1,0,1,1,9,0.201255,0.205792,0,0
25518,,56,0,1,1,0,1,1,9,0.201255,0.205792,0,0
25519,,293,0,1,1,0,1,1,1,1,1,0,0
25520,,293,1,0,1,1,0,1,0,0,0,0,0
25521,,56,0,1,1,0,1,1,9,0.201255,0.205792,0,0
25523,,56,0,1,1,0,1,1,9,0.201255,0.205792,0,0
25524,,294,0,1,1,0,1,1,1,1,1,0,0
25525,,294,1,0,1,1,0,1,0,0,0,0,0
25526,,295,0,1,1,0,1,1,1,1,1,0,0
25527,,295,1,0,1,1,0,1,0,0,0,0,0
25528,,56,0,1,1,0,1,1,9,0.201255,0.205792,0,0
25529,,56,0,2,2,0,2,2,11,0.151955,0.153945,0,0
25530,,56,1,0,1,1,0,1,0,0,0,0,0
25531,,11,0,1,1,0,1,1,8,0.236535,0.24595,0,0
25533,,56,0,1,1,0,1,1,9,0.201255,0.205792,0,0
25534,,56,0,1,1,0,1,1,9,0.201255,0.205792,0,0
25631,,56,1,0,1,1,0,1,0,0,0,0,0
25536,,12,0,1,1,0,1,1,10,0.188104,0.191839,0,0
25537,,56,0,1,1,0,1,1,9,0.201255,0.205792,0,0
25538,,7,0,1,1,0,1,1,8,0.272188,0.283721,0,0
25540,,56,0,2,2,0,2,2,9,0.217517,0.22369,0,0
25542,,296,0,1,1,0,1,1,1,1,1,0,0
25543,,296,1,0,1,1,0,1,0,0,0,0,0
25544,,56,0,1,1,0,1,1,9,0.201255,0.205792,0,0
25545,,56,0,1,1,0,1,1,9,0.201255,0.205792,0,0
25547,,56,0,1,1,0,1,1,9,0.201255,0.205792,0,0
25548,,2,0,1,1,0,1,1,9,0.238286,0.246733,0,0
25551,,56,0,1,1,0,1,1,9,0.201255,0.205792,0,0
25552,,56,0,1,1,0,1,1,9,0.201255,0.205792,0,0
25553,,56,0,1,1,0,1,1,9,0.201255,0.205792,0,0
25554,,56,0,1,1,0,1,1,9,0.201255,0.205792,0,0
25556,,56,0,1,1,0,1,1,11,0.151948,0.1539,0,0
25557,,56,0,1,1,0,1,1,9,0.201255,0.205792,0,0
25558,,56,0,1,1,0,1,1,11,0.151948,0.1539,0,0
25560,,56,0,1,1,0,1,1,9,0.201255,0.205792,0,0
25561,,297,0,1,1,0,1,1,1,1,1,0,0
25562,,297,1,0,1,1,0,1,0,0,0,0,0
25563,,298,0,1,1,0,1,1,1,1,1,0,0
25564,,298,1,0,1,1,0,1,0,0,0,0,0
25565,,16,0,1,1,0,1,1,8,0.257544,0.268689,0,0
25567,,56,0,1,1,0,1,1,11,0.151948,0.1539,0,0
25569,,56,0,1,1,0,1,1,9,0.201255,0.205792,0,0
25571,,56,0,1,1,0,1,1,11,0.151948,0.1539,0,0
25572,,56,0,1,1,0,1,1,9,0.201255,0.205792,0,0
25573,,56,0,1,1,0,1,1,11,0.151948,0.1539,0,0
25574,,56,0,1,1,0,1,1,9,0.201255,0.205792,0,0
25575,,56,0,1,1,0,1,1,9,0.201255,0.205792,0,0
25576,,56,0,2,2,0,2,2,11,0.151955,0.153945,0,0
25584,,56,1,0,1,1,0,1,0,0,0,0,0
25577,,56,0,1,1,0,1,1,9,0.201255,0.205792,0,0
25578,,56,0,2,2,0,2,2,9,0.200087,0.204446,0,0
25579,,56,0,1,1,0,1,1,9,0.201255,0.205792,0,0
25580,,56,0,1,1,0,1,1,9,0.201255,0.205792,0,0
25581,,56,0,1,1,0,1,1,9,0.201255,0.205792,0,0
25582,,56,0,1,1,0,1,1,9,0.201255,0.205792,0,0
25585,,12,0,1,1,0,1,1,8,0.234438,0.242011,0,0
25586,,56,0,2,2,0,2,2,8,0.272362,0.28396,0,0
25587,,7,0,1,1,0,1,1,8,0.242475,0.25106,0,0
25588,,56,0,1,1,0,1,1,11,0.151948,0.1539,0,0
25589,,56,0,1,1,0,1,1,9,0.201255,0.205792,0,0
25591,,299,0,1,1,0,1,1,1,1,1,0,0
25592,,299,1,0,1,1,0,1,0,0,0,0,0
25594,,56,0,1,1,0,1,1,9,0.201255,0.205792,0,0
25595,,56,0,2,2,0,2,2,8,0.272362,0.28396,0,0
25596,,56,0,1,1,0,1,1,9,0.201255,0.205792,0,0
25597,,56,0,1,1,0,1,1,11,0.151948,0.1539,0,0
25600,,56,0,1,1,0,1,1,11,0.151948,0.1539,0,0
25601,,56,0,1,1,0,1,1,11,0.151948,0.1539,0,0
25602,,56,0,4,4,0,4,4,11,0.151969,0.154035,0,0
25603,,56,1,0,1,1,0,1,0,0,0,0,0
25604,,56,1,0,1,1,0,1,0,0,0,0,0
25607,,56,1,0,1,1,0,1,0,0,0,0,0
25605,,56,0,1,1,0,1,1,9,0.201255,0.205792,0,0
25606,,10,0,1,1,0,1,1,9,0.216233,0.222581,0,0
25608,,2,0,1,1,0,1,1,8,0.261475,0.272568,0,0
25609,,56,0,1,1,0,1,1,11,0.151948,0.1539,0,0
25610,,56,0,1,1,0,1,1,11,0.151948,0.1539,0,0
25611,,56,0,1,1,0,1,1,11,0.151948,0.1539,0,0
25612,,6,0,3,3,0,3,3,9,0.195546,0.20006,0,0.166667
25614,,56,0,1,1,0,1,1,11,0.151948,0.1539,0,0
25615,,16,0,1,1,0,1,1,9,0.194446,0.198721,0,0
25617,,7,0,1,1,0,1,1,9,0.234601,0.242743,0,0
25618,,56,0,1,1,0,1,1,1,1,1,0,0
25621,,56,1,2,3,1,2,3,9,0.216574,0.22279,18827,0
25622,,56,0,1,1,0,1,1,9,0.201255,0.205792,0,0
25624,,11,0,1,1,0,1,1,9,0.219513,0.226196,0,0
25625,,56,0,1,1,0,1,1,11,0.151948,0.1539,0,0
25627,,56,0,2,2,0,2,2,9,0.201264,0.205834,0,0
25628,,56,1,0,1,1,0,1,0,0,0,0,0
25629,,12,0,1,1,0,1,1,10,0.188104,0.191839,0,0
25630,,8,0,1,1,0,1,1,9,0.214157,0.220261,0,0
25632,,24,0,1,1,0,1,1,9,0.204515,0.209488,0,0
25633,,56,0,1,1,0,1,1,11,0.151948,0.1539,0,0
25635,,5,0,1,1,0,1,1,9,0.215082,0.221433,0,0
25636,,56,0,2,2,0,2,2,9,0.216604,0.222585,0,0
25637,,16,0,1,1,0,1,1,9,0.210713,0.216558,0,0
25638,,56,0,1,1,0,1,1,11,0.151948,0.1539,0,0
25639,,56,0,1,1,0,1,1,11,0.151948,0.1539,0,0
25640,,56,0,1,1,0,1,1,9,0.201255,0.205792,0,0
25641,,7,0,2,2,0,2,2,8,0.228448,0.23503,0,0
25642,,7,2,0,2,2,0,2,0,0,0,0,0
25645,,56,0,1,1,0,1,1,11,0.151948,0.1539,0,0
25646,,7,0,1,1,0,1,1,1,1,1,0,0
25649,,10,0,1,1,0,1,1,1,1,1,0,0
25651,,11,0,1,1,0,1,1,9,0.232386,0.240377,0,0
25652,,56,0,1,1,0,1,1,11,0.151948,0.1539,0,0
25653,,56,0,1,1,0,1,1,11,0.151948,0.1539,0,0
25655,,16,0,3,3,0,3,3,8,0.242216,0.250705,0,0.666667
25656,,11,0,1,1,0,1,1,9,0.224032,0.231579,0,0
25657,,11,0,3,3,0,3,3,9,0.201014,0.206476,0,0.5
25659,,8,0,1,1,0,1,1,9,0.231387,0.239068,0,0
25660,,12,0,1,1,0,1,1,1,1,1,0,0
25664,,5,0,1,1,0,1,1,8,0.245851,0.255055,0,0
25665,,56,0,1,1,0,1,1,11,0.151948,0.1539,0,0
25667,,10,0,1,1,0,1,1,1,1,1,0,0
25671,,56,0,1,1,0,1,1,11,0.151948,0.1539,0,0
25673,,8,0,2,2,0,2,2,9,0.231396,0.239109,0,0.5
25951,,8,2,1,3,2,1,3,9,0.231387,0.239068,0,0.333333
25674,,12,0,1,1,0,1,1,9,0.18994,0.193917,0,0
25675,,56,0,1,1,0,1,1,11,0.151948,0.1539,0,0
25676,,11,0,1,1,0,1,1,9,0.224032,0.231579,0,0
25678,,11,1,1,2,1,1,2,9,0.219883,0.226442,335.281416,0
25679,,56,0,1,1,0,1,1,9,0.201255,0.205792,0,0
25680,,8,0,1,1,0,1,1,8,0.262756,0.273466,0,0
25681,,8,0,1,1,0,1,1,9,0.231387,0.239068,0,0
25683,,56,0,1,1,0,1,1,9,0.201255,0.205792,0,0
25684,,8,0,1,1,0,1,1,8,0.229889,0.237489,0,0
25685,,300,0,1,1,0,1,1,1,1,1,0,0
25686,,300,1,0,1,1,0,1,0,0,0,0,0
25687,,56,0,1,1,0,1,1,9,0.201255,0.205792,0,0
25688,,56,0,1,1,0,1,1,9,0.201255,0.205792,0,0
25690,,24,0,1,1,0,1,1,9,0.231745,0.239907,0,0
25692,,24,0,1,1,0,1,1,10,0.188163,0.192444,0,0
25694,,56,0,1,1,0,1,1,9,0.201255,0.205792,0,0
25696,,56,0,1,1,0,1,1,11,0.151948,0.1539,0,0
25697,,56,0,1,1,0,1,1,9,0.201255,0.205792,0,0
25698,,11,0,1,1,0,1,1,8,0.216596,0.222828,0,0
25699,,8,0,2,2,0,2,2,9,0.208519,0.21396,0,0
25700,,8,1,0,1,1,0,1,0,0,0,0,0
25701,,7,0,1,1,0,1,1,8,0.242475,0.25106,0,0
25702,,56,0,2,2,0,2,2,9,0.201264,0.205834,0,0
25703,,56,1,0,1,1,0,1,0,0,0,0,0
25707,,1,0,1,1,0,1,1,10,0.178303,0.181862,0,0
25711,,7,0,2,2,0,2,2,8,0.242482,0.251096,0,1
25712,,301,0,1,1,0,1,1,1,1,1,0,0
25713,,301,1,0,1,1,0,1,0,0,0,0,0
25715,,56,0,1,1,0,1,1,11,0.151948,0.1539,0,0
25716,,13,0,1,1,0,1,1,9,0.217837,0.224577,0,0
25717,,10,0,2,2,0,2,2,9,0.218428,0.224583,0,0
27438,,11,1,0,1,1,0,1,0,0,0,0,0
26025,,0,2,4,6,2,4,6,8,0.239194,0.246764,18905.799132,0
25719,,11,0,1,1,0,1,1,9,0.213504,0.219764,0,0
25720,,11,0,1,1,0,1,1,9,0.202914,0.208136,0,0
25721,,16,0,11,11,0,11,11,9,0.216079,0.222054,0,0.009091
25722,,16,1,0,1,1,0,1,0,0,0,0,0
25723,,16,1,0,1,1,0,1,0,0,0,0,0
25724,,16,1,0,1,1,0,1,0,0,0,0,0
25725,,16,1,0,1,1,0,1,0,0,0,0,0
25726,,16,1,0,1,1,0,1,0,0,0,0,0
25727,,16,1,1,2,1,1,2,8,0.235105,0.243285,2641.553299,0
25728,,16,1,0,1,1,0,1,0,0,0,0,0
25729,,12,0,1,1,0,1,1,9,0.196125,0.200716,0,0
25730,,10,0,1,1,0,1,1,10,0.163742,0.166293,0,0
25731,,11,0,1,1,0,1,1,9,0.214709,0.22087,0,0
25733,,0,0,1,1,0,1,1,9,0.200249,0.205725,0,0
25735,,8,0,2,2,0,2,2,9,0.231848,0.240019,0,0
25737,,11,0,1,1,0,1,1,9,0.224032,0.231579,0,0
25740,,11,0,1,1,0,1,1,1,1,1,0,0
25743,,11,1,1,2,1,1,2,8,0.251379,0.261448,0,1
25744,,8,0,1,1,0,1,1,9,0.195862,0.200216,0,0
25745,,10,0,1,1,0,1,1,9,0.219613,0.225769,0,0
25748,,8,1,2,3,1,2,3,8,0.248341,0.25725,16.210343,0
25749,,5,0,1,1,0,1,1,8,0.245851,0.255055,0,0
25750,,8,0,1,1,0,1,1,1,1,1,0,0
25753,,10,0,1,1,0,1,1,8,0.236767,0.24412,0,0
25758,,302,0,1,1,0,1,1,1,1,1,0,0
25759,,302,1,0,1,1,0,1,0,0,0,0,0
27781,,8,1,0,1,1,0,1,0,0,0,0,0
25765,,56,0,1,1,0,1,1,11,0.151948,0.1539,0,0
25767,,13,1,1,2,1,1,2,9,0.217837,0.224577,0,0.5
25768,,11,0,2,2,0,2,2,8,0.263613,0.274516,0,0
25769,,11,0,1,1,0,1,1,9,0.214724,0.220774,0,0
25770,,8,0,1,1,0,1,1,9,0.231387,0.239068,0,0
25773,,24,0,1,1,0,1,1,8,0.22375,0.230857,0,0
25775,,56,0,1,1,0,1,1,10,0.178027,0.181415,0,0
25776,,12,0,1,1,0,1,1,9,0.195014,0.200132,0,0
25778,,8,0,1,1,0,1,1,10,0.15558,0.157905,0,0
26880,,8,1,0,1,1,0,1,0,0,0,0,0
25786,,56,0,1,1,0,1,1,9,0.201255,0.205792,0,0
25788,,8,0,1,1,0,1,1,9,0.214604,0.220903,0,0
25789,,2,0,1,1,0,1,1,8,0.261475,0.272568,0,0
25792,,24,1,1,2,1,1,2,9,0.218341,0.22515,18825,0
25794,,6,0,1,1,0,1,1,9,0.204253,0.209483,0,0
25795,,10,0,1,1,0,1,1,9,0.220762,0.22725,0,0
25799,,56,0,1,1,0,1,1,9,0.201255,0.205792,0,0
25800,,56,0,1,1,0,1,1,9,0.201255,0.205792,0,0
25802,,56,0,1,1,0,1,1,9,0.201255,0.205792,0,0
25803,,6,0,1,1,0,1,1,1,1,1,0,0
25805,,56,0,1,1,0,1,1,11,0.151948,0.1539,0,0
25806,,7,0,1,1,0,1,1,9,0.220744,0.227032,0,0
25808,,2,0,1,1,0,1,1,10,0.172717,0.175979,0,0
25809,,9,0,4,4,0,4,4,9,0.221083,0.228005,0,0
25810,,10,0,1,1,0,1,1,9,0.229752,0.236924,0,0
25814,,8,0,1,1,0,1,1,9,0.220062,0.226484,0,0
25815,,7,0,1,1,0,1,1,1,1,1,0,0
25817,,56,0,1,1,0,1,1,9,0.201255,0.205792,0,0
25818,,56,0,1,1,0,1,1,9,0.201255,0.205792,0,0
25820,,56,0,1,1,0,1,1,9,0.201255,0.205792,0,0
25822,,56,0,1,1,0,1,1,9,0.201255,0.205792,0,0
25823,,303,0,1,1,0,1,1,1,1,1,0,0
25824,,303,1,0,1,1,0,1,0,0,0,0,0
25825,,7,0,2,2,0,2,2,8,0.242478,0.251087,0,1
25826,,11,0,1,1,0,1,1,9,0.221572,0.228332,0,0
25827,,8,0,2,2,0,2,2,9,0.232501,0.240227,0,0.5
25828,,56,0,1,1,0,1,1,9,0.201255,0.205792,0,0
25829,,16,0,1,1,0,1,1,8,0.257544,0.268689,0,0
25831,,15,1,1,2,1,1,2,1,1,1,0,0
25832,,56,0,1,1,0,1,1,9,0.201255,0.205792,0,0
25833,,7,0,1,1,0,1,1,1,1,1,0,0
25834,,2,0,1,1,0,1,1,10,0.192793,0.197229,0,0
25835,,56,0,1,1,0,1,1,9,0.201255,0.205792,0,0
25838,,11,0,1,1,0,1,1,9,0.199733,0.205084,0,0
25841,,8,0,1,1,0,1,1,9,0.231868,0.240196,0,0
25842,,56,0,1,1,0,1,1,9,0.201255,0.205792,0,0
25844,,56,0,1,1,0,1,1,9,0.201255,0.205792,0,0
25846,,8,0,1,1,0,1,1,9,0.226957,0.234476,0,0
25847,,8,0,1,1,0,1,1,8,0.262756,0.273466,0,0
25849,,11,0,1,1,0,1,1,9,0.219952,0.2264,0,0
25850,,7,0,1,1,0,1,1,9,0.214766,0.220717,0,0
25851,,15,0,1,1,0,1,1,9,0.215533,0.221823,0,0
25852,,2,0,3,3,0,3,3,8,0.264131,0.275158,0,0.166667
25856,,9,0,3,3,0,3,3,8,0.263514,0.274478,0,0
25857,,8,0,1,1,0,1,1,8,0.248761,0.257751,0,0
25862,,8,0,1,1,0,1,1,8,0.230108,0.238119,0,0
25863,,16,0,1,1,0,1,1,8,0.257544,0.268689,0,0
25867,,8,0,1,1,0,1,1,8,0.263621,0.273995,0,0
25868,,8,0,3,3,0,3,3,8,0.265644,0.276465,0,0.166667
25870,,11,0,1,1,0,1,1,8,0.239018,0.246295,0,0
25871,,10,0,2,2,0,2,2,9,0.227949,0.235943,0,0.5
25879,,7,0,1,1,0,1,1,9,0.199038,0.203888,0,0
25882,,7,0,1,1,0,1,1,9,0.214323,0.220605,0,0
25885,,5,0,1,1,0,1,1,1,1,1,0,0
25886,,2,0,1,1,0,1,1,9,0.208767,0.214577,0,0
25888,,9,0,2,2,0,2,2,8,0.24615,0.255478,0,0
25889,,7,0,3,3,0,3,3,7,0.294706,0.309503,0,0.833333
25890,,4,0,1,1,0,1,1,11,0.152948,0.155062,0,0
25892,,11,0,1,1,0,1,1,9,0.188592,0.192928,0,0
25893,,10,0,1,1,0,1,1,9,0.204016,0.209071,0,0
25895,,7,0,1,1,0,1,1,9,0.196522,0.201122,0,0
25896,,6,0,2,2,0,2,2,9,0.204075,0.209265,0,0.5
25898,,8,0,1,1,0,1,1,9,0.207323,0.212821,0,0
25901,,11,0,1,1,0,1,1,8,0.251382,0.261452,0,0
32517,,10,1,0,1,1,0,1,0,0,0,0,0
25905,,0,0,1,1,0,1,1,8,0.228936,0.236648,0,0
25906,,7,0,2,2,0,2,2,9,0.224781,0.232028,0,0.5
25908,,6,2,1,3,2,1,3,11,0.144724,0.146601,19196.46675,0
25910,,8,0,2,2,0,2,2,8,0.247074,0.255682,0,0
30213,,8,1,0,1,1,0,1,0,0,0,0,0
25912,,8,0,1,1,0,1,1,9,0.206028,0.211464,0,0
25913,,1,0,1,1,0,1,1,9,0.217487,0.223937,0,0
25914,,10,0,2,2,0,2,2,8,0.248443,0.257999,0,0
27572,,10,1,1,2,1,1,2,1,1,1,0.5,0
25916,,304,0,1,1,0,1,1,1,1,1,0,0
25917,,304,1,0,1,1,0,1,0,0,0,0,0
25919,,16,0,1,1,0,1,1,9,0.217166,0.223047,0,0
25920,,8,0,3,3,0,3,3,9,0.23737,0.245744,0,0.333333
25921,,11,0,1,1,0,1,1,8,0.237376,0.246856,0,0
25923,,9,0,1,1,0,1,1,10,0.164896,0.168023,0,0
25924,,15,0,1,1,0,1,1,9,0.198517,0.203383,0,0
25926,,11,0,2,2,0,2,2,9,0.196125,0.200795,0,0.5
25928,,125,0,1,1,0,1,1,2,0.666667,0.75,0,0
25929,,8,0,1,1,0,1,1,9,0.221956,0.228716,0,0
25930,,11,0,1,1,0,1,1,9,0.206086,0.211843,0,0
25932,,8,0,1,1,0,1,1,8,0.263621,0.273995,0,0
25933,,8,0,1,1,0,1,1,8,0.263621,0.273995,0,0
25934,,11,0,1,1,0,1,1,9,0.206829,0.212265,0,0
25935,,0,0,1,1,0,1,1,9,0.218294,0.224558,0,0
25936,,21,0,1,1,0,1,1,1,1,1,0,0
25940,,2,0,1,1,0,1,1,9,0.238286,0.246733,0,0
25941,,305,0,1,1,0,1,1,1,1,1,0,0
25942,,305,1,0,1,1,0,1,0,0,0,0,0
25945,,7,0,1,1,0,1,1,10,0.185014,0.188912,0,0
25948,,8,0,1,1,0,1,1,9,0.233264,0.241028,0,0
25949,,10,0,1,1,0,1,1,9,0.198304,0.203062,0,0
25950,,8,0,1,1,0,1,1,9,0.198884,0.203512,0,0
25953,,24,0,3,3,0,3,3,9,0.233789,0.242196,0,0.166667
25955,,7,0,2,2,0,2,2,8,0.265667,0.277083,0,0.5
25960,,15,0,1,1,0,1,1,9,0.219926,0.226711,0,0
25961,,0,0,2,2,0,2,2,8,0.228967,0.236713,0,0.5
25962,,16,0,1,1,0,1,1,8,0.257544,0.268689,0,0
25963,,7,0,1,1,0,1,1,7,0.293553,0.307954,0,0
25964,,11,0,1,1,0,1,1,10,0.184133,0.188043,0,0
25966,,11,0,1,1,0,1,1,9,0.222226,0.228905,0,0
25967,,0,0,2,2,0,2,2,8,0.226812,0.234293,0,1
25968,,7,0,1,1,0,1,1,8,0.244494,0.252927,0,0
25969,,11,0,1,1,0,1,1,10,0.18857,0.192753,0,0
25970,,10,0,2,2,0,2,2,9,0.213526,0.219447,0,0
25974,,11,0,1,1,0,1,1,9,0.190792,0.195183,0,0
25975,,5,0,1,1,0,1,1,9,0.226283,0.233092,0,0
25977,,11,0,1,1,0,1,1,9,0.214724,0.220774,0,0
25978,,15,0,1,1,0,1,1,9,0.215151,0.221458,0,0
25980,,15,0,1,1,0,1,1,9,0.184242,0.18812,0,0
25983,,11,0,1,1,0,1,1,8,0.229011,0.236303,0,0
25984,,15,0,1,1,0,1,1,9,0.215151,0.221458,0,0
25985,,16,0,1,1,0,1,1,8,0.233279,0.241109,0,0
25987,,16,0,1,1,0,1,1,8,0.257544,0.268689,0,0
25991,,7,0,2,2,0,2,2,8,0.24888,0.257889,0,0
25992,,15,0,1,1,0,1,1,8,0.217234,0.223577,0,0
25996,,5,0,1,1,0,1,1,8,0.248302,0.257867,0,0
25999,,12,0,2,2,0,2,2,8,0.231466,0.239477,0,0
26000,,16,0,1,1,0,1,1,8,0.257544,0.268689,0,0
26002,,7,0,1,1,0,1,1,1,1,1,0,0
26003,,11,0,1,1,0,1,1,8,0.229011,0.236303,0,0
26005,,19,0,1,1,0,1,1,9,0.224454,0.231835,0,0
26007,,306,0,1,1,0,1,1,1,1,1,0,0
26008,,306,1,0,1,1,0,1,0,0,0,0,0
26009,,8,0,1,1,0,1,1,9,0.226025,0.232676,0,0
26010,,0,0,4,4,0,4,4,8,0.232342,0.239353,0,0
28682,,0,1,0,1,1,0,1,0,0,0,0,0
26448,,6,1,3,4,1,3,4,8,0.235269,0.242828,12016.295195,0.333333
26015,,307,1,1,2,1,1,2,1,1,1,1,0
26016,,307,1,0,1,1,0,1,0,0,0,0,0
26017,,7,0,1,1,0,1,1,9,0.20921,0.214873,0,0
26026,,11,0,2,2,0,2,2,8,0.246117,0.255081,0,1
26028,,308,0,1,1,0,1,1,1,1,1,0,0
26029,,308,1,0,1,1,0,1,0,0,0,0,0
26031,,16,0,1,1,0,1,1,8,0.257544,0.268689,0,0
26032,,16,0,1,1,0,1,1,9,0.210713,0.216558,0,0
26033,,8,0,2,2,0,2,2,9,0.231392,0.239104,0,0.5
26035,,21,0,1,1,0,1,1,9,0.221969,0.229196,0,0
26037,,11,0,1,1,0,1,1,9,0.185415,0.189394,0,0
28972,,9,1,1,2,1,1,2,9,0.18979,0.194145,0,0
29236,,9,1,0,1,1,0,1,0,0,0,0,0
29280,,9,1,2,3,1,2,3,9,0.189792,0.194172,0,0.5
29526,,9,1,0,1,1,0,1,0,0,0,0,0
29675,,9,2,0,2,2,0,2,0,0,0,0,1
29946,,9,1,0,1,1,0,1,0,0,0,0,0
29994,,9,2,2,4,2,2,4,9,0.189792,0.194172,0,1
30010,,9,2,2,4,2,2,4,9,0.189792,0.194172,0,1
26039,,11,0,1,1,0,1,1,8,0.251382,0.261452,0,0
26040,,10,0,1,1,0,1,1,9,0.234856,0.243135,0,0
26041,,12,0,1,1,0,1,1,9,0.213606,0.219549,0,0
26042,,13,0,1,1,0,1,1,9,0.188967,0.193136,0,0
26043,,11,0,1,1,0,1,1,9,0.23129,0.238425,0,0
26044,,16,0,1,1,0,1,1,8,0.234941,0.243151,0,0
26045,,11,0,1,1,0,1,1,9,0.208871,0.214468,0,0
26046,,15,0,1,1,0,1,1,10,0.158836,0.161434,0,0
26047,,11,0,1,1,0,1,1,11,0.157573,0.160048,0,0
26049,,8,0,1,1,0,1,1,8,0.262756,0.273466,0,0
26050,,7,1,2,3,1,2,3,8,0.263459,0.275193,172.331372,0.5
26051,,24,0,2,2,0,2,2,9,0.231785,0.239992,0,1
26055,,10,0,2,2,0,2,2,8,0.249715,0.260661,0,1
26057,,11,0,1,1,0,1,1,8,0.251382,0.261452,0,0
26058,,21,0,3,3,0,3,3,9,0.224411,0.232025,0,1
26059,,11,0,1,1,0,1,1,8,0.229011,0.236303,0,0
26060,,8,0,4,4,0,4,4,8,0.248545,0.258387,0,0.25
26065,,0,0,1,1,0,1,1,8,0.230853,0.23867,0,0
26066,,16,0,1,1,0,1,1,9,0.192478,0.197236,0,0
26067,,11,0,1,1,0,1,1,8,0.216596,0.222828,0,0
26068,,16,0,1,1,0,1,1,8,0.257544,0.268689,0,0
26069,,1,0,1,1,0,1,1,8,0.224644,0.231298,0,0
26070,,1,0,1,1,0,1,1,8,0.224644,0.231298,0,0
26071,,8,0,1,1,0,1,1,9,0.21009,0.21546,0,0
26076,,24,0,1,1,0,1,1,9,0.231745,0.239907,0,0
26079,,16,0,1,1,0,1,1,1,1,1,0,0
26081,,11,0,1,1,0,1,1,9,0.213504,0.219764,0,0
26085,,15,0,2,2,0,2,2,9,0.211737,0.21763,0,0.5
26086,,8,0,2,2,0,2,2,9,0.220014,0.226513,0,0.5
26087,,21,1,2,3,1,2,3,9,0.198687,0.203188,1.02,0
26090,,11,0,2,2,0,2,2,8,0.248063,0.258186,0,0.5
26092,,8,0,1,1,0,1,1,8,0.230108,0.238119,0,0
26093,,8,0,3,3,0,3,3,8,0.248643,0.258121,0,0
26094,,15,0,3,3,0,3,3,8,0.243098,0.251339,0,0
26096,,8,0,1,1,0,1,1,8,0.233056,0.241283,0,0
26097,,7,0,1,1,0,1,1,9,0.222499,0.229441,0,0
26098,,7,0,2,2,0,2,2,8,0.242697,0.251392,0,0.5
26101,,7,0,1,1,0,1,1,9,0.210826,0.216917,0,0
26102,,1,0,1,1,0,1,1,9,0.217487,0.223937,0,0
26104,,11,0,4,4,0,4,4,8,0.251782,0.262197,0,0.5
26106,,11,0,1,1,0,1,1,9,0.21948,0.225447,0,0
31866,,11,1,2,3,1,2,3,8,0.251389,0.261488,0.866667,0.666667
33388,,11,1,1,2,1,1,2,8,0.251379,0.261448,0,1
26108,,15,0,1,1,0,1,1,9,0.214648,0.220517,0,0
26109,,8,0,2,2,0,2,2,9,0.196186,0.200439,0,0.5
26110,,15,0,2,2,0,2,2,8,0.262014,0.273222,0,1
26111,,8,0,1,1,0,1,1,9,0.220764,0.227698,0,0
26113,,7,0,1,1,0,1,1,8,0.244345,0.253397,0,0
26114,,11,0,3,3,0,3,3,9,0.218215,0.2246,0,0
26115,,11,1,0,1,1,0,1,0,0,0,0,0
26116,,11,0,1,1,0,1,1,10,0.169317,0.172045,0,0
26118,,9,0,2,2,0,2,2,9,0.185658,0.19008,0,1
26119,,15,0,1,1,0,1,1,9,0.219926,0.226711,0,0
26121,,11,0,1,1,0,1,1,8,0.242301,0.250673,0,0
26122,,13,0,1,1,0,1,1,8,0.235883,0.243933,0,0
26126,,10,1,4,5,1,4,5,9,0.218363,0.224844,18828,0
26127,,10,1,0,1,1,0,1,0,0,0,0,0
29464,,10,1,1,2,1,1,2,10,0.179228,0.182735,0,0
26128,,16,0,1,1,0,1,1,8,0.257544,0.268689,0,0
26130,,309,0,1,1,0,1,1,1,1,1,0,0
26131,,309,1,0,1,1,0,1,0,0,0,0,0
28894,,7,1,0,1,1,0,1,0,0,0,0,0
27703,,7,1,6,7,1,6,7,8,0.264436,0.276099,141.346091,0.02381
29561,,7,1,0,1,1,0,1,0,0,0,0,0
26135,,16,0,1,1,0,1,1,8,0.236961,0.24442,0,0
26136,,8,0,1,1,0,1,1,9,0.223726,0.230675,0,0
26137,,11,0,1,1,0,1,1,10,0.184136,0.187988,0,0
26138,,21,0,1,1,0,1,1,9,0.221969,0.229196,0,0
26140,,15,0,2,2,0,2,2,9,0.183741,0.187822,0,0
26142,,11,0,1,1,0,1,1,8,0.240389,0.248209,0,0
26145,,6,0,1,1,0,1,1,8,0.25615,0.266929,0,0
26739,,13,1,1,2,1,1,2,10,0.17888,0.182559,0,0
29554,,13,4,1,5,4,1,5,10,0.178876,0.182545,63624,0
26147,,24,0,1,1,0,1,1,9,0.216587,0.222886,0,0
28472,,6,3,2,5,3,2,5,11,0.144726,0.146637,18829.787037,0.166667
34195,,6,1,2,3,1,2,3,11,0.144726,0.146637,0,1
26150,,15,0,1,1,0,1,1,9,0.215151,0.221458,0,0
26151,,16,0,1,1,0,1,1,9,0.211834,0.217468,0,0
26154,,13,0,2,2,0,2,2,8,0.235998,0.244095,0,1
26156,,16,0,2,2,0,2,2,10,0.173055,0.176312,0,0
26157,,11,0,1,1,0,1,1,8,0.239859,0.247713,0,0
26159,,15,0,1,1,0,1,1,9,0.220858,0.227933,0,0
26160,,2,0,1,1,0,1,1,9,0.238286,0.246733,0,0
26161,,11,0,1,1,0,1,1,9,0.202777,0.207926,0,0
26163,,10,0,1,1,0,1,1,8,0.244161,0.253367,0,0
29728,,9,1,0,1,1,0,1,0,0,0,0,0
30748,,9,1,0,1,1,0,1,0,0,0,0,0
26165,,11,0,1,1,0,1,1,9,0.224805,0.232229,0,0
26167,,18,0,1,1,0,1,1,9,0.183805,0.188435,0,0
26168,,8,0,2,2,0,2,2,9,0.215377,0.22146,0,0.5
26169,,11,0,1,1,0,1,1,10,0.186715,0.190764,0,0
26170,,10,0,1,1,0,1,1,10,0.191907,0.196436,0,0
26171,,8,0,1,1,0,1,1,8,0.262756,0.273466,0,0
26174,,8,0,3,3,0,3,3,8,0.259361,0.270214,0,0.333333
26175,,310,0,1,1,0,1,1,1,1,1,0,0
26176,,310,1,0,1,1,0,1,0,0,0,0,0
26178,,5,0,1,1,0,1,1,9,0.212622,0.218545,0,0
26181,,11,0,2,2,0,2,2,8,0.248774,0.257793,0,0
26182,,11,2,0,2,2,0,2,0,0,0,0,0
26184,,5,0,1,1,0,1,1,9,0.214673,0.220515,0,0
26186,,5,0,2,2,0,2,2,8,0.234596,0.242669,0,1
26187,,11,0,1,1,0,1,1,8,0.216596,0.222828,0,0
26188,,21,0,1,1,0,1,1,9,0.221969,0.229196,0,0
26189,,8,0,1,1,0,1,1,8,0.251452,0.260347,0,0
26190,,8,0,1,1,0,1,1,8,0.229889,0.237489,0,0
26191,,7,0,1,1,0,1,1,9,0.206708,0.212248,0,0
26192,,16,0,2,2,0,2,2,8,0.257554,0.268727,0,0
31154,,16,1,0,1,1,0,1,0,0,0,0,0
26202,,8,0,1,1,0,1,1,9,0.214697,0.220825,0,0
26203,,7,0,1,1,0,1,1,9,0.215311,0.221351,0,0
26204,,16,0,2,2,0,2,2,8,0.257565,0.26875,0,0
26206,,8,0,1,1,0,1,1,9,0.231387,0.239068,0,0
26209,,15,0,1,1,0,1,1,9,0.210252,0.215802,0,0
26210,,0,0,1,1,0,1,1,9,0.188504,0.192408,0,0
26211,,16,0,3,3,0,3,3,9,0.228588,0.236427,0,0.666667
26212,,1,0,1,1,0,1,1,9,0.216779,0.223052,0,0
26213,,7,0,1,1,0,1,1,9,0.216338,0.222582,0,0
26214,,311,0,4,4,0,4,4,2,0.833333,0.9,0,0.083333
26380,,311,2,0,2,2,0,2,0,0,0,0,0
27606,,311,1,0,1,1,0,1,0,0,0,0,0
26215,,16,0,1,1,0,1,1,10,0.167065,0.169948,0,0
26217,,16,0,1,1,0,1,1,1,1,1,0,0
26224,,11,0,1,1,0,1,1,9,0.222226,0.228905,0,0
26225,,16,0,1,1,0,1,1,8,0.236961,0.24442,0,0
26226,,8,0,1,1,0,1,1,9,0.230193,0.238549,0,0
26228,,16,0,1,1,0,1,1,8,0.257544,0.268689,0,0
26229,,8,0,3,3,0,3,3,8,0.264796,0.276021,0,0.333333
26230,,16,0,1,1,0,1,1,8,0.235753,0.244207,0,0
26232,,7,0,1,1,0,1,1,1,1,1,0,0
26234,,8,0,1,1,0,1,1,10,0.172257,0.175171,0,0
26235,,11,0,1,1,0,1,1,8,0.229011,0.236303,0,0
26238,,13,0,1,1,0,1,1,8,0.234601,0.241751,0,0
26243,,7,0,1,1,0,1,1,9,0.235473,0.242933,0,0
26244,,16,0,1,1,0,1,1,8,0.238712,0.2466,0,0
26245,,7,0,1,1,0,1,1,8,0.227715,0.234326,0,0
26247,,11,0,1,1,0,1,1,8,0.230091,0.237701,0,0
26248,,11,0,1,1,0,1,1,10,0.184129,0.188034,0,0
26249,,7,0,1,1,0,1,1,8,0.2284,0.235296,0,0
26250,,7,0,1,1,0,1,1,9,0.210959,0.216513,0,0
26251,,11,0,1,1,0,1,1,9,0.229659,0.236946,0,0
26253,,5,0,2,2,0,2,2,1,1,1,0,0
26256,,8,0,1,1,0,1,1,10,0.186859,0.190925,0,0
26258,,0,0,1,1,0,1,1,8,0.238232,0.246371,0,0
26261,,21,1,0,1,1,0,1,0,0,0,0,0
26263,,0,0,1,1,0,1,1,10,0.171668,0.174869,0,0
26264,,19,0,1,1,0,1,1,9,0.188054,0.192248,0,0
26265,,16,0,4,4,0,4,4,8,0.237125,0.246079,0,0.916667
26266,,12,0,1,1,0,1,1,9,0.208155,0.213697,0,0
26270,,11,0,1,1,0,1,1,9,0.209403,0.215495,0,0
26271,,16,0,2,2,0,2,2,9,0.20979,0.2157,0,1
26272,,16,0,1,1,0,1,1,8,0.257544,0.268689,0,0
26273,,8,0,12,12,0,12,12,8,0.27647,0.289708,0,0.363636
34055,,8,1,0,1,1,0,1,0,0,0,0,0
26278,,7,0,1,1,0,1,1,8,0.252681,0.261932,0,0
26280,,312,0,3,3,0,3,3,8,0.257734,0.268035,0,0
26638,,312,2,1,3,2,1,3,1,1,1,1,0.166667
35403,,312,3,0,3,3,0,3,0,0,0,0,0
26286,,16,0,1,1,0,1,1,1,1,1,0,0
26288,,11,0,2,2,0,2,2,9,0.217159,0.223344,0,0
26290,,11,0,3,3,0,3,3,9,0.237844,0.24711,0,0.333333
26291,,0,0,1,1,0,1,1,1,1,1,0,0
26292,,11,0,1,1,0,1,1,8,0.244433,0.254493,0,0
26293,,19,0,1,1,0,1,1,10,0.162295,0.164913,0,0
26296,,11,0,1,1,0,1,1,9,0.221416,0.228332,0,0
26298,,16,0,1,1,0,1,1,8,0.257544,0.268689,0,0
26299,,313,0,1,1,0,1,1,1,1,1,0,0
26300,,313,1,0,1,1,0,1,0,0,0,0,0
26302,,5,1,3,4,1,3,4,9,0.238096,0.246257,709.1719,0.333333
26303,,21,0,1,1,0,1,1,11,0.161421,0.164033,0,0
26309,,13,0,12,12,0,12,12,9,0.204781,0.210614,0,0.386364
30159,,13,1,1,2,1,1,2,9,0.20184,0.206976,0,0.5
26311,,15,0,1,1,0,1,1,9,0.220312,0.226978,0,0
26312,,314,0,1,1,0,1,1,1,1,1,0,0
26313,,314,1,0,1,1,0,1,0,0,0,0,0
26315,,6,0,1,1,0,1,1,9,0.199422,0.203947,0,0
26317,,9,0,4,4,0,4,4,9,0.185631,0.190259,0,0.416667
26318,,11,0,1,1,0,1,1,9,0.207996,0.214081,0,0
26319,,16,1,1,2,1,1,2,9,0.211834,0.217468,0,0.5
26321,,6,0,1,1,0,1,1,8,0.219698,0.225869,0,0
26322,,15,0,1,1,0,1,1,9,0.201829,0.206936,0,0
26324,,315,1,1,2,1,1,2,1,1,1,1,0
26325,,315,1,0,1,1,0,1,0,0,0,0,0
26326,,7,0,1,1,0,1,1,9,0.246124,0.25571,0,0
26327,,8,0,1,1,0,1,1,9,0.182994,0.186858,0,0
26328,,7,0,1,1,0,1,1,9,0.209145,0.214505,0,0
26332,,11,0,1,1,0,1,1,9,0.199206,0.203914,0,0
26635,,8,1,0,1,1,0,1,0,0,0,0,0
26766,,3,1,4,5,1,4,5,8,0.241189,0.249521,77.54207,0.1
26839,,8,1,0,1,1,0,1,0,0,0,0,0
26922,,8,1,0,1,1,0,1,0,0,0,0,0
26334,,10,0,1,1,0,1,1,9,0.187882,0.192124,0,0
26335,,10,1,1,2,1,1,2,8,0.231335,0.239437,18827,0
26336,,7,0,1,1,0,1,1,9,0.200066,0.204368,0,0
26337,,8,0,1,1,0,1,1,9,0.228129,0.235344,0,0
26340,,8,0,1,1,0,1,1,8,0.262756,0.273466,0,0
26341,,9,0,1,1,0,1,1,9,0.189796,0.194161,0,0
26342,,16,0,1,1,0,1,1,8,0.257544,0.268689,0,0
26343,,11,0,1,1,0,1,1,2,0.6,0.666667,0,0
26344,,8,0,1,1,0,1,1,9,0.231387,0.239068,0,0
26345,,11,0,1,1,0,1,1,9,0.231783,0.240091,0,0
26346,,11,0,1,1,0,1,1,9,0.217769,0.22458,0,0
26353,,11,0,1,1,0,1,1,8,0.244433,0.254493,0,0
26354,,10,0,1,1,0,1,1,9,0.228024,0.235474,0,0
26969,,11,2,1,3,2,1,3,9,0.207107,0.212703,18825,0
26357,,11,0,1,1,0,1,1,9,0.232386,0.240377,0,0
26358,,311,0,2,2,0,2,2,2,0.75,0.833333,0,0
26359,,8,0,1,1,0,1,1,8,0.262756,0.273466,0,0
26361,,5,0,1,1,0,1,1,9,0.203892,0.209,0,0
26362,,16,0,2,2,0,2,2,8,0.234951,0.243191,0,0.5
26363,,8,0,1,1,0,1,1,8,0.262756,0.273466,0,0
26364,,6,0,1,1,0,1,1,8,0.247395,0.256736,0,0
26366,,316,0,1,1,0,1,1,1,1,1,0,0
26367,,316,1,0,1,1,0,1,0,0,0,0,0
26368,,11,0,1,1,0,1,1,9,0.197396,0.202289,0,0
26369,,0,0,1,1,0,1,1,9,0.198992,0.203989,0,0
26370,,16,0,1,1,0,1,1,9,0.195086,0.199858,0,0
26371,,7,0,9,9,0,9,9,8,0.274102,0.286708,0,0.333333
26372,,16,0,1,1,0,1,1,9,0.211834,0.217468,0,0
26373,,8,0,1,1,0,1,1,9,0.231387,0.239068,0,0
26375,,3,0,1,1,0,1,1,9,0.214123,0.219985,0,0
26377,,9,0,2,2,0,2,2,9,0.218144,0.224647,0,0
27641,,9,1,1,2,1,1,2,8,0.231335,0.239437,1130.932561,0
26378,,317,0,1,1,0,1,1,1,1,1,0,0
26379,,317,1,0,1,1,0,1,0,0,0,0,0
26381,,2,0,1,1,0,1,1,8,0.261475,0.272568,0,0
26383,,11,1,3,4,1,3,4,8,0.251395,0.261523,1.444444,0.333333
26384,,11,0,1,1,0,1,1,9,0.19352,0.197987,0,0
26385,,8,0,5,5,0,5,5,8,0.245713,0.255127,0,0.55
26386,,16,0,1,1,0,1,1,9,0.211834,0.217468,0,0
26387,,7,0,1,1,0,1,1,8,0.233233,0.240201,0,0
26389,,11,0,1,1,0,1,1,8,0.244275,0.253708,0,0
26390,,6,0,1,1,0,1,1,8,0.234493,0.241933,0,0
26391,,15,0,2,2,0,2,2,9,0.223185,0.230281,0,0.5
26392,,16,0,1,1,0,1,1,8,0.257544,0.268689,0,0
26393,,15,0,2,2,0,2,2,9,0.223185,0.230281,0,0.5
26394,,15,0,2,2,0,2,2,9,0.223185,0.230281,0,0.5
26396,,15,0,2,2,0,2,2,9,0.223185,0.230281,0,0.5
26397,,15,0,2,2,0,2,2,9,0.223185,0.230281,0,0.5
26399,,16,0,2,2,0,2,2,9,0.214957,0.220703,0,1
26401,,10,0,1,1,0,1,1,9,0.234856,0.243135,0,0
26505,,21,1,0,1,1,0,1,0,0,0,0,0
27466,,21,1,0,1,1,0,1,0,0,0,0,0
26403,,7,0,2,2,0,2,2,9,0.211309,0.216761,0,0.5
26404,,5,0,1,1,0,1,1,9,0.210104,0.215708,0,0
26406,,15,0,2,2,0,2,2,9,0.223185,0.230281,0,0.5
26407,,15,0,2,2,0,2,2,9,0.223185,0.230281,0,0.5
26408,,15,0,2,2,0,2,2,9,0.223185,0.230281,0,0.5
26409,,7,0,1,1,0,1,1,8,0.227715,0.234326,0,0
26410,,15,0,2,2,0,2,2,9,0.223185,0.230281,0,0.5
26413,,16,0,1,1,0,1,1,9,0.211371,0.217148,0,0
26414,,16,0,1,1,0,1,1,10,0.19224,0.196676,0,0
26415,,8,0,1,1,0,1,1,8,0.242744,0.250975,0,0
26416,,11,0,1,1,0,1,1,9,0.203824,0.20864,0,0
26417,,5,0,1,1,0,1,1,9,0.235167,0.243063,0,0
26418,,16,0,2,2,0,2,2,9,0.235364,0.244106,0,0
26419,,15,0,2,2,0,2,2,9,0.223185,0.230281,0,0.5
26420,,15,0,2,2,0,2,2,9,0.223185,0.230281,0,0.5
26422,,11,0,1,1,0,1,1,9,0.198423,0.203131,0,0
26423,,15,0,1,1,0,1,1,9,0.219041,0.225066,0,0
26424,,15,0,2,2,0,2,2,9,0.223185,0.230281,0,0.5
26426,,8,0,1,1,0,1,1,8,0.263743,0.27463,0,0
26428,,15,0,2,2,0,2,2,9,0.223185,0.230281,0,0.5
26430,,7,0,5,5,0,5,5,8,0.251463,0.261107,0,0.25
26431,,15,1,2,3,1,2,3,9,0.223185,0.230281,7.823617,0.166667
26435,,11,0,6,6,0,6,6,8,0.240168,0.2491,0,0
27900,,11,1,0,1,1,0,1,0,0,0,0,0
26436,,1,0,1,1,0,1,1,2,0.555556,0.6,0,0
32907,,1,1,1,2,1,1,2,2,0.571429,0.625,0,0
32910,,1,1,1,2,1,1,2,2,0.571429,0.625,0,0
32911,,1,1,1,2,1,1,2,2,0.571429,0.625,0,0
35137,,1,2,0,2,2,0,2,0,0,0,0,0.5
28798,,5,1,0,1,1,0,1,0,0,0,0,0
28799,,5,1,0,1,1,0,1,0,0,0,0,0
29167,,5,2,0,2,2,0,2,0,0,0,0,0
33033,,5,1,0,1,1,0,1,0,0,0,0,0
26441,,5,0,1,1,0,1,1,1,1,1,0,0
26445,,11,0,1,1,0,1,1,8,0.251382,0.261452,0,0
26451,,8,0,1,1,0,1,1,10,0.17715,0.180384,0,0
26453,,8,0,1,1,0,1,1,9,0.223726,0.230675,0,0
26454,,8,0,2,2,0,2,2,8,0.248286,0.257542,0,0
26456,,8,0,6,6,0,6,6,8,0.266766,0.278072,0,0.333333
26457,,11,0,1,1,0,1,1,9,0.212176,0.218018,0,0
26458,,6,0,1,1,0,1,1,10,0.170191,0.173177,0,0
28113,,12,1,0,1,1,0,1,0,0,0,0,0
26461,,318,0,3,3,0,3,3,9,0.229008,0.23613,0,0
26462,,11,0,1,1,0,1,1,8,0.239018,0.246295,0,0
26463,,7,0,1,1,0,1,1,8,0.272188,0.283721,0,0
26466,,8,0,1,1,0,1,1,9,0.225042,0.231898,0,0
26467,,8,0,1,1,0,1,1,9,0.225042,0.231898,0,0
26470,,11,0,1,1,0,1,1,9,0.189976,0.194051,0,0
26473,,15,0,1,1,0,1,1,9,0.227687,0.23488,0,0
26475,,16,0,1,1,0,1,1,9,0.221439,0.22799,0,0
26476,,11,0,1,1,0,1,1,9,0.231783,0.240091,0,0
26477,,11,0,2,2,0,2,2,8,0.239896,0.248297,0,1
26479,,10,0,1,1,0,1,1,9,0.227654,0.235503,0,0
26483,,7,0,1,1,0,1,1,1,1,1,0,0
26484,,15,0,2,2,0,2,2,9,0.210866,0.216564,0,0
26485,,10,0,3,3,0,3,3,8,0.263396,0.274332,0,0.5
31527,,152,1,0,1,1,0,1,0,0,0,0,0
26487,,8,0,2,2,0,2,2,8,0.262774,0.273518,0,0.5
26489,,7,0,1,1,0,1,1,8,0.257706,0.267944,0,0
26490,,7,0,1,1,0,1,1,8,0.227894,0.234369,0,0
26496,,11,0,1,1,0,1,1,9,0.224032,0.231579,0,0
26497,,11,0,1,1,0,1,1,10,0.19248,0.197046,0,0
26499,,15,0,3,3,0,3,3,7,0.29391,0.308456,0,0.333333
26500,,16,0,1,1,0,1,1,10,0.165906,0.168597,0,0
26502,,21,0,1,1,0,1,1,2,0.6,0.666667,0,0
26506,,8,0,2,2,0,2,2,9,0.225123,0.232399,0,0.5
26507,,18,0,1,1,0,1,1,9,0.178176,0.181669,0,0
29062,,8,1,1,2,1,1,2,1,1,1,0,0
26509,,16,0,1,1,0,1,1,9,0.221439,0.22799,0,0
26510,,11,0,1,1,0,1,1,10,0.173471,0.176828,0,0
26512,,0,1,0,1,1,0,1,0,0,0,0,0
26514,,7,0,1,1,0,1,1,1,1,1,0,0
26516,,5,0,1,1,0,1,1,9,0.22971,0.237607,0,0
26517,,11,0,1,1,0,1,1,9,0.238773,0.247361,0,0
26518,,11,0,1,1,0,1,1,8,0.239859,0.247713,0,0
26519,,8,0,1,1,0,1,1,9,0.216823,0.223028,0,0
26521,,5,0,1,1,0,1,1,9,0.235541,0.243648,0,0
26522,,15,0,2,2,0,2,2,8,0.220858,0.228057,0,1
26525,,11,0,1,1,0,1,1,9,0.224032,0.231579,0,0
28980,,7,1,0,1,1,0,1,0,0,0,0,0
30177,,7,1,0,1,1,0,1,0,0,0,0,0
26529,,8,0,9,9,0,9,9,8,0.262277,0.272979,0,0.236111
26531,,7,0,2,2,0,2,2,9,0.21319,0.218974,0,0
26533,,8,0,1,1,0,1,1,9,0.201803,0.206834,0,0
26535,,5,0,1,1,0,1,1,9,0.22971,0.237607,0,0
26538,,6,0,1,1,0,1,1,8,0.234493,0.242444,0,0
26540,,2,0,1,1,0,1,1,9,0.207512,0.212892,0,0
26541,,2,1,2,3,1,2,3,8,0.261835,0.272999,18827,0.166667
26542,,11,0,1,1,0,1,1,9,0.206086,0.211843,0,0
26543,,16,0,1,1,0,1,1,10,0.193877,0.198377,0,0
26544,,7,0,1,1,0,1,1,9,0.200066,0.204368,0,0
26546,,11,0,1,1,0,1,1,9,0.201408,0.206473,0,0
26547,,7,0,1,1,0,1,1,8,0.237622,0.245065,0,0
26548,,10,0,1,1,0,1,1,9,0.21028,0.216083,0,0
26549,,11,0,1,1,0,1,1,8,0.267429,0.278245,0,0
26550,,9,0,4,4,0,4,4,9,0.185625,0.190248,0,0.416667
26553,,8,0,1,1,0,1,1,8,0.236815,0.244762,0,0
26554,,7,0,1,1,0,1,1,9,0.193032,0.196903,0,0
26555,,8,0,1,1,0,1,1,9,0.210772,0.216624,0,0
26556,,8,0,1,1,0,1,1,9,0.19551,0.200141,0,0
26557,,16,0,1,1,0,1,1,8,0.226676,0.234633,0,0
26558,,15,0,1,1,0,1,1,1,1,1,0,0
26559,,2,0,1,1,0,1,1,8,0.261475,0.272568,0,0
26560,,15,0,1,1,0,1,1,9,0.219654,0.226201,0,0
26561,,15,0,1,1,0,1,1,9,0.220297,0.227161,0,0
26562,,15,0,1,1,0,1,1,8,0.236262,0.244204,0,0
26563,,319,0,1,1,0,1,1,1,1,1,0,0
26564,,319,1,0,1,1,0,1,0,0,0,0,0
26565,,5,0,1,1,0,1,1,10,0.182688,0.186486,0,0
26566,,121,0,1,1,0,1,1,12,0.131531,0.133,0,0
26567,,11,0,1,1,0,1,1,9,0.23085,0.239151,0,0
26568,,11,0,2,2,0,2,2,8,0.23591,0.24458,0,0
26569,,16,0,2,2,0,2,2,9,0.215149,0.220984,0,1
26573,,8,0,3,3,0,3,3,8,0.243917,0.25343,0,0.333333
26574,,11,0,4,4,0,4,4,8,0.231625,0.239713,0,0.333333
26576,,11,0,1,1,0,1,1,9,0.213504,0.219764,0,0
26577,,3,0,1,1,0,1,1,9,0.232872,0.240708,0,0
26578,,15,0,1,1,0,1,1,9,0.217608,0.223675,0,0
26579,,8,0,1,1,0,1,1,8,0.262756,0.273466,0,0
26582,,8,0,1,1,0,1,1,8,0.223439,0.230221,0,0
26584,,10,0,1,1,0,1,1,9,0.220001,0.226414,0,0
26586,,11,0,1,1,0,1,1,9,0.22008,0.227059,0,0
26587,,12,0,1,1,0,1,1,8,0.236841,0.24458,0,0
26588,,11,0,1,1,0,1,1,9,0.21575,0.221803,0,0
26593,,6,0,1,1,0,1,1,8,0.247395,0.256736,0,0
26595,,7,0,1,1,0,1,1,9,0.200066,0.204368,0,0
26597,,2,0,1,1,0,1,1,9,0.222142,0.228387,0,0
26601,,8,0,1,1,0,1,1,8,0.262756,0.273466,0,0
26603,,11,0,1,1,0,1,1,10,0.173952,0.176945,0,0
26604,,9,0,1,1,0,1,1,10,0.164896,0.168023,0,0
28290,,10,1,1,2,1,1,2,9,0.225593,0.232935,0,0.5
30425,,7,1,0,1,1,0,1,0,0,0,0,0
26606,,320,2,5,7,2,5,7,8,0.228437,0.235459,37657,0.15
26607,,320,3,0,3,3,0,3,0,0,0,0,0.833333
28876,,320,2,2,4,2,2,4,9,0.185961,0.189675,0,0.666667
31387,,320,1,3,4,1,3,4,9,0.185963,0.189701,0,0.666667
26608,,7,0,2,2,0,2,2,8,0.265967,0.277469,0,0.5
26612,,8,0,1,1,0,1,1,9,0.220475,0.226978,0,0
26613,,7,0,1,1,0,1,1,9,0.239538,0.247501,0,0
26616,,8,0,1,1,0,1,1,9,0.187307,0.191282,0,0
30658,,5,1,0,1,1,0,1,0,0,0,0,0
26619,,15,0,1,1,0,1,1,10,0.18093,0.184927,0,0
26620,,15,0,1,1,0,1,1,10,0.18093,0.184927,0,0
29852,,11,1,0,1,1,0,1,0,0,0,0,0
31655,,11,1,0,1,1,0,1,0,0,0,0,0
32230,,11,1,0,1,1,0,1,0,0,0,0,0
32929,,11,1,2,3,1,2,3,9,0.213128,0.219631,0,1
35199,,11,1,0,1,1,0,1,0,0,0,0,0
26623,,6,0,5,5,0,5,5,9,0.221221,0.228301,0,0.1
26626,,0,0,2,2,0,2,2,8,0.229047,0.236824,0,1
26627,,16,0,1,1,0,1,1,8,0.226676,0.234633,0,0
26630,,19,0,1,1,0,1,1,10,0.185907,0.189925,0,0
26631,,11,0,1,1,0,1,1,9,0.205257,0.210582,0,0
26632,,8,0,1,1,0,1,1,9,0.216107,0.222464,0,0
26634,,8,0,1,1,0,1,1,9,0.216971,0.22322,0,0
26636,,11,0,2,2,0,2,2,8,0.233082,0.240651,0,0
26637,,7,0,1,1,0,1,1,9,0.226406,0.233591,0,0
26639,,7,0,2,2,0,2,2,8,0.262976,0.273811,0,1
26640,,8,0,1,1,0,1,1,9,0.216971,0.22322,0,0
26641,,7,0,1,1,0,1,1,10,0.186861,0.190927,0,0
26642,,2,0,1,1,0,1,1,10,0.166127,0.16875,0,0
26645,,8,0,1,1,0,1,1,9,0.230193,0.238549,0,0
26646,,16,0,1,1,0,1,1,9,0.194667,0.199521,0,0
26649,,1,0,1,1,0,1,1,9,0.219196,0.225231,0,0
26651,,7,0,1,1,0,1,1,8,0.237958,0.246963,0,0
26652,,5,0,1,1,0,1,1,9,0.215387,0.221354,0,0
26653,,7,0,1,1,0,1,1,9,0.20921,0.214873,0,0
26656,,7,0,1,1,0,1,1,9,0.225419,0.232479,0,0
31234,,8,1,0,1,1,0,1,0,0,0,0,0
26660,,15,0,1,1,0,1,1,10,0.178311,0.182016,0,0
26662,,7,0,1,1,0,1,1,9,0.192326,0.197,0,0
26663,,16,0,1,1,0,1,1,9,0.211834,0.217468,0,0
26664,,11,0,1,1,0,1,1,8,0.234266,0.242061,0,0
26665,,8,0,1,1,0,1,1,9,0.197371,0.20178,0,0
26667,,16,0,1,1,0,1,1,8,0.234941,0.243151,0,0
26668,,8,0,1,1,0,1,1,8,0.263743,0.27463,0,0
26672,,21,0,2,2,0,2,2,10,0.181689,0.185627,0,0
26674,,11,0,2,2,0,2,2,9,0.186038,0.190141,0,0
26677,,16,0,1,1,0,1,1,8,0.235753,0.244207,0,0
26678,,7,0,1,1,0,1,1,8,0.244345,0.253397,0,0
26681,,24,0,1,1,0,1,1,9,0.21834,0.225148,0,0
26683,,24,2,2,4,2,2,4,9,0.218657,0.225541,18845.772264,0.25
26684,,24,0,2,2,0,2,2,9,0.218349,0.225189,0,0.5
26685,,24,0,2,2,0,2,2,9,0.218959,0.225891,0,0.5
26686,,24,0,1,1,0,1,1,9,0.21834,0.225148,0,0
26687,,24,0,1,1,0,1,1,9,0.21834,0.225148,0,0
26688,,24,0,1,1,0,1,1,9,0.21834,0.225148,0,0
26689,,24,0,1,1,0,1,1,9,0.21834,0.225148,0,0
26690,,24,0,1,1,0,1,1,9,0.21834,0.225148,0,0
26691,,24,0,1,1,0,1,1,9,0.21834,0.225148,0,0
26693,,16,1,0,1,1,0,1,0,0,0,0,0
26694,,24,0,1,1,0,1,1,9,0.21834,0.225148,0,0
26695,,24,0,1,1,0,1,1,9,0.21834,0.225148,0,0
26697,,5,0,1,1,0,1,1,8,0.235026,0.242987,0,0
26699,,24,0,1,1,0,1,1,9,0.21834,0.225148,0,0
26701,,0,0,1,1,0,1,1,9,0.222605,0.230046,0,0
26702,,0,0,1,1,0,1,1,10,0.174253,0.177675,0,0
26703,,8,0,1,1,0,1,1,9,0.226025,0.232676,0,0
26704,,11,0,1,1,0,1,1,9,0.205347,0.210863,0,0
26706,,24,0,1,1,0,1,1,8,0.22375,0.230857,0,0
26707,,9,0,1,1,0,1,1,9,0.217144,0.223521,0,0
26708,,24,0,1,1,0,1,1,9,0.21834,0.225148,0,0
26709,,321,0,1,1,0,1,1,1,1,1,0,0
26710,,321,1,0,1,1,0,1,0,0,0,0,0
26711,,24,0,1,1,0,1,1,9,0.21834,0.225148,0,0
26712,,24,0,1,1,0,1,1,9,0.21834,0.225148,0,0
26713,,19,0,2,2,0,2,2,8,0.239286,0.24799,0,0.5
26714,,13,0,1,1,0,1,1,9,0.195066,0.199384,0,0
26716,,6,0,1,1,0,1,1,8,0.249084,0.258104,0,0
26717,,11,0,1,1,0,1,1,9,0.217651,0.224244,0,0
26719,,15,0,1,1,0,1,1,8,0.252481,0.263502,0,0
26721,,8,1,0,1,1,0,1,0,0,0,0,0
26723,,8,0,1,1,0,1,1,9,0.233264,0.241028,0,0
26725,,6,0,1,1,0,1,1,9,0.22031,0.227442,0,0
26726,,16,0,1,1,0,1,1,8,0.234155,0.242097,0,0
26728,,9,0,2,2,0,2,2,8,0.247385,0.256621,0,0
26729,,5,0,1,1,0,1,1,8,0.236001,0.244609,0,0
26730,,7,0,1,1,0,1,1,9,0.207609,0.212853,0,0
26732,,16,0,1,1,0,1,1,8,0.257544,0.268689,0,0
27323,,1,1,0,1,1,0,1,0,0,0,0,0
26735,,10,0,3,3,0,3,3,8,0.263676,0.275117,0,0.166667
26737,,13,0,1,1,0,1,1,10,0.178886,0.182575,0,0
26738,,13,0,1,1,0,1,1,10,0.178886,0.182575,0,0
26740,,13,0,1,1,0,1,1,10,0.178886,0.182575,0,0
26741,,8,0,2,2,0,2,2,8,0.264446,0.275551,0,1
26743,,11,0,1,1,0,1,1,8,0.246114,0.255055,0,0
26744,,16,0,2,2,0,2,2,9,0.221442,0.228016,0,1
26748,,11,0,2,2,0,2,2,8,0.250266,0.26042,0,1
26751,,11,0,1,1,0,1,1,8,0.246114,0.255055,0,0
26752,,18,0,1,1,0,1,1,9,0.21286,0.218905,0,0
26754,,8,0,2,2,0,2,2,9,0.237466,0.246372,0,1
26755,,7,0,2,2,0,2,2,9,0.200074,0.20441,0,0
30631,,7,1,0,1,1,0,1,0,0,0,0,0
26756,,24,0,2,2,0,2,2,8,0.267958,0.278958,0,0
26757,,0,0,21,21,0,21,21,9,0.215936,0.223363,0,0.295238
26758,,11,0,1,1,0,1,1,1,1,1,0,0
26760,,7,0,1,1,0,1,1,9,0.221836,0.22815,0,0
32632,,9,1,2,3,1,2,3,11,0.141577,0.143623,0,1
26763,,1,0,5,5,0,5,5,8,0.241276,0.249708,0,0.15
26764,,15,0,1,1,0,1,1,10,0.179156,0.182314,0,0
26765,,5,0,1,1,0,1,1,9,0.232685,0.240463,0,0
26767,,1,0,1,1,0,1,1,8,0.224644,0.231298,0,0
26768,,0,0,3,3,0,3,3,9,0.221247,0.227944,0,0.333333
26771,,8,0,1,1,0,1,1,8,0.247064,0.255642,0,0
26772,,8,0,1,1,0,1,1,8,0.248761,0.257751,0,0
26775,,0,0,1,1,0,1,1,10,0.168065,0.1709,0,0
26782,,11,0,1,1,0,1,1,8,0.230091,0.237701,0,0
26784,,322,0,1,1,0,1,1,1,1,1,0,0
26785,,322,1,0,1,1,0,1,0,0,0,0,0
26786,,8,0,1,1,0,1,1,9,0.21396,0.220365,0,0
26791,,323,0,1,1,0,1,1,1,1,1,0,0
26792,,323,1,0,1,1,0,1,0,0,0,0,0
27153,,7,1,0,1,1,0,1,0,0,0,0,0
26795,,7,0,1,1,0,1,1,8,0.242475,0.25106,0,0
26796,,11,1,2,3,1,2,3,8,0.249169,0.258502,135.326758,0.666667
26798,,10,0,1,1,0,1,1,9,0.217091,0.223468,0,0
27785,,5,1,4,5,1,4,5,8,0.23893,0.247226,74.701263,0.15
26800,,8,0,1,1,0,1,1,8,0.247064,0.255642,0,0
26802,,8,0,2,2,0,2,2,8,0.234476,0.242802,0,0
26805,,8,0,1,1,0,1,1,9,0.227168,0.234544,0,0
26806,,6,0,1,1,0,1,1,8,0.247395,0.256736,0,0
26807,,8,0,1,1,0,1,1,9,0.225166,0.232311,0,0
26808,,3,1,8,9,1,8,9,9,0.235329,0.243423,44.183333,0.25
26809,,5,0,1,1,0,1,1,2,0.666667,0.75,0,0
26811,,21,0,1,1,0,1,1,1,1,1,0,0
26812,,11,0,2,2,0,2,2,9,0.217772,0.224607,0,1
26813,,5,1,1,2,1,1,2,8,0.245847,0.255051,0,1
26814,,8,0,1,1,0,1,1,9,0.226025,0.232676,0,0
26815,,8,1,2,3,1,2,3,8,0.237774,0.246037,18825,0
26818,,12,0,1,1,0,1,1,9,0.197906,0.202741,0,0
26819,,5,0,1,1,0,1,1,10,0.179803,0.183122,0,0
26821,,8,0,1,1,0,1,1,8,0.262756,0.273466,0,0
28661,,8,1,0,1,1,0,1,0,0,0,0,0
26823,,8,0,1,1,0,1,1,9,0.223161,0.230083,0,0
26825,,8,0,1,1,0,1,1,9,0.209173,0.214491,0,0
26827,,10,0,1,1,0,1,1,9,0.189177,0.192734,0,0
26828,,11,0,1,1,0,1,1,10,0.173471,0.176828,0,0
26830,,5,0,1,1,0,1,1,9,0.207284,0.212645,0,0
26832,,7,0,1,1,0,1,1,9,0.20921,0.214873,0,0
26834,,324,0,1,1,0,1,1,1,1,1,0,0
26835,,324,1,0,1,1,0,1,0,0,0,0,0
26837,,15,0,1,1,0,1,1,10,0.167409,0.170104,0,0
26838,,5,1,2,3,1,2,3,8,0.225596,0.232974,53.252457,0.166667
26840,,6,0,1,1,0,1,1,9,0.204067,0.209223,0,0
26842,,5,0,1,1,0,1,1,9,0.207284,0.212645,0,0
26843,,16,0,1,1,0,1,1,10,0.174198,0.17752,0,0
26844,,21,0,3,3,0,3,3,9,0.213344,0.219394,0,0.166667
26845,,8,0,1,1,0,1,1,1,1,1,0,0
26848,,8,0,1,1,0,1,1,9,0.227237,0.234014,0,0
26849,,7,0,2,2,0,2,2,8,0.257721,0.267992,0,0.5
26852,,8,0,1,1,0,1,1,9,0.229906,0.237162,0,0
26853,,16,0,1,1,0,1,1,8,0.257544,0.268689,0,0
26854,,7,0,1,1,0,1,1,9,0.246124,0.25571,0,0
26856,,10,1,2,3,1,2,3,9,0.22246,0.230218,1562.977495,0
26857,,15,0,1,1,0,1,1,9,0.207104,0.212528,0,0
26858,,1,0,2,2,0,2,2,8,0.229131,0.236515,0,0.5
26861,,5,0,2,2,0,2,2,8,0.255976,0.266105,0,1
26863,,10,0,1,1,0,1,1,9,0.20986,0.215817,0,0
26864,,374,1,1,2,1,1,2,1,1,1,1,0
26865,,374,1,0,1,1,0,1,0,0,0,0,0
26866,,16,0,1,1,0,1,1,8,0.257544,0.268689,0,0
29943,,11,1,0,1,1,0,1,0,0,0,0,0
31607,,11,1,0,1,1,0,1,0,0,0,0,0
26868,,7,0,2,2,0,2,2,9,0.230881,0.238171,0,0
26869,,8,1,1,2,1,1,2,9,0.192104,0.196356,25974,0
26870,,15,0,1,1,0,1,1,9,0.222009,0.229646,0,0
26872,,8,0,1,1,0,1,1,8,0.230435,0.237929,0,0
26873,,1,0,1,1,0,1,1,10,0.173358,0.176349,0,0
32037,,11,1,1,2,1,1,2,9,0.194331,0.198485,0,0
26877,,7,0,3,3,0,3,3,8,0.232251,0.240302,0,0.333333
26878,,11,0,1,1,0,1,1,9,0.22643,0.233486,0,0
26881,,16,0,1,1,0,1,1,8,0.257544,0.268689,0,0
26882,,8,0,7,7,0,7,7,8,0.249513,0.258912,0,0.071429
26885,,16,0,1,1,0,1,1,8,0.257544,0.268689,0,0
26886,,7,0,3,3,0,3,3,8,0.252854,0.262873,0,0.666667
26887,,7,0,1,1,0,1,1,1,1,1,0,0
26888,,13,0,1,1,0,1,1,9,0.217837,0.224577,0,0
26891,,11,0,1,1,0,1,1,8,0.229011,0.236303,0,0
26892,,8,0,1,1,0,1,1,1,1,1,0,0
26893,,5,0,1,1,0,1,1,8,0.245108,0.253561,0,0
26894,,10,1,5,6,1,5,6,8,0.244449,0.253335,209.109196,0.3
26898,,315,0,1,1,0,1,1,2,0.666667,0.75,0,0
26899,,16,0,1,1,0,1,1,8,0.257544,0.268689,0,0
26901,,8,0,1,1,0,1,1,8,0.237667,0.245207,0,0
26903,,11,2,3,5,2,3,5,9,0.211051,0.216787,18977.954587,0.5
31662,,11,2,1,3,2,1,3,1,1,1,25976,0
26904,,8,0,2,2,0,2,2,8,0.263278,0.274105,0,0.5
26908,,16,0,1,1,0,1,1,8,0.231378,0.23929,0,0
26911,,16,0,1,1,0,1,1,9,0.227396,0.235291,0,0
26912,,11,0,3,3,0,3,3,9,0.21278,0.219005,0,0.333333
26913,,16,0,1,1,0,1,1,8,0.257544,0.268689,0,0
26914,,16,0,3,3,0,3,3,8,0.237664,0.246153,0,0.166667
35177,,16,1,0,1,1,0,1,0,0,0,0,0
26915,,5,0,1,1,0,1,1,9,0.224867,0.231892,0,0
26918,,7,0,1,1,0,1,1,1,1,1,0,0
26921,,16,0,1,1,0,1,1,1,1,1,0,0
26925,,8,0,1,1,0,1,1,11,0.143375,0.145196,0,0
26926,,8,0,1,1,0,1,1,9,0.215703,0.221872,0,0
26928,,5,0,1,1,0,1,1,9,0.22138,0.227546,0,0
26929,,325,0,1,1,0,1,1,1,1,1,0,0
26930,,325,1,0,1,1,0,1,0,0,0,0,0
26931,,326,0,1,1,0,1,1,1,1,1,0,0
26932,,326,1,0,1,1,0,1,0,0,0,0,0
26933,,0,0,1,1,0,1,1,9,0.224787,0.232402,0,0
26934,,5,0,1,1,0,1,1,9,0.220134,0.226548,0,0
26936,,11,0,1,1,0,1,1,9,0.211863,0.218335,0,0
26940,,8,0,2,2,0,2,2,8,0.233066,0.241323,0,0
26941,,8,1,0,1,1,0,1,0,0,0,0,0
26942,,16,0,2,2,0,2,2,9,0.210786,0.216706,0,1
26944,,7,0,1,1,0,1,1,8,0.232673,0.239583,0,0
26945,,16,0,1,1,0,1,1,9,0.226185,0.233312,0,0
26946,,16,0,1,1,0,1,1,8,0.257544,0.268689,0,0
26948,,16,0,1,1,0,1,1,9,0.220464,0.227059,0,0
26949,,9,0,1,1,0,1,1,1,1,1,0,0
26950,,8,0,1,1,0,1,1,9,0.217618,0.223758,0,0
26956,,11,0,1,1,0,1,1,9,0.212379,0.218204,0,0
26957,,8,0,2,2,0,2,2,8,0.263447,0.274312,0,0.5
26958,,10,0,2,2,0,2,2,9,0.228683,0.236155,0,0
26960,,11,0,1,1,0,1,1,10,0.19248,0.197046,0,0
26961,,10,0,1,1,0,1,1,8,0.244161,0.253367,0,0
26962,,16,0,1,1,0,1,1,9,0.211834,0.217468,0,0
26963,,7,0,1,1,0,1,1,8,0.257706,0.267944,0,0
26965,,21,0,1,1,0,1,1,1,1,1,0,0
26966,,11,0,1,1,0,1,1,8,0.229374,0.235958,0,0
26967,,6,0,2,2,0,2,2,8,0.249153,0.258898,0,1
26970,,7,0,1,1,0,1,1,8,0.235794,0.24331,0,0
26973,,8,0,1,1,0,1,1,8,0.236815,0.244762,0,0
26974,,7,0,1,1,0,1,1,9,0.214323,0.220605,0,0
26975,,327,0,1,1,0,1,1,1,1,1,0,0
26976,,327,1,0,1,1,0,1,0,0,0,0,0
26980,,16,0,1,1,0,1,1,9,0.210713,0.216558,0,0
26982,,7,0,1,1,0,1,1,8,0.256649,0.267075,0,0
26983,,8,0,1,1,0,1,1,9,0.203513,0.208252,0,0
26984,,1,0,1,1,0,1,1,9,0.206134,0.211532,0,0
26986,,16,0,1,1,0,1,1,9,0.195086,0.199858,0,0
26989,,16,0,1,1,0,1,1,8,0.257544,0.268689,0,0
26990,,15,0,1,1,0,1,1,9,0.219926,0.226711,0,0
26991,,11,0,1,1,0,1,1,9,0.205414,0.211419,0,0
26992,,7,0,3,3,0,3,3,9,0.226893,0.234044,0,0.166667
26993,,7,1,0,1,1,0,1,0,0,0,0,0
26994,,6,0,1,1,0,1,1,9,0.190817,0.194878,0,0
33297,,5,1,13,14,1,13,14,8,0.250007,0.259691,52034.734317,0.214286
35194,,5,1,1,2,1,1,2,9,0.198823,0.203386,0,0
26996,,8,0,2,2,0,2,2,9,0.210975,0.216637,0,0
34612,,11,1,1,2,1,1,2,9,0.206233,0.211974,0,0.5
27005,,1,0,1,1,0,1,1,9,0.196738,0.201165,0,0
27006,,11,0,1,1,0,1,1,1,1,1,0,0
27007,,11,0,1,1,0,1,1,8,0.232418,0.240737,0,0
27011,,0,0,1,1,0,1,1,9,0.194287,0.198672,0,0
27013,,11,0,1,1,0,1,1,8,0.239859,0.247713,0,0
27014,,16,0,1,1,0,1,1,8,0.238712,0.2466,0,0
27015,,6,0,1,1,0,1,1,9,0.200706,0.205789,0,0
27016,,10,0,2,2,0,2,2,9,0.202221,0.207064,0,0.5
27018,,11,1,1,2,1,1,2,9,0.213412,0.219402,18827,0
27021,,11,0,1,1,0,1,1,9,0.205347,0.210863,0,0
27023,,16,0,1,1,0,1,1,9,0.21372,0.219832,0,0
27025,,11,0,1,1,0,1,1,8,0.229011,0.236303,0,0
27026,,8,0,1,1,0,1,1,9,0.194365,0.198293,0,0
27029,,5,0,1,1,0,1,1,9,0.220459,0.227318,0,0
27032,,11,0,1,1,0,1,1,9,0.238773,0.247361,0,0
27033,,7,0,2,2,0,2,2,9,0.226987,0.234193,0,0
27034,,11,0,1,1,0,1,1,10,0.173471,0.176828,0,0
27035,,5,0,1,1,0,1,1,9,0.209921,0.215455,0,0
27037,,5,0,1,1,0,1,1,9,0.222736,0.229684,0,0
27039,,8,0,1,1,0,1,1,9,0.209156,0.214457,0,0
27041,,16,0,2,2,0,2,2,9,0.19058,0.19452,0,0
27043,,6,0,2,2,0,2,2,8,0.231957,0.23892,0,1
27045,,16,0,2,2,0,2,2,8,0.236964,0.244447,0,0.5
27046,,6,0,1,1,0,1,1,8,0.247395,0.256736,0,0
27047,,7,0,5,5,0,5,5,8,0.236082,0.24354,0,0.15
27321,,11,1,4,5,1,4,5,8,0.250552,0.259301,869.387993,0.05
27049,,5,0,1,1,0,1,1,8,0.23893,0.247221,0,0
27051,,16,0,1,1,0,1,1,8,0.257544,0.268689,0,0
27052,,7,0,2,2,0,2,2,9,0.213577,0.219375,0,0.5
27053,,19,0,2,2,0,2,2,9,0.212888,0.21876,0,0
27056,,16,0,2,2,0,2,2,9,0.23317,0.241257,0,0
27058,,7,0,1,1,0,1,1,1,1,1,0,0
27061,,1,0,1,1,0,1,1,9,0.21491,0.22074,0,0
27063,,6,0,1,1,0,1,1,9,0.221195,0.227741,0,0
27064,,16,0,1,1,0,1,1,8,0.257544,0.268689,0,0
27065,,7,0,1,1,0,1,1,9,0.211442,0.217235,0,0
27066,,7,0,2,2,0,2,2,8,0.231452,0.238354,0,0
27067,,11,0,1,1,0,1,1,8,0.238151,0.247423,0,0
27068,,7,0,1,1,0,1,1,9,0.20921,0.214873,0,0
27069,,3,0,1,1,0,1,1,9,0.232872,0.240708,0,0
27071,,11,0,2,2,0,2,2,8,0.236749,0.244352,0,0
27072,,11,0,1,1,0,1,1,9,0.217628,0.224048,0,0
27073,,7,0,1,1,0,1,1,9,0.222499,0.229441,0,0
27074,,8,0,1,1,0,1,1,8,0.262756,0.273466,0,0
27077,,16,0,1,1,0,1,1,9,0.211677,0.21729,0,0
27079,,16,0,2,2,0,2,2,8,0.236096,0.244541,0,0
27080,,3,0,5,5,0,5,5,8,0.248292,0.258375,0,0.15
27081,,328,0,1,1,0,1,1,1,1,1,0,0
27082,,328,1,0,1,1,0,1,0,0,0,0,0
27088,,5,1,1,2,1,1,2,10,0.177011,0.180495,0,0
27091,,8,0,1,1,0,1,1,9,0.213451,0.219373,0,0
27092,,8,0,1,1,0,1,1,8,0.251449,0.261106,0,0
27093,,11,0,1,1,0,1,1,8,0.23674,0.244313,0,0
27095,,11,0,1,1,0,1,1,8,0.216596,0.222828,0,0
27097,,7,0,2,2,0,2,2,9,0.211832,0.217252,0,1
27098,,9,0,2,2,0,2,2,9,0.235155,0.243528,0,0.5
27099,,5,0,2,2,0,2,2,9,0.221373,0.227564,0,0.5
27101,,13,2,2,4,2,2,4,9,0.217846,0.224618,37656,0
28520,,13,1,1,2,1,1,2,8,0.22917,0.236725,1897.339537,0
27102,,11,0,2,2,0,2,2,9,0.22158,0.228376,0,1
27104,,11,0,1,1,0,1,1,9,0.238304,0.246341,0,0
27107,,1,1,3,4,1,3,4,8,0.235102,0.242484,25975,0.333333
32618,,1,1,0,1,1,0,1,0,0,0,0,0
27108,,16,2,2,4,2,2,4,9,0.211843,0.21751,18829,0.166667
27109,,11,0,1,1,0,1,1,9,0.23666,0.245195,0,0
27110,,16,0,1,1,0,1,1,9,0.204906,0.210327,0,0
27111,,369,1,1,2,1,1,2,1,1,1,1,0
27112,,369,1,0,1,1,0,1,0,0,0,0,0
27113,,0,0,1,1,0,1,1,1,1,1,0,0
27115,,1,0,1,1,0,1,1,8,0.228356,0.235614,0,0
27116,,16,0,1,1,0,1,1,9,0.215102,0.221742,0,0
27120,,11,0,1,1,0,1,1,9,0.190677,0.195327,0,0
27121,,6,0,1,1,0,1,1,8,0.247395,0.256736,0,0
27122,,6,0,1,1,0,1,1,8,0.247395,0.256736,0,0
27123,,11,0,1,1,0,1,1,9,0.232956,0.241234,0,0
27126,,12,0,1,1,0,1,1,9,0.213606,0.219549,0,0
27127,,7,0,3,3,0,3,3,8,0.283219,0.296894,0,1
27130,,8,0,1,1,0,1,1,8,0.223439,0.230221,0,0
27131,,11,0,1,1,0,1,1,9,0.194245,0.198959,0,0
27133,,5,0,1,1,0,1,1,9,0.22138,0.227546,0,0
27134,,7,1,1,2,1,1,2,9,0.225653,0.232937,0,0.5
27137,,11,0,2,2,0,2,2,8,0.251937,0.26289,0,1
27139,,11,0,1,1,0,1,1,8,0.238151,0.247423,0,0
27140,,11,0,1,1,0,1,1,8,0.227253,0.234761,0,0
27141,,1,0,1,1,0,1,1,9,0.21491,0.22074,0,0
27142,,7,0,1,1,0,1,1,8,0.251523,0.26155,0,0
27145,,11,0,1,1,0,1,1,9,0.224856,0.232784,0,0
27146,,5,0,1,1,0,1,1,10,0.181847,0.185541,0,0
27147,,16,0,1,1,0,1,1,8,0.257544,0.268689,0,0
27149,,8,0,3,3,0,3,3,8,0.233577,0.241449,0,0.166667
27154,,329,0,1,1,0,1,1,1,1,1,0,0
27155,,329,1,0,1,1,0,1,0,0,0,0,0
27157,,24,0,1,1,0,1,1,8,0.22375,0.230857,0,0
27158,,16,0,2,2,0,2,2,9,0.215149,0.220984,0,1
27159,,16,0,1,1,0,1,1,9,0.211834,0.217468,0,0
27163,,11,0,1,1,0,1,1,9,0.212123,0.218423,0,0
27167,,7,0,1,1,0,1,1,8,0.244503,0.252663,0,0
27168,,16,0,1,1,0,1,1,9,0.216661,0.223517,0,0
27171,,7,0,1,1,0,1,1,9,0.216629,0.22275,0,0
33430,,7,2,3,5,2,3,5,8,0.25983,0.270449,47.043259,0.3
27174,,6,0,1,1,0,1,1,8,0.247395,0.256736,0,0
27398,,11,1,0,1,1,0,1,0,0,0,0,0
29508,,16,1,2,3,1,2,3,9,0.201001,0.206348,38.5782,0
27177,,11,0,2,2,0,2,2,8,0.251419,0.261531,0,1
27178,,8,0,1,1,0,1,1,8,0.24587,0.25403,0,0
27180,,21,0,3,3,0,3,3,8,0.264105,0.275607,0,0.5
27182,,7,0,1,1,0,1,1,9,0.226164,0.233246,0,0
27186,,7,0,2,2,0,2,2,8,0.241112,0.249171,0,1
27187,,16,0,1,1,0,1,1,9,0.199365,0.204461,0,0
27188,,7,0,1,1,0,1,1,8,0.239639,0.247488,0,0
27189,,7,0,2,2,0,2,2,9,0.206713,0.212284,0,0
27190,,16,0,1,1,0,1,1,9,0.209788,0.215674,0,0
27191,,5,0,1,1,0,1,1,9,0.220014,0.226627,0,0
27194,,8,0,1,1,0,1,1,8,0.262756,0.273466,0,0
27195,,6,0,4,4,0,4,4,8,0.24805,0.257699,0,0.25
27196,,16,0,1,1,0,1,1,9,0.234736,0.243231,0,0
27197,,6,0,2,2,0,2,2,8,0.247401,0.256772,0,0
27198,,10,0,3,3,0,3,3,9,0.210296,0.216715,0,0
27199,,6,0,1,1,0,1,1,8,0.247395,0.256736,0,0
27200,,11,0,1,1,0,1,1,9,0.224032,0.231579,0,0
27204,,8,0,1,1,0,1,1,8,0.262756,0.273466,0,0
27209,,0,0,1,1,0,1,1,8,0.228936,0.236648,0,0
27210,,6,0,1,1,0,1,1,8,0.247395,0.256736,0,0
27211,,8,0,1,1,0,1,1,1,1,1,0,0
27212,,6,0,1,1,0,1,1,8,0.247395,0.256736,0,0
27213,,7,0,1,1,0,1,1,9,0.21002,0.215689,0,0
27214,,10,0,2,2,0,2,2,8,0.239146,0.247278,0,0
27215,,7,0,1,1,0,1,1,8,0.240779,0.248938,0,0
27219,,11,0,3,3,0,3,3,8,0.241081,0.25091,0,0.666667
27223,,0,0,1,1,0,1,1,9,0.187559,0.191645,0,0
27224,,6,0,1,1,0,1,1,9,0.196366,0.200806,0,0
27227,,11,0,1,1,0,1,1,10,0.189458,0.193762,0,0
27228,,7,0,2,2,0,2,2,8,0.228087,0.235736,0,0
27229,,21,0,1,1,0,1,1,1,1,1,0,0
27230,,6,0,1,1,0,1,1,9,0.194937,0.199705,0,0
27231,,16,0,1,1,0,1,1,9,0.234736,0.243231,0,0
27233,,5,0,1,1,0,1,1,9,0.232771,0.240328,0,0
27234,,11,0,1,1,0,1,1,1,1,1,0,0
27236,,8,0,5,5,0,5,5,8,0.267535,0.279293,0,0.7
27237,,3,0,1,1,0,1,1,9,0.214123,0.219985,0,0
27239,,11,0,1,1,0,1,1,9,0.217779,0.224019,0,0
27242,,7,0,1,1,0,1,1,10,0.200283,0.205389,0,0
35475,,21,1,0,1,1,0,1,0,0,0,0,0
27244,,7,0,1,1,0,1,1,9,0.213245,0.219229,0,0
27246,,8,0,1,1,0,1,1,9,0.227357,0.234417,0,0
27247,,16,0,1,1,0,1,1,10,0.17667,0.180122,0,0
27248,,5,1,3,4,1,3,4,8,0.243215,0.252126,1206.333363,0.166667
27249,,8,0,1,1,0,1,1,8,0.253959,0.263295,0,0
27250,,16,0,1,1,0,1,1,9,0.208443,0.214008,0,0
27254,,15,0,6,6,0,6,6,8,0.225004,0.2327,0,0.5
27256,,10,0,1,1,0,1,1,9,0.225592,0.232933,0,0
27259,,11,0,3,3,0,3,3,8,0.242782,0.252084,0,0.166667
27260,,7,0,1,1,0,1,1,8,0.246941,0.255908,0,0
27262,,11,0,1,1,0,1,1,9,0.226908,0.23316,0,0
27263,,8,0,1,1,0,1,1,9,0.21396,0.220365,0,0
27266,,330,0,1,1,0,1,1,1,1,1,0,0
27267,,330,1,0,1,1,0,1,0,0,0,0,0
27269,,8,0,1,1,0,1,1,8,0.262756,0.273466,0,0
27270,,5,0,1,1,0,1,1,9,0.231156,0.238915,0,0
27271,,16,0,1,1,0,1,1,9,0.211834,0.217468,0,0
27272,,16,0,2,2,0,2,2,9,0.210895,0.216914,0,1
27275,,11,0,1,1,0,1,1,10,0.197667,0.202501,0,0
27276,,7,0,1,1,0,1,1,8,0.227715,0.234326,0,0
27277,,8,0,2,2,0,2,2,8,0.264368,0.275312,0,0.5
27278,,1,0,1,1,0,1,1,2,0.555556,0.6,0,0
27279,,12,0,1,1,0,1,1,9,0.217956,0.224292,0,0
27280,,16,0,1,1,0,1,1,9,0.211834,0.217468,0,0
27281,,8,0,2,2,0,2,2,8,0.229899,0.237529,0,0
27282,,8,1,0,1,1,0,1,0,0,0,0,0
27286,,15,0,1,1,0,1,1,9,0.220178,0.227274,0,0
27287,,1,0,2,2,0,2,2,9,0.196746,0.201207,0,0
27288,,1,1,0,1,1,0,1,0,0,0,0,0
27289,,9,0,1,1,0,1,1,12,0.124015,0.125359,0,0
27290,,8,0,2,2,0,2,2,9,0.226982,0.234263,0,0
27291,,21,0,1,1,0,1,1,1,1,1,0,0
27292,,16,0,2,2,0,2,2,9,0.196467,0.201765,0,0.5
27293,,11,0,1,1,0,1,1,8,0.244275,0.253708,0,0
27294,,11,0,2,2,0,2,2,8,0.239031,0.246338,0,0
27295,,5,0,1,1,0,1,1,8,0.242301,0.250615,0,0
27297,,8,0,1,1,0,1,1,9,0.215901,0.222302,0,0
27299,,331,0,1,1,0,1,1,1,1,1,0,0
27300,,331,1,0,1,1,0,1,0,0,0,0,0
27302,,11,0,1,1,0,1,1,9,0.196428,0.201487,0,0
27303,,11,0,1,1,0,1,1,9,0.196428,0.201487,0,0
27305,,7,0,2,2,0,2,2,8,0.249645,0.258649,0,1
27306,,7,0,7,7,0,7,7,8,0.249662,0.258919,0,0
27307,,7,1,0,1,1,0,1,0,0,0,0,0
27308,,16,0,1,1,0,1,1,8,0.238712,0.2466,0,0
27309,,332,0,1,1,0,1,1,1,1,1,0,0
27310,,332,1,0,1,1,0,1,0,0,0,0,0
27311,,11,0,1,1,0,1,1,9,0.215886,0.22217,0,0
27316,,16,0,1,1,0,1,1,10,0.174198,0.17752,0,0
27318,,5,0,1,1,0,1,1,9,0.215387,0.221354,0,0
27319,,5,0,1,1,0,1,1,9,0.215387,0.221354,0,0
27320,,0,0,1,1,0,1,1,8,0.228936,0.236648,0,0
27326,,5,0,1,1,0,1,1,9,0.21254,0.218276,0,0
27327,,8,0,1,1,0,1,1,9,0.216199,0.222536,0,0
27328,,7,0,1,1,0,1,1,8,0.232953,0.240316,0,0
27329,,7,0,1,1,0,1,1,8,0.257706,0.267944,0,0
27330,,16,0,1,1,0,1,1,9,0.210713,0.216558,0,0
27331,,8,0,1,1,0,1,1,9,0.20833,0.214469,0,0
27332,,0,0,1,1,0,1,1,9,0.209145,0.214731,0,0
27333,,8,0,3,3,0,3,3,8,0.242139,0.250029,0,0.166667
27334,,8,1,0,1,1,0,1,0,0,0,0,0
27336,,5,0,2,2,0,2,2,9,0.207293,0.212687,0,0
27339,,10,0,1,1,0,1,1,9,0.189405,0.19375,0,0
27341,,11,0,2,2,0,2,2,8,0.244462,0.254568,0,0.5
28810,,9,1,1,2,1,1,2,11,0.141559,0.143507,0,0.5
27345,,8,0,1,1,0,1,1,8,0.230232,0.237422,0,0
27347,,1,1,2,3,1,2,3,9,0.234964,0.243922,18827,0
27349,,15,0,1,1,0,1,1,9,0.224977,0.231842,0,0
28953,,333,1,0,1,1,0,1,0,0,0,0,0
27352,,13,0,3,3,0,3,3,8,0.240484,0.250115,0,0.5
27354,,6,0,2,2,0,2,2,8,0.23452,0.242522,0,1
27355,,11,0,2,2,0,2,2,8,0.23816,0.247463,0,0
27356,,11,1,0,1,1,0,1,0,0,0,0,0
27357,,24,0,1,1,0,1,1,9,0.195035,0.199349,0,0
27361,,7,0,1,1,0,1,1,8,0.234569,0.242416,0,0
27362,,1,0,1,1,0,1,1,2,0.555556,0.6,0,0
27364,,2,0,1,1,0,1,1,8,0.261475,0.272568,0,0
27367,,8,0,1,1,0,1,1,9,0.20245,0.207286,0,0
27370,,11,0,1,1,0,1,1,9,0.232386,0.240377,0,0
27371,,8,0,1,1,0,1,1,8,0.262756,0.273466,0,0
27374,,10,0,3,3,0,3,3,8,0.234001,0.242526,0,0.5
27377,,121,0,1,1,0,1,1,10,0.178452,0.182062,0,0
27378,,9,0,4,4,0,4,4,8,0.263263,0.274702,0,0.416667
27379,,16,0,1,1,0,1,1,2,0.666667,0.75,0,0
27384,,7,1,0,1,1,0,1,0,0,0,0,0
27385,,10,0,1,1,0,1,1,10,0.19617,0.201009,0,0
27387,,15,0,1,1,0,1,1,9,0.220026,0.226909,0,0
27389,,7,0,1,1,0,1,1,9,0.208614,0.214286,0,0
27390,,11,0,2,2,0,2,2,8,0.239024,0.248068,0,0
27392,,7,0,1,1,0,1,1,7,0.293553,0.307954,0,0
27393,,15,0,1,1,0,1,1,10,0.173231,0.176169,0,0
27394,,15,1,1,2,1,1,2,9,0.209517,0.214749,18827,0
27395,,8,0,2,2,0,2,2,9,0.224872,0.231928,0,0
27396,,10,0,1,1,0,1,1,9,0.228024,0.235474,0,0
27399,,0,0,1,1,0,1,1,9,0.199572,0.204471,0,0
27401,,334,0,1,1,0,1,1,1,1,1,0,0
27402,,334,1,0,1,1,0,1,0,0,0,0,0
27403,,7,0,1,1,0,1,1,9,0.213963,0.219411,0,0
27406,,10,0,1,1,0,1,1,9,0.212494,0.218198,0,0
27407,,11,0,1,1,0,1,1,9,0.224032,0.231579,0,0
27408,,11,0,1,1,0,1,1,9,0.200469,0.205801,0,0
27410,,11,0,1,1,0,1,1,10,0.17185,0.175081,0,0
27411,,11,1,2,3,1,2,3,9,0.196436,0.201529,18827,0
27412,,11,1,1,2,1,1,2,10,0.164186,0.167119,0,0
27413,,16,0,1,1,0,1,1,8,0.257544,0.268689,0,0
27415,,16,0,1,1,0,1,1,9,0.229791,0.237541,0,0
27418,,11,0,2,2,0,2,2,8,0.255507,0.266429,0,1
27419,,12,0,1,1,0,1,1,8,0.236841,0.24458,0,0
27420,,6,0,1,1,0,1,1,1,1,1,0,0
27424,,11,0,1,1,0,1,1,8,0.229011,0.236303,0,0
27428,,10,0,1,1,0,1,1,8,0.231335,0.239437,0,0
27430,,8,0,1,1,0,1,1,9,0.228844,0.235796,0,0
27433,,11,0,1,1,0,1,1,9,0.217769,0.22458,0,0
27434,,10,0,1,1,0,1,1,10,0.185446,0.189595,0,0
27436,,5,0,1,1,0,1,1,9,0.219258,0.225503,0,0
27437,,8,0,1,1,0,1,1,9,0.197371,0.20178,0,0
27439,,6,0,1,1,0,1,1,8,0.234493,0.242444,0,0
27442,,2,0,1,1,0,1,1,8,0.261475,0.272568,0,0
27443,,11,0,1,1,0,1,1,9,0.198319,0.203744,0,0
27444,,7,0,1,1,0,1,1,9,0.210966,0.216544,0,0
27445,,8,0,5,5,0,5,5,8,0.247119,0.256234,0,0.15
28888,,8,2,1,3,2,1,3,9,0.225164,0.23231,304.254061,0.166667
34864,,15,1,0,1,1,0,1,0,0,0,0,0
27451,,8,0,1,1,0,1,1,9,0.218297,0.224718,0,0
27452,,7,0,1,1,0,1,1,9,0.214602,0.220513,0,0
27809,,9,1,0,1,1,0,1,0,0,0,0,0
27459,,9,0,1,1,0,1,1,2,0.666667,0.75,0,0
27462,,7,0,1,1,0,1,1,8,0.2284,0.235296,0,0
27463,,1,0,1,1,0,1,1,1,1,1,0,0
27464,,0,0,2,2,0,2,2,8,0.228967,0.236713,0,0.5
27465,,11,0,2,2,0,2,2,2,0.75,0.833333,0,0
27467,,9,0,1,1,0,1,1,2,0.666667,0.75,0,0
35159,,9,1,0,1,1,0,1,0,0,0,0,0
27910,,15,1,0,1,1,0,1,0,0,0,0,0
27470,,9,0,1,1,0,1,1,2,0.666667,0.75,0,0
27471,,0,0,1,1,0,1,1,10,0.168065,0.1709,0,0
27472,,7,0,3,3,0,3,3,8,0.258272,0.268606,0,0.166667
27473,,9,0,1,1,0,1,1,2,0.666667,0.75,0,0
27515,,7,3,0,3,3,0,3,0,0,0,0,0
27665,,16,1,2,3,1,2,3,9,0.227403,0.235339,67.341238,0.5
31457,,16,1,0,1,1,0,1,0,0,0,0,0
27476,,15,0,1,1,0,1,1,10,0.179156,0.182314,0,0
27478,,9,0,1,1,0,1,1,2,0.666667,0.75,0,0
27479,,1,0,1,1,0,1,1,2,0.555556,0.6,0,0
27480,,9,0,1,1,0,1,1,2,0.666667,0.75,0,0
27481,,9,0,1,1,0,1,1,2,0.666667,0.75,0,0
27482,,9,0,2,2,0,2,2,2,0.75,0.833333,0,0
27483,,9,0,1,1,0,1,1,2,0.666667,0.75,0,0
27488,,9,0,2,2,0,2,2,12,0.126138,0.127453,0,0.5
27490,,5,0,3,3,0,3,3,9,0.217991,0.224577,0,0.666667
27491,,7,0,3,3,0,3,3,9,0.194253,0.198812,0,0.333333
27492,,9,0,2,2,0,2,2,12,0.126138,0.127453,0,0.5
27493,,335,0,1,1,0,1,1,1,1,1,0,0
27494,,335,1,0,1,1,0,1,0,0,0,0,0
27495,,9,0,1,1,0,1,1,2,0.666667,0.75,0,0
27497,,9,0,1,1,0,1,1,2,0.666667,0.75,0,0
34659,,1,1,2,3,1,2,3,9,0.227055,0.234248,6.637585,0
27499,,10,0,1,1,0,1,1,10,0.186985,0.191143,0,0
27501,,2,0,1,1,0,1,1,8,0.261475,0.272568,0,0
27502,,16,0,2,2,0,2,2,8,0.257604,0.268806,0,0
27503,,9,0,1,1,0,1,1,2,0.666667,0.75,0,0
27504,,9,0,1,1,0,1,1,2,0.666667,0.75,0,0
27505,,9,0,2,2,0,2,2,10,0.179201,0.183079,0,0
27506,,1,0,2,2,0,2,2,9,0.205654,0.21143,0,0.5
27507,,11,0,2,2,0,2,2,9,0.197487,0.202203,0,0
30670,,11,1,0,1,1,0,1,0,0,0,0,0
29036,,7,1,0,1,1,0,1,0,0,0,0,0
27513,,10,0,1,1,0,1,1,8,0.233638,0.242002,0,0
27514,,7,0,1,1,0,1,1,1,1,1,0,0
27516,,9,0,1,1,0,1,1,2,0.666667,0.75,0,0
27517,,9,0,1,1,0,1,1,2,0.666667,0.75,0,0
27518,,7,0,1,1,0,1,1,8,0.272188,0.283721,0,0
27519,,9,0,1,1,0,1,1,2,0.666667,0.75,0,0
27520,,16,0,1,1,0,1,1,9,0.186402,0.190307,0,0
27521,,16,0,1,1,0,1,1,8,0.257544,0.268689,0,0
34433,,11,1,0,1,1,0,1,0,0,0,0,0
27525,,5,0,1,1,0,1,1,8,0.245108,0.253561,0,0
27526,,10,0,1,1,0,1,1,1,1,1,0,0
27528,,10,0,1,1,0,1,1,9,0.234856,0.243135,0,0
27529,,0,0,2,2,0,2,2,9,0.22262,0.230112,0,1
32572,,7,1,0,1,1,0,1,0,0,0,0,0
27531,,7,0,1,1,0,1,1,9,0.207609,0.212853,0,0
27533,,8,0,1,1,0,1,1,10,0.178235,0.181561,0,0
27534,,8,1,2,3,1,2,3,9,0.216881,0.22296,18827,0
27535,,9,0,2,2,0,2,2,9,0.219299,0.225781,0,0
27536,,5,0,1,1,0,1,1,1,1,1,0,0
34768,,9,1,0,1,1,0,1,0,0,0,0,0
34599,,9,2,0,2,2,0,2,0,0,0,0,0.5
27540,,16,0,1,1,0,1,1,10,0.176317,0.17961,0,0
27543,,7,1,0,1,1,0,1,0,0,0,0,0
27544,,16,0,1,1,0,1,1,9,0.181183,0.18492,0,0
27546,,8,0,1,1,0,1,1,9,0.198411,0.202702,0,0
27547,,5,0,1,1,0,1,1,9,0.213393,0.219444,0,0
27548,,11,0,1,1,0,1,1,8,0.231948,0.238988,0,0
27549,,5,0,1,1,0,1,1,9,0.19505,0.199309,0,0
27550,,5,1,1,2,1,1,2,8,0.242301,0.250615,18827,0
27551,,11,0,1,1,0,1,1,8,0.244433,0.254493,0,0
27552,,7,1,4,5,1,4,5,8,0.245082,0.254223,0,0.583333
27554,,8,0,1,1,0,1,1,9,0.218125,0.224182,0,0
27556,,11,0,1,1,0,1,1,8,0.227034,0.234934,0,0
27557,,11,0,1,1,0,1,1,8,0.236167,0.244733,0,0
27558,,7,0,1,1,0,1,1,9,0.215429,0.22141,0,0
27559,,0,0,1,1,0,1,1,10,0.183581,0.187692,0,0
27560,,11,0,2,2,0,2,2,9,0.194337,0.198699,0,0.5
27563,,16,0,1,1,0,1,1,8,0.257544,0.268689,0,0
27566,,7,0,1,1,0,1,1,8,0.271138,0.283493,0,0
27567,,8,0,2,2,0,2,2,8,0.224545,0.231755,0,1
27568,,15,0,1,1,0,1,1,9,0.215518,0.221826,0,0
27569,,8,0,1,1,0,1,1,9,0.208344,0.214185,0,0
27573,,7,0,1,1,0,1,1,9,0.207609,0.212853,0,0
27574,,7,0,9,9,0,9,9,8,0.284955,0.298663,0,0.583333
27575,,8,0,1,1,0,1,1,9,0.217001,0.22352,0,0
27576,,21,0,1,1,0,1,1,1,1,1,0,0
27577,,10,0,1,1,0,1,1,9,0.225849,0.233205,0,0
27581,,11,0,2,2,0,2,2,9,0.230624,0.237489,0,0
27582,,11,1,1,2,1,1,2,9,0.226909,0.233162,7.44584,0
27583,,0,0,1,1,0,1,1,9,0.185056,0.189164,0,0
27586,,11,1,0,1,1,0,1,0,0,0,0,0
27587,,11,0,1,1,0,1,1,9,0.226908,0.23316,0,0
27590,,7,0,3,3,0,3,3,8,0.245198,0.255248,0,0.166667
27591,,7,0,1,1,0,1,1,9,0.207609,0.212853,0,0
27593,,8,0,1,1,0,1,1,9,0.220764,0.227698,0,0
27596,,12,0,2,2,0,2,2,8,0.236856,0.244625,0,0.5
27599,,0,0,1,1,0,1,1,9,0.216599,0.222787,0,0
27601,,8,0,1,1,0,1,1,9,0.212686,0.218412,0,0
27607,,6,0,1,1,0,1,1,8,0.234493,0.242444,0,0
27610,,8,0,1,1,0,1,1,8,0.251449,0.261106,0,0
27612,,8,0,1,1,0,1,1,8,0.262756,0.273466,0,0
27614,,16,0,1,1,0,1,1,8,0.234155,0.242097,0,0
27616,,7,0,1,1,0,1,1,9,0.196522,0.201122,0,0
27617,,8,0,1,1,0,1,1,8,0.236188,0.243784,0,0
27620,,6,0,3,3,0,3,3,9,0.220516,0.227753,0,0.333333
27621,,5,0,3,3,0,3,3,9,0.235815,0.244068,0,0.166667
27622,,6,0,1,1,0,1,1,10,0.167701,0.170657,0,0
33630,,8,1,1,2,1,1,2,3,0.5,0.611111,0,0
27624,,10,0,1,1,0,1,1,9,0.192886,0.197046,0,0
27625,,11,0,1,1,0,1,1,9,0.21182,0.218077,0,0
27626,,7,0,1,1,0,1,1,9,0.212626,0.218291,0,0
27627,,11,0,1,1,0,1,1,9,0.226908,0.23316,0,0
27629,,7,0,1,1,0,1,1,1,1,1,0,0
27630,,11,0,1,1,0,1,1,9,0.224032,0.231579,0,0
27631,,7,0,4,4,0,4,4,8,0.258854,0.269387,0,0.5
27633,,10,0,1,1,0,1,1,9,0.192886,0.197046,0,0
27634,,11,0,2,2,0,2,2,9,0.193086,0.197342,0,1
27640,,16,0,1,1,0,1,1,8,0.257544,0.268689,0,0
27643,,11,0,1,1,0,1,1,8,0.240389,0.248209,0,0
27644,,13,0,2,2,0,2,2,8,0.232987,0.241006,0,1
27647,,16,0,1,1,0,1,1,8,0.257544,0.268689,0,0
27648,,16,0,1,1,0,1,1,9,0.234736,0.243231,0,0
27649,,11,0,2,2,0,2,2,8,0.244348,0.253518,0,1
27650,,2,0,1,1,0,1,1,9,0.223883,0.231045,0,0
27651,,2,0,1,1,0,1,1,9,0.223883,0.231045,0,0
27655,,11,0,1,1,0,1,1,8,0.244433,0.254493,0,0
27656,,11,0,3,3,0,3,3,8,0.251479,0.261616,0,0.666667
27658,,8,0,1,1,0,1,1,8,0.262756,0.273466,0,0
27660,,8,0,1,1,0,1,1,9,0.223341,0.230313,0,0
27661,,336,0,1,1,0,1,1,1,1,1,0,0
27662,,336,1,0,1,1,0,1,0,0,0,0,0
27663,,10,1,1,2,1,1,2,8,0.232564,0.240768,18827,0
27664,,16,0,2,2,0,2,2,9,0.215149,0.220984,0,1
27667,,8,0,1,1,0,1,1,9,0.209259,0.214889,0,0
27669,,19,0,1,1,0,1,1,9,0.224454,0.231835,0,0
27670,,11,0,1,1,0,1,1,9,0.202367,0.207181,0,0
27671,,10,0,1,1,0,1,1,9,0.210442,0.216007,0,0
27672,,8,1,5,6,1,5,6,8,0.264941,0.276307,24.140112,0.333333
27675,,11,0,221,221,0,221,221,7,0.337508,0.363266,0,0.036096
27704,,11,1,0,1,1,0,1,0,0,0,0,0
27706,,11,1,0,1,1,0,1,0,0,0,0,0
27708,,11,1,0,1,1,0,1,0,0,0,0,0
27986,,11,1,0,1,1,0,1,0,0,0,0,0
27987,,11,1,0,1,1,0,1,0,0,0,0,0
27988,,11,1,0,1,1,0,1,0,0,0,0,0
27677,,0,1,0,1,1,0,1,0,0,0,0,0
29567,,0,3,2,5,3,2,5,9,0.192137,0.196409,18826,0.333333
30505,,0,1,1,2,1,1,2,9,0.192135,0.196383,0,0
30767,,0,3,1,4,3,1,4,9,0.192135,0.196383,37652,0
31477,,0,1,1,2,1,1,2,9,0.192135,0.196383,0,0
34473,,0,1,1,2,1,1,2,9,0.192135,0.196383,0,0
27680,,9,2,3,5,2,3,5,8,0.250173,0.259865,28229.590627,0.05
27681,,15,0,2,2,0,2,2,9,0.214533,0.221452,0,0
27684,,7,0,1,1,0,1,1,9,0.232863,0.240485,0,0
27687,,24,0,1,1,0,1,1,8,0.22375,0.230857,0,0
27688,,24,0,1,1,0,1,1,9,0.223182,0.229597,0,0
27689,,337,0,1,1,0,1,1,1,1,1,0,0
27690,,337,1,0,1,1,0,1,0,0,0,0,0
27904,,15,1,0,1,1,0,1,0,0,0,0,0
27692,,11,0,1,1,0,1,1,8,0.232249,0.239663,0,0
27695,,11,0,2,2,0,2,2,9,0.217778,0.224622,0,0
35634,,11,1,0,1,1,0,1,0,0,0,0,0
27696,,0,0,1,1,0,1,1,10,0.174253,0.177675,0,0
27697,,11,0,1,1,0,1,1,9,0.224983,0.231797,0,0
27698,,8,0,1,1,0,1,1,8,0.262756,0.273466,0,0
27699,,8,0,1,1,0,1,1,9,0.224618,0.231248,0,0
27702,,10,0,1,1,0,1,1,10,0.185425,0.189443,0,0
27707,,13,0,1,1,0,1,1,9,0.18836,0.192573,0,0
27710,,7,0,1,1,0,1,1,9,0.222499,0.229441,0,0
27711,,6,0,1,1,0,1,1,9,0.22031,0.227442,0,0
27712,,3,0,1,1,0,1,1,9,0.214123,0.219985,0,0
27713,,11,0,1,1,0,1,1,9,0.218588,0.22524,0,0
27714,,3,0,2,2,0,2,2,12,0.132338,0.134037,0,1
27715,,21,0,1,1,0,1,1,1,1,1,0,0
27716,,338,0,1,1,0,1,1,1,1,1,0,0
27717,,338,1,0,1,1,0,1,0,0,0,0,0
27719,,11,0,1,1,0,1,1,9,0.200413,0.205688,0,0
27720,,7,0,2,2,0,2,2,8,0.242697,0.251392,0,0.5
27723,,11,0,1,1,0,1,1,8,0.230811,0.237501,0,0
27727,,11,0,1,1,0,1,1,9,0.212432,0.218293,0,0
27729,,10,0,1,1,0,1,1,9,0.194157,0.199126,0,0
27730,,15,0,1,1,0,1,1,1,1,1,0,0
27731,,16,0,1,1,0,1,1,8,0.235753,0.244207,0,0
27732,,16,0,1,1,0,1,1,9,0.203445,0.208886,0,0
27733,,7,0,2,2,0,2,2,8,0.273029,0.284719,0,0.5
27734,,11,0,1,1,0,1,1,9,0.224032,0.231579,0,0
27736,,339,0,1,1,0,1,1,1,1,1,0,0
27737,,339,1,0,1,1,0,1,0,0,0,0,0
27738,,11,0,4,4,0,4,4,9,0.22283,0.229945,0,0
27739,,11,1,0,1,1,0,1,0,0,0,0,0
27740,,12,0,2,2,0,2,2,8,0.234786,0.242465,0,1
27741,,0,0,1,1,0,1,1,8,0.228936,0.236648,0,0
27742,,16,0,2,2,0,2,2,8,0.257548,0.268715,0,1
27748,,11,0,1,1,0,1,1,1,1,1,0,0
27749,,7,0,1,1,0,1,1,8,0.23758,0.245223,0,0
27750,,2,0,2,2,0,2,2,8,0.24521,0.254316,0,0
27751,,8,0,1,1,0,1,1,8,0.236188,0.243784,0,0
27754,,5,0,2,2,0,2,2,9,0.220718,0.227537,0,0
27755,,11,0,1,1,0,1,1,8,0.216596,0.222828,0,0
27756,,16,0,1,1,0,1,1,8,0.257544,0.268689,0,0
27757,,1,0,1,1,0,1,1,10,0.178303,0.181862,0,0
27758,,8,0,2,2,0,2,2,8,0.262767,0.27351,0,0
27760,,15,0,1,1,0,1,1,9,0.222815,0.230116,0,0
27762,,0,0,1,1,0,1,1,9,0.224787,0.232402,0,0
33120,,11,1,1,2,1,1,2,9,0.216331,0.222852,0,0.5
27766,,24,0,1,1,0,1,1,10,0.190605,0.194878,0,0
27769,,11,0,1,1,0,1,1,10,0.156689,0.159085,0,0
27770,,11,0,1,1,0,1,1,8,0.235088,0.242513,0,0
27771,,7,0,5,5,0,5,5,8,0.27185,0.284071,0,0.4
27772,,12,0,1,1,0,1,1,9,0.192252,0.19651,0,0
27773,,8,0,1,1,0,1,1,9,0.219388,0.22606,0,0
27774,,8,0,2,2,0,2,2,8,0.264982,0.27603,0,0.5
27775,,16,0,1,1,0,1,1,9,0.219278,0.22586,0,0
27776,,8,0,1,1,0,1,1,8,0.262756,0.273466,0,0
27777,,3,0,1,1,0,1,1,12,0.132335,0.133992,0,0
27778,,8,0,1,1,0,1,1,8,0.248761,0.257751,0,0
27779,,8,0,1,1,0,1,1,8,0.251449,0.261106,0,0
27780,,8,0,1,1,0,1,1,8,0.262756,0.273466,0,0
27782,,5,0,1,1,0,1,1,8,0.22636,0.233089,0,0
27784,,8,0,1,1,0,1,1,1,1,1,0,0
27786,,8,0,4,4,0,4,4,8,0.254708,0.264572,0,1
27787,,9,0,1,1,0,1,1,9,0.195605,0.200124,0,0
27788,,11,0,2,2,0,2,2,9,0.221591,0.228403,0,1
27789,,3,0,1,1,0,1,1,9,0.214123,0.219985,0,0
27790,,11,0,2,2,0,2,2,8,0.251399,0.261509,0,0.5
27792,,2,0,3,3,0,3,3,8,0.228071,0.235893,0,0.333333
27793,,11,0,1,1,0,1,1,8,0.227034,0.234934,0,0
27795,,8,0,2,2,0,2,2,10,0.186296,0.190252,0,0
32331,,8,1,0,1,1,0,1,0,0,0,0,0
27796,,8,0,1,1,0,1,1,8,0.262756,0.273466,0,0
27797,,2,0,1,1,0,1,1,8,0.261475,0.272568,0,0
27806,,0,0,1,1,0,1,1,9,0.192224,0.196728,0,0
27807,,16,0,1,1,0,1,1,8,0.257544,0.268689,0,0
27808,,9,0,1,1,0,1,1,2,0.666667,0.75,0,0
27810,,8,0,1,1,0,1,1,8,0.262756,0.273466,0,0
27812,,11,0,1,1,0,1,1,9,0.189683,0.193373,0,0
27814,,7,0,1,1,0,1,1,9,0.214766,0.220717,0,0
27816,,10,0,1,1,0,1,1,9,0.188691,0.192982,0,0
27819,,5,0,1,1,0,1,1,9,0.209538,0.215141,0,0
27823,,0,0,2,2,0,2,2,9,0.222902,0.230239,0,1
27825,,340,0,1,1,0,1,1,1,1,1,0,0
27826,,340,1,0,1,1,0,1,0,0,0,0,0
27830,,8,0,1,1,0,1,1,10,0.177709,0.181183,0,0
27832,,19,0,1,1,0,1,1,9,0.191852,0.196248,0,0
27833,,16,0,1,1,0,1,1,8,0.257544,0.268689,0,0
27834,,7,0,1,1,0,1,1,8,0.233091,0.23972,0,0
27835,,7,0,6,6,0,6,6,8,0.251429,0.26091,0,0.566667
27838,,1,0,2,2,0,2,2,8,0.232507,0.239803,0,0
27841,,7,0,1,1,0,1,1,8,0.251523,0.26155,0,0
27842,,7,0,1,1,0,1,1,9,0.213897,0.219946,0,0
27843,,24,0,1,1,0,1,1,9,0.218312,0.224902,0,0
27844,,24,0,1,1,0,1,1,9,0.218761,0.22523,0,0
27845,,24,0,1,1,0,1,1,9,0.216278,0.22219,0,0
27847,,11,0,1,1,0,1,1,8,0.246114,0.255055,0,0
27852,,8,0,1,1,0,1,1,9,0.201829,0.206858,0,0
27853,,10,0,1,1,0,1,1,9,0.18971,0.193955,0,0
27856,,11,0,2,2,0,2,2,8,0.23245,0.239997,0,0
27857,,11,1,1,2,1,1,2,8,0.230717,0.238683,533.577004,0
28342,,11,1,5,6,1,5,6,8,0.252244,0.262485,3.101257,0.55
27859,,21,0,2,2,0,2,2,10,0.192596,0.196912,0,0
27860,,7,0,1,1,0,1,1,10,0.175604,0.178854,0,0
27861,,16,0,1,1,0,1,1,10,0.182636,0.186424,0,0
27862,,8,0,1,1,0,1,1,9,0.222497,0.229179,0,0
27863,,7,0,1,1,0,1,1,10,0.175604,0.178854,0,0
27865,,11,0,1,1,0,1,1,9,0.217121,0.223495,0,0
27871,,12,0,1,1,0,1,1,9,0.192252,0.19651,0,0
27872,,312,0,2,2,0,2,2,1,1,1,0,0.5
27873,,10,0,1,1,0,1,1,10,0.170908,0.174086,0,0
27874,,5,0,3,3,0,3,3,9,0.229813,0.237106,0,0
27875,,8,0,1,1,0,1,1,2,0.666667,0.75,0,0
27876,,8,1,1,2,1,1,2,1,1,1,1,0
27878,,1,0,1,1,0,1,1,10,0.172254,0.175168,0,0
27879,,11,0,1,1,0,1,1,8,0.244433,0.254493,0,0
27881,,16,0,1,1,0,1,1,8,0.221262,0.228206,0,0
31288,,6,1,1,2,1,1,2,9,0.220311,0.227444,131.141356,0
27883,,341,0,1,1,0,1,1,1,1,1,0,0
27884,,341,1,0,1,1,0,1,0,0,0,0,0
27886,,11,0,1,1,0,1,1,9,0.193084,0.197315,0,0
27888,,8,0,1,1,0,1,1,8,0.242744,0.250975,0,0
27889,,16,0,1,1,0,1,1,8,0.257544,0.268689,0,0
27892,,11,0,2,2,0,2,2,9,0.237535,0.245166,0,1
27893,,11,0,1,1,0,1,1,8,0.251382,0.261452,0,0
27895,,0,0,1,1,0,1,1,10,0.182275,0.18619,0,0
27896,,11,0,2,2,0,2,2,8,0.236161,0.243166,0,0.5
27898,,10,0,1,1,0,1,1,9,0.199061,0.204249,0,0
27918,,15,1,0,1,1,0,1,0,0,0,0,0
27902,,0,0,1,1,0,1,1,10,0.171496,0.174382,0,0
27903,,16,0,1,1,0,1,1,9,0.211834,0.217468,0,0
27906,,11,0,1,1,0,1,1,9,0.238304,0.246341,0,0
27909,,19,0,2,2,0,2,2,9,0.195796,0.200443,0,0
27911,,8,0,2,2,0,2,2,9,0.223209,0.230099,0,1
27912,,11,0,1,1,0,1,1,9,0.189683,0.193373,0,0
27914,,9,0,2,2,0,2,2,9,0.188661,0.193335,0,0
27916,,8,0,1,1,0,1,1,8,0.24587,0.25403,0,0
27917,,0,0,1,1,0,1,1,9,0.208088,0.213254,0,0
27919,,15,0,4,4,0,4,4,9,0.222331,0.228903,0,0.166667
27920,,2,0,1,1,0,1,1,9,0.226463,0.234215,0,0
27921,,11,0,1,1,0,1,1,8,0.21785,0.224416,0,0
27922,,6,0,1,1,0,1,1,1,1,1,0,0
27924,,11,0,3,3,0,3,3,8,0.251399,0.261531,0,0.666667
27926,,9,0,1,1,0,1,1,9,0.217144,0.223521,0,0
27928,,342,0,1,1,0,1,1,1,1,1,0,0
27929,,342,1,0,1,1,0,1,0,0,0,0,0
27934,,16,0,1,1,0,1,1,10,0.181278,0.184978,0,0
27937,,12,0,1,1,0,1,1,9,0.203687,0.209161,0,0
27939,,0,0,1,1,0,1,1,9,0.222605,0.230046,0,0
27940,,343,0,1,1,0,1,1,1,1,1,0,0
27941,,343,1,0,1,1,0,1,0,0,0,0,0
27942,,11,0,2,2,0,2,2,8,0.235833,0.242756,0,0
35413,,11,1,0,1,1,0,1,0,0,0,0,0
27943,,5,0,1,1,0,1,1,9,0.206525,0.211824,0,0
27946,,15,0,1,1,0,1,1,8,0.235664,0.243096,0,0
27947,,7,0,1,1,0,1,1,11,0.161015,0.163674,0,0
27950,,16,0,1,1,0,1,1,8,0.235753,0.244207,0,0
27954,,7,0,2,2,0,2,2,9,0.222508,0.229482,0,0
27955,,7,1,0,1,1,0,1,0,0,0,0,0
27959,,5,0,1,1,0,1,1,9,0.224867,0.231892,0,0
27960,,8,0,1,1,0,1,1,9,0.216305,0.222488,0,0
27962,,7,0,1,1,0,1,1,9,0.217741,0.224266,0,0
27964,,3,0,2,2,0,2,2,9,0.213279,0.218935,0,0.5
27965,,8,0,1,1,0,1,1,8,0.262756,0.273466,0,0
27966,,5,0,1,1,0,1,1,8,0.231928,0.239836,0,0
27970,,11,0,1,1,0,1,1,9,0.213504,0.219764,0,0
27973,,11,0,1,1,0,1,1,9,0.211236,0.217155,0,0
27975,,16,0,1,1,0,1,1,9,0.21482,0.220792,0,0
27978,,5,0,1,1,0,1,1,9,0.220014,0.226627,0,0
27979,,5,0,1,1,0,1,1,10,0.179803,0.183122,0,0
27981,,7,0,1,1,0,1,1,9,0.207609,0.212853,0,0
27982,,0,0,1,1,0,1,1,9,0.198152,0.203035,0,0
27983,,12,0,2,2,0,2,2,8,0.251627,0.261061,0,0
27984,,8,0,8,8,0,8,8,8,0.2688,0.281236,0,0.392857
27985,,7,0,1,1,0,1,1,9,0.200066,0.204368,0,0
27989,,344,0,2,2,0,2,2,1,1,1,0,0
27990,,344,1,0,1,1,0,1,0,0,0,0,0
29910,,344,1,0,1,1,0,1,0,0,0,0,0
27993,,8,0,1,1,0,1,1,9,0.221406,0.228258,0,0
27994,,8,0,2,2,0,2,2,8,0.2372,0.245366,0,1
27997,,9,0,1,1,0,1,1,9,0.207849,0.213367,0,0
35150,,10,1,0,1,1,0,1,0,0,0,0,0
27999,,0,0,1,1,0,1,1,8,0.250023,0.260333,0,0
28002,,11,0,1,1,0,1,1,9,0.202489,0.207724,0,0
28005,,11,0,1,1,0,1,1,8,0.240389,0.248209,0,0
28006,,24,0,1,1,0,1,1,9,0.208263,0.213764,0,0
28007,,345,0,1,1,0,1,1,1,1,1,0,0
28008,,345,1,0,1,1,0,1,0,0,0,0,0
28009,,11,0,3,3,0,3,3,8,0.24804,0.256959,0,0.333333
28010,,11,0,1,1,0,1,1,8,0.238151,0.247423,0,0
28019,,16,0,1,1,0,1,1,1,1,1,0,0
28022,,346,0,1,1,0,1,1,1,1,1,0,0
28023,,346,1,0,1,1,0,1,0,0,0,0,0
28025,,7,0,1,1,0,1,1,9,0.222499,0.229441,0,0
28026,,11,0,1,1,0,1,1,9,0.205551,0.211204,0,0
28027,,11,0,2,2,0,2,2,8,0.266932,0.278702,0,0.5
28030,,2,0,1,1,0,1,1,8,0.261475,0.272568,0,0
28031,,6,0,1,1,0,1,1,10,0.167698,0.170653,0,0
28032,,7,0,1,1,0,1,1,9,0.20573,0.211439,0,0
28036,,7,0,2,2,0,2,2,8,0.22695,0.233409,0,0
32290,,7,1,0,1,1,0,1,0,0,0,0,0
28038,,10,0,1,1,0,1,1,8,0.217397,0.223349,0,0
28040,,8,0,3,3,0,3,3,9,0.236262,0.244608,0,0
28041,,8,0,1,1,0,1,1,9,0.216711,0.22294,0,0
28042,,7,0,1,1,0,1,1,9,0.200066,0.204368,0,0
28044,,347,0,1,1,0,1,1,1,1,1,0,0
28045,,347,1,0,1,1,0,1,0,0,0,0,0
28046,,7,0,1,1,0,1,1,1,1,1,0,0
28047,,8,0,1,1,0,1,1,9,0.214182,0.22012,0,0
28050,,1,0,1,1,0,1,1,1,1,1,0,0
28052,,1,0,1,1,0,1,1,1,1,1,0,0
28054,,15,0,1,1,0,1,1,1,1,1,0,0
28055,,348,0,1,1,0,1,1,1,1,1,0,0
28056,,348,1,0,1,1,0,1,0,0,0,0,0
28057,,0,0,1,1,0,1,1,9,0.188504,0.192408,0,0
28058,,2,0,1,1,0,1,1,8,0.261475,0.272568,0,0
28059,,2,0,1,1,0,1,1,8,0.261475,0.272568,0,0
28062,,2,0,1,1,0,1,1,8,0.261475,0.272568,0,0
28064,,5,0,1,1,0,1,1,9,0.210097,0.215625,0,0
28065,,2,0,1,1,0,1,1,8,0.261475,0.272568,0,0
28066,,2,0,1,1,0,1,1,8,0.261475,0.272568,0,0
28067,,11,0,1,1,0,1,1,9,0.19741,0.202675,0,0
28068,,349,0,1,1,0,1,1,1,1,1,0,0
28069,,349,1,0,1,1,0,1,0,0,0,0,0
28070,,8,0,1,1,0,1,1,1,1,1,0,0
28076,,15,0,1,1,0,1,1,9,0.211763,0.217801,0,0
28077,,16,0,1,1,0,1,1,2,0.6,0.666667,0,0
28078,,10,0,1,1,0,1,1,9,0.227723,0.235174,0,0
28080,,5,0,1,1,0,1,1,9,0.197891,0.202605,0,0
28081,,5,0,1,1,0,1,1,9,0.197891,0.202605,0,0
28084,,8,0,2,2,0,2,2,8,0.263898,0.274795,0,0.5
28085,,11,0,1,1,0,1,1,9,0.223934,0.230711,0,0
28086,,8,0,1,1,0,1,1,9,0.231387,0.239068,0,0
28087,,16,0,1,1,0,1,1,8,0.257544,0.268689,0,0
28088,,11,0,1,1,0,1,1,9,0.200469,0.205801,0,0
28089,,1,0,1,1,0,1,1,2,0.666667,0.75,0,0
31717,,1,1,0,1,1,0,1,0,0,0,0,0
28092,,0,0,1,1,0,1,1,9,0.203252,0.208399,0,0
28093,,15,0,1,1,0,1,1,9,0.191128,0.195242,0,0
28094,,10,0,1,1,0,1,1,9,0.221716,0.228438,0,0
28096,,350,0,1,1,0,1,1,1,1,1,0,0
28097,,350,1,0,1,1,0,1,0,0,0,0,0
28101,,351,0,1,1,0,1,1,1,1,1,0,0
28102,,351,1,0,1,1,0,1,0,0,0,0,0
28103,,16,0,1,1,0,1,1,9,0.213921,0.219948,0,0
28104,,8,1,2,3,1,2,3,9,0.231396,0.239109,1,0.333333
28675,,8,1,1,2,1,1,2,9,0.231387,0.239068,0,0.5
28105,,7,0,1,1,0,1,1,8,0.248325,0.257194,0,0
28107,,8,0,2,2,0,2,2,8,0.263385,0.274288,0,1
28110,,11,0,1,1,0,1,1,9,0.221278,0.228111,0,0
28114,,8,0,1,1,0,1,1,8,0.262756,0.273466,0,0
28115,,5,0,1,1,0,1,1,8,0.23893,0.247221,0,0
28118,,15,0,3,3,0,3,3,9,0.213811,0.21978,0,0
31733,,15,1,0,1,1,0,1,0,0,0,0,0
28119,,2,0,2,2,0,2,2,9,0.223459,0.230055,0,0
28120,,8,0,1,1,0,1,1,8,0.262756,0.273466,0,0
28122,,1,0,1,1,0,1,1,8,0.232406,0.239626,0,0
28124,,11,0,4,4,0,4,4,8,0.242466,0.251023,0,0.5
32051,,11,1,0,1,1,0,1,0,0,0,0,0
28126,,11,0,1,1,0,1,1,9,0.23172,0.239817,0,0
28127,,21,0,1,1,0,1,1,9,0.221969,0.229196,0,0
28128,,11,0,1,1,0,1,1,8,0.234266,0.242061,0,0
28129,,10,0,2,2,0,2,2,8,0.238976,0.247082,0,0
28130,,11,0,1,1,0,1,1,8,0.236535,0.24595,0,0
28132,,8,0,3,3,0,3,3,8,0.252793,0.262584,0,0.333333
28133,,8,0,1,1,0,1,1,8,0.262756,0.273466,0,0
28136,,5,0,1,1,0,1,1,9,0.235541,0.243648,0,0
28137,,11,0,3,3,0,3,3,8,0.236129,0.244898,0,0.333333
28140,,11,0,1,1,0,1,1,1,1,1,0,0
28143,,5,0,4,4,0,4,4,9,0.230265,0.238161,0,0.166667
29893,,5,1,0,1,1,0,1,0,0,0,0,0
32672,,5,1,0,1,1,0,1,0,0,0,0,0
28144,,16,0,1,1,0,1,1,1,1,1,0,0
28145,,11,0,1,1,0,1,1,9,0.200424,0.205541,0,0
28148,,1,0,1,1,0,1,1,2,0.555556,0.6,0,0
28149,,7,0,1,1,0,1,1,8,0.242713,0.250553,0,0
28151,,7,0,1,1,0,1,1,8,0.242475,0.25106,0,0
28153,,16,0,1,1,0,1,1,9,0.219293,0.225533,0,0
28154,,11,0,1,1,0,1,1,9,0.22643,0.233486,0,0
28156,,15,0,1,1,0,1,1,10,0.183619,0.187462,0,0
28158,,15,0,1,1,0,1,1,9,0.220312,0.226978,0,0
30236,,10,1,0,1,1,0,1,0,0,0,0,0
28169,,7,0,2,2,0,2,2,8,0.245841,0.254164,0,0
28172,,8,0,1,1,0,1,1,9,0.208746,0.214252,0,0
28173,,7,0,1,1,0,1,1,9,0.226406,0.233591,0,0
28174,,16,0,1,1,0,1,1,9,0.217166,0.223047,0,0
28177,,11,0,1,1,0,1,1,9,0.216886,0.223977,0,0
28178,,9,0,1,1,0,1,1,11,0.144318,0.146153,0,0
28180,,5,0,1,1,0,1,1,8,0.245851,0.255055,0,0
28183,,352,0,1,1,0,1,1,1,1,1,0,0
28184,,352,1,0,1,1,0,1,0,0,0,0,0
28186,,5,1,2,3,1,2,3,9,0.216073,0.222311,91.008435,0
29130,,8,1,1,2,1,1,2,8,0.236993,0.24447,0,1
32677,,8,1,0,1,1,0,1,0,0,0,0,0
33923,,8,1,0,1,1,0,1,0,0,0,0,0
35637,,8,1,0,1,1,0,1,0,0,0,0,0
28955,,7,2,5,7,2,5,7,8,0.247161,0.256241,541.981354,0.166667
28190,,13,0,3,3,0,3,3,8,0.233007,0.241075,0,1
28191,,5,0,1,1,0,1,1,9,0.215102,0.22067,0,0
28192,,10,0,1,1,0,1,1,9,0.226507,0.233975,0,0
28194,,2,0,2,2,0,2,2,8,0.273227,0.285824,0,1
28195,,13,3,3,6,3,3,6,8,0.233547,0.241635,63656.434195,0.166667
28198,,8,0,1,1,0,1,1,9,0.218231,0.224562,0,0
28204,,24,1,1,2,1,1,2,9,0.218315,0.224905,613.102692,0
28205,,11,0,1,1,0,1,1,9,0.23666,0.245195,0,0
28206,,1,0,1,1,0,1,1,2,0.555556,0.6,0,0
28207,,1,0,1,1,0,1,1,9,0.212011,0.2181,0,0
28208,,13,0,2,2,0,2,2,8,0.229176,0.23676,0,0.5
28209,,7,0,1,1,0,1,1,9,0.209772,0.215183,0,0
28216,,8,0,1,1,0,1,1,8,0.262756,0.273466,0,0
28217,,1,0,1,1,0,1,1,10,0.176642,0.180084,0,0
28218,,7,0,1,1,0,1,1,8,0.272188,0.283721,0,0
28219,,1,0,1,1,0,1,1,9,0.234953,0.24388,0,0
28220,,15,0,2,2,0,2,2,9,0.214514,0.221421,0,1
28221,,13,0,1,1,0,1,1,9,0.217837,0.224577,0,0
28222,,16,0,2,2,0,2,2,9,0.191581,0.195499,0,0
28223,,24,0,3,3,0,3,3,9,0.220934,0.227458,0,0
28224,,24,1,0,1,1,0,1,0,0,0,0,0
28225,,0,0,1,1,0,1,1,9,0.193032,0.196936,0,0
28228,,11,0,3,3,0,3,3,8,0.216615,0.222911,0,0.166667
28229,,11,1,1,2,1,1,2,8,0.216596,0.222828,0,0.5
29371,,11,1,0,1,1,0,1,0,0,0,0,0
28230,,8,0,2,2,0,2,2,8,0.264227,0.275147,0,0.5
28233,,353,0,1,1,0,1,1,1,1,1,0,0
28234,,353,1,0,1,1,0,1,0,0,0,0,0
28235,,16,0,3,3,0,3,3,8,0.234523,0.241898,0,0
28238,,16,0,1,1,0,1,1,10,0.199053,0.204327,0,0
28239,,7,0,1,1,0,1,1,7,0.293553,0.307954,0,0
28240,,13,0,2,2,0,2,2,8,0.229192,0.236803,0,1
28241,,11,0,1,1,0,1,1,8,0.240389,0.248209,0,0
28777,,13,2,1,3,2,1,3,9,0.217836,0.224576,18826,0.166667
28248,,7,0,1,1,0,1,1,8,0.23758,0.245223,0,0
28250,,10,0,1,1,0,1,1,9,0.211375,0.21719,0,0
28252,,13,0,2,2,0,2,2,8,0.232987,0.241006,0,1
30551,,11,1,0,1,1,0,1,0,0,0,0,0
28254,,16,0,1,1,0,1,1,9,0.234736,0.243231,0,0
28255,,13,0,1,1,0,1,1,8,0.22917,0.236725,0,0
28256,,6,0,1,1,0,1,1,9,0.204067,0.209223,0,0
28257,,11,0,1,1,0,1,1,8,0.23001,0.236631,0,0
28258,,8,0,2,2,0,2,2,9,0.225895,0.233193,0,0
28262,,13,0,2,2,0,2,2,8,0.229173,0.236751,0,1
28263,,0,0,1,1,0,1,1,1,1,1,0,0
28264,,11,0,1,1,0,1,1,8,0.244275,0.253708,0,0
28265,,11,0,1,1,0,1,1,8,0.236535,0.24595,0,0
28266,,8,0,1,1,0,1,1,8,0.237667,0.245207,0,0
28267,,9,0,1,1,0,1,1,2,0.666667,0.75,0,0
28268,,16,0,1,1,0,1,1,8,0.236961,0.24442,0,0
28270,,11,0,1,1,0,1,1,8,0.251382,0.261452,0,0
32213,,7,1,0,1,1,0,1,0,0,0,0,0
28272,,8,0,1,1,0,1,1,9,0.224027,0.230383,0,0
28274,,8,0,3,3,0,3,3,8,0.231717,0.23943,0,0.5
28277,,9,1,1,2,1,1,2,9,0.185522,0.189876,2864.154888,0
28279,,354,0,1,1,0,1,1,1,1,1,0,0
28280,,354,1,0,1,1,0,1,0,0,0,0,0
28281,,2,0,1,1,0,1,1,2,0.666667,0.75,0,0
28282,,6,0,1,1,0,1,1,9,0.202026,0.207543,0,0
28283,,13,0,2,2,0,2,2,9,0.217846,0.224618,0,0.5
28285,,13,0,4,4,0,4,4,8,0.233002,0.241082,0,0.5
28693,,13,1,0,1,1,0,1,0,0,0,0,0
28291,,355,0,1,1,0,1,1,1,1,1,0,0
28292,,355,1,0,1,1,0,1,0,0,0,0,0
28293,,8,0,3,3,0,3,3,9,0.243558,0.253231,0,1
28296,,8,0,2,2,0,2,2,8,0.231574,0.23945,0,0.5
28298,,1,0,1,1,0,1,1,2,0.555556,0.6,0,0
28302,,13,0,1,1,0,1,1,9,0.196594,0.201296,0,0
28303,,7,0,1,1,0,1,1,9,0.22266,0.228771,0,0
28305,,13,0,1,1,0,1,1,8,0.22917,0.236725,0,0
28306,,7,0,1,1,0,1,1,12,0.126136,0.127418,0,0
28307,,7,0,1,1,0,1,1,12,0.126136,0.127418,0,0
28309,,356,0,1,1,0,1,1,1,1,1,0,0
28310,,356,1,0,1,1,0,1,0,0,0,0,0
33565,,16,1,0,1,1,0,1,0,0,0,0,0
28312,,8,0,1,1,0,1,1,1,1,1,0,0
28321,,11,0,1,1,0,1,1,8,0.234266,0.242061,0,0
28322,,7,0,1,1,0,1,1,9,0.221836,0.22815,0,0
28324,,13,0,4,4,0,4,4,8,0.233002,0.241082,0,0.583333
28672,,13,1,1,2,1,1,2,9,0.217837,0.224577,0,0.5
28326,,7,0,1,1,0,1,1,8,0.2284,0.235296,0,0
28327,,21,0,1,1,0,1,1,1,1,1,0,0
28328,,12,0,1,1,0,1,1,9,0.190149,0.194129,0,0
28329,,13,0,1,1,0,1,1,8,0.22917,0.236725,0,0
28330,,9,0,1,1,0,1,1,10,0.179083,0.182788,0,0
28333,,10,0,1,1,0,1,1,9,0.238286,0.246157,0,0
28336,,357,0,1,1,0,1,1,1,1,1,0,0
28337,,357,1,0,1,1,0,1,0,0,0,0,0
28338,,7,0,2,2,0,2,2,8,0.275309,0.287068,0,0.5
29093,,13,1,0,1,1,0,1,0,0,0,0,0
29452,,13,1,2,3,1,2,3,9,0.229392,0.237319,797.080633,0
28344,,10,0,1,1,0,1,1,9,0.218487,0.22468,0,0
28346,,13,0,2,2,0,2,2,8,0.232987,0.241006,0,1
28347,,8,1,1,2,1,1,2,9,0.207323,0.212821,0,0.5
28349,,7,0,1,1,0,1,1,9,0.226164,0.233246,0,0
28350,,13,0,3,3,0,3,3,8,0.234973,0.243279,0,0.333333
28352,,13,0,1,1,0,1,1,9,0.196594,0.201296,0,0
28353,,358,0,1,1,0,1,1,1,1,1,0,0
28354,,358,1,0,1,1,0,1,0,0,0,0,0
28355,,13,0,2,2,0,2,2,8,0.232987,0.241006,0,1
28356,,13,1,2,3,1,2,3,8,0.232987,0.241006,18827,0.333333
28358,,16,0,1,1,0,1,1,10,0.187177,0.19082,0,0
28363,,7,0,1,1,0,1,1,10,0.171767,0.174838,0,0
28364,,13,0,2,2,0,2,2,8,0.232987,0.241006,0,1
28365,,11,0,1,1,0,1,1,8,0.238528,0.246408,0,0
28366,,8,0,1,1,0,1,1,9,0.200413,0.20507,0,0
28367,,13,0,2,2,0,2,2,9,0.217853,0.224633,0,0.5
28612,,13,3,3,6,3,3,6,8,0.232997,0.241047,19461.446512,0.25
28368,,8,0,1,1,0,1,1,8,0.262756,0.273466,0,0
28369,,7,0,1,1,0,1,1,10,0.180059,0.183708,0,0
28371,,13,0,2,2,0,2,2,8,0.232987,0.241006,0,1
28374,,13,0,1,1,0,1,1,8,0.22917,0.236725,0,0
28376,,2,0,1,1,0,1,1,9,0.187557,0.191658,0,0
28377,,11,0,1,1,0,1,1,10,0.180536,0.183942,0,0
28380,,16,0,2,2,0,2,2,8,0.259783,0.27142,0,1
28383,,2,0,1,1,0,1,1,8,0.261475,0.272568,0,0
28384,,5,0,1,1,0,1,1,9,0.186485,0.190771,0,0
28386,,16,0,1,1,0,1,1,10,0.178924,0.182484,0,0
28387,,13,0,1,1,0,1,1,9,0.217837,0.224577,0,0
28389,,11,0,1,1,0,1,1,8,0.239859,0.247713,0,0
28390,,11,0,1,1,0,1,1,8,0.236167,0.244733,0,0
34955,,10,1,0,1,1,0,1,0,0,0,0,0
29197,,0,2,0,2,2,0,2,0,0,0,0,0
28393,,13,0,1,1,0,1,1,8,0.22917,0.236725,0,0
28394,,11,0,1,1,0,1,1,9,0.213504,0.219764,0,0
28395,,11,0,1,1,0,1,1,8,0.227718,0.235112,0,0
28396,,13,0,2,2,0,2,2,9,0.224991,0.232234,0,0
28397,,12,0,1,1,0,1,1,8,0.234438,0.242011,0,0
28398,,8,0,2,2,0,2,2,9,0.222035,0.228991,0,1
28400,,359,0,1,1,0,1,1,2,0.666667,0.75,0,0
28401,,7,0,1,1,0,1,1,13,0.112011,0.112926,0,0
28403,,7,0,1,1,0,1,1,13,0.112011,0.112926,0,0
28408,,13,0,1,1,0,1,1,8,0.22917,0.236725,0,0
28409,,5,0,1,1,0,1,1,8,0.230995,0.238519,0,0
28410,,16,0,1,1,0,1,1,8,0.257544,0.268689,0,0
28411,,24,0,2,2,0,2,2,9,0.220464,0.227136,0,0
28415,,13,0,2,2,0,2,2,8,0.232987,0.241006,0,1
29341,,13,1,1,2,1,1,2,9,0.217833,0.224571,0,1
28419,,11,0,1,1,0,1,1,8,0.23674,0.244313,0,0
28420,,15,0,1,1,0,1,1,8,0.230339,0.23724,0,0
28421,,13,0,2,2,0,2,2,9,0.217846,0.224618,0,0
28422,,13,1,0,1,1,0,1,0,0,0,0,0
28425,,7,0,1,1,0,1,1,8,0.265449,0.276753,0,0
28426,,13,0,3,3,0,3,3,8,0.23433,0.242566,0,0.333333
28505,,7,2,0,2,2,0,2,0,0,0,0,0
28430,,10,0,1,1,0,1,1,9,0.185667,0.189849,0,0
28432,,13,1,4,5,1,4,5,8,0.233887,0.242074,14.558176,0.45
28434,,13,0,1,1,0,1,1,10,0.17888,0.18255,0,0
28435,,13,1,1,2,1,1,2,9,0.217837,0.224577,18827,0
28437,,7,0,1,1,0,1,1,8,0.229743,0.236549,0,0
28439,,7,0,1,1,0,1,1,8,0.272188,0.283721,0,0
28440,,8,0,2,2,0,2,2,9,0.227245,0.234054,0,0.5
28441,,360,0,1,1,0,1,1,1,1,1,0,0
28442,,360,1,0,1,1,0,1,0,0,0,0,0
28443,,8,0,1,1,0,1,1,8,0.262756,0.273466,0,0
28445,,13,0,1,1,0,1,1,8,0.22917,0.236725,0,0
28447,,13,0,3,3,0,3,3,8,0.244411,0.253748,0,1
28449,,0,0,1,1,0,1,1,9,0.186297,0.190348,0,0
28451,,1,0,1,1,0,1,1,9,0.22624,0.233068,0,0
28452,,16,0,1,1,0,1,1,8,0.234155,0.242097,0,0
28453,,13,0,1,1,0,1,1,8,0.22917,0.236725,0,0
28457,,13,0,1,1,0,1,1,8,0.22917,0.236725,0,0
28458,,0,0,1,1,0,1,1,8,0.250023,0.260333,0,0
28459,,361,0,1,1,0,1,1,1,1,1,0,0
28460,,361,1,0,1,1,0,1,0,0,0,0,0
28461,,13,0,1,1,0,1,1,9,0.189338,0.193526,0,0
28462,,15,0,1,1,0,1,1,10,0.179156,0.182314,0,0
28463,,7,0,1,1,0,1,1,1,1,1,0,0
28466,,3,0,6,6,0,6,6,8,0.2632,0.274057,0,0.066667
28467,,3,1,0,1,1,0,1,0,0,0,0,0
28468,,7,0,2,2,0,2,2,8,0.267966,0.279519,0,1
28469,,11,0,1,1,0,1,1,9,0.206235,0.211976,0,0
28470,,5,0,2,2,0,2,2,8,0.248482,0.258142,0,0
28473,,2,0,1,1,0,1,1,9,0.238286,0.246733,0,0
28474,,13,0,2,2,0,2,2,8,0.232987,0.241006,0,1
28476,,8,1,0,1,1,0,1,0,0,0,0,0
28477,,13,0,1,1,0,1,1,10,0.178877,0.182546,0,0
28478,,1,0,1,1,0,1,1,8,0.232406,0.239626,0,0
28480,,2,0,1,1,0,1,1,10,0.171804,0.174842,0,0
28484,,8,0,1,1,0,1,1,9,0.219616,0.22591,0,0
28488,,3,0,1,1,0,1,1,1,1,1,0,0
28489,,3,0,1,1,0,1,1,1,1,1,0,0
28490,,13,0,1,1,0,1,1,8,0.22917,0.236725,0,0
28493,,3,0,1,1,0,1,1,1,1,1,0,0
28494,,3,0,1,1,0,1,1,1,1,1,0,0
28498,,6,0,1,1,0,1,1,9,0.22031,0.227442,0,0
28499,,13,0,1,1,0,1,1,9,0.18897,0.193135,0,0
28500,,13,1,2,3,1,2,3,8,0.232987,0.241006,18827,0.333333
28501,,5,0,1,1,0,1,1,9,0.214673,0.220515,0,0
28502,,11,0,1,1,0,1,1,10,0.19248,0.197046,0,0
28503,,13,0,3,3,0,3,3,8,0.233007,0.241075,0,1
28504,,7,0,1,1,0,1,1,1,1,1,0,0
28506,,13,0,1,1,0,1,1,8,0.22917,0.236725,0,0
28507,,8,0,1,1,0,1,1,8,0.241251,0.248887,0,0
28508,,459,0,1,1,0,1,1,2,0.666667,0.75,0,0
28509,,459,1,1,2,1,1,2,2,0.666667,0.75,2,0
28510,,8,0,1,1,0,1,1,8,0.225838,0.233103,0,0
28511,,8,0,1,1,0,1,1,8,0.231489,0.238755,0,0
28512,,13,0,1,1,0,1,1,8,0.22917,0.236725,0,0
28514,,13,0,2,2,0,2,2,8,0.232987,0.241006,0,1
28515,,13,1,1,2,1,1,2,9,0.217833,0.224571,0,1
28517,,13,0,2,2,0,2,2,8,0.232987,0.241006,0,1
28518,,13,0,1,1,0,1,1,8,0.22917,0.236725,0,0
28521,,8,0,1,1,0,1,1,8,0.233542,0.241585,0,0
28522,,13,0,1,1,0,1,1,9,0.217837,0.224577,0,0
28523,,5,0,1,1,0,1,1,9,0.211285,0.217062,0,0
28524,,5,0,2,2,0,2,2,8,0.235202,0.243265,0,0
28525,,13,0,3,3,0,3,3,8,0.250229,0.259591,0,0.5
28526,,10,0,1,1,0,1,1,8,0.248433,0.25796,0,0
28528,,9,0,1,1,0,1,1,9,0.204877,0.209719,0,0
28532,,0,0,1,1,0,1,1,2,0.666667,0.75,0,0
28534,,2,1,0,1,1,0,1,0,0,0,0,0
28536,,8,0,1,1,0,1,1,10,0.165978,0.168732,0,0
28537,,7,0,1,1,0,1,1,10,0.175604,0.178854,0,0
28539,,11,0,1,1,0,1,1,10,0.175906,0.179352,0,0
28540,,13,0,2,2,0,2,2,9,0.217846,0.224618,0,0
28541,,13,1,0,1,1,0,1,0,0,0,0,0
29085,,16,1,2,3,1,2,3,9,0.227631,0.235098,0.5,0.166667
29981,,7,1,0,1,1,0,1,0,0,0,0,0
28768,,13,1,1,2,1,1,2,9,0.217837,0.224577,0,0.5
28546,,8,0,2,2,0,2,2,8,0.244462,0.252862,0,0
28547,,8,1,0,1,1,0,1,0,0,0,0,0
28548,,11,0,1,1,0,1,1,8,0.238151,0.247423,0,0
28551,,13,0,3,3,0,3,3,9,0.219603,0.226417,0,0.5
28553,,8,0,1,1,0,1,1,10,0.17851,0.181848,0,0
28554,,8,1,1,2,1,1,2,9,0.217289,0.223359,18827,0
28561,,13,0,1,1,0,1,1,8,0.22917,0.236725,0,0
28562,,13,0,1,1,0,1,1,8,0.22917,0.236725,0,0
28565,,13,0,1,1,0,1,1,8,0.22917,0.236725,0,0
28566,,13,0,2,2,0,2,2,8,0.232987,0.241006,0,1
28567,,13,0,1,1,0,1,1,9,0.198121,0.202884,0,0
28568,,13,0,2,2,0,2,2,9,0.217842,0.224612,0,1
28569,,13,0,1,1,0,1,1,9,0.217837,0.224577,0,0
28570,,10,0,2,2,0,2,2,9,0.217314,0.223797,0,0
28571,,362,0,1,1,0,1,1,1,1,1,0,0
28572,,362,1,0,1,1,0,1,0,0,0,0,0
28574,,11,0,1,1,0,1,1,8,0.216596,0.222828,0,0
28577,,11,0,2,2,0,2,2,8,0.253603,0.263587,0,0
28578,,16,0,1,1,0,1,1,8,0.257544,0.268689,0,0
28579,,8,0,1,1,0,1,1,8,0.262756,0.273466,0,0
28581,,16,0,1,1,0,1,1,8,0.257544,0.268689,0,0
28582,,8,0,1,1,0,1,1,9,0.236556,0.244293,0,0
28583,,16,0,2,2,0,2,2,9,0.218543,0.224827,0,0
28584,,8,0,1,1,0,1,1,1,1,1,0,0
29745,,7,1,0,1,1,0,1,0,0,0,0,0
30173,,7,1,2,3,1,2,3,9,0.229255,0.237078,0,0.5
30443,,7,1,2,3,1,2,3,8,0.250156,0.259441,0,0.333333
30783,,7,1,2,3,1,2,3,8,0.27448,0.287398,65.1603,0.666667
28586,,8,0,1,1,0,1,1,9,0.250609,0.260973,0,0
28587,,7,0,1,1,0,1,1,9,0.223878,0.230235,0,0
28588,,8,0,1,1,0,1,1,8,0.262756,0.273466,0,0
28589,,8,0,1,1,0,1,1,9,0.210546,0.215947,0,0
28590,,10,0,1,1,0,1,1,10,0.177132,0.180657,0,0
28591,,16,0,1,1,0,1,1,8,0.257544,0.268689,0,0
28592,,13,1,1,2,1,1,2,9,0.217837,0.224577,18827,0
28594,,11,0,6,6,0,6,6,8,0.252264,0.262541,0,0.266667
28595,,11,0,1,1,0,1,1,9,0.221044,0.227377,0,0
28597,,13,0,2,2,0,2,2,8,0.229173,0.236751,0,1
28602,,13,0,1,1,0,1,1,9,0.188983,0.193166,0,0
28603,,13,1,3,4,1,3,4,8,0.233007,0.241075,18827,0.5
28604,,10,0,2,2,0,2,2,8,0.249553,0.259513,0,0
35744,,7,1,0,1,1,0,1,0,0,0,0,0
32931,,11,1,1,2,1,1,2,9,0.200894,0.20588,0,0
28609,,13,0,2,2,0,2,2,8,0.232987,0.241006,0,1
28611,,13,0,1,1,0,1,1,9,0.188976,0.193151,0,0
28659,,13,1,4,5,1,4,5,8,0.233,0.241073,1,0.583333
28613,,11,0,1,1,0,1,1,8,0.244433,0.254493,0,0
28615,,16,0,1,1,0,1,1,8,0.257544,0.268689,0,0
28616,,21,0,1,1,0,1,1,10,0.186181,0.189967,0,0
28617,,13,0,2,2,0,2,2,8,0.232987,0.241006,0,1
28618,,11,0,3,3,0,3,3,8,0.238178,0.247538,0,1
28620,,0,0,1,1,0,1,1,10,0.178185,0.181688,0,0
28621,,8,0,1,1,0,1,1,8,0.242744,0.250975,0,0
28622,,13,0,2,2,0,2,2,8,0.232987,0.241006,0,1
28625,,13,0,3,3,0,3,3,8,0.233007,0.241075,0,1
28631,,11,0,1,1,0,1,1,9,0.22825,0.235531,0,0
28633,,13,0,3,3,0,3,3,8,0.232993,0.241042,0,1
28636,,11,0,1,1,0,1,1,9,0.193252,0.197354,0,0
31766,,7,6,7,13,6,7,13,8,0.2486,0.257501,120738.712417,0.030303
28638,,11,0,1,1,0,1,1,9,0.22146,0.227964,0,0
28639,,16,0,1,1,0,1,1,9,0.19176,0.195692,0,0
28640,,15,0,1,1,0,1,1,10,0.179156,0.182314,0,0
28642,,13,0,2,2,0,2,2,8,0.232987,0.241006,0,1
28643,,8,0,1,1,0,1,1,9,0.227374,0.234422,0,0
28646,,5,0,1,1,0,1,1,9,0.212622,0.218545,0,0
28648,,363,0,1,1,0,1,1,1,1,1,0,0
28649,,363,1,0,1,1,0,1,0,0,0,0,0
28650,,13,0,2,2,0,2,2,8,0.232987,0.241006,0,1
28651,,11,0,1,1,0,1,1,9,0.219883,0.226442,0,0
29288,,11,1,1,2,1,1,2,10,0.188134,0.192425,0,0
28653,,11,0,2,2,0,2,2,9,0.228636,0.236987,0,0
28655,,16,0,2,2,0,2,2,8,0.23419,0.242213,0,1
28657,,15,0,1,1,0,1,1,9,0.227687,0.23488,0,0
28658,,8,0,1,1,0,1,1,9,0.225039,0.232567,0,0
28664,,0,0,1,1,0,1,1,10,0.182275,0.18619,0,0
28665,,16,1,2,3,1,2,3,8,0.239694,0.2473,48.303207,0.5
28667,,11,0,1,1,0,1,1,9,0.216318,0.222799,0,0
28668,,364,0,1,1,0,1,1,1,1,1,0,0
28669,,364,1,0,1,1,0,1,0,0,0,0,0
28670,,9,0,1,1,0,1,1,9,0.217144,0.223521,0,0
28673,,11,0,1,1,0,1,1,9,0.200004,0.20511,0,0
28674,,8,0,1,1,0,1,1,9,0.231387,0.239068,0,0
28676,,0,0,1,1,0,1,1,8,0.242388,0.250662,0,0
28677,,8,0,2,2,0,2,2,8,0.23785,0.246688,0,0
28678,,2,0,1,1,0,1,1,8,0.261475,0.272568,0,0
28679,,13,0,4,4,0,4,4,8,0.233017,0.241116,0,0.5
29206,,13,1,0,1,1,0,1,0,0,0,0,0
28684,,13,0,2,2,0,2,2,9,0.217842,0.224612,0,1
28685,,7,0,1,1,0,1,1,9,0.197416,0.201715,0,0
28686,,7,0,1,1,0,1,1,9,0.197416,0.201715,0,0
28687,,365,0,1,1,0,1,1,1,1,1,0,0
28688,,365,1,0,1,1,0,1,0,0,0,0,0
28689,,264,0,1,1,0,1,1,1,1,1,0,0
28692,,11,0,1,1,0,1,1,8,0.227034,0.234934,0,0
28696,,11,0,1,1,0,1,1,9,0.216318,0.222799,0,0
28698,,0,1,2,3,1,2,3,10,0.168074,0.170946,18825,0
28700,,8,0,1,1,0,1,1,9,0.221359,0.227716,0,0
28701,,8,0,1,1,0,1,1,10,0.177709,0.181183,0,0
28702,,13,0,2,2,0,2,2,8,0.232987,0.241006,0,1
28705,,7,0,1,1,0,1,1,8,0.248791,0.258416,0,0
28706,,10,0,1,1,0,1,1,9,0.222352,0.229209,0,0
28707,,11,0,1,1,0,1,1,8,0.232418,0.240737,0,0
28708,,8,0,1,1,0,1,1,9,0.221489,0.228136,0,0
28709,,19,0,1,1,0,1,1,9,0.222124,0.228778,0,0
28711,,18,0,1,1,0,1,1,2,0.545455,0.583333,0,0
28712,,11,0,1,1,0,1,1,8,0.232418,0.240737,0,0
28714,,7,0,1,1,0,1,1,8,0.270888,0.28334,0,0
28717,,16,0,3,3,0,3,3,8,0.237029,0.245894,0,1
28722,,0,0,1,1,0,1,1,9,0.187182,0.191488,0,0
28725,,16,0,2,2,0,2,2,9,0.228919,0.237124,0,0
28726,,13,1,2,3,1,2,3,9,0.217841,0.224611,56475,0
28727,,10,0,1,1,0,1,1,9,0.206242,0.211786,0,0
28729,,7,0,3,3,0,3,3,8,0.231503,0.238831,0,0
28731,,7,0,1,1,0,1,1,8,0.226417,0.233209,0,0
28732,,13,0,1,1,0,1,1,9,0.217837,0.224577,0,0
28733,,10,0,1,1,0,1,1,9,0.212494,0.218198,0,0
28734,,6,0,2,2,0,2,2,9,0.220323,0.227504,0,1
28735,,16,0,2,2,0,2,2,9,0.21185,0.217525,0,0.5
28737,,5,0,1,1,0,1,1,8,0.245108,0.253561,0,0
28739,,11,0,1,1,0,1,1,8,0.23949,0.247366,0,0
28740,,16,0,1,1,0,1,1,9,0.219278,0.22586,0,0
28742,,8,0,1,1,0,1,1,8,0.223971,0.231195,0,0
28743,,13,0,1,1,0,1,1,8,0.22917,0.236725,0,0
28744,,16,1,2,3,1,2,3,9,0.187559,0.1917,0,1
28745,,13,0,2,2,0,2,2,9,0.219582,0.226357,0,1
28751,,11,0,1,1,0,1,1,8,0.222226,0.228739,0,0
28752,,13,0,1,1,0,1,1,9,0.217837,0.224577,0,0
28753,,11,0,1,1,0,1,1,9,0.19352,0.197987,0,0
28754,,8,0,1,1,0,1,1,8,0.262756,0.273466,0,0
28757,,2,0,2,2,0,2,2,9,0.222168,0.228583,0,0
28758,,8,0,3,3,0,3,3,9,0.236243,0.244697,0,0.333333
28761,,5,0,1,1,0,1,1,10,0.177017,0.180511,0,0
28767,,8,0,1,1,0,1,1,8,0.227522,0.234121,0,0
28769,,0,0,1,1,0,1,1,9,0.222605,0.230046,0,0
28770,,11,0,1,1,0,1,1,8,0.222226,0.228739,0,0
28771,,7,0,1,1,0,1,1,1,1,1,0,0
28772,,24,0,1,1,0,1,1,9,0.188084,0.192171,0,0
28774,,7,0,1,1,0,1,1,8,0.247779,0.256716,0,0
28775,,11,0,1,1,0,1,1,8,0.251382,0.261452,0,0
28776,,7,0,1,1,0,1,1,10,0.166718,0.169204,0,0
28779,,16,0,1,1,0,1,1,9,0.234736,0.243231,0,0
28780,,9,0,2,2,0,2,2,11,0.141629,0.143833,0,0.5
28781,,16,0,1,1,0,1,1,8,0.257544,0.268689,0,0
28782,,13,0,2,2,0,2,2,9,0.221434,0.228483,0,0.5
28783,,13,0,1,1,0,1,1,9,0.198121,0.202884,0,0
28784,,7,0,1,1,0,1,1,9,0.230698,0.238054,0,0
28786,,13,0,1,1,0,1,1,9,0.217837,0.224577,0,0
28787,,13,0,1,1,0,1,1,9,0.217837,0.224577,0,0
28791,,7,0,1,1,0,1,1,9,0.200066,0.204368,0,0
28792,,11,0,3,3,0,3,3,8,0.241582,0.24992,0,0.5
28793,,13,0,1,1,0,1,1,9,0.217837,0.224577,0,0
28836,,7,1,0,1,1,0,1,0,0,0,0,0
29010,,7,1,1,2,1,1,2,10,0.172673,0.17574,1,0
29012,,7,1,0,1,1,0,1,0,0,0,0,0
28801,,7,0,1,1,0,1,1,10,0.182953,0.186517,0,0
28804,,7,0,1,1,0,1,1,9,0.222499,0.229441,0,0
28805,,15,0,2,2,0,2,2,9,0.234452,0.242361,0,0
29161,,15,1,0,1,1,0,1,0,0,0,0,0
28808,,13,0,1,1,0,1,1,8,0.22917,0.236725,0,0
28811,,13,0,1,1,0,1,1,9,0.217837,0.224577,0,0
28813,,10,0,2,2,0,2,2,8,0.239213,0.247395,0,1
28814,,16,0,3,3,0,3,3,8,0.23828,0.246724,0,0.166667
28815,,366,1,1,2,1,1,2,1,1,1,0,0
28816,,366,1,1,2,1,1,2,1,1,1,0,0
28818,,11,0,2,2,0,2,2,8,0.25215,0.262311,0,1
28821,,7,0,1,1,0,1,1,9,0.223774,0.230664,0,0
28822,,16,0,1,1,0,1,1,1,1,1,0,0
28824,,13,0,3,3,0,3,3,8,0.233007,0.241075,0,1
28827,,13,0,2,2,0,2,2,8,0.232987,0.241006,0,1
28828,,7,0,1,1,0,1,1,8,0.242713,0.250553,0,0
28829,,8,0,1,1,0,1,1,9,0.213686,0.219908,0,0
28830,,7,0,1,1,0,1,1,9,0.215121,0.221624,0,0
28831,,8,0,1,1,0,1,1,9,0.199568,0.204458,0,0
28832,,13,0,2,2,0,2,2,8,0.232987,0.241006,0,1
28833,,5,0,1,1,0,1,1,8,0.242301,0.250615,0,0
28835,,8,0,1,1,0,1,1,9,0.197292,0.201776,0,0
28837,,8,0,2,2,0,2,2,9,0.235202,0.24437,0,1
28839,,0,0,1,1,0,1,1,8,0.225592,0.232946,0,0
28840,,0,0,20,20,0,20,20,8,0.287063,0.302261,0,0.273684
28841,,367,0,1,1,0,1,1,1,1,1,0,0
28842,,367,1,0,1,1,0,1,0,0,0,0,0
32876,,8,1,0,1,1,0,1,0,0,0,0,0
28847,,6,0,1,1,0,1,1,9,0.227036,0.233745,0,0
28848,,3,0,1,1,0,1,1,11,0.147746,0.149774,0,0
28850,,13,0,1,1,0,1,1,8,0.22917,0.236725,0,0
28852,,8,0,1,1,0,1,1,8,0.262756,0.273466,0,0
28856,,15,0,1,1,0,1,1,8,0.237074,0.24426,0,0
28857,,16,0,1,1,0,1,1,1,1,1,0,0
28859,,8,0,2,2,0,2,2,8,0.265289,0.276623,0,1
28860,,13,0,2,2,0,2,2,8,0.244783,0.253221,0,1
28861,,7,0,1,1,0,1,1,9,0.224481,0.231705,0,0
28862,,7,0,1,1,0,1,1,8,0.257706,0.267944,0,0
28863,,8,0,2,2,0,2,2,9,0.211818,0.217938,0,0
28865,,13,0,3,3,0,3,3,8,0.229182,0.236792,0,0.166667
33772,,13,1,0,1,1,0,1,0,0,0,0,0
28866,,11,0,1,1,0,1,1,9,0.210558,0.216301,0,0
28868,,7,0,2,2,0,2,2,8,0.262976,0.273811,0,1
30778,,9,1,0,1,1,0,1,0,0,0,0,0
28871,,16,0,2,2,0,2,2,10,0.17457,0.178013,0,0
28872,,16,0,1,1,0,1,1,1,1,1,0,0
28873,,8,0,1,1,0,1,1,8,0.263743,0.27463,0,0
28878,,13,0,1,1,0,1,1,9,0.217837,0.224577,0,0
28879,,5,0,1,1,0,1,1,9,0.224975,0.231937,0,0
28880,,13,0,1,1,0,1,1,9,0.217837,0.224577,0,0
28881,,13,0,1,1,0,1,1,9,0.217837,0.224577,0,0
29047,,6,1,0,1,1,0,1,0,0,0,0,0
29886,,6,1,0,1,1,0,1,0,0,0,0,0
32065,,6,1,0,1,1,0,1,0,0,0,0,0
28883,,11,0,2,2,0,2,2,8,0.224631,0.23187,0,1
28885,,7,0,1,1,0,1,1,1,1,1,0,0
28886,,6,0,3,3,0,3,3,8,0.244821,0.253135,0,0.5
28887,,5,0,1,1,0,1,1,8,0.242301,0.250615,0,0
28889,,368,0,1,1,0,1,1,1,1,1,0,0
28890,,368,1,0,1,1,0,1,0,0,0,0,0
28891,,16,0,1,1,0,1,1,8,0.257544,0.268689,0,0
28892,,6,0,1,1,0,1,1,9,0.22031,0.227442,0,0
28895,,10,0,1,1,0,1,1,8,0.233638,0.242002,0,0
28898,,0,0,1,1,0,1,1,9,0.207241,0.212972,0,0
28899,,16,0,1,1,0,1,1,8,0.236961,0.24442,0,0
28901,,8,0,1,1,0,1,1,9,0.208648,0.213885,0,0
28902,,7,0,1,1,0,1,1,10,0.200283,0.205389,0,0
28903,,8,0,1,1,0,1,1,9,0.231387,0.239068,0,0
28905,,369,0,1,1,0,1,1,2,0.666667,0.75,0,0
28907,,13,0,1,1,0,1,1,9,0.198121,0.202884,0,0
28908,,13,0,1,1,0,1,1,9,0.217837,0.224577,0,0
28909,,21,0,2,2,0,2,2,8,0.257823,0.269033,0,0
28911,,13,0,2,2,0,2,2,8,0.232987,0.241006,0,1
28913,,13,0,1,1,0,1,1,9,0.217837,0.224577,0,0
28914,,10,0,1,1,0,1,1,10,0.17711,0.180507,0,0
28915,,13,0,1,1,0,1,1,9,0.217837,0.224577,0,0
28916,,13,0,1,1,0,1,1,9,0.217837,0.224577,0,0
28918,,13,0,1,1,0,1,1,9,0.217837,0.224577,0,0
28920,,11,0,1,1,0,1,1,9,0.228455,0.235531,0,0
28921,,13,0,1,1,0,1,1,9,0.217837,0.224577,0,0
28922,,7,0,1,1,0,1,1,8,0.257706,0.267944,0,0
28923,,10,0,1,1,0,1,1,9,0.224337,0.231339,0,0
28925,,13,0,2,2,0,2,2,8,0.232987,0.241006,0,1
28926,,7,0,1,1,0,1,1,8,0.257706,0.267944,0,0
28927,,13,0,1,1,0,1,1,9,0.217837,0.224577,0,0
28928,,370,0,1,1,0,1,1,1,1,1,0,0
28929,,370,1,0,1,1,0,1,0,0,0,0,0
28931,,13,0,2,2,0,2,2,8,0.232987,0.241006,0,1
28932,,16,0,1,1,0,1,1,8,0.238712,0.2466,0,0
28933,,13,0,2,2,0,2,2,8,0.232987,0.241006,0,1
28934,,13,1,3,4,1,3,4,9,0.219588,0.226393,18827,0.333333
28935,,11,0,1,1,0,1,1,9,0.213441,0.219648,0,0
28941,,13,0,1,1,0,1,1,10,0.17888,0.18255,0,0
28945,,11,0,1,1,0,1,1,9,0.23666,0.245195,0,0
28947,,10,0,1,1,0,1,1,9,0.211254,0.216887,0,0
28948,,16,0,2,2,0,2,2,9,0.222355,0.229475,0,0.5
28949,,6,0,1,1,0,1,1,8,0.247395,0.256736,0,0
28950,,7,0,1,1,0,1,1,9,0.222499,0.229441,0,0
28952,,13,0,3,3,0,3,3,8,0.233007,0.241075,0,1
28954,,5,0,1,1,0,1,1,8,0.245108,0.253561,0,0
28958,,10,0,2,2,0,2,2,9,0.233925,0.242459,0,1
28960,,16,0,1,1,0,1,1,8,0.257544,0.268689,0,0
28961,,1,0,1,1,0,1,1,9,0.219196,0.225231,0,0
28963,,13,0,1,1,0,1,1,10,0.180059,0.183735,0,0
28966,,6,0,5,5,0,5,5,9,0.218453,0.225048,0,0.5
30810,,6,1,1,2,1,1,2,8,0.247395,0.256736,2078.558023,0
28968,,7,0,3,3,0,3,3,9,0.21531,0.221643,0,0
28974,,7,1,0,1,1,0,1,0,0,0,0,0
28969,,5,0,1,1,0,1,1,10,0.191668,0.195869,0,0
33372,,8,1,0,1,1,0,1,0,0,0,0,0
35770,,21,1,0,1,1,0,1,0,0,0,0,0
28976,,16,0,3,3,0,3,3,8,0.237093,0.244629,0,0.5
30992,,11,1,1,2,1,1,2,9,0.191424,0.19536,0,0.5
28978,,11,0,1,1,0,1,1,8,0.240389,0.248209,0,0
28979,,5,0,1,1,0,1,1,8,0.228875,0.236469,0,0
28983,,11,0,1,1,0,1,1,9,0.187821,0.191829,0,0
28988,,5,0,1,1,0,1,1,8,0.242301,0.250615,0,0
28990,,13,0,3,3,0,3,3,8,0.234111,0.242457,0,0.333333
28994,,16,0,1,1,0,1,1,8,0.257544,0.268689,0,0
28995,,11,0,1,1,0,1,1,9,0.20258,0.208154,0,0
28996,,8,1,4,5,1,4,5,8,0.264209,0.275295,6653.23657,0.2
28997,,13,0,1,1,0,1,1,9,0.217837,0.224577,0,0
28998,,8,0,1,1,0,1,1,1,1,1,0,0
28999,,9,0,1,1,0,1,1,9,0.189796,0.194161,0,0
29001,,8,0,1,1,0,1,1,9,0.198884,0.203512,0,0
29004,,307,0,1,1,0,1,1,2,0.666667,0.75,0,0
29006,,7,0,1,1,0,1,1,9,0.215121,0.221624,0,0
29007,,9,0,1,1,0,1,1,9,0.189796,0.194161,0,0
29009,,13,0,2,2,0,2,2,9,0.219582,0.226357,0,1
29014,,9,0,1,1,0,1,1,10,0.177506,0.180764,0,0
29015,,1,0,1,1,0,1,1,10,0.178303,0.181862,0,0
29016,,8,0,1,1,0,1,1,8,0.235818,0.243199,0,0
29017,,9,0,1,1,0,1,1,10,0.177506,0.180764,0,0
29018,,7,0,1,1,0,1,1,9,0.226164,0.233246,0,0
29019,,1,0,1,1,0,1,1,1,1,1,0,0
29020,,1,4,0,4,4,0,4,0,0,0,0,0
29021,,8,0,1,1,0,1,1,9,0.224821,0.231852,0,0
29024,,13,0,2,2,0,2,2,9,0.219582,0.226357,0,1
29025,,10,0,1,1,0,1,1,9,0.229752,0.236924,0,0
29027,,11,0,1,1,0,1,1,11,0.147751,0.149616,0,0
29028,,7,0,1,1,0,1,1,8,0.224816,0.231667,0,0
29029,,21,0,3,3,0,3,3,8,0.262774,0.273541,0,0
29030,,371,0,1,1,0,1,1,1,1,1,0,0
29031,,371,1,0,1,1,0,1,0,0,0,0,0
29032,,0,0,1,1,0,1,1,10,0.182275,0.18619,0,0
29034,,6,0,1,1,0,1,1,9,0.220586,0.226784,0,0
29037,,121,0,1,1,0,1,1,10,0.178452,0.182062,0,0
29038,,11,1,1,2,1,1,2,9,0.193465,0.197513,0,0
29039,,11,1,2,3,1,2,3,8,0.239869,0.247753,18827,0
29040,,13,0,1,1,0,1,1,9,0.217837,0.224577,0,0
29041,,8,0,2,2,0,2,2,8,0.251456,0.261141,0,0
29042,,6,0,2,2,0,2,2,9,0.19481,0.199346,0,0
29043,,121,0,1,1,0,1,1,13,0.116243,0.117269,0,0
29044,,11,0,1,1,0,1,1,9,0.203824,0.20864,0,0
29046,,13,0,1,1,0,1,1,10,0.178886,0.182575,0,0
29048,,7,0,1,1,0,1,1,9,0.214323,0.220605,0,0
29049,,13,0,1,1,0,1,1,10,0.178886,0.182575,0,0
29051,,372,1,1,2,1,1,2,1,1,1,0,0.5
29052,,372,2,0,2,2,0,2,0,0,0,0,0.5
29053,,7,0,1,1,0,1,1,9,0.222499,0.229441,0,0
29055,,8,0,1,1,0,1,1,8,0.230108,0.238119,0,0
29056,,13,0,1,1,0,1,1,8,0.22917,0.236725,0,0
29058,,16,0,1,1,0,1,1,8,0.257544,0.268689,0,0
29059,,11,0,1,1,0,1,1,8,0.229011,0.236303,0,0
29060,,11,0,1,1,0,1,1,1,1,1,0,0
29063,,7,0,1,1,0,1,1,10,0.185065,0.188895,0,0
29065,,11,0,3,3,0,3,3,8,0.263717,0.27521,0,0.5
29067,,13,0,1,1,0,1,1,9,0.217837,0.224577,0,0
29069,,7,1,2,3,1,2,3,8,0.228409,0.235337,1,0.166667
30073,,7,1,0,1,1,0,1,0,0,0,0,0
29071,,13,0,1,1,0,1,1,9,0.188965,0.193128,0,0
29073,,13,0,1,1,0,1,1,8,0.22917,0.236725,0,0
29074,,13,0,3,3,0,3,3,8,0.229202,0.236843,0,0.333333
29075,,13,1,0,1,1,0,1,0,0,0,0,0
29076,,5,0,1,1,0,1,1,9,0.222736,0.229684,0,0
29079,,372,0,2,2,0,2,2,1,1,1,0,0.5
29080,,0,0,1,1,0,1,1,8,0.242388,0.250662,0,0
29083,,11,0,2,2,0,2,2,9,0.229959,0.23796,0,0.5
29087,,13,0,1,1,0,1,1,8,0.22917,0.236725,0,0
29091,,373,0,1,1,0,1,1,1,1,1,0,0
29092,,373,1,0,1,1,0,1,0,0,0,0,0
29094,,11,0,1,1,0,1,1,1,1,1,0,0
29096,,11,0,1,1,0,1,1,9,0.192501,0.19669,0,0
29097,,24,0,1,1,0,1,1,10,0.192511,0.197309,0,0
29098,,13,0,1,1,0,1,1,9,0.217837,0.224577,0,0
29099,,374,0,1,1,0,1,1,2,0.666667,0.75,0,0
29100,,12,0,1,1,0,1,1,8,0.234438,0.242011,0,0
29102,,11,0,1,1,0,1,1,9,0.213742,0.219942,0,0
29104,,7,0,1,1,0,1,1,9,0.209145,0.214505,0,0
29105,,11,0,2,2,0,2,2,8,0.255507,0.266429,0,1
29107,,6,0,2,2,0,2,2,8,0.247571,0.25704,0,1
29108,,13,1,2,3,1,2,3,9,0.217846,0.224618,18827,0
30202,,13,1,1,2,1,1,2,10,0.17888,0.18255,0,0
29109,,5,0,1,1,0,1,1,9,0.229028,0.236621,0,0
29110,,375,0,1,1,0,1,1,1,1,1,0,0
29111,,375,2,0,2,2,0,2,0,0,0,0,0
29112,,0,0,1,1,0,1,1,9,0.22285,0.229108,0,0
29114,,13,0,1,1,0,1,1,9,0.217837,0.224577,0,0
29116,,10,0,1,1,0,1,1,9,0.212305,0.217693,0,0
29117,,375,0,1,1,0,1,1,1,1,1,0,0
29118,,24,0,1,1,0,1,1,9,0.190632,0.194799,0,0
29119,,5,0,1,1,0,1,1,9,0.220459,0.227318,0,0
29120,,7,0,1,1,0,1,1,8,0.265449,0.276753,0,0
29121,,8,0,1,1,0,1,1,9,0.231387,0.239068,0,0
29122,,11,0,4,4,0,4,4,9,0.231877,0.24052,0,0.083333
29125,,13,0,2,2,0,2,2,9,0.219582,0.226357,0,1
29127,,7,0,1,1,0,1,1,2,0.666667,0.75,0,0
29266,,7,1,0,1,1,0,1,0,0,0,0,0
29129,,11,0,1,1,0,1,1,9,0.23666,0.245195,0,0
29131,,8,0,1,1,0,1,1,8,0.262756,0.273466,0,0
29134,,376,0,1,1,0,1,1,1,1,1,0,0
29135,,376,1,0,1,1,0,1,0,0,0,0,0
29136,,13,0,1,1,0,1,1,9,0.217837,0.224577,0,0
29137,,13,0,1,1,0,1,1,9,0.217837,0.224577,0,0
29138,,1,0,1,1,0,1,1,9,0.223923,0.230441,0,0
30135,,7,1,0,1,1,0,1,0,0,0,0,0
29141,,13,0,2,2,0,2,2,8,0.232987,0.241006,0,1
29143,,7,0,1,1,0,1,1,8,0.240036,0.247689,0,0
29144,,0,0,1,1,0,1,1,9,0.224741,0.232186,0,0
29146,,7,0,1,1,0,1,1,9,0.20921,0.214873,0,0
29147,,7,0,1,1,0,1,1,8,0.257706,0.267944,0,0
29149,,7,0,1,1,0,1,1,8,0.248325,0.257194,0,0
29152,,11,0,1,1,0,1,1,8,0.236535,0.24595,0,0
29154,,16,0,1,1,0,1,1,8,0.257544,0.268689,0,0
29155,,7,0,1,1,0,1,1,8,0.2284,0.235296,0,0
29156,,7,0,1,1,0,1,1,9,0.239538,0.247501,0,0
29157,,5,0,1,1,0,1,1,9,0.21249,0.218584,0,0
29159,,10,0,2,2,0,2,2,8,0.231495,0.238791,0,0
29165,,24,0,1,1,0,1,1,8,0.22375,0.230857,0,0
29168,,10,0,1,1,0,1,1,9,0.215951,0.221597,0,0
29169,,16,0,1,1,0,1,1,9,0.234736,0.243231,0,0
29170,,11,0,1,1,0,1,1,9,0.217908,0.22531,0,0
29171,,11,0,2,2,0,2,2,8,0.235673,0.244288,0,0
29173,,8,0,5,5,0,5,5,8,0.267535,0.279293,0,0.7
29174,,7,0,5,5,0,5,5,7,0.294135,0.308667,0,0.4
29176,,16,0,1,1,0,1,1,8,0.257544,0.268689,0,0
29177,,11,0,1,1,0,1,1,9,0.202744,0.208546,0,0
29179,,16,0,1,1,0,1,1,8,0.257544,0.268689,0,0
29180,,11,0,1,1,0,1,1,8,0.234108,0.241443,0,0
29181,,11,0,1,1,0,1,1,8,0.23674,0.244313,0,0
29183,,11,0,2,2,0,2,2,8,0.236031,0.244651,0,1
29184,,13,0,1,1,0,1,1,10,0.178886,0.182567,0,0
29185,,21,0,2,2,0,2,2,9,0.222823,0.230156,0,0
29187,,24,0,1,1,0,1,1,9,0.202084,0.207066,0,0
29189,,3,0,5,5,0,5,5,11,0.152508,0.155074,0,0.1
29190,,3,1,1,2,1,1,2,13,0.114086,0.11513,2,0
29193,,8,0,1,1,0,1,1,8,0.262756,0.273466,0,0
29195,,13,0,1,1,0,1,1,9,0.198121,0.202884,0,0
29199,,56,0,1,1,0,1,1,10,0.181315,0.184846,0,0
31153,,7,1,0,1,1,0,1,0,0,0,0,0
33761,,7,1,0,1,1,0,1,0,0,0,0,0
29203,,11,0,2,2,0,2,2,8,0.249963,0.258759,0,0
29204,,7,0,1,1,0,1,1,9,0.219575,0.226074,0,0
29207,,377,0,1,1,0,1,1,1,1,1,0,0
29208,,377,1,0,1,1,0,1,0,0,0,0,0
29209,,7,0,1,1,0,1,1,1,1,1,0,0
29210,,10,0,1,1,0,1,1,1,1,1,0,0
29211,,10,0,1,1,0,1,1,9,0.214299,0.220211,0,0
29212,,8,0,1,1,0,1,1,8,0.24685,0.256506,0,0
29213,,3,0,1,1,0,1,1,9,0.214123,0.219985,0,0
29214,,10,0,1,1,0,1,1,9,0.214299,0.220211,0,0
29215,,7,0,1,1,0,1,1,9,0.200066,0.204368,0,0
29216,,7,1,1,2,1,1,2,9,0.209295,0.214589,18829,0
29217,,11,0,1,1,0,1,1,8,0.246659,0.25616,0,0
29219,,19,0,1,1,0,1,1,9,0.222431,0.229647,0,0
29220,,21,0,1,1,0,1,1,1,1,1,0,0
29221,,143,0,1,1,0,1,1,1,1,1,0,0
29222,,15,0,1,1,0,1,1,9,0.216731,0.222572,0,0
29223,,8,0,1,1,0,1,1,8,0.223971,0.231195,0,0
29224,,8,0,1,1,0,1,1,9,0.202604,0.207309,0,0
29226,,0,0,2,2,0,2,2,8,0.231262,0.239418,0,1
29227,,13,0,1,1,0,1,1,9,0.217837,0.224577,0,0
29228,,15,0,1,1,0,1,1,8,0.225373,0.231994,0,0
29229,,8,0,1,1,0,1,1,8,0.2336,0.240852,0,0
29232,,1,0,3,3,0,3,3,8,0.251594,0.261704,0,0.166667
29233,,1,1,0,1,1,0,1,0,0,0,0,0
29237,,5,0,1,1,0,1,1,9,0.235541,0.243648,0,0
29238,,0,0,1,1,0,1,1,8,0.228936,0.236648,0,0
29241,,8,0,1,1,0,1,1,9,0.194131,0.1984,0,0
29243,,8,0,1,1,0,1,1,8,0.244564,0.253553,0,0
31734,,21,3,0,3,3,0,3,0,0,0,0,0
29248,,6,0,1,1,0,1,1,8,0.247395,0.256736,0,0
29249,,13,0,1,1,0,1,1,9,0.217837,0.224577,0,0
29250,,11,0,1,1,0,1,1,8,0.244433,0.254493,0,0
29252,,8,0,2,2,0,2,2,8,0.262766,0.273505,0,0
30370,,8,1,0,1,1,0,1,0,0,0,0,0
29253,,5,0,1,1,0,1,1,8,0.231928,0.239836,0,0
29256,,7,0,1,1,0,1,1,1,1,1,0,0
29261,,7,0,1,1,0,1,1,8,0.256747,0.266706,0,0
29263,,8,0,1,1,0,1,1,9,0.226897,0.234639,0,0
29268,,16,0,1,1,0,1,1,8,0.257544,0.268689,0,0
29269,,8,0,1,1,0,1,1,8,0.262756,0.273466,0,0
29270,,1,0,1,1,0,1,1,10,0.173799,0.177207,0,0
29271,,1,0,1,1,0,1,1,1,1,1,0,0
29272,,16,0,1,1,0,1,1,8,0.257544,0.268689,0,0
29275,,10,0,1,1,0,1,1,9,0.1952,0.200058,0,0
29276,,11,0,2,2,0,2,2,9,0.233502,0.241885,0,0
29277,,16,0,1,1,0,1,1,1,1,1,0,0
29278,,7,0,1,1,0,1,1,9,0.224481,0.231705,0,0
29281,,2,0,1,1,0,1,1,9,0.209228,0.21494,0,0
29282,,8,0,1,1,0,1,1,8,0.262756,0.273466,0,0
29284,,11,0,1,1,0,1,1,9,0.224355,0.231354,0,0
29285,,8,0,1,1,0,1,1,8,0.262756,0.273466,0,0
29287,,7,0,1,1,0,1,1,9,0.208526,0.214137,0,0
29289,,16,0,1,1,0,1,1,8,0.257544,0.268689,0,0
29290,,7,0,16,16,0,16,16,7,0.303713,0.320356,0,0.370833
29292,,11,0,2,2,0,2,2,8,0.253737,0.263745,0,1
29294,,7,0,1,1,0,1,1,8,0.237958,0.246963,0,0
29295,,8,0,2,2,0,2,2,9,0.250616,0.261008,0,0
29296,,11,0,1,1,0,1,1,9,0.213887,0.219963,0,0
29298,,2,0,1,1,0,1,1,11,0.150652,0.152799,0,0
29830,,11,1,2,3,1,2,3,9,0.221498,0.22804,0,1
29301,,11,0,9,9,0,9,9,8,0.272464,0.285596,0,0.319444
29302,,19,0,1,1,0,1,1,9,0.222431,0.229647,0,0
29304,,6,1,1,2,1,1,2,10,0.180544,0.184388,0,0
29305,,7,0,2,2,0,2,2,9,0.209855,0.215324,0,0.5
29306,,11,0,2,2,0,2,2,8,0.234523,0.2431,0,0.5
29309,,5,0,1,1,0,1,1,9,0.198461,0.20316,0,0
29310,,8,0,2,2,0,2,2,8,0.222778,0.229748,0,0
29313,,11,0,1,1,0,1,1,8,0.23674,0.244313,0,0
29314,,7,0,1,1,0,1,1,9,0.223156,0.230196,0,0
29315,,13,0,1,1,0,1,1,10,0.180055,0.183722,0,0
29316,,13,1,2,3,1,2,3,9,0.219582,0.226357,18827,0.333333
29322,,7,0,1,1,0,1,1,8,0.2284,0.235296,0,0
29323,,10,0,2,2,0,2,2,8,0.239377,0.247664,0,0
29324,,8,0,1,1,0,1,1,8,0.23625,0.244472,0,0
29325,,9,0,1,1,0,1,1,9,0.217144,0.223521,0,0
29327,,11,0,1,1,0,1,1,9,0.193226,0.197302,0,0
29328,,8,0,1,1,0,1,1,8,0.218568,0.224875,0,0
29333,,13,0,1,1,0,1,1,9,0.217837,0.224577,0,0
29335,,11,0,3,3,0,3,3,8,0.253945,0.264553,0,0.166667
29336,,8,0,1,1,0,1,1,9,0.209259,0.214889,0,0
29337,,24,1,2,3,1,2,3,9,0.218591,0.22547,18827,0.166667
29338,,2,0,1,1,0,1,1,8,0.261475,0.272568,0,0
29339,,21,0,4,4,0,4,4,9,0.224419,0.232069,0,1
29340,,13,0,2,2,0,2,2,2,0.75,0.833333,0,0.5
29343,,10,0,2,2,0,2,2,9,0.17714,0.180815,0,0.5
29345,,15,0,1,1,0,1,1,9,0.210935,0.216577,0,0
29349,,16,0,1,1,0,1,1,9,0.210713,0.216558,0,0
29350,,56,0,3,3,0,3,3,8,0.248561,0.256965,0,0
29351,,13,0,2,2,0,2,2,9,0.217846,0.224618,0,0
33544,,13,1,0,1,1,0,1,0,0,0,0,0
29352,,9,0,1,1,0,1,1,11,0.141623,0.143776,0,0
29353,,7,0,2,2,0,2,2,8,0.247275,0.256582,0,0.5
33556,,6,1,0,1,1,0,1,0,0,0,0,0
31215,,11,1,0,1,1,0,1,0,0,0,0,0
29361,,0,0,1,1,0,1,1,8,0.238232,0.246371,0,0
29364,,11,1,1,2,1,1,2,8,0.238151,0.247423,217.599418,0
29367,,8,0,1,1,0,1,1,10,0.180963,0.184482,0,0
29368,,15,0,2,2,0,2,2,8,0.240006,0.247749,0,0.5
29369,,0,0,1,1,0,1,1,2,0.666667,0.75,0,0
29370,,8,0,1,1,0,1,1,9,0.209781,0.215335,0,0
29372,,11,0,1,1,0,1,1,8,0.244433,0.254493,0,0
29373,,11,0,1,1,0,1,1,10,0.192202,0.196641,0,0
29375,,12,0,1,1,0,1,1,8,0.235576,0.242737,0,0
29376,,1,2,1,3,2,1,3,9,0.188587,0.192382,1,0
29377,,1,1,2,3,1,2,3,8,0.232416,0.239667,18827,0
29378,,16,1,1,2,1,1,2,9,0.214045,0.219989,18827,0
29379,,13,0,1,1,0,1,1,9,0.217837,0.224577,0,0
29382,,378,0,1,1,0,1,1,1,1,1,0,0
29383,,378,1,0,1,1,0,1,0,0,0,0,0
29384,,11,0,1,1,0,1,1,9,0.217908,0.22531,0,0
29386,,15,0,2,2,0,2,2,9,0.203828,0.208851,0,0.5
29387,,5,0,1,1,0,1,1,8,0.245108,0.253561,0,0
29388,,8,0,3,3,0,3,3,8,0.23586,0.243412,0,0.166667
29389,,8,3,4,7,3,4,7,8,0.243014,0.252809,19527.592945,0.119048
29391,,5,0,1,1,0,1,1,8,0.245851,0.255055,0,0
29392,,3,0,1,1,0,1,1,9,0.204226,0.20904,0,0
29549,,3,1,5,6,1,5,6,8,0.278351,0.291459,55913.742158,0.133333
33005,,3,1,1,2,1,1,2,9,0.20422,0.209025,0,0
29394,,16,0,1,1,0,1,1,8,0.231378,0.23929,0,0
29395,,21,0,3,3,0,3,3,9,0.222331,0.229695,0,0.5
29396,,13,0,1,1,0,1,1,9,0.217837,0.224577,0,0
29398,,16,0,1,1,0,1,1,8,0.257544,0.268689,0,0
29401,,15,0,2,2,0,2,2,9,0.225473,0.232669,0,0
29403,,13,0,3,3,0,3,3,8,0.232996,0.241046,0,0.333333
29405,,24,0,1,1,0,1,1,9,0.202084,0.207066,0,0
29406,,16,0,1,1,0,1,1,1,1,1,0,0
29408,,8,0,1,1,0,1,1,8,0.24685,0.256506,0,0
33613,,7,1,0,1,1,0,1,0,0,0,0,0
29410,,16,0,1,1,0,1,1,9,0.186402,0.190307,0,0
29411,,13,0,1,1,0,1,1,9,0.217837,0.224577,0,0
29412,,8,0,1,1,0,1,1,8,0.262756,0.273466,0,0
29413,,21,0,2,2,0,2,2,9,0.218428,0.225184,0,0
29414,,8,0,1,1,0,1,1,8,0.229797,0.237062,0,0
29415,,11,0,1,1,0,1,1,9,0.20702,0.213137,0,0
29417,,8,0,2,2,0,2,2,8,0.224545,0.231755,0,1
29419,,379,0,1,1,0,1,1,1,1,1,0,0
29420,,379,1,0,1,1,0,1,0,0,0,0,0
29424,,10,0,1,1,0,1,1,8,0.23897,0.247046,0,0
29427,,0,0,2,2,0,2,2,8,0.224728,0.231599,0,1
29428,,7,0,3,3,0,3,3,8,0.244618,0.253637,0,0.666667
29429,,5,0,1,1,0,1,1,8,0.245108,0.253561,0,0
29430,,15,0,1,1,0,1,1,10,0.160671,0.163033,0,0
29433,,15,0,1,1,0,1,1,9,0.209505,0.21502,0,0
29434,,8,0,1,1,0,1,1,8,0.244564,0.253553,0,0
29436,,11,0,1,1,0,1,1,9,0.191436,0.195388,0,0
29437,,16,0,1,1,0,1,1,8,0.257544,0.268689,0,0
29438,,7,0,2,2,0,2,2,8,0.259497,0.270115,0,0.5
29441,,16,0,1,1,0,1,1,8,0.257544,0.268689,0,0
29442,,12,0,1,1,0,1,1,8,0.234438,0.242011,0,0
29444,,11,0,1,1,0,1,1,8,0.232418,0.240737,0,0
29445,,8,0,1,1,0,1,1,9,0.213055,0.219102,0,0
29447,,8,0,1,1,0,1,1,8,0.262756,0.273466,0,0
29451,,10,0,1,1,0,1,1,9,0.234856,0.243135,0,0
29454,,11,0,2,2,0,2,2,9,0.235123,0.243315,0,1
29455,,8,0,1,1,0,1,1,9,0.225166,0.232311,0,0
29457,,7,0,1,1,0,1,1,8,0.238229,0.245889,0,0
29458,,16,0,1,1,0,1,1,8,0.257544,0.268689,0,0
29459,,11,0,1,1,0,1,1,9,0.209403,0.215495,0,0
29460,,7,0,1,1,0,1,1,9,0.215698,0.221716,0,0
34741,,1,1,0,1,1,0,1,0,0,0,0,0
29462,,8,0,1,1,0,1,1,9,0.217001,0.22352,0,0
29463,,10,0,1,1,0,1,1,9,0.218178,0.22459,0,0
29466,,12,0,4,4,0,4,4,8,0.234462,0.242131,0,0.416667
29467,,11,0,1,1,0,1,1,10,0.173471,0.176828,0,0
29470,,11,0,2,2,0,2,2,8,0.246662,0.256187,0,1
29472,,11,0,3,3,0,3,3,8,0.262767,0.274089,0,0
29473,,8,0,1,1,0,1,1,8,0.219895,0.226484,0,0
29474,,2,0,1,1,0,1,1,9,0.218282,0.224678,0,0
29475,,11,0,1,1,0,1,1,9,0.232386,0.240377,0,0
29681,,7,1,0,1,1,0,1,0,0,0,0,0
29482,,6,0,2,2,0,2,2,8,0.24909,0.25814,0,1
29483,,8,0,1,1,0,1,1,8,0.244564,0.253553,0,0
29486,,7,0,1,1,0,1,1,8,0.252153,0.261614,0,0
29487,,0,0,4,4,0,4,4,8,0.241623,0.250105,0,0.083333
29488,,7,0,2,2,0,2,2,9,0.218046,0.22484,0,0.5
29493,,15,0,1,1,0,1,1,10,0.179156,0.182314,0,0
29495,,8,0,1,1,0,1,1,9,0.231387,0.239068,0,0
29496,,0,0,1,1,0,1,1,8,0.226147,0.233528,0,0
29501,,13,0,1,1,0,1,1,10,0.161225,0.163673,0,0
29502,,13,1,1,2,1,1,2,9,0.192204,0.196371,18827,0
29503,,13,0,2,2,0,2,2,8,0.229192,0.236803,0,1
29506,,16,0,1,1,0,1,1,9,0.234736,0.243231,0,0
29507,,7,0,1,1,0,1,1,9,0.213897,0.219946,0,0
29509,,7,0,1,1,0,1,1,9,0.213897,0.219946,0,0
29510,,380,0,1,1,0,1,1,1,1,1,0,0
29511,,380,1,0,1,1,0,1,0,0,0,0,0
29512,,10,0,1,1,0,1,1,9,0.193292,0.198076,0,0
29513,,16,0,1,1,0,1,1,2,0.666667,0.75,0,0
29515,,16,0,2,2,0,2,2,8,0.244288,0.253238,0,0
29517,,1,0,1,1,0,1,1,9,0.217487,0.223937,0,0
29520,,7,0,1,1,0,1,1,8,0.257706,0.267944,0,0
29525,,8,0,1,1,0,1,1,8,0.223971,0.231195,0,0
29527,,7,0,1,1,0,1,1,9,0.226389,0.233867,0,0
29528,,11,0,1,1,0,1,1,8,0.234108,0.241443,0,0
29533,,8,0,1,1,0,1,1,9,0.235349,0.243061,0,0
29537,,3,0,1,1,0,1,1,9,0.214123,0.219985,0,0
29538,,7,0,1,1,0,1,1,9,0.224355,0.231466,0,0
29540,,11,0,1,1,0,1,1,9,0.201391,0.206745,0,0
29541,,15,0,1,1,0,1,1,8,0.224983,0.23254,0,0
29545,,7,0,1,1,0,1,1,8,0.242713,0.250553,0,0
29546,,8,0,1,1,0,1,1,8,0.224179,0.231106,0,0
29547,,16,0,1,1,0,1,1,8,0.234155,0.242097,0,0
34140,,3,1,0,1,1,0,1,0,0,0,0,0
29551,,7,0,1,1,0,1,1,8,0.265449,0.276753,0,0
29553,,13,0,1,1,0,1,1,11,0.151741,0.153982,0,0
29555,,13,0,1,1,0,1,1,11,0.151741,0.153982,0,0
29558,,3,0,2,2,0,2,2,9,0.197505,0.20205,0,0
29559,,381,0,1,1,0,1,1,1,1,1,0,0
29560,,381,1,0,1,1,0,1,0,0,0,0,0
29562,,8,0,1,1,0,1,1,9,0.231387,0.239068,0,0
29563,,15,0,1,1,0,1,1,9,0.185181,0.189099,0,0
29564,,6,0,1,1,0,1,1,8,0.249084,0.258104,0,0
29566,,8,0,1,1,0,1,1,9,0.198884,0.203512,0,0
29570,,2,0,1,1,0,1,1,8,0.261475,0.272568,0,0
29571,,13,0,1,1,0,1,1,1,1,1,0,0
29573,,11,0,1,1,0,1,1,9,0.213502,0.219414,0,0
29575,,9,0,1,1,0,1,1,10,0.168625,0.171488,0,0
29576,,11,0,1,1,0,1,1,8,0.216596,0.222828,0,0
29578,,7,0,1,1,0,1,1,2,0.666667,0.75,0,0
29579,,11,0,4,4,0,4,4,8,0.240727,0.250374,0,0
29580,,11,0,3,3,0,3,3,8,0.252163,0.26236,0,0.5
29581,,11,0,2,2,0,2,2,8,0.248171,0.258946,0,0.5
29582,,382,0,1,1,0,1,1,1,1,1,0,0
29583,,382,1,0,1,1,0,1,0,0,0,0,0
29593,,13,0,1,1,0,1,1,9,0.217837,0.224577,0,0
29595,,21,0,1,1,0,1,1,1,1,1,0,0
29596,,0,0,1,1,0,1,1,8,0.232191,0.239323,0,0
29597,,13,0,1,1,0,1,1,9,0.208252,0.214065,0,0
29598,,10,0,1,1,0,1,1,8,0.235482,0.243225,0,0
29600,,0,0,1,1,0,1,1,8,0.224722,0.231564,0,0
29601,,10,0,1,1,0,1,1,9,0.201719,0.206667,0,0
29603,,5,0,1,1,0,1,1,9,0.209921,0.215455,0,0
29606,,24,0,1,1,0,1,1,9,0.212999,0.219178,0,0
29607,,13,0,1,1,0,1,1,9,0.217837,0.224577,0,0
29609,,13,0,1,1,0,1,1,8,0.235883,0.243933,0,0
29610,,7,0,1,1,0,1,1,9,0.21248,0.218221,0,0
29611,,11,0,1,1,0,1,1,8,0.23674,0.244313,0,0
29614,,5,0,6,6,0,6,6,7,0.295687,0.310502,0,0.6
29616,,11,0,1,1,0,1,1,9,0.211911,0.217599,0,0
29619,,8,0,1,1,0,1,1,10,0.185165,0.18879,0,0
29621,,6,0,1,1,0,1,1,9,0.226458,0.233655,0,0
29622,,333,0,1,1,0,1,1,2,0.666667,0.75,0,0
29623,,333,0,1,1,0,1,1,2,0.666667,0.75,0,0
29625,,5,0,1,1,0,1,1,8,0.237616,0.244944,0,0
29626,,8,0,2,2,0,2,2,8,0.241254,0.248913,0,0.5
29627,,0,0,1,1,0,1,1,9,0.221304,0.228388,0,0
29628,,7,0,1,1,0,1,1,9,0.210294,0.215825,0,0
29629,,383,0,1,1,0,1,1,1,1,1,0,0
29630,,383,1,0,1,1,0,1,0,0,0,0,0
29631,,8,0,1,1,0,1,1,9,0.250609,0.260973,0,0
29633,,16,0,1,1,0,1,1,10,0.174198,0.17752,0,0
29635,,6,0,2,2,0,2,2,9,0.229202,0.237261,0,0
29636,,8,0,8,8,0,8,8,8,0.257273,0.267295,0,0.071429
29637,,10,0,1,1,0,1,1,9,0.20277,0.207653,0,0
29639,,1,0,1,1,0,1,1,9,0.219196,0.225231,0,0
29641,,2,0,1,1,0,1,1,8,0.261475,0.272568,0,0
29643,,11,0,1,1,0,1,1,9,0.229659,0.236946,0,0
29644,,7,0,1,1,0,1,1,9,0.214817,0.221092,0,0
29645,,16,0,1,1,0,1,1,9,0.217729,0.223726,0,0
29647,,5,0,1,1,0,1,1,8,0.240484,0.248319,0,0
29649,,7,0,1,1,0,1,1,9,0.195147,0.199853,0,0
29651,,5,0,2,2,0,2,2,9,0.246362,0.256014,0,1
29652,,8,0,2,2,0,2,2,8,0.262827,0.27359,0,0.5
29653,,8,1,2,3,1,2,3,8,0.265536,0.276907,18827,0
29656,,11,0,1,1,0,1,1,10,0.167469,0.170715,0,0
29658,,7,0,1,1,0,1,1,9,0.209117,0.214172,0,0
29659,,11,0,1,1,0,1,1,8,0.229011,0.236303,0,0
29661,,7,0,1,1,0,1,1,8,0.230898,0.237812,0,0
29662,,11,0,1,1,0,1,1,8,0.231783,0.238682,0,0
29666,,5,0,1,1,0,1,1,8,0.251664,0.260845,0,0
29667,,7,0,1,1,0,1,1,9,0.220966,0.227679,0,0
29670,,11,0,1,1,0,1,1,9,0.207439,0.213277,0,0
29673,,8,0,1,1,0,1,1,8,0.229363,0.236176,0,0
29676,,5,0,2,2,0,2,2,9,0.209189,0.214609,0,0.5
29678,,7,0,2,2,0,2,2,8,0.26567,0.277025,0,1
29679,,21,0,1,1,0,1,1,1,1,1,0,0
29680,,10,0,1,1,0,1,1,9,0.207296,0.21267,0,0
29685,,1,0,1,1,0,1,1,10,0.178303,0.181862,0,0
29687,,9,0,1,1,0,1,1,9,0.185524,0.189879,0,0
29688,,9,0,2,2,0,2,2,9,0.199847,0.205116,0,1
29689,,9,0,1,1,0,1,1,9,0.185524,0.189879,0,0
29690,,9,0,1,1,0,1,1,9,0.185524,0.189879,0,0
29691,,21,0,2,2,0,2,2,9,0.224126,0.231661,0,1
29692,,9,0,1,1,0,1,1,9,0.185524,0.189879,0,0
29693,,9,0,2,2,0,2,2,9,0.199847,0.205116,0,1
29695,,0,0,1,1,0,1,1,9,0.218335,0.225066,0,0
29697,,9,0,1,1,0,1,1,9,0.185524,0.189879,0,0
29698,,9,0,1,1,0,1,1,9,0.185524,0.189879,0,0
29699,,9,0,2,2,0,2,2,9,0.199847,0.205116,0,1
29700,,11,0,2,2,0,2,2,9,0.193266,0.198141,0,0.5
29701,,16,0,1,1,0,1,1,9,0.232711,0.240726,0,0
29702,,9,0,1,1,0,1,1,9,0.185524,0.189879,0,0
29703,,8,0,1,1,0,1,1,8,0.262756,0.273466,0,0
29704,,12,0,1,1,0,1,1,9,0.196125,0.200716,0,0
29705,,9,0,1,1,0,1,1,9,0.185524,0.189879,0,0
29706,,9,0,1,1,0,1,1,9,0.185524,0.189879,0,0
29708,,121,0,1,1,0,1,1,13,0.116243,0.117269,0,0
29709,,9,0,5,5,0,5,5,9,0.203331,0.209065,0,0.5
29710,,9,0,1,1,0,1,1,9,0.185524,0.189879,0,0
29712,,21,0,2,2,0,2,2,9,0.206275,0.212067,0,0
29716,,7,0,1,1,0,1,1,9,0.193566,0.19765,0,0
29717,,9,0,1,1,0,1,1,9,0.185524,0.189879,0,0
29718,,7,0,1,1,0,1,1,8,0.229614,0.236445,0,0
29719,,9,0,1,1,0,1,1,9,0.185524,0.189879,0,0
29720,,2,0,1,1,0,1,1,10,0.184655,0.18877,0,0
29723,,56,0,1,1,0,1,1,10,0.174383,0.177526,0,0
29725,,21,0,1,1,0,1,1,9,0.221969,0.229196,0,0
29726,,16,0,1,1,0,1,1,9,0.211834,0.217468,0,0
29729,,9,0,1,1,0,1,1,9,0.185524,0.189879,0,0
29730,,13,0,2,2,0,2,2,10,0.170035,0.173201,0,0.5
34088,,11,1,2,3,1,2,3,8,0.231844,0.239112,17.468792,0
29732,,6,0,1,1,0,1,1,8,0.249084,0.258104,0,0
29733,,9,0,1,1,0,1,1,9,0.185524,0.189879,0,0
29734,,9,0,1,1,0,1,1,9,0.185524,0.189879,0,0
29735,,9,0,1,1,0,1,1,9,0.185524,0.189879,0,0
29737,,9,0,2,2,0,2,2,8,0.258318,0.268766,0,0
29739,,13,0,1,1,0,1,1,9,0.217837,0.224577,0,0
29740,,10,0,2,2,0,2,2,11,0.153497,0.155687,0,0
33468,,10,1,0,1,1,0,1,0,0,0,0,0
29744,,21,0,1,1,0,1,1,8,0.240355,0.248397,0,0
29746,,16,0,1,1,0,1,1,8,0.235753,0.244207,0,0
29749,,16,0,1,1,0,1,1,8,0.257544,0.268689,0,0
29750,,13,0,1,1,0,1,1,9,0.189338,0.193526,0,0
29752,,24,0,2,2,0,2,2,8,0.262793,0.273536,0,0
29753,,6,0,1,1,0,1,1,9,0.216455,0.222514,0,0
29754,,7,0,1,1,0,1,1,8,0.254062,0.263563,0,0
29755,,15,0,1,1,0,1,1,9,0.223336,0.230404,0,0
29756,,21,0,1,1,0,1,1,1,1,1,0,0
29758,,5,0,2,2,0,2,2,8,0.24231,0.250654,0,0
31183,,5,1,0,1,1,0,1,0,0,0,0,0
29759,,15,0,2,2,0,2,2,8,0.23017,0.237721,0,0
29760,,13,0,1,1,0,1,1,8,0.235883,0.243933,0,0
34420,,7,1,0,1,1,0,1,0,0,0,0,0
29762,,15,0,1,1,0,1,1,9,0.191129,0.195246,0,0
29763,,8,0,1,1,0,1,1,9,0.218682,0.225135,0,0
29764,,7,0,1,1,0,1,1,8,0.257706,0.267944,0,0
29765,,8,0,1,1,0,1,1,8,0.262756,0.273466,0,0
29766,,7,0,1,1,0,1,1,1,1,1,0,0
29767,,5,0,1,1,0,1,1,9,0.189323,0.19339,0,0
29769,,5,0,1,1,0,1,1,9,0.189323,0.19339,0,0
29771,,6,0,3,3,0,3,3,9,0.205396,0.210724,0,0.5
29772,,9,0,1,1,0,1,1,9,0.185524,0.189879,0,0
29773,,9,0,1,1,0,1,1,9,0.185524,0.189879,0,0
29775,,9,0,1,1,0,1,1,9,0.185524,0.189879,0,0
29776,,13,0,3,3,0,3,3,8,0.235059,0.243336,0,0
29782,,13,1,0,1,1,0,1,0,0,0,0,0
29777,,11,0,1,1,0,1,1,10,0.183039,0.186821,0,0
29778,,11,0,1,1,0,1,1,9,0.2263,0.234284,0,0
29779,,16,0,2,2,0,2,2,8,0.230856,0.239094,0,1
29780,,9,0,1,1,0,1,1,9,0.185524,0.189879,0,0
29781,,10,0,5,5,0,5,5,8,0.25242,0.261706,0,0.15
29783,,9,0,1,1,0,1,1,9,0.185524,0.189879,0,0
29784,,9,0,1,1,0,1,1,9,0.185524,0.189879,0,0
29785,,9,0,1,1,0,1,1,9,0.185524,0.189879,0,0
29786,,16,0,1,1,0,1,1,9,0.234736,0.243231,0,0
29787,,8,0,1,1,0,1,1,9,0.222889,0.229835,0,0
29789,,13,0,1,1,0,1,1,9,0.18897,0.193135,0,0
29790,,13,0,1,1,0,1,1,9,0.21129,0.217018,0,0
29793,,8,0,1,1,0,1,1,8,0.225838,0.233103,0,0
29794,,7,0,3,3,0,3,3,8,0.267916,0.279376,0,1
29795,,9,0,1,1,0,1,1,9,0.185524,0.189879,0,0
29796,,9,0,1,1,0,1,1,9,0.185524,0.189879,0,0
29797,,11,0,1,1,0,1,1,8,0.236167,0.244733,0,0
29799,,7,0,1,1,0,1,1,9,0.223851,0.230913,0,0
29800,,15,0,1,1,0,1,1,10,0.188052,0.192177,0,0
29801,,16,0,1,1,0,1,1,8,0.236961,0.24442,0,0
29802,,9,0,1,1,0,1,1,9,0.185524,0.189879,0,0
29803,,9,0,1,1,0,1,1,9,0.185524,0.189879,0,0
29804,,9,0,1,1,0,1,1,9,0.185524,0.189879,0,0
29805,,9,0,1,1,0,1,1,9,0.185524,0.189879,0,0
29808,,11,0,1,1,0,1,1,9,0.223681,0.230334,0,0
29809,,9,0,1,1,0,1,1,9,0.185524,0.189879,0,0
29810,,9,0,1,1,0,1,1,9,0.185524,0.189879,0,0
29811,,9,0,1,1,0,1,1,9,0.185524,0.189879,0,0
29813,,9,0,1,1,0,1,1,9,0.185524,0.189879,0,0
29814,,9,0,2,2,0,2,2,9,0.209732,0.21584,0,0
29815,,9,0,1,1,0,1,1,9,0.185524,0.189879,0,0
29816,,11,0,1,1,0,1,1,9,0.212975,0.218717,0,0
29817,,10,0,1,1,0,1,1,9,0.217797,0.224336,0,0
29819,,11,0,1,1,0,1,1,9,0.221416,0.228332,0,0
29820,,6,0,1,1,0,1,1,9,0.213011,0.218609,0,0
29821,,9,0,1,1,0,1,1,9,0.185524,0.189879,0,0
29822,,9,0,1,1,0,1,1,9,0.185524,0.189879,0,0
29823,,9,0,1,1,0,1,1,9,0.185524,0.189879,0,0
29824,,9,0,2,2,0,2,2,9,0.185614,0.190164,0,1
29825,,9,0,1,1,0,1,1,9,0.185524,0.189879,0,0
29826,,0,0,1,1,0,1,1,8,0.230345,0.238007,0,0
29827,,9,0,1,1,0,1,1,9,0.185524,0.189879,0,0
29828,,9,0,1,1,0,1,1,9,0.185524,0.189879,0,0
29829,,9,0,1,1,0,1,1,9,0.185524,0.189879,0,0
29831,,24,0,1,1,0,1,1,9,0.21389,0.220139,0,0
29832,,16,0,1,1,0,1,1,9,0.223846,0.23106,0,0
29834,,8,0,1,1,0,1,1,9,0.193288,0.197616,0,0
29836,,384,0,1,1,0,1,1,1,1,1,0,0
29837,,384,1,0,1,1,0,1,0,0,0,0,0
29838,,9,0,3,3,0,3,3,9,0.209844,0.216123,0,0.5
29839,,9,0,1,1,0,1,1,9,0.185524,0.189879,0,0
29840,,9,0,1,1,0,1,1,9,0.185524,0.189879,0,0
29842,,9,0,1,1,0,1,1,9,0.185524,0.189879,0,0
29843,,9,0,1,1,0,1,1,9,0.185524,0.189879,0,0
29844,,9,0,1,1,0,1,1,9,0.185524,0.189879,0,0
29845,,11,0,6,6,0,6,6,8,0.249447,0.259285,0,0.133333
29846,,9,0,1,1,0,1,1,9,0.209781,0.215204,0,0
29847,,9,0,1,1,0,1,1,9,0.209781,0.215204,0,0
29848,,16,0,1,1,0,1,1,9,0.234736,0.243231,0,0
29849,,9,0,1,1,0,1,1,9,0.185524,0.189879,0,0
29850,,11,0,2,2,0,2,2,9,0.212763,0.218557,0,0
29851,,13,0,1,1,0,1,1,9,0.217837,0.224577,0,0
29853,,9,0,1,1,0,1,1,9,0.185524,0.189879,0,0
29854,,8,0,1,1,0,1,1,8,0.23274,0.240511,0,0
29855,,9,0,1,1,0,1,1,9,0.185524,0.189879,0,0
29857,,9,0,1,1,0,1,1,9,0.185524,0.189879,0,0
29858,,11,0,2,2,0,2,2,9,0.222531,0.229652,0,0.5
29859,,1,0,1,1,0,1,1,8,0.231304,0.237928,0,0
29861,,9,0,1,1,0,1,1,9,0.185524,0.189879,0,0
29863,,9,0,1,1,0,1,1,9,0.185524,0.189879,0,0
29864,,9,0,1,1,0,1,1,9,0.185524,0.189879,0,0
29865,,8,0,1,1,0,1,1,8,0.234991,0.243288,0,0
29867,,1,0,1,1,0,1,1,8,0.228356,0.235614,0,0
29868,,7,0,1,1,0,1,1,9,0.226406,0.233591,0,0
29869,,11,0,1,1,0,1,1,9,0.22643,0.233486,0,0
29871,,11,0,1,1,0,1,1,8,0.239859,0.247713,0,0
29874,,7,0,2,2,0,2,2,8,0.228416,0.235351,0,0.5
29875,,16,0,1,1,0,1,1,8,0.257544,0.268689,0,0
29876,,13,0,1,1,0,1,1,8,0.235883,0.243933,0,0
29877,,15,0,1,1,0,1,1,10,0.179156,0.182314,0,0
29878,,6,0,1,1,0,1,1,1,1,1,0,0
29882,,1,0,1,1,0,1,1,9,0.219196,0.225231,0,0
29883,,7,0,1,1,0,1,1,1,1,1,0,0
29885,,11,0,1,1,0,1,1,9,0.201915,0.206674,0,0
29888,,10,0,1,1,0,1,1,9,0.201253,0.206248,0,0
29889,,2,0,1,1,0,1,1,8,0.261475,0.272568,0,0
29890,,7,0,1,1,0,1,1,8,0.240656,0.249158,0,0
29892,,6,0,1,1,0,1,1,10,0.173186,0.176402,0,0
29895,,8,0,1,1,0,1,1,9,0.215276,0.221125,0,0
29896,,16,0,1,1,0,1,1,8,0.257544,0.268689,0,0
29897,,5,0,1,1,0,1,1,8,0.235026,0.242987,0,0
29900,,10,0,2,2,0,2,2,9,0.233629,0.24153,0,0
29901,,15,0,1,1,0,1,1,9,0.191637,0.196079,0,0
29905,,16,0,1,1,0,1,1,9,0.232711,0.240726,0,0
29908,,10,0,1,1,0,1,1,10,0.18472,0.18866,0,0
29912,,8,0,1,1,0,1,1,8,0.23625,0.244472,0,0
29914,,8,0,1,1,0,1,1,9,0.20077,0.205454,0,0
29919,,7,0,2,2,0,2,2,9,0.225792,0.23294,0,1
29920,,385,0,2,2,0,2,2,1,1,1,0,0
29921,,385,1,0,1,1,0,1,0,0,0,0,0
29924,,11,0,1,1,0,1,1,8,0.251382,0.261452,0,0
29925,,11,0,1,1,0,1,1,8,0.240389,0.248209,0,0
29926,,7,0,1,1,0,1,1,9,0.239538,0.247501,0,0
29927,,16,0,1,1,0,1,1,9,0.210713,0.216558,0,0
29928,,21,0,2,2,0,2,2,8,0.240825,0.249022,0,1
29929,,11,0,1,1,0,1,1,1,1,1,0,0
29930,,7,0,1,1,0,1,1,1,1,1,0,0
29932,,11,0,1,1,0,1,1,9,0.198612,0.203043,0,0
29937,,11,0,1,1,0,1,1,8,0.230667,0.237711,0,0
29940,,2,0,1,1,0,1,1,8,0.261475,0.272568,0,0
29941,,7,0,8,8,0,8,8,8,0.251479,0.261216,0,0.035714
29942,,15,0,1,1,0,1,1,9,0.213262,0.219061,0,0
29945,,8,0,1,1,0,1,1,1,1,1,0,0
29947,,15,0,1,1,0,1,1,8,0.217234,0.223577,0,0
29948,,15,0,1,1,0,1,1,9,0.216731,0.222572,0,0
29955,,8,0,1,1,0,1,1,8,0.262756,0.273466,0,0
29957,,8,0,1,1,0,1,1,8,0.240465,0.248606,0,0
29958,,5,0,1,1,0,1,1,10,0.173147,0.17633,0,0
29959,,1,0,1,1,0,1,1,10,0.184289,0.188001,0,0
29960,,8,0,2,2,0,2,2,8,0.239954,0.247965,0,0
29961,,16,0,1,1,0,1,1,8,0.257544,0.268689,0,0
29962,,16,0,1,1,0,1,1,10,0.182813,0.18679,0,0
29964,,3,0,1,1,0,1,1,9,0.232872,0.240708,0,0
29966,,8,1,0,1,1,0,1,0,0,0,0,0
29967,,8,0,1,1,0,1,1,9,0.209259,0.214889,0,0
29968,,21,0,1,1,0,1,1,9,0.221969,0.229196,0,0
29969,,11,0,1,1,0,1,1,9,0.189968,0.194389,0,0
29971,,10,0,1,1,0,1,1,9,0.220068,0.2272,0,0
29973,,11,0,3,3,0,3,3,8,0.250983,0.261002,0,1
29975,,9,0,1,1,0,1,1,10,0.166989,0.170075,0,0
29976,,11,0,1,1,0,1,1,8,0.236535,0.24595,0,0
29977,,10,0,1,1,0,1,1,9,0.204541,0.20984,0,0
29978,,8,0,2,2,0,2,2,9,0.235494,0.242998,0,0
29979,,10,0,1,1,0,1,1,9,0.229752,0.236924,0,0
29980,,24,0,1,1,0,1,1,9,0.219117,0.22557,0,0
29982,,0,0,1,1,0,1,1,8,0.242388,0.250662,0,0
29983,,11,0,1,1,0,1,1,9,0.200469,0.205801,0,0
29984,,11,0,1,1,0,1,1,8,0.239018,0.246295,0,0
29985,,386,0,1,1,0,1,1,1,1,1,0,0
29986,,386,1,0,1,1,0,1,0,0,0,0,0
29987,,5,0,1,1,0,1,1,8,0.245108,0.253561,0,0
29988,,387,0,1,1,0,1,1,1,1,1,0,0
29989,,387,1,0,1,1,0,1,0,0,0,0,0
29990,,15,0,2,2,0,2,2,10,0.196315,0.201109,0,0.5
29991,,16,0,1,1,0,1,1,2,0.666667,0.75,0,0
29995,,8,0,1,1,0,1,1,8,0.235105,0.243285,0,0
29996,,1,0,1,1,0,1,1,8,0.232406,0.239626,0,0
29998,,8,0,1,1,0,1,1,9,0.209259,0.214889,0,0
29999,,7,0,1,1,0,1,1,8,0.242713,0.250553,0,0
30001,,7,0,1,1,0,1,1,9,0.208176,0.213378,0,0
30002,,388,0,1,1,0,1,1,1,1,1,0,0
30003,,388,1,0,1,1,0,1,0,0,0,0,0
30005,,15,0,1,1,0,1,1,10,0.177702,0.181296,0,0
30009,,12,0,1,1,0,1,1,8,0.236841,0.24458,0,0
30011,,11,0,3,3,0,3,3,8,0.251422,0.261557,0,0.666667
30012,,1,0,1,1,0,1,1,10,0.184289,0.188001,0,0
30013,,5,0,1,1,0,1,1,8,0.231928,0.239836,0,0
30014,,7,0,1,1,0,1,1,9,0.226164,0.233246,0,0
30018,,7,0,1,1,0,1,1,9,0.201902,0.20673,0,0
30019,,16,0,1,1,0,1,1,9,0.222009,0.228904,0,0
30021,,13,0,1,1,0,1,1,9,0.198121,0.202884,0,0
30023,,6,0,2,2,0,2,2,8,0.241489,0.249816,0,0
30024,,7,0,1,1,0,1,1,9,0.223851,0.230913,0,0
30025,,11,0,2,2,0,2,2,8,0.258031,0.268361,0,0
30026,,11,0,1,1,0,1,1,9,0.197516,0.201911,0,0
30028,,24,0,1,1,0,1,1,9,0.222639,0.228954,0,0
30030,,8,0,1,1,0,1,1,9,0.21061,0.216114,0,0
30031,,16,0,1,1,0,1,1,8,0.257544,0.268689,0,0
30032,,7,0,1,1,0,1,1,9,0.226164,0.233246,0,0
30033,,8,0,1,1,0,1,1,9,0.208769,0.214185,0,0
30034,,7,0,1,1,0,1,1,9,0.20749,0.212706,0,0
30035,,10,0,1,1,0,1,1,8,0.248433,0.25796,0,0
30036,,15,0,1,1,0,1,1,9,0.185957,0.189776,0,0
30037,,1,0,3,3,0,3,3,9,0.21954,0.226086,0,0.166667
30314,,1,1,1,2,1,1,2,10,0.178641,0.182155,0,0.5
30038,,16,0,1,1,0,1,1,8,0.257544,0.268689,0,0
30041,,7,0,1,1,0,1,1,8,0.226218,0.233435,0,0
30044,,0,0,1,1,0,1,1,9,0.21379,0.219801,0,0
30045,,10,0,1,1,0,1,1,9,0.202019,0.206947,0,0
30046,,16,0,3,3,0,3,3,8,0.259272,0.270932,0,0.833333
30049,,11,0,2,2,0,2,2,8,0.227036,0.23496,0,1
30050,,10,0,1,1,0,1,1,9,0.222352,0.229209,0,0
30051,,5,0,1,1,0,1,1,8,0.244933,0.25344,0,0
30052,,11,0,1,1,0,1,1,8,0.229011,0.236303,0,0
30053,,8,2,4,6,2,4,6,8,0.243514,0.25301,37656,0.033333
30054,,21,0,1,1,0,1,1,8,0.240355,0.248397,0,0
30056,,7,0,1,1,0,1,1,9,0.224481,0.231705,0,0
30057,,7,0,1,1,0,1,1,1,1,1,0,0
30059,,16,0,2,2,0,2,2,8,0.236434,0.245117,0,1
30061,,7,0,1,1,0,1,1,9,0.232863,0.240485,0,0
30062,,5,0,2,2,0,2,2,8,0.252214,0.261527,0,0
30064,,10,0,1,1,0,1,1,10,0.185121,0.189368,0,0
30066,,11,0,1,1,0,1,1,9,0.192354,0.197022,0,0
30067,,11,0,1,1,0,1,1,9,0.229957,0.237934,0,0
30068,,15,0,1,1,0,1,1,9,0.188812,0.192889,0,0
30070,,21,1,1,2,1,1,2,1,1,1,1,0
30072,,10,0,1,1,0,1,1,9,0.225592,0.232933,0,0
30076,,15,0,1,1,0,1,1,9,0.220127,0.227165,0,0
30077,,24,0,1,1,0,1,1,9,0.231745,0.239907,0,0
30079,,15,0,16,16,0,16,16,8,0.248378,0.257918,0,0.075
30080,,15,1,0,1,1,0,1,0,0,0,0,0
30081,,8,0,1,1,0,1,1,8,0.224179,0.231106,0,0
30083,,8,0,1,1,0,1,1,8,0.241381,0.249677,0,0
30084,,21,0,3,3,0,3,3,9,0.233995,0.244953,0,0.333333
30085,,16,0,1,1,0,1,1,9,0.205163,0.210721,0,0
30086,,7,0,6,6,0,6,6,8,0.27741,0.29051,0,0.766667
30087,,0,0,1,1,0,1,1,1,1,1,0,0
30090,,16,0,1,1,0,1,1,9,0.186744,0.19112,0,0
30094,,7,0,1,1,0,1,1,9,0.193014,0.197058,0,0
30098,,8,0,1,1,0,1,1,9,0.231897,0.239409,0,0
30102,,0,0,1,1,0,1,1,9,0.222605,0.230046,0,0
30103,,0,0,1,1,0,1,1,9,0.224741,0.232186,0,0
30105,,15,0,1,1,0,1,1,8,0.23999,0.247696,0,0
30107,,8,0,1,1,0,1,1,9,0.200194,0.2051,0,0
30109,,11,0,1,1,0,1,1,9,0.217121,0.223495,0,0
30110,,21,0,2,2,0,2,2,9,0.222329,0.229668,0,1
30113,,285,0,1,1,0,1,1,3,0.470588,0.520833,0,0
30115,,0,0,1,1,0,1,1,9,0.205967,0.21162,0,0
30116,,13,0,1,1,0,1,1,9,0.217837,0.224577,0,0
30117,,8,0,1,1,0,1,1,9,0.209259,0.214889,0,0
30121,,12,0,2,2,0,2,2,9,0.213608,0.219575,0,1
30122,,8,0,1,1,0,1,1,8,0.262756,0.273466,0,0
30125,,11,0,1,1,0,1,1,9,0.229181,0.2372,0,0
30126,,8,0,1,1,0,1,1,9,0.229833,0.237605,0,0
30128,,13,0,1,1,0,1,1,9,0.198121,0.202884,0,0
30129,,7,0,1,1,0,1,1,9,0.192326,0.197,0,0
30130,,0,0,1,1,0,1,1,8,0.230717,0.238683,0,0
30131,,7,0,3,3,0,3,3,9,0.229312,0.236665,0,0.166667
30133,,0,0,1,1,0,1,1,8,0.230853,0.23867,0,0
30134,,16,0,1,1,0,1,1,8,0.257544,0.268689,0,0
30136,,11,0,1,1,0,1,1,9,0.212123,0.218423,0,0
30138,,0,0,1,1,0,1,1,1,1,1,0,0
30139,,7,0,2,2,0,2,2,9,0.19283,0.196976,0,0
30141,,16,0,1,1,0,1,1,1,1,1,0,0
32416,,15,1,0,1,1,0,1,0,0,0,0,0
30145,,16,0,2,2,0,2,2,9,0.2349,0.243497,0,0.5
30146,,11,0,2,2,0,2,2,8,0.242722,0.252259,0,0
30147,,8,0,1,1,0,1,1,8,0.247064,0.255642,0,0
30148,,15,0,1,1,0,1,1,10,0.166982,0.169812,0,0
30149,,15,0,1,1,0,1,1,10,0.166982,0.169812,0,0
30150,,13,0,1,1,0,1,1,10,0.178879,0.182549,0,0
30151,,7,0,1,1,0,1,1,10,0.18324,0.18701,0,0
30154,,8,0,1,1,0,1,1,8,0.253959,0.263295,0,0
30155,,16,0,3,3,0,3,3,9,0.226911,0.234806,0,0.5
30157,,16,0,1,1,0,1,1,8,0.257544,0.268689,0,0
30158,,11,0,3,3,0,3,3,8,0.251399,0.261531,0,0.333333
30160,,0,0,1,1,0,1,1,9,0.191106,0.195042,0,0
30161,,7,0,1,1,0,1,1,9,0.193849,0.198168,0,0
30162,,7,0,2,2,0,2,2,8,0.2484,0.25721,0,0
30163,,8,0,5,5,0,5,5,8,0.269662,0.281548,0,0.55
30165,,24,0,1,1,0,1,1,10,0.16287,0.165687,0,0
30167,,21,0,1,1,0,1,1,1,1,1,0,0
30168,,8,0,5,5,0,5,5,8,0.259518,0.270769,0,0.2
30169,,6,0,1,1,0,1,1,1,1,1,0,0
30171,,11,0,1,1,0,1,1,8,0.229011,0.236303,0,0
30172,,6,0,1,1,0,1,1,1,1,1,0,0
30175,,7,0,4,4,0,4,4,8,0.273768,0.285679,0,0.333333
30176,,0,0,1,1,0,1,1,9,0.19879,0.203639,0,0
30178,,11,0,1,1,0,1,1,9,0.217668,0.224276,0,0
30180,,5,0,1,1,0,1,1,10,0.188771,0.192846,0,0
30181,,8,0,1,1,0,1,1,9,0.198884,0.203512,0,0
30182,,15,0,1,1,0,1,1,1,1,1,0,0
30183,,3,0,1,1,0,1,1,9,0.214123,0.219985,0,0
30187,,11,0,1,1,0,1,1,8,0.246659,0.25616,0,0
30189,,8,0,1,1,0,1,1,9,0.215946,0.221647,0,0
30190,,16,0,1,1,0,1,1,9,0.218246,0.224658,0,0
30191,,1,0,1,1,0,1,1,8,0.234973,0.242243,0,0
30192,,8,0,1,1,0,1,1,9,0.219898,0.226413,0,0
30193,,12,0,1,1,0,1,1,8,0.234438,0.242011,0,0
30194,,8,0,2,2,0,2,2,8,0.230443,0.238496,0,0.5
30196,,8,1,2,3,1,2,3,9,0.230202,0.23859,18827,0
30197,,8,1,1,2,1,1,2,10,0.187127,0.191494,0,0
30201,,16,0,1,1,0,1,1,9,0.21183,0.217537,0,0
30204,,7,0,1,1,0,1,1,1,1,1,0,0
30205,,9,0,1,1,0,1,1,12,0.124015,0.125359,0,0
30208,,2,0,1,1,0,1,1,9,0.208767,0.214577,0,0
30211,,7,0,1,1,0,1,1,8,0.240656,0.249158,0,0
30214,,21,0,1,1,0,1,1,9,0.221969,0.229196,0,0
30215,,6,0,1,1,0,1,1,9,0.213582,0.219922,0,0
30216,,11,0,1,1,0,1,1,8,0.227028,0.233491,0,0
30217,,7,0,1,1,0,1,1,1,1,1,0,0
30218,,7,0,1,1,0,1,1,1,1,1,0,0
30219,,5,0,1,1,0,1,1,9,0.209774,0.21535,0,0
30220,,16,0,1,1,0,1,1,8,0.257544,0.268689,0,0
30221,,8,0,2,2,0,2,2,8,0.228425,0.23561,0,0.5
30222,,13,0,1,1,0,1,1,8,0.22917,0.236725,0,0
30224,,9,0,1,1,0,1,1,9,0.189796,0.194161,0,0
30225,,9,0,1,1,0,1,1,9,0.189796,0.194161,0,0
30226,,11,0,2,2,0,2,2,8,0.216968,0.223352,0,1
30227,,24,1,1,2,1,1,2,9,0.212999,0.219178,18827,0
30229,,7,0,1,1,0,1,1,8,0.240656,0.249158,0,0
30231,,16,0,1,1,0,1,1,8,0.257544,0.268689,0,0
30233,,11,0,1,1,0,1,1,11,0.166952,0.169918,0,0
30238,,0,0,1,1,0,1,1,9,0.210708,0.216529,0,0
30239,,10,0,1,1,0,1,1,9,0.203588,0.208667,0,0
30241,,11,1,1,2,1,1,2,9,0.224852,0.232779,94.725025,0.5
30242,,7,0,2,2,0,2,2,8,0.25771,0.26797,0,0.5
30244,,7,0,2,2,0,2,2,8,0.248985,0.258923,0,1
30248,,8,0,1,1,0,1,1,9,0.226897,0.234639,0,0
30249,,9,0,2,2,0,2,2,10,0.179103,0.182865,0,0
34543,,9,4,2,6,4,2,6,11,0.151897,0.154181,18833,0
30251,,11,0,1,1,0,1,1,8,0.229011,0.236303,0,0
30252,,7,0,1,1,0,1,1,9,0.20921,0.214873,0,0
30253,,389,0,1,1,0,1,1,1,1,1,0,0
30254,,389,1,0,1,1,0,1,0,0,0,0,0
30255,,11,0,1,1,0,1,1,8,0.234514,0.24306,0,0
30256,,10,0,1,1,0,1,1,9,0.198085,0.202626,0,0
30260,,15,0,1,1,0,1,1,9,0.220178,0.227274,0,0
30261,,0,0,1,1,0,1,1,8,0.230717,0.238683,0,0
30262,,21,0,1,1,0,1,1,9,0.198618,0.203374,0,0
30264,,1,0,1,1,0,1,1,8,0.237205,0.244512,0,0
30265,,16,0,1,1,0,1,1,8,0.236961,0.24442,0,0
30269,,11,0,1,1,0,1,1,9,0.224977,0.23191,0,0
30271,,11,0,1,1,0,1,1,8,0.230091,0.237701,0,0
30272,,21,0,1,1,0,1,1,1,1,1,0,0
30274,,16,0,3,3,0,3,3,8,0.227913,0.234602,0,0
31952,,16,1,0,1,1,0,1,0,0,0,0,0
35396,,16,1,1,2,1,1,2,9,0.214084,0.219917,201.936326,0
30275,,7,0,1,1,0,1,1,8,0.251523,0.26155,0,0
30279,,5,0,2,2,0,2,2,8,0.259118,0.269685,0,1
30280,,8,0,1,1,0,1,1,8,0.23001,0.236754,0,0
30281,,11,0,1,1,0,1,1,8,0.244275,0.253708,0,0
32163,,11,1,0,1,1,0,1,0,0,0,0,0
30283,,7,0,1,1,0,1,1,8,0.265449,0.276753,0,0
30285,,11,0,1,1,0,1,1,8,0.239859,0.247713,0,0
30287,,11,0,1,1,0,1,1,9,0.202084,0.206614,0,0
30288,,11,0,1,1,0,1,1,9,0.218631,0.224994,0,0
30289,,11,0,1,1,0,1,1,9,0.232386,0.240377,0,0
30290,,7,0,1,1,0,1,1,9,0.218751,0.224866,0,0
30291,,11,0,1,1,0,1,1,9,0.229957,0.237934,0,0
30293,,2,0,1,1,0,1,1,8,0.261475,0.272568,0,0
30295,,16,0,1,1,0,1,1,9,0.195086,0.199858,0,0
30296,,10,0,1,1,0,1,1,8,0.23897,0.247046,0,0
30298,,24,0,1,1,0,1,1,9,0.208263,0.213764,0,0
30299,,0,0,1,1,0,1,1,8,0.230717,0.238683,0,0
30300,,5,0,2,2,0,2,2,8,0.251678,0.260887,0,0
30304,,10,0,1,1,0,1,1,9,0.201326,0.206444,0,0
30306,,24,1,2,3,1,2,3,10,0.179943,0.183619,18827,0
30500,,24,1,1,2,1,1,2,11,0.152503,0.15472,0,0
30307,,7,0,1,1,0,1,1,8,0.257706,0.267944,0,0
30308,,11,0,1,1,0,1,1,9,0.211392,0.217141,0,0
30309,,7,0,1,1,0,1,1,10,0.166718,0.169204,0,0
30310,,390,0,1,1,0,1,1,1,1,1,0,0
30311,,390,1,0,1,1,0,1,0,0,0,0,0
30312,,5,0,1,1,0,1,1,8,0.245108,0.253561,0,0
30315,,16,0,3,3,0,3,3,8,0.239724,0.247402,0,0.666667
30317,,0,0,1,1,0,1,1,9,0.222605,0.230046,0,0
30318,,7,0,1,1,0,1,1,8,0.257706,0.267944,0,0
30319,,391,0,1,1,0,1,1,1,1,1,0,0
30320,,391,1,0,1,1,0,1,0,0,0,0,0
30321,,414,0,2,2,0,2,2,1,1,1,0,0
30322,,414,1,0,1,1,0,1,0,0,0,0,0
31427,,414,2,0,2,2,0,2,0,0,0,0,0
30323,,13,0,1,1,0,1,1,8,0.22917,0.236725,0,0
30324,,16,0,1,1,0,1,1,9,0.210713,0.216558,0,0
30325,,0,0,1,1,0,1,1,8,0.230717,0.238683,0,0
30326,,6,0,1,1,0,1,1,9,0.202812,0.207666,0,0
30328,,7,0,1,1,0,1,1,8,0.237958,0.246963,0,0
30329,,5,0,1,1,0,1,1,8,0.244933,0.25344,0,0
30330,,0,0,2,2,0,2,2,9,0.200734,0.206129,0,0.5
30331,,10,0,1,1,0,1,1,9,0.203219,0.20921,0,0
30332,,8,0,1,1,0,1,1,9,0.203346,0.208541,0,0
30334,,16,0,1,1,0,1,1,10,0.174198,0.17752,0,0
30335,,8,0,1,1,0,1,1,8,0.262756,0.273466,0,0
30338,,18,0,1,1,0,1,1,9,0.183805,0.188435,0,0
30339,,7,0,4,4,0,4,4,8,0.257224,0.267611,0,0.166667
30340,,16,0,1,1,0,1,1,9,0.234736,0.243231,0,0
30342,,7,0,1,1,0,1,1,1,1,1,0,0
30345,,7,0,1,1,0,1,1,9,0.208559,0.213833,0,0
30346,,10,0,1,1,0,1,1,9,0.216171,0.222636,0,0
30347,,11,0,5,5,0,5,5,8,0.274389,0.287238,0,0.15
30348,,11,1,0,1,1,0,1,0,0,0,0,0
30349,,6,0,1,1,0,1,1,8,0.234493,0.241933,0,0
30350,,15,0,1,1,0,1,1,1,1,1,0,0
30355,,11,0,1,1,0,1,1,9,0.199173,0.20434,0,0
30356,,11,0,1,1,0,1,1,9,0.199173,0.20434,0,0
30357,,12,0,1,1,0,1,1,9,0.200697,0.205965,0,0
30358,,16,0,1,1,0,1,1,8,0.257544,0.268689,0,0
30360,,8,0,1,1,0,1,1,8,0.262756,0.273466,0,0
30361,,11,0,1,1,0,1,1,8,0.235824,0.242716,0,0
30363,,392,0,1,1,0,1,1,1,1,1,0,0
30364,,392,1,0,1,1,0,1,0,0,0,0,0
30366,,7,0,1,1,0,1,1,10,0.173079,0.176055,0,0
30367,,7,0,1,1,0,1,1,9,0.226164,0.233246,0,0
30368,,0,0,1,1,0,1,1,10,0.191764,0.196581,0,0
30369,,16,0,2,2,0,2,2,8,0.235279,0.243654,0,0.5
30372,,2,0,2,2,0,2,2,8,0.261485,0.272606,0,0
30373,,2,1,0,1,1,0,1,0,0,0,0,0
30374,,7,0,2,2,0,2,2,8,0.238322,0.247121,0,0.5
30375,,15,0,1,1,0,1,1,10,0.18173,0.185747,0,0
30376,,2,0,1,1,0,1,1,10,0.172717,0.175979,0,0
30377,,13,0,1,1,0,1,1,9,0.217837,0.224577,0,0
30378,,10,0,3,3,0,3,3,9,0.230799,0.238747,0,0.666667
30381,,15,0,1,1,0,1,1,9,0.202978,0.208136,0,0
30382,,15,0,1,1,0,1,1,9,0.191462,0.195622,0,0
30383,,15,0,2,2,0,2,2,9,0.197906,0.202649,0,0
30384,,10,0,2,2,0,2,2,8,0.255645,0.265626,0,0.5
30386,,11,0,2,2,0,2,2,8,0.240003,0.249458,0,0
30387,,15,0,1,1,0,1,1,9,0.220178,0.227274,0,0
30388,,7,0,1,1,0,1,1,1,1,1,0,0
30390,,8,0,1,1,0,1,1,9,0.229906,0.237162,0,0
30391,,8,0,1,1,0,1,1,9,0.210546,0.215947,0,0
30392,,5,0,1,1,0,1,1,9,0.212622,0.218545,0,0
30393,,7,0,1,1,0,1,1,9,0.214323,0.220605,0,0
30395,,1,0,1,1,0,1,1,1,1,1,0,0
30397,,21,0,13,13,0,13,13,8,0.229097,0.236063,0,0.00641
30398,,21,1,0,1,1,0,1,0,0,0,0,0
30401,,10,0,1,1,0,1,1,9,0.232941,0.240927,0,0
30403,,11,0,1,1,0,1,1,9,0.22146,0.227964,0,0
30405,,393,0,1,1,0,1,1,1,1,1,0,0
30406,,393,1,0,1,1,0,1,0,0,0,0,0
30408,,8,0,1,1,0,1,1,8,0.262756,0.273466,0,0
30410,,8,0,1,1,0,1,1,9,0.21816,0.224584,0,0
30411,,8,0,1,1,0,1,1,8,0.234059,0.241902,0,0
30412,,16,0,1,1,0,1,1,9,0.214165,0.219651,0,0
30413,,7,0,1,1,0,1,1,1,1,1,0,0
30414,,9,0,1,1,0,1,1,10,0.168625,0.171488,0,0
30415,,9,0,2,2,0,2,2,8,0.240496,0.248373,0,0.5
30416,,10,0,1,1,0,1,1,9,0.214179,0.220404,0,0
30417,,7,0,1,1,0,1,1,9,0.200066,0.204368,0,0
30418,,15,0,1,1,0,1,1,9,0.199733,0.204607,0,0
30419,,16,0,1,1,0,1,1,8,0.231378,0.23929,0,0
30422,,7,0,1,1,0,1,1,8,0.236336,0.244243,0,0
30423,,8,0,2,2,0,2,2,9,0.194139,0.198449,0,1
30426,,9,0,1,1,0,1,1,10,0.164896,0.168023,0,0
30427,,12,0,1,1,0,1,1,8,0.236841,0.24458,0,0
30428,,0,0,1,1,0,1,1,9,0.224741,0.232186,0,0
30429,,11,0,1,1,0,1,1,9,0.195481,0.200114,0,0
30430,,11,0,2,2,0,2,2,9,0.211525,0.217371,0,0
30431,,15,0,1,1,0,1,1,9,0.21407,0.220284,0,0
30434,,10,0,4,4,0,4,4,8,0.232558,0.240741,0,0.416667
30435,,16,0,1,1,0,1,1,8,0.257544,0.268689,0,0
30439,,13,0,2,2,0,2,2,8,0.232987,0.241006,0,1
31980,,16,1,0,1,1,0,1,0,0,0,0,0
31981,,16,2,0,2,2,0,2,0,0,0,0,0
31990,,16,1,0,1,1,0,1,0,0,0,0,0
31991,,16,2,0,2,2,0,2,0,0,0,0,0
32689,,16,2,0,2,2,0,2,0,0,0,0,0
30441,,0,0,1,1,0,1,1,1,1,1,0,0
30444,,16,0,1,1,0,1,1,8,0.234155,0.242097,0,0
30445,,10,0,3,3,0,3,3,9,0.227184,0.235019,0,0.333333
30448,,16,0,1,1,0,1,1,9,0.208855,0.214732,0,0
30449,,15,0,1,1,0,1,1,9,0.219954,0.226495,0,0
30451,,16,0,1,1,0,1,1,10,0.168098,0.170952,0,0
30453,,8,0,1,1,0,1,1,9,0.250609,0.260973,0,0
30456,,7,0,2,2,0,2,2,9,0.208602,0.213917,0,0
30458,,13,0,1,1,0,1,1,9,0.217837,0.224577,0,0
30459,,13,0,1,1,0,1,1,9,0.217837,0.224577,0,0
30460,,15,0,1,1,0,1,1,9,0.214913,0.220648,0,0
30463,,11,0,4,4,0,4,4,9,0.245268,0.254621,0,0.416667
30465,,16,0,2,2,0,2,2,8,0.22905,0.23694,0,0
30466,,13,0,1,1,0,1,1,9,0.217837,0.224577,0,0
30467,,11,0,1,1,0,1,1,9,0.23172,0.239817,0,0
30468,,16,0,1,1,0,1,1,8,0.235753,0.244207,0,0
30469,,1,0,1,1,0,1,1,9,0.219196,0.225231,0,0
30470,,0,0,1,1,0,1,1,8,0.228936,0.236648,0,0
30471,,11,0,2,2,0,2,2,8,0.25445,0.264365,0,0
30472,,16,0,1,1,0,1,1,8,0.235753,0.244207,0,0
30473,,9,0,1,1,0,1,1,10,0.164896,0.168023,0,0
30474,,21,0,1,1,0,1,1,9,0.233244,0.243883,0,0
30476,,8,0,1,1,0,1,1,9,0.209973,0.215196,0,0
30925,,7,1,0,1,1,0,1,0,0,0,0,0
31194,,7,1,0,1,1,0,1,0,0,0,0,0
32685,,7,1,0,1,1,0,1,0,0,0,0,0
30480,,11,0,1,1,0,1,1,9,0.207113,0.212719,0,0
30481,,9,0,1,1,0,1,1,10,0.164664,0.167567,0,0
30482,,11,0,3,3,0,3,3,9,0.21243,0.218875,0,0.5
30484,,11,0,1,1,0,1,1,9,0.204724,0.210569,0,0
30485,,12,0,1,1,0,1,1,8,0.236841,0.24458,0,0
30486,,11,0,1,1,0,1,1,9,0.202766,0.208165,0,0
30488,,8,0,1,1,0,1,1,9,0.230193,0.238549,0,0
30489,,16,0,1,1,0,1,1,9,0.234736,0.243231,0,0
30490,,7,0,1,1,0,1,1,9,0.222499,0.229441,0,0
30491,,8,0,1,1,0,1,1,10,0.17354,0.176472,0,0
30492,,2,0,1,1,0,1,1,9,0.209228,0.21494,0,0
30499,,24,0,1,1,0,1,1,9,0.218761,0.22523,0,0
30503,,7,0,1,1,0,1,1,8,0.242713,0.250553,0,0
30504,,2,0,2,2,0,2,2,8,0.2633,0.274757,0,0.5
30507,,15,0,1,1,0,1,1,9,0.192915,0.197425,0,0
30508,,8,0,1,1,0,1,1,8,0.262756,0.273466,0,0
30509,,11,0,1,1,0,1,1,9,0.202489,0.207724,0,0
30510,,0,0,1,1,0,1,1,9,0.208725,0.214391,0,0
30512,,7,0,1,1,0,1,1,9,0.222499,0.229441,0,0
30513,,7,0,1,1,0,1,1,9,0.20921,0.214873,0,0
30515,,16,0,1,1,0,1,1,9,0.22602,0.233288,0,0
30516,,15,0,1,1,0,1,1,8,0.217234,0.223577,0,0
30517,,16,0,1,1,0,1,1,9,0.214045,0.219989,0,0
30519,,8,0,1,1,0,1,1,9,0.208499,0.214121,0,0
30522,,16,0,1,1,0,1,1,8,0.209429,0.215629,0,0
30525,,8,0,1,1,0,1,1,8,0.263743,0.27463,0,0
30526,,394,0,1,1,0,1,1,1,1,1,0,0
30527,,394,1,0,1,1,0,1,0,0,0,0,0
30529,,8,0,2,2,0,2,2,9,0.239975,0.248581,0,0.5
30530,,11,0,1,1,0,1,1,9,0.211539,0.217068,0,0
30531,,8,0,1,1,0,1,1,9,0.215232,0.221161,0,0
30532,,8,1,1,2,1,1,2,9,0.191709,0.196047,0,0.5
30533,,8,0,1,1,0,1,1,9,0.213451,0.219373,0,0
30536,,8,0,1,1,0,1,1,9,0.219316,0.225988,0,0
30538,,16,0,1,1,0,1,1,8,0.257544,0.268689,0,0
30539,,7,0,1,1,0,1,1,8,0.248325,0.257194,0,0
30541,,11,0,1,1,0,1,1,8,0.23949,0.247366,0,0
30544,,7,0,1,1,0,1,1,8,0.226935,0.234515,0,0
30546,,11,0,1,1,0,1,1,9,0.21089,0.216438,0,0
30547,,11,0,1,1,0,1,1,9,0.228455,0.235531,0,0
30552,,3,0,1,1,0,1,1,9,0.214123,0.219985,0,0
30555,,8,0,1,1,0,1,1,9,0.195836,0.200623,0,0
30557,,8,0,1,1,0,1,1,9,0.195836,0.200623,0,0
30558,,7,0,1,1,0,1,1,8,0.219703,0.226184,0,0
30559,,395,0,1,1,0,1,1,1,1,1,0,0
30560,,395,1,0,1,1,0,1,0,0,0,0,0
30561,,396,0,1,1,0,1,1,1,1,1,0,0
30562,,396,2,0,2,2,0,2,0,0,0,0,0
30563,,7,0,1,1,0,1,1,9,0.230698,0.238054,0,0
30564,,12,0,1,1,0,1,1,8,0.236841,0.24458,0,0
30565,,396,0,1,1,0,1,1,1,1,1,0,0
30567,,8,0,1,1,0,1,1,8,0.262756,0.273466,0,0
30568,,5,0,1,1,0,1,1,10,0.164626,0.167309,0,0
30569,,6,0,2,2,0,2,2,8,0.244449,0.253568,0,0
33503,,11,1,2,3,1,2,3,9,0.203884,0.20952,60.915685,0
30572,,11,0,1,1,0,1,1,8,0.236167,0.244733,0,0
30573,,9,0,1,1,0,1,1,1,1,1,0,0
30574,,7,0,1,1,0,1,1,9,0.235473,0.242933,0,0
30576,,12,0,1,1,0,1,1,10,0.188104,0.191839,0,0
30578,,8,0,1,1,0,1,1,9,0.228173,0.235417,0,0
30579,,7,0,1,1,0,1,1,9,0.207609,0.212853,0,0
30581,,397,0,1,1,0,1,1,1,1,1,0,0
30582,,397,1,0,1,1,0,1,0,0,0,0,0
30584,,24,0,4,4,0,4,4,8,0.265143,0.276599,0,0.583333
30585,,6,0,3,3,0,3,3,8,0.242117,0.250234,0,0
30586,,11,0,1,1,0,1,1,8,0.246114,0.255055,0,0
30587,,11,0,1,1,0,1,1,8,0.251382,0.261452,0,0
30588,,11,0,1,1,0,1,1,8,0.240389,0.248209,0,0
30589,,16,0,1,1,0,1,1,10,0.174198,0.17752,0,0
30592,,11,0,1,1,0,1,1,9,0.23666,0.245195,0,0
30593,,6,0,1,1,0,1,1,10,0.179985,0.18371,0,0
30594,,11,0,1,1,0,1,1,10,0.184475,0.188272,0,0
30595,,16,0,1,1,0,1,1,9,0.219293,0.225533,0,0
30596,,8,0,1,1,0,1,1,8,0.227429,0.234822,0,0
30597,,11,0,6,6,0,6,6,8,0.249239,0.258645,0,0.033333
30598,,11,0,2,2,0,2,2,8,0.25215,0.262311,0,1
30599,,16,0,1,1,0,1,1,8,0.235753,0.244207,0,0
30600,,11,0,1,1,0,1,1,8,0.230091,0.237701,0,0
30601,,16,0,1,1,0,1,1,8,0.257544,0.268689,0,0
30603,,11,0,1,1,0,1,1,9,0.228527,0.235985,0,0
30607,,11,0,3,3,0,3,3,8,0.239917,0.247242,0,1
30608,,398,0,1,1,0,1,1,1,1,1,0,0
30609,,398,1,0,1,1,0,1,0,0,0,0,0
30610,,8,0,1,1,0,1,1,8,0.262756,0.273466,0,0
30611,,16,0,1,1,0,1,1,8,0.257544,0.268689,0,0
30612,,6,0,1,1,0,1,1,9,0.193014,0.197058,0,0
30614,,18,0,2,2,0,2,2,9,0.212941,0.219074,0,0.5
30615,,0,0,1,1,0,1,1,9,0.192142,0.196399,0,0
30617,,15,0,3,3,0,3,3,9,0.217013,0.224287,0,0
30618,,15,1,0,1,1,0,1,0,0,0,0,0
30620,,11,0,1,1,0,1,1,9,0.214113,0.220365,0,0
30621,,2,0,1,1,0,1,1,8,0.261475,0.272568,0,0
30625,,5,0,1,1,0,1,1,8,0.244933,0.25344,0,0
30627,,16,0,2,2,0,2,2,8,0.235756,0.244234,0,1
30628,,7,0,1,1,0,1,1,8,0.244345,0.253397,0,0
30629,,11,0,1,1,0,1,1,9,0.208121,0.214176,0,0
30630,,1,0,2,2,0,2,2,9,0.196746,0.201207,0,0
30635,,11,0,1,1,0,1,1,8,0.251382,0.261452,0,0
30639,,11,0,3,3,0,3,3,9,0.213511,0.220012,0,0
30640,,11,0,1,1,0,1,1,9,0.202766,0.208165,0,0
30641,,1,0,1,1,0,1,1,2,0.555556,0.6,0,0
30642,,7,0,1,1,0,1,1,9,0.212064,0.218043,0,0
30643,,0,0,1,1,0,1,1,9,0.204153,0.209703,0,0
30645,,8,0,1,1,0,1,1,9,0.207861,0.213519,0,0
30646,,7,0,1,1,0,1,1,9,0.235473,0.242933,0,0
30647,,16,0,1,1,0,1,1,8,0.236961,0.24442,0,0
30648,,16,0,1,1,0,1,1,8,0.236961,0.24442,0,0
30651,,9,0,1,1,0,1,1,10,0.177506,0.180764,0,0
30652,,11,0,1,1,0,1,1,9,0.191298,0.196129,0,0
30657,,11,0,2,2,0,2,2,7,0.293809,0.308313,0,1
30659,,7,0,1,1,0,1,1,8,0.234964,0.242805,0,0
30660,,12,0,1,1,0,1,1,9,0.196125,0.200716,0,0
30661,,11,0,1,1,0,1,1,9,0.219883,0.226442,0,0
30662,,0,0,2,2,0,2,2,8,0.228941,0.236683,0,1
30666,,11,0,1,1,0,1,1,9,0.229957,0.237934,0,0
30667,,11,0,1,1,0,1,1,9,0.212123,0.218423,0,0
30671,,12,0,1,1,0,1,1,9,0.213606,0.219549,0,0
30672,,24,0,1,1,0,1,1,9,0.21389,0.220139,0,0
34691,,8,1,0,1,1,0,1,0,0,0,0,0
30674,,13,0,1,1,0,1,1,9,0.217837,0.224577,0,0
30678,,11,0,1,1,0,1,1,10,0.184122,0.187999,0,0
30680,,8,0,1,1,0,1,1,11,0.148491,0.150516,0,0
30681,,6,0,3,3,0,3,3,9,0.222774,0.229957,0,0.166667
34214,,6,1,3,4,1,3,4,9,0.22621,0.233851,205.173755,0.166667
30683,,6,0,1,1,0,1,1,11,0.155201,0.157616,0,0
30685,,6,0,1,1,0,1,1,11,0.155201,0.157616,0,0
30686,,11,0,1,1,0,1,1,9,0.194749,0.19978,0,0
30687,,13,0,1,1,0,1,1,9,0.217837,0.224577,0,0
30688,,8,0,1,1,0,1,1,9,0.227374,0.234422,0,0
30692,,11,0,1,1,0,1,1,10,0.19248,0.197046,0,0
30693,,11,0,1,1,0,1,1,8,0.240389,0.248209,0,0
30762,,10,3,1,4,3,1,4,9,0.214183,0.220407,37706.220027,0
30697,,11,0,1,1,0,1,1,8,0.229011,0.236303,0,0
30700,,11,0,1,1,0,1,1,9,0.205257,0.210582,0,0
30702,,15,0,1,1,0,1,1,9,0.198482,0.202781,0,0
30704,,11,0,1,1,0,1,1,8,0.247792,0.25846,0,0
30705,,24,0,1,1,0,1,1,10,0.175605,0.17901,0,0
30706,,7,0,1,1,0,1,1,8,0.229245,0.23586,0,0
30711,,7,0,1,1,0,1,1,11,0.166871,0.169789,0,0
30712,,7,1,1,2,1,1,2,10,0.200283,0.205389,18827,0
30713,,7,0,1,1,0,1,1,9,0.226164,0.233246,0,0
30715,,7,0,1,1,0,1,1,9,0.210299,0.215735,0,0
30716,,0,0,1,1,0,1,1,8,0.242388,0.250662,0,0
30717,,11,0,1,1,0,1,1,9,0.217908,0.22531,0,0
30718,,7,0,1,1,0,1,1,9,0.210826,0.216917,0,0
30719,,0,0,1,1,0,1,1,9,0.192142,0.196399,0,0
30720,,9,0,3,3,0,3,3,11,0.141573,0.143632,0,0.5
30721,,21,1,1,2,1,1,2,1,1,1,0.5,0
30723,,11,0,1,1,0,1,1,10,0.18677,0.190622,0,0
30725,,7,0,1,1,0,1,1,1,1,1,0,0
30727,,13,0,1,1,0,1,1,9,0.217837,0.224577,0,0
32190,,11,1,0,1,1,0,1,0,0,0,0,0
30731,,11,0,1,1,0,1,1,8,0.251382,0.261452,0,0
30732,,9,0,1,1,0,1,1,11,0.141593,0.143644,0,0
30733,,8,0,2,2,0,2,2,9,0.19587,0.200258,0,0
30734,,8,0,2,2,0,2,2,8,0.265442,0.276762,0,1
30735,,7,0,1,1,0,1,1,9,0.200066,0.204368,0,0
30737,,13,0,1,1,0,1,1,9,0.195066,0.199384,0,0
30738,,8,0,1,1,0,1,1,8,0.262756,0.273466,0,0
30739,,399,0,1,1,0,1,1,1,1,1,0,0
30740,,399,1,0,1,1,0,1,0,0,0,0,0
30741,,11,0,1,1,0,1,1,8,0.238528,0.246408,0,0
30742,,11,0,1,1,0,1,1,1,1,1,0,0
30743,,8,0,1,1,0,1,1,9,0.228129,0.235344,0,0
30744,,2,0,1,1,0,1,1,8,0.261475,0.272568,0,0
30745,,16,0,1,1,0,1,1,9,0.197236,0.201881,0,0
30746,,400,0,1,1,0,1,1,1,1,1,0,0
30747,,400,1,0,1,1,0,1,0,0,0,0,0
30753,,9,0,2,2,0,2,2,11,0.141625,0.143802,0,0.5
30754,,7,0,1,1,0,1,1,8,0.257706,0.267944,0,0
30756,,8,0,2,2,0,2,2,9,0.209804,0.215278,0,0
30758,,8,0,1,1,0,1,1,9,0.216382,0.222638,0,0
30759,,8,0,2,2,0,2,2,8,0.263447,0.274312,0,0.5
30760,,15,0,1,1,0,1,1,9,0.194303,0.198729,0,0
30761,,11,0,1,1,0,1,1,8,0.246659,0.25616,0,0
30764,,12,1,1,2,1,1,2,9,0.208153,0.213695,9412,0
30765,,12,1,1,2,1,1,2,9,0.208153,0.213695,9412,0
30766,,11,1,5,6,1,5,6,8,0.249924,0.259949,18827,0.3
34347,,11,1,1,2,1,1,2,9,0.199953,0.2049,0,0
30768,,16,0,1,1,0,1,1,9,0.210713,0.216558,0,0
30769,,10,0,2,2,0,2,2,9,0.211739,0.217738,0,0
30770,,7,0,1,1,0,1,1,8,0.2284,0.235296,0,0
30772,,15,0,1,1,0,1,1,10,0.179156,0.182314,0,0
30774,,0,0,1,1,0,1,1,10,0.168065,0.1709,0,0
30776,,11,0,1,1,0,1,1,10,0.188949,0.193262,0,0
30779,,16,0,1,1,0,1,1,8,0.257544,0.268689,0,0
30782,,7,0,1,1,0,1,1,9,0.209226,0.214747,0,0
30785,,15,0,1,1,0,1,1,9,0.20116,0.206023,0,0
30787,,16,0,1,1,0,1,1,8,0.257544,0.268689,0,0
30789,,16,0,1,1,0,1,1,8,0.257544,0.268689,0,0
30790,,11,0,1,1,0,1,1,8,0.246114,0.255055,0,0
30791,,11,0,1,1,0,1,1,8,0.267429,0.278245,0,0
30792,,16,0,1,1,0,1,1,9,0.210713,0.216558,0,0
30793,,7,0,1,1,0,1,1,1,1,1,0,0
30795,,8,0,1,1,0,1,1,9,0.224717,0.23191,0,0
30799,,15,1,0,1,1,0,1,0,0,0,0,0
30800,,11,0,1,1,0,1,1,8,0.234514,0.24306,0,0
30802,,16,0,1,1,0,1,1,9,0.209788,0.215674,0,0
30804,,11,0,1,1,0,1,1,9,0.192352,0.197106,0,0
30805,,1,0,1,1,0,1,1,9,0.196738,0.201165,0,0
30808,,16,0,2,2,0,2,2,8,0.257636,0.268828,0,0.5
30814,,10,1,1,2,1,1,2,9,0.225849,0.233205,18827,0
30815,,6,0,1,1,0,1,1,9,0.220586,0.226784,0,0
30818,,5,0,1,1,0,1,1,9,0.217772,0.224194,0,0
30820,,8,0,1,1,0,1,1,10,0.176872,0.180264,0,0
30822,,401,0,1,1,0,1,1,1,1,1,0,0
30823,,401,1,0,1,1,0,1,0,0,0,0,0
30824,,0,0,1,1,0,1,1,10,0.171757,0.174807,0,0
30828,,8,0,1,1,0,1,1,8,0.24587,0.25403,0,0
30829,,2,0,1,1,0,1,1,8,0.261475,0.272568,0,0
30830,,15,0,1,1,0,1,1,10,0.177344,0.18093,0,0
30831,,10,0,1,1,0,1,1,9,0.208088,0.213254,0,0
30832,,0,0,2,2,0,2,2,9,0.197725,0.202727,0,0
30833,,7,0,5,5,0,5,5,8,0.254943,0.265296,0,0.2
30836,,16,0,1,1,0,1,1,9,0.195913,0.200498,0,0
30837,,8,0,3,3,0,3,3,8,0.256743,0.267917,0,0.166667
30839,,8,0,1,1,0,1,1,1,1,1,0,0
30840,,8,0,2,2,0,2,2,8,0.234997,0.243324,0,0
30843,,7,0,1,1,0,1,1,9,0.225849,0.233192,0,0
30844,,8,0,1,1,0,1,1,9,0.209259,0.214889,0,0
30846,,8,0,1,1,0,1,1,8,0.263743,0.27463,0,0
30847,,11,0,1,1,0,1,1,9,0.185052,0.189265,0,0
30849,,16,0,1,1,0,1,1,9,0.205901,0.211572,0,0
30850,,16,0,2,2,0,2,2,8,0.235041,0.243303,0,0.5
30851,,402,0,1,1,0,1,1,1,1,1,0,0
30852,,402,1,0,1,1,0,1,0,0,0,0,0
30853,,6,0,1,1,0,1,1,9,0.194937,0.199705,0,0
30858,,16,0,1,1,0,1,1,10,0.174562,0.177969,0,0
30859,,16,0,1,1,0,1,1,10,0.174562,0.177969,0,0
30860,,7,0,1,1,0,1,1,9,0.218036,0.224798,0,0
30861,,16,0,1,1,0,1,1,8,0.236961,0.24442,0,0
30862,,9,0,1,1,0,1,1,10,0.164896,0.168023,0,0
30863,,16,0,1,1,0,1,1,10,0.174562,0.177969,0,0
30866,,7,0,1,1,0,1,1,9,0.226164,0.233246,0,0
30868,,11,0,1,1,0,1,1,9,0.224856,0.232784,0,0
30874,,7,0,1,1,0,1,1,8,0.251523,0.26155,0,0
30876,,6,2,2,4,2,2,4,9,0.221931,0.229293,18870.200104,0.083333
30881,,16,0,1,1,0,1,1,10,0.174562,0.177969,0,0
30882,,16,0,1,1,0,1,1,10,0.174562,0.177969,0,0
30883,,9,0,1,1,0,1,1,9,0.217144,0.223521,0,0
30886,,8,0,1,1,0,1,1,9,0.21396,0.220365,0,0
30887,,16,0,1,1,0,1,1,9,0.211834,0.217468,0,0
30889,,10,0,1,1,0,1,1,9,0.225849,0.233205,0,0
30890,,7,0,1,1,0,1,1,10,0.178811,0.182372,0,0
30892,,8,0,6,6,0,6,6,8,0.240604,0.24893,0,0.233333
34234,,8,1,0,1,1,0,1,0,0,0,0,0
30900,,7,0,1,1,0,1,1,9,0.210848,0.216275,0,0
30901,,7,0,1,1,0,1,1,9,0.219575,0.226074,0,0
30903,,8,0,1,1,0,1,1,8,0.263621,0.273995,0,0
30904,,8,0,1,1,0,1,1,9,0.224765,0.231975,0,0
30906,,403,0,1,1,0,1,1,1,1,1,0,0
30907,,403,1,0,1,1,0,1,0,0,0,0,0
30908,,16,0,1,1,0,1,1,9,0.219278,0.22586,0,0
30910,,6,0,1,1,0,1,1,9,0.226458,0.233655,0,0
30912,,7,0,3,3,0,3,3,8,0.234304,0.241382,0,0
31910,,7,1,0,1,1,0,1,0,0,0,0,0
30913,,3,0,2,2,0,2,2,9,0.228425,0.23568,0,0.5
30916,,7,0,2,2,0,2,2,8,0.240662,0.249194,0,0
30917,,9,0,1,1,0,1,1,10,0.164896,0.168023,0,0
30918,,11,0,1,1,0,1,1,9,0.19504,0.19992,0,0
30919,,11,0,1,1,0,1,1,8,0.239859,0.247713,0,0
30920,,8,0,1,1,0,1,1,8,0.263743,0.27463,0,0
30921,,11,0,1,1,0,1,1,9,0.22883,0.235861,0,0
30922,,3,0,1,1,0,1,1,12,0.132335,0.133992,0,0
30923,,24,0,1,1,0,1,1,10,0.178757,0.182105,0,0
30924,,24,0,1,1,0,1,1,10,0.178757,0.182105,0,0
30926,,10,0,1,1,0,1,1,9,0.227599,0.235178,0,0
30927,,8,0,2,2,0,2,2,9,0.219956,0.226791,0,0
30928,,8,1,0,1,1,0,1,0,0,0,0,0
30930,,16,0,1,1,0,1,1,8,0.257544,0.268689,0,0
30931,,7,0,1,1,0,1,1,9,0.226164,0.233246,0,0
30932,,11,0,1,1,0,1,1,8,0.238151,0.247423,0,0
30934,,8,0,1,1,0,1,1,8,0.234991,0.243288,0,0
30935,,7,0,1,1,0,1,1,9,0.232863,0.240485,0,0
30936,,13,0,1,1,0,1,1,8,0.22917,0.236725,0,0
30940,,16,0,1,1,0,1,1,8,0.257544,0.268689,0,0
30942,,8,0,1,1,0,1,1,9,0.215493,0.221744,0,0
30943,,1,0,1,1,0,1,1,9,0.209697,0.215059,0,0
30944,,7,0,1,1,0,1,1,8,0.257706,0.267944,0,0
30945,,10,0,1,1,0,1,1,10,0.189825,0.194237,0,0
30946,,404,0,1,1,0,1,1,1,1,1,0,0
30947,,404,1,0,1,1,0,1,0,0,0,0,0
30948,,13,0,2,2,0,2,2,8,0.232987,0.241006,0,1
30951,,7,0,1,1,0,1,1,8,0.272188,0.283721,0,0
30952,,405,0,1,1,0,1,1,1,1,1,0,0
30953,,405,1,0,1,1,0,1,0,0,0,0,0
30955,,16,0,2,2,0,2,2,8,0.237068,0.245799,0,0
33057,,11,1,0,1,1,0,1,0,0,0,0,0
33352,,11,1,1,2,1,1,2,9,0.214326,0.220599,0,0
34460,,11,1,0,1,1,0,1,0,0,0,0,0
34903,,11,1,0,1,1,0,1,0,0,0,0,0
35545,,11,1,0,1,1,0,1,0,0,0,0,0
30961,,8,0,1,1,0,1,1,9,0.210918,0.216469,0,0
30962,,21,1,1,2,1,1,2,1,1,1,1,0
30963,,6,0,4,4,0,4,4,8,0.249097,0.258193,0,0.75
30964,,1,0,1,1,0,1,1,9,0.217487,0.223937,0,0
30967,,7,0,1,1,0,1,1,8,0.226935,0.234515,0,0
30969,,8,0,2,2,0,2,2,9,0.190197,0.193958,0,0.5
30970,,8,0,1,1,0,1,1,8,0.248761,0.257751,0,0
30971,,16,0,2,2,0,2,2,8,0.258527,0.269785,0,1
30972,,7,0,1,1,0,1,1,9,0.222499,0.229441,0,0
30973,,13,0,1,1,0,1,1,9,0.217837,0.224577,0,0
30974,,10,0,1,1,0,1,1,9,0.229337,0.237191,0,0
30975,,7,0,1,1,0,1,1,9,0.207609,0.212853,0,0
30976,,8,0,1,1,0,1,1,9,0.209089,0.214662,0,0
30978,,8,0,1,1,0,1,1,8,0.24685,0.256506,0,0
30979,,8,0,1,1,0,1,1,9,0.216107,0.222464,0,0
30980,,13,0,1,1,0,1,1,9,0.217837,0.224577,0,0
30982,,2,0,1,1,0,1,1,8,0.261475,0.272568,0,0
30983,,8,0,2,2,0,2,2,8,0.246895,0.256593,0,1
30984,,21,0,1,1,0,1,1,1,1,1,0,0
30987,,16,0,1,1,0,1,1,8,0.257544,0.268689,0,0
30988,,8,0,1,1,0,1,1,9,0.211361,0.21694,0,0
30991,,7,0,24,24,0,24,24,8,0.28646,0.301398,0,0.134058
30993,,11,0,1,1,0,1,1,9,0.203824,0.20864,0,0
30995,,5,0,1,1,0,1,1,9,0.214673,0.220515,0,0
30996,,21,0,1,1,0,1,1,9,0.221969,0.229196,0,0
30997,,12,0,1,1,0,1,1,10,0.188104,0.191839,0,0
31005,,11,0,1,1,0,1,1,8,0.237376,0.246856,0,0
31006,,1,0,1,1,0,1,1,10,0.173358,0.176349,0,0
31007,,8,0,15,15,0,15,15,8,0.287404,0.301605,0,0.242857
31008,,11,0,1,1,0,1,1,9,0.192352,0.197106,0,0
31009,,8,0,2,2,0,2,2,9,0.231396,0.239109,0,0.5
31010,,7,0,1,1,0,1,1,9,0.192995,0.19715,0,0
31011,,7,0,1,1,0,1,1,9,0.232863,0.240485,0,0
31013,,7,0,3,3,0,3,3,9,0.228883,0.236228,0,0
31014,,6,0,2,2,0,2,2,9,0.194802,0.199321,0,0.5
31016,,7,0,1,1,0,1,1,8,0.225776,0.232613,0,0
31017,,2,0,1,1,0,1,1,8,0.261475,0.272568,0,0
31018,,7,0,1,1,0,1,1,9,0.218685,0.225285,0,0
31019,,8,0,1,1,0,1,1,9,0.231387,0.239068,0,0
31022,,7,0,1,1,0,1,1,8,0.257706,0.267944,0,0
31024,,16,0,1,1,0,1,1,10,0.186661,0.190652,0,0
31351,,12,1,0,1,1,0,1,0,0,0,0,0
31027,,9,0,1,1,0,1,1,11,0.141559,0.143507,0,0
31028,,8,0,3,3,0,3,3,8,0.233914,0.242349,0,0.333333
31029,,5,0,1,1,0,1,1,9,0.210296,0.216079,0,0
31033,,7,0,1,1,0,1,1,8,0.257706,0.267944,0,0
31034,,10,0,1,1,0,1,1,1,1,1,0,0
31037,,7,0,1,1,0,1,1,8,0.248325,0.257194,0,0
31046,,7,1,2,3,1,2,3,8,0.26165,0.272854,0,0.5
31039,,16,0,1,1,0,1,1,8,0.257544,0.268689,0,0
31040,,11,0,1,1,0,1,1,8,0.239018,0.246295,0,0
31041,,7,0,1,1,0,1,1,1,1,1,0,0
31042,,16,0,1,1,0,1,1,9,0.223434,0.230474,0,0
31043,,16,0,1,1,0,1,1,8,0.257544,0.268689,0,0
31044,,7,0,1,1,0,1,1,8,0.244345,0.253397,0,0
31048,,11,0,1,1,0,1,1,9,0.225449,0.232111,0,0
31050,,7,0,1,1,0,1,1,8,0.244345,0.253397,0,0
31051,,7,0,2,2,0,2,2,8,0.258247,0.268592,0,1
31054,,0,0,1,1,0,1,1,8,0.229903,0.23657,0,0
31055,,7,0,1,1,0,1,1,9,0.222499,0.229441,0,0
31056,,0,0,1,1,0,1,1,9,0.185017,0.189215,0,0
31058,,0,0,5,5,0,5,5,8,0.250256,0.260308,0,0.1
31059,,21,0,1,1,0,1,1,1,1,1,0,0
31060,,15,0,1,1,0,1,1,9,0.209977,0.215427,0,0
31063,,7,0,1,1,0,1,1,8,0.257706,0.267944,0,0
31067,,13,0,1,1,0,1,1,9,0.198121,0.202884,0,0
31068,,8,0,1,1,0,1,1,1,1,1,0,0
31069,,7,0,1,1,0,1,1,9,0.215748,0.221849,0,0
31071,,7,0,1,1,0,1,1,9,0.214807,0.221097,0,0
31073,,406,0,1,1,0,1,1,1,1,1,0,0
31074,,406,1,0,1,1,0,1,0,0,0,0,0
31075,,2,0,1,1,0,1,1,8,0.261475,0.272568,0,0
31076,,0,0,2,2,0,2,2,11,0.147235,0.149365,0,1
31077,,13,0,1,1,0,1,1,9,0.208252,0.214065,0,0
31080,,19,0,1,1,0,1,1,10,0.162295,0.164913,0,0
31081,,16,0,1,1,0,1,1,8,0.226676,0.234633,0,0
31083,,8,0,1,1,0,1,1,9,0.231387,0.239068,0,0
31084,,5,0,1,1,0,1,1,8,0.23956,0.24711,0,0
31096,,16,0,1,1,0,1,1,8,0.257544,0.268689,0,0
31098,,15,0,1,1,0,1,1,9,0.227687,0.23488,0,0
31099,,15,0,1,1,0,1,1,10,0.158506,0.160946,0,0
31100,,8,0,1,1,0,1,1,9,0.229833,0.237605,0,0
31103,,15,0,2,2,0,2,2,9,0.211949,0.218062,0,1
31105,,1,0,1,1,0,1,1,10,0.178303,0.181862,0,0
31107,,15,0,1,1,0,1,1,9,0.21024,0.216158,0,0
31108,,7,0,1,1,0,1,1,8,0.257706,0.267944,0,0
31109,,10,0,1,1,0,1,1,9,0.197038,0.201853,0,0
31110,,407,1,1,2,1,1,2,1,1,1,0,0
31111,,407,1,1,2,1,1,2,1,1,1,0,0
31112,,12,3,8,11,3,8,11,8,0.258911,0.269777,56481,0.109091
31115,,8,0,1,1,0,1,1,9,0.239963,0.248532,0,0
31116,,7,0,1,1,0,1,1,8,0.272188,0.283721,0,0
31117,,16,0,1,1,0,1,1,9,0.206749,0.212099,0,0
31118,,11,0,9,9,0,9,9,8,0.287418,0.301644,0,0.291667
31120,,11,0,1,1,0,1,1,9,0.211392,0.217141,0,0
31121,,10,0,1,1,0,1,1,8,0.248433,0.25796,0,0
31124,,8,0,1,1,0,1,1,8,0.239947,0.24793,0,0
31125,,11,0,1,1,0,1,1,9,0.216719,0.222904,0,0
31130,,11,0,1,1,0,1,1,9,0.211539,0.217068,0,0
31132,,408,0,1,1,0,1,1,1,1,1,0,0
31133,,408,1,0,1,1,0,1,0,0,0,0,0
31134,,7,0,1,1,0,1,1,8,0.234569,0.242416,0,0
31136,,7,0,15,15,0,15,15,8,0.276591,0.289819,0,0.166667
31138,,8,0,1,1,0,1,1,8,0.234455,0.242731,0,0
31143,,8,0,1,1,0,1,1,9,0.225042,0.231898,0,0
31144,,11,0,1,1,0,1,1,8,0.227718,0.235112,0,0
31146,,11,0,1,1,0,1,1,9,0.217651,0.224244,0,0
31147,,21,0,1,1,0,1,1,9,0.221969,0.229196,0,0
31148,,8,1,2,3,1,2,3,9,0.234484,0.242258,199.925656,0
31149,,0,0,1,1,0,1,1,10,0.162384,0.165038,0,0
31151,,9,0,2,2,0,2,2,11,0.141572,0.143574,0,0.5
31152,,9,1,2,3,1,2,3,11,0.141581,0.143633,9.666667,0.333333
31155,,11,0,1,1,0,1,1,9,0.22008,0.227059,0,0
31157,,10,0,1,1,0,1,1,9,0.196518,0.201492,0,0
31158,,8,0,7,7,0,7,7,8,0.265843,0.277243,0,0.119048
31160,,3,0,1,1,0,1,1,9,0.214123,0.219985,0,0
31161,,5,0,2,2,0,2,2,8,0.246559,0.255023,0,0
31162,,7,0,1,1,0,1,1,9,0.221094,0.227895,0,0
31164,,7,0,1,1,0,1,1,9,0.20504,0.210463,0,0
31166,,10,0,1,1,0,1,1,8,0.23897,0.247046,0,0
31167,,10,0,1,1,0,1,1,8,0.244161,0.253367,0,0
31171,,2,0,1,1,0,1,1,8,0.261475,0.272568,0,0
31172,,7,0,1,1,0,1,1,8,0.23758,0.245223,0,0
31173,,5,0,1,1,0,1,1,8,0.245108,0.253561,0,0
31174,,409,0,1,1,0,1,1,1,1,1,0,0
31175,,409,1,0,1,1,0,1,0,0,0,0,0
31176,,7,0,1,1,0,1,1,9,0.192003,0.195864,0,0
31178,,11,0,1,1,0,1,1,9,0.192501,0.19669,0,0
31180,,8,0,1,1,0,1,1,8,0.234991,0.243288,0,0
31181,,0,0,1,1,0,1,1,9,0.21102,0.217224,0,0
31184,,8,0,2,2,0,2,2,9,0.212958,0.21897,0,0
31185,,8,1,0,1,1,0,1,0,0,0,0,0
31187,,8,0,1,1,0,1,1,9,0.212643,0.21848,0,0
31189,,11,0,1,1,0,1,1,8,0.224596,0.231783,0,0
31190,,0,0,1,1,0,1,1,9,0.205112,0.210236,0,0
31192,,15,0,1,1,0,1,1,9,0.191199,0.195318,0,0
31193,,16,0,1,1,0,1,1,9,0.207792,0.213203,0,0
31197,,7,0,1,1,0,1,1,9,0.232014,0.240012,0,0
31198,,11,0,1,1,0,1,1,9,0.207268,0.212668,0,0
31199,,10,0,1,1,0,1,1,9,0.221265,0.227889,0,0
31202,,5,0,1,1,0,1,1,9,0.209168,0.214738,0,0
31203,,21,0,2,2,0,2,2,9,0.224126,0.231661,0,1
31204,,11,0,1,1,0,1,1,8,0.239859,0.247713,0,0
31205,,8,0,1,1,0,1,1,10,0.167226,0.169765,0,0
31206,,7,0,1,1,0,1,1,9,0.20921,0.214873,0,0
31209,,8,0,1,1,0,1,1,9,0.211072,0.21673,0,0
31210,,8,0,1,1,0,1,1,1,1,1,0,0
31214,,16,0,2,2,0,2,2,8,0.220194,0.22715,0,0
31216,,10,0,1,1,0,1,1,9,0.221265,0.227889,0,0
31218,,8,0,1,1,0,1,1,9,0.218122,0.224516,0,0
31219,,19,0,1,1,0,1,1,10,0.185907,0.189925,0,0
31221,,19,0,1,1,0,1,1,10,0.185907,0.189925,0,0
31222,,11,0,1,1,0,1,1,9,0.196047,0.201124,0,0
31224,,8,0,1,1,0,1,1,1,1,1,0,0
31225,,8,0,2,2,0,2,2,8,0.243993,0.252035,0,0
31226,,7,0,4,4,0,4,4,7,0.296339,0.311431,0,0.833333
31227,,16,0,1,1,0,1,1,9,0.201509,0.206566,0,0
31228,,410,0,1,1,0,1,1,1,1,1,0,0
31229,,410,1,0,1,1,0,1,0,0,0,0,0
31232,,7,0,1,1,0,1,1,9,0.226389,0.233867,0,0
35597,,11,1,4,5,1,4,5,9,0.210723,0.216656,6.319207,0.416667
31235,,11,0,1,1,0,1,1,8,0.227034,0.234934,0,0
31236,,7,0,2,2,0,2,2,8,0.244748,0.253138,0,0.5
31237,,10,0,2,2,0,2,2,9,0.222053,0.228833,0,0
31238,,21,0,1,1,0,1,1,9,0.194822,0.199245,0,0
31240,,7,0,2,2,0,2,2,10,0.185031,0.188924,0,0
31242,,0,0,1,1,0,1,1,9,0.187759,0.19205,0,0
31245,,16,0,1,1,0,1,1,10,0.174198,0.17752,0,0
31246,,16,0,1,1,0,1,1,8,0.235753,0.244207,0,0
31249,,11,0,1,1,0,1,1,1,1,1,0,0
31251,,3,0,1,1,0,1,1,9,0.214123,0.219985,0,0
31252,,2,0,1,1,0,1,1,9,0.22198,0.228307,0,0
31253,,11,0,1,1,0,1,1,9,0.211236,0.217155,0,0
31255,,16,0,1,1,0,1,1,9,0.234736,0.243231,0,0
31256,,8,0,1,1,0,1,1,8,0.237667,0.245207,0,0
31257,,2,0,1,1,0,1,1,8,0.261475,0.272568,0,0
31258,,8,0,2,2,0,2,2,9,0.217531,0.224211,0,0.5
31260,,9,0,1,1,0,1,1,10,0.177506,0.180764,0,0
31261,,9,0,1,1,0,1,1,10,0.177506,0.180764,0,0
31264,,7,0,1,1,0,1,1,8,0.233233,0.240201,0,0
31267,,411,0,1,1,0,1,1,1,1,1,0,0
31268,,411,1,0,1,1,0,1,0,0,0,0,0
31269,,7,0,1,1,0,1,1,9,0.213902,0.22,0,0
31270,,5,0,1,1,0,1,1,9,0.217507,0.223845,0,0
31271,,11,0,1,1,0,1,1,9,0.215498,0.222153,0,0
31272,,11,0,1,1,0,1,1,8,0.229011,0.236303,0,0
31273,,10,0,2,2,0,2,2,8,0.241545,0.249936,0,0
31278,,7,0,1,1,0,1,1,8,0.257706,0.267944,0,0
31279,,16,0,1,1,0,1,1,9,0.191575,0.195454,0,0
31280,,7,0,1,1,0,1,1,9,0.223774,0.230664,0,0
31281,,11,0,1,1,0,1,1,8,0.216596,0.222828,0,0
31283,,8,0,1,1,0,1,1,9,0.222153,0.228864,0,0
31285,,0,0,1,1,0,1,1,9,0.192142,0.196399,0,0
31286,,10,0,1,1,0,1,1,9,0.201809,0.206803,0,0
31289,,12,0,1,1,0,1,1,10,0.178908,0.182243,0,0
31291,,21,0,1,1,0,1,1,9,0.221969,0.229196,0,0
31293,,8,0,1,1,0,1,1,8,0.240465,0.248606,0,0
31296,,11,0,1,1,0,1,1,8,0.217663,0.224097,0,0
31298,,21,0,1,1,0,1,1,10,0.181768,0.185669,0,0
31299,,7,0,1,1,0,1,1,9,0.223851,0.230913,0,0
31302,,8,0,1,1,0,1,1,9,0.212939,0.218795,0,0
31304,,24,0,2,2,0,2,2,8,0.230052,0.237921,0,1
31305,,11,0,1,1,0,1,1,8,0.236167,0.244733,0,0
31308,,2,0,1,1,0,1,1,8,0.261475,0.272568,0,0
31311,,7,0,1,1,0,1,1,1,1,1,0,0
31315,,7,0,2,2,0,2,2,8,0.23938,0.247292,0,0
31318,,11,0,1,1,0,1,1,9,0.221572,0.228332,0,0
31319,,16,0,1,1,0,1,1,9,0.220532,0.227191,0,0
31320,,11,0,2,2,0,2,2,8,0.25215,0.262311,0,1
31321,,24,0,1,1,0,1,1,10,0.179432,0.183164,0,0
31322,,11,0,1,1,0,1,1,9,0.221572,0.228332,0,0
31326,,7,0,1,1,0,1,1,9,0.22266,0.228771,0,0
31327,,412,0,1,1,0,1,1,1,1,1,0,0
31328,,412,1,0,1,1,0,1,0,0,0,0,0
31331,,11,0,2,2,0,2,2,8,0.230094,0.237728,0,1
31334,,2,0,1,1,0,1,1,8,0.261475,0.272568,0,0
31336,,11,0,1,1,0,1,1,8,0.246114,0.255055,0,0
31340,,8,0,1,1,0,1,1,8,0.239548,0.247677,0,0
31341,,13,0,1,1,0,1,1,9,0.217837,0.224577,0,0
31342,,8,0,1,1,0,1,1,9,0.220421,0.226636,0,0
31343,,8,0,1,1,0,1,1,8,0.262756,0.273466,0,0
31344,,8,0,1,1,0,1,1,9,0.231387,0.239068,0,0
31345,,8,0,1,1,0,1,1,9,0.231387,0.239068,0,0
31346,,12,0,1,1,0,1,1,9,0.205672,0.210922,0,0
31347,,8,0,1,1,0,1,1,9,0.231387,0.239068,0,0
31348,,11,0,1,1,0,1,1,9,0.194245,0.198959,0,0
31349,,11,0,6,6,0,6,6,8,0.251762,0.263386,0,0.566667
31350,,0,0,1,1,0,1,1,9,0.21197,0.217681,0,0
33265,,10,1,0,1,1,0,1,0,0,0,0,0
31353,,3,0,1,1,0,1,1,9,0.232872,0.240708,0,0
31354,,12,0,1,1,0,1,1,10,0.188104,0.191839,0,0
31356,,1,1,1,2,1,1,2,1,1,1,0,0
31357,,10,0,1,1,0,1,1,8,0.231335,0.239437,0,0
31359,,7,0,1,1,0,1,1,1,1,1,0,0
31362,,11,0,1,1,0,1,1,9,0.197276,0.202127,0,0
31365,,5,0,1,1,0,1,1,9,0.229028,0.236621,0,0
31366,,8,0,1,1,0,1,1,9,0.224964,0.231449,0,0
31367,,8,0,3,3,0,3,3,9,0.229805,0.236927,0,0.5
31368,,0,0,1,1,0,1,1,10,0.168065,0.1709,0,0
31388,,11,1,0,1,1,0,1,0,0,0,0,0
31373,,9,0,1,1,0,1,1,10,0.164896,0.168023,0,0
31374,,1,0,1,1,0,1,1,2,0.555556,0.6,0,0
31375,,16,0,1,1,0,1,1,9,0.220464,0.227059,0,0
31376,,9,0,1,1,0,1,1,9,0.189796,0.194161,0,0
31379,,7,0,1,1,0,1,1,9,0.20921,0.214873,0,0
31380,,11,0,1,1,0,1,1,1,1,1,0,0
31381,,11,0,2,2,0,2,2,8,0.236841,0.245555,0,1
31382,,24,0,1,1,0,1,1,10,0.179388,0.183114,0,0
31383,,11,0,1,1,0,1,1,9,0.217769,0.22458,0,0
31384,,7,1,1,2,1,1,2,8,0.257706,0.267944,399.040795,0
31385,,16,0,1,1,0,1,1,8,0.232025,0.239654,0,0
31386,,7,0,1,1,0,1,1,8,0.265449,0.276753,0,0
31389,,0,0,1,1,0,1,1,8,0.225592,0.232946,0,0
31390,,0,0,1,1,0,1,1,8,0.225592,0.232946,0,0
31392,,8,0,1,1,0,1,1,9,0.215392,0.221631,0,0
31393,,0,0,1,1,0,1,1,9,0.224741,0.232186,0,0
31394,,11,0,1,1,0,1,1,9,0.197108,0.201539,0,0
31395,,0,0,1,1,0,1,1,9,0.222605,0.230046,0,0
31396,,7,0,1,1,0,1,1,9,0.222499,0.229441,0,0
31398,,1,0,1,1,0,1,1,1,1,1,0,0
31399,,15,0,1,1,0,1,1,9,0.216799,0.222974,0,0
31400,,15,0,1,1,0,1,1,9,0.220026,0.226909,0,0
31401,,2,0,1,1,0,1,1,8,0.261475,0.272568,0,0
31402,,11,0,1,1,0,1,1,8,0.230091,0.237701,0,0
31403,,19,0,4,4,0,4,4,9,0.245134,0.254453,0,0.25
31406,,3,0,3,3,0,3,3,8,0.270783,0.283363,0,0.833333
31407,,10,0,1,1,0,1,1,9,0.206806,0.211871,0,0
31408,,7,0,1,1,0,1,1,8,0.257706,0.267944,0,0
31410,,5,0,1,1,0,1,1,9,0.231156,0.238915,0,0
31411,,413,0,1,1,0,1,1,1,1,1,0,0
31412,,413,1,0,1,1,0,1,0,0,0,0,0
31413,,11,0,1,1,0,1,1,9,0.198492,0.203295,0,0
31415,,16,0,1,1,0,1,1,9,0.192576,0.196584,0,0
31416,,15,0,8,8,0,8,8,8,0.234969,0.242223,0,0.107143
31459,,15,1,0,1,1,0,1,0,0,0,0,0
31792,,15,1,0,1,1,0,1,0,0,0,0,0
31418,,8,0,2,2,0,2,2,8,0.235765,0.244256,0,0
31419,,6,0,1,1,0,1,1,9,0.19077,0.195039,0,0
31420,,19,0,1,1,0,1,1,9,0.222431,0.229647,0,0
31422,,7,0,1,1,0,1,1,8,0.265449,0.276753,0,0
31424,,8,0,1,1,0,1,1,9,0.198635,0.20319,0,0
31425,,10,0,1,1,0,1,1,9,0.227723,0.235174,0,0
31426,,414,0,1,1,0,1,1,1,1,1,0,0
31429,,11,0,1,1,0,1,1,8,0.227253,0.234761,0,0
31431,,8,0,1,1,0,1,1,9,0.220707,0.227488,0,0
31432,,16,0,1,1,0,1,1,9,0.190783,0.195147,0,0
31436,,11,0,1,1,0,1,1,8,0.236167,0.244733,0,0
31437,,10,0,1,1,0,1,1,1,1,1,0,0
31438,,11,0,1,1,0,1,1,9,0.220024,0.226951,0,0
31440,,24,0,1,1,0,1,1,9,0.21389,0.220139,0,0
31441,,15,0,1,1,0,1,1,8,0.224983,0.23254,0,0
31442,,8,0,1,1,0,1,1,9,0.210928,0.21652,0,0
31444,,11,0,2,2,0,2,2,9,0.229959,0.23796,0,0.5
31445,,11,0,1,1,0,1,1,1,1,1,0,0
32743,,11,1,3,4,1,3,4,8,0.238162,0.247498,0,0.833333
31448,,0,0,1,1,0,1,1,8,0.242388,0.250662,0,0
31449,,415,0,1,1,0,1,1,1,1,1,0,0
31450,,415,1,0,1,1,0,1,0,0,0,0,0
31453,,7,0,1,1,0,1,1,8,0.242475,0.25106,0,0
31456,,11,0,4,4,0,4,4,8,0.249404,0.259501,0,0.25
33489,,9,1,0,1,1,0,1,0,0,0,0,0
33490,,9,1,0,1,1,0,1,0,0,0,0,0
31463,,8,0,1,1,0,1,1,8,0.262756,0.273466,0,0
31464,,7,0,1,1,0,1,1,9,0.226673,0.233625,0,0
31465,,2,0,1,1,0,1,1,9,0.219598,0.226206,0,0
31466,,10,0,1,1,0,1,1,9,0.199992,0.205028,0,0
31467,,16,0,1,1,0,1,1,10,0.161485,0.163854,0,0
31468,,10,0,1,1,0,1,1,1,1,1,0,0
31470,,6,0,1,1,0,1,1,9,0.209727,0.215495,0,0
31471,,24,0,1,1,0,1,1,9,0.21834,0.225148,0,0
31472,,11,0,1,1,0,1,1,8,0.216596,0.222828,0,0
31474,,10,0,2,2,0,2,2,9,0.219912,0.226666,0,0
35229,,10,1,0,1,1,0,1,0,0,0,0,0
31475,,11,0,1,1,0,1,1,8,0.224596,0.231783,0,0
31476,,7,0,1,1,0,1,1,9,0.221229,0.22782,0,0
31478,,11,0,2,2,0,2,2,9,0.236824,0.245429,0,0
31480,,7,0,1,1,0,1,1,1,1,1,0,0
31481,,5,0,1,1,0,1,1,9,0.231156,0.238915,0,0
31484,,7,0,1,1,0,1,1,9,0.203868,0.208754,0,0
31485,,6,0,1,1,0,1,1,9,0.202698,0.207584,0,0
31486,,7,0,1,1,0,1,1,9,0.209045,0.214299,0,0
31489,,7,1,0,1,1,0,1,0,0,0,0,0
31490,,11,0,1,1,0,1,1,8,0.239554,0.247876,0,0
31493,,10,0,1,1,0,1,1,10,0.183163,0.186852,0,0
31494,,7,0,1,1,0,1,1,9,0.207609,0.212853,0,0
31495,,16,0,1,1,0,1,1,8,0.257544,0.268689,0,0
31497,,7,0,1,1,0,1,1,8,0.237017,0.244035,0,0
31499,,11,0,2,2,0,2,2,8,0.251463,0.261554,0,1
31500,,7,0,2,2,0,2,2,8,0.257901,0.268193,0,1
31501,,5,0,1,1,0,1,1,8,0.251664,0.260845,0,0
31502,,8,0,1,1,0,1,1,8,0.262756,0.273466,0,0
31503,,8,0,1,1,0,1,1,9,0.196323,0.200759,0,0
31505,,6,1,2,3,1,2,3,8,0.235264,0.242793,18827,0.333333
31506,,16,0,1,1,0,1,1,8,0.257544,0.268689,0,0
31508,,11,0,2,2,0,2,2,9,0.232521,0.240856,0,0
31511,,7,0,1,1,0,1,1,9,0.218751,0.224866,0,0
31513,,11,0,1,1,0,1,1,8,0.239859,0.247713,0,0
31515,,6,0,1,1,0,1,1,9,0.204067,0.209223,0,0
31517,,8,0,1,1,0,1,1,9,0.213579,0.219508,0,0
31521,,7,0,1,1,0,1,1,9,0.223156,0.230196,0,0
31525,,2,0,2,2,0,2,2,9,0.241868,0.250777,0,0
31526,,24,0,1,1,0,1,1,9,0.209301,0.214675,0,0
31528,,416,0,1,1,0,1,1,1,1,1,0,0
31529,,416,1,0,1,1,0,1,0,0,0,0,0
31531,,8,0,1,1,0,1,1,10,0.18833,0.192529,0,0
31533,,8,0,1,1,0,1,1,9,0.222507,0.229096,0,0
31536,,16,0,1,1,0,1,1,9,0.226185,0.233312,0,0
31537,,8,0,1,1,0,1,1,3,0.5,0.583333,0,0
31538,,16,0,1,1,0,1,1,8,0.257544,0.268689,0,0
31541,,8,0,1,1,0,1,1,9,0.222507,0.229096,0,0
31543,,7,0,2,2,0,2,2,8,0.25841,0.26872,0,1
31544,,16,0,1,1,0,1,1,8,0.220181,0.227105,0,0
31545,,16,0,1,1,0,1,1,9,0.211834,0.217468,0,0
31546,,13,0,1,1,0,1,1,8,0.235883,0.243933,0,0
31547,,8,0,1,1,0,1,1,9,0.213511,0.219556,0,0
31551,,8,0,1,1,0,1,1,9,0.209259,0.214889,0,0
31554,,21,0,2,2,0,2,2,9,0.224126,0.231661,0,1
31556,,7,0,2,2,0,2,2,8,0.258,0.268303,0,0.5
31557,,15,0,3,3,0,3,3,8,0.23535,0.242938,0,0.5
31558,,8,0,1,1,0,1,1,8,0.230757,0.238159,0,0
31563,,8,0,1,1,0,1,1,9,0.209259,0.214889,0,0
31564,,15,0,1,1,0,1,1,9,0.219332,0.226151,0,0
31566,,10,0,1,1,0,1,1,8,0.240567,0.248665,0,0
31568,,8,0,1,1,0,1,1,8,0.262756,0.273466,0,0
31569,,8,0,1,1,0,1,1,9,0.213055,0.219102,0,0
31570,,7,0,1,1,0,1,1,7,0.293553,0.307954,0,0
31571,,6,0,1,1,0,1,1,8,0.247395,0.256736,0,0
31574,,12,0,1,1,0,1,1,11,0.161974,0.164405,0,0
31575,,7,0,1,1,0,1,1,7,0.293553,0.307954,0,0
31576,,7,0,1,1,0,1,1,7,0.293553,0.307954,0,0
31577,,7,0,1,1,0,1,1,7,0.293553,0.307954,0,0
31578,,10,0,1,1,0,1,1,8,0.23897,0.247046,0,0
31579,,5,0,1,1,0,1,1,9,0.224639,0.231408,0,0
31580,,16,0,5,5,0,5,5,8,0.237685,0.245858,0,0.45
32337,,16,1,0,1,1,0,1,0,0,0,0,0
31584,,12,0,2,2,0,2,2,7,0.293566,0.307994,0,0.5
31585,,7,0,2,2,0,2,2,8,0.252871,0.262487,0,1
31586,,7,0,1,1,0,1,1,7,0.293553,0.307954,0,0
31587,,7,0,1,1,0,1,1,7,0.293553,0.307954,0,0
31588,,7,0,1,1,0,1,1,9,0.20836,0.213558,0,0
31590,,8,0,1,1,0,1,1,1,1,1,0,0
31591,,10,0,2,2,0,2,2,9,0.229836,0.237077,0,0
31592,,16,0,1,1,0,1,1,8,0.231378,0.23929,0,0
31593,,5,0,1,1,0,1,1,9,0.229134,0.236663,0,0
31594,,11,0,2,2,0,2,2,8,0.251389,0.261487,0,1
31595,,7,0,1,1,0,1,1,7,0.293553,0.307954,0,0
31596,,11,0,2,2,0,2,2,9,0.219128,0.225352,0,0.5
31599,,7,0,2,2,0,2,2,8,0.230455,0.238298,0,0
31600,,11,0,1,1,0,1,1,8,0.227253,0.234761,0,0
31601,,5,0,1,1,0,1,1,9,0.212826,0.218692,0,0
31602,,15,0,1,1,0,1,1,9,0.214509,0.221386,0,0
31603,,417,0,1,1,0,1,1,1,1,1,0,0
31604,,417,1,0,1,1,0,1,0,0,0,0,0
31605,,10,0,1,1,0,1,1,8,0.23897,0.247046,0,0
31606,,24,0,1,1,0,1,1,9,0.21834,0.225148,0,0
31609,,21,0,1,1,0,1,1,1,1,1,0,0
31610,,7,0,2,2,0,2,2,8,0.265001,0.276093,0,0.5
31611,,8,0,2,2,0,2,2,9,0.218872,0.22546,0,0
35543,,8,1,0,1,1,0,1,0,0,0,0,0
31612,,8,0,1,1,0,1,1,9,0.201734,0.206697,0,0
31613,,16,0,1,1,0,1,1,8,0.257544,0.268689,0,0
31614,,8,0,1,1,0,1,1,8,0.262756,0.273466,0,0
31618,,11,0,1,1,0,1,1,9,0.216318,0.222799,0,0
31619,,11,0,1,1,0,1,1,8,0.221229,0.227752,0,0
31621,,7,0,1,1,0,1,1,8,0.218929,0.225476,0,0
31623,,10,0,1,1,0,1,1,9,0.219613,0.225769,0,0
31624,,11,0,1,1,0,1,1,9,0.232386,0.240377,0,0
31625,,8,0,1,1,0,1,1,9,0.209152,0.214723,0,0
31628,,16,0,1,1,0,1,1,9,0.234736,0.243231,0,0
31630,,15,0,1,1,0,1,1,8,0.220725,0.227864,0,0
31631,,7,0,1,1,0,1,1,8,0.257706,0.267944,0,0
31633,,16,0,1,1,0,1,1,8,0.257544,0.268689,0,0
31635,,16,0,1,1,0,1,1,8,0.257544,0.268689,0,0
31638,,11,0,1,1,0,1,1,8,0.234514,0.24306,0,0
31639,,5,0,1,1,0,1,1,8,0.23956,0.24711,0,0
31641,,8,0,1,1,0,1,1,1,1,1,0,0
31642,,11,0,1,1,0,1,1,9,0.221572,0.228332,0,0
31643,,13,0,1,1,0,1,1,9,0.217837,0.224577,0,0
31645,,7,0,1,1,0,1,1,9,0.223774,0.230664,0,0
31646,,6,0,1,1,0,1,1,9,0.198336,0.203017,0,0
31649,,11,0,1,1,0,1,1,9,0.229659,0.236946,0,0
31650,,11,0,1,1,0,1,1,8,0.238151,0.247423,0,0
31658,,418,0,1,1,0,1,1,1,1,1,0,0
31659,,418,1,0,1,1,0,1,0,0,0,0,0
31661,,11,1,1,2,1,1,2,1,1,1,0,0
31663,,419,0,1,1,0,1,1,1,1,1,0,0
31664,,419,1,0,1,1,0,1,0,0,0,0,0
31665,,16,0,1,1,0,1,1,9,0.191403,0.195756,0,0
31666,,11,0,1,1,0,1,1,9,0.201246,0.206574,0,0
31667,,7,0,1,1,0,1,1,8,0.257706,0.267944,0,0
31670,,7,1,0,1,1,0,1,0,0,0,0,0
31671,,420,0,1,1,0,1,1,1,1,1,0,0
31672,,420,1,0,1,1,0,1,0,0,0,0,0
31673,,8,0,1,1,0,1,1,8,0.242744,0.250975,0,0
31674,,11,0,1,1,0,1,1,8,0.227034,0.234934,0,0
31675,,11,0,1,1,0,1,1,8,0.227034,0.234934,0,0
31676,,9,0,3,3,0,3,3,10,0.179106,0.1829,0,0
31678,,11,0,1,1,0,1,1,8,0.227253,0.234761,0,0
31680,,11,0,1,1,0,1,1,8,0.239859,0.247713,0,0
31681,,12,0,1,1,0,1,1,8,0.236841,0.24458,0,0
31682,,7,0,1,1,0,1,1,9,0.230362,0.237786,0,0
31684,,16,0,1,1,0,1,1,1,1,1,0,0
31685,,7,0,1,1,0,1,1,8,0.242713,0.250553,0,0
33074,,16,1,1,2,1,1,2,1,1,1,0,0
31688,,421,0,1,1,0,1,1,1,1,1,0,0
31689,,421,2,0,2,2,0,2,0,0,0,0,0
31690,,7,0,1,1,0,1,1,9,0.226164,0.233246,0,0
31691,,10,0,1,1,0,1,1,9,0.238286,0.246157,0,0
31696,,6,0,1,1,0,1,1,8,0.247395,0.256736,0,0
31699,,7,0,2,2,0,2,2,8,0.25894,0.26946,0,0.5
31700,,2,0,1,1,0,1,1,9,0.238286,0.246733,0,0
31701,,8,0,1,1,0,1,1,8,0.229363,0.236176,0,0
31702,,16,0,1,1,0,1,1,8,0.257544,0.268689,0,0
31707,,422,0,1,1,0,1,1,1,1,1,0,0
31708,,422,1,0,1,1,0,1,0,0,0,0,0
31712,,11,0,2,2,0,2,2,9,0.201686,0.20677,0,0
31713,,10,0,1,1,0,1,1,8,0.23897,0.247046,0,0
31714,,16,0,1,1,0,1,1,9,0.1979,0.202918,0,0
31715,,11,0,1,1,0,1,1,10,0.174597,0.177556,0,0
31716,,12,0,1,1,0,1,1,10,0.188104,0.191839,0,0
31720,,10,0,1,1,0,1,1,9,0.200618,0.206066,0,0
31722,,8,0,1,1,0,1,1,8,0.23625,0.244472,0,0
31724,,11,0,1,1,0,1,1,9,0.212231,0.218251,0,0
31726,,8,0,1,1,0,1,1,1,1,1,0,0
31732,,7,0,1,1,0,1,1,8,0.265449,0.276753,0,0
31735,,21,0,1,1,0,1,1,1,1,1,0,0
31736,,5,0,1,1,0,1,1,8,0.231928,0.239836,0,0
31737,,10,0,1,1,0,1,1,9,0.185903,0.190018,0,0
31738,,21,0,1,1,0,1,1,1,1,1,0,0
31739,,11,0,1,1,0,1,1,9,0.216656,0.222492,0,0
31740,,121,0,1,1,0,1,1,12,0.131531,0.133,0,0
31741,,15,0,1,1,0,1,1,9,0.214509,0.221386,0,0
31742,,8,0,1,1,0,1,1,9,0.218206,0.224402,0,0
31746,,8,0,1,1,0,1,1,9,0.214655,0.22045,0,0
31747,,7,0,1,1,0,1,1,1,1,1,0,0
31749,,8,0,1,1,0,1,1,8,0.223971,0.231195,0,0
31750,,0,0,2,2,0,2,2,9,0.1911,0.195718,0,0
31751,,11,0,1,1,0,1,1,9,0.208929,0.214819,0,0
31752,,8,0,1,1,0,1,1,1,1,1,0,0
31753,,11,0,2,2,0,2,2,8,0.25215,0.262311,0,1
31754,,6,0,1,1,0,1,1,12,0.126435,0.127711,0,0
31757,,8,0,1,1,0,1,1,1,1,1,0,0
31758,,0,0,1,1,0,1,1,8,0.22747,0.234557,0,0
31760,,1,0,1,1,0,1,1,8,0.232406,0.239626,0,0
31761,,11,0,1,1,0,1,1,8,0.238151,0.247423,0,0
31762,,15,0,1,1,0,1,1,9,0.21407,0.220284,0,0
31763,,16,0,1,1,0,1,1,9,0.210713,0.216558,0,0
31764,,10,0,1,1,0,1,1,9,0.22543,0.232572,0,0
31765,,7,0,1,1,0,1,1,9,0.199112,0.203549,0,0
31860,,7,2,0,2,2,0,2,0,0,0,0,0
31767,,15,0,1,1,0,1,1,9,0.220312,0.226978,0,0
31768,,5,0,2,2,0,2,2,8,0.23445,0.241857,0,0.5
31769,,16,0,1,1,0,1,1,8,0.257544,0.268689,0,0
31772,,10,0,2,2,0,2,2,9,0.225595,0.23296,0,0.5
31773,,7,0,1,1,0,1,1,9,0.229589,0.236925,0,0
31774,,5,0,1,1,0,1,1,9,0.196752,0.201053,0,0
31776,,7,0,1,1,0,1,1,8,0.265449,0.276753,0,0
31778,,16,0,1,1,0,1,1,1,1,1,0,0
31783,,7,0,1,1,0,1,1,9,0.222583,0.229264,0,0
31784,,423,0,1,1,0,1,1,1,1,1,0,0
31785,,423,1,0,1,1,0,1,0,0,0,0,0
31786,,7,0,1,1,0,1,1,8,0.242982,0.251576,0,0
31788,,8,0,2,2,0,2,2,8,0.273899,0.286113,0,0
31789,,21,0,1,1,0,1,1,9,0.194217,0.198456,0,0
31790,,15,0,1,1,0,1,1,9,0.220312,0.226978,0,0
31791,,21,0,1,1,0,1,1,9,0.194217,0.198456,0,0
31793,,21,0,2,2,0,2,2,9,0.194221,0.198491,0,1
31794,,16,0,1,1,0,1,1,9,0.210713,0.216558,0,0
31796,,7,0,1,1,0,1,1,8,0.257706,0.267944,0,0
31797,,7,0,1,1,0,1,1,8,0.257706,0.267944,0,0
31798,,5,0,1,1,0,1,1,9,0.215082,0.221433,0,0
31799,,8,0,3,3,0,3,3,9,0.227773,0.235103,0,0.166667
31800,,5,0,1,1,0,1,1,9,0.215082,0.221433,0,0
31801,,7,0,1,1,0,1,1,9,0.207609,0.212853,0,0
31802,,7,0,1,1,0,1,1,8,0.244345,0.253397,0,0
31805,,7,0,1,1,0,1,1,8,0.257706,0.267944,0,0
31807,,21,0,1,1,0,1,1,1,1,1,0,0
31808,,7,0,1,1,0,1,1,9,0.223878,0.230235,0,0
31810,,24,0,1,1,0,1,1,10,0.190291,0.194769,0,0
31811,,24,0,1,1,0,1,1,10,0.190291,0.194769,0,0
31815,,15,0,4,4,0,4,4,8,0.268332,0.280119,0,0.416667
31816,,13,0,1,1,0,1,1,8,0.235883,0.243933,0,0
31819,,7,0,1,1,0,1,1,9,0.222499,0.229441,0,0
31820,,8,0,1,1,0,1,1,8,0.234455,0.242731,0,0
31821,,16,0,1,1,0,1,1,9,0.210713,0.216558,0,0
31822,,8,0,3,3,0,3,3,8,0.241264,0.248953,0,0.166667
35620,,8,1,0,1,1,0,1,0,0,0,0,0
31823,,7,0,1,1,0,1,1,8,0.257706,0.267944,0,0
31824,,16,0,1,1,0,1,1,9,0.227396,0.235291,0,0
31825,,7,0,1,1,0,1,1,9,0.224505,0.231147,0,0
31826,,8,0,3,3,0,3,3,8,0.264061,0.275043,0,0.166667
33182,,7,1,0,1,1,0,1,0,0,0,0,0
31828,,24,0,1,1,0,1,1,10,0.190291,0.194769,0,0
31829,,8,0,1,1,0,1,1,8,0.242826,0.251829,0,0
31830,,7,0,1,1,0,1,1,9,0.216611,0.2225,0,0
31831,,8,0,1,1,0,1,1,8,0.262756,0.273466,0,0
31833,,1,0,1,1,0,1,1,9,0.22624,0.233068,0,0
31836,,24,0,1,1,0,1,1,9,0.215382,0.221492,0,0
31837,,16,0,1,1,0,1,1,10,0.184714,0.18855,0,0
31839,,16,0,1,1,0,1,1,9,0.234736,0.243231,0,0
31840,,7,0,1,1,0,1,1,1,1,1,0,0
31842,,10,0,1,1,0,1,1,9,0.197512,0.202006,0,0
31844,,11,0,1,1,0,1,1,9,0.199196,0.203985,0,0
31846,,7,0,2,2,0,2,2,8,0.242722,0.250593,0,0
31847,,7,1,1,2,1,1,2,9,0.212032,0.21776,18827,0
31849,,424,0,1,1,0,1,1,1,1,1,0,0
31850,,424,1,0,1,1,0,1,0,0,0,0,0
31854,,11,0,1,1,0,1,1,9,0.221416,0.228332,0,0
31857,,15,0,1,1,0,1,1,8,0.232979,0.239794,0,0
31858,,0,0,1,1,0,1,1,8,0.227539,0.234069,0,0
31862,,11,1,1,2,1,1,2,9,0.185024,0.188493,0,0
31864,,8,0,2,2,0,2,2,10,0.180918,0.184664,0,0.5
31869,,7,0,1,1,0,1,1,8,0.257706,0.267944,0,0
31871,,0,0,1,1,0,1,1,9,0.200454,0.205716,0,0
31875,,15,0,1,1,0,1,1,9,0.184499,0.188427,0,0
31876,,11,0,1,1,0,1,1,8,0.236535,0.24595,0,0
31877,,12,0,1,1,0,1,1,10,0.188104,0.191839,0,0
31878,,425,0,1,1,0,1,1,1,1,1,0,0
31879,,425,1,0,1,1,0,1,0,0,0,0,0
31881,,7,0,1,1,0,1,1,9,0.217741,0.224266,0,0
31884,,8,1,1,2,1,1,2,9,0.212643,0.21848,18827,0
31887,,15,0,1,1,0,1,1,9,0.215533,0.221823,0,0
31888,,16,0,1,1,0,1,1,9,0.194981,0.19951,0,0
31889,,0,0,1,1,0,1,1,9,0.192142,0.196399,0,0
31896,,12,0,2,2,0,2,2,1,1,1,0,0
31901,,3,0,1,1,0,1,1,9,0.232872,0.240708,0,0
31902,,8,0,1,1,0,1,1,9,0.218122,0.224516,0,0
31903,,16,0,1,1,0,1,1,8,0.257544,0.268689,0,0
31904,,0,0,1,1,0,1,1,9,0.218294,0.224558,0,0
31905,,1,0,2,2,0,2,2,9,0.237271,0.24553,0,0
31906,,11,0,1,1,0,1,1,10,0.178034,0.181719,0,0
31907,,8,0,1,1,0,1,1,8,0.262756,0.273466,0,0
31908,,7,0,2,2,0,2,2,9,0.214247,0.220231,0,0
31909,,7,1,0,1,1,0,1,0,0,0,0,0
31911,,16,0,1,1,0,1,1,9,0.223048,0.230398,0,0
31913,,24,0,1,1,0,1,1,9,0.231745,0.239907,0,0
31916,,7,0,1,1,0,1,1,9,0.232863,0.240485,0,0
31918,,10,0,1,1,0,1,1,8,0.223019,0.229633,0,0
31919,,2,0,3,3,0,3,3,8,0.24759,0.257121,0,0
31920,,7,0,1,1,0,1,1,9,0.230698,0.238054,0,0
31924,,8,0,1,1,0,1,1,8,0.242744,0.250975,0,0
31925,,19,0,2,2,0,2,2,9,0.222441,0.2297,0,1
31927,,16,0,1,1,0,1,1,9,0.218421,0.22521,0,0
31928,,426,0,1,1,0,1,1,1,1,1,0,0
31929,,426,1,0,1,1,0,1,0,0,0,0,0
31930,,7,0,1,1,0,1,1,10,0.179862,0.18319,0,0
31931,,7,1,3,4,1,3,4,9,0.219296,0.225402,18827,0
31932,,7,0,1,1,0,1,1,9,0.199112,0.203549,0,0
31935,,0,0,1,1,0,1,1,9,0.192142,0.196399,0,0
31936,,11,0,1,1,0,1,1,8,0.217651,0.224048,0,0
31937,,11,0,1,1,0,1,1,8,0.238151,0.247423,0,0
31939,,2,0,1,1,0,1,1,10,0.172717,0.175979,0,0
31940,,7,0,1,1,0,1,1,1,1,1,0,0
31941,,7,0,1,1,0,1,1,9,0.199112,0.203549,0,0
31942,,7,0,1,1,0,1,1,9,0.214602,0.220513,0,0
31943,,8,0,1,1,0,1,1,9,0.209627,0.215249,0,0
31945,,0,0,2,2,0,2,2,9,0.221161,0.227803,0,0
31948,,16,0,2,2,0,2,2,8,0.257587,0.26878,0,1
31949,,21,0,1,1,0,1,1,2,0.666667,0.75,0,0
31950,,8,0,1,1,0,1,1,9,0.221406,0.228258,0,0
31953,,7,0,1,1,0,1,1,8,0.234569,0.242416,0,0
31955,,19,0,1,1,0,1,1,9,0.224454,0.231835,0,0
31956,,6,0,2,2,0,2,2,8,0.235264,0.242793,0,1
31957,,16,0,1,1,0,1,1,9,0.211834,0.217468,0,0
31959,,8,0,16,16,0,16,16,8,0.281204,0.295471,0,0.075
32473,,8,1,0,1,1,0,1,0,0,0,0,0
33163,,8,1,0,1,1,0,1,0,0,0,0,0
33478,,8,1,0,1,1,0,1,0,0,0,0,0
31962,,7,0,1,1,0,1,1,8,0.226935,0.234515,0,0
31964,,427,0,1,1,0,1,1,1,1,1,0,0
31965,,427,1,0,1,1,0,1,0,0,0,0,0
31968,,8,0,1,1,0,1,1,8,0.253959,0.263295,0,0
31970,,7,0,1,1,0,1,1,9,0.22621,0.233004,0,0
31971,,7,0,1,1,0,1,1,8,0.272188,0.283721,0,0
31975,,1,0,3,3,0,3,3,9,0.199521,0.204395,0,0
31976,,1,0,1,1,0,1,1,9,0.219196,0.225231,0,0
31979,,11,0,1,1,0,1,1,9,0.213228,0.219825,0,0
31982,,16,0,17,17,0,17,17,8,0.242476,0.251026,0,0.102941
32305,,16,1,1,2,1,1,2,8,0.221865,0.228588,0,0.5
33713,,16,1,0,1,1,0,1,0,0,0,0,0
31983,,7,0,1,1,0,1,1,9,0.222499,0.229441,0,0
31984,,7,0,1,1,0,1,1,1,1,1,0,0
31987,,5,0,1,1,0,1,1,11,0.146153,0.148052,0,0
31988,,15,0,1,1,0,1,1,9,0.214509,0.221386,0,0
31989,,10,0,1,1,0,1,1,9,0.215262,0.221613,0,0
31992,,2,1,1,2,1,1,2,8,0.261475,0.272568,18827,0
31993,,2,0,1,1,0,1,1,9,0.207286,0.212647,0,0
31996,,0,0,1,1,0,1,1,8,0.230717,0.238683,0,0
31997,,8,0,1,1,0,1,1,9,0.196653,0.201376,0,0
31998,,7,0,1,1,0,1,1,1,1,1,0,0
32000,,7,0,1,1,0,1,1,9,0.227327,0.234472,0,0
32001,,5,0,1,1,0,1,1,8,0.251664,0.260845,0,0
32002,,5,0,1,1,0,1,1,9,0.229134,0.236663,0,0
32004,,16,0,1,1,0,1,1,8,0.236961,0.24442,0,0
32006,,2,0,1,1,0,1,1,8,0.261475,0.272568,0,0
32012,,13,0,1,1,0,1,1,9,0.217837,0.224577,0,0
32013,,7,0,1,1,0,1,1,1,1,1,0,0
32016,,7,0,1,1,0,1,1,9,0.226164,0.233246,0,0
32020,,7,0,1,1,0,1,1,8,0.257706,0.267944,0,0
32021,,7,0,1,1,0,1,1,8,0.257706,0.267944,0,0
32026,,11,0,1,1,0,1,1,9,0.199234,0.204613,0,0
32028,,10,0,1,1,0,1,1,9,0.213453,0.219651,0,0
32030,,11,0,1,1,0,1,1,10,0.186971,0.191173,0,0
32034,,0,0,2,2,0,2,2,8,0.227737,0.23525,0,0.5
32035,,0,0,3,3,0,3,3,8,0.227748,0.235293,0,0.166667
32036,,11,0,1,1,0,1,1,8,0.23674,0.244313,0,0
32038,,8,0,3,3,0,3,3,9,0.235218,0.243059,0,0.166667
32584,,11,1,0,1,1,0,1,0,0,0,0,0
32042,,8,0,1,1,0,1,1,9,0.218206,0.224461,0,0
32043,,0,0,1,1,0,1,1,9,0.222216,0.229086,0,0
32044,,1,0,2,2,0,2,2,8,0.235014,0.24234,0,1
32045,,11,0,1,1,0,1,1,9,0.20138,0.206388,0,0
32046,,11,0,1,1,0,1,1,9,0.217628,0.224048,0,0
32052,,11,0,1,1,0,1,1,8,0.238151,0.247423,0,0
32058,,7,0,1,1,0,1,1,8,0.2284,0.235296,0,0
32059,,8,0,1,1,0,1,1,8,0.229405,0.236983,0,0
32060,,7,0,1,1,0,1,1,10,0.19118,0.195226,0,0
32061,,15,0,1,1,0,1,1,9,0.220026,0.226909,0,0
32062,,16,0,1,1,0,1,1,8,0.257544,0.268689,0,0
32063,,10,0,1,1,0,1,1,9,0.227599,0.235178,0,0
32064,,12,0,1,1,0,1,1,10,0.188104,0.191839,0,0
32066,,7,0,1,1,0,1,1,1,1,1,0,0
32067,,6,0,1,1,0,1,1,8,0.234493,0.242444,0,0
32068,,5,0,1,1,0,1,1,8,0.248302,0.257867,0,0
32070,,8,0,1,1,0,1,1,10,0.172887,0.176073,0,0
32072,,8,0,1,1,0,1,1,8,0.228134,0.235523,0,0
32077,,3,0,1,1,0,1,1,9,0.232872,0.240708,0,0
32078,,16,0,2,2,0,2,2,9,0.23797,0.246538,0,0
32079,,0,0,1,1,0,1,1,8,0.230717,0.238683,0,0
32080,,8,0,1,1,0,1,1,9,0.219388,0.22606,0,0
32082,,7,0,2,2,0,2,2,8,0.251944,0.262092,0,0
32084,,7,0,3,3,0,3,3,8,0.255628,0.265257,0,0
32089,,11,1,4,5,1,4,5,8,0.244758,0.254642,18827,0.05
33148,,8,1,0,1,1,0,1,0,0,0,0,0
32091,,8,0,3,3,0,3,3,9,0.215426,0.221518,0,0.166667
32092,,7,0,1,1,0,1,1,8,0.236336,0.244243,0,0
32093,,7,0,1,1,0,1,1,8,0.236336,0.244243,0,0
32097,,16,0,1,1,0,1,1,8,0.257544,0.268689,0,0
32098,,8,0,1,1,0,1,1,8,0.231489,0.238755,0,0
32099,,16,0,1,1,0,1,1,10,0.197551,0.202614,0,0
32100,,16,0,1,1,0,1,1,9,0.202973,0.207933,0,0
32101,,8,0,3,3,0,3,3,9,0.207336,0.212898,0,0.333333
32102,,11,0,1,1,0,1,1,8,0.234266,0.242061,0,0
32103,,6,0,1,1,0,1,1,8,0.247395,0.256736,0,0
32104,,15,0,1,1,0,1,1,2,0.666667,0.75,0,0
32105,,11,0,1,1,0,1,1,8,0.230667,0.237711,0,0
32106,,16,0,1,1,0,1,1,9,0.218421,0.22521,0,0
32107,,16,0,1,1,0,1,1,8,0.257544,0.268689,0,0
32108,,6,0,1,1,0,1,1,8,0.247395,0.256736,0,0
32110,,428,1,1,2,1,1,2,1,1,1,0,0
32111,,428,1,1,2,1,1,2,1,1,1,0,0
32112,,7,0,1,1,0,1,1,9,0.192995,0.19715,0,0
32113,,8,0,1,1,0,1,1,9,0.233264,0.241028,0,0
32114,,0,0,1,1,0,1,1,9,0.217357,0.223374,0,0
32115,,16,0,1,1,0,1,1,8,0.234155,0.242097,0,0
32119,,8,0,1,1,0,1,1,9,0.216335,0.222647,0,0
32120,,11,0,1,1,0,1,1,9,0.216582,0.22242,0,0
32121,,16,0,2,2,0,2,2,8,0.267729,0.279715,0,1
32125,,7,0,1,1,0,1,1,8,0.265449,0.276753,0,0
32126,,16,0,1,1,0,1,1,9,0.232711,0.240726,0,0
32128,,4,0,3,3,0,3,3,11,0.152951,0.155115,0,1
32129,,4,0,2,2,0,2,2,12,0.132662,0.134083,0,1
32130,,4,0,2,2,0,2,2,12,0.132662,0.134083,0,1
32131,,2,0,1,1,0,1,1,8,0.261475,0.272568,0,0
32133,,7,0,1,1,0,1,1,10,0.174947,0.17814,0,0
32134,,11,0,1,1,0,1,1,9,0.191207,0.195549,0,0
32135,,15,0,2,2,0,2,2,9,0.223219,0.230144,0,0.5
32136,,8,0,1,1,0,1,1,9,0.212528,0.218441,0,0
32137,,7,0,1,1,0,1,1,8,0.257706,0.267944,0,0
32139,,16,0,1,1,0,1,1,9,0.190333,0.194353,0,0
32141,,9,0,2,2,0,2,2,9,0.218284,0.225275,0,0.5
32142,,7,0,1,1,0,1,1,9,0.218036,0.224798,0,0
32143,,13,0,3,3,0,3,3,8,0.23299,0.241033,0,0.833333
32144,,7,0,7,7,0,7,7,8,0.275297,0.288464,0,0.571429
32145,,2,0,1,1,0,1,1,10,0.172717,0.175979,0,0
32146,,2,0,1,1,0,1,1,8,0.261475,0.272568,0,0
32148,,10,0,1,1,0,1,1,9,0.203083,0.208247,0,0
32150,,429,0,1,1,0,1,1,1,1,1,0,0
32151,,429,1,0,1,1,0,1,0,0,0,0,0
32152,,11,0,1,1,0,1,1,10,0.19248,0.197046,0,0
32153,,3,0,1,1,0,1,1,9,0.232872,0.240708,0,0
32155,,7,0,1,1,0,1,1,8,0.251523,0.26155,0,0
32156,,5,0,2,2,0,2,2,8,0.226488,0.233336,0,0
32157,,8,0,2,2,0,2,2,9,0.223734,0.230719,0,1
32159,,8,0,3,3,0,3,3,9,0.223743,0.23076,0,0.333333
33061,,8,1,0,1,1,0,1,0,0,0,0,0
32160,,8,0,1,1,0,1,1,9,0.19484,0.199639,0,0
32161,,5,0,1,1,0,1,1,9,0.235541,0.243648,0,0
32164,,12,0,1,1,0,1,1,9,0.205672,0.210922,0,0
32165,,10,0,1,1,0,1,1,9,0.229337,0.237191,0,0
32166,,0,0,1,1,0,1,1,10,0.161178,0.163674,0,0
32167,,11,0,1,1,0,1,1,9,0.219513,0.226196,0,0
32169,,11,0,1,1,0,1,1,9,0.225635,0.232826,0,0
32172,,11,0,1,1,0,1,1,9,0.196354,0.201057,0,0
32173,,8,0,1,1,0,1,1,9,0.224618,0.231248,0,0
32174,,8,0,1,1,0,1,1,9,0.225039,0.232567,0,0
32176,,16,0,1,1,0,1,1,9,0.205163,0.210721,0,0
32178,,15,0,1,1,0,1,1,10,0.160364,0.162707,0,0
32179,,15,1,1,2,1,1,2,9,0.190982,0.194942,18827,0
32180,,9,0,1,1,0,1,1,9,0.202877,0.207845,0,0
32183,,5,0,1,1,0,1,1,9,0.220014,0.226627,0,0
32184,,21,0,1,1,0,1,1,1,1,1,0,0
32187,,5,0,2,2,0,2,2,9,0.224923,0.231448,0,0
32188,,2,0,1,1,0,1,1,9,0.238286,0.246733,0,0
32189,,10,0,1,1,0,1,1,9,0.206922,0.212471,0,0
32191,,8,0,1,1,0,1,1,9,0.226897,0.234639,0,0
32194,,11,0,1,1,0,1,1,9,0.194245,0.198959,0,0
32196,,11,0,1,1,0,1,1,8,0.242301,0.250673,0,0
32199,,430,0,1,1,0,1,1,1,1,1,0,0
32200,,430,1,0,1,1,0,1,0,0,0,0,0
32203,,0,0,1,1,0,1,1,9,0.192142,0.196399,0,0
32204,,11,0,1,1,0,1,1,9,0.215053,0.221273,0,0
32205,,0,0,1,1,0,1,1,9,0.222605,0.230046,0,0
32207,,16,0,1,1,0,1,1,9,0.191713,0.196301,0,0
32208,,8,0,1,1,0,1,1,8,0.244453,0.252822,0,0
32209,,10,0,2,2,0,2,2,9,0.227613,0.234983,0,0
32210,,8,0,1,1,0,1,1,9,0.226946,0.234172,0,0
32212,,7,0,1,1,0,1,1,9,0.22266,0.228771,0,0
32218,,8,0,1,1,0,1,1,9,0.20833,0.214469,0,0
32219,,11,0,2,2,0,2,2,8,0.251392,0.261491,0,0.5
32220,,8,0,5,5,0,5,5,8,0.24992,0.259724,0,0.3
32221,,7,0,1,1,0,1,1,9,0.216611,0.2225,0,0
32224,,5,0,1,1,0,1,1,8,0.245108,0.253561,0,0
32225,,7,0,1,1,0,1,1,1,1,1,0,0
32226,,11,0,1,1,0,1,1,9,0.207659,0.213363,0,0
32227,,8,0,1,1,0,1,1,8,0.238709,0.246069,0,0
32232,,11,0,1,1,0,1,1,8,0.229011,0.236303,0,0
32235,,9,0,1,1,0,1,1,9,0.193105,0.197766,0,0
32240,,10,0,2,2,0,2,2,9,0.234172,0.242015,0,0.5
32243,,8,0,2,2,0,2,2,8,0.234546,0.242014,0,0.5
32244,,8,0,1,1,0,1,1,8,0.242744,0.250975,0,0
32245,,12,0,1,1,0,1,1,9,0.208155,0.213697,0,0
32246,,16,0,1,1,0,1,1,8,0.257544,0.268689,0,0
32248,,8,0,1,1,0,1,1,9,0.211127,0.216842,0,0
32250,,0,0,1,1,0,1,1,9,0.197684,0.202368,0,0
32251,,7,0,1,1,0,1,1,8,0.238404,0.246059,0,0
32252,,8,0,1,1,0,1,1,9,0.220384,0.227087,0,0
32254,,16,0,2,2,0,2,2,8,0.257724,0.26892,0,0
32256,,2,0,1,1,0,1,1,9,0.207686,0.213086,0,0
32258,,8,0,1,1,0,1,1,8,0.243999,0.252847,0,0
32259,,21,0,9,9,0,9,9,8,0.24889,0.258121,0,0.013889
32260,,21,1,0,1,1,0,1,0,0,0,0,0
32261,,21,1,0,1,1,0,1,0,0,0,0,0
32262,,8,0,3,3,0,3,3,8,0.235141,0.244282,0,0.833333
32264,,8,0,4,4,0,4,4,8,0.23825,0.246008,0,0
32265,,7,0,3,3,0,3,3,8,0.261413,0.272063,0,0.666667
32267,,2,0,4,4,0,4,4,8,0.247782,0.256887,0,0.166667
32268,,1,0,4,4,0,4,4,8,0.228968,0.236781,0,0
32270,,19,0,1,1,0,1,1,9,0.222431,0.229647,0,0
32271,,2,0,1,1,0,1,1,8,0.261475,0.272568,0,0
32272,,7,0,1,1,0,1,1,8,0.247779,0.256716,0,0
32273,,11,0,1,1,0,1,1,9,0.197648,0.202972,0,0
32274,,11,0,1,1,0,1,1,9,0.224856,0.232784,0,0
32275,,16,0,1,1,0,1,1,8,0.238712,0.2466,0,0
32276,,7,1,2,3,1,2,3,9,0.221892,0.228869,25975,0.166667
32591,,7,1,0,1,1,0,1,0,0,0,0,0
32277,,16,0,1,1,0,1,1,8,0.257544,0.268689,0,0
32279,,9,0,1,1,0,1,1,10,0.177506,0.180764,0,0
32280,,2,0,1,1,0,1,1,10,0.172717,0.175979,0,0
32282,,21,0,1,1,0,1,1,9,0.194217,0.198456,0,0
32283,,21,0,3,3,0,3,3,9,0.194223,0.198518,0,0.833333
32285,,21,4,2,6,4,2,6,9,0.194215,0.198475,37652,0.2
32284,,421,0,1,1,0,1,1,1,1,1,0,0
32287,,7,0,1,1,0,1,1,8,0.244345,0.253397,0,0
32288,,18,0,1,1,0,1,1,2,0.545455,0.583333,0,0
32291,,11,0,2,2,0,2,2,9,0.225427,0.233103,0,0.5
32292,,15,0,1,1,0,1,1,9,0.217608,0.223675,0,0
32294,,16,0,1,1,0,1,1,8,0.235753,0.244207,0,0
32295,,7,0,4,4,0,4,4,8,0.270993,0.283227,0,0.666667
32296,,11,0,1,1,0,1,1,9,0.191267,0.195676,0,0
32299,,21,1,2,3,1,2,3,1,1,1,25978.333333,0
34103,,21,3,0,3,3,0,3,0,0,0,0,0
32303,,7,0,1,1,0,1,1,8,0.256747,0.266706,0,0
32306,,8,0,1,1,0,1,1,9,0.217146,0.223451,0,0
32307,,7,0,1,1,0,1,1,8,0.271138,0.283493,0,0
32308,,11,0,1,1,0,1,1,9,0.196025,0.200482,0,0
32309,,11,0,1,1,0,1,1,10,0.187539,0.19191,0,0
32310,,7,0,1,1,0,1,1,1,1,1,0,0
32311,,431,0,1,1,0,1,1,1,1,1,0,0
32312,,431,1,0,1,1,0,1,0,0,0,0,0
32313,,10,0,1,1,0,1,1,9,0.218178,0.22459,0,0
32315,,7,0,1,1,0,1,1,2,0.6,0.666667,0,0
32316,,7,0,1,1,0,1,1,9,0.200066,0.204368,0,0
32317,,15,0,1,1,0,1,1,9,0.214509,0.221386,0,0
32471,,11,1,1,2,1,1,2,8,0.254953,0.265097,779.512658,0
32320,,10,0,2,2,0,2,2,9,0.227437,0.234108,0,1
32322,,0,0,1,1,0,1,1,8,0.230853,0.23867,0,0
32323,,15,0,2,2,0,2,2,9,0.21124,0.216866,0,0
32328,,11,0,1,1,0,1,1,9,0.196639,0.201609,0,0
32330,,11,0,1,1,0,1,1,9,0.213228,0.219825,0,0
32332,,5,0,1,1,0,1,1,8,0.245108,0.253561,0,0
32333,,10,0,1,1,0,1,1,8,0.233638,0.242002,0,0
32336,,24,0,1,1,0,1,1,9,0.215382,0.221492,0,0
32338,,11,0,1,1,0,1,1,9,0.232956,0.241234,0,0
32339,,0,0,1,1,0,1,1,8,0.242388,0.250662,0,0
32341,,8,0,1,1,0,1,1,8,0.262756,0.273466,0,0
32342,,10,0,2,2,0,2,2,9,0.193035,0.197271,0,0
32343,,10,1,2,3,1,2,3,8,0.239185,0.247364,18827,0.333333
33100,,10,1,0,1,1,0,1,0,0,0,0,0
32344,,2,0,1,1,0,1,1,8,0.261475,0.272568,0,0
32345,,8,0,1,1,0,1,1,8,0.262756,0.273466,0,0
32346,,21,0,2,2,0,2,2,9,0.216517,0.222994,0,1
32349,,11,0,1,1,0,1,1,9,0.197561,0.202745,0,0
32351,,16,0,1,1,0,1,1,8,0.257544,0.268689,0,0
32352,,15,0,1,1,0,1,1,8,0.23485,0.242175,0,0
32353,,8,0,1,1,0,1,1,8,0.230232,0.237422,0,0
32355,,11,0,1,1,0,1,1,10,0.183511,0.187271,0,0
32356,,11,1,2,3,1,2,3,9,0.224745,0.231755,18828,0
32421,,11,1,0,1,1,0,1,0,0,0,0,0
32357,,7,0,2,2,0,2,2,8,0.242992,0.251616,0,0
32358,,7,1,2,3,1,2,3,8,0.240662,0.249194,82.546108,0
32359,,10,0,1,1,0,1,1,9,0.227171,0.235195,0,0
33000,,11,4,3,7,4,3,7,9,0.210055,0.216088,18934.385905,0.366667
33676,,11,4,2,6,4,2,6,9,0.219953,0.226373,378.766371,0.833333
33575,,11,2,5,7,2,5,7,9,0.219966,0.226471,25975,0.5
34022,,11,1,1,2,1,1,2,9,0.210048,0.216026,0,0
33576,,11,3,5,8,3,5,8,8,0.272556,0.284272,20112.758447,0.5
32361,,21,0,1,1,0,1,1,9,0.193465,0.197512,0,0
32364,,21,0,1,1,0,1,1,1,1,1,0,0
32365,,7,0,1,1,0,1,1,1,1,1,0,0
32366,,11,0,1,1,0,1,1,1,1,1,0,0
32367,,16,0,1,1,0,1,1,8,0.238712,0.2466,0,0
32368,,8,0,1,1,0,1,1,9,0.202263,0.207249,0,0
32369,,8,0,1,1,0,1,1,9,0.198884,0.203512,0,0
32370,,432,0,1,1,0,1,1,1,1,1,0,0
32371,,432,1,0,1,1,0,1,0,0,0,0,0
32373,,16,0,1,1,0,1,1,8,0.231378,0.23929,0,0
32374,,8,0,1,1,0,1,1,9,0.208015,0.213487,0,0
32376,,433,0,1,1,0,1,1,1,1,1,0,0
32377,,433,1,0,1,1,0,1,0,0,0,0,0
32378,,7,0,1,1,0,1,1,9,0.222499,0.229441,0,0
32379,,8,0,1,1,0,1,1,9,0.193618,0.197826,0,0
32380,,7,0,1,1,0,1,1,9,0.228104,0.235296,0,0
32381,,0,0,1,1,0,1,1,2,0.666667,0.75,0,0
32382,,6,0,1,1,0,1,1,9,0.190465,0.194383,0,0
32383,,1,1,4,5,1,4,5,8,0.239801,0.249407,18827,0
33561,,1,1,1,2,1,1,2,9,0.193421,0.198278,0,0
32385,,11,0,1,1,0,1,1,9,0.229659,0.236946,0,0
32386,,11,0,1,1,0,1,1,9,0.188487,0.192404,0,0
32388,,8,0,3,3,0,3,3,8,0.246533,0.255604,0,0.166667
32460,,8,1,3,4,1,3,4,8,0.265978,0.277256,530.618171,0.333333
32389,,15,0,1,1,0,1,1,8,0.235664,0.243096,0,0
32390,,10,0,1,1,0,1,1,9,0.198081,0.202585,0,0
32394,,10,0,1,1,0,1,1,9,0.220762,0.22725,0,0
32395,,11,0,1,1,0,1,1,8,0.230667,0.237711,0,0
32396,,16,0,2,2,0,2,2,9,0.218249,0.224684,0,0.5
32399,,8,0,1,1,0,1,1,10,0.200445,0.205629,0,0
32400,,11,0,1,1,0,1,1,1,1,1,0,0
32401,,15,0,1,1,0,1,1,10,0.179156,0.182314,0,0
32402,,11,0,1,1,0,1,1,8,0.244433,0.254493,0,0
32403,,8,0,1,1,0,1,1,9,0.208619,0.213901,0,0
32404,,16,0,2,2,0,2,2,8,0.257548,0.268715,0,1
32405,,11,0,1,1,0,1,1,8,0.239859,0.247713,0,0
32407,,11,0,1,1,0,1,1,8,0.244158,0.252316,0,0
32409,,434,0,1,1,0,1,1,1,1,1,0,0
32410,,434,1,0,1,1,0,1,0,0,0,0,0
32412,,5,1,2,3,1,2,3,9,0.210692,0.216371,18827,0
32413,,12,0,1,1,0,1,1,1,1,1,0,0
32415,,7,0,15,15,0,15,15,7,0.296724,0.31189,0,0.052381
32417,,15,0,1,1,0,1,1,8,0.232979,0.239794,0,0
32418,,16,0,2,2,0,2,2,8,0.257554,0.268727,0,0
32419,,16,1,0,1,1,0,1,0,0,0,0,0
32420,,16,0,1,1,0,1,1,8,0.226676,0.234633,0,0
32422,,5,0,1,1,0,1,1,8,0.23893,0.247221,0,0
32425,,11,0,1,1,0,1,1,8,0.211022,0.216747,0,0
32427,,10,0,1,1,0,1,1,9,0.209484,0.215083,0,0
32429,,11,0,1,1,0,1,1,8,0.232418,0.240737,0,0
32431,,11,0,1,1,0,1,1,9,0.197667,0.202287,0,0
32432,,1,0,3,3,0,3,3,7,0.268635,0.281414,0,0.166667
32433,,6,0,3,3,0,3,3,1,1,1,0,0
32434,,6,1,0,1,1,0,1,0,0,0,0,0
33054,,6,2,0,2,2,0,2,0,0,0,0,0
32436,,13,0,1,1,0,1,1,8,0.234601,0.241751,0,0
32437,,13,0,2,2,0,2,2,8,0.245989,0.255092,0,0
32438,,10,0,1,1,0,1,1,1,1,1,0,0
32440,,0,0,1,1,0,1,1,9,0.199217,0.203911,0,0
32441,,11,0,1,1,0,1,1,9,0.231783,0.240091,0,0
32444,,24,0,4,4,0,4,4,9,0.223982,0.230679,0,0.5
32445,,7,0,1,1,0,1,1,9,0.223445,0.230318,0,0
32449,,7,0,1,1,0,1,1,8,0.237622,0.245065,0,0
32450,,16,0,2,2,0,2,2,8,0.259812,0.27135,0,0
32452,,9,0,2,2,0,2,2,9,0.212886,0.219036,0,0
32453,,8,0,1,1,0,1,1,1,1,1,0,0
32454,,11,0,3,3,0,3,3,8,0.236649,0.24616,0,0
32455,,435,0,1,1,0,1,1,1,1,1,0,0
32456,,435,1,0,1,1,0,1,0,0,0,0,0
32457,,10,0,1,1,0,1,1,9,0.203943,0.208989,0,0
32461,,11,0,1,1,0,1,1,9,0.194329,0.198657,0,0
32462,,436,0,1,1,0,1,1,1,1,1,0,0
32463,,436,1,0,1,1,0,1,0,0,0,0,0
32467,,8,0,1,1,0,1,1,9,0.206947,0.212785,0,0
33476,,152,1,0,1,1,0,1,0,0,0,0,0
32470,,7,0,1,1,0,1,1,8,0.2284,0.235296,0,0
32472,,15,0,1,1,0,1,1,9,0.194003,0.19841,0,0
32475,,5,0,1,1,0,1,1,8,0.251664,0.260845,0,0
32476,,8,0,1,1,0,1,1,9,0.210421,0.216168,0,0
32479,,8,0,1,1,0,1,1,9,0.229833,0.237605,0,0
32480,,7,0,1,1,0,1,1,10,0.166008,0.168708,0,0
32481,,16,0,1,1,0,1,1,2,0.6,0.666667,0,0
32482,,11,0,1,1,0,1,1,8,0.230667,0.237711,0,0
32484,,10,0,1,1,0,1,1,11,0.151329,0.153504,0,0
32487,,1,0,2,2,0,2,2,9,0.229466,0.236982,0,0
32490,,437,0,1,1,0,1,1,1,1,1,0,0
32491,,437,1,0,1,1,0,1,0,0,0,0,0
32492,,2,0,1,1,0,1,1,9,0.238286,0.246733,0,0
32493,,1,0,1,1,0,1,1,10,0.190268,0.194896,0,0
32495,,11,0,1,1,0,1,1,10,0.178033,0.181729,0,0
32497,,10,0,1,1,0,1,1,8,0.233638,0.242002,0,0
32499,,2,0,1,1,0,1,1,10,0.176789,0.180292,0,0
32502,,7,0,1,1,0,1,1,1,1,1,0,0
32504,,8,1,0,1,1,0,1,0,0,0,0,0
32505,,8,0,1,1,0,1,1,8,0.230757,0.238159,0,0
32508,,11,0,1,1,0,1,1,8,0.230091,0.237701,0,0
32509,,16,0,1,1,0,1,1,8,0.226676,0.234633,0,0
32512,,7,0,1,1,0,1,1,8,0.265449,0.276753,0,0
32514,,15,0,1,1,0,1,1,10,0.179156,0.182314,0,0
32515,,8,0,1,1,0,1,1,9,0.207627,0.212897,0,0
32516,,8,1,3,4,1,3,4,8,0.262017,0.272949,18827,0.166667
32518,,11,0,2,2,0,2,2,10,0.171585,0.174763,0,0
32520,,11,0,1,1,0,1,1,1,1,1,0,0
32521,,11,0,3,3,0,3,3,9,0.229229,0.237479,0,0.166667
32522,,13,0,1,1,0,1,1,9,0.217837,0.224577,0,0
32534,,11,0,1,1,0,1,1,9,0.19741,0.202675,0,0
32535,,21,0,1,1,0,1,1,1,1,1,0,0
32536,,8,0,1,1,0,1,1,9,0.21518,0.221247,0,0
32537,,7,0,1,1,0,1,1,9,0.214766,0.220717,0,0
32539,,11,0,2,2,0,2,2,9,0.221528,0.228378,0,0
32540,,7,0,2,2,0,2,2,9,0.210501,0.216011,0,0
32541,,15,0,1,1,0,1,1,1,1,1,0,0
32542,,10,0,1,1,0,1,1,10,0.177132,0.180657,0,0
32543,,11,0,1,1,0,1,1,9,0.197561,0.202745,0,0
32545,,438,0,1,1,0,1,1,1,1,1,0,0
32546,,438,1,0,1,1,0,1,0,0,0,0,0
32547,,7,0,1,1,0,1,1,9,0.200066,0.204368,0,0
32548,,8,0,1,1,0,1,1,10,0.179235,0.182695,0,0
32549,,11,0,2,2,0,2,2,9,0.22169,0.228789,0,0
32551,,11,0,1,1,0,1,1,8,0.238151,0.247423,0,0
32553,,439,0,1,1,0,1,1,1,1,1,0,0
32554,,439,1,0,1,1,0,1,0,0,0,0,0
32555,,440,0,1,1,0,1,1,1,1,1,0,0
32556,,440,1,0,1,1,0,1,0,0,0,0,0
32558,,7,0,1,1,0,1,1,10,0.166718,0.169204,0,0
32559,,12,0,1,1,0,1,1,9,0.191553,0.195654,0,0
32560,,21,0,1,1,0,1,1,1,1,1,0,0
32561,,21,2,0,2,2,0,2,0,0,0,0,0
32562,,11,0,1,1,0,1,1,8,0.234266,0.242061,0,0
32564,,8,0,1,1,0,1,1,9,0.216335,0.222647,0,0
32565,,3,0,4,4,0,4,4,9,0.229061,0.236396,0,0.333333
32566,,13,0,1,1,0,1,1,1,1,1,0,0
32567,,21,0,1,1,0,1,1,1,1,1,0,0
32569,,5,0,1,1,0,1,1,10,0.179803,0.183122,0,0
32574,,7,0,1,1,0,1,1,8,0.251523,0.26155,0,0
32578,,10,0,3,3,0,3,3,9,0.220575,0.227229,0,0
32581,,0,0,1,1,0,1,1,9,0.200249,0.205725,0,0
32582,,7,0,1,1,0,1,1,1,1,1,0,0
32583,,7,0,1,1,0,1,1,8,0.240656,0.249158,0,0
32585,,7,0,1,1,0,1,1,8,0.257706,0.267944,0,0
32587,,24,2,23,25,2,23,25,8,0.243331,0.252573,0,0.478333
32589,,11,0,1,1,0,1,1,9,0.209905,0.215766,0,0
32590,,0,0,1,1,0,1,1,8,0.226147,0.233528,0,0
32592,,7,0,1,1,0,1,1,9,0.226164,0.233246,0,0
32603,,16,0,1,1,0,1,1,8,0.257544,0.268689,0,0
32605,,10,0,2,2,0,2,2,9,0.209645,0.21546,0,0
32607,,2,0,1,1,0,1,1,9,0.207291,0.212661,0,0
32608,,11,0,2,2,0,2,2,8,0.245252,0.255437,0,1
32609,,1,0,1,1,0,1,1,8,0.232406,0.239626,0,0
32611,,8,0,1,1,0,1,1,9,0.210437,0.216033,0,0
32612,,8,0,1,1,0,1,1,8,0.233969,0.24121,0,0
32613,,24,1,25,26,1,25,26,8,0.24335,0.252653,1,0.441538
32616,,1,1,0,1,1,0,1,0,0,0,0,0
32617,,11,0,1,1,0,1,1,8,0.238528,0.246408,0,0
32619,,7,0,1,1,0,1,1,9,0.226164,0.233246,0,0
32620,,11,0,1,1,0,1,1,9,0.211025,0.216219,0,0
32621,,0,0,1,1,0,1,1,9,0.226488,0.233295,0,0
32622,,8,0,1,1,0,1,1,9,0.204675,0.209511,0,0
32623,,15,0,1,1,0,1,1,10,0.195014,0.199652,0,0
32625,,7,0,1,1,0,1,1,9,0.210412,0.216165,0,0
32626,,15,0,1,1,0,1,1,9,0.220312,0.226978,0,0
32627,,11,0,1,1,0,1,1,9,0.209739,0.215108,0,0
32628,,8,0,1,1,0,1,1,10,0.191112,0.195486,0,0
32629,,441,0,1,1,0,1,1,1,1,1,0,0
32630,,441,1,0,1,1,0,1,0,0,0,0,0
32631,,8,0,1,1,0,1,1,10,0.191112,0.195486,0,0
32633,,16,0,2,2,0,2,2,8,0.257548,0.268715,0,0.5
32636,,24,0,25,25,0,25,25,8,0.243357,0.252666,0,0.478333
32637,,9,0,3,3,0,3,3,10,0.16491,0.168133,0,0.5
32639,,11,0,1,1,0,1,1,8,0.234514,0.24306,0,0
32640,,21,0,1,1,0,1,1,3,0.5,0.583333,0,0
32641,,0,0,1,1,0,1,1,9,0.193642,0.198067,0,0
32644,,9,1,1,2,1,1,2,11,0.141559,0.143507,1,0
32645,,3,0,4,4,0,4,4,8,0.248482,0.258146,0,0.416667
32646,,15,0,1,1,0,1,1,8,0.245899,0.253968,0,0
32647,,5,0,1,1,0,1,1,9,0.235541,0.243648,0,0
32648,,16,0,2,2,0,2,2,9,0.214174,0.219693,0,0
32649,,16,1,0,1,1,0,1,0,0,0,0,0
32651,,6,0,1,1,0,1,1,9,0.203239,0.208464,0,0
32652,,8,0,2,2,0,2,2,8,0.266705,0.277648,0,1
32654,,7,0,1,1,0,1,1,9,0.228477,0.235727,0,0
32656,,21,0,1,1,0,1,1,1,1,1,0,0
32657,,15,0,1,1,0,1,1,8,0.217234,0.223577,0,0
32658,,1,0,1,1,0,1,1,9,0.20086,0.206556,0,0
32659,,21,0,5,5,0,5,5,9,0.222271,0.22966,0,0.3
32660,,21,4,0,4,4,0,4,0,0,0,0,0
32665,,10,0,1,1,0,1,1,8,0.239167,0.246988,0,0
32668,,16,0,1,1,0,1,1,9,0.219293,0.225533,0,0
32669,,13,0,1,1,0,1,1,1,1,1,0,0
32670,,5,0,1,1,0,1,1,9,0.198461,0.20316,0,0
32671,,7,0,1,1,0,1,1,8,0.244345,0.253397,0,0
32673,,8,0,1,1,0,1,1,8,0.235105,0.243285,0,0
32675,,10,0,1,1,0,1,1,9,0.227599,0.234697,0,0
32738,,8,1,0,1,1,0,1,0,0,0,0,0
32678,,21,0,1,1,0,1,1,1,1,1,0,0
32679,,8,0,1,1,0,1,1,8,0.263006,0.273325,0,0
32681,,10,0,1,1,0,1,1,9,0.192232,0.196901,0,0
32682,,2,0,1,1,0,1,1,8,0.261475,0.272568,0,0
32683,,8,0,1,1,0,1,1,8,0.263006,0.273325,0,0
32686,,8,0,1,1,0,1,1,9,0.197307,0.201703,0,0
32687,,19,0,1,1,0,1,1,9,0.188054,0.192248,0,0
32691,,7,0,1,1,0,1,1,9,0.239538,0.247501,0,0
32693,,2,0,2,2,0,2,2,8,0.264684,0.276244,0,0.5
32694,,10,0,1,1,0,1,1,1,1,1,0,0
32696,,8,0,1,1,0,1,1,8,0.263006,0.273325,0,0
32697,,7,0,2,2,0,2,2,9,0.227919,0.235167,0,0.5
32698,,16,0,1,1,0,1,1,2,0.6,0.666667,0,0
32699,,11,1,1,2,1,1,2,9,0.210242,0.21576,18827,0
32700,,7,0,2,2,0,2,2,8,0.240165,0.249071,0,1
32701,,16,0,1,1,0,1,1,11,0.160269,0.162784,0,0
32704,,12,0,1,1,0,1,1,8,0.236841,0.24458,0,0
32706,,7,0,4,4,0,4,4,8,0.268099,0.279755,0,0.416667
32707,,16,0,1,1,0,1,1,8,0.257544,0.268689,0,0
32710,,7,0,2,2,0,2,2,9,0.226617,0.234158,0,0
32711,,11,0,1,1,0,1,1,9,0.223934,0.230711,0,0
32712,,7,0,1,1,0,1,1,9,0.221711,0.228654,0,0
32715,,16,0,1,1,0,1,1,9,0.210916,0.216683,0,0
32718,,7,0,1,1,0,1,1,8,0.228126,0.235578,0,0
32719,,13,0,1,1,0,1,1,9,0.208252,0.214065,0,0
32720,,8,1,1,2,1,1,2,8,0.254949,0.265094,826.453636,0
32722,,1,0,1,1,0,1,1,9,0.234953,0.24388,0,0
33472,,7,1,1,2,1,1,2,8,0.242713,0.250553,0,0.5
34032,,7,1,0,1,1,0,1,0,0,0,0,0
32725,,11,0,1,1,0,1,1,9,0.201915,0.206674,0,0
32726,,16,0,1,1,0,1,1,8,0.234941,0.243151,0,0
32727,,7,0,1,1,0,1,1,8,0.239368,0.247149,0,0
32729,,11,0,1,1,0,1,1,8,0.227028,0.233491,0,0
32730,,16,0,1,1,0,1,1,8,0.257544,0.268689,0,0
32731,,16,0,2,2,0,2,2,9,0.234751,0.243275,0,0
32732,,16,3,0,3,3,0,3,0,0,0,0,0
32733,,16,0,1,1,0,1,1,1,1,1,0,0
32734,,21,0,3,3,0,3,3,9,0.222266,0.229606,0,0.666667
35521,,21,1,1,2,1,1,2,9,0.221965,0.229191,0,1
32736,,16,0,1,1,0,1,1,10,0.176315,0.179591,0,0
32740,,13,0,2,2,0,2,2,9,0.1974,0.202325,0,1
32741,,10,0,4,4,0,4,4,8,0.238202,0.24596,0,0.083333
32742,,7,0,1,1,0,1,1,8,0.265449,0.276753,0,0
32749,,16,0,1,1,0,1,1,9,0.234736,0.243231,0,0
32750,,3,0,1,1,0,1,1,9,0.211396,0.216926,0,0
32752,,1,0,1,1,0,1,1,8,0.232406,0.239626,0,0
32753,,11,0,1,1,0,1,1,9,0.218196,0.224517,0,0
32754,,11,0,1,1,0,1,1,9,0.207113,0.212719,0,0
32755,,11,0,1,1,0,1,1,8,0.23949,0.247366,0,0
32756,,19,0,1,1,0,1,1,9,0.222431,0.229647,0,0
32757,,21,0,1,1,0,1,1,2,0.666667,0.75,0,0
32758,,1,0,1,1,0,1,1,1,1,1,0,0
32761,,8,0,1,1,0,1,1,9,0.227844,0.235164,0,0
32762,,7,0,1,1,0,1,1,9,0.205353,0.21069,0,0
32764,,11,0,2,2,0,2,2,9,0.193399,0.198018,0,0
33870,,442,2,1,3,2,1,3,2,0.6,0.666667,77931,0
32766,,443,0,1,1,0,1,1,1,1,1,0,0
32767,,443,1,0,1,1,0,1,0,0,0,0,0
32768,,7,0,1,1,0,1,1,1,1,1,0,0
32769,,444,0,1,1,0,1,1,1,1,1,0,0
32770,,444,1,0,1,1,0,1,0,0,0,0,0
32771,,13,0,1,1,0,1,1,1,1,1,0,0
32773,,5,0,1,1,0,1,1,9,0.217772,0.224194,0,0
32774,,11,0,1,1,0,1,1,10,0.186971,0.191183,0,0
32775,,11,0,1,1,0,1,1,10,0.19244,0.196511,0,0
32776,,16,0,1,1,0,1,1,9,0.218421,0.22521,0,0
32778,,5,0,1,1,0,1,1,11,0.136363,0.138027,0,0
32779,,11,0,1,1,0,1,1,8,0.216596,0.222828,0,0
32781,,11,0,1,1,0,1,1,11,0.153887,0.156263,0,0
32782,,21,0,1,1,0,1,1,9,0.193465,0.197512,0,0
32784,,12,0,1,1,0,1,1,10,0.188104,0.191839,0,0
32785,,8,0,1,1,0,1,1,9,0.218107,0.224532,0,0
32786,,2,0,1,1,0,1,1,9,0.222142,0.228387,0,0
32787,,7,0,1,1,0,1,1,9,0.218751,0.224866,0,0
32789,,6,0,2,2,0,2,2,8,0.219705,0.225909,0,0.5
32790,,0,0,1,1,0,1,1,9,0.209403,0.215422,0,0
32792,,4,0,2,2,0,2,2,12,0.132663,0.134092,0,0.5
32793,,4,0,3,3,0,3,3,11,0.152951,0.155115,0,1
32794,,16,0,1,1,0,1,1,8,0.227767,0.235137,0,0
32796,,445,1,1,2,1,1,2,1,1,1,0,0
32797,,445,1,1,2,1,1,2,1,1,1,0,0
32799,,7,0,1,1,0,1,1,9,0.226406,0.233591,0,0
32800,,11,0,1,1,0,1,1,9,0.219913,0.226466,0,0
32803,,9,0,3,3,0,3,3,10,0.164913,0.16814,0,0.5
32804,,19,0,1,1,0,1,1,10,0.181993,0.185878,0,0
32805,,21,0,1,1,0,1,1,1,1,1,0,0
32806,,15,0,1,1,0,1,1,10,0.179156,0.182314,0,0
32810,,2,0,1,1,0,1,1,10,0.176789,0.180292,0,0
32811,,8,0,1,1,0,1,1,8,0.262756,0.273466,0,0
32814,,16,0,1,1,0,1,1,8,0.236961,0.24442,0,0
32815,,7,0,1,1,0,1,1,9,0.207609,0.212853,0,0
32816,,7,0,1,1,0,1,1,8,0.251523,0.26155,0,0
32818,,11,0,1,1,0,1,1,8,0.239859,0.247713,0,0
32821,,11,0,3,3,0,3,3,8,0.246572,0.255645,0,0
32822,,16,0,1,1,0,1,1,9,0.21555,0.221855,0,0
32824,,446,0,1,1,0,1,1,1,1,1,0,0
32825,,446,1,0,1,1,0,1,0,0,0,0,0
32827,,1,0,1,1,0,1,1,8,0.228356,0.235614,0,0
32828,,13,0,2,2,0,2,2,8,0.250672,0.261426,0,1
32829,,6,0,1,1,0,1,1,8,0.247395,0.256736,0,0
32834,,7,0,2,2,0,2,2,8,0.241384,0.249704,0,0.5
32835,,11,0,1,1,0,1,1,9,0.219883,0.226442,0,0
32836,,447,0,1,1,0,1,1,1,1,1,0,0
32837,,447,1,0,1,1,0,1,0,0,0,0,0
32838,,15,0,1,1,0,1,1,9,0.223336,0.230404,0,0
32840,,10,0,1,1,0,1,1,10,0.184247,0.188166,0,0
32841,,21,0,3,3,0,3,3,10,0.190865,0.196575,0,0
32842,,21,1,0,1,1,0,1,0,0,0,0,0
33883,,21,1,0,1,1,0,1,0,0,0,0,0
32843,,7,0,3,3,0,3,3,8,0.264235,0.275183,0,0.166667
32844,,11,0,1,1,0,1,1,9,0.18542,0.189477,0,0
32845,,10,0,2,2,0,2,2,9,0.221411,0.228292,0,0
32846,,8,0,1,1,0,1,1,8,0.255022,0.264509,0,0
32848,,11,0,1,1,0,1,1,9,0.222268,0.22926,0,0
32849,,0,0,1,1,0,1,1,9,0.211335,0.217165,0,0
32850,,10,0,1,1,0,1,1,10,0.173287,0.1768,0,0
32853,,15,0,2,2,0,2,2,9,0.207748,0.21306,0,0
32854,,7,0,1,1,0,1,1,8,0.238359,0.245622,0,0
32856,,2,0,2,2,0,2,2,8,0.26169,0.272868,0,0.5
32857,,8,0,1,1,0,1,1,9,0.212528,0.218441,0,0
32858,,0,0,2,2,0,2,2,9,0.200253,0.20576,0,0
32859,,11,0,2,2,0,2,2,9,0.226365,0.234797,0,0
32860,,0,0,1,1,0,1,1,9,0.214646,0.22058,0,0
32861,,0,0,1,1,0,1,1,9,0.214646,0.22058,0,0
32863,,21,0,1,1,0,1,1,9,0.214724,0.220911,0,0
32865,,16,0,1,1,0,1,1,9,0.234736,0.243231,0,0
32867,,11,0,1,1,0,1,1,10,0.180344,0.183937,0,0
32870,,10,1,0,1,1,0,1,0,0,0,0,0
32871,,8,0,1,1,0,1,1,9,0.224926,0.231589,0,0
32872,,16,0,1,1,0,1,1,8,0.257544,0.268689,0,0
32873,,5,0,1,1,0,1,1,8,0.240484,0.248319,0,0
32877,,10,0,1,1,0,1,1,9,0.201236,0.205916,0,0
32878,,11,0,2,2,0,2,2,8,0.238166,0.247485,0,1
32879,,0,0,1,1,0,1,1,9,0.214646,0.22058,0,0
32883,,11,0,1,1,0,1,1,8,0.229011,0.236303,0,0
32889,,7,0,1,1,0,1,1,8,0.244345,0.253397,0,0
32890,,16,0,1,1,0,1,1,8,0.257544,0.268689,0,0
32894,,24,0,1,1,0,1,1,9,0.231745,0.239907,0,0
32895,,0,0,1,1,0,1,1,9,0.208088,0.213254,0,0
32898,,15,0,1,1,0,1,1,9,0.220858,0.227933,0,0
32899,,448,0,1,1,0,1,1,1,1,1,0,0
32900,,448,1,0,1,1,0,1,0,0,0,0,0
32906,,7,0,1,1,0,1,1,8,0.251523,0.26155,0,0
32908,,1,0,1,1,0,1,1,2,0.555556,0.6,0,0
32909,,1,0,1,1,0,1,1,2,0.555556,0.6,0,0
32912,,10,0,1,1,0,1,1,1,1,1,0,0
32913,,5,0,1,1,0,1,1,8,0.230249,0.237146,0,0
32916,,8,0,2,2,0,2,2,8,0.26276,0.273493,0,0.5
32918,,8,0,1,1,0,1,1,9,0.225039,0.232567,0,0
32919,,1,0,2,2,0,2,2,9,0.236324,0.245507,0,0
32920,,9,0,1,1,0,1,1,9,0.185524,0.189879,0,0
32921,,21,0,1,1,0,1,1,9,0.221969,0.229196,0,0
32925,,11,0,1,1,0,1,1,8,0.23674,0.244313,0,0
32926,,7,0,4,4,0,4,4,8,0.243312,0.251407,0,0
32930,,1,0,2,2,0,2,2,8,0.237361,0.244893,0,0
32934,,5,0,1,1,0,1,1,8,0.240484,0.248319,0,0
32935,,5,0,1,1,0,1,1,8,0.240484,0.248319,0,0
32936,,5,0,1,1,0,1,1,8,0.240484,0.248319,0,0
32937,,5,0,1,1,0,1,1,8,0.240484,0.248319,0,0
32938,,5,0,1,1,0,1,1,8,0.240484,0.248319,0,0
32940,,5,0,1,1,0,1,1,8,0.240484,0.248319,0,0
32941,,5,0,1,1,0,1,1,8,0.240484,0.248319,0,0
32942,,5,0,1,1,0,1,1,8,0.240484,0.248319,0,0
32943,,5,0,1,1,0,1,1,8,0.240484,0.248319,0,0
32944,,5,0,1,1,0,1,1,8,0.240484,0.248319,0,0
32945,,5,0,1,1,0,1,1,8,0.240484,0.248319,0,0
32946,,5,0,1,1,0,1,1,8,0.240484,0.248319,0,0
32947,,5,0,1,1,0,1,1,8,0.240484,0.248319,0,0
32948,,11,1,2,3,1,2,3,9,0.206394,0.212036,58.592819,0
34953,,0,6,10,16,6,10,16,8,0.246598,0.25665,78225.889143,0.014286
32949,,5,0,1,1,0,1,1,8,0.240484,0.248319,0,0
32953,,24,0,2,2,0,2,2,9,0.215405,0.222224,0,0
32954,,16,0,1,1,0,1,1,8,0.257544,0.268689,0,0
32956,,10,0,1,1,0,1,1,9,0.207526,0.213408,0,0
32957,,10,0,1,1,0,1,1,9,0.222352,0.229209,0,0
32958,,11,0,2,2,0,2,2,9,0.224866,0.232825,0,0
32959,,11,1,0,1,1,0,1,0,0,0,0,0
32960,,7,0,1,1,0,1,1,9,0.222499,0.229441,0,0
32962,,7,0,1,1,0,1,1,8,0.224816,0.231667,0,0
32963,,5,0,1,1,0,1,1,8,0.244933,0.25344,0,0
32964,,7,0,1,1,0,1,1,8,0.270888,0.28334,0,0
32965,,7,0,1,1,0,1,1,8,0.270888,0.28334,0,0
32966,,8,0,1,1,0,1,1,9,0.231387,0.239068,0,0
32968,,2,0,1,1,0,1,1,9,0.207286,0.212647,0,0
32970,,16,0,1,1,0,1,1,8,0.236961,0.24442,0,0
32971,,10,0,1,1,0,1,1,9,0.208642,0.214343,0,0
32972,,24,0,1,1,0,1,1,9,0.223182,0.229597,0,0
32974,,11,0,1,1,0,1,1,8,0.21785,0.224416,0,0
32975,,9,0,1,1,0,1,1,11,0.141559,0.143507,0,0
32979,,1,0,1,1,0,1,1,10,0.179239,0.182791,0,0
32981,,10,0,1,1,0,1,1,9,0.208415,0.213645,0,0
32982,,10,0,1,1,0,1,1,9,0.208415,0.213645,0,0
32983,,11,0,1,1,0,1,1,9,0.217908,0.22531,0,0
32984,,449,0,1,1,0,1,1,1,1,1,0,0
32985,,449,1,0,1,1,0,1,0,0,0,0,0
32986,,2,0,2,2,0,2,2,9,0.226468,0.23425,0,0
32987,,7,0,3,3,0,3,3,8,0.244812,0.253288,0,0.166667
32989,,11,0,1,1,0,1,1,9,0.215053,0.221273,0,0
32990,,6,0,2,2,0,2,2,8,0.235264,0.242793,0,1
32992,,11,0,1,1,0,1,1,8,0.239859,0.247713,0,0
32993,,5,0,1,1,0,1,1,8,0.244933,0.25344,0,0
32996,,8,0,1,1,0,1,1,9,0.208091,0.213257,0,0
33001,,8,0,1,1,0,1,1,9,0.204675,0.209511,0,0
33002,,11,0,1,1,0,1,1,9,0.211863,0.218335,0,0
33003,,7,0,1,1,0,1,1,9,0.226164,0.233246,0,0
33007,,12,0,2,2,0,2,2,9,0.213615,0.21959,0,0
33008,,12,1,0,1,1,0,1,0,0,0,0,0
33009,,2,0,2,2,0,2,2,8,0.259901,0.271572,0,1
33010,,8,0,1,1,0,1,1,9,0.222889,0.229835,0,0
33011,,21,0,3,3,0,3,3,9,0.224476,0.232109,0,1
33013,,1,0,1,1,0,1,1,9,0.21491,0.22074,0,0
33014,,450,0,1,1,0,1,1,1,1,1,0,0
33015,,450,1,0,1,1,0,1,0,0,0,0,0
33016,,10,0,1,1,0,1,1,8,0.231335,0.239437,0,0
33017,,8,0,1,1,0,1,1,9,0.217294,0.223355,0,0
33019,,11,0,1,1,0,1,1,10,0.178256,0.182143,0,0
33020,,7,0,1,1,0,1,1,10,0.18361,0.187614,0,0
33021,,0,0,1,1,0,1,1,10,0.170875,0.174107,0,0
33022,,6,0,1,1,0,1,1,8,0.25615,0.266929,0,0
33023,,16,0,1,1,0,1,1,9,0.192714,0.196774,0,0
33024,,8,0,1,1,0,1,1,8,0.262756,0.273466,0,0
33025,,8,0,1,1,0,1,1,9,0.239963,0.248532,0,0
33028,,7,0,2,2,0,2,2,9,0.233771,0.241081,0,0.5
33029,,8,0,1,1,0,1,1,8,0.234991,0.243288,0,0
33031,,8,0,1,1,0,1,1,8,0.262756,0.273466,0,0
33032,,8,0,1,1,0,1,1,9,0.216199,0.222536,0,0
33034,,3,0,1,1,0,1,1,10,0.186077,0.189834,0,0
33035,,7,0,1,1,0,1,1,9,0.208176,0.213378,0,0
33036,,16,0,1,1,0,1,1,8,0.257544,0.268689,0,0
33037,,0,0,1,1,0,1,1,9,0.218335,0.225066,0,0
33038,,10,0,1,1,0,1,1,9,0.183987,0.188014,0,0
33039,,7,0,1,1,0,1,1,8,0.242713,0.250553,0,0
33040,,10,0,2,2,0,2,2,9,0.229713,0.237755,0,0
33041,,10,1,0,1,1,0,1,0,0,0,0,0
33042,,7,0,1,1,0,1,1,8,0.242982,0.251576,0,0
33043,,451,0,1,1,0,1,1,1,1,1,0,0
33044,,451,1,0,1,1,0,1,0,0,0,0,0
33045,,5,0,3,3,0,3,3,8,0.234553,0.241471,0,0.166667
33050,,16,0,1,1,0,1,1,8,0.257544,0.268689,0,0
33051,,452,0,1,1,0,1,1,1,1,1,0,0
33052,,452,1,0,1,1,0,1,0,0,0,0,0
33058,,11,0,1,1,0,1,1,9,0.201414,0.206778,0,0
33059,,11,0,1,1,0,1,1,10,0.18814,0.192441,0,0
33060,,10,0,1,1,0,1,1,9,0.227723,0.235174,0,0
33062,,10,0,1,1,0,1,1,9,0.192886,0.197046,0,0
33063,,16,0,2,2,0,2,2,10,0.176357,0.179677,0,0
33065,,0,0,1,1,0,1,1,1,1,1,0,0
33066,,11,0,1,1,0,1,1,9,0.206296,0.211252,0,0
33067,,7,0,1,1,0,1,1,8,0.265449,0.276753,0,0
33069,,11,1,1,2,1,1,2,10,0.161367,0.164262,0,0
33070,,7,0,1,1,0,1,1,8,0.265449,0.276753,0,0
33072,,24,0,1,1,0,1,1,9,0.211904,0.218058,0,0
33075,,5,0,1,1,0,1,1,9,0.229134,0.236663,0,0
33078,,24,0,1,1,0,1,1,8,0.22375,0.230857,0,0
33079,,24,0,1,1,0,1,1,9,0.231745,0.239907,0,0
33081,,10,0,1,1,0,1,1,8,0.239167,0.246988,0,0
33085,,16,0,1,1,0,1,1,9,0.210713,0.216558,0,0
33087,,16,0,1,1,0,1,1,8,0.257544,0.268689,0,0
33089,,8,0,1,1,0,1,1,8,0.226943,0.233373,0,0
33090,,8,0,1,1,0,1,1,8,0.233882,0.2414,0,0
33093,,2,0,1,1,0,1,1,10,0.194225,0.198648,0,0
33094,,2,1,3,4,1,3,4,9,0.241029,0.249699,18827,0.083333
34180,,16,1,1,2,1,1,2,10,0.190215,0.194606,0,0
33098,,7,0,1,1,0,1,1,10,0.180225,0.183937,0,0
33099,,10,0,1,1,0,1,1,9,0.21225,0.217941,0,0
33105,,16,0,1,1,0,1,1,9,0.20457,0.209951,0,0
33106,,16,0,1,1,0,1,1,9,0.211834,0.217468,0,0
33107,,16,0,1,1,0,1,1,9,0.192204,0.196531,0,0
33108,,1,0,1,1,0,1,1,9,0.216779,0.223052,0,0
33109,,10,0,1,1,0,1,1,9,0.189542,0.193923,0,0
33110,,16,0,1,1,0,1,1,10,0.174818,0.177965,0,0
33112,,7,0,1,1,0,1,1,9,0.206708,0.212248,0,0
33114,,8,0,1,1,0,1,1,8,0.262756,0.273466,0,0
33115,,453,0,1,1,0,1,1,1,1,1,0,0
33116,,453,1,0,1,1,0,1,0,0,0,0,0
34049,,10,1,0,1,1,0,1,0,0,0,0,0
35576,,10,1,0,1,1,0,1,0,0,0,0,0
33118,,11,0,1,1,0,1,1,9,0.225957,0.2335,0,0
33119,,16,0,1,1,0,1,1,9,0.186744,0.19112,0,0
35693,,0,1,0,1,1,0,1,0,0,0,0,0
33123,,11,0,1,1,0,1,1,8,0.251382,0.261452,0,0
33124,,0,0,1,1,0,1,1,1,1,1,0,0
33125,,7,0,2,2,0,2,2,8,0.27062,0.282917,0,1
33126,,11,0,1,1,0,1,1,8,0.23949,0.247366,0,0
33793,,24,1,0,1,1,0,1,0,0,0,0,0
33130,,1,0,1,1,0,1,1,9,0.206134,0.211532,0,0
33132,,0,0,1,1,0,1,1,8,0.238232,0.246371,0,0
33133,,7,0,1,1,0,1,1,9,0.223156,0.230196,0,0
33134,,8,0,1,1,0,1,1,9,0.222497,0.229179,0,0
33136,,11,0,1,1,0,1,1,9,0.200888,0.205871,0,0
33137,,16,0,1,1,0,1,1,9,0.211834,0.217468,0,0
33138,,11,0,2,2,0,2,2,8,0.251385,0.261478,0,1
33139,,10,0,16,16,0,16,16,8,0.264639,0.277081,0,0.079167
34485,,10,1,0,1,1,0,1,0,0,0,0,0
33140,,0,0,1,1,0,1,1,9,0.202006,0.206973,0,0
33141,,21,0,2,2,0,2,2,9,0.224126,0.231661,0,1
33142,,11,0,1,1,0,1,1,9,0.195817,0.19993,0,0
33143,,11,0,1,1,0,1,1,8,0.236167,0.244733,0,0
33144,,7,0,1,1,0,1,1,8,0.265449,0.276753,0,0
33145,,11,0,1,1,0,1,1,9,0.199192,0.204219,0,0
33146,,13,0,1,1,0,1,1,9,0.217837,0.224577,0,0
33154,,11,0,1,1,0,1,1,9,0.23567,0.243316,0,0
33155,,454,0,1,1,0,1,1,1,1,1,0,0
33156,,454,1,0,1,1,0,1,0,0,0,0,0
33157,,10,0,2,2,0,2,2,8,0.240134,0.248056,0,0
33158,,11,0,1,1,0,1,1,8,0.239859,0.247713,0,0
33160,,455,0,1,1,0,1,1,1,1,1,0,0
33161,,455,1,0,1,1,0,1,0,0,0,0,0
33165,,15,0,1,1,0,1,1,10,0.182223,0.186129,0,0
33166,,5,0,1,1,0,1,1,9,0.227897,0.235595,0,0
33169,,10,0,2,2,0,2,2,10,0.177051,0.180662,0,0
33170,,10,1,0,1,1,0,1,0,0,0,0,0
33171,,11,0,3,3,0,3,3,8,0.222583,0.229254,0,0.333333
33172,,11,0,1,1,0,1,1,9,0.217769,0.22458,0,0
33173,,11,0,1,1,0,1,1,8,0.238528,0.246408,0,0
33176,,11,0,1,1,0,1,1,9,0.206235,0.211976,0,0
33177,,8,0,1,1,0,1,1,9,0.231387,0.239068,0,0
33178,,7,0,1,1,0,1,1,8,0.257706,0.267944,0,0
33180,,10,0,1,1,0,1,1,8,0.239167,0.246988,0,0
33183,,8,0,1,1,0,1,1,8,0.233056,0.241283,0,0
33185,,16,0,1,1,0,1,1,10,0.179858,0.183256,0,0
33188,,11,0,1,1,0,1,1,9,0.213504,0.219764,0,0
33191,,7,0,1,1,0,1,1,9,0.204909,0.209909,0,0
33192,,13,0,1,1,0,1,1,8,0.235883,0.243933,0,0
33193,,8,0,1,1,0,1,1,9,0.217001,0.22352,0,0
33194,,6,0,3,3,0,3,3,9,0.207008,0.212819,0,0.5
33195,,8,0,1,1,0,1,1,8,0.230108,0.238119,0,0
33196,,3,0,1,1,0,1,1,9,0.204226,0.20904,0,0
33198,,21,0,1,1,0,1,1,1,1,1,0,0
33199,,3,0,4,4,0,4,4,8,0.247492,0.256744,0,0.166667
33200,,7,0,1,1,0,1,1,9,0.207609,0.212853,0,0
33201,,15,0,1,1,0,1,1,9,0.185597,0.189521,0,0
33202,,8,0,1,1,0,1,1,8,0.262756,0.273466,0,0
33205,,13,0,2,2,0,2,2,9,0.219582,0.226357,0,1
33207,,15,0,1,1,0,1,1,8,0.232346,0.238845,0,0
33210,,21,0,1,1,0,1,1,9,0.221969,0.229196,0,0
33211,,456,0,1,1,0,1,1,1,1,1,0,0
33212,,456,1,0,1,1,0,1,0,0,0,0,0
33213,,5,0,1,1,0,1,1,8,0.235026,0.242987,0,0
33214,,16,0,2,2,0,2,2,9,0.210491,0.216022,0,0
33326,,16,1,0,1,1,0,1,0,0,0,0,0
33215,,11,0,1,1,0,1,1,9,0.200469,0.205801,0,0
33216,,16,0,2,2,0,2,2,8,0.257706,0.268967,0,0.5
33217,,7,0,1,1,0,1,1,8,0.257706,0.267944,0,0
33218,,7,0,1,1,0,1,1,8,0.272188,0.283721,0,0
33220,,7,0,1,1,0,1,1,9,0.228477,0.235727,0,0
33223,,5,0,2,2,0,2,2,9,0.211039,0.216731,0,0
33224,,15,0,2,2,0,2,2,9,0.22087,0.227695,0,0
33225,,15,0,2,2,0,2,2,8,0.236197,0.243742,0,1
33226,,13,0,1,1,0,1,1,10,0.170034,0.173175,0,0
33227,,16,0,1,1,0,1,1,8,0.257544,0.268689,0,0
33229,,16,0,1,1,0,1,1,8,0.257544,0.268689,0,0
33231,,11,0,1,1,0,1,1,9,0.217442,0.223573,0,0
33232,,7,0,1,1,0,1,1,9,0.20921,0.214873,0,0
33233,,8,0,1,1,0,1,1,9,0.21237,0.218116,0,0
33234,,16,0,1,1,0,1,1,9,0.210713,0.216558,0,0
33235,,8,0,1,1,0,1,1,9,0.21237,0.218116,0,0
33236,,16,0,1,1,0,1,1,8,0.226676,0.234633,0,0
33238,,6,0,2,2,0,2,2,9,0.205394,0.210697,0,0.5
33239,,8,0,1,1,0,1,1,9,0.21237,0.218116,0,0
33242,,8,0,1,1,0,1,1,10,0.166368,0.169124,0,0
33243,,8,0,1,1,0,1,1,8,0.262756,0.273466,0,0
33244,,11,0,1,1,0,1,1,9,0.231783,0.240091,0,0
33246,,1,0,1,1,0,1,1,9,0.21491,0.22074,0,0
33251,,16,0,1,1,0,1,1,9,0.234736,0.243231,0,0
33252,,16,0,3,3,0,3,3,8,0.259794,0.271055,0,0.166667
33254,,16,0,2,2,0,2,2,8,0.257548,0.268715,0,1
33257,,16,0,1,1,0,1,1,9,0.210713,0.216558,0,0
33258,,5,0,1,1,0,1,1,1,1,1,0,0
33259,,16,0,1,1,0,1,1,9,0.211834,0.217468,0,0
33260,,10,0,1,1,0,1,1,1,1,1,0,0
33262,,16,0,1,1,0,1,1,8,0.257544,0.268689,0,0
33263,,0,0,1,1,0,1,1,9,0.224787,0.232402,0,0
33266,,457,0,1,1,0,1,1,1,1,1,0,0
33267,,457,1,0,1,1,0,1,0,0,0,0,0
33270,,2,0,2,2,0,2,2,8,0.262675,0.274226,0,1
33272,,11,0,1,1,0,1,1,9,0.213018,0.218729,0,0
33275,,1,0,1,1,0,1,1,9,0.207022,0.212651,0,0
33276,,10,0,1,1,0,1,1,9,0.198405,0.202963,0,0
33280,,5,0,2,2,0,2,2,9,0.228394,0.235873,0,1
33281,,13,0,1,1,0,1,1,8,0.22917,0.236725,0,0
33282,,0,0,1,1,0,1,1,2,0.666667,0.75,0,0
33284,,10,0,2,2,0,2,2,9,0.218934,0.225544,0,0
33285,,13,0,2,2,0,2,2,8,0.242691,0.251268,0,1
33286,,8,0,1,1,0,1,1,9,0.216199,0.222536,0,0
33287,,13,1,3,4,1,3,4,8,0.235902,0.244014,18829,0
33288,,13,1,0,1,1,0,1,0,0,0,0,0
35482,,13,1,0,1,1,0,1,0,0,0,0,0
33290,,8,0,1,1,0,1,1,9,0.196381,0.200812,0,0
33291,,8,0,1,1,0,1,1,10,0.180963,0.184482,0,0
33292,,7,0,1,1,0,1,1,9,0.211894,0.217644,0,0
33295,,8,0,1,1,0,1,1,9,0.21209,0.21763,0,0
33296,,0,0,1,1,0,1,1,8,0.230717,0.238683,0,0
33298,,5,1,0,1,1,0,1,0,0,0,0,0
33299,,5,2,0,2,2,0,2,0,0,0,0,0
33300,,0,0,1,1,0,1,1,9,0.204153,0.209703,0,0
33301,,8,0,1,1,0,1,1,9,0.225096,0.232329,0,0
33303,,7,0,1,1,0,1,1,9,0.204915,0.209925,0,0
33499,,7,1,0,1,1,0,1,0,0,0,0,0
33307,,7,0,3,3,0,3,3,9,0.224355,0.231564,0,0.333333
33308,,11,0,1,1,0,1,1,9,0.197195,0.202032,0,0
33310,,458,0,1,1,0,1,1,1,1,1,0,0
33311,,458,1,0,1,1,0,1,0,0,0,0,0
33312,,8,0,1,1,0,1,1,9,0.198884,0.203512,0,0
33313,,8,0,1,1,0,1,1,8,0.262756,0.273466,0,0
33314,,7,0,3,3,0,3,3,8,0.24684,0.255626,0,0.166667
33316,,7,0,1,1,0,1,1,9,0.200066,0.204368,0,0
33317,,7,0,1,1,0,1,1,8,0.240656,0.249158,0,0
33318,,8,0,1,1,0,1,1,9,0.211124,0.216724,0,0
33322,,16,0,1,1,0,1,1,8,0.257544,0.268689,0,0
33323,,8,0,1,1,0,1,1,9,0.218122,0.224516,0,0
33325,,7,0,1,1,0,1,1,9,0.223304,0.229864,0,0
33330,,8,0,1,1,0,1,1,8,0.248761,0.257751,0,0
33331,,11,0,1,1,0,1,1,8,0.230091,0.237701,0,0
33332,,7,0,1,1,0,1,1,9,0.20921,0.214873,0,0
33333,,8,0,1,1,0,1,1,9,0.197371,0.20178,0,0
33334,,7,0,1,1,0,1,1,9,0.220315,0.227121,0,0
33336,,15,2,0,2,2,0,2,0,0,0,0,0
33337,,24,0,1,1,0,1,1,10,0.185771,0.189924,0,0
33340,,7,0,1,1,0,1,1,9,0.218036,0.224798,0,0
33341,,16,0,1,1,0,1,1,8,0.257544,0.268689,0,0
33343,,10,0,3,3,0,3,3,9,0.230401,0.238516,0,0.5
33345,,8,0,1,1,0,1,1,9,0.224027,0.230383,0,0
35407,,16,2,0,2,2,0,2,0,0,0,0,1
33351,,8,0,1,1,0,1,1,9,0.223726,0.230675,0,0
33354,,21,0,10,10,0,10,10,9,0.200294,0.206547,0,0
33355,,21,1,0,1,1,0,1,0,0,0,0,0
33357,,7,0,1,1,0,1,1,9,0.189802,0.193456,0,0
33358,,7,0,1,1,0,1,1,9,0.221081,0.227768,0,0
33361,,10,0,1,1,0,1,1,9,0.228024,0.235474,0,0
33362,,7,0,1,1,0,1,1,1,1,1,0,0
33363,,10,0,1,1,0,1,1,9,0.228024,0.235474,0,0
33366,,13,0,1,1,0,1,1,9,0.194087,0.198408,0,0
33367,,11,0,1,1,0,1,1,9,0.221831,0.228371,0,0
33368,,15,0,1,1,0,1,1,9,0.216731,0.222572,0,0
33369,,8,0,2,2,0,2,2,9,0.220268,0.227109,0,0.5
33378,,11,0,1,1,0,1,1,9,0.199173,0.20434,0,0
33382,,10,0,1,1,0,1,1,9,0.194556,0.198958,0,0
33383,,7,0,1,1,0,1,1,8,0.265449,0.276753,0,0
33384,,5,0,1,1,0,1,1,9,0.197675,0.202403,0,0
33386,,24,0,2,2,0,2,2,9,0.213253,0.219522,0,0
33387,,5,0,1,1,0,1,1,9,0.215743,0.222004,0,0
33389,,7,0,1,1,0,1,1,8,0.252153,0.261614,0,0
33391,,16,0,1,1,0,1,1,8,0.235753,0.244207,0,0
33393,,16,0,1,1,0,1,1,9,0.234736,0.243231,0,0
33394,,16,0,4,4,0,4,4,8,0.240718,0.249165,0,0
33396,,16,0,1,1,0,1,1,8,0.257544,0.268689,0,0
33397,,10,0,1,1,0,1,1,9,0.197371,0.201683,0,0
33398,,15,0,1,1,0,1,1,10,0.179156,0.182314,0,0
33400,,7,0,1,1,0,1,1,1,1,1,0,0
33402,,7,0,5,5,0,5,5,8,0.249745,0.259318,0,0.1
33405,,21,0,1,1,0,1,1,9,0.221969,0.229196,0,0
33408,,11,0,1,1,0,1,1,9,0.194289,0.198359,0,0
33413,,5,0,3,3,0,3,3,8,0.256635,0.266794,0,0.166667
33414,,11,0,1,1,0,1,1,9,0.212696,0.2189,0,0
33416,,7,0,1,1,0,1,1,8,0.248791,0.258416,0,0
33417,,8,0,1,1,0,1,1,9,0.215577,0.221749,0,0
33420,,0,0,1,1,0,1,1,8,0.226147,0.233528,0,0
33421,,13,0,1,1,0,1,1,10,0.178886,0.182567,0,0
33423,,8,0,1,1,0,1,1,9,0.231387,0.239068,0,0
33424,,21,0,1,1,0,1,1,10,0.162637,0.165121,0,0
33425,,21,0,1,1,0,1,1,10,0.162637,0.165121,0,0
33426,,5,0,8,8,0,8,8,8,0.259464,0.270291,0,0.125
33428,,121,0,1,1,0,1,1,10,0.178452,0.182062,0,0
33429,,8,0,1,1,0,1,1,8,0.262756,0.273466,0,0
33432,,0,0,1,1,0,1,1,9,0.200249,0.205725,0,0
33433,,8,0,1,1,0,1,1,9,0.216871,0.222917,0,0
33434,,8,0,1,1,0,1,1,10,0.175363,0.178603,0,0
33439,,8,0,2,2,0,2,2,9,0.224278,0.231264,0,0
33440,,11,0,1,1,0,1,1,9,0.206488,0.211947,0,0
33442,,11,0,2,2,0,2,2,8,0.2453,0.255044,0,1
33443,,6,0,3,3,0,3,3,8,0.233723,0.240872,0,0.333333
33444,,6,1,0,1,1,0,1,0,0,0,0,0
33445,,18,0,1,1,0,1,1,2,0.545455,0.583333,0,0
33447,,8,0,1,1,0,1,1,9,0.20815,0.213325,0,0
33451,,459,0,1,1,0,1,1,3,0.5,0.611111,0,0
33452,,460,0,1,1,0,1,1,1,1,1,0,0
33453,,460,1,0,1,1,0,1,0,0,0,0,0
33455,,16,0,1,1,0,1,1,9,0.234736,0.243231,0,0
33458,,8,0,1,1,0,1,1,9,0.239963,0.248532,0,0
33459,,7,0,1,1,0,1,1,8,0.244345,0.253397,0,0
33460,,16,0,1,1,0,1,1,9,0.230483,0.238015,0,0
33462,,7,0,1,1,0,1,1,8,0.257706,0.267944,0,0
33464,,0,0,1,1,0,1,1,9,0.194169,0.198907,0,0
33465,,2,0,1,1,0,1,1,9,0.212104,0.218034,0,0
33466,,8,0,1,1,0,1,1,9,0.211011,0.216637,0,0
33469,,11,0,1,1,0,1,1,8,0.239859,0.247713,0,0
33473,,8,0,1,1,0,1,1,9,0.209781,0.215335,0,0
33475,,7,0,2,2,0,2,2,8,0.257721,0.267986,0,0.5
33479,,8,0,50,50,0,50,50,8,0.298028,0.313668,0,0.068571
33480,,8,1,0,1,1,0,1,0,0,0,0,0
33481,,8,1,0,1,1,0,1,0,0,0,0,0
33482,,0,0,6,6,0,6,6,9,0.224464,0.231743,0,0.166667
33973,,0,1,0,1,1,0,1,0,0,0,0,0
33485,,7,0,1,1,0,1,1,9,0.200066,0.204368,0,0
33486,,7,0,1,1,0,1,1,7,0.293553,0.307954,0,0
33492,,7,0,1,1,0,1,1,8,0.257706,0.267944,0,0
33493,,16,0,1,1,0,1,1,11,0.145633,0.147634,0,0
33495,,10,0,1,1,0,1,1,9,0.229337,0.237191,0,0
33496,,2,0,1,1,0,1,1,9,0.238286,0.246733,0,0
33497,,461,0,1,1,0,1,1,1,1,1,0,0
33498,,461,1,0,1,1,0,1,0,0,0,0,0
33501,,8,0,1,1,0,1,1,10,0.182973,0.186681,0,0
33502,,8,0,1,1,0,1,1,10,0.184711,0.188557,0,0
33504,,8,0,2,2,0,2,2,9,0.23087,0.238562,0,0.5
33505,,5,0,1,1,0,1,1,8,0.23956,0.24711,0,0
33507,,16,0,2,2,0,2,2,9,0.215567,0.221926,0,0.5
33508,,7,0,1,1,0,1,1,8,0.271138,0.283493,0,0
33510,,8,0,1,1,0,1,1,9,0.193636,0.197971,0,0
33511,,8,0,1,1,0,1,1,8,0.243999,0.252847,0,0
33512,,6,0,1,1,0,1,1,9,0.199422,0.203936,0,0
33513,,8,0,1,1,0,1,1,1,1,1,0,0
33515,,11,0,1,1,0,1,1,8,0.242301,0.250673,0,0
33517,,16,0,1,1,0,1,1,9,0.219278,0.22586,0,0
33519,,15,0,1,1,0,1,1,1,1,1,0,0
33520,,2,0,1,1,0,1,1,8,0.261475,0.272568,0,0
33522,,8,0,1,1,0,1,1,1,1,1,0,0
33523,,21,0,1,1,0,1,1,9,0.221969,0.229196,0,0
33525,,7,0,3,3,0,3,3,8,0.26083,0.27175,0,0.5
33528,,0,0,1,1,0,1,1,8,0.232191,0.239323,0,0
33529,,7,0,1,1,0,1,1,9,0.200066,0.204368,0,0
33530,,10,0,1,1,0,1,1,8,0.217397,0.223349,0,0
33531,,7,0,1,1,0,1,1,9,0.20921,0.214873,0,0
33532,,7,0,1,1,0,1,1,9,0.226164,0.233246,0,0
33533,,2,0,1,1,0,1,1,9,0.218282,0.224678,0,0
33535,,11,0,1,1,0,1,1,8,0.247792,0.25846,0,0
33537,,8,0,1,1,0,1,1,9,0.213481,0.219174,0,0
33538,,5,0,1,1,0,1,1,10,0.178887,0.182524,0,0
33540,,11,0,1,1,0,1,1,10,0.174292,0.177627,0,0
33541,,11,0,1,1,0,1,1,9,0.217908,0.22531,0,0
33546,,10,0,1,1,0,1,1,10,0.176408,0.179844,0,0
33547,,7,0,1,1,0,1,1,9,0.235473,0.242933,0,0
33548,,10,0,1,1,0,1,1,1,1,1,0,0
33549,,11,0,1,1,0,1,1,9,0.219952,0.2264,0,0
33550,,12,0,1,1,0,1,1,9,0.205672,0.210922,0,0
33551,,1,0,1,1,0,1,1,1,1,1,0,0
33552,,11,0,1,1,0,1,1,1,1,1,0,0
33553,,11,1,2,3,1,2,3,9,0.215625,0.221633,0,1
33554,,16,0,1,1,0,1,1,8,0.257544,0.268689,0,0
33558,,16,0,1,1,0,1,1,9,0.196863,0.201279,0,0
33559,,8,0,1,1,0,1,1,8,0.262756,0.273466,0,0
33563,,11,0,1,1,0,1,1,9,0.210874,0.217038,0,0
33564,,24,0,1,1,0,1,1,9,0.218761,0.22523,0,0
33567,,462,0,1,1,0,1,1,1,1,1,0,0
33568,,462,1,0,1,1,0,1,0,0,0,0,0
33569,,11,0,1,1,0,1,1,9,0.214866,0.221492,0,0
33570,,11,0,1,1,0,1,1,9,0.224856,0.232784,0,0
33571,,11,0,1,1,0,1,1,8,0.251382,0.261452,0,0
33573,,16,0,4,4,0,4,4,8,0.236532,0.245228,0,0.833333
33574,,16,0,1,1,0,1,1,8,0.257544,0.268689,0,0
35441,,11,1,0,1,1,0,1,0,0,0,0,0
33578,,7,0,1,1,0,1,1,9,0.222499,0.229441,0,0
33579,,24,0,1,1,0,1,1,9,0.207822,0.213226,0,0
33581,,11,0,1,1,0,1,1,8,0.239859,0.247713,0,0
33586,,11,0,1,1,0,1,1,9,0.220826,0.22761,0,0
33590,,16,0,2,2,0,2,2,8,0.239563,0.247921,0,0
33591,,16,0,1,1,0,1,1,8,0.257544,0.268689,0,0
33592,,9,0,3,3,0,3,3,10,0.1649,0.168085,0,0.666667
33593,,7,0,2,2,0,2,2,9,0.224339,0.231508,0,1
33594,,7,0,1,1,0,1,1,1,1,1,0,0
33596,,11,0,1,1,0,1,1,9,0.205347,0.210863,0,0
34224,,7,1,1,2,1,1,2,1,1,1,25976,0
33598,,24,0,1,1,0,1,1,10,0.181675,0.185336,0,0
33603,,16,0,1,1,0,1,1,8,0.257544,0.268689,0,0
33604,,21,0,1,1,0,1,1,9,0.221969,0.229196,0,0
33606,,7,0,1,1,0,1,1,9,0.228104,0.235296,0,0
33608,,8,0,2,2,0,2,2,9,0.225779,0.232805,0,0
33667,,7,1,0,1,1,0,1,0,0,0,0,0
33610,,8,0,1,1,0,1,1,1,1,1,0,0
33612,,7,0,1,1,0,1,1,9,0.221836,0.22815,0,0
33615,,11,0,1,1,0,1,1,8,0.236535,0.24595,0,0
33616,,7,0,1,1,0,1,1,9,0.207609,0.212853,0,0
33617,,7,0,1,1,0,1,1,1,1,1,0,0
33619,,15,0,1,1,0,1,1,9,0.222815,0.230116,0,0
33621,,16,0,1,1,0,1,1,9,0.210713,0.216558,0,0
33622,,463,0,1,1,0,1,1,1,1,1,0,0
33623,,463,1,0,1,1,0,1,0,0,0,0,0
33624,,7,0,1,1,0,1,1,9,0.200066,0.204368,0,0
33625,,8,0,1,1,0,1,1,9,0.211236,0.21683,0,0
33627,,7,0,1,1,0,1,1,8,0.257706,0.267944,0,0
33628,,11,0,1,1,0,1,1,9,0.226657,0.233753,0,0
33632,,16,0,2,2,0,2,2,8,0.257548,0.268715,0,1
33633,,8,0,1,1,0,1,1,8,0.235105,0.243285,0,0
33635,,4,0,3,3,0,3,3,11,0.152951,0.155115,0,1
33636,,4,0,3,3,0,3,3,11,0.152951,0.155115,0,1
33638,,7,0,1,1,0,1,1,8,0.252153,0.261614,0,0
33641,,8,0,1,1,0,1,1,9,0.216146,0.222184,0,0
33643,,16,0,1,1,0,1,1,8,0.257544,0.268689,0,0
33644,,9,0,3,3,0,3,3,9,0.199202,0.204302,0,0.333333
35460,,9,1,0,1,1,0,1,0,0,0,0,0
33645,,11,1,1,2,1,1,2,9,0.222661,0.228772,39.759809,0
33646,,11,0,1,1,0,1,1,9,0.189968,0.194389,0,0
33647,,16,0,1,1,0,1,1,9,0.214045,0.219989,0,0
33650,,21,0,1,1,0,1,1,9,0.193465,0.197512,0,0
33651,,21,0,1,1,0,1,1,9,0.192495,0.19832,0,0
33652,,8,0,1,1,0,1,1,8,0.231489,0.238755,0,0
33653,,11,0,1,1,0,1,1,8,0.216596,0.222828,0,0
33656,,1,0,1,1,0,1,1,9,0.219196,0.225231,0,0
33657,,16,0,1,1,0,1,1,8,0.257544,0.268689,0,0
33658,,464,0,1,1,0,1,1,1,1,1,0,0
33659,,464,1,0,1,1,0,1,0,0,0,0,0
33661,,10,0,1,1,0,1,1,9,0.212547,0.218255,0,0
33662,,0,0,1,1,0,1,1,9,0.196102,0.200893,0,0
33663,,2,0,1,1,0,1,1,9,0.238286,0.246733,0,0
33665,,11,0,1,1,0,1,1,9,0.205257,0.210582,0,0
33670,,7,0,1,1,0,1,1,9,0.204906,0.209904,0,0
33673,,13,0,1,1,0,1,1,9,0.217837,0.224577,0,0
33674,,21,0,2,2,0,2,2,9,0.222266,0.229577,0,0.5
33675,,8,0,1,1,0,1,1,10,0.183703,0.187709,0,0
33677,,16,0,2,2,0,2,2,8,0.234959,0.243213,0,1
33678,,13,0,1,1,0,1,1,9,0.217837,0.224577,0,0
33679,,16,0,3,3,0,3,3,8,0.26358,0.274572,0,0.666667
33681,,8,0,1,1,0,1,1,9,0.218297,0.224718,0,0
33683,,8,0,1,1,0,1,1,9,0.198884,0.203512,0,0
33687,,8,0,1,1,0,1,1,9,0.171887,0.17496,0,0
33688,,7,0,2,2,0,2,2,9,0.226351,0.233192,0,0.5
33689,,5,0,1,1,0,1,1,9,0.209401,0.215118,0,0
33690,,10,0,1,1,0,1,1,10,0.194816,0.199579,0,0
33691,,465,0,1,1,0,1,1,1,1,1,0,0
33692,,465,1,0,1,1,0,1,0,0,0,0,0
33693,,5,0,2,2,0,2,2,9,0.231697,0.239325,0,0.5
33694,,11,0,1,1,0,1,1,9,0.196354,0.201057,0,0
33696,,24,0,1,1,0,1,1,9,0.216278,0.22219,0,0
33697,,8,0,1,1,0,1,1,8,0.255022,0.264509,0,0
33699,,11,0,1,1,0,1,1,9,0.232956,0.241234,0,0
33703,,10,0,4,4,0,4,4,9,0.196773,0.200953,0,0
33704,,10,1,0,1,1,0,1,0,0,0,0,0
33705,,10,0,1,1,0,1,1,8,0.236767,0.24412,0,0
33707,,8,0,1,1,0,1,1,1,1,1,0,0
33708,,12,0,1,1,0,1,1,9,0.208155,0.213697,0,0
33710,,7,0,1,1,0,1,1,8,0.242475,0.25106,0,0
33711,,7,0,1,1,0,1,1,9,0.221094,0.227895,0,0
33712,,8,0,1,1,0,1,1,9,0.231387,0.239068,0,0
33714,,9,0,2,2,0,2,2,9,0.204908,0.210084,0,0
33716,,21,0,1,1,0,1,1,10,0.186181,0.189967,0,0
33717,,466,0,1,1,0,1,1,1,1,1,0,0
33718,,466,1,0,1,1,0,1,0,0,0,0,0
33719,,16,0,1,1,0,1,1,8,0.257544,0.268689,0,0
33720,,1,0,1,1,0,1,1,8,0.232406,0.239626,0,0
33721,,24,0,1,1,0,1,1,9,0.207815,0.213246,0,0
33722,,24,0,1,1,0,1,1,9,0.216278,0.22219,0,0
33723,,7,0,1,1,0,1,1,10,0.178867,0.182209,0,0
33724,,8,0,1,1,0,1,1,8,0.233056,0.241283,0,0
33725,,8,0,1,1,0,1,1,8,0.234991,0.243288,0,0
33728,,11,0,1,1,0,1,1,9,0.23666,0.245195,0,0
33729,,12,0,1,1,0,1,1,8,0.236841,0.24458,0,0
33730,,5,0,1,1,0,1,1,10,0.187328,0.191544,0,0
33731,,11,0,1,1,0,1,1,8,0.232418,0.240737,0,0
33732,,9,0,1,1,0,1,1,11,0.150755,0.152747,0,0
33734,,21,0,2,2,0,2,2,1,1,1,0,0
33738,,9,0,1,1,0,1,1,11,0.151124,0.1532,0,0
33739,,10,0,1,1,0,1,1,9,0.229337,0.237191,0,0
33741,,7,0,1,1,0,1,1,8,0.257706,0.267944,0,0
33743,,21,0,1,1,0,1,1,9,0.221969,0.229196,0,0
33744,,11,0,1,1,0,1,1,9,0.222541,0.229274,0,0
33745,,11,0,1,1,0,1,1,9,0.21948,0.225447,0,0
33748,,5,0,1,1,0,1,1,10,0.187328,0.191544,0,0
33749,,5,0,1,1,0,1,1,10,0.187328,0.191544,0,0
33750,,5,0,1,1,0,1,1,10,0.187328,0.191544,0,0
33751,,5,0,1,1,0,1,1,10,0.187328,0.191544,0,0
33752,,8,0,1,1,0,1,1,9,0.227844,0.235164,0,0
33754,,9,0,3,3,0,3,3,9,0.209131,0.214504,0,0
33755,,7,0,1,1,0,1,1,9,0.199112,0.203549,0,0
33756,,7,0,1,1,0,1,1,9,0.199112,0.203549,0,0
33757,,11,0,1,1,0,1,1,9,0.220268,0.2265,0,0
33758,,0,0,3,3,0,3,3,10,0.173527,0.177099,0,0.666667
33759,,467,0,1,1,0,1,1,1,1,1,0,0
33760,,467,1,0,1,1,0,1,0,0,0,0,0
33762,,7,0,4,4,0,4,4,8,0.272125,0.284759,0,0.416667
33763,,5,0,1,1,0,1,1,8,0.244933,0.25344,0,0
33764,,16,0,1,1,0,1,1,9,0.1979,0.202918,0,0
33765,,5,0,1,1,0,1,1,8,0.23956,0.24711,0,0
33769,,9,0,20,20,0,20,20,9,0.185749,0.190997,0,0.118421
34115,,9,2,0,2,2,0,2,0,0,0,0,0.5
35255,,9,1,0,1,1,0,1,0,0,0,0,0
35516,,9,1,0,1,1,0,1,0,0,0,0,0
33771,,7,0,1,1,0,1,1,9,0.204967,0.210001,0,0
33773,,9,0,1,1,0,1,1,10,0.164896,0.168023,0,0
33774,,16,0,1,1,0,1,1,10,0.179856,0.183247,0,0
33776,,21,0,2,2,0,2,2,8,0.262763,0.273502,0,0
33780,,7,0,1,1,0,1,1,9,0.208127,0.213306,0,0
33781,,11,0,1,1,0,1,1,9,0.217769,0.22458,0,0
33782,,0,0,1,1,0,1,1,9,0.208947,0.214795,0,0
33783,,13,0,2,2,0,2,2,8,0.232987,0.241006,0,1
33784,,7,0,1,1,0,1,1,9,0.214238,0.220189,0,0
33786,,8,0,1,1,0,1,1,1,1,1,0,0
33788,,12,0,1,1,0,1,1,8,0.236841,0.24458,0,0
33789,,5,0,1,1,0,1,1,1,1,1,0,0
33791,,8,0,1,1,0,1,1,9,0.211072,0.21673,0,0
33794,,7,0,1,1,0,1,1,8,0.257706,0.267944,0,0
33795,,2,0,2,2,0,2,2,8,0.262811,0.274125,0,1
33798,,10,0,8,8,0,8,8,9,0.23166,0.23954,0,0.107143
33799,,15,0,1,1,0,1,1,9,0.211887,0.217855,0,0
33800,,468,0,1,1,0,1,1,1,1,1,0,0
33801,,468,1,0,1,1,0,1,0,0,0,0,0
33803,,11,0,1,1,0,1,1,9,0.207661,0.213494,0,0
33805,,6,0,1,1,0,1,1,9,0.204284,0.209641,0,0
33810,,8,0,1,1,0,1,1,9,0.198884,0.203512,0,0
33811,,11,0,1,1,0,1,1,10,0.173599,0.176936,0,0
33812,,11,0,1,1,0,1,1,9,0.20702,0.213137,0,0
33813,,10,0,1,1,0,1,1,9,0.185667,0.189849,0,0
33815,,7,0,1,1,0,1,1,8,0.244503,0.252663,0,0
33816,,8,0,1,1,0,1,1,1,1,1,0,0
33817,,0,0,1,1,0,1,1,9,0.211335,0.217165,0,0
33818,,8,0,1,1,0,1,1,1,1,1,0,0
33819,,7,0,1,1,0,1,1,8,0.265449,0.276753,0,0
33821,,9,0,2,2,0,2,2,10,0.164899,0.168058,0,1
33822,,0,0,4,4,0,4,4,8,0.25659,0.26716,0,0.166667
33824,,7,0,1,1,0,1,1,8,0.232953,0.240316,0,0
33825,,24,0,1,1,0,1,1,10,0.177817,0.181262,0,0
33827,,19,0,1,1,0,1,1,9,0.193733,0.198249,0,0
33828,,21,0,1,1,0,1,1,9,0.213332,0.219326,0,0
33829,,8,0,1,1,0,1,1,8,0.262756,0.273466,0,0
33830,,3,0,1,1,0,1,1,9,0.232872,0.240708,0,0
33834,,10,0,1,1,0,1,1,9,0.238286,0.246157,0,0
33835,,7,0,1,1,0,1,1,9,0.214602,0.220513,0,0
33836,,7,0,1,1,0,1,1,9,0.218461,0.224529,0,0
33837,,9,0,1,1,0,1,1,9,0.200119,0.204941,0,0
33838,,6,0,2,2,0,2,2,9,0.204071,0.209258,0,0.5
33839,,10,0,1,1,0,1,1,9,0.215274,0.221176,0,0
33843,,2,0,1,1,0,1,1,1,1,1,0,0
33845,,7,0,1,1,0,1,1,9,0.208947,0.214165,0,0
33846,,0,0,1,1,0,1,1,9,0.216599,0.222787,0,0
33848,,13,0,1,1,0,1,1,9,0.20184,0.206976,0,0
33849,,7,0,2,2,0,2,2,9,0.20536,0.21073,0,0
33851,,16,0,1,1,0,1,1,8,0.257544,0.268689,0,0
33853,,11,0,1,1,0,1,1,9,0.211511,0.216772,0,0
33855,,12,0,1,1,0,1,1,9,0.196125,0.200716,0,0
33857,,7,0,1,1,0,1,1,1,1,1,0,0
33858,,0,0,2,2,0,2,2,8,0.248106,0.256992,0,0
33859,,6,0,2,2,0,2,2,9,0.202565,0.207614,0,1
33860,,15,0,1,1,0,1,1,9,0.220858,0.227933,0,0
33861,,5,0,2,2,0,2,2,8,0.239877,0.247699,0,0
33862,,16,0,1,1,0,1,1,9,0.194667,0.199521,0,0
33863,,8,0,1,1,0,1,1,9,0.212528,0.218441,0,0
33864,,11,0,1,1,0,1,1,9,0.208855,0.214236,0,0
33866,,11,0,1,1,0,1,1,9,0.217651,0.224244,0,0
33867,,11,0,1,1,0,1,1,9,0.203489,0.208664,0,0
33869,,9,0,1,1,0,1,1,10,0.177506,0.180764,0,0
33871,,442,1,2,3,1,2,3,1,1,1,51956,0
34513,,442,1,0,1,1,0,1,0,0,0,0,0
34557,,442,1,0,1,1,0,1,0,0,0,0,0
33873,,12,0,2,2,0,2,2,9,0.19577,0.200088,0,0
33874,,7,0,5,5,0,5,5,8,0.26579,0.277323,0,0.15
33875,,9,0,1,1,0,1,1,10,0.177506,0.180764,0,0
33877,,11,0,1,1,0,1,1,8,0.267429,0.278245,0,0
33878,,16,0,1,1,0,1,1,9,0.216208,0.222155,0,0
33879,,8,0,1,1,0,1,1,9,0.209259,0.214889,0,0
33880,,0,0,1,1,0,1,1,8,0.230345,0.238007,0,0
33881,,7,0,1,1,0,1,1,9,0.222499,0.229441,0,0
33882,,11,0,1,1,0,1,1,8,0.251382,0.261452,0,0
33884,,7,0,1,1,0,1,1,9,0.212064,0.218043,0,0
33886,,9,0,1,1,0,1,1,1,1,1,0,0
33889,,15,0,1,1,0,1,1,10,0.179156,0.182314,0,0
33890,,8,0,1,1,0,1,1,9,0.225039,0.232567,0,0
33891,,11,0,1,1,0,1,1,9,0.214333,0.220614,0,0
33893,,0,0,1,1,0,1,1,1,1,1,0,0
33896,,8,0,1,1,0,1,1,8,0.263743,0.27463,0,0
33897,,8,0,1,1,0,1,1,9,0.224577,0.231594,0,0
33900,,10,0,1,1,0,1,1,10,0.162503,0.16503,0,0
33902,,11,0,1,1,0,1,1,9,0.208762,0.214329,0,0
33904,,11,0,1,1,0,1,1,9,0.22643,0.233486,0,0
33906,,11,0,2,2,0,2,2,8,0.251385,0.261478,0,1
33907,,11,0,1,1,0,1,1,9,0.211304,0.216824,0,0
33908,,6,0,1,1,0,1,1,9,0.226458,0.233655,0,0
33914,,16,0,1,1,0,1,1,8,0.257544,0.268689,0,0
33915,,16,0,1,1,0,1,1,11,0.160269,0.162784,0,0
33916,,10,0,3,3,0,3,3,10,0.176423,0.179931,0,0
33917,,6,0,1,1,0,1,1,8,0.249084,0.258104,0,0
33918,,11,0,2,2,0,2,2,9,0.235105,0.242749,0,0.5
33920,,16,0,3,3,0,3,3,9,0.227302,0.234551,0,0.5
33921,,16,0,1,1,0,1,1,9,0.234736,0.243231,0,0
33922,,21,1,1,2,1,1,2,10,0.18167,0.185563,18560.369108,0
33924,,8,0,1,1,0,1,1,9,0.208825,0.214124,0,0
33926,,24,0,3,3,0,3,3,9,0.211737,0.218088,0,0
33930,,24,0,1,1,0,1,1,9,0.217963,0.224044,0,0
33931,,15,0,1,1,0,1,1,10,0.177974,0.18159,0,0
33932,,10,0,1,1,0,1,1,9,0.229337,0.237191,0,0
33933,,9,0,1,1,0,1,1,1,1,1,0,0
33934,,10,0,1,1,0,1,1,10,0.162503,0.16503,0,0
33935,,7,0,1,1,0,1,1,9,0.208947,0.214165,0,0
33936,,8,0,1,1,0,1,1,1,1,1,0,0
33937,,24,0,1,1,0,1,1,1,1,1,0,0
33939,,6,0,1,1,0,1,1,2,0.666667,0.75,0,0
33989,,0,1,2,3,1,2,3,1,1,1,2,0
33942,,8,0,1,1,0,1,1,9,0.215567,0.221603,0,0
33943,,16,0,1,1,0,1,1,8,0.257544,0.268689,0,0
33944,,8,0,1,1,0,1,1,8,0.262756,0.273466,0,0
33947,,11,0,1,1,0,1,1,9,0.208162,0.213687,0,0
33950,,5,0,1,1,0,1,1,9,0.213822,0.21934,0,0
33951,,0,0,1,1,0,1,1,8,0.230345,0.238007,0,0
33952,,8,0,1,1,0,1,1,9,0.216199,0.222536,0,0
33954,,15,0,1,1,0,1,1,10,0.179156,0.182314,0,0
33955,,21,0,1,1,0,1,1,11,0.152113,0.154195,0,0
33956,,16,0,1,1,0,1,1,8,0.257544,0.268689,0,0
33957,,8,0,1,1,0,1,1,9,0.224618,0.231248,0,0
33959,,6,0,2,2,0,2,2,8,0.253276,0.262884,0,1
33961,,10,0,1,1,0,1,1,8,0.234094,0.242348,0,0
33962,,7,0,1,1,0,1,1,8,0.242475,0.25106,0,0
33963,,11,0,1,1,0,1,1,9,0.208929,0.214819,0,0
33964,,7,0,3,3,0,3,3,7,0.295363,0.310147,0,0.5
33965,,7,0,1,1,0,1,1,9,0.22391,0.230514,0,0
33968,,5,0,1,1,0,1,1,1,1,1,0,0
33969,,8,0,1,1,0,1,1,9,0.209903,0.215811,0,0
33970,,8,0,1,1,0,1,1,9,0.209678,0.215098,0,0
33971,,469,0,1,1,0,1,1,1,1,1,0,0
33972,,469,1,0,1,1,0,1,0,0,0,0,0
33975,,8,0,1,1,0,1,1,1,1,1,0,0
33978,,11,0,1,1,0,1,1,9,0.208121,0.214176,0,0
33979,,16,0,1,1,0,1,1,8,0.257544,0.268689,0,0
33980,,12,0,1,1,0,1,1,9,0.208155,0.213697,0,0
33981,,11,0,1,1,0,1,1,9,0.192913,0.196689,0,0
33982,,9,0,1,1,0,1,1,10,0.164896,0.168023,0,0
33983,,10,0,1,1,0,1,1,2,0.571429,0.625,0,0
33984,,21,0,1,1,0,1,1,1,1,1,0,0
33986,,11,0,7,7,0,7,7,8,0.266245,0.277591,0,0.02381
33987,,1,0,2,2,0,2,2,9,0.194606,0.198878,0,0
33992,,8,0,1,1,0,1,1,9,0.217626,0.22351,0,0
33994,,16,0,1,1,0,1,1,1,1,1,0,0
33995,,8,0,2,2,0,2,2,9,0.22078,0.22776,0,0.5
33996,,11,0,11,11,0,11,11,8,0.246099,0.255742,0,0
34385,,11,1,0,1,1,0,1,0,0,0,0,0
33997,,8,0,1,1,0,1,1,8,0.234991,0.243288,0,0
33998,,0,0,1,1,0,1,1,9,0.192206,0.196986,0,0
33999,,8,0,1,1,0,1,1,9,0.239963,0.248532,0,0
34002,,470,0,1,1,0,1,1,1,1,1,0,0
34003,,470,1,0,1,1,0,1,0,0,0,0,0
34004,,8,0,2,2,0,2,2,8,0.243482,0.251758,0,0
34005,,5,0,7,7,0,7,7,8,0.249685,0.25907,0,0.238095
34008,,11,0,1,1,0,1,1,8,0.237376,0.246856,0,0
34009,,8,0,1,1,0,1,1,9,0.221309,0.227843,0,0
34010,,7,0,2,2,0,2,2,9,0.22676,0.234084,0,0
34011,,11,0,1,1,0,1,1,9,0.211304,0.216824,0,0
34012,,2,0,1,1,0,1,1,8,0.261475,0.272568,0,0
34013,,7,0,1,1,0,1,1,1,1,1,0,0
34015,,11,0,1,1,0,1,1,10,0.181659,0.185505,0,0
34016,,9,0,1,1,0,1,1,9,0.208199,0.213456,0,0
34017,,7,0,2,2,0,2,2,7,0.296372,0.311404,0,1
34018,,1,0,1,1,0,1,1,8,0.229128,0.236488,0,0
34019,,471,0,1,1,0,1,1,1,1,1,0,0
34020,,471,1,0,1,1,0,1,0,0,0,0,0
34023,,8,0,1,1,0,1,1,8,0.262756,0.273466,0,0
34024,,7,0,1,1,0,1,1,1,1,1,0,0
34025,,7,0,2,2,0,2,2,8,0.233311,0.240323,0,0
34029,,8,0,1,1,0,1,1,9,0.227168,0.234544,0,0
34033,,7,0,1,1,0,1,1,8,0.225776,0.232613,0,0
34034,,472,0,1,1,0,1,1,1,1,1,0,0
34035,,472,1,0,1,1,0,1,0,0,0,0,0
34036,,10,0,1,1,0,1,1,8,0.233638,0.242002,0,0
34037,,5,0,2,2,0,2,2,9,0.20941,0.215167,0,0.5
34038,,16,0,1,1,0,1,1,8,0.257544,0.268689,0,0
34040,,11,0,1,1,0,1,1,8,0.227253,0.234761,0,0
34042,,5,0,1,1,0,1,1,8,0.245851,0.255055,0,0
34043,,6,0,1,1,0,1,1,9,0.202971,0.207926,0,0
34045,,11,0,1,1,0,1,1,8,0.229011,0.236303,0,0
34046,,15,0,1,1,0,1,1,10,0.188052,0.192177,0,0
34047,,7,0,1,1,0,1,1,8,0.242475,0.25106,0,0
34048,,8,0,1,1,0,1,1,8,0.251449,0.261106,0,0
34052,,6,0,1,1,0,1,1,1,1,1,0,0
34053,,11,1,1,2,1,1,2,1,1,1,0,0
34056,,11,0,1,1,0,1,1,9,0.197667,0.202287,0,0
34057,,8,0,1,1,0,1,1,10,0.167226,0.169765,0,0
34058,,24,0,1,1,0,1,1,9,0.219117,0.22557,0,0
34059,,7,0,1,1,0,1,1,9,0.235473,0.242933,0,0
34060,,7,0,1,1,0,1,1,1,1,1,0,0
34061,,2,0,2,2,0,2,2,9,0.238389,0.246904,0,0
34063,,11,0,1,1,0,1,1,9,0.222226,0.228905,0,0
34064,,121,0,1,1,0,1,1,10,0.178452,0.182062,0,0
34065,,8,0,1,1,0,1,1,9,0.193929,0.198102,0,0
34066,,2,1,1,2,1,1,2,9,0.210485,0.215946,0,0.5
34068,,2,0,3,3,0,3,3,9,0.217338,0.223655,0,0.166667
34069,,6,0,1,1,0,1,1,8,0.249084,0.258104,0,0
34070,,7,0,1,1,0,1,1,9,0.213067,0.218887,0,0
34071,,8,0,1,1,0,1,1,9,0.221839,0.228332,0,0
34073,,7,0,1,1,0,1,1,8,0.257706,0.267944,0,0
34074,,15,0,1,1,0,1,1,9,0.214913,0.220648,0,0
34075,,7,0,1,1,0,1,1,9,0.218751,0.224866,0,0
34076,,6,0,1,1,0,1,1,1,1,1,0,0
34077,,7,0,1,1,0,1,1,8,0.265449,0.276753,0,0
34079,,6,0,1,1,0,1,1,8,0.247395,0.256736,0,0
34080,,15,0,1,1,0,1,1,2,0.666667,0.75,0,0
34081,,16,0,1,1,0,1,1,9,0.234736,0.243231,0,0
34085,,0,0,1,1,0,1,1,10,0.17877,0.182219,0,0
34087,,24,0,4,4,0,4,4,9,0.21914,0.226063,0,0.333333
34089,,8,0,1,1,0,1,1,8,0.262756,0.273466,0,0
34093,,7,0,1,1,0,1,1,9,0.196524,0.201048,0,0
34094,,8,0,2,2,0,2,2,9,0.223148,0.230149,0,0
34095,,16,0,1,1,0,1,1,8,0.257544,0.268689,0,0
34096,,473,0,1,1,0,1,1,1,1,1,0,0
34097,,473,1,0,1,1,0,1,0,0,0,0,0
34098,,11,0,1,1,0,1,1,9,0.214333,0.220614,0,0
34099,,6,0,1,1,0,1,1,1,1,1,0,0
34100,,5,0,1,1,0,1,1,8,0.224682,0.231308,0,0
34102,,21,0,1,1,0,1,1,1,1,1,0,0
34104,,21,0,1,1,0,1,1,1,1,1,0,0
34106,,2,0,2,2,0,2,2,9,0.208664,0.21419,0,0
34107,,2,0,1,1,0,1,1,8,0.261475,0.272568,0,0
34108,,15,0,1,1,0,1,1,9,0.220178,0.227274,0,0
34109,,8,0,1,1,0,1,1,9,0.222497,0.229179,0,0
34110,,6,0,1,1,0,1,1,9,0.204253,0.209483,0,0
34112,,7,0,1,1,0,1,1,9,0.217943,0.224069,0,0
34113,,5,0,4,4,0,4,4,9,0.234327,0.242219,0,0.416667
34116,,1,0,1,1,0,1,1,10,0.178303,0.181862,0,0
34117,,8,0,1,1,0,1,1,8,0.243999,0.252847,0,0
34118,,0,0,1,1,0,1,1,9,0.222605,0.230046,0,0
34121,,474,0,1,1,0,1,1,1,1,1,0,0
34122,,474,1,0,1,1,0,1,0,0,0,0,0
34123,,9,0,1,1,0,1,1,11,0.141623,0.143776,0,0
34126,,21,0,1,1,0,1,1,9,0.221969,0.229196,0,0
34127,,8,0,1,1,0,1,1,10,0.191306,0.195312,0,0
34129,,10,0,1,1,0,1,1,9,0.219903,0.226625,0,0
34130,,3,0,1,1,0,1,1,12,0.128771,0.130239,0,0
34133,,11,0,1,1,0,1,1,10,0.190291,0.194714,0,0
34134,,475,0,1,1,0,1,1,1,1,1,0,0
34135,,475,1,0,1,1,0,1,0,0,0,0,0
34137,,10,0,1,1,0,1,1,8,0.248433,0.25796,0,0
34139,,15,0,1,1,0,1,1,9,0.203544,0.209057,0,0
34142,,7,0,3,3,0,3,3,8,0.240082,0.248471,0,0.5
34143,,11,0,1,1,0,1,1,1,1,1,0,0
34144,,11,0,1,1,0,1,1,8,0.244275,0.253708,0,0
34147,,8,0,1,1,0,1,1,9,0.230193,0.238549,0,0
34148,,1,0,1,1,0,1,1,10,0.192438,0.196795,0,0
34150,,7,0,1,1,0,1,1,2,0.666667,0.75,0,0
34151,,7,1,1,2,1,1,2,1,1,1,1,0
34153,,10,0,1,1,0,1,1,8,0.23897,0.247046,0,0
34156,,7,0,1,1,0,1,1,9,0.215725,0.221768,0,0
34157,,8,0,1,1,0,1,1,8,0.251452,0.260347,0,0
34158,,16,0,1,1,0,1,1,9,0.199365,0.204461,0,0
34160,,9,0,1,1,0,1,1,10,0.164896,0.168023,0,0
34163,,7,0,2,2,0,2,2,8,0.24451,0.253761,0,0.5
34164,,1,0,1,1,0,1,1,8,0.229128,0.236488,0,0
34165,,8,0,1,1,0,1,1,8,0.234991,0.243288,0,0
34168,,11,0,1,1,0,1,1,1,1,1,0,0
34169,,0,0,2,2,0,2,2,11,0.147227,0.149348,0,0
34171,,16,1,1,2,1,1,2,10,0.178939,0.182224,0,0
34172,,16,1,1,2,1,1,2,10,0.178939,0.182224,0,0
34175,,16,0,1,1,0,1,1,10,0.178945,0.182241,0,0
34177,,16,0,1,1,0,1,1,10,0.178945,0.182241,0,0
34179,,16,0,1,1,0,1,1,10,0.178945,0.182241,0,0
34181,,8,0,2,2,0,2,2,8,0.247103,0.255735,0,0
34182,,2,0,1,1,0,1,1,9,0.212487,0.218157,0,0
34183,,8,0,10,10,0,10,10,8,0.277752,0.290826,0,0.344444
34186,,7,0,1,1,0,1,1,8,0.233233,0.240201,0,0
34187,,7,0,1,1,0,1,1,9,0.193032,0.196903,0,0
34189,,11,0,1,1,0,1,1,8,0.237095,0.244476,0,0
34192,,21,0,3,3,0,3,3,9,0.224476,0.232109,0,1
34194,,10,0,1,1,0,1,1,9,0.221928,0.228393,0,0
34197,,11,0,1,1,0,1,1,8,0.236535,0.24595,0,0
34202,,13,0,3,3,0,3,3,9,0.219585,0.226384,0,0.833333
34204,,3,0,1,1,0,1,1,9,0.232872,0.240708,0,0
34205,,15,0,1,1,0,1,1,9,0.220312,0.226978,0,0
34207,,15,0,1,1,0,1,1,10,0.183664,0.187335,0,0
34208,,10,0,1,1,0,1,1,9,0.216686,0.223215,0,0
34209,,8,0,1,1,0,1,1,1,1,1,0,0
34210,,11,0,1,1,0,1,1,8,0.251382,0.261452,0,0
34211,,9,0,1,1,0,1,1,10,0.164896,0.168023,0,0
34212,,16,0,1,1,0,1,1,9,0.214954,0.220677,0,0
34213,,9,0,1,1,0,1,1,10,0.164896,0.168023,0,0
34215,,6,0,2,2,0,2,2,8,0.248217,0.257679,0,0.5
34216,,16,0,1,1,0,1,1,8,0.235753,0.244207,0,0
34218,,8,0,1,1,0,1,1,9,0.217036,0.223277,0,0
34219,,7,0,1,1,0,1,1,9,0.213897,0.219946,0,0
34222,,11,0,1,1,0,1,1,8,0.229374,0.235958,0,0
34223,,8,0,1,1,0,1,1,9,0.225695,0.232516,0,0
34225,,7,1,0,1,1,0,1,0,0,0,0,0
34226,,7,0,2,2,0,2,2,9,0.235476,0.24296,0,1
34228,,8,0,1,1,0,1,1,10,0.193383,0.197884,0,0
34229,,8,0,1,1,0,1,1,8,0.248761,0.257751,0,0
34230,,8,0,1,1,0,1,1,9,0.226264,0.233982,0,0
34231,,21,0,1,1,0,1,1,9,0.221969,0.229196,0,0
34235,,476,0,1,1,0,1,1,1,1,1,0,0
34236,,476,1,0,1,1,0,1,0,0,0,0,0
34238,,21,0,3,3,0,3,3,9,0.224476,0.232109,0,1
34239,,11,0,1,1,0,1,1,8,0.238151,0.247423,0,0
34242,,8,0,1,1,0,1,1,8,0.262756,0.273466,0,0
34243,,16,0,1,1,0,1,1,8,0.257544,0.268689,0,0
34245,,5,0,1,1,0,1,1,8,0.230249,0.237146,0,0
34247,,15,0,1,1,0,1,1,9,0.21081,0.216444,0,0
34248,,16,0,1,1,0,1,1,9,0.234736,0.243231,0,0
34249,,477,0,1,1,0,1,1,1,1,1,0,0
34250,,477,1,0,1,1,0,1,0,0,0,0,0
34253,,11,0,1,1,0,1,1,9,0.200469,0.205801,0,0
34254,,478,0,1,1,0,1,1,1,1,1,0,0
34255,,478,1,0,1,1,0,1,0,0,0,0,0
34257,,11,0,1,1,0,1,1,9,0.190906,0.195091,0,0
34260,,8,0,1,1,0,1,1,9,0.195512,0.200438,0,0
34262,,16,0,1,1,0,1,1,9,0.234736,0.243231,0,0
34264,,121,0,1,1,0,1,1,12,0.131531,0.133,0,0
34265,,8,0,1,1,0,1,1,9,0.198884,0.203512,0,0
34266,,15,0,2,2,0,2,2,9,0.213759,0.219961,0,1
34267,,8,0,1,1,0,1,1,8,0.226185,0.232941,0,0
34268,,15,0,1,1,0,1,1,9,0.223336,0.230404,0,0
34269,,11,0,1,1,0,1,1,9,0.225085,0.231702,0,0
34270,,16,0,1,1,0,1,1,8,0.257544,0.268689,0,0
34271,,6,0,1,1,0,1,1,9,0.206584,0.212281,0,0
34272,,16,0,1,1,0,1,1,8,0.257544,0.268689,0,0
34273,,0,0,1,1,0,1,1,9,0.222216,0.229086,0,0
34274,,11,0,1,1,0,1,1,8,0.244433,0.254493,0,0
34275,,16,0,2,2,0,2,2,8,0.250516,0.261153,0,0.5
34276,,5,0,1,1,0,1,1,8,0.251664,0.260845,0,0
34277,,7,0,1,1,0,1,1,9,0.22667,0.233371,0,0
34278,,24,0,1,1,0,1,1,9,0.196184,0.20077,0,0
34279,,6,0,1,1,0,1,1,8,0.236758,0.244748,0,0
34280,,16,0,1,1,0,1,1,8,0.257544,0.268689,0,0
34281,,16,0,1,1,0,1,1,9,0.192204,0.196531,0,0
34282,,11,0,2,2,0,2,2,9,0.223262,0.230302,0,0.5
34284,,6,0,1,1,0,1,1,9,0.203445,0.208515,0,0
34285,,6,0,1,1,0,1,1,9,0.203445,0.208515,0,0
34286,,5,0,1,1,0,1,1,8,0.224682,0.231308,0,0
34287,,11,0,1,1,0,1,1,8,0.267429,0.278245,0,0
34288,,16,0,1,1,0,1,1,8,0.257544,0.268689,0,0
34289,,8,0,1,1,0,1,1,9,0.224765,0.231975,0,0
34291,,2,0,1,1,0,1,1,10,0.172717,0.175979,0,0
34292,,479,0,1,1,0,1,1,1,1,1,0,0
34293,,479,1,0,1,1,0,1,0,0,0,0,0
34294,,8,0,1,1,0,1,1,9,0.233264,0.241028,0,0
34295,,16,0,1,1,0,1,1,8,0.257544,0.268689,0,0
34297,,13,0,2,2,0,2,2,1,1,1,0,0
34298,,11,0,1,1,0,1,1,9,0.194245,0.198959,0,0
34300,,11,0,1,1,0,1,1,8,0.216596,0.222828,0,0
34302,,15,0,3,3,0,3,3,8,0.239228,0.246864,0,0
34303,,15,0,3,3,0,3,3,8,0.239228,0.246864,0,0
34304,,7,0,1,1,0,1,1,8,0.272188,0.283721,0,0
34305,,16,0,2,2,0,2,2,8,0.235217,0.243542,0,0
34306,,2,0,1,1,0,1,1,9,0.223883,0.231045,0,0
34309,,8,0,1,1,0,1,1,9,0.221195,0.227881,0,0
34310,,19,0,1,1,0,1,1,10,0.162295,0.164913,0,0
34311,,12,0,1,1,0,1,1,10,0.188104,0.191839,0,0
34313,,480,0,1,1,0,1,1,1,1,1,0,0
34314,,480,1,0,1,1,0,1,0,0,0,0,0
34315,,7,0,1,1,0,1,1,9,0.207293,0.21267,0,0
34316,,16,0,1,1,0,1,1,8,0.257544,0.268689,0,0
34319,,11,0,1,1,0,1,1,9,0.204014,0.209706,0,0
34321,,9,0,1,1,0,1,1,10,0.164896,0.168023,0,0
34322,,9,0,1,1,0,1,1,10,0.164896,0.168023,0,0
34323,,5,0,1,1,0,1,1,8,0.23893,0.247221,0,0
34327,,11,0,2,2,0,2,2,8,0.2374,0.246218,0,1
34328,,11,0,2,2,0,2,2,8,0.237688,0.245776,0,1
34330,,8,0,1,1,0,1,1,8,0.251449,0.261106,0,0
34331,,7,0,1,1,0,1,1,9,0.20921,0.214873,0,0
34332,,481,0,1,1,0,1,1,1,1,1,0,0
34333,,481,1,0,1,1,0,1,0,0,0,0,0
34334,,11,0,1,1,0,1,1,9,0.210874,0.217038,0,0
34336,,10,0,1,1,0,1,1,9,0.192886,0.197046,0,0
34337,,7,0,1,1,0,1,1,9,0.227327,0.234472,0,0
34338,,8,0,1,1,0,1,1,9,0.208936,0.214425,0,0
34340,,7,0,1,1,0,1,1,8,0.242475,0.25106,0,0
34341,,7,0,1,1,0,1,1,9,0.213308,0.219119,0,0
34343,,5,0,1,1,0,1,1,8,0.248302,0.257867,0,0
34344,,8,0,1,1,0,1,1,10,0.176872,0.180264,0,0
34346,,11,0,1,1,0,1,1,1,1,1,0,0
34348,,11,0,1,1,0,1,1,8,0.230091,0.237701,0,0
34349,,2,0,1,1,0,1,1,9,0.218317,0.224658,0,0
34350,,24,0,1,1,0,1,1,9,0.218312,0.224902,0,0
34353,,15,0,1,1,0,1,1,9,0.214913,0.220648,0,0
34356,,482,0,1,1,0,1,1,1,1,1,0,0
34357,,482,1,0,1,1,0,1,0,0,0,0,0
34358,,9,0,1,1,0,1,1,10,0.164896,0.168023,0,0
34359,,9,0,1,1,0,1,1,10,0.164896,0.168023,0,0
34360,,9,0,1,1,0,1,1,10,0.164896,0.168023,0,0
34362,,0,0,1,1,0,1,1,9,0.200249,0.205725,0,0
34363,,11,0,1,1,0,1,1,8,0.229011,0.236303,0,0
34364,,8,0,1,1,0,1,1,1,1,1,0,0
34365,,8,0,1,1,0,1,1,9,0.250609,0.260973,0,0
34367,,483,0,1,1,0,1,1,1,1,1,0,0
34368,,483,1,0,1,1,0,1,0,0,0,0,0
34369,,8,0,1,1,0,1,1,9,0.209226,0.214674,0,0
34371,,8,0,3,3,0,3,3,8,0.240478,0.248672,0,0.166667
34372,,0,0,1,1,0,1,1,10,0.161176,0.163665,0,0
34373,,18,0,1,1,0,1,1,9,0.21286,0.218905,0,0
34374,,11,0,2,2,0,2,2,8,0.227036,0.23496,0,1
34375,,16,0,1,1,0,1,1,8,0.257544,0.268689,0,0
34376,,484,0,1,1,0,1,1,1,1,1,0,0
34377,,484,1,0,1,1,0,1,0,0,0,0,0
34379,,16,0,1,1,0,1,1,8,0.257544,0.268689,0,0
34690,,8,1,1,2,1,1,2,9,0.213309,0.21933,18825,0.5
34383,,8,0,2,2,0,2,2,9,0.239972,0.248572,0,0
34384,,8,1,0,1,1,0,1,0,0,0,0,0
34386,,16,0,1,1,0,1,1,9,0.196863,0.201279,0,0
34387,,16,0,1,1,0,1,1,8,0.257544,0.268689,0,0
34388,,16,0,1,1,0,1,1,9,0.196863,0.201279,0,0
34389,,7,0,2,2,0,2,2,8,0.23941,0.248662,0,1
34390,,8,0,1,1,0,1,1,8,0.230596,0.237823,0,0
34391,,0,0,1,1,0,1,1,9,0.218335,0.225066,0,0
34393,,7,0,1,1,0,1,1,8,0.2284,0.235296,0,0
34397,,10,0,1,1,0,1,1,9,0.20669,0.212021,0,0
34398,,6,0,1,1,0,1,1,9,0.202026,0.207543,0,0
34399,,485,0,1,1,0,1,1,1,1,1,0,0
34400,,485,1,0,1,1,0,1,0,0,0,0,0
34401,,16,0,1,1,0,1,1,9,0.234736,0.243231,0,0
34402,,5,0,1,1,0,1,1,9,0.199731,0.204756,0,0
34404,,5,0,1,1,0,1,1,8,0.242301,0.250615,0,0
34405,,10,0,1,1,0,1,1,9,0.210367,0.216353,0,0
34406,,0,0,1,1,0,1,1,1,1,1,0,0
34407,,16,0,1,1,0,1,1,9,0.211371,0.217148,0,0
34408,,16,0,1,1,0,1,1,9,0.211371,0.217148,0,0
34410,,13,0,1,1,0,1,1,9,0.190883,0.19506,0,0
34411,,7,0,1,1,0,1,1,9,0.213284,0.219286,0,0
34412,,7,0,1,1,0,1,1,9,0.226164,0.233246,0,0
34413,,11,0,1,1,0,1,1,1,1,1,0,0
34414,,5,0,1,1,0,1,1,9,0.22138,0.227546,0,0
35237,,11,1,0,1,1,0,1,0,0,0,0,0
34416,,11,0,1,1,0,1,1,9,0.21785,0.223905,0,0
34418,,21,0,1,1,0,1,1,10,0.183099,0.187115,0,0
34419,,21,0,2,2,0,2,2,9,0.199733,0.204742,0,1
34421,,8,0,1,1,0,1,1,8,0.238709,0.246069,0,0
34422,,11,0,1,1,0,1,1,10,0.162257,0.164727,0,0
34425,,8,0,1,1,0,1,1,9,0.189974,0.193855,0,0
34426,,0,0,1,1,0,1,1,8,0.228936,0.236648,0,0
34428,,8,0,1,1,0,1,1,8,0.262756,0.273466,0,0
34430,,7,0,1,1,0,1,1,1,1,1,0,0
34431,,442,0,1,1,0,1,1,3,0.444444,0.541667,0,0
34432,,7,0,1,1,0,1,1,1,1,1,0,0
34434,,11,0,1,1,0,1,1,9,0.205436,0.210391,0,0
34436,,7,0,1,1,0,1,1,8,0.263278,0.27399,0,0
34437,,10,0,2,2,0,2,2,8,0.235806,0.244246,0,1
34440,,10,0,1,1,0,1,1,9,0.227448,0.235151,0,0
34441,,7,0,1,1,0,1,1,8,0.2284,0.235296,0,0
34443,,24,0,1,1,0,1,1,8,0.22375,0.230857,0,0
34444,,11,0,1,1,0,1,1,9,0.23085,0.239151,0,0
34445,,486,0,1,1,0,1,1,1,1,1,0,0
34446,,486,1,0,1,1,0,1,0,0,0,0,0
34447,,8,0,1,1,0,1,1,8,0.235818,0.243199,0,0
34449,,21,0,3,3,0,3,3,10,0.181681,0.185652,0,0
35476,,21,1,0,1,1,0,1,0,0,0,0,0
34450,,8,0,1,1,0,1,1,9,0.194071,0.198306,0,0
34452,,516,1,2,3,1,2,3,1,1,1,3,0.166667
34453,,516,1,0,1,1,0,1,0,0,0,0,0
34454,,516,2,0,2,2,0,2,0,0,0,0,0.5
34455,,16,0,1,1,0,1,1,8,0.257544,0.268689,0,0
34456,,15,0,1,1,0,1,1,10,0.18091,0.184614,0,0
34457,,24,0,1,1,0,1,1,10,0.180642,0.184413,0,0
34459,,16,0,1,1,0,1,1,9,0.205901,0.211572,0,0
34461,,0,0,1,1,0,1,1,9,0.223974,0.230994,0,0
34462,,11,0,1,1,0,1,1,8,0.235824,0.242716,0,0
34463,,7,0,1,1,0,1,1,8,0.244345,0.253397,0,0
34464,,487,0,1,1,0,1,1,1,1,1,0,0
34465,,487,1,0,1,1,0,1,0,0,0,0,0
34466,,8,0,1,1,0,1,1,1,1,1,0,0
34468,,7,0,1,1,0,1,1,8,0.257706,0.267944,0,0
34469,,5,0,2,2,0,2,2,9,0.209177,0.21478,0,0
35448,,5,1,0,1,1,0,1,0,0,0,0,0
34470,,8,0,1,1,0,1,1,8,0.263006,0.273325,0,0
34471,,16,0,1,1,0,1,1,10,0.176228,0.179542,0,0
34474,,8,0,1,1,0,1,1,8,0.262756,0.273466,0,0
34475,,10,0,1,1,0,1,1,9,0.229337,0.237191,0,0
34477,,24,0,1,1,0,1,1,8,0.22375,0.230857,0,0
34479,,8,0,1,1,0,1,1,8,0.262756,0.273466,0,0
34480,,8,0,1,1,0,1,1,9,0.214655,0.22045,0,0
34482,,10,0,1,1,0,1,1,9,0.188555,0.192876,0,0
34484,,8,0,1,1,0,1,1,9,0.226025,0.232676,0,0
34486,,2,0,1,1,0,1,1,8,0.261475,0.272568,0,0
34487,,8,0,2,2,0,2,2,8,0.227528,0.234157,0,0
34488,,7,0,2,2,0,2,2,8,0.2445,0.253625,0,0.5
34489,,19,0,1,1,0,1,1,9,0.194139,0.198784,0,0
34490,,11,0,1,1,0,1,1,8,0.247792,0.25846,0,0
34491,,11,0,2,2,0,2,2,8,0.251385,0.261478,0,1
34492,,11,0,1,1,0,1,1,8,0.235791,0.243491,0,0
34494,,11,0,1,1,0,1,1,9,0.211511,0.216772,0,0
34495,,15,0,2,2,0,2,2,9,0.222987,0.22994,0,0.5
34497,,5,0,5,5,0,5,5,8,0.248135,0.257229,0,0.4
35140,,5,1,0,1,1,0,1,0,0,0,0,0
34498,,488,0,1,1,0,1,1,1,1,1,0,0
34499,,488,1,0,1,1,0,1,0,0,0,0,0
34500,,5,0,1,1,0,1,1,8,0.228875,0.236469,0,0
34502,,11,0,1,1,0,1,1,8,0.251382,0.261452,0,0
34503,,16,0,1,1,0,1,1,8,0.257544,0.268689,0,0
34504,,15,0,1,1,0,1,1,9,0.215533,0.221823,0,0
34505,,7,0,1,1,0,1,1,8,0.233233,0.240201,0,0
34506,,11,0,1,1,0,1,1,9,0.192161,0.196752,0,0
34507,,16,0,1,1,0,1,1,8,0.257544,0.268689,0,0
34509,,10,0,1,1,0,1,1,9,0.19012,0.194718,0,0
34512,,21,0,46,46,0,46,46,8,0.270185,0.284996,0,0.017874
34520,,21,1,0,1,1,0,1,0,0,0,0,0
34521,,21,1,0,1,1,0,1,0,0,0,0,0
34522,,21,1,0,1,1,0,1,0,0,0,0,0
34727,,21,1,0,1,1,0,1,0,0,0,0,0
34728,,21,1,0,1,1,0,1,0,0,0,0,0
34729,,21,1,0,1,1,0,1,0,0,0,0,0
34730,,21,1,0,1,1,0,1,0,0,0,0,0
34731,,21,1,0,1,1,0,1,0,0,0,0,0
34732,,21,1,0,1,1,0,1,0,0,0,0,0
34733,,21,1,0,1,1,0,1,0,0,0,0,0
34734,,21,1,0,1,1,0,1,0,0,0,0,0
34735,,21,1,0,1,1,0,1,0,0,0,0,0
34514,,7,0,1,1,0,1,1,8,0.224816,0.231667,0,0
34516,,6,0,1,1,0,1,1,8,0.247395,0.256736,0,0
34518,,7,1,1,2,1,1,2,9,0.210299,0.215735,18827,0
34525,,13,0,2,2,0,2,2,8,0.232987,0.241006,0,1
34526,,11,0,1,1,0,1,1,9,0.193084,0.197315,0,0
34528,,16,0,1,1,0,1,1,9,0.215313,0.221009,0,0
34529,,16,0,1,1,0,1,1,8,0.257544,0.268689,0,0
34530,,8,0,1,1,0,1,1,9,0.209903,0.215811,0,0
34533,,7,0,1,1,0,1,1,9,0.234601,0.242743,0,0
34534,,16,0,1,1,0,1,1,8,0.257544,0.268689,0,0
34535,,11,0,1,1,0,1,1,9,0.204575,0.209961,0,0
34536,,7,0,1,1,0,1,1,1,1,1,0,0
34537,,11,0,1,1,0,1,1,9,0.187056,0.191076,0,0
34538,,16,0,1,1,0,1,1,8,0.257544,0.268689,0,0
34540,,8,0,1,1,0,1,1,8,0.219895,0.226484,0,0
34541,,489,0,1,1,0,1,1,1,1,1,0,0
34542,,489,1,0,1,1,0,1,0,0,0,0,0
34544,,9,1,1,2,1,1,2,12,0.131868,0.133349,0,0
34576,,9,1,2,3,1,2,3,10,0.179097,0.182848,37654,0
34546,,8,0,1,1,0,1,1,8,0.262756,0.273466,0,0
34547,,15,0,2,2,0,2,2,9,0.220016,0.226599,0,0.5
34550,,6,0,1,1,0,1,1,8,0.234493,0.241933,0,0
34551,,6,0,1,1,0,1,1,8,0.236758,0.244748,0,0
34555,,11,0,5,5,0,5,5,8,0.257837,0.268503,0,0.2
34556,,7,0,1,1,0,1,1,8,0.239639,0.247488,0,0
34559,,10,0,1,1,0,1,1,2,0.571429,0.625,0,0
34561,,8,0,1,1,0,1,1,9,0.220751,0.227509,0,0
34562,,0,0,1,1,0,1,1,8,0.238232,0.246371,0,0
34563,,24,0,1,1,0,1,1,1,1,1,0,0
34564,,11,0,1,1,0,1,1,9,0.222195,0.229023,0,0
34565,,8,0,1,1,0,1,1,8,0.263621,0.273995,0,0
34566,,7,0,1,1,0,1,1,9,0.193869,0.197904,0,0
34568,,7,0,1,1,0,1,1,8,0.244345,0.253397,0,0
34571,,16,0,1,1,0,1,1,10,0.193877,0.198377,0,0
34572,,6,0,2,2,0,2,2,8,0.249153,0.258898,0,1
34573,,11,0,1,1,0,1,1,8,0.251382,0.261452,0,0
34574,,11,0,1,1,0,1,1,1,1,1,0,0
34577,,8,0,2,2,0,2,2,8,0.262766,0.273505,0,0
34578,,8,1,0,1,1,0,1,0,0,0,0,0
34579,,9,0,1,1,0,1,1,10,0.179083,0.182788,0,0
34580,,11,0,1,1,0,1,1,8,0.246114,0.255055,0,0
34582,,11,0,1,1,0,1,1,8,0.234514,0.24306,0,0
34584,,490,0,1,1,0,1,1,1,1,1,0,0
34585,,490,1,0,1,1,0,1,0,0,0,0,0
34586,,5,0,1,1,0,1,1,1,1,1,0,0
34587,,15,0,1,1,0,1,1,9,0.219954,0.226495,0,0
34588,,5,0,1,1,0,1,1,10,0.193687,0.198341,0,0
34589,,491,0,2,2,0,2,2,1,1,1,0,0
34590,,491,1,0,1,1,0,1,0,0,0,0,0
35171,,491,1,0,1,1,0,1,0,0,0,0,0
34591,,16,0,1,1,0,1,1,8,0.257544,0.268689,0,0
34592,,5,0,1,1,0,1,1,8,0.23893,0.247221,0,0
34593,,11,0,1,1,0,1,1,8,0.236167,0.244733,0,0
34594,,11,0,2,2,0,2,2,8,0.23816,0.247463,0,0
34595,,15,0,1,1,0,1,1,9,0.220312,0.226978,0,0
34596,,16,0,1,1,0,1,1,8,0.209429,0.215629,0,0
34597,,8,0,1,1,0,1,1,8,0.24685,0.256506,0,0
34603,,11,0,1,1,0,1,1,9,0.204724,0.210569,0,0
34605,,492,0,1,1,0,1,1,1,1,1,0,0
34606,,492,1,0,1,1,0,1,0,0,0,0,0
34607,,10,0,1,1,0,1,1,10,0.185425,0.189443,0,0
34608,,21,0,1,1,0,1,1,1,1,1,0,0
34609,,0,0,1,1,0,1,1,10,0.191386,0.195438,0,0
34610,,16,0,1,1,0,1,1,8,0.236961,0.24442,0,0
34611,,15,0,1,1,0,1,1,9,0.195437,0.199907,0,0
34613,,6,0,1,1,0,1,1,9,0.221481,0.227789,0,0
34614,,16,0,1,1,0,1,1,8,0.257544,0.268689,0,0
34615,,16,0,1,1,0,1,1,8,0.236961,0.24442,0,0
34619,,11,0,1,1,0,1,1,9,0.213412,0.219402,0,0
34628,,16,0,1,1,0,1,1,9,0.197236,0.201881,0,0
34629,,15,0,1,1,0,1,1,9,0.215533,0.221823,0,0
34630,,7,0,1,1,0,1,1,10,0.186373,0.190547,0,0
34631,,8,0,1,1,0,1,1,10,0.192531,0.197115,0,0
34634,,8,0,1,1,0,1,1,9,0.239963,0.248532,0,0
34635,,8,0,1,1,0,1,1,8,0.262756,0.273466,0,0
34636,,6,0,1,1,0,1,1,9,0.226458,0.233655,0,0
34637,,12,0,1,1,0,1,1,9,0.200492,0.205579,0,0
34638,,11,0,1,1,0,1,1,9,0.214333,0.220614,0,0
34640,,5,0,1,1,0,1,1,9,0.23711,0.245258,0,0
34645,,8,0,1,1,0,1,1,9,0.214014,0.220089,0,0
34646,,15,0,1,1,0,1,1,10,0.179156,0.182314,0,0
34647,,10,0,1,1,0,1,1,9,0.197512,0.202006,0,0
34648,,5,0,1,1,0,1,1,9,0.21249,0.218584,0,0
34649,,11,0,1,1,0,1,1,1,1,1,0,0
34650,,8,0,1,1,0,1,1,10,0.172991,0.175975,0,0
34651,,0,0,1,1,0,1,1,9,0.199705,0.204961,0,0
34652,,7,0,1,1,0,1,1,8,0.244503,0.252663,0,0
34654,,6,0,1,1,0,1,1,9,0.202812,0.207666,0,0
34655,,16,0,1,1,0,1,1,10,0.174495,0.177695,0,0
34656,,1,0,1,1,0,1,1,8,0.232406,0.239626,0,0
34657,,10,0,1,1,0,1,1,8,0.232564,0.240768,0,0
34660,,16,0,1,1,0,1,1,8,0.236961,0.24442,0,0
34661,,7,0,1,1,0,1,1,8,0.228561,0.235614,0,0
34662,,16,0,1,1,0,1,1,9,0.234736,0.243231,0,0
34663,,11,0,1,1,0,1,1,9,0.225085,0.231702,0,0
34665,,19,0,1,1,0,1,1,9,0.224454,0.231835,0,0
34666,,15,0,1,1,0,1,1,1,1,1,0,0
34667,,7,0,1,1,0,1,1,8,0.251523,0.26155,0,0
34668,,11,0,1,1,0,1,1,8,0.251382,0.261452,0,0
34669,,8,0,1,1,0,1,1,9,0.209259,0.214889,0,0
34670,,2,0,1,1,0,1,1,9,0.238286,0.246733,0,0
34671,,493,0,2,2,0,2,2,1,1,1,0,0
34672,,493,1,0,1,1,0,1,0,0,0,0,0
34827,,493,1,0,1,1,0,1,0,0,0,0,0
34674,,1,0,1,1,0,1,1,10,0.192438,0.196795,0,0
34676,,16,0,1,1,0,1,1,8,0.235753,0.244207,0,0
34677,,11,0,1,1,0,1,1,9,0.197539,0.202089,0,0
34679,,7,0,1,1,0,1,1,8,0.265449,0.276753,0,0
34680,,10,0,1,1,0,1,1,9,0.206922,0.212471,0,0
34684,,11,0,1,1,0,1,1,9,0.221523,0.228343,0,0
34685,,494,0,1,1,0,1,1,1,1,1,0,0
34686,,494,1,0,1,1,0,1,0,0,0,0,0
34688,,0,0,1,1,0,1,1,8,0.226147,0.233528,0,0
34689,,11,0,1,1,0,1,1,8,0.236167,0.244733,0,0
34692,,15,0,1,1,0,1,1,1,1,1,0,0
34693,,12,0,1,1,0,1,1,9,0.208155,0.213697,0,0
34695,,11,0,1,1,0,1,1,9,0.206235,0.211976,0,0
34697,,11,0,1,1,0,1,1,8,0.235824,0.242716,0,0
34698,,11,0,1,1,0,1,1,9,0.219883,0.226442,0,0
34699,,16,0,1,1,0,1,1,9,0.205901,0.211572,0,0
34701,,7,0,1,1,0,1,1,9,0.205742,0.211127,0,0
34703,,11,0,1,1,0,1,1,9,0.219952,0.2264,0,0
34705,,11,0,1,1,0,1,1,9,0.228527,0.235985,0,0
34706,,11,0,1,1,0,1,1,1,1,1,0,0
34709,,495,0,1,1,0,1,1,1,1,1,0,0
34710,,495,1,0,1,1,0,1,0,0,0,0,0
34711,,5,0,1,1,0,1,1,8,0.242301,0.250615,0,0
34712,,5,0,1,1,0,1,1,8,0.230249,0.237146,0,0
34713,,8,0,1,1,0,1,1,9,0.188594,0.192926,0,0
34714,,16,0,1,1,0,1,1,9,0.234736,0.243231,0,0
34715,,15,0,2,2,0,2,2,8,0.236612,0.244353,0,0
34717,,16,0,1,1,0,1,1,9,0.208088,0.213254,0,0
34718,,1,0,1,1,0,1,1,9,0.195727,0.200675,0,0
34719,,16,0,1,1,0,1,1,8,0.257544,0.268689,0,0
34720,,2,0,1,1,0,1,1,9,0.208767,0.214577,0,0
34723,,6,0,2,2,0,2,2,8,0.249153,0.258898,0,1
34726,,7,0,1,1,0,1,1,9,0.218461,0.224529,0,0
34737,,7,0,2,2,0,2,2,9,0.233065,0.240634,0,0.5
34739,,5,0,1,1,0,1,1,10,0.178338,0.181752,0,0
34740,,8,0,1,1,0,1,1,9,0.212528,0.218441,0,0
34743,,10,0,1,1,0,1,1,9,0.214179,0.220404,0,0
34744,,9,0,2,2,0,2,2,9,0.195445,0.200169,0,0
34745,,11,0,1,1,0,1,1,8,0.251382,0.261452,0,0
34746,,0,0,1,1,0,1,1,3,0.5,0.611111,0,0
34747,,7,0,1,1,0,1,1,9,0.22667,0.233371,0,0
34748,,11,0,1,1,0,1,1,8,0.234108,0.241443,0,0
34749,,5,0,1,1,0,1,1,9,0.201092,0.205666,0,0
34753,,0,0,2,2,0,2,2,9,0.19215,0.196442,0,0
34754,,0,1,0,1,1,0,1,0,0,0,0,0
34755,,496,0,1,1,0,1,1,1,1,1,0,0
34756,,496,1,0,1,1,0,1,0,0,0,0,0
34757,,6,0,1,1,0,1,1,9,0.211297,0.216928,0,0
34759,,7,0,1,1,0,1,1,9,0.215121,0.221624,0,0
34760,,8,0,1,1,0,1,1,9,0.216335,0.222647,0,0
34761,,6,0,1,1,0,1,1,9,0.207004,0.212451,0,0
34762,,497,0,1,1,0,1,1,1,1,1,0,0
34763,,497,1,0,1,1,0,1,0,0,0,0,0
34764,,5,0,1,1,0,1,1,10,0.174034,0.177197,0,0
34765,,10,0,1,1,0,1,1,9,0.227723,0.235174,0,0
34766,,11,0,1,1,0,1,1,8,0.238528,0.246408,0,0
34767,,24,0,1,1,0,1,1,9,0.202084,0.207066,0,0
34770,,1,0,1,1,0,1,1,9,0.219196,0.225231,0,0
34771,,21,0,5,5,0,5,5,11,0.153854,0.156381,0,0
34772,,21,1,0,1,1,0,1,0,0,0,0,0
34773,,21,1,0,1,1,0,1,0,0,0,0,0
34774,,21,1,0,1,1,0,1,0,0,0,0,0
34775,,1,0,1,1,0,1,1,8,0.229128,0.236488,0,0
34780,,3,0,1,1,0,1,1,9,0.214123,0.219985,0,0
34782,,7,0,1,1,0,1,1,8,0.237622,0.245065,0,0
34783,,5,0,7,7,0,7,7,7,0.294879,0.309786,0,0.309524
34784,,5,1,0,1,1,0,1,0,0,0,0,0
34785,,11,0,1,1,0,1,1,8,0.251382,0.261452,0,0
34788,,7,0,1,1,0,1,1,9,0.210892,0.216699,0,0
34789,,7,0,1,1,0,1,1,9,0.216594,0.222821,0,0
34790,,16,0,1,1,0,1,1,8,0.257544,0.268689,0,0
34793,,498,1,1,2,1,1,2,1,1,1,0,0
34794,,498,1,1,2,1,1,2,1,1,1,0,0
34795,,2,0,1,1,0,1,1,8,0.261475,0.272568,0,0
34798,,8,0,1,1,0,1,1,9,0.236556,0.244293,0,0
34802,,7,0,1,1,0,1,1,9,0.220762,0.227438,0,0
34803,,16,0,1,1,0,1,1,2,0.6,0.666667,0,0
34804,,16,0,1,1,0,1,1,8,0.257544,0.268689,0,0
34805,,11,0,1,1,0,1,1,1,1,1,0,0
34807,,0,0,1,1,0,1,1,1,1,1,0,0
34808,,11,0,1,1,0,1,1,9,0.221669,0.228885,0,0
34810,,8,0,1,1,0,1,1,9,0.193891,0.198045,0,0
34811,,8,0,1,1,0,1,1,9,0.193891,0.198045,0,0
34812,,7,0,1,1,0,1,1,10,0.198298,0.203268,0,0
34813,,8,0,1,1,0,1,1,9,0.223726,0.230675,0,0
34815,,499,0,1,1,0,1,1,1,1,1,0,0
34816,,499,1,0,1,1,0,1,0,0,0,0,0
34817,,7,0,1,1,0,1,1,8,0.256649,0.267075,0,0
34818,,500,0,1,1,0,1,1,1,1,1,0,0
34819,,500,1,0,1,1,0,1,0,0,0,0,0
34820,,0,0,1,1,0,1,1,11,0.15511,0.15758,0,0
34821,,0,0,7,7,0,7,7,8,0.24049,0.249222,0,0.428571
34823,,9,0,4,4,0,4,4,11,0.141638,0.143923,0,0.25
34824,,8,0,1,1,0,1,1,1,1,1,0,0
34825,,7,0,1,1,0,1,1,8,0.233233,0.240201,0,0
34826,,0,0,1,1,0,1,1,9,0.222605,0.230046,0,0
34828,,516,1,4,5,1,4,5,2,0.75,0.833333,12,0.05
35266,,516,1,1,2,1,1,2,1,1,1,3,0
35397,,516,1,0,1,1,0,1,0,0,0,0,0
34829,,7,0,1,1,0,1,1,1,1,1,0,0
34830,,16,0,1,1,0,1,1,8,0.230955,0.238384,0,0
34831,,15,0,2,2,0,2,2,9,0.214518,0.221427,0,0
35284,,15,1,0,1,1,0,1,0,0,0,0,0
34832,,7,3,6,9,3,6,9,8,0.251967,0.261959,55376.125018,0.152778
34833,,5,0,1,1,0,1,1,9,0.208725,0.213946,0,0
34834,,8,0,1,1,0,1,1,9,0.211361,0.21694,0,0
34838,,0,0,1,1,0,1,1,9,0.222605,0.230046,0,0
34840,,11,0,1,1,0,1,1,10,0.175885,0.179194,0,0
34841,,7,0,1,1,0,1,1,1,1,1,0,0
34842,,16,0,1,1,0,1,1,9,0.227396,0.235291,0,0
34843,,21,0,1,1,0,1,1,10,0.156957,0.159284,0,0
34846,,21,1,1,2,1,1,2,9,0.221969,0.229196,0,0.5
34848,,8,0,1,1,0,1,1,9,0.2229,0.230213,0,0
34849,,8,0,1,1,0,1,1,9,0.231387,0.239068,0,0
34850,,11,0,1,1,0,1,1,8,0.244275,0.253708,0,0
34852,,11,0,1,1,0,1,1,9,0.228869,0.236881,0,0
34853,,12,0,2,2,0,2,2,8,0.237152,0.244989,0,1
34854,,12,0,1,1,0,1,1,9,0.208155,0.213697,0,0
34856,,11,0,1,1,0,1,1,8,0.232418,0.240737,0,0
34857,,11,0,1,1,0,1,1,9,0.189707,0.193553,0,0
34858,,10,0,1,1,0,1,1,8,0.236767,0.24412,0,0
34859,,16,0,1,1,0,1,1,8,0.257544,0.268689,0,0
34860,,11,0,1,1,0,1,1,9,0.211511,0.216772,0,0
34862,,501,0,1,1,0,1,1,1,1,1,0,0
34863,,501,1,0,1,1,0,1,0,0,0,0,0
34865,,10,0,1,1,0,1,1,9,0.189127,0.193496,0,0
34866,,8,0,1,1,0,1,1,9,0.209259,0.214889,0,0
34867,,15,0,1,1,0,1,1,10,0.182501,0.186226,0,0
34868,,12,0,1,1,0,1,1,10,0.188104,0.191839,0,0
34870,,7,0,1,1,0,1,1,8,0.257706,0.267944,0,0
34872,,16,0,3,3,0,3,3,9,0.208651,0.214664,0,0.166667
34873,,15,0,1,1,0,1,1,9,0.211577,0.217298,0,0
34874,,11,0,1,1,0,1,1,9,0.211511,0.216772,0,0
34875,,8,0,1,1,0,1,1,9,0.209152,0.214723,0,0
34876,,0,0,1,1,0,1,1,8,0.230345,0.238007,0,0
34877,,10,0,1,1,0,1,1,9,0.225849,0.233205,0,0
34879,,5,0,1,1,0,1,1,1,1,1,0,0
34880,,8,0,1,1,0,1,1,9,0.219616,0.22591,0,0
34881,,15,0,1,1,0,1,1,10,0.179156,0.182314,0,0
34882,,516,1,1,2,1,1,2,3,0.466667,0.52381,7,0
34883,,11,0,1,1,0,1,1,9,0.205899,0.211486,0,0
34885,,6,0,1,1,0,1,1,8,0.234493,0.242444,0,0
34886,,15,0,1,1,0,1,1,9,0.218893,0.225422,0,0
34887,,502,0,1,1,0,1,1,1,1,1,0,0
34888,,502,1,0,1,1,0,1,0,0,0,0,0
34890,,8,0,2,2,0,2,2,9,0.227434,0.234534,0,0
34891,,503,0,1,1,0,1,1,1,1,1,0,0
34892,,503,1,0,1,1,0,1,0,0,0,0,0
34894,,11,0,1,1,0,1,1,9,0.197195,0.202032,0,0
34895,,10,0,1,1,0,1,1,11,0.153491,0.155642,0,0
34896,,16,0,1,1,0,1,1,8,0.234155,0.242097,0,0
34899,,11,0,2,2,0,2,2,9,0.225735,0.233776,0,0
34900,,9,0,1,1,0,1,1,1,1,1,0,0
34902,,7,0,1,1,0,1,1,9,0.195445,0.199593,0,0
34904,,7,0,1,1,0,1,1,8,0.257706,0.267944,0,0
34905,,6,0,1,1,0,1,1,10,0.181866,0.185716,0,0
34906,,5,0,2,2,0,2,2,9,0.235608,0.243355,0,0
34908,,11,0,1,1,0,1,1,9,0.192407,0.197369,0,0
34909,,11,0,1,1,0,1,1,10,0.188496,0.192511,0,0
34910,,8,0,1,1,0,1,1,9,0.231387,0.239068,0,0
34912,,5,0,1,1,0,1,1,8,0.245108,0.253561,0,0
34913,,5,0,1,1,0,1,1,9,0.188223,0.191808,0,0
34914,,11,0,1,1,0,1,1,8,0.246659,0.25616,0,0
34916,,10,0,2,2,0,2,2,8,0.223604,0.230972,0,1
34924,,11,1,3,4,1,3,4,9,0.205289,0.211051,59191.631253,0
34938,,11,2,3,5,2,3,5,8,0.240256,0.249354,3544.022708,0.05
34940,,11,1,0,1,1,0,1,0,0,0,0,0
34941,,11,1,0,1,1,0,1,0,0,0,0,0
34944,,11,1,1,2,1,1,2,10,0.177703,0.181218,0,0.5
34987,,11,1,0,1,1,0,1,0,0,0,0,0
35029,,11,1,1,2,1,1,2,9,0.201658,0.206723,25974,0
34992,,5,4,4,8,4,4,8,8,0.250279,0.260237,64649.838578,0.095238
35043,,0,2,3,5,2,3,5,9,0.228385,0.235693,390.326505,0.3
35013,,11,1,1,2,1,1,2,1,1,1,25976,0
35079,,11,1,0,1,1,0,1,0,0,0,0,0
34918,,7,0,1,1,0,1,1,8,0.237017,0.244035,0,0
34919,,10,0,1,1,0,1,1,8,0.227105,0.234293,0,0
34965,,5,1,0,1,1,0,1,0,0,0,0,0
34980,,5,1,1,2,1,1,2,8,0.228593,0.236142,116.238796,0
35056,,5,1,1,2,1,1,2,8,0.231497,0.23901,89.246185,0.5
34921,,8,0,1,1,0,1,1,1,1,1,0,0
34923,,11,2,7,9,2,7,9,8,0.23654,0.245661,49820.882712,0.013889
34946,,11,1,1,2,1,1,2,8,0.231499,0.239015,657.954852,0
34925,,16,0,1,1,0,1,1,9,0.205329,0.210602,0,0
34927,,5,0,1,1,0,1,1,9,0.224975,0.231937,0,0
34928,,11,0,1,1,0,1,1,9,0.21182,0.218077,0,0
34929,,11,0,1,1,0,1,1,8,0.251382,0.261452,0,0
34930,,24,0,1,1,0,1,1,9,0.21834,0.225148,0,0
34931,,9,0,1,1,0,1,1,1,1,1,0,0
34932,,11,0,1,1,0,1,1,8,0.2315,0.239015,0,0
34933,,11,0,1,1,0,1,1,8,0.2315,0.239015,0,0
34934,,11,0,1,1,0,1,1,1,1,1,0,0
34935,,1,0,1,1,0,1,1,2,0.555556,0.6,0,0
34936,,1,0,1,1,0,1,1,2,0.555556,0.6,0,0
34943,,11,1,0,1,1,0,1,0,0,0,0,0
35038,,11,1,0,1,1,0,1,0,0,0,0,0
34945,,0,0,5,5,0,5,5,7,0.294232,0.308929,0,0.6
35225,,14,3,0,3,3,0,3,0,0,0,0,0.333333
35224,,14,1,2,3,1,2,3,9,0.20816,0.213394,0,1
35232,,14,1,1,2,1,1,2,3,0.5,0.583333,0,0.5
35230,,14,4,3,7,4,3,7,9,0.208165,0.21343,37653.5,0.133333
35296,,14,4,2,6,4,2,6,2,0.75,0.833333,25986,0.05
35382,,14,6,2,8,6,2,8,2,0.75,0.833333,25991,0.095238
34948,,504,0,1,1,0,1,1,1,1,1,0,0
34949,,504,1,0,1,1,0,1,0,0,0,0,0
34950,,15,0,1,1,0,1,1,9,0.200533,0.205138,0,0
34951,,11,0,1,1,0,1,1,9,0.1913,0.195936,0,0
34954,,11,0,1,1,0,1,1,8,0.2315,0.239015,0,0
34957,,15,0,1,1,0,1,1,8,0.232979,0.239794,0,0
34958,,16,1,2,3,1,2,3,10,0.188919,0.193151,412.980623,0
34960,,7,0,2,2,0,2,2,9,0.22251,0.22949,0,0
34963,,7,0,1,1,0,1,1,9,0.201721,0.206326,0,0
34964,,5,0,1,1,0,1,1,8,0.228875,0.236469,0,0
34967,,11,0,1,1,0,1,1,8,0.2315,0.239015,0,0
34968,,8,0,1,1,0,1,1,1,1,1,0,0
34969,,8,0,1,1,0,1,1,1,1,1,0,0
34972,,11,0,1,1,0,1,1,8,0.239859,0.247713,0,0
34975,,5,0,1,1,0,1,1,1,1,1,0,0
34976,,5,0,1,1,0,1,1,8,0.245108,0.253561,0,0
34977,,8,0,1,1,0,1,1,1,1,1,0,0
34979,,5,1,5,6,1,5,6,8,0.235279,0.242715,3471.730062,0
35028,,5,2,1,3,2,1,3,9,0.200187,0.205108,61.901005,0
35069,,5,1,0,1,1,0,1,0,0,0,0,0
34981,,5,0,2,2,0,2,2,9,0.205989,0.21138,0,0.5
35020,,5,1,5,6,1,5,6,8,0.237154,0.245702,90.597254,0.1
35055,,5,1,0,1,1,0,1,0,0,0,0,0
34983,,505,0,1,1,0,1,1,1,1,1,0,0
34984,,505,1,0,1,1,0,1,0,0,0,0,0
34985,,11,0,1,1,0,1,1,8,0.2315,0.239015,0,0
34986,,11,0,2,2,0,2,2,8,0.231842,0.239547,0,0
34988,,11,0,1,1,0,1,1,8,0.2315,0.239015,0,0
34989,,7,0,1,1,0,1,1,8,0.227352,0.23384,0,0
34990,,5,0,1,1,0,1,1,8,0.240484,0.248319,0,0
35005,,0,1,0,1,1,0,1,0,0,0,0,0
35081,,5,1,0,1,1,0,1,0,0,0,0,0
34993,,11,0,1,1,0,1,1,9,0.23129,0.238425,0,0
34994,,7,0,1,1,0,1,1,9,0.216087,0.222461,0,0
34995,,11,0,4,4,0,4,4,9,0.222641,0.229599,0,0
34996,,24,0,1,1,0,1,1,9,0.216587,0.222886,0,0
34997,,5,0,1,1,0,1,1,9,0.200948,0.205772,0,0
34998,,15,0,1,1,0,1,1,10,0.179156,0.182314,0,0
34999,,16,0,3,3,0,3,3,8,0.243539,0.25269,0,0
35001,,0,0,1,1,0,1,1,10,0.161176,0.163665,0,0
35002,,16,0,1,1,0,1,1,9,0.20457,0.209951,0,0
35004,,15,0,1,1,0,1,1,8,0.232346,0.238845,0,0
35006,,15,0,1,1,0,1,1,8,0.232346,0.238845,0,0
35007,,16,0,1,1,0,1,1,8,0.257544,0.268689,0,0
35008,,15,0,1,1,0,1,1,8,0.232346,0.238845,0,0
35009,,15,0,1,1,0,1,1,1,1,1,0,0
35010,,11,0,1,1,0,1,1,9,0.213579,0.219742,0,0
35012,,5,0,1,1,0,1,1,8,0.212432,0.21837,0,0
35014,,11,2,0,2,2,0,2,0,0,0,0,0
35016,,11,0,1,1,0,1,1,8,0.251382,0.261452,0,0
35017,,10,0,4,4,0,4,4,9,0.207375,0.213116,0,0
35018,,10,1,0,1,1,0,1,0,0,0,0,0
35019,,10,1,0,1,1,0,1,0,0,0,0,0
35049,,0,1,0,1,1,0,1,0,0,0,0,0
35022,,11,0,1,1,0,1,1,8,0.2315,0.239015,0,0
35024,,11,0,1,1,0,1,1,2,0.6,0.666667,0,0
35026,,516,0,1,1,0,1,1,4,0.347826,0.416667,0,0
35027,,21,0,1,1,0,1,1,1,1,1,0,0
35030,,11,1,3,4,1,3,4,8,0.252586,0.262875,18825,0
35160,,11,2,5,7,2,5,7,8,0.247733,0.256694,650.022663,0.142857
35031,,16,0,1,1,0,1,1,9,0.205329,0.210602,0,0
35033,,5,0,1,1,0,1,1,8,0.230995,0.238519,0,0
35036,,8,0,1,1,0,1,1,8,0.263743,0.27463,0,0
35037,,11,0,2,2,0,2,2,8,0.233551,0.241237,0,0.5
35039,,3,0,1,1,0,1,1,9,0.189737,0.19334,0,0
35040,,11,0,1,1,0,1,1,9,0.217908,0.22531,0,0
35041,,0,0,1,1,0,1,1,10,0.191343,0.195558,0,0
35042,,5,0,1,1,0,1,1,9,0.235167,0.243063,0,0
35044,,9,0,1,1,0,1,1,1,1,1,0,0
35045,,11,0,2,2,0,2,2,8,0.232475,0.240338,0,0
35047,,10,0,1,1,0,1,1,9,0.217244,0.223553,0,0
35048,,10,0,1,1,0,1,1,10,0.180992,0.184791,0,0
35051,,0,1,1,2,1,1,2,8,0.230858,0.238674,57.354446,0
35052,,5,0,2,2,0,2,2,9,0.204519,0.209988,0,0
35053,,3,0,2,2,0,2,2,9,0.212744,0.21853,0,0
35054,,0,0,1,1,0,1,1,10,0.191343,0.195558,0,0
35057,,8,0,3,3,0,3,3,9,0.231745,0.239611,0,0.166667
35059,,11,0,1,1,0,1,1,8,0.2315,0.239015,0,0
35060,,5,0,2,2,0,2,2,9,0.232352,0.240534,0,0
35061,,16,0,1,1,0,1,1,10,0.165906,0.168597,0,0
35062,,5,0,3,3,0,3,3,9,0.2319,0.239527,0,0.166667
35063,,15,0,1,1,0,1,1,10,0.180475,0.183809,0,0
35064,,3,0,1,1,0,1,1,9,0.219562,0.226336,0,0
35065,,11,0,1,1,0,1,1,8,0.2315,0.239015,0,0
35305,,5,1,0,1,1,0,1,0,0,0,0,0
35067,,5,0,1,1,0,1,1,8,0.244933,0.25344,0,0
35068,,11,0,1,1,0,1,1,8,0.239554,0.247876,0,0
35070,,11,0,1,1,0,1,1,8,0.2315,0.239015,0,0
35072,,5,0,1,1,0,1,1,9,0.203892,0.209,0,0
35073,,16,0,1,1,0,1,1,8,0.257544,0.268689,0,0
35075,,0,0,2,2,0,2,2,8,0.231888,0.239499,0,0
35076,,11,0,1,1,0,1,1,1,1,1,0,0
35080,,0,0,1,1,0,1,1,10,0.191343,0.195558,0,0
35082,,11,0,1,1,0,1,1,8,0.2315,0.239015,0,0
35083,,8,0,1,1,0,1,1,9,0.206028,0.211464,0,0
35084,,11,0,1,1,0,1,1,8,0.2315,0.239015,0,0
35085,,11,0,1,1,0,1,1,8,0.2315,0.239015,0,0
35086,,11,0,1,1,0,1,1,8,0.2315,0.239015,0,0
35087,,506,0,1,1,0,1,1,1,1,1,0,0
35088,,506,1,0,1,1,0,1,0,0,0,0,0
35089,,5,0,1,1,0,1,1,8,0.244933,0.25344,0,0
35090,,7,0,1,1,0,1,1,8,0.256747,0.266706,0,0
35092,,1,0,1,1,0,1,1,9,0.22624,0.233068,0,0
35094,,11,0,1,1,0,1,1,8,0.2315,0.239015,0,0
35096,,11,0,1,1,0,1,1,8,0.229011,0.236303,0,0
35098,,8,0,1,1,0,1,1,9,0.231387,0.239068,0,0
35100,,7,0,1,1,0,1,1,8,0.242713,0.250553,0,0
35101,,7,0,1,1,0,1,1,9,0.225849,0.233192,0,0
35102,,7,0,2,2,0,2,2,8,0.265453,0.27678,0,0.5
35105,,1,0,1,1,0,1,1,10,0.178303,0.181862,0,0
35106,,3,0,1,1,0,1,1,9,0.219562,0.226336,0,0
35108,,11,0,1,1,0,1,1,9,0.19689,0.20222,0,0
35109,,7,0,2,2,0,2,2,8,0.272519,0.284181,0,0
35111,,8,0,1,1,0,1,1,1,1,1,0,0
35112,,7,0,1,1,0,1,1,8,0.23867,0.246586,0,0
35114,,11,0,1,1,0,1,1,8,0.232249,0.239663,0,0
35115,,2,0,1,1,0,1,1,9,0.217276,0.223895,0,0
35116,,6,0,1,1,0,1,1,1,1,1,0,0
35117,,0,0,1,1,0,1,1,8,0.228936,0.236648,0,0
35118,,11,0,2,2,0,2,2,8,0.238154,0.247449,0,1
35122,,7,0,1,1,0,1,1,8,0.233233,0.240201,0,0
35123,,16,0,1,1,0,1,1,8,0.257544,0.268689,0,0
35125,,11,0,1,1,0,1,1,8,0.2315,0.239015,0,0
35126,,15,0,1,1,0,1,1,9,0.203544,0.209057,0,0
35128,,507,1,1,2,1,1,2,1,1,1,0,0
35129,,507,1,1,2,1,1,2,1,1,1,0,0
35130,,1,0,1,1,0,1,1,2,0.555556,0.6,0,0
35131,,1,0,2,2,0,2,2,2,0.625,0.7,0,0.5
35132,,508,0,1,1,0,1,1,1,1,1,0,0
35133,,508,1,0,1,1,0,1,0,0,0,0,0
35135,,11,0,1,1,0,1,1,9,0.197534,0.202076,0,0
35142,,6,0,1,1,0,1,1,8,0.231954,0.238893,0,0
35143,,8,0,1,1,0,1,1,9,0.231387,0.239068,0,0
35144,,11,0,5,5,0,5,5,8,0.277869,0.290533,0,0.4
35145,,8,0,1,1,0,1,1,8,0.263743,0.27463,0,0
35147,,11,0,1,1,0,1,1,8,0.235824,0.242716,0,0
35148,,7,0,1,1,0,1,1,8,0.238229,0.245889,0,0
35151,,509,0,1,1,0,1,1,1,1,1,0,0
35152,,509,1,0,1,1,0,1,0,0,0,0,0
35155,,8,0,1,1,0,1,1,9,0.231387,0.239068,0,0
35156,,11,0,1,1,0,1,1,9,0.21415,0.220455,0,0
35157,,510,0,1,1,0,1,1,1,1,1,0,0
35158,,510,1,0,1,1,0,1,0,0,0,0,0
35162,,11,0,1,1,0,1,1,9,0.196428,0.201487,0,0
35163,,511,0,1,1,0,1,1,1,1,1,0,0
35164,,511,1,0,1,1,0,1,0,0,0,0,0
35165,,5,0,1,1,0,1,1,9,0.217507,0.223845,0,0
35166,,16,0,1,1,0,1,1,8,0.257544,0.268689,0,0
35167,,11,0,1,1,0,1,1,9,0.223934,0.230711,0,0
35169,,6,0,3,3,0,3,3,8,0.235267,0.242819,0,0.833333
35172,,7,0,1,1,0,1,1,8,0.242475,0.25106,0,0
35173,,11,0,1,1,0,1,1,1,1,1,0,0
35174,,7,0,1,1,0,1,1,8,0.226935,0.234515,0,0
35175,,6,0,1,1,0,1,1,1,1,1,0,0
35179,,512,0,1,1,0,1,1,1,1,1,0,0
35180,,512,1,0,1,1,0,1,0,0,0,0,0
35182,,0,0,1,1,0,1,1,9,0.203252,0.208399,0,0
35184,,8,0,1,1,0,1,1,1,1,1,0,0
35185,,7,0,1,1,0,1,1,8,0.257706,0.267944,0,0
35186,,24,0,1,1,0,1,1,10,0.179453,0.183225,0,0
35188,,16,0,1,1,0,1,1,8,0.235753,0.244207,0,0
35189,,513,0,1,1,0,1,1,1,1,1,0,0
35190,,513,1,0,1,1,0,1,0,0,0,0,0
35192,,8,0,1,1,0,1,1,9,0.216221,0.222545,0,0
35193,,8,0,1,1,0,1,1,8,0.263621,0.273995,0,0
35195,,11,0,1,1,0,1,1,9,0.219598,0.226231,0,0
35196,,8,0,2,2,0,2,2,9,0.237466,0.246372,0,1
35197,,3,0,1,1,0,1,1,9,0.219562,0.226336,0,0
35198,,11,0,1,1,0,1,1,9,0.201132,0.206047,0,0
35202,,16,0,1,1,0,1,1,8,0.238712,0.2466,0,0
35203,,7,0,1,1,0,1,1,9,0.201055,0.206219,0,0
35204,,6,0,1,1,0,1,1,9,0.211837,0.217649,0,0
35205,,514,0,1,1,0,1,1,1,1,1,0,0
35206,,514,1,0,1,1,0,1,0,0,0,0,0
35207,,5,0,1,1,0,1,1,9,0.232771,0.240328,0,0
35208,,21,0,4,4,0,4,4,9,0.221989,0.229308,0,0.416667
35209,,15,0,1,1,0,1,1,9,0.211727,0.217557,0,0
35210,,7,0,1,1,0,1,1,9,0.226406,0.233591,0,0
35211,,21,0,1,1,0,1,1,11,0.161421,0.164033,0,0
35212,,11,0,1,1,0,1,1,8,0.227028,0.233491,0,0
35214,,5,0,1,1,0,1,1,8,0.242301,0.250615,0,0
35216,,15,0,1,1,0,1,1,10,0.177062,0.180538,0,0
35217,,15,0,1,1,0,1,1,10,0.177062,0.180538,0,0
35218,,10,0,1,1,0,1,1,10,0.191907,0.196436,0,0
35220,,5,0,2,2,0,2,2,9,0.201719,0.206917,0,0
35221,,15,0,1,1,0,1,1,9,0.223111,0.229961,0,0
35223,,0,0,1,1,0,1,1,9,0.188504,0.192408,0,0
35227,,11,0,1,1,0,1,1,10,0.16172,0.163952,0,0
35228,,7,0,1,1,0,1,1,8,0.233233,0.240201,0,0
35235,,11,0,1,1,0,1,1,9,0.222268,0.22926,0,0
35236,,8,0,1,1,0,1,1,1,1,1,0,0
35239,,19,0,1,1,0,1,1,9,0.222431,0.229647,0,0
35241,,11,0,1,1,0,1,1,8,0.238528,0.246408,0,0
35244,,5,0,1,1,0,1,1,8,0.230249,0.237146,0,0
35247,,11,0,1,1,0,1,1,9,0.222807,0.229794,0,0
35248,,11,0,1,1,0,1,1,8,0.246659,0.25616,0,0
35249,,5,0,1,1,0,1,1,9,0.22138,0.227546,0,0
35250,,16,0,1,1,0,1,1,8,0.257544,0.268689,0,0
35251,,8,0,1,1,0,1,1,8,0.24587,0.25403,0,0
35252,,6,0,2,2,0,2,2,9,0.220335,0.22751,0,0.5
35254,,21,0,1,1,0,1,1,9,0.221969,0.229196,0,0
35256,,24,0,38,38,0,38,38,8,0.278633,0.293401,0,0.049787
35257,,24,1,0,1,1,0,1,0,0,0,0,0
35258,,24,1,0,1,1,0,1,0,0,0,0,0
35259,,24,1,0,1,1,0,1,0,0,0,0,0
35260,,24,1,0,1,1,0,1,0,0,0,0,0
35261,,24,1,0,1,1,0,1,0,0,0,0,0
35264,,515,0,1,1,0,1,1,1,1,1,0,0
35265,,515,1,0,1,1,0,1,0,0,0,0,0
35267,,516,1,0,1,1,0,1,0,0,0,0,0
35268,,24,0,1,1,0,1,1,9,0.21834,0.225148,0,0
35270,,7,0,1,1,0,1,1,10,0.17543,0.178481,0,0
35271,,8,0,1,1,0,1,1,9,0.217683,0.224105,0,0
35272,,6,0,1,1,0,1,1,9,0.22031,0.227442,0,0
35273,,517,0,1,1,0,1,1,1,1,1,0,0
35274,,517,1,0,1,1,0,1,0,0,0,0,0
35277,,15,0,1,1,0,1,1,10,0.156006,0.158513,0,0
35279,,16,0,1,1,0,1,1,8,0.236961,0.24442,0,0
35280,,6,0,1,1,0,1,1,8,0.247395,0.256736,0,0
35281,,518,0,1,1,0,1,1,1,1,1,0,0
35282,,518,1,0,1,1,0,1,0,0,0,0,0
35283,,11,0,1,1,0,1,1,9,0.229659,0.236946,0,0
35286,,16,0,1,1,0,1,1,8,0.235753,0.244207,0,0
35287,,21,0,1,1,0,1,1,9,0.221969,0.229196,0,0
35289,,21,0,1,1,0,1,1,3,0.428571,0.5,0,0
35291,,10,0,1,1,0,1,1,9,0.211911,0.217841,0,0
35292,,2,0,1,1,0,1,1,9,0.217605,0.223812,0,0
35293,,8,0,1,1,0,1,1,8,0.263006,0.273325,0,0
35297,,14,1,0,1,1,0,1,0,0,0,0,0
35298,,10,0,2,2,0,2,2,9,0.215748,0.222315,0,0
35299,,16,0,1,1,0,1,1,9,0.194027,0.198138,0,0
35300,,0,0,1,1,0,1,1,9,0.200454,0.205716,0,0
35301,,15,0,1,1,0,1,1,1,1,1,0,0
35302,,11,0,1,1,0,1,1,9,0.200413,0.205688,0,0
35303,,0,0,1,1,0,1,1,10,0.161181,0.163674,0,0
35304,,0,1,1,2,1,1,2,9,0.192142,0.196399,18827,0
35308,,8,0,1,1,0,1,1,9,0.223726,0.230675,0,0
35311,,16,0,1,1,0,1,1,9,0.232711,0.240726,0,0
35313,,5,0,1,1,0,1,1,10,0.171155,0.174203,0,0
35314,,7,0,1,1,0,1,1,8,0.235538,0.2429,0,0
35315,,14,0,1,1,0,1,1,1,1,1,0,0
35316,,8,0,1,1,0,1,1,1,1,1,0,0
35320,,16,0,1,1,0,1,1,9,0.234736,0.243231,0,0
35321,,7,0,1,1,0,1,1,8,0.263278,0.27399,0,0
35324,,7,0,1,1,0,1,1,9,0.193032,0.196903,0,0
35326,,8,0,1,1,0,1,1,8,0.262756,0.273466,0,0
35329,,519,0,1,1,0,1,1,1,1,1,0,0
35330,,519,1,0,1,1,0,1,0,0,0,0,0
35331,,11,0,1,1,0,1,1,9,0.217716,0.223687,0,0
35333,,15,0,1,1,0,1,1,1,1,1,0,0
35334,,0,0,1,1,0,1,1,1,1,1,0,0
35337,,0,0,1,1,0,1,1,1,1,1,0,0
35338,,12,0,1,1,0,1,1,1,1,1,0,0
35339,,2,0,1,1,0,1,1,9,0.217276,0.223895,0,0
35341,,10,0,1,1,0,1,1,9,0.229438,0.237372,0,0
35342,,16,0,1,1,0,1,1,8,0.257544,0.268689,0,0
35344,,7,0,1,1,0,1,1,8,0.244345,0.253397,0,0
35346,,10,0,1,1,0,1,1,9,0.192104,0.19612,0,0
35347,,1,0,2,2,0,2,2,8,0.225527,0.232706,0,0
35348,,10,0,1,1,0,1,1,9,0.201253,0.206248,0,0
35349,,0,0,1,1,0,1,1,9,0.204153,0.209703,0,0
35350,,8,0,1,1,0,1,1,9,0.230193,0.238549,0,0
35351,,7,0,1,1,0,1,1,8,0.257706,0.267944,0,0
35353,,6,0,1,1,0,1,1,9,0.22031,0.227442,0,0
35354,,8,0,1,1,0,1,1,9,0.210522,0.216384,0,0
35356,,520,0,1,1,0,1,1,1,1,1,0,0
35357,,520,1,0,1,1,0,1,0,0,0,0,0
35358,,21,0,1,1,0,1,1,10,0.171278,0.17455,0,0
35360,,11,0,1,1,0,1,1,9,0.196047,0.201124,0,0
35362,,7,0,3,3,0,3,3,9,0.201712,0.206699,0,0
35363,,10,0,1,1,0,1,1,8,0.244161,0.253367,0,0
35364,,8,0,1,1,0,1,1,9,0.217001,0.22352,0,0
35365,,8,0,1,1,0,1,1,9,0.224158,0.230868,0,0
35366,,6,1,2,3,1,2,3,9,0.204684,0.210134,0,0.5
35367,,6,0,3,3,0,3,3,9,0.204692,0.210176,0,0.5
35369,,12,0,1,1,0,1,1,8,0.236841,0.24458,0,0
35373,,7,0,1,1,0,1,1,8,0.244345,0.253397,0,0
35375,,12,0,1,1,0,1,1,9,0.191497,0.195504,0,0
35376,,9,0,1,1,0,1,1,10,0.164896,0.168023,0,0
35377,,7,0,1,1,0,1,1,8,0.247779,0.256716,0,0
35379,,7,0,3,3,0,3,3,8,0.228397,0.235511,0,0.166667
35380,,8,0,1,1,0,1,1,9,0.213511,0.219556,0,0
35381,,2,0,1,1,0,1,1,9,0.238286,0.246733,0,0
35383,,14,1,0,1,1,0,1,0,0,0,0,0
35384,,11,0,1,1,0,1,1,8,0.246114,0.255055,0,0
35385,,14,0,1,1,0,1,1,10,0.172306,0.175257,0,0
35386,,16,0,2,2,0,2,2,9,0.225697,0.232994,0,0.5
35387,,2,0,1,1,0,1,1,10,0.184662,0.188787,0,0
35389,,7,0,3,3,0,3,3,9,0.234847,0.242873,0,0.666667
35390,,7,0,1,1,0,1,1,8,0.265449,0.276753,0,0
35391,,9,0,1,1,0,1,1,10,0.164896,0.168023,0,0
35392,,8,0,1,1,0,1,1,9,0.239963,0.248532,0,0
35393,,16,0,1,1,0,1,1,9,0.194594,0.19933,0,0
35394,,7,0,2,2,0,2,2,8,0.236346,0.244283,0,0.5
35395,,7,1,1,2,1,1,2,8,0.236336,0.244243,0,0.5
35398,,8,0,1,1,0,1,1,9,0.250609,0.260973,0,0
35399,,0,0,1,1,0,1,1,11,0.147223,0.149306,0,0
35400,,0,0,1,1,0,1,1,11,0.147223,0.149306,0,0
35401,,11,0,1,1,0,1,1,9,0.187754,0.191792,0,0
35404,,7,0,2,2,0,2,2,8,0.246085,0.254455,0,1
35405,,15,0,1,1,0,1,1,9,0.224977,0.231842,0,0
35406,,16,0,1,1,0,1,1,9,0.216208,0.222155,0,0
35409,,21,0,1,1,0,1,1,1,1,1,0,0
35411,,8,0,1,1,0,1,1,8,0.251452,0.260347,0,0
35412,,24,0,1,1,0,1,1,1,1,1,0,0
35415,,16,0,1,1,0,1,1,1,1,1,0,0
35417,,14,0,1,1,0,1,1,3,0.5,0.583333,0,0
35419,,11,0,1,1,0,1,1,9,0.213412,0.219402,0,0
35420,,3,0,1,1,0,1,1,1,1,1,0,0
35421,,11,0,2,2,0,2,2,8,0.237742,0.245299,0,0
35423,,21,0,1,1,0,1,1,1,1,1,0,0
35424,,15,0,1,1,0,1,1,9,0.18594,0.190089,0,0
35426,,0,0,1,1,0,1,1,9,0.218294,0.224558,0,0
35427,,5,0,1,1,0,1,1,9,0.200187,0.205108,0,0
35428,,16,0,2,2,0,2,2,8,0.242307,0.251132,0,1
35429,,14,0,1,1,0,1,1,3,0.5,0.583333,0,0
35430,,14,0,1,1,0,1,1,3,0.5,0.583333,0,0
35431,,8,0,1,1,0,1,1,8,0.262756,0.273466,0,0
35432,,13,0,1,1,0,1,1,1,1,1,0,0
35433,,16,0,1,1,0,1,1,8,0.236961,0.24442,0,0
35434,,11,0,1,1,0,1,1,9,0.18405,0.18774,0,0
35438,,11,0,1,1,0,1,1,9,0.224977,0.23191,0,0
35439,,11,0,1,1,0,1,1,9,0.224977,0.23191,0,0
35440,,11,0,1,1,0,1,1,9,0.224977,0.23191,0,0
35442,,5,0,1,1,0,1,1,10,0.182166,0.185907,0,0
35443,,5,0,1,1,0,1,1,8,0.242301,0.250615,0,0
35446,,11,0,1,1,0,1,1,9,0.224032,0.231579,0,0
35451,,521,0,1,1,0,1,1,1,1,1,0,0
35452,,521,1,0,1,1,0,1,0,0,0,0,0
35454,,16,0,1,1,0,1,1,9,0.234736,0.243231,0,0
35455,,15,0,1,1,0,1,1,8,0.23999,0.247696,0,0
35457,,16,0,1,1,0,1,1,9,0.20007,0.204807,0,0
35458,,11,0,1,1,0,1,1,8,0.235824,0.242716,0,0
35461,,15,0,1,1,0,1,1,10,0.179156,0.182314,0,0
35462,,522,0,1,1,0,1,1,1,1,1,0,0
35463,,522,1,0,1,1,0,1,0,0,0,0,0
35464,,11,0,1,1,0,1,1,8,0.227253,0.234761,0,0
35465,,0,0,1,1,0,1,1,10,0.162384,0.165038,0,0
35466,,3,0,1,1,0,1,1,9,0.214123,0.219985,0,0
35469,,8,0,1,1,0,1,1,8,0.262756,0.273466,0,0
35470,,10,0,1,1,0,1,1,11,0.153491,0.155642,0,0
35471,,523,1,1,2,1,1,2,1,1,1,0,0
35472,,523,1,1,2,1,1,2,1,1,1,0,0
35474,,11,0,1,1,0,1,1,8,0.236167,0.244733,0,0
35478,,11,0,1,1,0,1,1,9,0.208121,0.214176,0,0
35480,,15,0,1,1,0,1,1,9,0.204915,0.210351,0,0
35483,,14,0,1,1,0,1,1,10,0.172306,0.175257,0,0
35484,,7,0,1,1,0,1,1,8,0.257706,0.267944,0,0
35485,,7,0,1,1,0,1,1,9,0.222499,0.229441,0,0
35487,,16,0,1,1,0,1,1,8,0.257544,0.268689,0,0
35489,,0,0,1,1,0,1,1,10,0.159964,0.16253,0,0
35490,,7,0,2,2,0,2,2,7,0.295358,0.310121,0,1
35492,,10,0,2,2,0,2,2,9,0.233071,0.241417,0,0
35493,,12,0,1,1,0,1,1,1,1,1,0,0
35494,,2,0,1,1,0,1,1,8,0.261475,0.272568,0,0
35495,,312,0,1,1,0,1,1,1,1,1,0,0
35496,,312,0,1,1,0,1,1,1,1,1,0,0
35499,,16,0,1,1,0,1,1,8,0.209429,0.215629,0,0
35500,,24,0,1,1,0,1,1,9,0.187449,0.191671,0,0
35501,,14,0,1,1,0,1,1,3,0.5,0.583333,0,0
35503,,16,0,1,1,0,1,1,8,0.257544,0.268689,0,0
35504,,15,0,1,1,0,1,1,10,0.179156,0.182314,0,0
35506,,3,0,1,1,0,1,1,9,0.214123,0.219985,0,0
35507,,12,0,1,1,0,1,1,8,0.236841,0.24458,0,0
35508,,8,0,1,1,0,1,1,9,0.200283,0.204748,0,0
35509,,11,0,1,1,0,1,1,10,0.173727,0.176812,0,0
35510,,0,0,1,1,0,1,1,8,0.242388,0.250662,0,0
35511,,11,0,1,1,0,1,1,10,0.187539,0.19191,0,0
35513,,3,0,1,1,0,1,1,10,0.186077,0.189834,0,0
35514,,0,0,1,1,0,1,1,9,0.21102,0.217224,0,0
35515,,1,0,1,1,0,1,1,9,0.216392,0.222482,0,0
35518,,11,0,1,1,0,1,1,8,0.21785,0.224416,0,0
35520,,15,0,1,1,0,1,1,10,0.180328,0.183952,0,0
35522,,7,0,1,1,0,1,1,10,0.180989,0.184644,0,0
35523,,8,0,1,1,0,1,1,8,0.262756,0.273466,0,0
35525,,524,0,1,1,0,1,1,1,1,1,0,0
35526,,524,1,0,1,1,0,1,0,0,0,0,0
35529,,7,0,1,1,0,1,1,8,0.2284,0.235296,0,0
35530,,7,0,1,1,0,1,1,9,0.228747,0.235507,0,0
35532,,525,0,1,1,0,1,1,1,1,1,0,0
35533,,525,1,0,1,1,0,1,0,0,0,0,0
35534,,24,0,1,1,0,1,1,9,0.231745,0.239907,0,0
35536,,5,0,1,1,0,1,1,8,0.223508,0.229876,0,0
35538,,10,0,1,1,0,1,1,8,0.23897,0.247046,0,0
35540,,11,0,1,1,0,1,1,9,0.187499,0.19159,0,0
35541,,11,0,1,1,0,1,1,9,0.221572,0.228332,0,0
35546,,11,0,1,1,0,1,1,9,0.201246,0.206574,0,0
35547,,526,0,1,1,0,1,1,1,1,1,0,0
35548,,526,1,0,1,1,0,1,0,0,0,0,0
35550,,5,0,1,1,0,1,1,9,0.229134,0.236663,0,0
35551,,8,0,1,1,0,1,1,1,1,1,0,0
35552,,16,0,1,1,0,1,1,9,0.209788,0.215674,0,0
35554,,8,0,1,1,0,1,1,9,0.224765,0.231975,0,0
35555,,10,0,1,1,0,1,1,9,0.200422,0.205302,0,0
35556,,21,0,1,1,0,1,1,1,1,1,0,0
35557,,16,1,1,2,1,1,2,9,0.220039,0.226382,18827,0
35558,,8,0,1,1,0,1,1,8,0.231489,0.238755,0,0
35560,,8,0,1,1,0,1,1,9,0.212491,0.218361,0,0
35561,,16,0,1,1,0,1,1,9,0.214851,0.22109,0,0
35565,,3,0,1,1,0,1,1,9,0.219562,0.226336,0,0
35566,,3,0,1,1,0,1,1,9,0.219562,0.226336,0,0
35567,,3,0,1,1,0,1,1,9,0.219562,0.226336,0,0
35569,,2,0,1,1,0,1,1,9,0.223294,0.230462,0,0
35571,,5,0,1,1,0,1,1,8,0.251664,0.260845,0,0
35572,,527,0,1,1,0,1,1,1,1,1,0,0
35573,,527,1,0,1,1,0,1,0,0,0,0,0
35574,,8,0,1,1,0,1,1,9,0.208609,0.213898,0,0
35575,,21,0,1,1,0,1,1,1,1,1,0,0
35577,,15,0,2,2,0,2,2,9,0.232696,0.240516,0,0.5
35578,,7,0,1,1,0,1,1,10,0.186096,0.189943,0,0
35579,,12,0,1,1,0,1,1,9,0.191497,0.195504,0,0
35580,,16,0,1,1,0,1,1,8,0.257544,0.268689,0,0
35581,,8,0,2,2,0,2,2,9,0.234786,0.242861,0,1
35582,,8,0,1,1,0,1,1,9,0.216739,0.222835,0,0
35584,,8,0,1,1,0,1,1,8,0.234991,0.243288,0,0
35641,,11,1,0,1,1,0,1,0,0,0,0,0
35737,,11,1,1,2,1,1,2,9,0.211246,0.216708,0,0
35587,,7,0,1,1,0,1,1,9,0.211032,0.216691,0,0
35588,,11,0,1,1,0,1,1,8,0.230667,0.237711,0,0
35590,,11,0,1,1,0,1,1,8,0.230667,0.237711,0,0
35591,,16,0,1,1,0,1,1,8,0.236961,0.24442,0,0
35592,,16,0,1,1,0,1,1,8,0.236961,0.24442,0,0
35593,,16,0,1,1,0,1,1,8,0.236961,0.24442,0,0
35596,,11,0,1,1,0,1,1,8,0.230667,0.237711,0,0
35599,,7,0,1,1,0,1,1,9,0.201266,0.206193,0,0
35600,,11,0,1,1,0,1,1,9,0.221669,0.228885,0,0
35604,,16,0,1,1,0,1,1,8,0.257544,0.268689,0,0
35605,,11,0,1,1,0,1,1,9,0.224805,0.232229,0,0
35606,,11,0,1,1,0,1,1,9,0.224805,0.232229,0,0
35607,,11,0,1,1,0,1,1,9,0.224805,0.232229,0,0
35608,,11,0,1,1,0,1,1,9,0.224805,0.232229,0,0
35610,,8,0,1,1,0,1,1,1,1,1,0,0
35612,,10,0,1,1,0,1,1,8,0.222153,0.229249,0,0
35613,,7,0,1,1,0,1,1,8,0.247779,0.256716,0,0
35614,,2,0,1,1,0,1,1,9,0.208767,0.214577,0,0
35615,,6,0,1,1,0,1,1,8,0.231954,0.238893,0,0
35616,,8,0,2,2,0,2,2,8,0.263385,0.274288,0,1
35619,,16,0,1,1,0,1,1,8,0.236961,0.24442,0,0
35621,,7,0,1,1,0,1,1,8,0.237622,0.245065,0,0
35622,,11,0,1,1,0,1,1,9,0.215353,0.222032,0,0
35623,,7,0,1,1,0,1,1,9,0.223851,0.230913,0,0
35627,,11,0,1,1,0,1,1,8,0.251382,0.261452,0,0
35628,,7,0,1,1,0,1,1,9,0.221081,0.227768,0,0
35629,,11,0,1,1,0,1,1,8,0.227253,0.234761,0,0
35630,,11,0,1,1,0,1,1,9,0.193725,0.198077,0,0
35632,,6,0,1,1,0,1,1,9,0.202812,0.207666,0,0
35635,,7,0,1,1,0,1,1,8,0.234926,0.242134,0,0
35636,,8,0,1,1,0,1,1,8,0.239947,0.24793,0,0
35638,,7,0,1,1,0,1,1,8,0.272188,0.283721,0,0
35639,,21,0,1,1,0,1,1,9,0.20712,0.212824,0,0
35640,,8,0,1,1,0,1,1,9,0.224027,0.230383,0,0
35642,,11,0,1,1,0,1,1,9,0.219883,0.226442,0,0
35645,,7,0,1,1,0,1,1,9,0.20921,0.214873,0,0
35646,,10,0,1,1,0,1,1,9,0.20669,0.212021,0,0
35647,,3,0,1,1,0,1,1,9,0.214123,0.219985,0,0
35648,,11,0,1,1,0,1,1,9,0.211252,0.216723,0,0
35650,,11,0,1,1,0,1,1,8,0.230667,0.237711,0,0
35651,,7,0,1,1,0,1,1,7,0.293553,0.307954,0,0
35652,,7,0,1,1,0,1,1,8,0.265449,0.276753,0,0
35655,,6,0,1,1,0,1,1,8,0.247395,0.256736,0,0
35658,,0,0,1,1,0,1,1,9,0.192142,0.196399,0,0
35660,,8,0,1,1,0,1,1,8,0.226185,0.232941,0,0
35663,,528,0,1,1,0,1,1,1,1,1,0,0
35664,,528,1,0,1,1,0,1,0,0,0,0,0
35665,,13,0,1,1,0,1,1,9,0.217837,0.224577,0,0
35667,,1,0,1,1,0,1,1,9,0.212011,0.2181,0,0
35668,,11,0,1,1,0,1,1,9,0.211252,0.216723,0,0
35671,,11,0,1,1,0,1,1,8,0.229011,0.236303,0,0
35672,,19,0,1,1,0,1,1,10,0.162295,0.164913,0,0
35674,,15,0,1,1,0,1,1,8,0.217234,0.223577,0,0
35675,,11,0,1,1,0,1,1,9,0.21182,0.218077,0,0
35677,,6,0,1,1,0,1,1,8,0.247395,0.256736,0,0
35678,,11,0,1,1,0,1,1,9,0.211252,0.216723,0,0
35679,,11,0,1,1,0,1,1,9,0.211252,0.216723,0,0
35680,,11,0,1,1,0,1,1,9,0.211252,0.216723,0,0
35686,,7,0,1,1,0,1,1,9,0.201266,0.206193,0,0
35687,,11,0,1,1,0,1,1,8,0.246659,0.25616,0,0
35688,,7,0,1,1,0,1,1,1,1,1,0,0
35690,,8,0,1,1,0,1,1,8,0.233056,0.241283,0,0
35696,,1,0,1,1,0,1,1,8,0.229128,0.236488,0,0
35697,,1,0,1,1,0,1,1,8,0.229128,0.236488,0,0
35699,,24,0,1,1,0,1,1,9,0.199145,0.203856,0,0
35702,,1,0,1,1,0,1,1,8,0.229128,0.236488,0,0
35705,,16,0,1,1,0,1,1,8,0.236961,0.24442,0,0
35707,,5,0,1,1,0,1,1,8,0.227308,0.234453,0,0
35708,,8,0,1,1,0,1,1,9,0.209829,0.215268,0,0
35709,,12,0,1,1,0,1,1,9,0.208155,0.213697,0,0
35710,,8,0,2,2,0,2,2,9,0.223029,0.229784,0,1
35711,,1,0,1,1,0,1,1,8,0.229128,0.236488,0,0
35712,,7,0,1,1,0,1,1,9,0.216087,0.222461,0,0
35716,,11,0,1,1,0,1,1,9,0.207501,0.213249,0,0
35717,,0,0,1,1,0,1,1,9,0.192287,0.196258,0,0
35718,,8,0,1,1,0,1,1,9,0.21396,0.220365,0,0
35719,,529,0,1,1,0,1,1,1,1,1,0,0
35720,,529,1,0,1,1,0,1,0,0,0,0,0
35723,,7,0,1,1,0,1,1,9,0.239538,0.247501,0,0
35725,,8,0,1,1,0,1,1,9,0.231387,0.239068,0,0
35726,,8,0,1,1,0,1,1,1,1,1,0,0
35728,,24,0,1,1,0,1,1,9,0.216587,0.222886,0,0
35729,,10,0,1,1,0,1,1,9,0.19616,0.200485,0,0
35730,,16,0,1,1,0,1,1,9,0.214878,0.220568,0,0
35731,,13,0,1,1,0,1,1,9,0.218879,0.224876,0,0
35733,,9,0,1,1,0,1,1,10,0.164896,0.168023,0,0
35734,,11,0,1,1,0,1,1,8,0.251382,0.261452,0,0
35736,,8,0,1,1,0,1,1,8,0.262756,0.273466,0,0
35739,,11,0,1,1,0,1,1,9,0.225085,0.231702,0,0
35740,,11,0,1,1,0,1,1,9,0.211252,0.216723,0,0
35741,,11,0,1,1,0,1,1,9,0.211252,0.216723,0,0
35742,,11,0,1,1,0,1,1,9,0.211511,0.216772,0,0
35743,,11,0,1,1,0,1,1,9,0.229957,0.237934,0,0
35745,,9,0,1,1,0,1,1,10,0.164896,0.168023,0,0
35747,,9,0,2,2,0,2,2,9,0.199847,0.205116,0,1
35748,,8,0,1,1,0,1,1,9,0.21396,0.220365,0,0
35749,,8,0,2,2,0,2,2,8,0.271204,0.283708,0,0.5
35750,,530,0,1,1,0,1,1,1,1,1,0,0
35751,,530,1,0,1,1,0,1,0,0,0,0,0
35752,,8,0,1,1,0,1,1,9,0.192576,0.19678,0,0
35754,,16,0,1,1,0,1,1,10,0.180362,0.183808,0,0
35755,,8,0,1,1,0,1,1,9,0.219947,0.22675,0,0
35756,,7,0,1,1,0,1,1,9,0.218751,0.224866,0,0
35757,,19,0,1,1,0,1,1,9,0.188054,0.192248,0,0
35758,,7,0,1,1,0,1,1,8,0.233233,0.240201,0,0
35759,,7,0,1,1,0,1,1,9,0.222499,0.229441,0,0
35760,,1,0,3,3,0,3,3,8,0.263883,0.274907,0,0.833333
35761,,1,0,1,1,0,1,1,10,0.182021,0.185765,0,0
35762,,5,0,2,2,0,2,2,9,0.214677,0.22055,0,0
35763,,16,0,1,1,0,1,1,8,0.221262,0.228206,0,0
35768,,8,0,1,1,0,1,1,9,0.207282,0.212605,0,0
35769,,8,0,1,1,0,1,1,8,0.262756,0.273466,0,0
35771,,8,0,3,3,0,3,3,10,0.179231,0.183003,0,0
35772,,531,0,1,1,0,1,1,1,1,1,0,0
35773,,531,1,0,1,1,0,1,0,0,0,0,0
35774,,7,0,2,2,0,2,2,10,0.173773,0.17685,0,0
35775,,7,1,0,1,1,0,1,0,0,0,0,0
